DXEX v3
C:\Documents and Settings\LDA\My Documents\TM_SANTOS\Equipo_5\Trailer.lda
3:18:40 PM
0.00 mm;0.00 mm;1.00 mm
Region1
"Row#"	"AT [ms]"	"LDA1 [m/s]"	
1	2.382	-67.562
2	2.433	-66.188
3	3.081	-66.501
4	3.291	-65.518
5	3.953	-65.504
6	4.091	-66.820
7	4.264	-67.840
8	4.313	-72.811
9	4.334	-66.736
10	4.389	-66.080
11	4.425	-66.675
12	4.797	-65.291
13	4.838	-66.013
14	4.882	-66.287
15	4.914	-66.873
16	9.004	-66.777
17	9.368	-66.554
18	9.649	-67.178
19	10.056	-66.374
20	10.662	-66.374
21	11.751	-65.659
22	11.812	-67.433
23	11.995	-66.620
24	13.066	-66.262
25	13.389	-66.708
26	14.239	-67.354
27	14.291	-68.318
28	14.421	-67.212
29	14.590	-65.778
30	14.841	-66.810
31	15.040	-66.552
32	15.597	-67.538
33	15.828	-66.963
34	17.913	-66.994
35	18.810	-66.203
36	19.418	-67.026
37	19.592	-67.247
38	19.864	-67.304
39	20.098	-65.036
40	21.630	-67.335
41	21.963	-66.900
42	22.587	-67.221
43	22.647	-67.092
44	23.235	-66.928
45	24.663	-68.586
46	25.138	-68.136
47	26.604	-67.398
48	27.789	-67.462
49	27.847	-67.597
50	29.540	-67.431
51	30.820	-67.615
52	30.860	-68.649
53	30.877	-68.298
54	30.927	-68.318
55	30.941	-66.697
56	31.187	-66.724
57	31.491	-67.836
58	34.841	-65.822
59	36.043	-67.613
60	37.247	-65.915
61	38.991	-66.675
62	39.377	-67.008
63	39.487	-66.051
64	40.300	-67.454
65	40.305	-67.503
66	40.319	-67.075
67	41.065	-68.421
68	41.075	-67.168
69	41.282	-66.984
70	41.298	-66.313
71	41.346	-66.080
72	41.647	-66.771
73	42.660	-67.231
74	44.471	-66.730
75	44.779	-67.486
76	44.826	-66.248
77	44.946	-67.862
78	45.122	-67.417
79	45.306	-66.072
80	45.873	-65.870
81	46.110	-66.378
82	46.137	-67.108
83	46.441	-66.448
84	48.760	-66.726
85	48.838	-66.041
86	48.855	-65.698
87	48.866	-65.389
88	48.933	-66.219
89	49.256	-66.704
90	49.754	-66.458
91	52.048	-81.746
92	52.064	-66.560
93	53.985	-66.511
94	54.518	-66.199
95	54.703	-66.759
96	55.457	-65.589
97	57.150	-65.436
98	57.230	-65.267
99	57.510	-65.822
100	57.581	-65.712
101	58.570	-66.479
102	59.132	-65.138
103	59.236	-64.702
104	59.260	-66.867
105	60.651	-66.307
106	62.063	-66.603
107	62.539	-66.562
108	62.600	-66.286
109	63.097	-66.526
110	63.577	-65.900
111	63.817	-63.314
112	63.944	-66.540
113	64.125	-66.407
114	64.229	-66.039
115	64.518	-64.982
116	64.654	-66.569
117	64.731	-66.176
118	64.790	-66.963
119	65.081	-65.816
120	67.253	-66.039
121	67.345	-67.137
122	67.977	-67.462
123	70.399	-66.178
124	70.764	-66.742
125	73.391	-66.207
126	73.410	-66.840
127	73.700	-66.636
128	73.869	-65.812
129	74.927	-66.088
130	74.949	-66.800
131	78.644	-67.223
132	79.559	-63.987
133	79.653	-67.006
134	82.189	-67.388
135	82.267	-66.466
136	82.309	-67.719
137	82.352	-66.828
138	84.101	-67.026
139	84.211	-65.812
140	84.227	-65.328
141	84.362	-67.946
142	84.528	-66.977
143	85.747	-68.089
144	86.394	-66.726
145	86.464	-67.194
146	87.050	-67.431
147	87.135	-68.028
148	87.508	-67.771
149	87.604	-66.746
150	87.686	-67.938
151	88.455	-67.339
152	89.237	-66.624
153	89.510	-67.096
154	90.240	-67.272
155	90.379	-67.061
156	90.867	-67.110
157	91.155	-68.369
158	91.207	-67.272
159	92.449	-67.817
160	94.052	-66.407
161	94.086	-66.998
162	94.406	-65.336
163	95.075	-67.415
164	95.109	-67.362
165	95.224	-67.499
166	95.420	-67.121
167	96.093	-66.820
168	96.473	-67.045
169	96.562	-67.378
170	96.777	-67.039
171	97.745	-66.452
172	97.911	-67.114
173	97.954	-67.895
174	97.991	-66.370
175	98.009	-67.535
176	98.167	-67.435
177	98.668	-67.476
178	98.960	-65.841
179	99.073	-66.248
180	99.238	-66.395
181	99.727	-67.466
182	100.088	-67.701
183	100.179	-68.265
184	100.202	-67.472
185	100.206	-66.507
186	100.208	-67.188
187	100.312	-67.157
188	100.509	-67.566
189	100.642	-67.214
190	105.337	-66.767
191	105.342	-66.505
192	105.548	-67.462
193	106.181	-68.218
194	106.330	-66.996
195	106.526	-66.699
196	106.582	-66.900
197	106.784	-66.883
198	106.802	-66.101
199	106.990	-66.233
200	107.341	-67.634
201	107.361	-66.064
202	107.440	-66.763
203	107.694	-66.949
204	107.820	-66.244
205	108.472	-66.714
206	109.080	-65.495
207	109.208	-66.663
208	109.473	-66.939
209	109.569	-66.548
210	110.144	-66.877
211	110.963	-66.949
212	111.096	-66.573
213	111.305	-65.716
214	111.388	-67.531
215	111.440	-66.916
216	111.447	-66.325
217	111.477	-66.354
218	111.539	-66.967
219	111.866	-66.123
220	111.875	-66.129
221	111.907	-66.953
222	112.223	-66.703
223	112.233	-65.475
224	112.568	-65.616
225	112.920	-67.967
226	113.032	-66.086
227	113.380	-66.156
228	113.563	-66.364
229	113.983	-67.777
230	115.095	-66.657
231	115.714	-66.869
232	115.878	-66.626
233	116.933	-65.886
234	117.256	-66.826
235	117.296	-66.391
236	119.320	-66.765
237	119.350	-66.381
238	119.494	-67.648
239	119.567	-67.392
240	119.934	-67.754
241	120.159	-66.426
242	120.586	-66.916
243	121.046	-67.961
244	121.451	-67.429
245	121.935	-66.716
246	122.006	-66.703
247	123.247	-66.209
248	123.292	-68.605
249	123.663	-67.883
250	124.788	-65.471
251	124.831	-66.111
252	124.911	-66.851
253	124.914	-80.417
254	124.916	-66.235
255	125.584	-66.922
256	126.701	-66.190
257	126.944	-67.247
258	127.094	-65.021
259	127.130	-67.051
260	127.439	-66.959
261	128.355	-66.131
262	128.512	-66.051
263	128.676	-66.286
264	128.690	-66.426
265	130.982	-67.061
266	131.679	-66.824
267	133.085	-67.129
268	133.222	-67.006
269	135.672	-66.554
270	135.698	-66.497
271	135.786	-68.198
272	135.993	-67.190
273	136.215	-67.644
274	136.275	-67.646
275	136.384	-66.567
276	136.879	-67.182
277	136.940	-66.532
278	137.141	-67.413
279	137.556	-67.002
280	138.225	-66.849
281	138.531	-65.684
282	139.287	-67.672
283	140.195	-66.554
284	140.267	-65.095
285	142.402	-67.112
286	142.438	-67.061
287	143.764	-67.110
288	144.048	-67.523
289	144.070	-66.470
290	144.449	-66.894
291	144.517	-65.804
292	144.528	-66.926
293	145.374	-66.699
294	145.518	-95.750
295	145.541	-20.704
296	145.874	-67.480
297	145.931	-67.170
298	146.321	-66.013
299	147.803	-66.967
300	148.351	-66.896
301	148.545	-65.757
302	148.635	-67.681
303	148.818	-67.358
304	149.453	-66.426
305	149.632	-66.197
306	150.785	-66.640
307	151.166	-8.269
308	151.472	-67.145
309	152.428	-66.812
310	154.378	-67.585
311	154.445	-67.421
312	154.535	-66.751
313	154.542	-67.100
314	154.566	-63.462
315	154.856	-67.401
316	155.021	-66.536
317	155.284	-66.810
318	155.341	-65.990
319	155.777	-66.975
320	156.018	-65.786
321	156.283	-66.248
322	156.750	-67.031
323	156.831	-66.779
324	156.917	-66.109
325	156.999	-66.753
326	157.400	-66.299
327	157.488	-66.399
328	158.361	-65.992
329	158.538	-66.221
330	158.572	-66.605
331	158.586	-66.446
332	159.201	-67.648
333	159.483	-64.974
334	159.571	-66.603
335	160.182	-66.755
336	161.211	-67.000
337	164.715	-66.127
338	164.944	-67.687
339	165.095	-66.575
340	165.432	-67.905
341	166.884	-67.004
342	166.908	-66.354
343	166.956	-64.823
344	166.960	-66.043
345	167.013	-66.703
346	167.066	-66.062
347	167.078	-66.442
348	167.138	-66.462
349	167.162	-66.614
350	167.515	-65.403
351	167.631	-66.910
352	167.659	-66.254
353	168.055	-66.141
354	168.099	-66.908
355	168.296	-66.319
356	168.331	-67.086
357	168.414	-65.704
358	168.457	-66.567
359	168.722	-65.865
360	169.146	-66.432
361	169.243	-66.703
362	169.294	-66.716
363	169.916	-67.456
364	170.319	-67.018
365	171.382	-67.120
366	171.743	-66.775
367	171.773	-65.998
368	171.845	-66.470
369	171.880	-66.053
370	171.936	-68.132
371	172.610	-66.313
372	172.622	-66.589
373	173.297	-66.182
374	174.514	-65.189
375	175.041	-66.836
376	176.093	-60.980
377	176.300	-66.117
378	176.327	-69.007
379	176.411	-67.082
380	176.429	-65.839
381	177.004	-67.086
382	177.162	-66.307
383	177.175	-66.644
384	177.316	-65.892
385	177.548	-65.577
386	178.136	-65.761
387	178.228	-66.409
388	181.045	-65.457
389	181.062	-66.798
390	182.830	-83.518
391	183.021	-64.823
392	184.061	-66.718
393	184.281	-67.470
394	184.451	-66.101
395	185.138	-67.155
396	185.821	-65.571
397	186.242	-67.705
398	186.262	-65.132
399	186.365	-65.641
400	186.418	-66.644
401	186.472	-66.718
402	186.739	-66.982
403	187.084	-24.751
404	187.224	-65.665
405	187.329	-65.992
406	187.350	-65.056
407	188.585	-65.694
408	191.288	-66.517
409	191.453	-66.299
410	191.581	-66.262
411	192.900	-67.257
412	194.057	-66.272
413	194.327	-65.984
414	194.484	-66.119
415	194.524	-62.875
416	195.103	-65.841
417	195.105	-66.374
418	196.273	-66.340
419	196.857	-66.188
420	197.900	-65.870
421	198.792	-67.028
422	199.891	-52.458
423	200.597	-67.098
424	200.760	-66.327
425	200.843	-67.691
426	200.855	-66.816
427	200.979	-66.992
428	201.059	-65.465
429	201.180	-66.957
430	201.230	-67.121
431	201.713	-66.562
432	201.782	-67.817
433	201.952	-68.200
434	201.969	-66.145
435	201.991	-66.517
436	202.031	-67.493
437	202.207	-66.595
438	202.212	-68.030
439	202.641	-67.437
440	206.336	-66.716
441	207.620	-67.300
442	207.906	-67.063
443	208.625	-66.354
444	208.904	-66.595
445	208.958	-67.243
446	209.176	-67.930
447	210.419	-66.193
448	215.908	-65.849
449	215.912	-66.049
450	215.918	-66.131
451	215.944	-67.104
452	215.990	-67.292
453	216.029	-66.656
454	216.063	-66.299
455	216.070	-65.823
456	216.109	-66.994
457	216.961	-67.362
458	217.803	-66.795
459	218.893	-67.043
460	219.298	-67.676
461	219.367	-66.855
462	219.536	-67.507
463	219.586	-66.530
464	219.602	-67.631
465	219.946	-67.225
466	221.121	-67.286
467	221.188	-66.718
468	222.568	-67.071
469	223.129	-66.403
470	223.206	-66.473
471	223.246	-66.393
472	223.292	-66.213
473	223.659	-66.957
474	224.040	-66.822
475	224.177	-66.996
476	224.563	-67.965
477	225.299	-66.898
478	225.310	-67.468
479	226.430	-66.587
480	226.623	-65.436
481	227.492	-66.560
482	227.612	-66.898
483	227.774	-64.974
484	227.987	-66.240
485	228.275	-66.775
486	228.542	-66.446
487	229.485	-73.956
488	229.555	-65.998
489	229.676	-66.242
490	229.797	-66.935
491	231.214	-63.621
492	232.966	-67.190
493	233.383	-66.689
494	233.486	-66.607
495	233.713	-65.148
496	233.741	-66.644
497	234.058	-65.988
498	234.374	-66.137
499	234.792	-67.210
500	234.991	-42.894
501	235.003	-66.254
502	235.024	-65.998
503	235.068	-66.581
504	235.856	-66.004
505	240.105	-66.119
506	241.923	-65.919
507	242.028	-65.912
508	242.102	-66.358
509	242.240	-66.430
510	242.966	-66.311
511	243.161	-66.511
512	243.212	-67.290
513	248.169	-67.284
514	248.281	-94.971
515	248.614	-66.428
516	251.259	-65.917
517	251.830	-66.004
518	252.037	-66.364
519	252.933	-66.957
520	253.254	-66.532
521	253.600	-66.849
522	253.854	-66.828
523	253.921	-65.408
524	253.934	-66.264
525	253.941	-67.460
526	253.993	-66.483
527	254.067	-66.687
528	254.275	-68.772
529	255.780	-84.691
530	256.017	-67.642
531	256.940	-65.281
532	257.158	-66.291
533	257.268	-66.027
534	257.370	-65.943
535	257.391	-66.470
536	257.845	-66.154
537	258.245	-65.581
538	258.435	-88.978
539	258.463	-65.704
540	258.489	-67.358
541	258.837	-66.473
542	259.064	-66.979
543	260.461	-66.039
544	260.622	-67.092
545	260.659	-67.110
546	260.738	-66.902
547	260.984	-64.441
548	261.019	-67.165
549	262.861	-66.346
550	266.428	-66.751
551	268.445	-66.491
552	269.784	-66.892
553	271.784	-67.157
554	271.919	-66.644
555	271.956	-69.238
556	271.963	-67.427
557	272.382	-66.785
558	272.440	-67.535
559	272.705	-66.622
560	272.852	-65.847
561	272.961	-67.188
562	274.101	-68.406
563	274.132	-82.572
564	274.349	-66.636
565	276.808	-66.618
566	276.893	-67.186
567	277.165	-66.810
568	277.347	-67.650
569	277.401	-67.443
570	278.036	-71.086
571	278.156	-66.562
572	278.240	-68.032
573	278.256	-67.075
574	279.190	-66.080
575	279.194	-66.898
576	279.226	-66.704
577	279.231	-66.417
578	282.210	-66.812
579	282.214	-67.411
580	282.235	-67.466
581	282.427	-66.998
582	282.586	-66.804
583	284.371	-66.973
584	284.420	-67.493
585	284.592	-66.853
586	286.701	-66.691
587	287.442	-66.612
588	287.612	-67.204
589	287.761	-66.804
590	287.796	-67.578
591	288.026	-67.605
592	288.263	-67.323
593	288.452	-66.775
594	288.595	-66.796
595	288.791	-67.012
596	288.978	-67.170
597	289.055	-66.565
598	289.540	-67.102
599	290.299	-67.129
600	290.364	-67.037
601	290.687	-67.364
602	290.854	-67.278
603	291.053	-66.315
604	291.335	-66.667
605	291.376	-67.605
606	291.457	-67.260
607	291.763	-67.163
608	293.227	-66.295
609	293.248	-66.937
610	293.300	-67.214
611	294.371	-65.354
612	296.328	-67.118
613	296.657	-66.659
614	296.826	-67.611
615	297.015	-68.386
616	297.896	-2.188
617	298.246	-66.646
618	298.324	-66.616
619	298.350	-67.309
620	298.536	-67.268
621	298.761	-66.607
622	299.201	-66.783
623	299.288	-66.605
624	299.752	-69.189
625	300.077	-67.711
626	300.153	-66.209
627	300.181	-68.057
628	300.182	-66.168
629	301.295	-67.670
630	302.739	-66.896
631	303.449	-66.961
632	303.667	-66.534
633	306.125	-67.376
634	306.375	-66.677
635	306.855	-66.871
636	307.365	-67.024
637	307.781	-43.793
638	308.340	-66.158
639	308.436	-66.840
640	308.472	-67.607
641	308.697	-68.004
642	308.895	-66.873
643	308.904	-66.875
644	309.763	-67.031
645	309.895	-67.116
646	310.057	-65.773
647	310.133	-66.240
648	310.147	-67.229
649	310.390	-67.159
650	310.819	-66.272
651	310.838	-66.736
652	311.859	-66.654
653	316.137	-67.654
654	316.388	-67.088
655	316.445	-66.280
656	316.462	-68.175
657	316.497	-66.873
658	316.598	-68.253
659	317.160	-66.137
660	317.460	-67.703
661	317.783	-67.161
662	317.846	-67.495
663	318.029	-66.426
664	318.079	-66.041
665	318.096	-65.990
666	318.292	-67.029
667	318.324	-66.002
668	318.327	-68.098
669	319.226	-67.736
670	319.276	-67.168
671	319.378	-67.429
672	319.529	-67.766
673	319.640	-67.151
674	319.691	-6.724
675	319.704	-66.855
676	319.706	-68.625
677	319.710	-65.344
678	319.810	-66.640
679	319.857	-67.192
680	319.893	-66.894
681	321.038	-66.953
682	321.201	-65.970
683	321.269	-67.327
684	321.302	-66.252
685	321.379	-66.622
686	321.818	-65.976
687	321.949	-67.399
688	322.131	-66.430
689	324.837	-67.441
690	324.914	-67.270
691	325.746	-63.351
692	326.020	-67.071
693	326.049	-67.286
694	326.291	-64.385
695	326.295	-68.002
696	326.364	-67.006
697	326.387	-66.473
698	326.408	-66.526
699	326.463	-66.703
700	326.470	-67.867
701	326.779	-66.838
702	327.025	-50.760
703	328.496	-67.728
704	329.869	-69.246
705	330.963	-66.667
706	330.970	-67.174
707	331.350	-67.881
708	331.793	-67.627
709	332.155	-68.766
710	332.188	-67.167
711	332.711	-66.736
712	333.494	-66.714
713	333.506	-68.899
714	333.713	-67.488
715	333.855	-67.233
716	334.030	-67.037
717	334.370	-66.724
718	336.209	-67.621
719	336.654	-67.785
720	336.807	-68.049
721	339.122	-68.327
722	339.492	-67.629
723	339.910	-67.562
724	340.043	-68.813
725	340.196	-67.730
726	345.144	-67.172
727	345.458	-66.961
728	345.613	-66.379
729	345.646	-67.423
730	345.829	-67.448
731	345.887	-66.513
732	346.213	-66.280
733	346.245	-66.820
734	346.336	-67.227
735	346.559	-67.840
736	346.592	-67.296
737	349.564	-66.885
738	349.627	-66.618
739	349.672	-66.967
740	349.777	-66.883
741	350.035	-66.802
742	350.047	-67.149
743	350.243	-68.985
744	350.455	-67.625
745	354.416	-66.918
746	354.624	-66.235
747	354.820	-66.317
748	355.049	-66.704
749	355.652	-67.002
750	355.660	-66.853
751	356.559	-67.723
752	356.726	-67.190
753	357.117	-67.196
754	357.476	-66.614
755	357.563	-66.387
756	359.291	-65.943
757	359.369	-68.016
758	359.481	-67.110
759	359.494	-67.450
760	361.513	-67.897
761	361.551	-65.927
762	361.573	-67.351
763	361.653	-15.062
764	361.680	-67.871
765	362.617	-67.259
766	362.956	-67.088
767	363.272	-64.377
768	363.398	-66.432
769	363.693	-68.418
770	363.760	-66.896
771	363.909	-67.292
772	365.600	-66.495
773	365.712	-66.178
774	365.796	-67.120
775	365.873	-66.810
776	367.112	-67.035
777	367.195	-66.133
778	367.203	-66.481
779	367.264	-66.836
780	367.361	-66.685
781	367.406	-67.176
782	367.411	-67.155
783	367.505	-66.789
784	367.553	-66.892
785	367.560	-66.581
786	367.577	-67.139
787	367.710	-66.924
788	369.325	-67.196
789	369.637	-67.182
790	369.737	-68.451
791	369.971	-66.397
792	370.214	-66.699
793	371.086	-67.623
794	371.152	-67.437
795	371.341	-66.779
796	371.543	-66.583
797	371.580	-67.670
798	372.538	-66.777
799	372.715	-67.302
800	372.846	-66.644
801	373.043	-67.184
802	373.531	-65.994
803	374.414	-66.834
804	374.518	-67.356
805	375.270	-67.836
806	377.292	-66.726
807	377.893	-68.490
808	378.056	-65.929
809	379.725	-68.758
810	380.053	-67.476
811	381.970	-67.642
812	382.088	-67.564
813	382.344	-67.578
814	382.453	-67.621
815	382.486	-67.033
816	382.629	-67.617
817	382.679	-66.460
818	383.833	-67.777
819	384.072	-66.843
820	384.855	-68.091
821	385.332	-68.273
822	386.350	-67.627
823	387.398	-66.356
824	387.974	-66.959
825	388.519	-66.051
826	388.849	-66.501
827	389.048	-98.979
828	389.646	-67.028
829	389.877	-66.781
830	390.163	-66.434
831	390.193	-66.855
832	390.571	-67.094
833	390.583	-67.219
834	390.813	-67.542
835	391.055	-67.118
836	391.169	-66.407
837	391.281	-67.104
838	391.665	-68.390
839	391.880	-66.423
840	392.363	-67.039
841	392.431	-66.889
842	392.437	-67.627
843	393.919	-66.992
844	395.056	-67.182
845	395.213	-67.110
846	395.266	-69.737
847	395.531	-67.043
848	395.685	-66.949
849	396.252	-91.948
850	396.905	-66.695
851	397.099	-68.010
852	397.200	-66.863
853	397.585	-67.382
854	397.637	-64.641
855	397.808	-65.074
856	397.926	-67.591
857	398.131	-67.556
858	399.509	-66.587
859	399.582	-90.723
860	400.412	-67.726
861	400.519	-67.748
862	400.527	-66.168
863	401.210	-67.668
864	401.529	-67.570
865	401.833	-66.981
866	402.235	-67.511
867	402.616	-67.061
868	403.187	-66.111
869	403.312	-67.143
870	403.501	-69.259
871	403.819	-66.728
872	403.959	-67.018
873	404.552	-67.045
874	404.642	-67.073
875	404.752	-68.155
876	405.390	-68.429
877	405.531	-67.766
878	405.722	-67.204
879	406.215	-67.259
880	406.315	-67.963
881	406.704	-67.163
882	406.823	-68.067
883	407.352	-67.255
884	407.391	-66.528
885	408.332	-67.192
886	408.577	-66.015
887	410.079	-66.855
888	410.226	-67.670
889	410.546	-66.607
890	410.586	-67.431
891	410.604	-66.935
892	411.065	-67.407
893	411.181	-67.331
894	411.358	-67.278
895	411.673	-67.505
896	411.746	-67.570
897	411.813	-67.629
898	412.052	-67.480
899	412.118	-66.706
900	412.144	-67.131
901	412.172	-66.996
902	412.576	-67.080
903	413.663	-67.168
904	413.692	-67.059
905	413.967	-66.518
906	415.292	-67.053
907	415.903	-66.937
908	416.689	-67.080
909	416.932	-66.673
910	416.935	-67.646
911	417.131	-67.272
912	418.115	-68.143
913	418.283	-67.319
914	419.025	-67.204
915	419.991	-67.315
916	419.996	-67.932
917	420.114	-67.120
918	420.306	-67.315
919	420.663	-67.313
920	422.261	-67.035
921	422.320	-67.952
922	422.927	-67.022
923	423.303	-66.740
924	423.380	-65.747
925	423.742	-66.393
926	424.433	-66.828
927	427.013	-66.932
928	427.087	-66.047
929	427.176	-65.990
930	427.249	-67.311
931	427.533	-48.035
932	428.182	-67.515
933	429.279	-67.290
934	429.611	-67.135
935	429.770	-67.382
936	429.986	-66.996
937	430.113	-66.186
938	430.642	-66.614
939	430.837	-66.520
940	431.965	-66.761
941	432.387	-66.787
942	432.549	-67.167
943	432.642	-66.609
944	432.705	-65.988
945	432.715	-67.672
946	432.888	-66.726
947	433.376	-66.620
948	433.383	-66.135
949	433.905	-66.086
950	434.113	-66.317
951	434.204	-67.145
952	434.220	-66.291
953	434.351	-66.892
954	434.369	-66.481
955	434.668	-66.689
956	434.711	-66.703
957	434.741	-67.552
958	434.775	-65.796
959	434.912	-66.346
960	435.016	-66.824
961	435.048	-65.912
962	438.003	-67.268
963	438.182	-67.415
964	438.657	-65.886
965	439.197	-66.058
966	439.938	-67.548
967	440.229	-67.862
968	440.786	-66.520
969	442.347	-66.399
970	442.360	-66.855
971	443.187	-67.131
972	443.305	-66.656
973	443.317	-66.054
974	443.387	-66.074
975	443.598	-67.080
976	443.894	-66.374
977	444.772	-66.565
978	445.326	-67.309
979	445.667	-66.791
980	446.015	-67.382
981	446.274	-66.544
982	446.293	-67.681
983	446.371	-66.573
984	446.434	-65.551
985	446.441	-67.039
986	446.577	-67.343
987	447.771	-66.254
988	447.834	-65.857
989	448.326	-66.456
990	448.412	-78.097
991	448.498	-67.599
992	449.309	-66.125
993	450.102	-65.383
994	450.646	-66.530
995	451.863	-66.996
996	452.226	-67.746
997	452.397	-68.014
998	452.420	-66.982
999	452.894	-66.783
1000	453.206	-66.260
1001	453.214	-67.214
1002	453.701	-66.511
1003	453.841	-67.313
1004	453.883	-66.450
1005	458.420	-67.703
1006	458.701	-66.945
1007	458.911	-66.806
1008	459.028	-66.847
1009	460.842	-67.660
1010	461.289	-66.252
1011	461.376	-67.096
1012	461.442	-66.851
1013	461.465	-66.710
1014	461.516	-66.327
1015	461.833	-66.875
1016	461.856	-66.789
1017	461.868	-67.167
1018	462.337	-66.981
1019	462.341	-68.279
1020	462.619	-66.730
1021	462.665	-67.010
1022	462.746	-66.828
1023	462.767	-66.875
1024	465.597	-66.520
1025	466.081	-67.155
1026	466.445	-67.368
1027	466.699	-67.435
1028	467.361	-66.677
1029	467.583	-66.072
1030	467.880	-66.939
1031	467.955	-66.716
1032	468.599	-66.419
1033	468.654	-67.153
1034	468.788	-66.000
1035	468.800	-67.544
1036	468.879	-67.676
1037	468.955	-65.941
1038	468.969	-65.305
1039	469.470	-68.766
1040	470.022	-67.186
1041	470.654	-67.262
1042	470.706	-66.197
1043	470.727	-66.657
1044	470.951	-66.601
1045	471.811	-66.558
1046	474.111	-67.697
1047	474.320	-66.656
1048	476.336	-66.699
1049	476.347	-66.497
1050	477.896	-31.415
1051	478.280	-68.065
1052	478.499	-66.098
1053	478.730	-66.354
1054	479.714	-66.389
1055	480.717	-66.824
1056	481.011	-66.458
1057	481.053	-66.460
1058	481.117	-66.556
1059	481.605	-67.388
1060	485.833	-67.176
1061	486.055	-66.199
1062	486.564	-66.276
1063	486.797	-67.650
1064	487.041	-64.919
1065	487.265	-65.632
1066	487.334	-66.135
1067	487.460	-66.691
1068	487.465	-66.595
1069	487.488	-66.117
1070	487.532	-73.619
1071	487.557	-66.763
1072	488.106	-66.489
1073	488.113	-66.286
1074	488.233	-66.307
1075	488.265	-68.116
1076	489.039	-66.258
1077	489.116	-66.098
1078	489.857	-67.214
1079	489.935	-66.838
1080	490.082	-67.198
1081	490.184	-66.378
1082	490.228	-19.741
1083	490.236	-66.540
1084	490.336	-68.398
1085	490.525	-67.170
1086	490.527	-63.179
1087	490.632	-66.244
1088	490.714	-68.895
1089	490.725	-65.252
1090	490.841	-66.605
1091	490.894	-66.383
1092	490.962	-65.469
1093	492.347	-66.859
1094	492.470	-66.751
1095	492.544	-65.849
1096	492.838	-66.791
1097	492.875	-67.028
1098	492.914	-66.816
1099	493.212	-65.722
1100	493.842	-66.258
1101	494.773	-66.822
1102	494.867	-66.881
1103	496.849	-67.159
1104	498.012	-66.718
1105	499.483	-66.612
1106	499.749	-66.624
1107	502.176	-66.444
1108	502.432	-66.117
1109	502.915	-66.965
1110	503.000	-67.742
1111	503.088	-65.612
1112	503.143	-66.342
1113	503.150	-66.070
1114	503.219	-65.776
1115	503.256	-66.354
1116	503.309	-66.669
1117	503.805	-65.477
1118	503.966	-66.045
1119	506.828	-66.184
1120	507.269	-66.147
1121	508.947	-66.088
1122	509.042	-68.290
1123	509.629	-67.574
1124	510.532	-66.444
1125	512.453	-66.763
1126	512.580	-67.000
1127	513.460	-66.147
1128	513.689	-67.454
1129	513.801	-68.130
1130	514.293	-67.319
1131	514.673	-66.113
1132	514.708	-67.873
1133	515.031	-66.393
1134	515.060	-67.854
1135	515.181	-67.368
1136	515.293	-66.834
1137	515.343	-67.178
1138	516.418	-68.566
1139	516.590	-66.378
1140	516.701	-66.147
1141	516.936	-67.507
1142	516.991	-66.399
1143	517.235	-66.755
1144	517.679	-66.683
1145	518.119	-66.209
1146	518.179	-66.589
1147	518.303	-66.765
1148	519.064	-66.614
1149	519.182	-67.693
1150	519.187	-66.744
1151	519.202	-66.168
1152	519.218	-66.565
1153	520.717	-66.481
1154	520.918	-66.898
1155	522.843	-68.349
1156	522.847	-66.703
1157	522.910	-66.914
1158	522.931	-67.029
1159	522.956	-67.088
1160	523.610	-67.670
1161	523.772	-67.008
1162	524.054	-67.413
1163	525.232	-67.086
1164	525.303	-66.168
1165	525.391	-66.638
1166	525.462	-85.215
1167	525.587	-69.228
1168	525.638	-66.389
1169	525.678	-68.615
1170	526.822	-67.799
1171	527.305	-66.706
1172	527.511	-66.990
1173	528.562	-67.184
1174	528.870	-67.912
1175	528.898	-66.975
1176	528.909	-67.732
1177	529.155	-66.013
1178	529.378	-66.542
1179	529.805	-87.717
1180	530.132	-67.785
1181	530.399	-66.720
1182	531.611	-66.892
1183	531.670	-66.742
1184	531.777	-65.730
1185	531.854	-65.974
1186	533.126	-66.501
1187	533.838	-66.383
1188	534.011	-66.158
1189	534.270	-66.301
1190	534.736	-68.106
1191	535.137	-66.843
1192	535.157	-66.595
1193	535.575	-67.108
1194	535.735	-71.025
1195	535.756	-66.135
1196	536.705	-66.930
1197	538.476	-66.947
1198	538.584	-66.984
1199	538.679	-66.748
1200	538.687	-66.254
1201	538.729	-67.950
1202	538.820	-67.503
1203	538.839	-66.542
1204	539.913	-67.098
1205	540.250	-66.466
1206	542.227	-66.775
1207	542.437	-67.221
1208	543.452	-66.501
1209	543.513	-67.309
1210	543.516	-66.125
1211	543.744	-66.869
1212	544.689	-67.331
1213	544.738	-69.555
1214	544.852	-66.542
1215	544.893	-67.167
1216	545.048	-66.740
1217	545.094	-67.351
1218	545.272	-57.744
1219	545.714	-66.748
1220	546.388	-66.892
1221	546.424	-93.824
1222	546.634	-66.730
1223	546.726	-67.069
1224	547.672	-66.518
1225	547.687	-66.573
1226	548.676	-65.164
1227	548.706	-67.748
1228	548.771	-68.500
1229	548.810	-67.100
1230	549.004	-66.738
1231	549.894	-67.157
1232	551.481	-67.678
1233	551.925	-66.710
1234	552.251	-47.706
1235	552.334	-66.082
1236	553.216	-89.150
1237	554.075	-67.084
1238	555.200	-66.160
1239	555.205	-66.215
1240	555.726	-66.190
1241	555.788	-66.033
1242	555.891	-66.808
1243	555.937	-66.315
1244	556.020	-66.744
1245	556.517	-66.327
1246	557.056	-66.889
1247	557.148	-59.780
1248	557.240	-82.848
1249	557.425	-65.890
1250	557.429	-75.867
1251	557.636	-65.790
1252	557.953	-67.540
1253	560.910	-67.020
1254	561.033	-66.497
1255	561.080	-66.497
1256	561.408	-66.491
1257	561.519	-65.865
1258	561.946	-66.757
1259	561.983	-66.070
1260	563.906	-65.818
1261	565.162	-65.865
1262	565.244	-66.953
1263	565.411	-66.495
1264	568.351	-66.407
1265	568.369	-65.154
1266	569.147	-66.779
1267	569.792	-66.875
1268	570.299	-66.009
1269	570.321	-67.411
1270	570.367	-66.184
1271	570.406	-66.176
1272	570.798	-66.548
1273	571.084	-65.696
1274	571.512	-66.910
1275	571.854	-65.589
1276	572.393	-66.988
1277	573.100	-66.064
1278	573.343	-85.298
1279	574.675	-66.264
1280	575.116	-67.364
1281	575.151	-66.912
1282	576.388	-66.777
1283	578.415	-67.374
1284	579.950	-66.697
1285	580.874	-65.639
1286	581.209	-66.458
1287	581.603	-67.043
1288	581.891	-67.640
1289	581.947	-65.880
1290	583.820	-67.380
1291	583.896	-66.785
1292	584.497	-67.676
1293	584.548	-66.808
1294	584.568	-66.990
1295	585.021	-67.329
1296	585.567	-66.930
1297	585.974	-66.879
1298	585.981	-66.934
1299	586.067	-66.579
1300	586.115	-66.873
1301	587.774	-65.602
1302	588.959	-66.969
1303	589.164	-67.120
1304	592.089	-68.055
1305	592.385	-66.274
1306	592.850	-68.132
1307	593.503	-66.922
1308	594.357	-67.621
1309	594.583	-67.309
1310	594.795	-66.746
1311	594.838	-67.016
1312	594.971	-66.027
1313	594.999	-67.351
1314	596.474	-68.641
1315	596.907	-67.685
1316	597.148	-66.601
1317	597.901	-67.460
1318	598.803	-66.865
1319	599.348	-65.659
1320	600.540	-66.215
1321	601.035	-66.849
1322	601.113	-66.569
1323	601.516	-65.457
1324	601.849	-65.843
1325	602.191	-97.307
1326	602.235	-67.004
1327	602.268	-67.288
1328	602.422	-66.751
1329	602.535	-65.919
1330	602.607	-67.184
1331	602.633	-66.274
1332	603.295	-67.954
1333	603.311	-69.351
1334	603.327	-67.435
1335	603.374	-65.976
1336	603.497	-66.812
1337	603.509	-66.757
1338	603.740	-66.327
1339	603.820	-68.604
1340	604.075	-66.716
1341	604.272	-67.499
1342	608.650	-66.642
1343	608.939	-66.233
1344	609.045	-65.914
1345	609.049	-67.157
1346	609.121	-66.524
1347	609.174	-68.087
1348	609.182	-67.386
1349	610.426	-65.726
1350	610.902	-66.975
1351	611.052	-66.426
1352	611.519	-67.288
1353	611.569	-67.427
1354	612.278	-66.577
1355	612.372	-66.188
1356	612.638	-66.452
1357	613.283	-65.753
1358	613.991	-66.336
1359	614.009	-67.537
1360	614.482	-67.120
1361	615.316	-67.223
1362	617.300	-66.252
1363	617.567	-67.219
1364	618.325	-67.174
1365	619.666	-66.405
1366	622.077	-66.628
1367	623.065	-67.029
1368	623.072	-66.646
1369	623.186	-66.693
1370	623.702	-66.378
1371	624.917	-66.444
1372	624.966	-66.268
1373	624.978	-66.728
1374	625.091	-69.068
1375	625.699	-59.478
1376	627.380	-64.396
1377	630.305	-66.634
1378	631.139	-66.397
1379	631.487	-66.881
1380	631.917	-66.293
1381	632.006	-66.865
1382	632.099	-67.781
1383	632.987	-66.969
1384	638.139	-65.538
1385	638.520	-67.170
1386	639.163	-66.775
1387	639.251	-66.879
1388	640.004	-66.906
1389	640.480	-67.353
1390	640.713	-66.659
1391	640.971	-66.793
1392	641.319	-66.068
1393	641.481	-67.053
1394	641.640	-66.779
1395	641.706	-66.898
1396	641.729	-66.648
1397	641.759	-67.609
1398	641.883	-66.910
1399	643.268	-66.724
1400	643.476	-67.186
1401	643.503	-66.796
1402	644.232	-66.252
1403	644.962	-67.290
1404	645.412	-67.010
1405	646.325	-65.961
1406	646.359	-66.401
1407	646.747	-66.311
1408	647.526	-66.379
1409	647.648	-66.221
1410	647.661	-7.384
1411	647.889	-65.491
1412	648.387	-67.112
1413	648.729	-65.782
1414	648.741	-66.771
1415	649.793	-66.536
1416	651.183	-67.071
1417	651.279	-67.055
1418	652.060	-66.522
1419	652.223	-66.777
1420	652.509	-67.170
1421	652.524	-66.058
1422	652.651	-66.708
1423	652.721	-67.121
1424	654.950	-66.503
1425	655.035	-67.697
1426	655.062	-66.284
1427	655.088	-83.657
1428	657.113	-66.828
1429	657.430	-67.266
1430	657.714	-67.163
1431	657.737	-66.922
1432	659.318	-67.037
1433	659.999	-66.538
1434	660.708	-66.370
1435	660.913	-67.521
1436	661.277	-66.683
1437	661.388	-66.789
1438	661.469	-66.847
1439	661.592	-66.458
1440	661.782	-67.233
1441	661.932	-66.622
1442	661.940	-66.587
1443	661.962	-67.627
1444	662.138	-65.972
1445	662.300	-66.740
1446	662.416	-65.961
1447	662.704	-65.029
1448	662.725	-67.245
1449	662.924	-67.241
1450	663.462	-67.840
1451	663.689	-67.574
1452	664.049	-67.325
1453	665.929	-66.959
1454	665.995	-66.554
1455	666.001	-66.928
1456	666.016	-67.450
1457	666.022	-66.258
1458	668.202	-65.632
1459	668.283	-66.554
1460	668.605	-67.102
1461	669.055	-67.067
1462	669.963	-66.996
1463	670.018	-67.679
1464	670.038	-67.047
1465	670.435	-67.141
1466	670.460	-67.521
1467	670.512	-66.624
1468	670.545	-66.256
1469	670.616	-66.131
1470	670.628	-67.076
1471	670.646	-67.026
1472	670.943	-66.479
1473	671.492	-67.562
1474	671.578	-66.740
1475	672.001	-67.623
1476	673.550	-66.812
1477	673.583	-66.928
1478	673.602	-66.920
1479	673.626	-67.121
1480	673.658	-67.274
1481	673.675	-66.587
1482	673.699	-67.781
1483	673.749	-64.647
1484	673.869	-67.413
1485	674.403	-66.458
1486	674.803	-67.065
1487	676.059	-58.104
1488	676.110	-67.501
1489	676.117	-67.341
1490	678.025	-90.591
1491	678.214	-68.611
1492	679.129	-66.816
1493	679.209	-67.836
1494	680.364	-66.311
1495	680.385	-66.881
1496	682.258	-67.233
1497	682.371	-65.892
1498	682.718	-69.498
1499	682.737	-89.896
1500	682.825	-66.969
1501	682.899	-65.389
1502	682.968	-67.339
1503	683.322	-67.143
1504	683.543	-66.624
1505	686.973	-66.679
1506	687.486	-67.110
1507	688.170	-66.518
1508	688.438	-65.962
1509	688.479	-67.742
1510	688.939	-67.601
1511	689.089	-65.148
1512	689.417	-66.473
1513	690.582	-68.002
1514	690.643	-67.069
1515	690.769	-65.500
1516	690.928	-66.959
1517	692.403	-67.035
1518	693.388	-67.282
1519	693.611	-66.256
1520	693.692	-67.037
1521	693.806	-67.638
1522	693.929	-66.415
1523	694.320	-67.584
1524	694.625	-67.073
1525	694.661	-66.798
1526	694.829	-67.413
1527	694.873	-66.998
1528	696.126	-94.852
1529	696.236	-67.110
1530	696.384	-66.332
1531	696.586	-66.975
1532	696.789	-66.221
1533	697.098	-65.498
1534	697.199	-67.437
1535	697.451	-48.098
1536	697.507	-67.631
1537	697.977	-67.703
1538	697.997	-67.936
1539	698.111	-67.016
1540	698.430	-66.567
1541	698.598	-67.243
1542	698.873	-66.947
1543	698.977	-66.677
1544	699.054	-66.479
1545	699.638	-67.098
1546	699.829	-67.492
1547	704.016	-77.259
1548	704.177	-66.883
1549	704.241	-67.779
1550	704.707	-67.259
1551	705.510	-66.818
1552	705.556	-67.815
1553	705.841	-66.505
1554	707.937	-66.975
1555	708.128	-66.378
1556	708.575	-65.683
1557	708.586	-66.822
1558	709.285	-66.939
1559	709.366	-66.201
1560	709.660	-67.533
1561	710.614	-67.121
1562	711.182	-66.861
1563	711.325	-66.908
1564	711.647	-67.031
1565	712.574	-66.945
1566	712.617	-66.554
1567	712.829	-65.957
1568	713.561	-67.147
1569	713.595	-66.734
1570	713.860	-65.156
1571	713.973	-64.958
1572	714.840	-65.825
1573	714.949	-66.147
1574	715.194	-66.704
1575	715.517	-66.264
1576	716.266	-66.765
1577	716.438	-66.115
1578	717.105	-67.562
1579	719.983	-66.419
1580	720.039	-66.838
1581	720.122	-66.008
1582	720.369	-66.368
1583	720.981	-66.411
1584	721.926	-66.466
1585	721.954	-66.883
1586	722.115	-66.475
1587	722.616	-66.777
1588	723.043	-67.278
1589	723.174	-66.473
1590	724.155	-66.863
1591	724.217	-66.421
1592	724.851	-66.096
1593	726.097	-66.593
1594	726.632	-66.951
1595	726.691	-66.072
1596	727.578	-66.832
1597	727.825	-67.311
1598	729.388	-66.873
1599	730.546	-67.028
1600	730.636	-66.957
1601	731.445	-68.032
1602	731.683	-66.229
1603	731.704	-66.013
1604	731.969	-69.970
1605	733.606	-64.202
1606	734.102	-67.905
1607	734.254	-66.757
1608	734.325	-66.282
1609	734.363	-67.321
1610	734.537	-66.575
1611	735.710	-67.317
1612	736.038	-66.887
1613	741.612	-67.061
1614	741.905	-67.096
1615	741.909	-66.393
1616	742.001	-66.248
1617	742.085	-65.267
1618	742.129	-66.379
1619	742.151	-66.403
1620	742.426	-67.229
1621	744.681	-66.832
1622	745.518	-66.452
1623	747.309	-66.520
1624	747.602	-67.501
1625	748.217	-66.366
1626	748.226	-66.816
1627	751.259	-66.366
1628	754.778	-80.932
1629	755.881	-67.476
1630	757.701	-67.775
1631	757.905	-66.863
1632	759.804	-66.765
1633	760.021	-67.382
1634	762.246	-66.411
1635	762.348	-67.730
1636	762.585	-66.491
1637	762.595	-67.912
1638	762.643	-66.957
1639	762.647	-67.836
1640	763.536	-65.506
1641	763.559	-66.616
1642	763.661	-66.916
1643	763.712	-66.564
1644	763.774	-66.472
1645	763.806	-67.116
1646	764.383	-67.139
1647	764.392	-67.975
1648	764.516	-67.517
1649	764.534	-67.611
1650	764.631	-67.529
1651	765.405	-66.262
1652	765.407	-67.789
1653	765.492	-67.073
1654	768.411	-66.845
1655	768.823	-66.869
1656	769.657	-94.464
1657	769.666	-66.885
1658	769.824	-66.581
1659	770.098	-68.306
1660	770.135	-67.570
1661	770.322	-66.697
1662	770.523	-66.415
1663	770.745	-67.172
1664	771.230	-65.655
1665	771.633	-66.211
1666	771.794	-66.284
1667	771.817	-68.190
1668	771.835	-66.861
1669	772.006	-66.383
1670	772.255	-66.313
1671	772.308	-66.246
1672	772.454	-62.648
1673	772.618	-66.338
1674	773.046	-66.428
1675	773.138	-66.252
1676	773.293	-66.440
1677	773.422	-68.167
1678	773.491	-67.039
1679	773.589	-66.679
1680	773.642	-65.728
1681	773.655	-66.859
1682	774.069	-67.605
1683	774.131	-66.340
1684	774.292	-67.247
1685	774.374	-67.366
1686	776.561	-65.604
1687	776.635	-67.022
1688	776.836	-66.278
1689	777.139	-66.507
1690	777.337	-65.679
1691	777.364	-67.010
1692	777.415	-65.250
1693	778.420	-66.554
1694	778.433	-67.912
1695	779.589	-66.828
1696	779.938	-66.047
1697	780.559	-65.829
1698	780.902	-67.202
1699	781.475	-68.153
1700	782.087	-66.785
1701	783.478	-66.317
1702	783.898	-66.834
1703	783.901	-66.906
1704	783.960	-66.282
1705	784.801	-39.311
1706	786.646	-67.370
1707	786.668	-67.014
1708	786.747	-67.024
1709	787.594	-67.533
1710	787.598	-66.755
1711	789.672	-66.859
1712	789.913	-66.307
1713	790.172	-66.695
1714	790.442	-66.291
1715	790.639	-65.767
1716	791.615	-66.556
1717	791.683	-66.438
1718	791.688	-65.434
1719	791.724	-65.706
1720	791.797	-66.883
1721	792.301	-68.335
1722	792.336	-66.385
1723	792.345	-67.219
1724	792.816	-66.299
1725	792.849	-66.460
1726	792.899	-66.607
1727	792.980	-66.842
1728	793.003	-66.826
1729	793.243	-66.779
1730	793.932	-66.657
1731	793.984	-67.045
1732	794.445	-65.845
1733	794.566	-66.889
1734	795.159	-67.345
1735	795.256	-67.026
1736	795.307	-65.786
1737	795.440	-66.470
1738	795.904	-67.073
1739	796.185	-66.736
1740	796.253	-66.873
1741	796.816	-66.098
1742	796.859	-67.227
1743	797.221	-66.644
1744	797.594	-66.935
1745	798.194	-66.665
1746	798.833	-66.491
1747	799.823	-65.589
1748	799.890	-66.274
1749	799.961	-67.133
1750	800.030	-66.750
1751	800.125	-66.268
1752	801.238	-67.049
1753	801.586	-67.304
1754	801.765	-67.223
1755	802.631	-67.362
1756	802.988	-68.069
1757	803.344	-66.289
1758	803.995	-66.274
1759	804.081	-66.047
1760	805.745	-67.709
1761	807.433	-65.422
1762	808.785	-66.460
1763	809.410	-66.522
1764	809.613	-66.998
1765	810.606	-66.885
1766	810.633	-67.182
1767	810.727	-66.317
1768	810.757	-66.667
1769	811.175	-66.887
1770	812.479	-65.720
1771	812.826	-66.444
1772	814.195	-66.736
1773	814.389	-66.591
1774	814.447	-13.588
1775	814.449	-66.577
1776	815.103	-65.966
1777	815.190	-66.842
1778	816.181	-66.569
1779	817.734	-66.295
1780	819.929	-60.913
1781	820.393	-67.609
1782	821.135	-66.718
1783	821.156	-7.213
1784	821.991	-42.727
1785	822.408	-67.039
1786	822.671	-66.869
1787	822.737	-65.708
1788	822.981	-65.477
1789	823.533	-66.013
1790	823.760	-66.544
1791	824.727	-59.631
1792	825.255	-67.031
1793	825.431	-66.033
1794	825.667	-67.292
1795	825.759	-66.250
1796	826.468	-66.340
1797	826.669	-64.713
1798	826.863	-67.239
1799	826.872	-66.268
1800	827.454	-66.156
1801	828.112	-66.113
1802	829.743	-64.696
1803	829.899	-65.894
1804	832.101	-64.890
1805	832.240	-65.910
1806	832.259	-66.080
1807	832.587	-66.383
1808	833.437	-65.994
1809	833.488	-65.500
1810	833.619	-66.358
1811	833.625	-66.368
1812	833.894	-66.448
1813	833.928	-66.125
1814	833.938	-66.428
1815	833.960	-66.225
1816	833.981	-65.314
1817	834.031	-66.188
1818	834.082	-86.907
1819	834.096	-66.272
1820	835.010	-65.712
1821	835.366	-67.008
1822	835.411	-66.575
1823	835.425	-65.976
1824	835.472	-66.362
1825	836.760	-66.217
1826	836.781	-67.208
1827	836.813	-66.366
1828	836.933	-66.082
1829	837.201	-67.259
1830	837.295	-66.695
1831	839.401	-66.109
1832	839.468	-65.485
1833	839.578	-66.056
1834	839.626	-66.730
1835	841.155	-66.816
1836	842.609	-65.796
1837	843.675	-66.808
1838	844.130	-66.800
1839	844.149	-66.718
1840	845.008	-66.597
1841	845.252	-66.258
1842	845.349	-66.824
1843	845.358	-66.041
1844	845.495	-66.706
1845	845.579	-65.794
1846	847.248	-66.235
1847	847.400	-66.058
1848	847.542	-65.602
1849	847.610	-66.542
1850	849.731	-67.217
1851	849.830	-67.640
1852	850.059	-66.479
1853	850.065	-66.477
1854	850.071	-66.450
1855	850.099	-66.569
1856	850.377	-66.011
1857	850.425	-66.237
1858	850.715	-65.500
1859	850.811	-66.775
1860	851.067	-66.838
1861	851.779	-65.915
1862	852.326	-66.689
1863	853.001	-86.200
1864	853.186	-66.513
1865	853.244	-65.561
1866	853.566	-63.406
1867	854.478	-66.152
1868	854.792	-65.927
1869	854.872	-66.426
1870	854.908	-66.800
1871	855.028	-66.368
1872	855.193	-66.904
1873	860.263	-66.379
1874	860.384	-63.770
1875	860.389	-66.683
1876	860.403	-66.699
1877	860.772	-66.066
1878	860.958	-67.233
1879	861.860	-65.998
1880	862.122	-66.287
1881	862.188	-64.976
1882	862.443	-67.106
1883	863.628	-65.730
1884	863.943	-65.528
1885	863.998	-65.387
1886	864.101	-66.264
1887	865.415	-65.575
1888	865.481	-92.929
1889	866.556	-66.221
1890	866.993	-67.270
1891	867.083	-65.786
1892	867.209	-61.683
1893	867.357	-66.272
1894	867.686	-65.741
1895	867.869	-65.266
1896	867.944	-66.407
1897	868.027	-66.434
1898	869.204	-65.637
1899	869.286	-65.968
1900	870.028	-66.178
1901	870.195	-66.045
1902	870.252	-66.211
1903	870.262	-63.752
1904	870.307	-65.641
1905	871.341	-65.890
1906	871.734	-65.481
1907	872.391	-66.440
1908	872.754	-66.329
1909	872.809	-65.992
1910	872.818	-66.315
1911	872.825	-66.346
1912	873.026	-66.695
1913	873.182	-65.929
1914	873.318	-64.827
1915	873.423	-66.031
1916	873.923	-67.282
1917	874.108	-65.843
1918	874.564	-66.855
1919	875.128	-65.667
1920	875.196	-65.620
1921	875.820	-66.689
1922	876.055	-66.571
1923	876.149	-65.348
1924	876.312	-66.450
1925	877.469	-65.369
1926	877.565	-66.213
1927	878.847	-65.794
1928	878.910	-66.855
1929	879.366	-65.311
1930	879.375	-66.726
1931	879.937	-66.094
1932	883.974	-65.530
1933	884.006	-65.962
1934	884.376	-65.994
1935	884.385	-65.358
1936	884.533	-65.618
1937	884.586	-65.996
1938	884.693	-65.195
1939	884.889	-65.479
1940	885.193	-65.812
1941	885.337	-65.941
1942	885.374	-65.017
1943	885.718	-64.567
1944	885.780	-68.547
1945	886.129	-66.724
1946	886.492	-66.268
1947	886.528	-66.605
1948	887.127	-65.471
1949	887.149	-65.354
1950	887.497	-66.883
1951	887.795	-66.538
1952	888.274	-65.980
1953	889.103	-65.857
1954	890.597	-79.851
1955	890.801	-66.452
1956	890.818	-65.992
1957	891.193	-65.677
1958	891.520	-66.501
1959	891.524	-67.961
1960	891.628	-64.866
1961	891.939	-66.270
1962	891.987	-66.074
1963	892.003	-65.865
1964	892.165	-66.178
1965	892.307	-65.982
1966	894.282	-65.583
1967	894.349	-65.880
1968	895.059	-66.172
1969	896.434	-65.961
1970	896.684	-65.651
1971	897.008	-67.325
1972	897.040	-66.703
1973	897.063	-66.618
1974	897.132	-66.154
1975	897.268	-66.460
1976	898.173	-92.788
1977	899.096	-66.679
1978	899.358	-66.096
1979	899.981	-66.777
1980	900.636	-65.892
1981	904.431	-66.188
1982	904.937	-66.515
1983	905.022	-65.874
1984	905.038	-66.992
1985	905.054	-66.121
1986	905.131	-66.235
1987	905.136	-67.061
1988	905.324	-66.015
1989	905.496	-66.309
1990	905.779	-66.454
1991	905.854	-66.176
1992	907.871	-66.585
1993	908.316	-66.362
1994	908.970	-66.583
1995	910.092	-66.299
1996	910.279	-66.503
1997	910.635	-65.757
1998	910.682	-66.470
1999	910.863	-65.508
2000	910.929	-65.483
