DXEX v3
C:\Documents and Settings\LDA\My Documents\TM_SANTOS\Equipo_5\Trailer.lda
3:18:33 PM
0.00 mm;0.00 mm;-2.00 mm
Region1
"Row#"	"AT [ms]"	"LDA1 [m/s]"	
1	3.530	-66.051
2	3.724	-66.691
3	3.734	-65.968
4	3.998	-66.943
5	4.819	-64.355
6	4.848	-66.648
7	4.990	-65.872
8	5.052	-65.876
9	5.082	-66.252
10	5.140	-65.851
11	5.176	-66.520
12	5.217	-66.515
13	5.293	-67.511
14	5.411	-65.375
15	5.503	-67.196
16	5.511	-66.289
17	5.577	-65.528
18	5.780	-66.043
19	6.145	-66.904
20	6.177	-66.178
21	6.447	-66.503
22	7.255	-66.883
23	7.302	-66.975
24	7.506	-66.125
25	7.542	-66.223
26	7.569	-65.996
27	7.742	-75.622
28	7.851	-66.630
29	9.897	-66.515
30	9.954	-66.771
31	10.085	-66.127
32	10.318	-66.266
33	11.162	-66.336
34	11.292	-67.008
35	11.651	-66.775
36	11.976	-66.464
37	13.934	-67.063
38	14.213	-66.900
39	14.263	-67.022
40	15.809	-67.509
41	16.604	-67.948
42	16.644	-66.683
43	16.961	-65.810
44	17.017	-66.661
45	17.097	-66.446
46	19.341	-69.285
47	20.073	-66.567
48	20.198	-66.871
49	20.286	-67.758
50	20.301	-66.652
51	20.310	-66.530
52	21.010	-66.450
53	21.376	-66.589
54	21.624	-66.806
55	21.868	-65.894
56	21.917	-66.875
57	22.771	-67.372
58	22.933	-66.779
59	23.031	-94.597
60	23.259	-66.724
61	27.052	-66.624
62	30.753	-68.273
63	31.189	-67.292
64	31.230	-65.737
65	31.252	-66.362
66	31.705	-65.636
67	32.744	-68.077
68	33.192	-66.370
69	35.591	-66.127
70	35.929	-66.425
71	36.667	-66.732
72	36.728	-66.971
73	39.043	-69.377
74	39.749	-66.744
75	40.576	-65.964
76	40.741	-65.970
77	41.063	-65.790
78	41.377	-66.115
79	41.414	-65.788
80	41.539	-66.630
81	41.573	-67.260
82	41.636	-65.849
83	41.717	-66.524
84	42.237	-66.027
85	42.330	-69.825
86	43.078	-66.955
87	43.181	-66.098
88	43.284	-67.110
89	43.968	-66.244
90	44.591	-67.411
91	44.793	-66.045
92	46.446	-65.898
93	46.752	-66.726
94	46.813	-64.475
95	46.961	-65.904
96	47.007	-66.644
97	47.096	-66.364
98	47.153	-65.959
99	47.530	-65.628
100	47.693	-66.885
101	47.736	-65.784
102	47.741	-66.528
103	47.806	-66.278
104	47.877	-65.659
105	47.889	-65.945
106	47.956	-66.746
107	48.062	-66.072
108	48.760	-66.211
109	51.906	-66.113
110	52.585	-66.145
111	52.707	-66.981
112	53.491	-65.874
113	55.224	-65.992
114	55.403	-66.446
115	57.156	-66.119
116	59.675	-65.575
117	61.657	-66.540
118	61.705	-66.240
119	65.178	-79.132
120	65.247	-66.289
121	66.649	-67.018
122	70.881	-66.824
123	71.469	-67.118
124	73.136	-66.851
125	73.784	-70.927
126	73.903	-66.959
127	74.000	-67.333
128	75.328	-66.818
129	78.842	-65.876
130	78.928	-66.967
131	79.393	-68.008
132	79.500	-66.503
133	79.513	-67.354
134	79.837	-70.450
135	79.902	-67.335
136	80.227	-66.628
137	80.304	-66.728
138	80.568	-67.016
139	81.160	-66.556
140	81.240	-66.843
141	81.617	-67.854
142	82.155	-66.513
143	82.623	-66.902
144	82.952	-66.607
145	82.983	-67.266
146	83.034	-66.935
147	83.427	-66.924
148	83.548	-66.951
149	83.604	-65.164
150	83.675	-68.002
151	83.691	-66.906
152	83.695	-66.646
153	83.864	-66.197
154	84.114	-67.020
155	86.414	-66.992
156	87.954	-67.029
157	88.256	-66.994
158	90.661	-25.943
159	91.125	-67.589
160	91.410	-66.145
161	91.461	-68.002
162	95.712	-67.225
163	99.218	-66.943
164	100.772	-68.508
165	101.042	-67.372
166	101.118	-66.796
167	101.233	-65.814
168	101.393	-66.440
169	101.545	-66.975
170	101.749	-66.368
171	102.983	-66.969
172	107.091	-5.586
173	107.224	-64.185
174	107.283	-67.159
175	107.946	-66.043
176	108.523	-65.365
177	108.862	-66.906
178	108.986	-66.683
179	109.021	-66.822
180	109.051	-67.202
181	109.186	-66.193
182	109.218	-66.605
183	109.534	-66.877
184	109.873	-67.306
185	109.915	-66.795
186	109.925	-66.601
187	111.589	-66.282
188	112.075	-65.498
189	112.094	-65.968
190	112.521	-66.536
191	112.611	-66.810
192	113.680	-65.036
193	119.372	-66.595
194	119.393	-65.563
195	120.406	-74.068
196	120.452	-67.170
197	120.663	-66.182
198	120.697	-65.810
199	121.006	-65.606
200	121.327	-68.022
201	125.153	-66.101
202	125.241	-66.051
203	126.491	-66.004
204	126.604	-65.696
205	126.641	-66.417
206	126.885	-66.205
207	127.029	-65.896
208	127.035	-66.297
209	127.166	-66.135
210	127.413	-66.558
211	135.338	-66.622
212	135.393	-66.021
213	135.480	-66.896
214	135.959	-66.963
215	135.963	-66.614
216	136.150	-66.836
217	142.689	-67.386
218	145.563	-67.047
219	145.746	-65.741
220	145.782	-66.209
221	145.788	-67.515
222	145.894	-67.889
223	146.530	-66.669
224	146.928	-66.753
225	147.342	-66.699
226	147.435	-67.670
227	148.046	-67.450
228	148.347	-67.253
229	148.609	-66.340
230	149.220	-67.057
231	149.246	-65.962
232	149.422	-66.796
233	149.475	-66.998
234	149.915	-66.687
235	150.187	-66.417
236	150.259	-64.711
237	150.278	-35.178
238	150.279	-67.607
239	150.731	-65.982
240	151.257	-67.398
241	151.299	-25.013
242	151.504	-65.731
243	151.562	-65.974
244	151.681	-65.917
245	151.688	-66.374
246	151.833	-66.726
247	151.925	-66.673
248	152.041	-65.773
249	152.056	-77.419
250	152.073	-66.982
251	152.145	-66.986
252	152.779	-66.395
253	156.463	-67.037
254	156.564	-66.401
255	156.627	-66.540
256	156.660	-65.925
257	156.920	-81.723
258	157.580	-66.466
259	157.582	-67.243
260	162.908	-66.718
261	163.034	-66.442
262	163.115	-66.769
263	163.131	-65.912
264	163.326	-78.690
265	164.920	-83.289
266	164.938	-66.409
267	165.237	-66.434
268	165.367	-66.712
269	166.088	-66.843
270	170.156	-65.416
271	170.163	-66.374
272	171.628	-66.544
273	174.389	-66.540
274	174.698	-66.624
275	176.016	-65.551
276	176.137	-66.147
277	176.250	-65.962
278	176.297	-66.808
279	176.552	-66.334
280	176.566	-67.253
281	176.620	-66.331
282	176.702	-66.239
283	177.076	-66.677
284	177.105	-67.178
285	177.231	-66.842
286	177.544	-66.143
287	177.705	-66.744
288	177.794	-67.398
289	177.919	-66.150
290	178.004	-66.021
291	178.079	-66.757
292	178.092	-66.885
293	178.125	-66.783
294	178.191	-66.818
295	178.271	-66.818
296	178.294	-67.828
297	178.354	-67.041
298	178.654	-66.761
299	178.751	-66.826
300	178.934	-66.932
301	179.069	-66.131
302	179.096	-67.094
303	179.303	-66.642
304	179.305	-66.663
305	182.391	-65.444
306	182.497	-66.628
307	183.327	-67.333
308	185.641	-66.620
309	186.264	-66.242
310	186.356	-66.011
311	186.469	-67.139
312	186.592	-66.004
313	186.604	-66.448
314	189.539	-65.048
315	189.585	-67.194
316	189.823	-94.113
317	192.815	-80.497
318	194.088	-68.885
319	194.190	-66.802
320	194.292	-66.885
321	194.346	-67.946
322	194.419	-67.462
323	194.571	-68.194
324	194.639	-67.063
325	194.835	-67.889
326	194.918	-65.839
327	195.059	-66.119
328	196.761	-95.225
329	197.306	-66.058
330	199.601	-68.629
331	199.641	-67.186
332	200.440	-66.472
333	200.793	-67.096
334	200.869	-67.143
335	201.036	-67.047
336	201.377	-66.994
337	201.534	-67.523
338	201.577	-66.472
339	201.647	-67.321
340	202.546	-66.276
341	203.571	-68.733
342	203.769	-65.451
343	203.817	-67.235
344	208.031	-66.515
345	208.112	-66.164
346	209.563	-66.814
347	209.585	-67.644
348	209.602	-66.409
349	209.697	-66.816
350	209.793	-67.033
351	209.979	-64.962
352	210.602	-12.368
353	210.744	-66.520
354	210.912	-66.889
355	210.924	-66.458
356	210.932	-66.248
357	210.969	-66.842
358	211.071	-65.512
359	211.447	-66.605
360	211.606	-65.667
361	212.592	-86.341
362	217.009	-66.518
363	217.073	-66.180
364	217.349	-66.793
365	217.662	-66.360
366	218.380	-66.810
367	218.568	-75.473
368	218.846	-67.078
369	219.081	-67.646
370	219.099	-67.319
371	219.130	-67.125
372	219.228	-67.450
373	219.284	-65.810
374	219.402	-66.900
375	219.835	-65.908
376	219.849	-66.148
377	219.991	-85.172
378	221.587	-66.810
379	222.231	-66.242
380	222.355	-66.327
381	222.544	-66.522
382	223.032	-64.942
383	223.067	-65.884
384	240.186	-66.495
385	240.253	-64.993
386	242.571	-66.399
387	242.765	-65.267
388	242.812	-67.550
389	242.890	-66.869
390	243.065	-30.697
391	244.397	-67.652
392	244.446	-65.187
393	244.494	-67.076
394	244.876	-66.569
395	244.889	-66.663
396	245.718	-65.900
397	246.252	-66.303
398	246.321	-66.677
399	246.425	-66.554
400	246.739	-65.516
401	246.811	-66.472
402	248.384	-66.826
403	249.192	-66.160
404	249.196	-66.491
405	249.335	-66.601
406	249.550	-66.894
407	253.176	-66.630
408	253.369	-66.366
409	253.417	-66.526
410	253.458	-66.767
411	253.610	-66.364
412	253.619	-66.793
413	253.761	-67.456
414	253.790	-66.517
415	253.983	-77.365
416	254.007	-66.808
417	254.200	-66.493
418	255.144	-66.640
419	255.182	-66.732
420	255.310	-65.508
421	255.357	-67.145
422	255.418	-67.053
423	255.936	-67.212
424	255.939	-67.372
425	255.983	-65.894
426	256.084	-66.569
427	256.141	-66.612
428	257.702	-67.885
429	257.782	-67.493
430	257.898	-66.699
431	258.012	-66.264
432	258.339	-67.135
433	258.504	-66.916
434	258.622	-67.450
435	260.217	-67.368
436	260.450	-67.094
437	263.638	-66.724
438	263.716	-66.679
439	264.136	-67.662
440	264.919	-65.455
441	265.162	-67.127
442	266.862	-67.717
443	266.881	-65.767
444	267.084	-67.678
445	267.096	-66.730
446	267.310	-66.896
447	267.415	-64.146
448	267.763	-65.959
449	267.839	-66.366
450	268.933	-77.997
451	272.848	-66.564
452	273.360	-66.867
453	273.597	-66.530
454	273.635	-64.980
455	274.041	-66.413
456	274.069	-66.992
457	274.072	-67.587
458	274.129	-67.544
459	274.187	-66.959
460	274.190	-66.843
461	274.438	-66.321
462	274.945	-66.419
463	278.547	-66.885
464	279.666	-66.914
465	279.877	-65.696
466	279.991	-66.691
467	280.169	-66.225
468	280.328	-67.110
469	280.439	-66.597
470	280.509	-67.086
471	281.612	-66.986
472	282.064	-66.483
473	282.090	-66.350
474	282.314	-65.549
475	285.952	-66.889
476	286.180	-66.859
477	286.439	-66.591
478	291.806	-67.744
479	294.459	-66.630
480	294.511	-67.276
481	294.538	-66.787
482	294.588	-67.946
483	294.643	-67.055
484	294.656	-67.535
485	294.747	-65.978
486	294.825	-65.050
487	294.884	-68.521
488	294.938	-66.787
489	295.256	-67.676
490	295.267	-67.423
491	295.474	-66.092
492	295.680	-67.756
493	295.682	-67.026
494	295.694	-67.135
495	295.788	-66.503
496	295.831	-66.726
497	295.874	-66.217
498	296.059	-67.206
499	296.086	-67.351
500	296.156	-66.708
501	296.211	-66.374
502	296.301	-66.569
503	296.318	-65.657
504	296.342	-76.709
505	296.374	-67.662
506	296.421	-66.871
507	296.610	-67.503
508	296.672	-67.585
509	296.828	-67.668
510	296.923	-67.043
511	296.937	-66.331
512	297.098	-66.530
513	297.107	-66.579
514	297.123	-66.771
515	297.143	-67.192
516	297.295	-66.507
517	298.239	-68.145
518	301.306	-66.996
519	301.542	-65.872
520	301.680	-65.841
521	301.758	-67.180
522	301.793	-66.804
523	303.207	-66.495
524	303.382	-65.972
525	303.646	-61.927
526	304.533	-66.630
527	305.559	-66.661
528	305.752	-65.412
529	305.769	-67.431
530	305.788	-68.051
531	305.893	-65.964
532	306.127	-66.274
533	306.230	-66.701
534	307.232	-66.685
535	308.857	-66.599
536	309.014	-67.114
537	309.799	-67.045
538	311.874	-66.677
539	311.940	-66.900
540	312.045	-65.837
541	312.177	-67.441
542	314.721	-65.710
543	314.847	-66.949
544	315.192	-66.796
545	315.266	-66.697
546	315.441	-67.084
547	315.944	-67.127
548	316.122	-67.247
549	316.214	-67.063
550	316.345	-67.084
551	318.635	-66.771
552	320.653	-40.901
553	323.141	-66.139
554	323.315	-65.919
555	323.454	-67.971
556	323.670	-67.509
557	323.831	-67.057
558	324.096	-67.300
559	324.323	-66.892
560	324.465	-67.458
561	324.543	-66.732
562	328.582	-68.124
563	328.756	-66.634
564	329.155	-69.073
565	330.337	-67.033
566	330.468	-66.955
567	330.785	-66.937
568	330.959	-65.616
569	331.543	-65.728
570	331.628	-66.611
571	331.633	-66.031
572	331.666	-67.732
573	331.682	-65.992
574	331.687	-65.759
575	331.716	-65.886
576	331.737	-66.013
577	332.397	-65.782
578	333.605	-65.637
579	336.790	-65.861
580	336.915	-67.636
581	336.964	-66.710
582	337.030	-65.166
583	337.893	-67.834
584	338.012	-63.413
585	338.140	-66.391
586	338.543	-67.411
587	339.087	-66.814
588	339.184	-67.948
589	344.922	-67.067
590	344.971	-85.388
591	344.976	-66.695
592	345.494	-66.685
593	346.141	-66.513
594	346.452	-67.476
595	350.223	-67.456
596	350.254	-66.599
597	350.910	-66.941
598	350.945	-67.570
599	355.089	-66.881
600	355.115	-66.460
601	355.394	-67.304
602	355.827	-67.012
603	355.947	-66.626
604	356.001	-66.914
605	357.340	-66.260
606	357.499	-66.748
607	357.574	-65.387
608	357.850	-67.531
609	357.879	-66.847
610	358.254	-67.353
611	358.359	-66.939
612	358.803	-67.270
613	359.425	-66.634
614	359.679	-67.059
615	360.465	-67.634
616	360.854	-66.920
617	361.398	-67.482
618	361.876	-67.946
619	362.762	-67.445
620	363.078	-66.981
621	366.683	-67.368
622	367.045	-66.961
623	367.091	-76.730
624	367.417	-66.068
625	368.442	-67.928
626	368.881	-67.873
627	369.593	-60.808
628	369.866	-31.891
629	370.716	-101.015
630	370.792	-68.038
631	370.887	-67.292
632	371.048	-66.084
633	371.142	-67.683
634	371.372	-66.567
635	372.649	-67.268
636	376.161	-66.548
637	376.273	-66.172
638	376.305	-67.544
639	376.421	-66.381
640	377.640	-66.773
641	379.865	-66.890
642	379.890	-67.084
643	380.112	-66.685
644	380.559	-65.941
645	380.750	-67.390
646	382.064	-67.282
647	382.510	-66.663
648	382.733	-66.998
649	382.864	-66.644
650	383.060	-66.689
651	383.279	-67.407
652	383.465	-66.937
653	384.663	-66.975
654	384.861	-62.763
655	384.946	-66.912
656	387.505	-66.642
657	387.534	-65.800
658	387.691	-66.000
659	387.702	-67.362
660	387.809	-66.233
661	387.853	-66.896
662	387.893	-66.425
663	387.961	-65.968
664	388.027	-66.734
665	388.056	-66.289
666	388.145	-66.569
667	398.626	-66.008
668	398.702	-67.658
669	399.325	-66.934
670	399.334	-66.344
671	400.841	-66.814
672	403.792	-67.298
673	405.708	-65.747
674	406.002	-66.757
675	406.171	-67.057
676	406.267	-93.385
677	406.421	-67.944
678	406.683	-68.711
679	407.010	-67.214
680	407.057	-68.010
681	407.147	-66.515
682	407.273	-66.796
683	407.297	-67.503
684	407.340	-66.883
685	407.412	-67.570
686	407.469	-66.287
687	408.411	-67.454
688	408.436	-67.443
689	408.583	-67.580
690	408.640	-67.041
691	408.711	-67.127
692	408.877	-66.861
693	409.317	-67.811
694	409.408	-67.190
695	409.411	-66.828
696	409.567	-66.550
697	410.283	-67.061
698	410.625	-66.869
699	410.779	-66.922
700	411.069	-67.290
701	411.113	-67.799
702	411.209	-66.865
703	411.419	-67.454
704	411.504	-67.928
705	412.033	-67.356
706	412.188	-66.489
707	423.566	-67.644
708	423.589	-66.859
709	423.946	-67.693
710	425.619	-66.734
711	425.704	-67.309
712	425.901	-67.100
713	426.820	-64.899
714	426.889	-66.675
715	427.835	-67.674
716	427.866	-67.174
717	427.897	-66.109
718	428.039	-66.951
719	431.249	-66.440
720	432.352	-66.567
721	432.422	-66.640
722	433.329	-66.583
723	433.933	-66.037
724	433.941	-66.607
725	433.952	-66.417
726	434.042	-66.924
727	434.248	-65.878
728	434.259	-66.847
729	434.489	-66.538
730	434.508	-67.147
731	434.511	-65.724
732	434.518	-66.031
733	434.665	-65.980
734	434.708	-66.417
735	434.718	-66.413
736	434.919	-66.836
737	434.922	-66.021
738	435.083	-65.939
739	435.178	-66.056
740	435.292	-66.779
741	435.302	-66.135
742	435.366	-66.693
743	435.423	-65.252
744	435.441	-66.640
745	435.729	-66.123
746	436.642	-66.618
747	437.019	-67.599
748	437.276	-66.362
749	437.403	-66.665
750	439.399	-78.161
751	439.784	-66.941
752	439.825	-67.073
753	440.062	-66.875
754	441.546	-65.076
755	444.844	-66.385
756	444.849	-66.677
757	447.071	-67.893
758	447.123	-66.505
759	447.628	-66.158
760	447.654	-68.044
761	447.671	-66.524
762	447.766	-67.212
763	448.304	-67.529
764	448.376	-66.205
765	449.276	-66.710
766	449.978	-66.182
767	450.152	-66.082
768	450.715	-66.154
769	450.930	-66.491
770	451.431	-65.062
771	451.494	-66.100
772	452.610	-66.865
773	452.785	-31.359
774	453.320	-66.808
775	454.744	-66.475
776	459.120	-66.513
777	459.513	-66.654
778	463.235	-65.677
779	463.666	-66.742
780	464.883	-66.569
781	465.274	-66.313
782	465.276	-65.869
783	465.285	-66.466
784	465.493	-67.096
785	466.186	-66.511
786	466.667	-66.119
787	466.748	-67.298
788	467.367	-67.125
789	467.383	-68.077
790	467.475	-67.174
791	467.491	-66.334
792	467.596	-66.636
793	467.672	-67.674
794	467.692	-66.836
795	467.773	-66.186
796	467.803	-65.880
797	467.854	-66.573
798	467.871	-66.939
799	467.910	-66.239
800	467.994	-65.692
801	468.113	-67.928
802	468.597	-66.740
803	468.742	-66.687
804	468.940	-66.765
805	469.152	-67.192
806	469.175	-66.470
807	469.203	-67.999
808	469.266	-67.165
809	469.285	-65.841
810	469.313	-66.730
811	469.331	-66.041
812	469.429	-65.775
813	469.503	-66.720
814	469.543	-67.176
815	469.678	-66.413
816	469.778	-67.247
817	469.979	-67.488
818	470.009	-65.894
819	470.056	-66.889
820	475.298	-70.465
821	475.532	-66.955
822	475.729	-66.724
823	475.894	-66.628
824	476.070	-65.959
825	476.192	-66.873
826	476.266	-68.026
827	476.529	-66.562
828	476.796	-67.591
829	476.856	-67.255
830	476.947	-67.123
831	477.012	-66.806
832	477.076	-66.425
833	477.123	-67.243
834	477.188	-67.131
835	477.355	-66.720
836	478.856	-67.004
837	478.881	-67.249
838	481.449	-66.497
839	485.472	-67.605
840	485.658	-66.473
841	489.409	-66.634
842	489.442	-67.523
843	489.632	-66.556
844	489.701	-66.611
845	489.716	-68.002
846	490.062	-66.977
847	490.389	-66.180
848	491.956	-66.282
849	496.482	-65.761
850	496.625	-66.205
851	496.703	-66.211
852	499.960	-66.430
853	500.127	-66.060
854	501.213	-66.951
855	501.605	-67.172
856	501.835	-66.595
857	501.869	-66.195
858	503.936	-66.885
859	503.988	-66.759
860	504.066	-66.818
861	504.121	-65.961
862	504.345	-67.413
863	504.417	-67.313
864	507.150	-67.000
865	508.103	-7.047
866	508.458	-66.066
867	508.687	-66.444
868	513.176	-67.319
869	513.590	-66.973
870	513.794	-66.693
871	513.818	-66.704
872	514.854	-66.515
873	514.901	-66.321
874	514.944	-66.299
875	515.792	-66.638
876	516.632	-67.143
877	516.707	-65.798
878	518.336	-65.912
879	518.549	-66.015
880	519.770	-67.895
881	520.968	-65.945
882	521.143	-66.812
883	521.217	-66.614
884	521.283	-66.867
885	521.657	-66.558
886	521.898	-65.277
887	523.608	-66.890
888	523.633	-66.338
889	523.645	-68.461
890	523.699	-68.883
891	523.736	-67.053
892	523.909	-66.346
893	524.108	-66.681
894	524.170	-66.538
895	524.474	-66.033
896	524.549	-66.284
897	524.650	-66.025
898	524.821	-65.780
899	525.158	-66.783
900	525.167	-66.534
901	525.180	-66.840
902	525.224	-65.434
903	525.317	-65.796
904	525.377	-66.517
905	525.687	-65.696
906	525.698	-67.529
907	525.807	-66.329
908	526.041	-66.583
909	526.314	-65.992
910	526.603	-67.511
911	526.634	-67.611
912	526.776	-65.763
913	526.923	-66.775
914	526.977	-66.329
915	527.160	-66.211
916	527.293	-65.915
917	527.322	-66.552
918	530.388	-66.058
919	530.920	-65.804
920	534.329	-66.145
921	536.761	-66.840
922	537.372	-66.622
923	539.567	-66.211
924	539.771	-65.835
925	548.749	-66.413
926	550.439	-66.193
927	554.708	-65.886
928	555.979	-66.364
929	556.012	-66.665
930	556.045	-66.973
931	556.128	-66.282
932	556.310	-67.871
933	557.819	-66.462
934	558.871	-66.086
935	558.876	-65.387
936	558.989	-69.064
937	559.004	-66.129
938	561.356	-66.176
939	561.454	-66.438
940	561.793	-66.716
941	561.842	-66.810
942	561.915	-66.802
943	562.446	-66.379
944	563.193	-66.704
945	564.692	-67.227
946	564.748	-65.959
947	564.776	-64.236
948	565.455	-65.604
949	565.631	-66.383
950	565.747	-66.656
951	566.102	-66.190
952	566.546	-66.624
953	566.753	-67.090
954	566.871	-66.826
955	567.724	-66.477
956	568.064	-65.694
957	568.250	-67.398
958	568.849	-65.311
959	569.128	-2.642
960	570.480	-67.274
961	570.641	-65.959
962	570.730	-66.652
963	570.979	-65.945
964	571.083	-66.141
965	571.234	-66.397
966	571.349	-66.742
967	571.366	-66.215
968	571.502	-66.736
969	571.629	-65.728
970	572.106	-67.031
971	572.187	-66.560
972	572.456	-67.018
973	578.145	-66.748
974	578.169	-67.401
975	578.226	-67.004
976	581.252	-84.998
977	587.318	-66.366
978	587.511	-67.106
979	587.662	-67.006
980	589.642	-66.452
981	590.066	-66.546
982	590.073	-66.432
983	592.036	-66.812
984	592.904	-67.629
985	593.906	-66.751
986	593.914	-66.513
987	594.096	-66.845
988	594.119	-65.974
989	594.223	-66.242
990	594.294	-67.423
991	594.357	-66.885
992	594.407	-64.508
993	594.673	-67.621
994	594.725	-66.646
995	594.756	-65.951
996	595.006	-66.432
997	595.603	-67.076
998	595.783	-65.671
999	595.898	-65.855
1000	596.032	-66.798
1001	596.593	-66.638
1002	599.347	-64.028
1003	599.425	-67.333
1004	600.176	-66.706
1005	600.264	-66.366
1006	600.820	-67.415
1007	602.436	-67.145
1008	602.635	-66.536
1009	602.878	-67.474
1010	602.963	-66.767
1011	602.993	-67.029
1012	604.241	-68.196
1013	605.106	-67.255
1014	605.176	-66.843
1015	605.558	-66.906
1016	605.587	-66.489
1017	605.782	-66.162
1018	606.038	-66.501
1019	606.309	-66.346
1020	606.313	-67.862
1021	606.866	-66.121
1022	606.924	-67.035
1023	607.093	-66.274
1024	607.208	-66.744
1025	607.270	-66.642
1026	607.649	-66.824
1027	607.719	-66.977
1028	609.059	-66.941
1029	610.685	-66.284
1030	610.774	-66.129
1031	611.302	-67.028
1032	612.853	-67.388
1033	613.028	-66.599
1034	613.032	-66.558
1035	613.106	-67.681
1036	613.639	-68.259
1037	621.211	-66.158
1038	621.756	-65.604
1039	621.904	-8.404
1040	621.913	-66.473
1041	622.166	-67.024
1042	622.369	-66.004
1043	623.701	-66.665
1044	623.940	-65.902
1045	629.662	-66.364
1046	631.220	-66.718
1047	631.583	-66.464
1048	631.705	-66.781
1049	635.802	-66.875
1050	636.378	-66.301
1051	636.440	-65.962
1052	637.382	-65.455
1053	638.893	-66.611
1054	638.993	-65.493
1055	639.112	-67.292
1056	639.319	-66.534
1057	639.357	-66.403
1058	639.875	-66.217
1059	642.727	-65.453
1060	642.807	-65.929
1061	642.838	-66.008
1062	642.905	-66.442
1063	643.236	-65.730
1064	643.453	-67.333
1065	643.520	-69.167
1066	643.720	-66.957
1067	643.835	-65.894
1068	643.854	-66.242
1069	643.902	-64.880
1070	643.939	-66.176
1071	644.038	-66.058
1072	644.072	-67.227
1073	644.206	-66.988
1074	646.331	-66.732
1075	646.350	-66.311
1076	646.362	-65.704
1077	646.371	-66.765
1078	646.403	-66.981
1079	646.477	-66.675
1080	647.582	-67.153
1081	647.992	-66.779
1082	648.078	-66.810
1083	648.382	-66.008
1084	649.211	-66.060
1085	649.285	-66.278
1086	649.297	-66.981
1087	649.480	-67.180
1088	649.850	-66.583
1089	654.519	-65.917
1090	654.751	-67.576
1091	654.823	-67.094
1092	655.023	-66.567
1093	655.096	-66.562
1094	655.120	-67.121
1095	655.427	-66.378
1096	655.463	-65.933
1097	655.962	-65.549
1098	656.011	-65.232
1099	656.024	-66.636
1100	656.110	-66.571
1101	656.297	-66.289
1102	656.857	-66.156
1103	657.075	-67.120
1104	657.164	-66.935
1105	657.820	-67.125
1106	657.835	-66.687
1107	657.876	-67.139
1108	657.972	-67.877
1109	658.002	-67.108
1110	658.037	-68.406
1111	658.067	-65.571
1112	658.108	-67.143
1113	658.386	-66.744
1114	658.711	-67.290
1115	658.898	-66.605
1116	658.942	-67.378
1117	659.038	-66.544
1118	659.138	-66.540
1119	659.155	-66.491
1120	660.532	-66.697
1121	660.609	-66.558
1122	660.614	-67.585
1123	661.540	-66.109
1124	661.739	-66.313
1125	661.777	-67.123
1126	661.964	-67.170
1127	662.137	-67.266
1128	662.183	-42.404
1129	663.856	-67.282
1130	664.261	-66.630
1131	664.325	-68.286
1132	667.174	-66.174
1133	667.190	-66.728
1134	667.320	-66.152
1135	667.599	-66.906
1136	668.001	-66.883
1137	669.034	-66.425
1138	669.749	-67.550
1139	669.887	-66.806
1140	670.604	-66.644
1141	671.531	-66.994
1142	671.854	-66.309
1143	672.149	-66.532
1144	672.270	-66.176
1145	672.343	-68.245
1146	672.347	-66.456
1147	677.857	-66.468
1148	679.262	-66.802
1149	680.545	-66.468
1150	686.462	-65.800
1151	688.339	-66.270
1152	689.233	-65.718
1153	689.528	-66.838
1154	689.531	-66.287
1155	690.746	-67.024
1156	690.857	-67.495
1157	691.282	-66.646
1158	691.618	-66.237
1159	692.190	-34.751
1160	692.704	-65.038
1161	692.793	-66.405
1162	693.838	-66.462
1163	694.116	-66.558
1164	694.272	-65.959
1165	694.736	-65.798
1166	694.849	-67.133
1167	695.224	-66.121
1168	695.253	-67.022
1169	695.745	-69.694
1170	696.569	-66.452
1171	696.728	-66.687
1172	697.445	-67.296
1173	698.200	-66.327
1174	698.492	-65.784
1175	699.162	-66.679
1176	699.431	-65.947
1177	699.463	-65.818
1178	699.527	-65.947
1179	699.809	-66.190
1180	699.943	-66.937
1181	700.289	-65.765
1182	701.057	-64.539
1183	701.592	-65.675
1184	701.759	-66.890
1185	701.768	-66.276
1186	701.977	-69.283
1187	702.150	-65.851
1188	702.219	-67.683
1189	702.312	-66.442
1190	702.712	-66.959
1191	702.735	-65.667
1192	702.747	-66.466
1193	703.005	-67.517
1194	703.032	-66.428
1195	703.131	-66.732
1196	703.251	-66.426
1197	703.583	-66.648
1198	704.204	-95.427
1199	704.481	-66.426
1200	710.558	-67.049
1201	715.177	-65.998
1202	715.275	-66.675
1203	715.756	-66.798
1204	715.761	-67.075
1205	715.791	-66.626
1206	716.124	-66.589
1207	716.230	-66.233
1208	716.389	-67.390
1209	717.004	-67.090
1210	717.074	-66.599
1211	717.193	-66.646
1212	717.235	-65.342
1213	717.317	-66.407
1214	717.492	-68.091
1215	717.557	-68.735
1216	717.806	-66.885
1217	718.196	-67.333
1218	718.345	-66.564
1219	725.438	-71.292
1220	727.942	-67.012
1221	727.978	-66.853
1222	727.986	-55.459
1223	728.000	-65.536
1224	728.085	-66.885
1225	728.174	-67.895
1226	728.190	-67.014
1227	728.520	-64.504
1228	728.902	-66.317
1229	728.907	-65.099
1230	728.997	-66.534
1231	729.056	-66.515
1232	729.203	-65.957
1233	729.349	-66.564
1234	730.294	-66.814
1235	730.329	-66.818
1236	730.620	-66.791
1237	731.262	-65.690
1238	731.335	-67.165
1239	731.760	-66.587
1240	732.426	-9.743
1241	732.580	-66.199
1242	732.910	-67.785
1243	734.829	-67.045
1244	745.302	-66.217
1245	746.035	-67.674
1246	746.217	-66.233
1247	746.326	-66.421
1248	746.517	-66.851
1249	746.622	-66.393
1250	750.443	-66.505
1251	750.468	-66.771
1252	750.471	-66.381
1253	750.577	-66.137
1254	750.599	-66.575
1255	750.658	-66.789
1256	750.700	-66.986
1257	750.753	-66.070
1258	750.757	-66.744
1259	750.854	-66.248
1260	750.931	-66.828
1261	750.961	-66.659
1262	751.000	-66.162
1263	751.030	-66.362
1264	751.043	-67.018
1265	751.054	-66.503
1266	751.162	-66.787
1267	751.293	-68.271
1268	756.793	-66.477
1269	756.804	-67.276
1270	757.877	-66.515
1271	758.295	-66.795
1272	758.767	-66.781
1273	758.918	-66.883
1274	759.242	-66.039
1275	759.285	-66.426
1276	759.803	-66.272
1277	760.192	-65.518
1278	760.671	-66.937
1279	760.715	-66.943
1280	760.726	-66.190
1281	760.851	-66.174
1282	761.017	-65.622
1283	761.635	-75.364
1284	762.188	-66.413
1285	763.285	-66.605
1286	763.901	-66.675
1287	764.019	-66.720
1288	764.076	-66.190
1289	764.485	-66.832
1290	764.568	-67.296
1291	764.960	-67.080
1292	765.182	-69.804
1293	765.579	-65.833
1294	766.726	-65.730
1295	767.006	-66.859
1296	768.298	-82.437
1297	768.449	-65.040
1298	768.728	-66.642
1299	770.035	-66.291
1300	770.238	-69.085
1301	770.719	-65.788
1302	770.769	-67.104
1303	771.175	-67.666
1304	771.241	-65.857
1305	771.424	-67.002
1306	771.605	-67.276
1307	771.836	-66.654
1308	771.919	-66.332
1309	771.944	-67.043
1310	772.019	-66.011
1311	772.063	-66.708
1312	772.642	-67.016
1313	772.761	-66.164
1314	772.962	-66.716
1315	773.075	-67.214
1316	773.118	-66.636
1317	773.301	-67.102
1318	773.366	-66.622
1319	778.909	-66.795
1320	779.390	-60.062
1321	780.117	-65.814
1322	780.243	-66.937
1323	780.595	-66.405
1324	780.655	-66.387
1325	780.825	-65.649
1326	781.323	-66.722
1327	781.902	-67.732
1328	782.191	-65.514
1329	782.539	-67.112
1330	782.610	-66.573
1331	783.909	-67.323
1332	783.963	-66.881
1333	784.158	-66.176
1334	784.529	-67.053
1335	784.917	-66.356
1336	784.982	-66.231
1337	785.032	-66.791
1338	785.049	-89.673
1339	785.276	-66.806
1340	785.649	-66.006
1341	786.991	-78.414
1342	787.902	-66.560
1343	787.912	-66.708
1344	787.983	-66.327
1345	787.991	-66.887
1346	788.094	-67.948
1347	788.159	-67.219
1348	788.328	-66.227
1349	788.472	-65.872
1350	788.586	-89.679
1351	788.975	-66.718
1352	789.027	-67.401
1353	789.279	-66.450
1354	789.609	-67.120
1355	789.697	-92.150
1356	789.803	-66.783
1357	789.861	-64.739
1358	790.081	-66.595
1359	790.132	-66.659
1360	791.987	-67.039
1361	792.305	-66.638
1362	800.475	-66.605
1363	800.556	-66.209
1364	800.573	-65.962
1365	800.695	-66.143
1366	800.711	-66.704
1367	801.076	-66.622
1368	801.492	-66.497
1369	801.552	-64.933
1370	801.592	-67.018
1371	802.275	-65.951
1372	802.431	-67.384
1373	802.683	-65.659
1374	802.790	-68.020
1375	802.966	-66.879
1376	803.550	-66.822
1377	803.813	-66.160
1378	803.825	-66.900
1379	804.764	-67.378
1380	804.807	-66.520
1381	804.898	-66.205
1382	805.520	-44.599
1383	805.704	-67.055
1384	807.444	-67.429
1385	807.569	-68.196
1386	810.474	-67.501
1387	811.426	-66.971
1388	812.410	-68.275
1389	812.485	-66.796
1390	814.007	-65.910
1391	814.276	-66.685
1392	814.343	-67.480
1393	814.359	-67.033
1394	814.581	-66.816
1395	815.401	-67.593
1396	815.793	-66.657
1397	816.932	-67.010
1398	817.532	-67.231
1399	818.768	-66.977
1400	819.475	-67.740
1401	819.529	-66.898
1402	819.612	-67.901
1403	819.691	-67.137
1404	823.614	-68.439
1405	823.714	-66.401
1406	825.702	-67.762
1407	825.954	-66.485
1408	826.012	-67.067
1409	826.030	-66.567
1410	826.183	-66.595
1411	826.519	-66.023
1412	826.558	-67.031
1413	827.209	-66.562
1414	827.351	-66.595
1415	827.374	-68.024
1416	827.395	-65.497
1417	827.457	-66.123
1418	827.580	-65.395
1419	827.747	-66.526
1420	827.780	-65.788
1421	828.325	-67.268
1422	829.278	-66.585
1423	829.602	-66.033
1424	829.898	-65.984
1425	830.069	-66.935
1426	830.521	-67.114
1427	830.796	-66.618
1428	830.854	-65.822
1429	831.814	-66.199
1430	832.635	-66.881
1431	832.722	-65.790
1432	832.875	-67.223
1433	832.882	-65.160
1434	832.934	-66.624
1435	833.080	-66.556
1436	833.342	-67.488
1437	833.395	-66.315
1438	833.508	-66.769
1439	833.532	-67.298
1440	833.606	-66.303
1441	833.636	-67.108
1442	833.646	-67.272
1443	833.823	-66.362
1444	833.830	-66.385
1445	833.979	-65.917
1446	834.050	-66.689
1447	834.134	-65.690
1448	834.242	-66.926
1449	834.791	-66.716
1450	834.957	-66.472
1451	834.979	-66.689
1452	835.043	-66.573
1453	835.118	-67.029
1454	835.123	-66.540
1455	835.142	-65.475
1456	835.172	-66.520
1457	835.412	-67.376
1458	835.609	-66.270
1459	835.669	-66.154
1460	835.730	-66.113
1461	835.754	-66.851
1462	835.774	-66.885
1463	835.800	-66.340
1464	835.807	-65.959
1465	835.926	-66.397
1466	836.182	-66.053
1467	836.805	-65.947
1468	836.978	-66.738
1469	838.013	-66.871
1470	843.901	-66.332
1471	843.918	-66.101
1472	844.375	-66.479
1473	844.890	-66.332
1474	844.989	-66.139
1475	846.082	-66.840
1476	847.509	-65.816
1477	847.573	-66.452
1478	847.891	-65.520
1479	847.926	-66.986
1480	848.010	-66.446
1481	848.361	-65.943
1482	848.664	-66.274
1483	848.726	-67.552
1484	848.894	-66.080
1485	848.974	-66.659
1486	850.105	-66.652
1487	851.650	-66.133
1488	851.796	-67.018
1489	851.816	-65.506
1490	851.868	-66.348
1491	851.946	-66.379
1492	851.979	-65.837
1493	852.038	-66.505
1494	852.075	-67.043
1495	852.311	-65.962
1496	852.515	-68.500
1497	852.740	-66.379
1498	852.742	-66.004
1499	852.872	-66.008
1500	854.160	-89.260
1501	854.342	-83.610
1502	856.825	-65.869
1503	857.023	-66.096
1504	857.518	-66.640
1505	858.385	-64.817
1506	858.688	-66.652
1507	859.372	-66.616
1508	863.450	-66.650
1509	863.471	-66.518
1510	864.067	-66.168
1511	864.907	-67.875
1512	865.827	-67.478
1513	866.032	-67.564
1514	866.091	-66.522
1515	866.141	-66.751
1516	866.319	-66.211
1517	866.524	-67.339
1518	867.528	-68.615
1519	868.125	-66.699
1520	868.176	-64.075
1521	868.186	-66.614
1522	868.284	-99.260
1523	868.429	-67.995
1524	868.997	-66.307
1525	869.126	-66.546
1526	869.225	-66.387
1527	869.374	-66.612
1528	869.524	-66.714
1529	869.884	-67.337
1530	870.480	-66.115
1531	870.555	-66.748
1532	870.580	-66.013
1533	870.773	-66.965
1534	870.906	-65.297
1535	871.514	-66.569
1536	871.601	-67.215
1537	871.616	-65.610
1538	871.844	-65.917
1539	871.952	-67.519
1540	872.433	-66.569
1541	872.988	-66.693
1542	873.214	-66.714
1543	873.318	-67.697
1544	873.348	-67.096
1545	873.388	-65.753
1546	875.046	-66.565
1547	875.267	-66.612
1548	875.311	-65.970
1549	875.366	-65.177
1550	875.423	-66.744
1551	875.878	-67.123
1552	875.993	-66.669
1553	876.431	-65.686
1554	877.326	-65.207
1555	881.434	-64.907
1556	882.246	-67.075
1557	882.919	-66.193
1558	883.206	-93.510
1559	884.018	-66.011
1560	885.192	-66.215
1561	885.555	-66.495
1562	885.558	-66.697
1563	886.529	-65.790
1564	886.562	-66.174
1565	886.751	-66.090
1566	886.820	-67.315
1567	886.901	-65.802
1568	886.979	-65.857
1569	887.331	-65.955
1570	888.818	-65.902
1571	888.852	-66.056
1572	888.862	-65.757
1573	888.982	-64.576
1574	889.038	-65.181
1575	889.205	-66.268
1576	889.515	-66.078
1577	890.915	-66.303
1578	891.091	-66.953
1579	892.677	-66.327
1580	892.842	-66.669
1581	892.914	-65.602
1582	893.236	-66.080
1583	893.521	-66.530
1584	893.530	-66.033
1585	893.827	-43.959
1586	894.201	-66.824
1587	894.568	-65.183
1588	899.033	-66.423
1589	899.362	-66.254
1590	899.686	-67.057
1591	899.910	-66.444
1592	900.278	-65.945
1593	901.121	-66.133
1594	901.827	-67.106
1595	902.248	-65.632
1596	903.683	-65.870
1597	903.955	-65.874
1598	904.738	-69.535
1599	904.872	-65.634
1600	904.906	-66.045
1601	904.953	-66.054
1602	905.694	-65.992
1603	905.785	-66.818
1604	906.040	-66.286
1605	908.536	-66.648
1606	908.819	-66.039
1607	908.937	-66.323
1608	913.640	-66.475
1609	913.855	-66.309
1610	914.027	-67.035
1611	914.045	-66.517
1612	914.312	-66.409
1613	914.322	-66.959
1614	914.405	-66.045
1615	914.432	-66.426
1616	914.771	-66.152
1617	914.868	-66.845
1618	914.969	-65.986
1619	915.111	-66.227
1620	915.216	-66.021
1621	915.264	-74.430
1622	916.662	-66.857
1623	916.824	-66.286
1624	916.832	-66.366
1625	916.843	-67.280
1626	916.852	-66.233
1627	917.736	-68.468
1628	917.783	-65.712
1629	917.852	-65.614
1630	917.949	-65.506
1631	917.971	-66.636
1632	918.097	-66.507
1633	919.451	-66.493
1634	919.485	-66.037
1635	919.572	-66.068
1636	920.459	-66.127
1637	920.673	-66.421
1638	920.856	-66.581
1639	921.147	-66.123
1640	921.368	-67.401
1641	921.477	-66.885
1642	921.934	-66.683
1643	922.367	-65.530
1644	924.042	-66.988
1645	924.676	-68.032
1646	924.753	-66.941
1647	925.468	-66.685
1648	925.564	-81.905
1649	925.646	-65.837
1650	925.748	-68.907
1651	925.808	-67.854
1652	925.926	-67.664
1653	925.973	-67.133
1654	926.037	-68.394
1655	926.111	-66.855
1656	926.153	-66.544
1657	926.331	-65.894
1658	926.348	-65.767
1659	926.675	-67.057
1660	926.677	-68.486
1661	927.138	-66.898
1662	927.326	-67.472
1663	927.610	-65.972
1664	927.837	-66.802
1665	927.960	-65.788
1666	928.086	-67.768
1667	928.180	-66.534
1668	928.198	-66.425
1669	928.224	-67.184
1670	928.550	-67.507
1671	928.615	-67.114
1672	929.350	-66.372
1673	929.419	-66.560
1674	929.496	-67.096
1675	929.669	-66.808
1676	931.498	-67.110
1677	932.116	-66.937
1678	932.307	-67.493
1679	933.454	-67.112
1680	933.496	-66.511
1681	933.652	-67.296
1682	934.130	-77.717
1683	934.139	-66.329
1684	934.219	-66.924
1685	934.955	-67.707
1686	934.959	-65.332
1687	935.244	-66.847
1688	935.337	-66.732
1689	935.990	-67.756
1690	938.821	-66.945
1691	939.682	-67.470
1692	939.983	-64.314
1693	940.105	-66.552
1694	940.593	-66.632
1695	940.991	-65.589
1696	941.334	-66.667
1697	941.370	-95.637
1698	941.376	-66.094
1699	941.750	-66.665
1700	941.917	-66.064
1701	942.320	-66.419
1702	943.395	-65.285
1703	944.417	-84.272
1704	944.542	-66.037
1705	944.618	-65.686
1706	944.923	-66.943
1707	945.105	-66.015
1708	945.184	-67.004
1709	945.375	-67.227
1710	945.437	-66.863
1711	945.576	-65.927
1712	945.644	-66.730
1713	945.920	-66.148
1714	945.984	-63.067
1715	949.053	-65.955
1716	949.057	-66.272
1717	949.068	-65.393
1718	949.107	-67.065
1719	949.204	-67.000
1720	949.223	-66.033
1721	949.316	-56.463
1722	949.335	-9.165
1723	949.384	-65.369
1724	949.879	-66.771
1725	949.949	-66.804
1726	950.019	-66.661
1727	950.086	-67.905
1728	950.123	-66.342
1729	950.257	-66.634
1730	950.268	-66.955
1731	950.315	-66.511
1732	950.345	-66.937
1733	950.348	-67.108
1734	950.376	-65.710
1735	950.405	-65.921
1736	950.429	-66.468
1737	950.435	-66.808
1738	950.444	-67.092
1739	956.212	-22.887
1740	958.185	-65.915
1741	958.199	-66.926
1742	958.223	-66.080
1743	958.243	-66.479
1744	959.019	-66.366
1745	959.031	-66.184
1746	965.026	-66.564
1747	966.351	-66.577
1748	969.055	-66.904
1749	969.309	-65.269
1750	971.938	-67.041
1751	972.273	-66.436
1752	972.310	-65.222
1753	972.451	-66.562
1754	972.808	-66.088
1755	972.859	-66.178
1756	973.204	-66.953
1757	973.266	-66.863
1758	973.379	-66.716
1759	973.429	-31.088
1760	973.580	-67.405
1761	973.616	-66.857
1762	973.793	-66.354
1763	973.800	-66.489
1764	974.410	-67.683
1765	974.469	-67.078
1766	975.542	-66.892
1767	976.394	-66.704
1768	976.631	-66.526
1769	976.839	-66.732
1770	977.065	-66.834
1771	979.319	-67.243
1772	979.494	-66.834
1773	980.799	-67.061
1774	980.946	-67.082
1775	981.757	-66.783
1776	981.758	-68.067
1777	981.874	-67.022
1778	982.147	-67.325
1779	982.158	-67.161
1780	982.620	-65.156
1781	982.728	-66.599
1782	982.851	-66.744
1783	982.874	-66.100
1784	982.961	-66.479
1785	982.962	-67.251
1786	983.061	-66.468
1787	983.113	-66.419
1788	983.177	-66.710
1789	983.270	-67.711
1790	983.291	-66.873
1791	983.315	-66.618
1792	983.460	-66.413
1793	983.487	-67.770
1794	983.674	-67.517
1795	983.684	-67.026
1796	983.722	-66.738
1797	985.072	-67.182
1798	985.167	-66.325
1799	985.274	-67.509
1800	987.823	-67.204
1801	988.127	-68.018
1802	988.225	-68.306
1803	989.187	-67.374
1804	989.439	-66.967
1805	989.484	-67.167
1806	990.750	-66.867
1807	991.379	-66.507
1808	991.527	-66.836
1809	991.602	-67.351
1810	991.629	-67.182
1811	991.633	-67.748
1812	994.349	-67.409
1813	995.078	-66.918
1814	995.129	-67.065
1815	996.608	-67.828
1816	1000.105	-66.207
1817	1000.254	-66.607
1818	1000.379	-70.070
1819	1000.392	-66.442
1820	1000.555	-65.181
1821	1001.591	-65.628
1822	1002.339	-66.387
1823	1002.429	-66.939
1824	1002.462	-65.835
1825	1002.690	-67.899
1826	1003.120	-68.709
1827	1003.158	-66.640
1828	1003.484	-66.530
1829	1003.522	-66.231
1830	1003.715	-66.943
1831	1003.744	-66.311
1832	1004.171	-67.018
1833	1004.272	-67.382
1834	1004.353	-67.188
1835	1004.379	-65.823
1836	1004.462	-66.626
1837	1004.483	-66.145
1838	1004.498	-66.272
1839	1004.552	-66.419
1840	1004.663	-66.626
1841	1006.162	-67.186
1842	1006.231	-65.483
1843	1007.102	-65.696
1844	1007.427	-66.000
1845	1009.582	-67.392
1846	1010.161	-66.088
1847	1016.225	-65.949
1848	1016.249	-66.843
1849	1016.291	-66.029
1850	1016.326	-65.782
1851	1016.974	-65.585
1852	1018.381	-65.354
1853	1018.642	-65.508
1854	1022.205	-67.151
1855	1022.284	-66.810
1856	1022.429	-65.123
1857	1022.470	-66.448
1858	1022.556	-66.203
1859	1029.462	-65.694
1860	1029.474	-67.507
1861	1029.582	-65.761
1862	1029.647	-66.000
1863	1029.677	-81.660
1864	1029.945	-67.053
1865	1030.057	-66.609
1866	1030.555	-65.733
1867	1030.717	-67.331
1868	1030.761	-67.206
1869	1030.863	-65.730
1870	1030.936	-65.602
1871	1031.023	-65.569
1872	1031.139	-66.227
1873	1031.214	-66.278
1874	1031.243	-65.428
1875	1031.575	-66.088
1876	1031.724	-66.137
1877	1031.781	-66.023
1878	1031.969	-67.120
1879	1031.996	-65.587
1880	1032.106	-65.943
1881	1034.179	-66.540
1882	1034.208	-66.133
1883	1037.317	-66.289
1884	1038.009	-66.990
1885	1038.543	-66.769
1886	1039.460	-66.109
1887	1039.707	-66.440
1888	1040.865	-66.714
1889	1041.011	-66.892
1890	1041.681	-65.929
1891	1042.694	-66.562
1892	1042.756	-66.673
1893	1043.029	-67.014
1894	1043.878	-66.689
1895	1044.306	-66.683
1896	1044.358	-66.309
1897	1047.346	-66.037
1898	1047.497	-66.458
1899	1047.835	-66.254
1900	1048.915	-66.769
1901	1048.931	-65.882
1902	1049.171	-66.483
1903	1049.252	-66.777
1904	1049.262	-66.031
1905	1049.775	-66.039
1906	1049.952	-66.133
1907	1050.056	-67.016
1908	1050.087	-67.801
1909	1050.183	-66.372
1910	1051.266	-66.315
1911	1051.399	-65.679
1912	1051.510	-69.659
1913	1051.580	-66.280
1914	1052.819	-67.227
1915	1059.475	-84.822
1916	1059.979	-67.587
1917	1060.023	-66.930
1918	1060.293	-66.816
1919	1060.817	-66.470
1920	1062.080	-66.546
1921	1062.297	-66.164
1922	1062.410	-66.211
1923	1071.254	-66.904
1924	1074.654	-65.808
1925	1076.687	-66.636
1926	1076.712	-65.876
1927	1076.939	-66.501
1928	1077.121	-66.475
1929	1078.097	-66.389
1930	1078.177	-66.481
1931	1078.493	-65.236
1932	1078.518	-65.833
1933	1078.593	-66.260
1934	1078.607	-41.428
1935	1079.190	-65.667
1936	1079.259	-65.359
1937	1079.459	-66.965
1938	1080.005	-64.343
1939	1080.233	-66.143
1940	1080.505	-66.806
1941	1080.589	-67.728
1942	1080.766	-65.810
1943	1081.021	-66.289
1944	1081.033	-66.896
1945	1081.044	-66.663
1946	1081.196	-67.067
1947	1081.482	-66.141
1948	1081.808	-66.961
1949	1081.838	-65.802
1950	1081.889	-65.874
1951	1081.893	-65.861
1952	1081.915	-65.986
1953	1082.050	-65.391
1954	1082.066	-66.203
1955	1082.320	-66.934
1956	1084.940	-66.145
1957	1085.035	-66.368
1958	1085.556	-66.518
1959	1085.855	-66.458
1960	1085.891	-67.057
1961	1085.967	-66.781
1962	1086.027	-66.423
1963	1086.062	-65.992
1964	1088.036	-65.332
1965	1088.061	-66.759
1966	1088.133	-67.168
1967	1088.388	-66.677
1968	1088.490	-67.388
1969	1088.521	-66.338
1970	1088.905	-66.019
1971	1090.120	-67.212
1972	1092.454	-65.782
1973	1092.700	-66.182
1974	1093.430	-82.913
1975	1094.754	-67.298
1976	1094.921	-66.509
1977	1099.495	-66.184
1978	1099.686	-67.104
1979	1100.121	-66.569
1980	1100.253	-67.799
1981	1100.414	-66.379
1982	1100.666	-67.830
1983	1100.714	-65.671
1984	1100.901	-65.350
1985	1101.262	-65.820
1986	1101.432	-66.971
1987	1101.520	-66.240
1988	1102.003	-66.542
1989	1102.053	-66.006
1990	1102.356	-67.076
1991	1102.390	-66.356
1992	1102.419	-66.174
1993	1102.496	-65.657
1994	1102.522	-66.720
1995	1102.739	-63.733
1996	1102.834	-67.476
1997	1102.874	-66.587
1998	1102.912	-66.374
1999	1103.821	-66.045
2000	1103.858	-66.291
