1 46.083 47.8 1.27 0.00
2 46.758 41.0 1.51 0.00
3 47.318 114.3 0.81 0.00
4 47.571 56.3 1.52 0.00
5 47.851 95.6 1.54 0.00
6 48.144 80.2 1.55 -0.00
7 48.479 93.9 1.50 0.00
8 48.718 56.3 1.58 -0.00
9 49.510 141.7 0.97 0.01
10 49.803 148.5 1.51 0.01
11 49.953 88.7 1.56 0.00
12 50.206 114.3 1.45 0.00
13 50.513 122.9 1.22 0.00
14 50.984 122.9 1.54 0.00
15 53.285 109.2 1.20 -0.00
16 53.844 73.4 1.22 0.00
17 56.111 153.6 1.25 0.00
18 56.466 81.9 1.27 -0.00
19 56.616 92.2 1.27 -0.00
20 56.787 102.4 1.03 0.00
21 57.019 97.3 1.30 0.00
22 57.558 76.8 1.12 0.00
23 59.791 102.4 1.30 -0.00
24 60.207 169.0 1.23 0.00
25 60.419 160.4 1.11 0.00
26 60.630 122.9 1.01 -0.00
27 61.094 76.8 1.18 0.00
28 61.299 151.9 1.40 -0.00
29 61.443 110.9 1.63 0.00
30 61.866 177.5 1.70 -0.00
31 62.071 131.4 1.58 -0.00
32 63.375 136.5 1.26 -0.00
33 63.627 59.7 1.68 0.00
34 63.791 70.0 1.74 0.00
35 64.125 42.7 1.76 0.00
36 64.358 143.4 1.57 -0.00
37 64.815 117.8 1.82 -0.00
38 65.238 93.9 1.37 -0.00
39 65.614 63.1 1.83 0.00
40 65.887 68.3 1.77 0.00
41 66.365 75.1 1.80 -0.00
42 66.720 63.1 1.74 0.00
43 66.877 54.6 1.53 0.00
44 67.020 129.7 1.67 -0.00
45 67.423 56.3 1.74 -0.00
46 68.433 75.1 1.67 -0.00
47 70.979 63.1 1.59 0.00
48 71.205 80.2 1.54 0.00
49 71.314 61.4 1.62 0.00
50 71.512 42.7 1.61 0.00
51 72.809 110.9 1.70 0.00
52 73.355 70.0 1.64 0.00
53 73.505 114.3 1.53 0.00
54 73.847 124.6 1.49 0.00
55 74.413 97.3 1.59 -0.01
56 74.522 47.8 1.56 -0.00
57 74.625 104.1 1.53 0.00
58 75.062 54.6 0.76 0.00
59 75.451 34.1 1.41 -0.00
60 75.867 129.7 1.45 -0.00
61 76.871 76.8 1.31 -0.00
62 77.308 109.2 1.22 -0.00
63 77.635 97.3 1.46 -0.00
64 77.799 73.4 1.56 -0.00
65 79.076 61.4 1.65 0.00
66 83.841 133.1 0.64 0.00
67 83.943 52.9 1.79 0.00
68 85.302 61.4 1.24 0.00
69 86.435 54.6 1.53 0.00
70 86.701 95.6 1.30 -0.00
71 86.913 116.1 0.85 0.00
72 87.118 102.4 1.70 -0.00
73 87.241 93.9 1.53 -0.00
74 87.793 87.0 1.67 -0.00
75 88.367 59.7 1.43 -0.00
76 89.029 126.3 1.60 -0.00
77 89.275 90.5 1.59 -0.00
78 89.917 83.6 1.48 0.00
79 90.394 54.6 1.45 0.00
80 90.893 110.9 1.61 -0.00
81 91.978 88.7 1.72 0.00
82 92.470 128.0 1.50 0.00
83 93.241 61.4 1.66 -0.00
84 94.026 104.1 1.58 -0.00
85 95.637 97.3 1.66 0.00
86 95.979 122.9 1.59 0.00
87 96.108 124.6 1.74 0.00
88 96.559 189.4 1.48 0.00
89 96.955 97.3 1.65 0.00
90 97.760 32.4 1.64 -0.00
91 97.979 47.8 1.73 0.00
92 98.470 165.5 1.43 0.00
93 98.832 102.4 1.04 0.00
94 98.969 59.7 1.76 0.00
95 99.064 109.2 1.08 -0.00
96 99.235 90.5 1.43 0.00
97 99.467 61.4 1.80 -0.00
98 99.597 162.1 1.48 -0.00
99 100.259 102.4 1.51 -0.00
100 100.382 81.9 1.51 0.00
101 101.105 63.1 1.49 -0.00
102 101.420 52.9 1.50 -0.00
103 101.515 49.5 1.58 -0.00
104 101.583 44.4 1.62 0.00
105 102.969 49.5 1.57 -0.00
106 104.362 83.6 1.71 -0.00
107 104.464 81.9 1.67 0.00
108 104.894 63.1 1.60 -0.00
109 105.051 204.8 1.02 0.00
110 105.679 124.6 1.47 0.00
111 105.816 129.7 1.52 -0.00
112 106.212 66.6 1.40 0.00
113 107.229 88.7 1.38 0.00
114 107.420 109.2 1.42 0.00
115 108.021 56.3 1.62 0.00
116 109.270 129.7 1.31 0.00
117 109.932 109.2 1.63 -0.00
118 110.199 116.1 1.18 0.00
119 111.243 122.9 1.43 -0.00
120 111.939 157.0 1.13 0.00
121 112.827 157.0 1.38 -0.00
122 113.114 90.5 1.45 -0.00
123 113.448 41.0 1.42 0.00
124 114.226 116.1 1.72 -0.00
125 114.650 148.5 1.34 -0.00
126 114.779 54.6 1.38 -0.00
127 115.093 97.3 1.32 -0.00
128 115.721 70.0 1.45 0.00
129 116.117 194.6 1.42 0.00
130 116.800 116.1 1.31 -0.00
131 117.332 102.4 1.20 0.00
132 117.565 87.0 1.48 0.00
133 117.954 88.7 1.41 0.00
134 119.135 42.7 1.38 -0.00
135 119.749 87.0 1.45 0.00
136 119.831 34.1 1.41 -0.00
137 121.217 87.0 1.23 -0.00
138 122.425 169.0 1.60 -0.00
139 122.596 95.6 1.52 0.00
140 122.855 141.7 0.88 0.00
141 123.886 179.2 0.68 -0.00
142 124.091 61.4 1.68 -0.00
143 124.391 88.7 1.70 -0.00
144 124.958 97.3 1.60 -0.00
145 125.149 52.9 1.77 0.00
146 125.299 109.2 1.79 -0.00
147 125.429 129.7 1.71 -0.00
148 126.180 104.1 1.66 -0.00
149 127.607 81.9 1.60 0.00
150 128.262 90.5 1.36 0.00
151 128.371 81.9 1.55 0.00
152 129.197 213.3 1.40 0.00
153 129.341 90.5 1.10 0.00
154 129.436 68.3 0.95 0.01
155 129.559 47.8 1.30 -0.00
156 129.716 95.6 1.28 0.00
157 129.825 93.9 1.53 0.00
158 130.064 35.8 1.43 0.00
159 130.194 151.9 1.22 -0.00
160 130.522 54.6 1.41 -0.00
161 131.143 124.6 1.57 -0.00
162 131.532 139.9 1.47 0.00
163 132.303 75.1 1.32 0.00
164 132.515 97.3 1.50 -0.00
165 132.713 61.4 1.55 0.00
166 133.095 121.2 0.81 0.00
167 133.396 70.0 1.50 -0.00
168 134.529 41.0 1.39 0.00
169 135.027 122.9 1.43 0.00
170 136.433 83.6 1.42 0.00
171 136.652 143.4 1.12 0.00
172 137.212 97.3 1.89 -0.00
173 137.574 54.6 2.00 0.00
174 137.792 97.3 1.20 0.00
175 138.188 95.6 1.34 -0.00
176 138.959 66.6 1.87 0.00
177 139.308 97.3 0.96 -0.00
178 140.147 80.2 1.61 -0.00
179 140.427 93.9 1.72 -0.00
180 140.864 66.6 1.67 0.00
181 141.929 163.8 1.75 -0.00
182 144.796 109.2 1.52 -0.00
183 145.247 163.8 1.71 -0.00
184 145.902 107.5 1.52 0.00
185 146.435 175.8 1.63 0.00
186 147.267 47.8 1.88 0.00
187 148.619 117.8 1.66 -0.00
188 148.906 70.0 1.75 -0.00
189 149.411 80.2 1.79 0.00
190 149.602 59.7 1.98 -0.00
191 150.906 54.6 1.74 -0.00
192 151.186 97.3 1.85 0.00
193 151.807 47.8 1.88 -0.00
194 152.674 102.4 1.80 0.00
195 153.773 165.5 1.57 0.00
196 154.108 75.1 1.51 -0.00
197 154.872 59.7 1.88 -0.00
198 156.661 73.4 1.92 -0.00
199 156.961 102.4 1.80 0.00
200 157.173 47.8 1.63 0.00
201 157.323 95.6 1.13 0.00
202 157.514 56.3 1.64 -0.00
203 157.630 95.6 1.58 -0.00
204 157.821 34.1 1.58 0.00
205 159.951 49.5 1.40 0.00
206 160.047 42.7 1.85 -0.00
207 160.245 90.5 1.48 -0.00
208 160.730 129.7 1.91 0.00
209 161.412 97.3 1.37 0.02
210 161.945 216.7 1.67 -0.00
211 162.825 90.5 1.82 0.00
212 163.160 61.4 1.76 0.00
213 164.293 75.1 1.79 -0.00
214 164.696 93.9 1.77 0.00
215 165.488 75.1 1.49 0.00
216 166.191 76.8 1.25 0.00
217 167.420 56.3 1.82 0.00
218 167.631 70.0 0.95 -0.00
219 167.959 68.3 1.65 0.00
220 168.205 42.7 1.96 0.00
221 168.758 76.8 1.09 0.00
222 169.393 35.8 1.86 -0.00
223 169.461 63.1 1.93 0.00
224 169.720 56.3 2.07 -0.00
225 170.130 110.9 1.98 -0.00
226 170.724 163.8 1.86 -0.01
227 170.915 42.7 1.49 -0.00
228 171.147 68.3 1.73 0.00
229 173.393 81.9 2.08 -0.00
230 173.584 73.4 1.85 -0.00
231 174.738 114.3 1.54 -0.00
232 174.847 63.1 1.95 -0.01
233 176.083 90.5 2.03 -0.00
234 176.820 75.1 1.68 -0.00
235 177.421 81.9 1.58 -0.01
236 179.209 81.9 1.65 0.00
237 179.339 68.3 1.94 0.00
238 180.192 158.7 1.92 0.00
239 180.411 64.9 1.92 -0.00
240 180.561 49.5 1.93 -0.00
241 180.930 68.3 1.86 0.00
242 181.128 102.4 1.86 0.00
243 181.489 75.1 1.81 0.00
244 181.667 47.8 1.77 0.00
245 182.179 73.4 1.54 0.00
246 182.466 68.3 1.83 0.00
247 182.800 97.3 1.30 0.00
248 182.971 88.7 1.73 0.00
249 183.107 112.6 1.61 0.01
250 184.254 49.5 1.67 0.00
251 184.377 61.4 1.71 0.00
252 185.101 76.8 1.83 0.00
253 186.289 52.9 1.65 0.00
254 186.978 58.0 1.61 0.00
255 187.197 68.3 1.65 0.00
256 187.306 85.3 1.82 0.00
257 188.330 83.6 1.65 0.00
258 188.808 54.6 1.65 0.00
259 189.272 42.7 1.84 0.00
260 189.367 58.0 1.66 0.00
261 190.938 75.1 1.68 0.00
262 191.579 90.5 1.90 0.00
263 192.057 88.7 1.89 -0.00
264 192.371 41.0 1.82 0.00
265 192.672 68.3 1.63 0.00
266 192.835 59.7 1.92 0.00
267 192.965 83.6 1.69 0.00
268 193.866 100.7 1.87 0.00
269 193.962 78.5 1.70 0.00
270 195.170 88.7 1.46 0.00
271 195.703 56.3 1.68 0.00
272 197.068 100.7 1.58 -0.00
273 198.515 165.5 1.42 -0.00
274 200.024 151.9 1.69 -0.00
275 200.843 83.6 1.47 -0.00
276 201.171 139.9 1.71 -0.00
277 201.710 54.6 1.68 -0.00
278 202.420 81.9 1.72 -0.00
279 203.294 95.6 1.80 -0.00
280 203.594 102.4 1.76 -0.01
281 203.710 95.6 1.85 0.00
282 205.110 88.7 1.77 -0.00
283 205.246 95.6 1.64 -0.00
284 205.601 81.9 1.99 -0.00
285 205.827 49.5 1.94 -0.00
286 206.898 81.9 1.12 -0.00
287 207.028 68.3 1.58 -0.00
288 207.158 71.7 1.61 -0.00
289 207.444 232.1 1.78 -0.00
290 208.011 196.3 1.75 -0.00
291 208.359 274.8 1.34 -0.00
292 209.684 189.4 0.86 0.00
293 211.138 105.8 1.03 -0.00
294 211.377 68.3 1.49 0.00
295 211.697 102.4 1.76 0.00
296 211.923 124.6 1.37 0.00
297 212.114 90.5 1.31 -0.00
298 213.186 80.2 1.52 0.00
299 213.978 138.2 2.00 0.01
300 214.339 110.9 1.20 0.01
301 214.578 104.1 1.32 0.00
302 215.636 88.7 1.12 0.01
303 215.821 75.1 1.40 0.00
304 215.916 80.2 0.98 0.00
305 217.015 76.8 1.11 -0.00
306 217.548 184.3 1.82 -0.00
307 218.067 141.7 1.62 -0.00
308 218.838 93.9 1.50 0.00
309 219.241 54.6 1.48 -0.00
310 221.289 54.6 1.35 -0.00
311 221.466 68.3 1.35 -0.00
312 222.525 66.6 1.30 -0.00
313 222.784 116.1 1.67 -0.00
314 223.637 172.4 1.22 -0.00
315 224.982 42.7 2.05 -0.00
316 226.627 112.6 1.82 -0.01
317 227.699 81.9 1.52 -0.00
318 229.037 68.3 1.51 -0.00
319 229.269 110.9 1.78 0.00
320 229.515 128.0 1.49 0.00
321 229.686 90.5 1.56 -0.00
322 230.239 177.5 1.60 0.00
323 230.546 47.8 1.98 0.00
324 230.607 41.0 1.53 -0.00
325 231.263 70.0 1.71 0.00
326 231.857 128.0 1.79 -0.00
327 231.966 99.0 1.86 0.00
328 232.109 138.2 1.74 0.00
329 232.560 87.0 0.94 0.01
330 233.447 66.6 1.41 0.00
331 233.754 59.7 1.86 0.00
332 233.843 46.1 1.82 0.00
333 234.212 133.1 1.81 0.00
334 234.621 80.2 1.12 0.00
335 234.799 70.0 1.83 0.00
336 235.516 163.8 1.89 0.00
337 236.096 141.7 1.78 0.01
338 236.792 143.4 1.68 0.01
339 237.250 54.6 1.90 0.01
340 237.352 46.1 1.78 0.00
341 237.809 81.9 1.65 -0.00
342 237.960 70.0 1.81 0.00
343 238.274 75.1 1.53 0.00
344 238.724 116.1 1.49 0.00
345 239.141 83.6 1.68 0.00
346 239.318 107.5 1.44 0.00
347 239.933 49.5 1.54 0.00
348 240.185 90.5 1.51 0.00
349 240.445 109.2 1.69 0.00
350 240.567 46.1 1.72 0.00
351 240.793 68.3 1.30 0.00
352 241.503 165.5 1.68 0.00
353 241.769 68.3 1.60 0.00
354 243.660 41.0 1.95 -0.00
355 244.472 121.2 1.56 -0.00
356 244.691 73.4 1.82 -0.00
357 245.053 100.7 1.66 -0.00
358 245.210 78.5 1.64 -0.00
359 245.906 172.4 1.81 0.00
360 246.152 122.9 1.84 -0.00
361 246.466 80.2 1.83 0.00
362 246.964 107.5 1.76 -0.00
363 247.572 39.3 1.69 -0.00
364 248.152 88.7 1.55 -0.00
365 248.807 141.7 1.67 -0.00
366 249.094 83.6 1.76 -0.00
367 249.743 122.9 1.57 -0.00
368 250.452 61.4 1.66 -0.00
369 250.623 100.7 1.65 -0.00
370 250.978 87.0 1.64 -0.00
371 251.074 73.4 1.52 -0.00
372 251.258 100.7 1.61 -0.00
373 251.900 157.0 1.67 -0.00
374 252.371 117.8 1.55 -0.00
375 252.528 116.1 1.52 -0.00
376 252.671 102.4 1.52 0.00
377 253.088 75.1 1.44 0.00
378 253.443 100.7 1.34 0.00
379 253.736 99.0 1.43 0.00
380 254.487 39.3 1.77 0.00
381 255.115 97.3 1.70 0.00
382 255.532 34.1 1.58 -0.00
383 255.811 80.2 1.60 -0.00
384 256.016 97.3 1.33 0.00
385 256.672 196.3 1.55 0.00
386 257.033 143.4 1.49 0.00
387 257.211 157.0 1.46 0.00
388 258.276 73.4 1.37 -0.00
389 259.518 143.4 1.47 -0.01
390 259.996 63.1 1.54 0.00
391 260.126 87.0 1.58 0.00
392 260.310 177.5 1.62 0.00
393 260.631 47.8 1.54 -0.00
394 260.911 114.3 1.56 -0.00
395 261.164 167.3 1.49 -0.00
396 261.853 75.1 1.07 -0.00
397 262.693 116.1 1.62 0.00
398 263.027 136.5 1.76 -0.00
399 263.669 117.8 1.53 -0.00
400 263.840 109.2 1.54 0.05
401 264.017 87.0 1.08 -0.00
402 264.188 68.3 1.55 -0.00
403 264.440 105.8 1.24 -0.00
404 264.707 129.7 1.44 -0.00
405 265.410 54.6 1.44 -0.00
406 265.696 87.0 1.48 -0.00
407 266.611 102.4 1.43 0.00
408 266.761 75.1 1.29 -0.00
409 267.103 87.0 1.24 0.00
410 267.212 76.8 1.27 -0.00
411 267.533 186.0 0.82 0.01
412 269.376 75.1 1.51 -0.00
413 269.492 32.4 1.44 0.00
414 269.956 203.1 1.61 0.00
415 271.096 88.7 1.21 0.00
416 272.032 107.5 1.36 0.00
417 272.591 102.4 0.86 0.00
418 272.980 75.1 1.75 0.01
419 273.499 88.7 1.66 0.00
420 273.636 141.7 1.06 0.00
421 274.025 87.0 1.63 0.00
422 274.919 109.2 1.58 0.00
423 275.834 110.9 1.70 0.00
424 276.128 112.6 1.72 0.01
425 276.496 78.5 1.45 0.00
426 277.001 47.8 1.61 0.00
427 277.206 49.5 1.80 0.00
428 277.479 121.2 1.30 0.00
429 277.868 68.3 1.63 -0.00
430 278.148 116.1 1.76 0.00
431 278.947 47.8 1.69 -0.00
432 279.138 81.9 1.39 0.00
433 279.548 87.0 1.79 -0.00
434 279.664 85.3 1.39 -0.00
435 279.753 75.1 1.77 -0.00
436 281.732 213.3 1.71 -0.00
437 282.101 114.3 1.69 -0.00
438 282.818 66.6 1.65 -0.00
439 282.988 78.5 1.73 -0.00
440 284.060 35.8 1.56 -0.00
441 284.210 61.4 1.53 -0.00
442 284.470 150.2 1.51 -0.00
443 284.668 192.9 1.42 -0.00
444 284.886 88.7 1.37 -0.00
445 285.214 109.2 1.46 -0.00
446 286.095 129.7 1.27 -0.00
447 286.197 47.8 1.59 -0.00
448 286.347 88.7 1.71 -0.00
449 287.023 41.0 1.19 0.00
450 287.289 90.5 1.13 0.00
451 287.658 88.7 1.35 0.00
452 287.781 41.0 1.69 -0.00
453 288.771 114.3 1.39 0.00
454 289.167 90.5 1.60 0.00
455 290.607 95.6 2.00 0.00
456 292.075 54.6 1.68 -0.00
457 292.259 95.6 1.77 -0.00
458 293.174 129.7 1.84 0.00
459 293.727 56.3 1.93 0.00
460 293.822 59.7 1.79 0.00
461 293.938 41.0 1.84 0.00
462 294.054 114.3 0.68 0.00
463 294.505 75.1 1.58 0.00
464 294.614 66.6 1.61 0.00
465 294.764 63.1 1.76 0.00
466 295.113 107.5 1.64 0.00
467 295.331 151.9 1.77 0.00
468 296.341 109.2 1.75 0.00
469 297.167 59.7 2.02 0.00
470 297.427 42.7 1.80 0.00
471 298.062 83.6 1.83 0.00
472 298.403 75.1 1.93 0.00
473 298.826 56.3 2.02 0.00
474 299.215 155.3 1.78 0.00
475 300.683 63.1 1.50 -0.00
476 301.120 56.3 1.90 0.00
477 301.393 61.4 1.65 -0.00
478 301.543 61.4 2.08 0.00
479 301.960 114.3 2.03 -0.00
480 302.069 51.2 2.07 0.00
481 302.567 110.9 1.82 0.00
482 303.195 61.4 1.80 0.00
483 303.537 52.9 1.96 -0.00
484 303.632 73.4 1.94 0.00
485 303.830 81.9 1.89 -0.00
486 304.028 56.3 1.83 -0.00
487 304.561 46.1 1.84 -0.00
488 304.950 104.1 1.48 -0.00
489 305.905 66.6 1.79 -0.00
490 306.759 52.9 1.59 -0.00
491 306.916 81.9 1.75 -0.00
492 307.633 54.6 1.93 -0.00
493 308.964 109.2 0.95 -0.00
494 311.592 54.6 2.04 0.00
495 311.845 61.4 1.79 -0.00
496 312.131 81.9 1.94 0.00
497 312.882 179.2 1.90 0.00
498 313.265 107.5 1.98 -0.00
499 313.510 209.9 1.97 0.00
500 314.057 117.8 1.99 -0.00
501 314.500 52.9 2.02 -0.00
502 315.217 70.0 1.90 -0.00
503 315.490 157.0 1.89 -0.00
504 315.620 41.0 1.93 -0.00
505 315.709 76.8 0.70 -0.01
506 316.446 49.5 1.89 -0.00
507 317.286 75.1 1.89 -0.00
508 317.504 124.6 1.76 -0.00
509 317.627 81.9 1.75 0.00
510 318.501 95.6 1.89 -0.00
511 319.368 129.7 1.56 -0.00
512 319.682 73.4 1.68 0.00
513 319.962 66.6 1.84 0.00
514 320.050 73.4 1.76 0.00
515 320.262 76.8 1.81 0.00
516 320.446 83.6 1.84 -0.00
517 320.610 122.9 1.70 -0.01
518 321.661 83.6 1.69 0.00
519 322.132 83.6 1.79 0.00
520 322.269 186.0 1.92 0.00
521 322.747 150.2 1.93 -0.00
522 322.856 58.0 1.60 -0.00
523 322.952 54.6 1.70 -0.00
524 323.075 37.5 1.62 0.00
525 323.423 88.7 1.73 -0.00
526 323.668 71.7 1.68 0.00
527 324.017 34.1 1.70 0.00
528 324.140 56.3 1.67 0.00
529 325.075 107.5 1.94 -0.00
530 325.778 47.8 1.93 -0.00
531 326.078 179.2 1.89 -0.00
532 326.904 46.1 1.60 -0.00
533 328.488 158.7 1.76 0.00
534 328.659 126.3 1.70 0.00
535 328.911 54.6 1.59 -0.00
536 329.853 63.1 1.75 -0.00
537 330.079 52.9 1.75 0.00
538 330.188 56.3 1.75 0.00
539 330.386 93.9 1.68 0.00
540 330.727 100.7 1.82 -0.00
541 330.836 34.1 1.75 -0.01
542 331.232 128.0 1.89 -0.00
543 331.376 81.9 1.84 -0.00
544 332.652 104.1 1.61 -0.00
545 332.994 136.5 1.57 -0.00
546 333.301 198.0 1.56 -0.00
547 333.567 104.1 1.32 0.00
548 333.751 93.9 1.62 0.00
549 334.543 138.2 1.58 0.00
550 334.680 80.2 1.52 0.00
551 335.253 143.4 1.51 -0.00
552 335.561 68.3 1.52 -0.00
553 335.704 121.2 1.49 0.00
554 335.895 93.9 1.53 -0.00
555 335.997 81.9 1.49 0.00
556 336.325 66.6 0.92 0.00
557 336.585 158.7 0.93 -0.00
558 336.755 97.3 1.61 0.00
559 338.687 104.1 0.84 0.00
560 338.851 184.3 1.72 0.01
561 339.008 88.7 1.51 0.00
562 339.465 75.1 1.87 -0.00
563 339.998 49.5 1.88 -0.00
564 341.070 80.2 1.70 -0.00
565 341.274 88.7 1.62 0.00
566 341.384 90.5 1.57 0.00
567 341.677 68.3 1.69 -0.00
568 342.776 129.7 1.65 -0.00
569 343.855 88.7 1.49 0.00
570 344.749 75.1 1.46 0.00
571 345.063 102.4 1.47 0.00
572 345.289 93.9 1.53 -0.05
573 345.876 97.3 1.53 0.00
574 345.944 85.3 1.61 0.00
575 346.128 151.9 1.58 -0.00
576 346.333 102.4 1.80 0.00
577 346.497 81.9 1.70 0.00
578 347.043 34.1 1.65 0.00
579 347.712 87.0 1.62 0.00
580 348.511 129.7 1.34 -0.00
581 348.668 100.7 1.56 0.00
582 349.084 63.1 1.53 0.00
583 349.712 122.9 1.42 0.00
584 350.518 81.9 1.55 -0.00
585 350.682 54.6 1.63 0.00
586 350.914 54.6 1.62 0.00
587 351.323 109.2 1.04 0.00
588 352.388 42.7 1.70 0.01
589 352.484 110.9 1.63 0.01
590 352.791 102.4 1.38 0.01
591 352.893 66.6 1.54 0.00
592 353.993 97.3 1.49 0.00
593 354.805 88.7 1.30 0.00
594 354.962 59.7 1.53 0.00
595 355.146 145.1 1.29 0.00
596 355.317 81.9 1.45 0.00
597 355.788 151.9 1.35 0.00
598 356.041 49.5 1.34 0.00
599 356.757 80.2 1.78 0.00
600 357.413 122.9 1.21 -0.00
601 358.703 66.6 1.37 -0.00
602 359.044 97.3 1.57 0.00
603 359.331 87.0 1.57 0.00
604 360.785 47.8 1.78 -0.00
605 361.072 124.6 1.75 -0.00
606 361.324 107.5 1.26 -0.01
607 361.427 63.1 1.29 -0.00
608 361.836 102.4 1.25 0.00
609 362.103 90.5 1.14 -0.00
610 362.710 75.1 1.88 -0.00
611 362.888 141.7 1.87 0.00
612 363.570 247.5 1.12 -0.00
613 363.905 70.0 1.81 0.00
614 365.618 104.1 1.25 -0.00
615 366.212 95.6 1.69 -0.00
616 366.588 39.3 1.72 0.00
617 367.666 131.4 0.75 -0.01
618 367.878 134.8 1.65 -0.01
619 368.294 75.1 1.62 -0.00
620 368.847 46.1 1.80 0.00
621 369.059 143.4 1.74 0.00
622 369.284 117.8 1.80 -0.00
623 369.851 49.5 1.60 0.00
624 370.015 87.0 1.69 0.00
625 370.220 54.6 1.59 0.00
626 370.534 95.6 1.52 0.00
627 371.564 52.9 1.47 0.00
628 371.817 97.3 1.63 -0.00
629 372.206 93.9 1.77 -0.00
630 372.568 81.9 1.74 -0.00
631 372.909 216.7 0.92 0.00
632 373.305 59.7 1.86 0.00
633 373.462 73.4 1.60 0.00
634 373.735 88.7 1.80 0.00
635 374.302 59.7 1.65 0.00
636 374.527 95.6 1.49 0.00
637 374.800 68.3 1.42 0.00
638 374.964 134.8 1.40 -0.00
639 375.490 47.8 1.44 0.00
640 375.817 39.3 1.87 0.00
641 376.643 102.4 1.61 -0.00
642 377.094 63.1 1.66 -0.00
643 377.347 177.5 0.65 0.00
644 377.531 109.2 1.56 -0.00
645 378.507 73.4 1.13 0.00
646 382.419 165.5 1.66 -0.01
647 382.972 95.6 1.48 -0.00
648 383.538 88.7 1.63 -0.00
649 383.866 102.4 1.69 -0.00
650 384.084 95.6 1.28 -0.00
651 384.241 99.0 1.23 -0.00
652 384.863 145.1 1.41 -0.00
653 386.139 80.2 1.50 0.00
654 387.197 114.3 1.39 -0.00
655 388.290 97.3 1.67 -0.00
656 388.570 129.7 1.57 -0.00
657 388.754 95.6 1.32 -0.00
658 388.849 59.7 1.20 0.00
659 389.409 76.8 1.15 0.00
660 390.536 121.2 1.31 0.00
661 391.075 90.5 1.40 -0.00
662 391.314 102.4 1.14 -0.00
663 391.587 116.1 1.05 0.00
664 392.468 97.3 1.48 0.00
665 392.720 87.0 1.50 -0.00
666 393.239 266.2 0.81 -0.00
667 394.256 61.4 1.40 -0.00
668 394.652 124.6 0.71 -0.01
669 395.185 92.2 1.48 0.00
670 396.215 124.6 1.13 0.00
671 396.489 47.8 1.29 0.00
672 396.625 64.9 1.21 0.00
673 398.687 143.4 1.59 -0.00
674 398.789 46.1 1.68 0.00
675 399.096 56.3 1.60 0.00
676 399.793 81.9 1.58 -0.00
677 399.888 63.1 1.59 0.00
678 400.311 70.0 1.45 0.00
679 400.550 131.4 1.63 -0.00
680 400.919 122.9 1.48 0.00
681 401.547 136.5 1.66 0.01
682 402.018 186.0 1.49 0.01
683 403.151 129.7 1.33 0.00
684 403.622 102.4 1.55 0.00
685 404.367 87.0 1.82 -0.00
686 405.247 93.9 1.92 0.00
687 406.217 66.6 1.82 0.00
688 406.722 70.0 1.89 0.00
689 406.872 47.8 1.96 0.00
690 408.265 39.3 1.56 -0.00
691 408.544 39.3 1.56 0.00
692 408.838 116.1 1.59 0.00
693 410.326 81.9 1.55 -0.01
694 411.889 158.7 1.50 -0.00
695 412.101 128.0 1.36 -0.00
696 412.995 102.4 1.06 0.00
697 413.159 54.6 1.46 -0.00
698 413.412 52.9 1.73 -0.00
699 414.204 141.7 1.65 0.00
700 414.641 56.3 1.25 0.00
701 415.794 109.2 1.58 0.00
702 416.218 134.8 1.78 -0.00
703 416.491 54.6 1.63 0.00
704 417.296 114.3 1.58 0.00
705 417.549 95.6 1.33 -0.00
706 417.760 88.7 1.55 0.00
707 418.559 47.8 1.57 0.00
708 419.515 85.3 1.32 0.00
709 421.344 54.6 1.44 0.00
710 421.420 81.9 1.24 0.00
711 421.672 134.8 1.18 0.01
712 421.877 117.8 1.41 0.00
713 422.123 81.9 1.13 0.00
714 422.942 49.5 1.51 -0.00
715 423.577 87.0 1.36 -0.00
716 423.713 90.5 1.30 -0.00
717 424.123 54.6 1.58 0.00
718 424.348 145.1 1.40 -0.00
719 425.024 131.4 1.38 0.00
720 425.406 114.3 1.20 -0.00
721 428.035 131.4 1.52 0.00
722 428.192 112.6 1.54 0.00
723 428.949 63.1 1.55 -0.00
724 429.079 70.0 1.54 -0.00
725 429.195 68.3 1.43 -0.00
726 429.270 52.9 1.42 -0.00
727 429.366 52.9 1.73 0.00
728 429.530 78.5 1.16 -0.00
729 430.287 110.9 1.32 -0.00
730 431.188 107.5 1.66 -0.00
731 431.578 124.6 1.52 -0.00
732 431.755 102.4 1.43 -0.00
733 432.083 220.2 1.50 -0.00
734 432.800 107.5 1.34 -0.00
735 432.984 175.8 1.17 -0.04
736 433.824 146.8 1.36 -0.00
737 434.151 116.1 1.56 -0.00
738 434.431 129.7 1.49 -0.00
739 435.366 66.6 1.65 0.01
740 435.469 81.9 1.67 0.01
741 437.339 47.8 1.61 0.00
742 438.370 128.0 1.19 -0.00
743 439.305 259.4 1.39 -0.00
744 440.207 87.0 1.50 -0.00
745 441.285 54.6 1.71 0.00
746 441.381 75.1 1.73 0.00
747 442.323 76.8 1.69 0.00
748 443.401 56.3 1.57 0.00
749 443.702 73.4 1.62 0.00
750 443.866 49.5 1.86 0.00
751 443.948 42.7 1.88 0.00
752 444.576 134.8 1.53 0.00
753 445.053 93.9 1.37 0.00
754 446.917 75.1 1.70 0.00
755 447.095 54.6 1.70 0.00
756 447.231 87.0 1.57 0.00
757 447.347 110.9 1.63 -0.00
758 447.654 68.3 1.66 0.00
759 448.132 131.4 1.60 0.11
760 449.839 61.4 1.71 0.00
761 450.426 110.9 1.81 -0.00
762 450.945 199.7 1.73 -0.00
763 451.300 56.3 1.82 0.00
764 451.566 47.8 1.75 -0.00
765 452.208 63.1 1.56 -0.00
766 452.297 47.8 1.88 -0.00
767 452.372 75.1 1.71 0.00
768 452.658 129.7 0.65 -0.00
769 453.075 80.2 1.57 0.00
770 453.300 63.1 1.63 -0.00
771 456.058 138.2 1.21 0.00
772 456.509 186.0 1.65 0.00
773 456.884 63.1 1.65 0.00
774 457.116 97.3 1.62 -0.00
775 458.161 80.2 0.99 -0.00
776 458.297 129.7 1.38 -0.00
777 458.666 97.3 1.40 -0.00
778 459.151 76.8 1.32 0.00
779 459.417 90.5 1.44 -0.00
780 459.697 151.9 1.39 0.00
781 459.785 121.2 1.38 0.00
782 461.383 88.7 1.56 -0.00
783 461.465 66.6 1.44 -0.00
784 461.656 104.1 1.47 0.00
785 462.038 116.1 1.72 0.00
786 462.161 92.2 1.74 0.00
787 462.441 88.7 1.52 0.00
788 462.571 54.6 1.60 0.00
789 462.973 122.9 1.66 0.00
790 463.151 116.1 1.71 0.00
791 463.581 88.7 1.81 0.00
792 463.847 81.9 1.78 0.00
793 464.154 107.5 1.55 -0.00
794 464.325 191.1 1.52 -0.00
795 464.912 56.3 1.69 -0.00
796 465.165 70.0 1.45 0.00
797 465.854 47.8 1.43 -0.00
798 466.482 225.3 1.36 -0.00
799 467.377 121.2 1.56 -0.00
800 468.394 47.8 0.94 0.00
801 469.247 245.8 0.91 0.00
802 469.534 201.4 1.13 0.00
803 470.367 80.2 1.80 -0.00
804 471.896 66.6 1.56 -0.00
805 471.978 59.7 1.67 -0.00
806 472.387 75.1 2.03 0.00
807 472.626 63.1 0.93 -0.00
808 472.838 122.9 1.99 0.00
809 472.995 99.0 1.51 0.00
810 473.691 83.6 1.55 -0.00
811 474.217 88.7 1.96 0.00
812 474.654 128.0 1.63 -0.00
813 476.238 47.8 2.04 -0.00
814 476.613 73.4 2.03 0.00
815 477.596 34.1 1.67 0.00
816 477.658 46.1 1.59 -0.00
817 478.340 54.6 1.65 0.00
818 478.682 70.0 1.67 0.00
819 479.692 68.3 1.80 0.00
820 480.484 80.2 2.07 0.00
821 481.187 76.8 1.67 -0.00
822 481.481 47.8 2.07 0.00
823 481.767 93.9 1.94 -0.00
824 481.917 42.7 1.90 -0.00
825 482.074 107.5 1.70 0.00
826 483.194 83.6 1.69 -0.00
827 483.310 88.7 1.79 -0.00
828 483.501 104.1 1.47 0.00
829 483.924 54.6 2.03 -0.00
830 484.198 52.9 1.51 -0.00
831 484.293 66.6 1.82 -0.00
832 484.812 81.9 1.65 -0.00
833 485.153 75.1 1.39 0.00
834 486.150 150.2 1.81 -0.00
835 487.242 42.7 1.94 -0.00
836 487.843 56.3 1.52 -0.01
837 488.294 81.9 1.30 -0.00
838 488.710 42.7 1.57 -0.00
839 488.881 88.7 1.10 -0.00
840 489.072 143.4 1.49 0.00
841 489.359 95.6 1.89 -0.00
842 489.645 80.2 1.80 -0.00
843 489.761 76.8 1.95 -0.00
844 490.205 83.6 1.69 -0.00
845 490.485 80.2 1.94 -0.00
846 490.567 56.3 1.40 -0.00
847 490.690 52.9 1.56 -0.00
848 491.564 47.8 2.02 -0.00
849 491.741 109.2 1.99 -0.00
850 492.540 124.6 1.97 -0.00
851 492.704 114.3 1.16 -0.00
852 493.482 81.9 1.75 -0.00
853 493.598 92.2 1.82 -0.00
854 493.932 128.0 1.71 -0.00
855 494.472 107.5 1.80 -0.00
856 494.820 83.6 1.64 -0.00
857 495.018 131.4 1.75 -0.00
858 495.817 252.6 1.67 0.00
859 496.957 73.4 1.63 -0.00
860 497.196 102.4 1.49 0.00
861 497.346 80.2 1.33 0.00
862 498.281 95.6 1.64 0.00
863 498.397 47.8 1.52 0.00
864 498.568 88.7 1.53 0.00
865 498.759 88.7 1.73 0.00
866 499.011 134.8 1.57 0.00
867 499.134 87.0 1.54 0.00
868 499.858 87.0 1.54 0.00
869 500.793 66.6 1.68 0.00
870 501.831 121.2 1.44 -0.00
871 502.049 109.2 1.45 0.01
872 502.548 75.1 1.48 0.00
873 503.183 49.5 1.32 0.00
874 503.258 47.8 1.28 0.00
875 503.599 73.4 1.34 0.00
876 504.166 208.2 1.66 0.00
877 504.725 42.7 1.59 -0.00
878 506.097 100.7 1.57 0.00
879 507.388 104.1 1.13 0.00
880 508.152 104.1 1.77 0.00
881 509.245 114.3 1.69 0.00
882 510.173 88.7 1.86 -0.00
883 510.644 116.1 1.80 -0.00
884 511.060 80.2 1.62 -0.00
885 511.368 68.3 1.95 -0.00
886 511.927 35.8 1.75 0.00
887 512.173 56.3 1.72 -0.00
888 513.648 75.1 1.79 0.00
889 513.859 41.0 1.88 0.00
890 514.399 117.8 1.84 -0.00
891 514.699 70.0 1.72 -0.00
892 514.986 75.1 1.26 0.00
893 515.737 81.9 1.65 0.00
894 515.880 83.6 1.65 0.00
895 516.071 68.3 1.73 -0.00
896 516.235 75.1 1.77 -0.00
897 516.925 47.8 1.66 0.00
898 517.266 211.6 1.77 -0.00
899 518.304 102.4 1.56 -0.04
900 518.529 136.5 1.44 -0.04
901 519.976 41.0 1.76 0.00
902 520.229 68.3 1.69 0.00
903 523.430 150.2 1.54 0.00
904 523.560 114.3 1.86 0.00
905 523.833 90.5 1.82 0.00
906 523.942 85.3 1.61 0.00
907 524.113 68.3 1.65 0.00
908 524.577 95.6 1.47 0.00
909 524.987 83.6 1.52 0.00
910 525.888 54.6 1.15 0.00
911 526.277 100.7 1.79 0.00
912 526.653 80.2 1.82 0.00
913 526.755 83.6 1.76 0.00
914 526.864 83.6 1.10 0.00
915 527.083 100.7 1.78 0.00
916 527.206 88.7 1.68 0.00
917 528.038 112.6 1.58 0.00
918 528.728 68.3 1.55 -0.00
919 529.062 129.7 1.36 0.00
920 529.820 80.2 1.81 0.00
921 529.936 78.5 1.54 0.00
922 530.592 83.6 0.79 0.00
923 531.636 81.9 1.78 -0.00
924 532.394 93.9 1.51 -0.00
925 532.517 88.7 1.52 -0.00
926 533.725 122.9 1.54 -0.00
927 534.722 35.8 1.52 -0.00
928 534.872 80.2 0.96 -0.00
929 535.657 95.6 1.57 0.00
930 535.807 87.0 1.58 0.00
931 536.183 114.3 1.64 0.00
932 537.596 49.5 1.87 -0.00
933 538.401 97.3 1.83 -0.00
934 538.538 90.5 1.33 -0.00
935 538.715 61.4 1.82 0.00
936 540.552 81.9 1.68 -0.00
937 540.913 145.1 0.89 0.00
938 541.125 175.8 1.49 0.00
939 541.412 68.3 1.74 -0.00
940 541.794 128.0 1.71 0.00
941 542.443 49.5 1.84 0.00
942 543.255 97.3 1.89 -0.00
943 543.460 34.1 1.89 -0.00
944 544.736 56.3 1.73 -0.00
945 545.201 83.6 1.74 0.00
946 545.638 63.1 1.91 -0.00
947 545.713 32.4 1.87 -0.00
948 545.999 107.5 1.90 0.00
949 546.484 122.9 1.83 -0.00
950 546.703 87.0 1.87 0.00
951 546.900 138.2 1.89 0.00
952 547.529 191.1 0.78 -0.00
953 547.815 87.0 1.57 -0.00
954 548.027 68.3 0.85 -0.00
955 549.030 102.4 1.47 0.00
956 549.775 83.6 1.42 0.00
957 550.252 88.7 1.51 0.00
958 550.484 59.7 1.59 0.00
959 550.717 95.6 1.73 0.00
960 550.860 88.7 1.55 -0.00
961 551.072 81.9 1.49 0.00
962 551.229 109.2 1.69 -0.00
963 552.546 47.8 1.42 0.00
964 552.683 59.7 1.54 -0.00
965 552.840 80.2 1.58 -0.00
966 552.942 54.6 1.28 0.00
967 553.140 68.3 1.18 -0.00
968 553.713 90.5 1.76 -0.00
969 554.499 107.5 1.13 0.01
970 555.120 75.1 1.73 -0.00
971 556.690 184.3 1.07 -0.01
972 557.789 122.9 1.61 -0.00
973 558.158 128.0 1.36 -0.00
974 558.786 128.0 1.64 -0.00
975 559.352 100.7 1.65 -0.00
976 559.489 66.6 1.68 0.00
977 559.851 83.6 1.72 -0.00
978 561.223 117.8 1.70 0.00
979 561.899 61.4 1.87 0.00
980 562.090 41.0 1.76 0.00
981 562.322 129.7 1.40 0.00
982 562.725 73.4 1.63 -0.00
983 563.605 75.1 1.85 0.00
984 563.940 204.8 1.82 0.00
985 564.111 104.1 1.81 -0.00
986 564.937 109.2 1.84 -0.00
987 565.728 47.8 1.80 0.00
988 566.104 95.6 1.77 -0.00
989 566.759 68.3 1.55 -0.00
990 566.950 68.3 1.57 0.00
991 567.319 163.8 0.70 -0.00
992 567.483 80.2 1.85 -0.00
993 567.701 213.3 1.64 -0.00
994 567.879 90.5 1.83 0.00
995 568.166 93.9 1.61 -0.00
996 568.896 107.5 1.60 0.00
997 569.142 128.0 1.66 0.00
998 569.838 25.6 1.59 0.00
999 569.893 56.3 1.60 0.00
1000 570.036 87.0 1.50 0.00
1001 570.910 116.1 1.76 -0.00
1002 571.777 68.3 1.42 0.00
1003 572.405 81.9 1.52 0.00
1004 572.507 95.6 1.49 0.00
1005 573.477 70.0 1.72 0.00
1006 574.173 170.7 1.47 0.00
1007 574.357 119.5 1.66 0.00
1008 574.944 90.5 1.44 -0.00
1009 575.572 129.7 1.56 -0.00
1010 575.968 104.1 1.61 0.00
1011 576.794 70.0 1.67 -0.00
1012 577.033 124.6 1.63 0.00
1013 577.197 87.0 1.37 0.00
1014 577.812 110.9 1.35 -0.00
1015 578.638 61.4 1.27 0.00
1016 579.122 151.9 1.47 0.00
1017 579.266 133.1 1.53 0.00
1018 579.395 114.3 1.54 0.00
1019 579.894 121.2 1.50 0.00
1020 580.290 114.3 1.53 0.00
1021 580.385 46.1 1.40 0.00
1022 580.454 54.6 1.36 0.00
1023 580.856 117.8 1.53 0.00
1024 581.164 97.3 1.18 0.00
1025 582.734 54.6 1.46 0.01
1026 583.655 41.0 1.56 0.00
1027 583.867 213.3 1.54 0.00
1028 584.167 54.6 1.43 0.00
1029 584.870 204.8 1.36 0.00
1030 585.103 81.9 1.27 0.00
1031 585.553 63.1 1.62 0.00
1032 586.311 102.4 1.32 -0.00
1033 588.209 34.1 1.30 -0.00
1034 588.639 97.3 1.22 -0.00
1035 590.605 76.8 1.49 -0.00
1036 590.912 75.1 1.71 0.00
1037 591.028 97.3 1.74 0.00
1038 592.318 75.1 0.90 -0.00
1039 592.455 63.1 2.00 -0.00
1040 592.721 121.2 1.81 -0.00
1041 592.858 92.2 2.01 -0.00
1042 592.967 58.0 1.96 -0.00
1043 593.144 93.9 1.35 -0.00
1044 593.404 121.2 1.38 -0.00
1045 594.332 73.4 1.71 -0.00
1046 594.912 104.1 1.77 -0.00
1047 595.452 88.7 1.44 -0.00
1048 596.995 46.1 1.43 0.00
1049 597.841 107.5 1.42 -0.00
1050 598.251 73.4 1.69 0.00
1051 598.374 95.6 1.60 -0.00
1052 599.363 39.3 1.31 0.02
1053 599.514 70.0 1.40 -0.00
1054 600.210 75.1 1.61 -0.00
1055 600.975 59.7 1.25 0.00
1056 601.507 61.4 1.68 0.00
1057 601.794 88.7 1.51 0.00
1058 603.023 93.9 1.67 0.00
1059 603.193 92.2 1.38 0.00
1060 603.965 49.5 1.55 0.00
1061 604.251 104.1 1.66 -0.00
1062 604.681 121.2 1.58 0.00
1063 605.016 46.1 1.61 0.00
1064 605.118 104.1 1.34 0.28
1065 606.040 128.0 1.60 0.00
1066 606.122 88.7 1.85 0.00
1067 606.736 80.2 1.69 0.00
1068 607.610 83.6 1.66 0.00
1069 608.252 88.7 1.49 0.00
1070 608.846 90.5 1.26 0.00
1071 609.535 100.7 1.80 0.00
1072 609.890 116.1 1.18 -0.00
1073 610.245 87.0 1.71 -0.00
1074 610.791 114.3 1.46 0.00
1075 611.440 81.9 1.79 0.00
1076 611.638 68.3 1.76 -0.00
1077 611.788 54.6 1.49 -0.00
1078 612.368 29.0 1.88 -0.00
1079 612.477 95.6 1.26 0.00
1080 612.778 47.8 1.81 -0.00
1081 612.887 102.4 1.76 -0.00
1082 613.590 52.9 1.82 -0.00
1083 613.699 90.5 1.81 -0.00
1084 614.300 116.1 1.09 -0.00
1085 614.464 85.3 1.15 -0.00
1086 614.546 63.1 1.07 -0.00
1087 615.099 163.8 1.29 -0.00
1088 615.515 129.7 1.15 -0.00
1089 615.727 88.7 1.69 0.00
1090 616.498 107.5 1.57 0.00
1091 617.208 114.3 1.72 -0.00
1092 617.877 88.7 1.78 0.00
1093 618.294 81.9 1.58 0.00
1094 618.737 102.4 1.74 0.00
1095 619.919 141.7 1.54 0.00
1096 620.110 117.8 1.50 -0.00
1097 620.267 138.2 1.44 -0.00
1098 620.444 139.9 1.54 -0.00
1099 620.922 64.9 1.50 0.00
1100 621.052 68.3 1.65 0.00
1101 621.400 95.6 1.43 0.00
1102 622.622 143.4 1.59 -0.00
1103 623.516 107.5 1.64 0.00
1104 623.762 49.5 1.44 0.00
1105 624.943 87.0 1.78 -0.00
1106 625.441 49.5 1.39 0.00
1107 625.708 102.4 1.79 0.00
1108 625.865 175.8 1.50 0.00
1109 626.288 80.2 1.62 -0.00
1110 626.397 64.9 1.62 0.00
1111 627.919 105.8 1.34 -0.00
1112 628.104 87.0 1.74 -0.00
1113 628.336 182.6 1.51 0.00
1114 628.950 102.4 1.47 -0.00
1115 629.264 138.2 1.81 -0.00
1116 629.961 102.4 2.08 0.00
1117 630.288 35.8 2.15 -0.00
1118 630.985 75.1 1.72 -0.00
1119 631.353 80.2 1.67 -0.00
1120 631.442 73.4 1.63 -0.00
1121 631.954 198.0 1.72 0.00
1122 633.415 66.6 1.67 0.00
1123 634.876 102.4 1.63 -0.00
1124 635.285 66.6 1.63 -0.01
1125 635.784 81.9 1.44 -0.00
1126 636.200 76.8 1.49 -0.00
1127 636.774 122.9 1.49 -0.00
1128 639.634 88.7 1.31 -0.00
1129 640.617 46.1 1.63 -0.00
1130 641.525 80.2 1.80 -0.00
1131 641.880 102.4 1.78 0.00
1132 642.044 54.6 1.57 0.00
1133 642.911 47.8 1.74 0.00
1134 643.027 110.9 1.34 0.00
1135 643.395 73.4 1.43 0.00
1136 644.071 107.5 1.50 0.00
1137 644.467 110.9 1.65 0.00
1138 644.611 73.4 1.38 0.00
1139 644.959 87.0 1.82 -0.00
1140 645.334 102.4 1.32 0.00
1141 646.017 66.6 1.70 -0.00
1142 646.208 112.6 1.50 0.00
1143 646.665 63.1 1.49 0.00
1144 647.184 196.3 1.49 -0.00
1145 647.648 66.6 1.59 0.00
1146 647.976 75.1 1.50 0.00
1147 648.788 81.9 1.49 -0.00
1148 650.461 95.6 1.76 -0.00
1149 651.369 145.1 1.54 -0.00
1150 651.512 100.7 1.43 -0.00
1151 651.963 100.7 1.43 0.00
1152 652.093 87.0 1.54 -0.00
1153 653.970 177.5 1.50 0.00
1154 654.489 116.1 1.56 -0.00
1155 654.680 95.6 1.56 -0.00
1156 655.301 102.4 1.71 -0.00
1157 655.492 100.7 1.66 -0.00
1158 655.854 104.1 1.65 -0.00
1159 656.625 110.9 1.65 -0.00
1160 656.762 97.3 1.28 -0.00
1161 657.042 145.1 1.71 0.00
1162 657.404 102.4 1.37 -0.00
1163 657.718 70.0 1.46 0.00
1164 658.134 59.7 1.52 -0.00
1165 659.213 46.1 1.58 0.00
1166 659.288 49.5 1.65 0.00
1167 660.619 66.6 1.38 -0.00
1168 660.790 92.2 1.26 -0.00
1169 661.425 68.3 1.11 -0.00
1170 661.862 88.7 1.68 0.00
1171 662.060 109.2 1.66 0.00
1172 662.394 109.2 1.29 -0.00
1173 662.619 114.3 1.57 -0.00
1174 662.749 109.2 1.54 -0.00
1175 663.329 66.6 1.47 -0.00
1176 664.476 83.6 1.49 -0.00
1177 664.763 100.7 1.49 0.00
1178 664.981 138.2 1.36 -0.00
1179 665.596 109.2 1.81 0.00
1180 666.545 117.8 1.61 0.00
1181 668.388 148.5 1.13 -0.01
1182 668.873 93.9 1.35 0.00
1183 669.187 34.1 1.79 -0.00
1184 669.255 47.8 0.74 -0.00
1185 669.808 80.2 1.30 0.00
1186 670.770 49.5 1.89 -0.00
1187 670.961 136.5 1.88 0.00
1188 671.835 121.2 1.36 -0.00
1189 673.105 61.4 1.84 -0.00
1190 673.836 107.5 1.23 0.00
1191 674.033 83.6 1.27 -0.00
1192 674.293 81.9 1.67 0.00
1193 674.655 83.6 1.32 0.00
1194 674.743 49.5 1.74 0.00
1195 675.337 70.0 1.80 0.00
1196 675.945 76.8 1.66 -0.00
1197 676.628 107.5 1.79 -0.00
1198 678.089 116.1 1.47 0.00
1199 678.498 68.3 1.42 0.00
1200 679.065 158.7 1.34 0.00
1201 679.304 81.9 1.13 0.00
1202 679.399 71.7 1.66 0.00
1203 679.959 73.4 1.62 -0.00
1204 680.259 145.1 0.84 0.00
1205 681.925 157.0 1.65 0.00
1206 682.376 75.1 1.16 0.00
1207 682.717 151.9 0.76 0.00
1208 683.775 41.0 1.79 0.00
1209 685.461 87.0 1.68 0.00
1210 686.390 83.6 1.45 0.00
1211 686.820 87.0 1.57 0.00
1212 687.100 81.9 1.49 0.00
1213 687.339 54.6 1.29 0.00
1214 687.605 87.0 1.51 0.00
1215 687.796 81.9 1.32 -0.00
1216 688.055 109.2 1.47 0.00
1217 688.178 47.8 1.04 0.00
1218 689.196 73.4 1.43 0.00
1219 691.162 100.7 1.42 -0.00
1220 692.384 87.0 1.42 -0.00
1221 692.977 81.9 1.44 -0.00
1222 693.298 68.3 1.71 -0.00
1223 693.551 102.4 1.69 -0.00
1224 693.872 39.3 0.83 -0.00
1225 694.138 87.0 1.82 0.00
1226 694.240 95.6 1.17 -0.01
1227 694.356 88.7 1.11 -0.00
1228 694.671 81.9 1.75 -0.00
1229 695.278 293.5 1.43 -0.00
1230 695.585 70.0 1.30 -0.00
1231 695.729 100.7 1.20 -0.00
1232 695.988 92.2 1.65 -0.00
1233 696.288 117.8 1.57 -0.00
1234 696.534 88.7 1.22 -0.00
1235 697.442 90.5 1.69 0.00
1236 697.640 162.1 0.78 0.00
1237 697.981 136.5 1.44 -0.00
1238 698.767 88.7 1.70 -0.00
1239 698.958 63.1 1.64 -0.00
1240 699.347 107.5 1.77 -0.00
1241 699.777 107.5 1.76 -0.00
1242 700.405 88.7 1.74 -0.00
1243 700.500 66.6 1.62 -0.00
1244 700.760 87.0 1.74 -0.00
1245 701.067 131.4 1.68 -0.00
1246 701.873 76.8 1.15 -0.00
1247 702.234 47.8 1.79 -0.00
1248 702.617 151.9 1.92 -0.01
1249 703.238 88.7 1.71 -0.00
1250 703.627 54.6 1.75 -0.00
1251 704.003 162.1 1.68 -0.00
1252 704.685 54.6 1.62 0.00
1253 704.774 41.0 1.33 -0.00
1254 705.245 90.5 1.50 0.00
1255 705.361 80.2 1.60 0.00
1256 706.706 68.3 1.43 0.00
1257 707.307 104.1 1.35 -0.00
1258 708.652 109.2 1.24 0.00
1259 708.809 97.3 1.77 0.00
1260 709.334 104.1 1.65 -0.00
1261 709.525 150.2 1.74 0.00
1262 710.071 70.0 1.68 0.00
1263 711.607 112.6 1.63 -0.00
1264 711.696 56.3 1.84 -0.00
1265 713.423 41.0 1.93 0.00
1266 714.891 105.8 1.47 -0.00
1267 714.987 87.0 1.77 0.00
1268 715.301 41.0 1.36 -0.00
1269 715.389 46.1 1.44 -0.00
1270 715.936 133.1 1.69 -0.00
1271 716.495 88.7 1.58 -0.00
1272 717.560 75.1 1.64 -0.00
1273 717.799 170.7 1.41 0.00
1274 717.943 128.0 1.26 0.00
1275 718.134 80.2 1.36 0.00
1276 719.970 170.7 1.63 -0.00
1277 720.509 61.4 1.59 -0.00
1278 720.680 116.1 1.46 -0.00
1279 720.994 102.4 1.82 -0.00
1280 721.588 81.9 1.65 -0.00
1281 722.073 42.7 1.66 -0.00
1282 722.155 44.4 1.64 -0.00
1283 722.448 131.4 0.98 -0.00
1284 723.240 63.1 1.75 -0.00
1285 723.670 199.7 1.49 0.00
1286 724.803 199.7 1.31 0.00
1287 725.254 85.3 1.11 -0.00
1288 725.534 68.3 1.77 -0.00
1289 725.711 54.6 1.68 -0.00
1290 725.841 92.2 1.71 -0.00
1291 726.046 81.9 1.55 0.00
1292 726.257 81.9 1.62 -0.00
1293 726.715 52.9 1.69 -0.00
1294 726.851 35.8 1.64 0.00
1295 727.015 88.7 1.64 0.00
1296 727.561 116.1 1.65 0.00
1297 728.155 141.7 1.52 -0.00
1298 728.688 122.9 1.62 -0.00
1299 729.678 281.6 0.94 -0.00
1300 729.951 109.2 1.45 0.01
1301 730.128 177.5 1.47 0.00
1302 730.415 124.6 1.59 0.00
1303 731.371 121.2 1.39 0.00
1304 732.668 81.9 1.60 0.00
1305 732.920 128.0 1.15 0.00
1306 733.098 107.5 1.30 0.00
1307 733.282 61.4 1.71 -0.00
1308 733.542 121.2 1.72 -0.00
1309 734.060 63.1 1.74 0.00
1310 734.729 78.5 1.65 0.00
1311 735.139 198.0 1.75 0.00
1312 735.296 129.7 1.75 0.00
1313 735.433 64.9 1.70 0.00
1314 735.583 66.6 1.48 0.00
1315 735.747 78.5 1.61 0.00
1316 735.897 81.9 1.10 -0.00
1317 736.136 155.3 1.11 0.00
1318 736.566 54.6 1.47 0.00
1319 736.736 83.6 1.51 0.00
1320 737.699 52.9 1.45 0.00
1321 738.600 114.3 1.46 -0.00
1322 738.907 110.9 1.58 0.00
1323 739.112 81.9 1.42 0.00
1324 739.918 102.4 1.45 -0.00
1325 741.379 129.7 1.45 -0.00
1326 741.993 122.9 1.46 -0.00
1327 742.771 107.5 1.38 -0.00
1328 743.085 75.1 1.43 0.00
1329 743.201 107.5 1.40 -0.00
1330 743.747 68.3 1.34 0.00
1331 743.904 83.6 1.34 -0.00
1332 744.171 70.0 1.32 -0.00
1333 744.614 327.7 1.16 0.00
1334 744.915 129.7 1.31 0.00
1335 745.843 61.4 1.11 0.01
1336 746.355 136.5 1.15 0.00
1337 746.888 136.5 1.27 0.00
1338 747.393 129.7 0.95 -0.00
1339 747.905 109.2 1.36 -0.00
1340 748.669 95.6 1.67 0.00
1341 749.175 83.6 1.61 0.00
1342 749.803 90.5 1.84 -0.00
1343 750.260 165.5 1.74 -0.00
1344 750.526 35.8 1.58 0.00
1345 750.595 39.3 1.61 0.00
1346 751.120 70.0 1.57 0.00
1347 751.646 75.1 1.61 0.00
1348 752.124 88.7 1.35 0.00
1349 752.567 95.6 1.36 -0.00
1350 754.841 70.0 1.51 0.00
1351 755.824 145.1 1.24 -0.00
1352 756.056 148.5 1.53 -0.00
1353 756.233 148.5 1.58 -0.00
1354 756.513 54.6 1.38 -0.00
1355 757.012 68.3 1.27 -0.00
1356 757.148 88.7 1.78 -0.00
1357 757.483 107.5 1.74 0.00
1358 758.124 46.1 1.51 0.00
1359 758.991 169.0 1.41 0.01
1360 759.285 141.7 1.33 -0.00
1361 759.695 145.1 1.26 -0.00
1362 760.090 95.6 1.91 0.00
1363 761.155 199.7 1.52 -0.00
1364 761.367 157.0 0.78 -0.00
1365 762.439 122.9 1.31 -0.00
1366 763.224 124.6 1.63 -0.00
1367 764.855 88.7 1.74 0.00
1368 765.272 116.1 1.36 -0.00
1369 765.839 63.1 1.53 0.00
1370 767.934 61.4 1.76 0.00
1371 768.487 95.6 1.74 0.00
1372 768.726 80.2 0.98 0.00
1373 769.737 122.9 1.48 0.00
1374 770.167 83.6 1.74 0.00
1375 770.262 66.6 1.71 0.00
1376 770.481 66.6 1.42 0.00
1377 770.638 76.8 1.64 0.00
1378 771.771 76.8 1.61 0.00
1379 772.481 76.8 1.41 -0.00
1380 772.658 85.3 1.53 -0.00
1381 773.368 102.4 1.03 -0.00
1382 773.935 155.3 1.17 -0.00
1383 774.358 87.0 1.39 -0.00
1384 774.543 95.6 1.12 -0.00
1385 776.864 179.2 1.41 -0.00
1386 777.410 97.3 1.48 -0.00
1387 777.710 129.7 1.41 0.00
1388 777.901 54.6 1.49 -0.00
1389 778.038 51.2 1.25 -0.00
1390 778.113 52.9 1.36 0.00
1391 780.161 155.3 0.85 0.00
1392 780.632 61.4 1.24 -0.00
1393 781.164 221.9 1.05 -0.00
1394 781.711 121.2 1.63 -0.00
1395 782.004 73.4 1.19 0.00
1396 782.700 116.1 1.05 -0.00
1397 783.055 76.8 1.40 -0.00
1398 783.793 35.8 1.24 -0.00
1399 784.366 90.5 1.35 -0.00
1400 784.530 68.3 1.34 0.00
1401 784.953 97.3 1.06 -0.00
1402 785.295 218.5 1.52 -0.00
1403 785.800 416.4 1.47 -0.00
1404 786.899 228.7 0.98 -0.00
1405 787.718 129.7 1.37 0.00
1406 787.936 225.3 1.47 0.00
1407 788.585 49.5 1.36 -0.00
1408 791.036 143.4 0.86 -0.00
1409 791.561 165.5 1.40 0.00
1410 791.882 95.6 1.13 0.00
1411 793.302 165.5 1.40 -0.00
1412 794.149 68.3 1.00 -0.00
1413 795.357 162.1 1.61 -0.00
1414 797.268 184.3 1.03 -0.00
1415 797.712 102.4 1.49 0.00
1416 797.917 136.5 1.01 0.00
1417 798.641 107.5 0.90 -0.00
1418 798.996 191.1 1.15 0.00
1419 799.351 88.7 1.22 0.00
1420 800.265 63.1 1.50 -0.00
1421 800.347 59.7 1.26 -0.00
1422 800.559 122.9 0.93 0.00
1423 802.880 186.0 0.94 -0.00
1424 804.218 148.5 1.20 -0.00
1425 804.716 122.9 1.26 -0.00
1426 805.017 124.6 1.22 -0.00
1427 805.631 213.3 1.06 -0.00
1428 806.041 129.7 1.11 -0.00
1429 806.703 162.1 1.11 -0.01
1430 807.358 116.1 0.95 -0.00
1431 807.508 99.0 1.59 -0.00
1432 808.218 227.0 0.89 -0.00
1433 808.621 61.4 1.54 -0.00
1434 809.454 54.6 1.24 -0.00
1435 809.754 56.3 1.41 -0.00
1436 810.198 157.0 0.92 -0.02
1437 810.587 158.7 1.28 -0.00
1438 810.806 122.9 1.28 -0.00
1439 811.038 141.7 1.39 0.24
1440 812.567 116.1 1.51 0.00
1441 812.704 104.1 1.41 -0.00
1442 812.847 47.8 1.51 0.00
1443 812.943 54.6 1.55 -0.00
1444 813.939 172.4 1.41 0.00
1445 814.233 143.4 1.37 0.00
1446 814.417 109.2 1.41 0.00
1447 814.745 177.5 1.12 -0.00
1448 816.103 109.2 1.24 -0.00
1449 816.281 81.9 0.94 -0.00
1450 817.353 87.0 1.03 0.00
1451 818.083 129.7 1.16 0.00
1452 818.363 117.8 1.16 0.00
1453 819.305 169.0 0.99 0.00
1454 819.578 172.4 1.49 0.00
1455 820.916 61.4 0.96 0.00
1456 821.128 75.1 1.31 0.00
1457 822.923 75.1 1.18 0.00
1458 823.285 114.3 1.33 0.00
1459 823.640 114.3 1.34 0.00
1460 824.889 170.7 1.30 -0.00
1461 825.073 122.9 1.60 -0.00
1462 826.186 110.9 1.46 -0.00
1463 826.664 191.1 1.21 0.00
1464 827.374 75.1 1.27 -0.00
1465 827.750 56.3 1.26 -0.00
1466 827.893 95.6 1.21 -0.00
1467 828.787 124.6 1.05 -0.00
1468 829.518 102.4 1.34 -0.00
1469 830.446 109.2 1.45 -0.00
1470 831.422 104.1 1.44 0.00
1471 832.576 76.8 1.54 -0.00
1472 832.753 146.8 1.21 -0.00
1473 833.238 90.5 1.45 -0.00
1474 833.470 102.4 1.62 0.00
1475 833.566 83.6 1.47 0.00
1476 833.989 87.0 1.66 0.00
1477 834.098 70.0 1.57 0.00
1478 834.365 110.9 1.71 0.00
1479 835.498 73.4 1.76 0.00
1480 835.969 88.7 1.71 0.00
1481 836.187 95.6 1.69 0.00
1482 836.331 107.5 0.82 -0.00
1483 838.017 81.9 1.44 0.00
1484 838.529 42.7 1.95 0.00
1485 838.904 203.1 1.39 0.00
1486 839.089 75.1 1.58 0.00
1487 839.287 134.8 1.70 0.00
1488 839.846 100.7 1.96 0.00
1489 840.652 175.8 1.83 0.00
1490 842.461 41.0 1.78 0.00
1491 844.338 83.6 1.69 0.00
1492 844.529 78.5 1.76 0.00
1493 845.014 100.7 1.85 0.00
1494 847.192 68.3 1.63 0.00
1495 847.349 78.5 1.56 0.00
1496 847.875 88.7 1.09 0.00
1497 848.004 116.1 1.70 0.00
1498 848.154 114.3 0.84 0.00
1499 848.346 87.0 1.03 0.00
1500 848.578 81.9 1.83 0.00
1501 849.554 75.1 1.66 0.00
1502 849.868 131.4 1.39 0.00
1503 850.305 83.6 1.73 -0.00
1504 850.694 46.1 1.58 0.00
1505 851.438 68.3 1.49 -0.00
1506 851.766 73.4 1.72 -0.00
1507 852.059 102.4 1.86 -0.00
1508 852.537 47.8 1.26 -0.00
1509 853.486 75.1 1.55 -0.00
1510 853.623 35.8 1.87 0.00
1511 854.032 41.0 1.87 -0.00
1512 854.503 75.1 1.76 -0.00
1513 855.247 76.8 1.84 -0.00
1514 855.363 88.7 1.82 -0.00
1515 855.991 76.8 1.84 -0.00
1516 857.104 47.8 1.75 -0.00
1517 857.446 59.7 1.74 0.00
1518 857.896 177.5 1.52 -0.00
1519 858.456 81.9 1.68 0.00
1520 858.954 80.2 1.72 -0.00
1521 859.425 90.5 1.74 -0.00
1522 859.589 102.4 1.74 -0.00
1523 861.876 114.3 1.77 -0.00
1524 862.074 70.0 1.68 -0.00
1525 862.566 70.0 1.60 -0.00
1526 862.757 109.2 1.63 0.00
1527 862.948 95.6 1.63 0.00
1528 863.276 110.9 1.69 -0.00
1529 864.224 81.9 1.75 0.00
1530 865.037 95.6 1.59 0.00
1531 865.965 73.4 1.58 0.00
1532 866.348 133.1 1.53 0.00
1533 866.703 42.7 1.70 -0.00
1534 866.907 81.9 1.54 0.00
1535 867.153 73.4 1.48 0.00
1536 867.331 100.7 1.45 -0.00
1537 867.747 41.0 1.52 -0.00
1538 867.802 41.0 1.52 -0.00
1539 868.191 165.5 1.37 -0.00
1540 868.368 95.6 1.39 -0.00
1541 868.607 46.1 1.76 -0.00
1542 869.372 122.9 1.73 -0.00
1543 869.781 122.9 1.28 0.00
1544 870.580 68.3 0.83 -0.00
1545 870.949 80.2 1.45 -0.01
1546 871.386 42.7 1.49 -0.00
1547 872.430 70.0 1.70 0.00
1548 872.990 35.8 1.12 -0.01
1549 873.126 73.4 1.67 -0.01
1550 875.072 110.9 1.37 0.00
1551 875.987 73.4 1.33 -0.00
1552 876.881 70.0 0.94 -0.00
1553 877.018 56.3 1.24 -0.00
1554 877.482 88.7 1.37 -0.01
1555 877.577 73.4 1.36 -0.01
1556 879.257 180.9 1.23 -0.00
1557 879.489 128.0 1.15 -0.00
1558 879.748 102.4 1.14 0.00
1559 880.868 95.6 1.52 0.00
1560 881.134 34.1 1.44 -0.00
1561 881.393 61.4 1.57 0.00
1562 881.619 68.3 1.38 -0.00
1563 882.090 157.0 1.58 0.00
1564 882.684 97.3 1.55 0.00
1565 882.861 75.1 1.52 0.00
1566 883.168 109.2 1.46 -0.00
1567 883.776 34.1 1.22 0.00
1568 884.063 245.8 1.44 0.00
1569 884.486 114.3 0.79 -0.00
1570 885.141 319.1 1.42 0.00
1571 885.606 109.2 1.21 -0.00
1572 886.227 95.6 1.40 0.00
1573 886.384 100.7 1.37 0.00
1574 886.711 158.7 1.35 0.00
1575 887.299 124.6 1.32 0.00
1576 888.049 47.8 1.30 0.00
1577 888.370 61.4 1.34 0.00
1578 888.514 85.3 1.27 0.00
1579 889.244 169.0 1.55 -0.00
1580 889.975 49.5 1.72 0.00
1581 891.005 170.7 1.73 -0.00
1582 891.244 68.3 1.71 0.00
1583 891.504 97.3 0.94 0.00
1584 891.613 87.0 1.63 -0.00
1585 891.941 151.9 0.90 -0.00
1586 892.685 64.9 0.98 0.00
1587 892.842 95.6 1.68 0.00
1588 893.047 160.4 1.52 -0.00
1589 893.217 134.8 1.57 -0.00
1590 893.702 66.6 1.47 -0.00
1591 894.487 184.3 1.37 0.00
1592 895.648 52.9 1.25 -0.00
1593 896.071 114.3 1.57 0.00
1594 896.201 95.6 1.14 0.00
1595 896.515 93.9 1.19 0.00
1596 896.781 66.6 1.53 0.00
1597 897.040 88.7 1.09 -0.00
1598 899.102 170.7 1.55 -0.00
1599 899.320 88.7 1.59 -0.00
1600 899.873 66.6 1.36 0.00
1601 900.249 76.8 1.60 0.00
1602 900.426 75.1 1.42 -0.00
1603 900.535 70.0 1.66 0.00
1604 900.740 52.9 1.61 0.00
1605 901.573 136.5 1.45 0.00
1606 902.167 81.9 1.29 0.00
1607 902.474 129.7 1.61 -0.00
1608 902.959 34.1 1.57 -0.00
1609 903.150 95.6 1.45 0.00
1610 903.771 150.2 1.62 -0.00
1611 904.044 83.6 1.54 0.00
1612 904.713 54.6 1.59 0.00
1613 904.816 121.2 1.56 0.01
1614 904.918 68.3 1.49 0.00
1615 905.157 73.4 1.49 0.00
1616 905.417 63.1 1.45 0.00
1617 905.560 170.7 0.99 0.00
1618 906.563 122.9 1.43 0.01
1619 906.836 81.9 1.50 0.00
1620 907.110 102.4 1.58 0.00
1621 908.400 95.6 1.38 0.00
1622 908.864 88.7 1.14 0.00
1623 910.072 124.6 1.34 0.00
1624 910.325 75.1 1.43 0.00
1625 910.905 160.4 0.97 -0.00
1626 911.137 122.9 1.26 0.00
1627 912.666 117.8 1.22 0.00
1628 912.987 122.9 1.64 0.00
1629 915.056 90.5 1.48 -0.00
1630 915.390 191.1 1.49 -0.03
1631 917.220 97.3 1.29 -0.00
1632 918.162 117.8 1.28 -0.00
1633 918.394 102.4 1.05 -0.01
1634 918.674 81.9 1.56 -0.00
1635 919.165 81.9 1.55 -0.00
1636 919.357 76.8 1.59 -0.00
1637 920.490 81.9 1.08 -0.00
1638 920.592 90.5 1.36 -0.00
1639 921.145 75.1 1.58 -0.00
1640 921.773 73.4 1.41 0.00
1641 922.592 35.8 1.82 -0.00
1642 923.302 129.7 1.70 -0.00
1643 923.794 143.4 1.32 -0.00
1644 924.060 109.2 1.62 -0.00
1645 925.146 145.1 1.39 0.00
1646 925.357 47.8 1.55 0.00
1647 925.480 51.2 1.54 0.00
1648 925.651 70.0 1.57 0.00
1649 926.934 47.8 1.72 0.00
1650 927.364 68.3 1.63 0.00
1651 928.170 42.7 1.55 0.00
1652 928.272 83.6 1.47 0.00
1653 930.470 163.8 0.82 0.00
1654 931.610 73.4 1.24 -0.00
1655 932.375 70.0 1.57 0.00
1656 932.484 124.6 0.79 0.00
1657 932.614 109.2 1.41 -0.00
1658 933.092 34.1 1.51 -0.00
1659 934.314 59.7 1.15 0.00
1660 935.891 104.1 1.19 -0.00
1661 936.355 42.7 1.40 -0.00
1662 936.744 54.6 1.21 -0.00
1663 936.833 71.7 1.31 -0.00
1664 937.939 116.1 1.06 -0.00
1665 938.055 93.9 1.21 -0.00
1666 938.423 68.3 1.30 -0.00
1667 938.621 121.2 1.20 -0.00
1668 939.393 122.9 1.58 -0.01
1669 940.035 172.4 1.24 -0.00
1670 940.478 249.2 1.35 -0.00
1671 940.813 136.5 1.29 -0.00
1672 942.130 129.7 1.10 -0.00
1673 942.444 88.7 1.17 -0.00
1674 942.827 136.5 1.05 -0.00
1675 943.209 196.3 1.08 -0.00
1676 943.714 148.5 0.99 -0.01
1677 944.513 141.7 1.22 -0.00
1678 944.998 134.8 1.14 -0.01
1679 945.223 95.6 1.48 -0.01
1680 945.387 95.6 1.40 0.00
1681 945.953 81.9 1.50 -0.00
1682 946.260 87.0 1.41 0.00
1683 946.772 223.6 1.00 0.00
1684 947.291 41.0 1.20 -0.00
1685 948.650 129.7 1.19 0.00
1686 949.080 225.3 1.07 0.00
1687 949.271 104.1 1.50 -0.00
1688 949.633 95.6 1.46 0.00
1689 950.568 39.3 1.65 0.01
1690 953.476 148.5 1.49 0.01
1691 954.719 59.7 1.50 0.00
1692 954.855 109.2 1.24 0.00
1693 955.162 245.8 1.60 -0.00
1694 955.852 129.7 1.59 0.00
1695 956.548 49.5 1.46 -0.00
1696 958.412 139.9 1.32 -0.01
1697 959.293 59.7 1.46 -0.00
1698 959.491 68.3 1.50 -0.00
1699 959.613 80.2 1.52 -0.00
1700 959.777 139.9 0.97 -0.00
1701 960.098 102.4 1.03 -0.00
1702 960.446 146.8 1.10 0.00
1703 960.685 167.3 1.38 0.00
1704 961.088 116.1 1.33 -0.00
1705 961.504 165.5 1.69 -0.00
1706 962.808 160.4 1.25 -0.00
1707 963.812 201.4 1.78 -0.00
1708 964.030 151.9 1.26 -0.01
1709 965.177 102.4 1.78 -0.00
1710 965.771 169.0 1.64 -0.00
1711 965.983 158.7 1.28 -0.00
1712 966.126 54.6 1.62 -0.00
1713 966.228 109.2 1.39 -0.00
1714 966.747 104.1 1.02 0.01
1715 967.819 208.2 1.38 -0.00
1716 968.051 88.7 1.11 0.00
1717 968.754 73.4 1.11 0.00
1718 968.877 134.8 1.66 0.00
1719 969.335 136.5 1.33 0.00
1720 969.478 29.0 1.74 -0.00
1721 969.662 54.6 1.52 -0.00
1722 971.308 49.5 1.61 0.00
1723 971.478 63.1 1.70 0.00
1724 972.209 102.4 1.29 0.01
1725 973.444 122.9 1.48 0.00
1726 973.772 39.3 1.33 0.00
1727 974.318 42.7 1.38 0.01
1728 975.547 95.6 1.59 0.00
1729 975.834 39.3 1.52 0.00
1730 975.963 68.3 1.45 0.00
1731 976.216 70.0 1.37 0.00
1732 976.496 95.6 1.61 0.00
1733 977.479 97.3 1.59 0.00
1734 977.684 134.8 1.65 0.00
1735 977.977 100.7 1.48 0.00
1736 979.308 245.8 1.50 0.00
1737 980.121 75.1 1.53 0.00
1738 981.076 88.7 1.42 0.00
1739 981.254 80.2 1.45 0.00
1740 981.350 56.3 1.54 -0.00
1741 981.739 59.7 1.60 -0.00
1742 982.653 75.1 1.50 -0.00
1743 982.913 41.0 1.61 -0.00
1744 983.336 93.9 1.54 -0.00
1745 985.015 97.3 1.39 -0.00
1746 985.159 80.2 1.34 -0.00
1747 985.664 93.9 1.40 -0.01
1748 986.442 172.4 1.39 -0.00
1749 987.808 41.0 1.44 -0.00
1750 988.169 102.4 1.46 0.00
1751 988.340 148.5 1.15 -0.00
1752 988.599 52.9 1.16 -0.00
1753 988.961 66.6 1.29 -0.00
1754 990.204 281.6 1.28 -0.00
1755 990.654 75.1 1.50 -0.00
1756 990.955 165.5 1.06 0.00
1757 991.228 238.9 1.81 -0.00
1758 991.549 68.3 1.91 -0.00
1759 992.088 66.6 1.68 0.00
1760 992.197 116.1 1.66 0.00
1761 992.525 56.3 1.62 0.00
1762 993.310 68.3 1.60 0.00
1763 993.549 87.0 1.54 0.00
1764 994.607 104.1 0.93 0.00
1765 994.941 81.9 1.79 0.00
1766 995.092 85.3 1.46 0.00
1767 995.529 163.8 1.99 -0.00
1768 995.863 141.7 1.81 0.01
1769 996.000 81.9 1.35 0.00
1770 996.389 141.7 1.32 0.00
1771 996.914 54.6 1.92 0.00
1772 997.338 80.2 1.48 0.00
1773 997.481 68.3 1.85 0.00
1774 997.665 68.3 1.30 0.00
1775 998.566 70.0 1.74 0.00
1776 999.508 143.4 1.88 -0.00
1777 1000.683 121.2 1.81 -0.00
1778 1001.543 151.9 1.45 -0.00
1779 1003.086 68.3 1.46 0.00
1780 1003.830 107.5 1.60 0.00
1781 1004.123 102.4 1.56 -0.00
1782 1004.451 47.8 1.61 -0.00
1783 1004.628 93.9 1.37 -0.00
1784 1005.243 150.2 1.77 -0.00
1785 1005.932 110.9 1.60 -0.00
1786 1006.062 122.9 1.74 -0.00
1787 1006.178 85.3 1.73 -0.00
1788 1007.168 157.0 1.08 -0.00
1789 1007.380 141.7 1.36 -0.00
1790 1008.479 114.3 1.70 -0.00
1791 1009.018 97.3 1.66 -0.00
1792 1009.557 83.6 1.28 0.00
1793 1009.714 122.9 1.31 0.00
1794 1009.933 146.8 1.70 -0.01
1795 1010.267 92.2 1.43 -0.00
1796 1010.383 100.7 1.47 -0.00
1797 1010.465 59.7 1.52 0.00
1798 1011.066 151.9 1.66 -0.00
1799 1012.677 66.6 1.56 0.00
1800 1012.834 87.0 1.62 0.00
1801 1012.916 41.0 1.55 -0.00
1802 1013.100 56.3 1.28 -0.00
1803 1013.244 63.1 1.71 0.00
1804 1013.578 90.5 1.80 0.00
1805 1013.742 61.4 1.30 0.00
1806 1014.281 76.8 1.59 -0.00
1807 1014.964 114.3 1.62 0.00
1808 1015.544 192.9 1.47 0.00
1809 1016.145 95.6 1.42 0.00
1810 1016.650 143.4 1.28 -0.00
1811 1016.957 109.2 1.44 0.00
1812 1017.811 102.4 1.23 0.00
1813 1018.138 122.9 1.04 0.00
1814 1018.637 56.3 1.36 0.00
1815 1019.251 233.8 1.05 0.00
1816 1019.654 134.8 1.11 0.01
1817 1021.736 90.5 1.45 0.00
1818 1022.132 114.3 1.71 -0.00
1819 1022.398 143.4 1.40 0.00
1820 1022.555 107.5 1.71 0.00
1821 1022.760 186.0 1.48 -0.00
1822 1024.753 116.1 1.29 -0.00
1823 1025.504 63.1 1.49 -0.00
1824 1025.777 66.6 1.42 -0.00
1825 1026.426 109.2 1.60 -0.00
1826 1026.911 199.7 1.13 -0.01
1827 1027.150 169.0 1.60 -0.01
1828 1027.825 35.8 1.47 -0.00
1829 1028.297 80.2 1.52 -0.00
1830 1028.508 83.6 1.58 -0.00
1831 1028.624 71.7 1.58 -0.00
1832 1029.355 76.8 1.41 -0.00
1833 1029.737 42.7 1.63 0.00
1834 1029.880 121.2 1.20 -0.01
1835 1030.488 88.7 1.75 -0.00
1836 1031.648 129.7 1.69 -0.00
1837 1031.799 114.3 1.66 -0.00
1838 1032.802 87.0 1.66 0.00
1839 1032.911 63.1 1.65 0.00
1840 1033.048 105.8 1.61 0.00
1841 1033.498 150.2 1.57 0.00
1842 1033.983 47.8 1.58 0.00
1843 1034.434 100.7 1.25 -0.05
1844 1035.267 81.9 1.47 0.00
1845 1035.587 109.2 1.42 0.00
1846 1035.717 102.4 1.17 0.00
1847 1036.687 54.6 1.30 -0.00
1848 1037.144 150.2 1.41 0.00
1849 1037.335 119.5 1.59 0.00
1850 1038.482 102.4 1.41 0.01
1851 1038.823 63.1 1.94 0.00
1852 1039.970 87.0 1.89 0.01
1853 1040.448 73.4 1.35 0.00
1854 1041.001 34.1 1.98 -0.00
1855 1041.786 49.5 1.93 0.00
1856 1042.196 87.0 1.94 -0.00
1857 1042.421 41.0 1.97 0.00
1858 1043.704 117.8 0.90 -0.01
1859 1044.271 165.5 1.70 0.00
1860 1044.769 107.5 1.59 -0.00
1861 1045.732 75.1 1.66 -0.01
1862 1046.114 102.4 1.57 -0.00
1863 1046.210 70.0 1.64 -0.00
1864 1046.851 99.0 1.27 -0.00
1865 1047.602 129.7 1.44 -0.00
1866 1049.166 56.3 1.40 -0.00
1867 1049.336 81.9 1.51 -0.00
1868 1049.821 39.3 1.22 -0.00
1869 1049.917 54.6 1.98 -0.00
1870 1051.125 88.7 1.85 0.00
1871 1051.924 110.9 1.22 -0.00
1872 1052.586 34.1 1.87 0.00
1873 1053.159 76.8 1.51 0.00
1874 1053.282 83.6 1.66 0.00
1875 1053.439 102.4 1.55 -0.00
1876 1054.006 73.4 1.47 0.00
1877 1054.490 233.8 1.42 0.00
1878 1054.682 124.6 1.37 0.00
1879 1054.818 121.2 1.46 0.00
1880 1055.863 93.9 1.37 0.00
1881 1056.340 155.3 1.75 -0.00
1882 1056.532 175.8 1.31 -0.00
1883 1058.027 128.0 1.36 0.00
1884 1058.539 88.7 1.65 0.00
1885 1058.798 88.7 1.67 0.01
1886 1059.542 148.5 0.98 0.01
1887 1059.645 145.1 1.79 0.01
1888 1059.747 95.6 1.81 0.00
1889 1060.000 141.7 1.59 0.00
1890 1060.464 112.6 1.40 0.00
1891 1061.153 102.4 1.66 -0.00
1892 1061.379 138.2 1.60 0.00
1893 1062.102 97.3 1.93 0.00
1894 1062.259 100.7 1.91 0.00
1895 1062.532 99.0 1.37 0.00
1896 1063.461 87.0 1.47 0.00
1897 1063.734 47.8 1.76 0.00
1898 1064.171 104.1 1.84 -0.00
1899 1064.335 80.2 1.65 -0.00
1900 1065.871 117.8 1.76 0.00
1901 1066.028 102.4 1.78 0.00
1902 1066.751 61.4 1.53 0.00
1903 1066.970 88.7 1.76 0.00
1904 1067.174 63.1 1.73 -0.00
1905 1067.420 73.4 1.49 0.00
1906 1069.250 204.8 1.49 0.00
1907 1069.564 78.5 1.48 0.00
1908 1069.762 47.8 1.35 0.00
1909 1070.294 81.9 2.05 -0.00
1910 1070.444 88.7 2.01 -0.00
1911 1070.793 68.3 1.74 0.00
1912 1071.093 75.1 1.88 -0.00
1913 1072.042 59.7 1.98 0.00
1914 1072.410 63.1 2.04 0.00
1915 1073.100 61.4 1.97 -0.00
1916 1074.711 63.1 1.95 0.00
1917 1075.680 68.3 1.77 0.00
1918 1075.878 81.9 1.68 -0.00
1919 1076.329 39.3 1.73 -0.00
1920 1076.493 75.1 1.38 0.00
1921 1076.732 170.7 1.74 0.00
1922 1077.776 150.2 1.69 0.01
1923 1077.933 145.1 1.67 -0.01
1924 1079.742 145.1 1.42 -0.00
1925 1080.794 54.6 1.85 -0.00
1926 1080.992 109.2 1.55 -0.00
1927 1082.220 68.3 0.97 -0.00
1928 1082.719 34.1 1.93 -0.00
1929 1082.848 54.6 1.65 -0.00
1930 1084.077 194.6 1.76 -0.00
1931 1084.794 88.7 1.53 0.00
1932 1085.859 102.4 1.76 -0.00
1933 1087.040 70.0 1.81 -0.00
1934 1087.955 61.4 1.70 0.01
1935 1089.061 56.3 1.80 -0.00
1936 1089.798 41.0 1.58 0.00
1937 1089.921 63.1 1.65 -0.00
1938 1091.225 35.8 1.66 -0.00
1939 1091.361 75.1 1.65 -0.00
1940 1092.283 88.7 1.73 -0.00
1941 1092.467 76.8 1.69 0.00
1942 1093.361 165.5 1.23 0.00
1943 1093.628 83.6 1.66 -0.00
1944 1093.682 87.0 1.65 -0.00
1945 1093.962 104.1 1.68 0.00
1946 1094.474 114.3 1.67 0.00
1947 1095.710 95.6 1.35 0.00
1948 1095.846 100.7 1.53 0.00
1949 1098.311 68.3 1.06 -0.00
1950 1099.144 305.5 1.12 -0.00
1951 1100.099 95.6 1.65 -0.00
1952 1100.475 136.5 1.67 -0.00
1953 1100.796 54.6 1.44 -0.00
1954 1100.898 63.1 1.71 -0.00
1955 1101.683 109.2 1.69 -0.00
1956 1101.929 68.3 1.83 -0.00
1957 1104.653 61.4 1.54 -0.00
1958 1104.728 49.5 1.67 -0.00
1959 1105.356 109.2 1.59 -0.00
1960 1105.595 88.7 1.62 0.00
1961 1106.196 143.4 1.60 -0.00
1962 1106.557 138.2 1.14 -0.00
1963 1107.179 131.4 1.20 -0.00
1964 1107.971 124.6 1.41 0.00
1965 1109.036 143.4 1.59 0.00
1966 1109.261 131.4 1.46 0.00
1967 1109.513 90.5 0.75 0.00
1968 1109.705 88.7 1.28 -0.00
1969 1110.387 170.7 1.28 0.00
1970 1111.090 88.7 1.17 0.00
1971 1112.353 68.3 1.65 0.00
1972 1112.899 80.2 1.44 -0.00
1973 1113.316 196.3 1.38 0.00
1974 1113.507 102.4 1.44 0.00
1975 1114.497 104.1 1.49 0.00
1976 1114.859 41.0 1.61 0.00
1977 1115.309 198.0 1.67 0.00
1978 1115.487 151.9 1.70 0.00
1979 1117.118 39.3 1.66 0.00
1980 1117.214 71.7 1.65 0.00
1981 1117.425 129.7 1.66 0.00
1982 1118.115 95.6 1.50 0.00
1983 1118.525 151.9 1.51 -0.00
1984 1119.296 163.8 1.14 -0.00
1985 1120.204 83.6 1.58 -0.00
1986 1120.327 76.8 1.61 -0.00
1987 1120.436 76.8 1.44 -0.00
1988 1120.620 70.0 1.47 -0.00
1989 1120.709 85.3 1.68 -0.00
1990 1121.078 61.4 1.52 -0.00
1991 1122.047 117.8 1.39 -0.00
1992 1122.464 158.7 1.34 -0.00
1993 1122.723 52.9 1.42 -0.00
1994 1124.034 107.5 1.76 -0.00
1995 1124.409 109.2 1.80 -0.00
1996 1124.628 134.8 1.58 -0.00
1997 1125.194 136.5 1.74 -0.00
1998 1125.815 90.5 1.23 0.00
1999 1125.959 81.9 1.03 -0.00
2000 1126.150 61.4 1.76 0.00
