1 0.057 71.7 1.84 -0.10
2 3.068 78.5 2.00 0.13
3 3.989 104.1 1.94 0.07
4 4.099 81.9 1.95 0.19
5 9.963 75.1 2.16 -0.00
6 11.676 52.9 2.18 -0.01
7 11.820 76.8 2.15 0.00
8 14.216 64.9 2.08 0.00
9 15.356 88.7 2.19 0.09
10 15.472 75.1 2.23 0.09
11 15.683 92.2 2.18 0.00
12 16.236 54.6 2.18 0.02
13 16.352 56.3 2.17 0.02
14 19.697 81.9 2.15 0.20
15 20.551 85.3 1.98 0.07
16 20.872 61.4 1.88 0.27
17 21.056 75.1 1.98 0.36
18 22.155 46.1 1.94 0.11
19 22.237 80.2 1.94 0.08
20 22.988 58.0 1.93 0.18
21 23.957 163.8 1.87 0.14
22 24.551 37.5 2.06 0.01
23 25.213 64.9 2.01 0.42
24 26.954 61.4 1.87 0.45
25 28.879 97.3 1.60 0.29
26 29.931 95.6 1.69 0.20
27 30.163 75.1 1.82 0.44
28 30.415 47.8 1.56 0.26
29 32.108 83.6 1.77 0.12
30 32.170 54.6 1.77 0.12
31 32.463 129.7 1.50 0.30
32 33.542 102.4 1.42 0.01
33 38.867 116.1 1.70 0.28
34 40.546 61.4 1.67 0.00
35 41.277 117.8 1.80 0.25
36 43.359 52.9 1.67 0.44
37 45.250 117.8 1.46 -0.01
38 45.939 70.0 1.57 0.14
39 48.083 64.9 1.96 0.07
40 48.158 49.5 1.67 0.07
41 50.220 102.4 1.66 0.27
42 52.554 88.7 1.79 0.05
43 53.162 42.7 1.82 -0.07
44 53.469 80.2 1.94 -0.07
45 53.667 47.8 1.90 0.23
46 54.056 87.0 2.00 0.15
47 54.227 78.5 2.01 0.15
48 56.835 61.4 2.05 0.11
49 57.483 75.1 1.89 0.24
50 61.538 145.1 1.79 0.17
51 62.508 93.9 1.77 0.15
52 65.730 122.9 1.47 0.29
53 70.734 54.6 1.94 -0.00
54 72.945 138.2 1.75 0.00
55 73.068 81.9 1.73 0.00
56 73.225 41.0 1.67 0.00
57 73.956 90.5 1.75 -0.00
58 74.099 64.9 1.79 0.00
59 75.519 109.2 1.57 0.00
60 77.219 104.1 1.74 -0.00
61 79.390 170.7 1.76 0.00
62 81.083 39.3 1.72 -0.00
63 81.452 59.7 1.81 0.00
64 82.305 41.0 1.72 0.00
65 82.544 102.4 1.71 0.00
66 82.755 70.0 1.73 0.00
67 83.581 158.7 1.69 0.00
68 84.469 35.8 1.70 0.00
69 84.551 75.1 1.64 0.00
70 85.616 76.8 1.71 -0.04
71 86.346 83.6 1.36 0.00
72 90.708 90.5 1.83 0.18
73 92.415 76.8 2.13 0.01
74 92.756 97.3 2.02 -0.01
75 95.624 71.7 2.03 0.14
76 96.538 52.9 1.94 0.11
77 96.887 61.4 1.91 0.28
78 98.102 75.1 1.97 0.02
79 99.863 68.3 1.79 0.01
80 102.853 41.0 1.50 0.10
81 103.543 39.3 1.86 0.09
82 103.857 63.1 1.86 0.15
83 104.266 71.7 1.75 0.20
84 104.587 81.9 2.08 0.18
85 112.881 41.0 1.81 0.06
86 119.367 85.3 1.75 0.01
87 120.302 99.0 1.72 0.04
88 121.934 129.7 1.73 0.26
89 123.579 99.0 1.88 0.31
90 126.726 129.7 1.69 0.20
91 130.406 80.2 1.71 0.20
92 130.685 71.7 1.62 0.20
93 133.628 102.4 1.58 0.00
94 134.761 87.0 1.67 0.14
95 135.935 85.3 1.81 0.27
96 140.168 78.5 1.81 0.14
97 140.366 107.5 1.78 0.30
98 144.564 78.5 1.54 0.13
99 146.209 81.9 1.52 0.27
100 146.605 95.6 1.51 0.29
101 149.623 68.3 1.89 0.08
102 152.244 95.6 1.67 0.02
103 152.715 107.5 1.69 0.06
104 154.319 109.2 1.59 0.22
105 156.538 104.1 1.51 0.05
106 156.879 63.1 1.59 0.04
107 157.405 63.1 1.51 0.20
108 157.528 76.8 1.54 0.25
109 161.433 70.0 1.73 0.05
110 163.733 102.4 1.82 0.00
111 165.652 56.3 1.97 0.02
112 169.836 70.0 1.84 0.27
113 170.471 30.7 1.77 0.04
114 174.997 64.9 1.91 0.11
115 176.465 75.1 1.88 0.32
116 178.404 102.4 1.93 0.35
117 178.923 109.2 2.03 -0.02
118 181.025 76.8 1.74 0.19
119 181.708 71.7 1.83 0.15
120 182.589 81.9 1.63 0.18
121 182.848 49.5 1.75 0.09
122 184.125 95.6 1.64 0.16
123 184.671 92.2 1.87 0.20
124 185.483 112.6 2.03 0.21
125 187.436 37.5 1.91 -0.00
126 188.343 107.5 1.94 0.22
127 188.917 68.3 1.86 0.15
128 191.006 66.6 1.99 0.17
129 193.143 81.9 1.92 0.15
130 195.450 68.3 1.96 0.15
131 196.071 51.2 1.75 0.16
132 196.201 44.4 1.99 0.14
133 199.007 64.9 2.01 0.21
134 202.202 51.2 1.99 0.13
135 204.687 61.4 1.90 0.08
136 206.393 56.3 1.67 0.04
137 208.864 54.6 2.12 0.05
138 212.872 85.3 2.14 0.04
139 214.353 80.2 2.06 0.08
140 215.384 124.6 1.99 -0.01
141 215.957 34.1 1.97 -0.00
142 218.353 90.5 2.06 0.03
143 219.985 116.1 2.00 0.00
144 221.268 121.2 2.04 -0.06
145 221.692 143.4 1.94 -0.00
146 222.429 75.1 2.01 0.08
147 222.641 104.1 2.04 0.12
148 223.078 73.4 1.94 0.06
149 223.426 58.0 2.13 0.07
150 224.081 88.7 2.12 0.06
151 225.207 107.5 2.11 0.03
152 229.065 73.4 2.13 0.21
153 229.222 116.1 2.15 0.22
154 230.928 107.5 2.04 -0.00
155 232.423 104.1 2.05 0.22
156 233.966 105.8 2.01 0.08
157 234.307 95.6 2.01 0.29
158 234.854 61.4 1.96 0.40
159 235.413 124.6 2.11 0.23
160 235.802 87.0 2.07 -0.00
161 236.417 122.9 2.11 -0.00
162 237.120 35.8 1.93 -0.00
163 237.332 76.8 2.11 -0.00
164 237.618 85.3 2.09 -0.00
165 238.642 126.3 2.02 0.01
166 239.223 95.6 2.18 -0.00
167 240.697 75.1 2.06 0.00
168 240.861 75.1 2.19 -0.02
169 243.865 66.6 2.08 0.00
170 243.967 68.3 2.05 0.00
171 244.247 68.3 2.03 -0.00
172 244.541 59.7 1.97 0.00
173 244.650 51.2 2.01 -0.01
174 246.131 88.7 2.04 0.01
175 246.418 88.7 1.98 0.00
176 249.490 47.8 1.64 0.00
177 249.961 126.3 1.77 0.27
178 253.204 47.8 2.11 0.10
179 254.023 85.3 1.78 0.09
180 256.078 61.4 1.68 0.09
181 259.027 107.5 1.80 0.15
182 259.368 41.0 1.81 0.10
183 260.426 51.2 1.85 -0.21
184 263.696 75.1 2.12 0.08
185 264.591 32.4 2.15 -0.02
186 264.679 95.6 2.03 0.17
187 266.598 112.6 2.13 0.09
188 271.834 97.3 1.84 0.15
189 272.359 97.3 1.78 0.10
190 273.110 68.3 2.13 -0.10
191 278.333 68.3 2.06 0.15
192 278.742 58.0 1.93 0.02
193 279.179 73.4 2.02 0.01
194 279.916 68.3 1.84 0.05
195 280.121 80.2 2.03 0.26
196 283.214 105.8 1.64 -0.03
197 284.613 75.1 1.90 0.22
198 286.955 75.1 1.78 -0.16
199 288.682 87.0 1.76 -0.08
200 290.047 75.1 1.67 -0.15
201 290.361 146.8 1.75 -0.01
202 291.372 66.6 1.70 0.10
203 293.413 59.7 1.59 0.00
204 293.542 42.7 1.57 -0.00
205 293.945 54.6 1.99 0.16
206 295.078 93.9 1.93 0.34
207 296.014 83.6 1.74 0.20
208 301.257 76.8 1.80 -0.00
209 302.772 104.1 1.77 0.09
210 302.984 68.3 1.68 0.00
211 307.250 119.5 1.91 0.26
212 309.694 75.1 1.80 0.25
213 312.049 81.9 1.73 0.27
214 314.739 90.5 1.80 0.26
215 318.951 109.2 1.83 0.29
216 319.388 88.7 1.90 0.32
217 319.832 81.9 1.86 0.39
218 320.214 71.7 1.73 0.35
219 320.692 102.4 1.85 0.38
220 322.119 75.1 1.91 0.30
221 322.242 83.6 1.88 0.30
222 322.522 110.9 1.87 0.22
223 323.402 49.5 1.81 0.25
224 324.290 75.1 1.88 0.27
225 325.894 66.6 1.99 0.39
226 327.348 93.9 1.89 0.37
227 327.928 75.1 1.92 0.45
228 328.201 51.2 1.94 0.50
229 328.891 85.3 1.97 0.43
230 329.335 83.6 1.87 0.42
231 329.574 68.3 1.86 0.37
232 329.969 75.1 1.89 0.38
233 330.324 99.0 2.02 0.35
234 331.369 81.9 1.92 0.40
235 332.782 44.4 1.76 0.48
236 333.758 93.9 1.78 0.35
237 336.038 129.7 1.91 0.16
238 338.141 109.2 1.75 0.03
239 339.902 81.9 1.75 0.11
240 342.135 54.6 1.87 0.30
241 344.722 87.0 1.82 0.19
242 346.176 92.2 1.87 0.07
243 346.463 122.9 1.56 0.14
244 348.265 104.1 1.79 0.16
245 351.501 88.7 1.53 0.09
246 352.777 90.5 1.79 0.04
247 353.337 75.1 1.73 0.13
248 353.535 47.8 1.79 0.10
249 354.163 102.4 1.95 0.09
250 355.563 104.1 1.54 -0.03
251 357.761 100.7 1.84 0.28
252 362.949 121.2 1.77 0.29
253 363.202 75.1 1.71 0.31
254 364.854 99.0 1.50 0.14
255 366.178 61.4 1.63 0.13
256 367.188 68.3 1.71 0.27
257 367.789 71.7 1.80 0.19
258 368.369 80.2 1.65 0.19
259 369.271 54.6 1.80 0.18
260 370.329 124.6 1.86 0.20
261 372.513 126.3 1.83 0.06
262 372.820 49.5 1.66 0.20
263 372.868 11.9 1.71 0.20
264 373.196 58.0 1.69 0.01
265 374.077 88.7 1.75 0.01
266 374.698 61.4 1.65 0.15
267 375.749 85.3 1.57 0.16
268 378.261 75.1 1.69 0.08
269 379.511 85.3 1.56 -0.01
270 380.207 75.1 1.63 0.17
271 380.712 81.9 1.59 0.07
272 383.395 61.4 1.50 -0.05
273 388.652 162.1 1.72 -0.00
274 388.829 61.4 1.66 0.00
275 389.546 198.0 1.94 -0.00
276 390.304 102.4 1.61 -0.00
277 391.437 114.3 1.53 0.01
278 391.921 95.6 1.87 -0.00
279 392.147 162.1 1.87 0.00
280 393.157 75.1 1.66 -0.01
281 396.140 76.8 1.85 0.00
282 396.680 117.8 1.88 0.01
283 396.823 131.4 1.65 0.01
284 397.294 49.5 1.67 0.01
285 398.366 189.4 1.95 0.10
286 401.329 63.1 2.08 0.00
287 403.247 102.4 1.84 0.07
288 404.612 116.1 1.52 0.14
289 404.742 73.4 2.02 0.14
290 405.063 75.1 1.49 0.01
291 405.575 117.8 1.63 0.11
292 406.531 76.8 1.61 -0.00
293 407.739 58.0 1.38 -0.00
294 408.483 99.0 1.70 0.01
295 408.736 76.8 1.46 0.00
296 409.132 131.4 1.53 0.00
297 409.432 95.6 1.49 0.21
298 410.551 100.7 1.79 0.01
299 412.429 121.2 1.87 0.02
300 413.036 95.6 1.53 -0.00
301 413.978 87.0 1.71 -0.13
302 416.040 51.2 1.66 -0.05
303 416.231 117.8 1.98 0.01
304 417.556 75.1 1.74 0.03
305 418.300 42.7 1.77 0.10
306 419.406 68.3 1.71 -0.10
307 419.549 71.7 1.85 -0.00
308 420.054 87.0 1.85 0.05
309 424.198 92.2 1.82 0.00
310 426.758 99.0 1.65 0.04
311 426.929 146.8 1.57 0.18
312 431.345 56.3 1.89 -0.00
313 433.400 97.3 1.91 -0.04
314 433.551 64.9 1.95 -0.02
315 438.520 61.4 2.00 0.00
316 438.916 80.2 2.01 0.10
317 439.360 56.3 1.98 -0.02
318 439.510 100.7 1.96 0.01
319 439.647 90.5 1.94 -0.01
320 443.087 104.1 2.03 0.00
321 445.777 75.1 2.06 -0.04
322 446.118 49.5 1.98 0.02
323 447.941 99.0 1.97 -0.03
324 448.774 163.8 1.77 0.23
325 449.962 34.1 1.90 0.09
326 450.863 97.3 1.85 -0.07
327 451.279 42.7 1.80 0.03
328 454.242 47.8 1.90 0.15
329 454.693 46.1 1.90 0.18
330 454.781 52.9 1.84 0.12
331 455.764 146.8 1.78 0.14
332 457.867 78.5 1.99 -0.05
333 459.519 83.6 2.04 0.00
334 460.106 87.0 1.61 0.03
335 460.912 80.2 2.15 -0.01
336 461.260 32.4 2.16 0.01
337 463.301 58.0 2.06 -0.01
338 463.663 81.9 1.69 -0.05
339 465.383 95.6 2.01 0.01
340 466.817 110.9 1.66 -0.20
341 467.097 66.6 1.92 0.01
342 467.363 76.8 1.67 -0.00
343 468.285 80.2 1.62 -0.00
344 468.551 117.8 1.82 0.21
345 471.725 167.3 1.41 -0.00
346 472.790 209.9 1.90 -0.00
347 474.995 201.4 1.68 -0.00
348 476.668 95.6 1.83 -0.00
349 477.262 158.7 1.33 0.00
350 477.835 102.4 1.58 -0.00
351 478.682 100.7 1.37 0.00
352 480.327 177.5 1.70 0.00
353 480.511 68.3 1.40 0.01
354 480.709 179.2 1.82 -0.00
355 480.996 95.6 1.53 -0.00
356 481.201 119.5 1.77 0.00
357 481.358 70.0 1.81 -0.00
358 481.774 80.2 1.73 0.00
359 482.115 47.8 1.86 0.00
360 482.423 47.8 1.76 0.01
361 483.187 52.9 1.46 0.00
362 483.651 133.1 1.40 0.00
363 484.047 133.1 1.46 0.00
364 485.918 95.6 1.56 0.01
365 489.201 99.0 1.65 0.19
366 489.871 75.1 1.76 -0.12
367 490.219 54.6 1.65 0.10
368 491.359 68.3 1.62 0.19
369 492.178 136.5 1.64 0.07
370 493.229 88.7 1.68 0.11
371 495.229 145.1 1.41 0.11
372 498.199 92.2 1.76 0.24
373 501.926 112.6 1.97 0.31
374 502.677 58.0 1.93 0.38
375 504.561 68.3 1.81 0.31
376 504.800 102.4 1.79 0.35
377 504.923 121.2 1.80 0.31
378 508.221 58.0 1.72 0.18
379 514.795 107.5 1.80 0.31
380 517.423 160.4 1.86 0.07
381 526.680 88.7 1.66 -0.06
382 528.059 42.7 1.64 0.06
383 536.148 68.3 1.86 0.57
384 541.098 95.6 1.67 -0.02
385 541.985 64.9 1.65 0.24
386 542.409 68.3 1.66 0.23
387 542.866 44.4 1.47 0.28
388 543.439 184.3 1.59 0.15
389 544.122 128.0 1.52 0.32
390 547.358 81.9 1.63 0.27
391 548.143 87.0 1.47 0.23
392 548.498 192.9 1.65 0.22
393 551.904 92.2 1.66 0.36
394 552.020 153.6 1.78 -0.01
395 552.430 61.4 1.47 -0.01
396 553.154 61.4 1.96 0.00
397 553.386 54.6 1.89 -0.05
398 555.297 121.2 1.53 0.15
399 555.639 76.8 1.63 0.00
400 556.355 133.1 1.52 0.23
401 556.608 81.9 1.54 0.23
402 558.574 63.1 1.38 0.00
403 558.670 75.1 1.71 0.00
404 560.745 64.9 1.54 0.30
405 566.998 75.1 1.63 0.35
406 567.776 201.4 1.52 0.16
407 568.753 81.9 1.50 0.20
408 570.214 88.7 1.70 0.41
409 573.989 30.7 1.69 0.26
410 574.890 150.2 1.49 0.20
411 576.405 92.2 1.47 0.36
412 576.508 102.4 1.65 0.36
413 577.040 88.7 1.67 0.26
414 579.498 126.3 1.57 0.03
415 580.570 68.3 1.64 0.17
416 580.652 61.4 1.57 0.02
417 582.235 131.4 1.62 -0.04
418 583.123 100.7 1.44 0.02
419 583.307 46.1 1.50 0.00
420 584.672 63.1 1.68 0.07
421 584.870 75.1 1.65 0.04
422 586.038 75.1 1.57 0.03
423 586.796 81.9 1.61 -0.00
424 587.772 54.6 1.74 -0.01
425 590.659 68.3 1.76 0.09
426 591.137 49.5 1.71 0.10
427 593.090 81.9 1.60 0.24
428 596.496 95.6 1.69 0.25
429 598.326 75.1 1.63 0.29
430 600.660 56.3 1.57 0.26
431 604.688 99.0 1.71 0.06
432 605.357 81.9 1.63 0.10
433 605.890 109.2 1.76 0.29
434 608.088 73.4 1.68 0.24
435 608.279 75.1 1.92 0.24
436 609.344 81.9 2.01 0.11
437 609.993 68.3 1.91 0.12
438 610.115 49.5 1.91 0.13
439 611.310 153.6 2.12 0.14
440 611.549 63.1 1.91 0.09
441 614.621 81.9 1.87 0.12
442 615.140 110.9 1.99 0.03
443 616.833 75.1 1.79 0.06
444 622.929 143.4 1.83 0.15
445 623.857 49.5 1.72 0.30
446 624.479 93.9 1.72 0.10
447 625.127 119.5 1.65 0.29
448 626.363 81.9 1.56 -0.06
449 627.366 75.1 1.88 0.03
450 629.606 70.0 1.88 0.00
451 630.971 87.0 1.80 0.01
452 632.548 56.3 1.70 0.01
453 633.681 95.6 1.68 0.03
454 634.767 56.3 1.54 -0.01
455 635.620 83.6 1.78 0.10
456 638.371 81.9 1.75 0.08
457 638.521 35.8 1.45 0.07
458 638.576 59.7 1.75 0.07
459 642.180 158.7 1.74 0.01
460 643.027 29.0 1.69 -0.00
461 644.187 87.0 1.69 0.20
462 644.918 70.0 1.72 0.00
463 649.239 73.4 1.86 0.09
464 651.294 90.5 1.72 -0.03
465 651.635 104.1 1.72 0.07
466 652.393 93.9 1.59 -0.05
467 655.820 87.0 1.68 0.09
468 658.919 88.7 1.57 0.05
469 659.145 102.4 1.68 0.06
470 659.984 35.8 1.49 0.04
471 665.480 134.8 1.45 -0.13
472 666.470 145.1 1.70 -0.06
473 667.173 49.5 1.45 0.11
474 667.282 61.4 1.50 0.11
475 667.808 116.1 1.61 -0.12
476 669.801 153.6 1.79 -0.21
477 671.924 95.6 1.89 -0.04
478 672.129 126.3 1.72 -0.15
479 672.989 124.6 1.72 -0.15
480 673.931 66.6 1.47 0.15
481 675.242 59.7 1.61 -0.08
482 675.781 81.9 1.73 0.05
483 678.068 78.5 1.56 0.03
484 679.113 177.5 1.69 -0.33
485 679.276 97.3 1.23 -0.06
486 680.048 90.5 1.41 -0.11
487 680.546 119.5 1.49 -0.05
488 682.451 116.1 1.55 0.05
489 683.366 73.4 1.87 0.02
490 685.024 141.7 1.78 0.21
491 685.680 88.7 1.75 0.20
492 687.113 112.6 1.53 -0.05
493 688.253 112.6 1.50 -0.07
494 689.708 122.9 1.75 0.06
495 689.844 107.5 1.67 0.06
496 689.953 85.3 1.88 0.02
497 691.250 122.9 1.45 0.04
498 693.387 141.7 1.80 0.01
499 695.230 68.3 1.87 0.02
500 698.889 54.6 1.42 -0.02
501 701.538 95.6 1.67 0.26
502 703.388 116.1 1.68 0.11
503 704.078 110.9 1.68 -0.11
504 705.709 90.5 1.47 0.08
505 706.187 76.8 1.36 0.01
506 706.412 81.9 1.53 -0.04
507 708.262 92.2 1.49 0.02
508 711.123 81.9 1.53 0.16
509 711.785 92.2 1.83 -0.08
510 715.874 80.2 2.02 0.13
511 715.983 88.7 1.69 0.19
512 717.315 119.5 1.76 0.06
513 717.526 122.9 2.08 0.06
514 717.847 64.9 1.88 0.01
515 719.322 126.3 1.78 0.15
516 719.567 88.7 1.88 0.23
517 719.868 126.3 1.93 0.03
518 721.458 116.1 1.95 0.02
519 721.574 39.3 1.87 0.06
520 722.571 44.4 1.87 -0.00
521 724.046 87.0 1.91 0.17
522 725.049 109.2 1.94 0.04
523 732.777 70.0 2.03 0.15
524 733.036 85.3 2.06 0.14
525 733.385 76.8 2.05 0.08
526 736.252 81.9 1.93 0.24
527 739.146 47.8 2.01 0.15
528 740.034 70.0 1.93 0.05
529 740.266 52.9 1.96 0.02
530 740.355 61.4 1.91 0.00
531 740.996 78.5 2.06 0.01
532 742.136 56.3 1.88 0.22
533 743.338 102.4 1.80 0.17
534 747.953 70.0 1.81 0.24
535 755.790 52.9 1.91 0.33
536 757.298 75.1 1.82 0.21
537 757.892 75.1 1.89 0.37
538 759.060 70.0 1.85 0.20
539 762.528 122.9 1.68 -0.02
540 763.633 116.1 1.71 0.10
541 763.879 88.7 1.65 0.16
542 769.655 184.3 1.53 0.06
543 770.556 170.7 1.52 0.31
544 771.730 63.1 1.52 0.09
545 772.017 99.0 1.47 -0.01
546 772.440 81.9 1.48 0.07
547 772.856 61.4 1.65 0.13
548 773.450 109.2 1.62 0.02
549 777.574 95.6 1.49 0.20
550 779.813 73.4 1.66 0.27
551 780.332 83.6 1.66 0.17
552 782.079 73.4 1.60 0.14
553 784.032 99.0 1.65 0.10
554 784.940 80.2 1.70 0.18
555 785.172 75.1 1.56 0.21
556 788.858 95.6 1.64 0.06
557 789.090 30.7 1.64 0.27
558 789.575 78.5 1.67 0.24
559 791.404 70.0 1.80 0.01
560 793.951 157.0 1.49 -0.00
561 795.924 99.0 1.47 0.32
562 798.347 68.3 1.73 -0.15
563 801.098 68.3 1.72 0.01
564 803.522 99.0 1.39 0.17
565 806.129 169.0 1.41 0.02
566 806.915 81.9 1.29 -0.02
567 807.126 116.1 1.23 -0.10
568 809.024 78.5 1.40 0.00
569 809.147 90.5 1.17 0.00
570 810.895 54.6 1.28 0.00
571 811.058 90.5 1.30 0.07
572 812.588 49.5 1.30 0.06
573 812.656 42.7 1.29 0.06
574 814.178 107.5 1.25 0.18
575 814.690 68.3 1.51 0.19
576 814.786 71.7 1.56 0.21
577 819.025 44.4 1.56 0.02
578 821.681 109.2 1.54 0.16
579 823.080 71.7 1.53 0.18
580 824.561 75.1 1.78 0.31
581 825.674 134.8 1.68 0.18
582 827.265 81.9 1.63 0.12
583 828.337 68.3 1.52 0.14
584 830.992 90.5 1.65 0.13
585 833.040 107.5 1.57 0.26
586 834.098 75.1 1.39 0.33
587 834.371 18.8 1.48 0.39
588 835.088 129.7 1.67 0.20
589 835.907 58.0 1.69 0.32
590 836.665 83.6 1.78 0.19
591 837.402 90.5 1.52 0.14
592 839.594 102.4 1.68 0.08
593 840.324 116.1 1.77 0.13
594 842.243 80.2 1.84 -0.01
595 843.430 76.8 1.74 -0.01
596 845.014 88.7 1.60 0.19
597 849.254 104.1 1.56 0.13
598 851.390 88.7 1.69 0.34
599 851.950 81.9 1.62 0.21
600 854.162 99.0 1.75 0.01
601 856.428 114.3 1.83 0.06
602 856.872 68.3 1.85 0.29
603 862.067 30.7 1.71 -0.03
604 863.985 83.6 1.68 0.09
605 864.607 85.3 2.03 0.14
606 864.791 78.5 1.90 0.13
607 865.064 93.9 1.95 0.11
608 865.624 73.4 2.05 0.29
609 867.242 93.9 2.04 0.20
610 869.515 66.6 1.97 0.23
611 873.645 71.7 1.98 0.28
612 874.942 81.9 1.97 0.33
613 880.240 81.9 1.58 0.29
614 880.670 61.4 1.94 0.36
615 880.841 131.4 1.93 0.36
616 882.124 49.5 1.84 0.31
617 883.284 88.7 2.00 0.24
618 884.711 63.1 1.89 0.11
619 885.920 71.7 1.81 0.31
620 889.401 64.9 1.60 0.35
621 890.418 83.6 1.68 0.10
622 890.705 99.0 1.73 0.19
623 891.709 129.7 1.77 0.15
624 892.357 81.9 1.98 0.12
625 897.764 75.1 1.51 -0.05
626 897.894 54.6 1.60 -0.05
627 898.242 35.8 2.08 0.18
628 898.767 100.7 1.71 0.06
629 901.082 64.9 1.66 0.01
630 904.686 88.7 2.11 0.28
631 905.239 49.5 2.06 0.31
632 907.082 75.1 2.10 0.18
633 908.031 75.1 1.88 0.09
634 908.700 117.8 1.70 0.21
635 909.103 54.6 1.89 -0.00
636 911.089 116.1 1.78 -0.15
637 912.892 126.3 1.74 0.07
638 915.035 109.2 1.96 0.17
639 915.267 95.6 1.60 0.19
640 916.114 56.3 1.61 0.23
641 917.759 95.6 1.85 -0.09
642 922.804 70.0 1.40 0.21
643 922.893 68.3 2.20 0.35
644 923.159 93.9 2.06 0.28
645 925.050 78.5 1.87 0.09
646 926.682 42.7 1.68 0.00
647 927.276 80.2 1.86 0.01
648 932.061 121.2 1.99 0.24
649 935.126 100.7 2.11 0.20
650 937.447 51.2 1.84 0.21
651 941.113 102.4 2.05 0.23
652 941.359 97.3 2.04 0.24
653 942.240 71.7 1.85 0.33
654 944.998 75.1 2.03 0.21
655 945.667 68.3 2.09 0.29
656 949.995 83.6 2.00 0.28
657 950.944 75.1 1.98 0.27
658 951.981 61.4 2.01 0.47
659 954.500 136.5 1.75 0.21
660 955.012 95.6 1.67 0.29
661 957.279 155.3 1.64 0.04
662 957.497 114.3 1.62 0.10
663 958.958 151.9 1.87 0.17
664 959.108 112.6 1.51 0.17
665 960.125 95.6 1.99 0.14
666 963.430 42.7 2.01 0.18
667 965.177 56.3 2.18 0.27
668 965.259 39.3 2.22 0.24
669 965.471 46.1 2.15 0.20
670 965.635 59.7 2.16 0.23
671 966.665 95.6 2.11 0.12
672 967.239 102.4 2.03 0.28
673 969.765 81.9 2.07 0.19
674 970.625 100.7 2.09 0.17
675 972.789 71.7 2.12 0.00
676 972.932 63.1 2.02 -0.00
677 973.478 58.0 2.10 0.00
678 974.748 95.6 2.13 0.08
679 977.943 104.1 2.04 0.14
680 980.100 75.1 1.96 0.13
681 980.872 78.5 1.95 0.26
682 981.274 70.0 1.96 0.06
683 985.466 70.0 1.93 0.12
684 985.930 75.1 1.89 0.09
685 986.196 61.4 1.89 0.01
686 989.214 64.9 1.95 0.14
687 995.023 105.8 1.90 0.08
688 995.488 81.9 2.09 0.22
689 995.877 78.5 2.17 0.29
690 997.194 66.6 2.21 -0.00
691 1000.389 126.3 2.05 0.18
692 1002.464 93.9 2.04 0.18
693 1005.844 32.4 2.07 -0.00
694 1011.783 80.2 2.15 0.37
695 1013.114 88.7 2.10 0.43
696 1013.606 93.9 2.10 0.41
697 1017.756 61.4 1.91 0.27
698 1023.893 88.7 1.84 0.23
699 1024.296 114.3 1.86 0.12
700 1024.426 49.5 1.88 0.10
701 1024.535 119.5 1.90 0.16
702 1025.088 90.5 1.93 0.31
703 1025.375 136.5 1.88 0.36
704 1027.682 105.8 2.01 0.01
705 1030.952 51.2 1.79 -0.00
706 1032.304 63.1 1.67 0.00
707 1035.396 95.6 2.04 0.39
708 1036.366 71.7 2.23 -0.00
709 1038.530 81.9 2.27 0.28
710 1041.172 73.4 2.20 0.18
711 1041.301 122.9 2.24 0.32
712 1042.496 61.4 2.19 0.22
713 1042.762 100.7 2.15 0.24
714 1043.418 75.1 2.10 0.28
715 1043.540 81.9 2.16 0.28
716 1045.964 66.6 2.20 0.27
717 1048.189 78.5 2.23 0.22
718 1049.302 41.0 2.24 0.24
719 1050.149 83.6 2.12 0.27
720 1058.805 34.1 2.01 0.04
721 1059.645 121.2 2.08 0.28
722 1059.938 126.3 2.07 -0.00
723 1062.532 81.9 2.08 0.14
724 1063.761 44.4 1.98 0.22
725 1064.082 81.9 1.98 0.21
726 1065.652 44.4 1.89 0.18
727 1065.952 75.1 2.01 0.14
728 1074.049 92.2 1.88 0.24
729 1076.377 102.4 2.21 0.13
730 1078.616 81.9 2.12 0.23
731 1079.353 64.9 2.15 0.16
732 1079.954 58.0 2.16 0.23
733 1080.527 71.7 2.15 0.23
734 1080.807 54.6 2.13 0.20
735 1081.558 52.9 2.26 -0.00
736 1082.357 110.9 2.13 0.16
737 1084.685 90.5 2.11 0.05
738 1085.600 81.9 2.01 -0.01
739 1087.525 99.0 2.08 0.11
740 1088.494 93.9 2.03 0.18
741 1090.467 47.8 2.12 0.00
742 1092.822 70.0 1.90 -0.00
743 1092.945 87.0 1.62 -0.00
744 1093.307 71.7 1.96 0.00
745 1095.184 141.7 2.01 0.11
746 1095.744 59.7 1.96 -0.00
747 1097.055 90.5 1.99 0.12
748 1098.946 29.0 1.97 0.12
749 1100.195 64.9 2.01 0.13
750 1101.547 81.9 1.97 0.14
751 1103.916 83.6 2.11 0.21
752 1105.219 54.6 2.08 0.08
753 1107.875 68.3 1.97 0.07
754 1108.476 75.1 2.04 0.03
755 1109.718 122.9 2.07 0.01
756 1110.333 81.9 2.05 0.09
757 1111.957 133.1 2.01 0.05
758 1117.623 105.8 1.88 0.08
759 1118.607 102.4 1.48 0.16
760 1118.982 56.3 1.74 0.11
761 1119.985 61.4 1.92 0.07
762 1120.818 136.5 1.77 0.07
763 1121.242 95.6 1.74 0.15
764 1121.952 68.3 1.87 0.01
765 1124.505 81.9 2.09 0.00
766 1124.942 114.3 1.98 0.06
767 1125.310 71.7 1.97 0.19
768 1125.426 95.6 2.08 0.21
769 1126.184 71.7 2.10 0.18
770 1126.580 61.4 2.07 0.16
771 1126.710 95.6 1.94 0.24
772 1129.993 85.3 1.91 0.24
773 1130.901 109.2 1.90 0.30
774 1139.134 107.5 1.71 0.03
775 1140.240 107.5 2.04 0.16
776 1141.148 92.2 1.91 0.16
777 1143.101 75.1 1.98 0.19
778 1144.015 47.8 1.97 0.16
779 1144.247 64.9 2.04 0.19
780 1148.582 64.9 2.02 0.11
781 1148.712 70.0 2.01 0.11
782 1150.385 93.9 1.96 0.16
783 1153.395 80.2 1.70 0.15
784 1157.273 122.9 1.59 0.20
785 1158.413 116.1 1.90 0.02
786 1159.423 75.1 1.83 0.13
787 1160.092 95.6 1.82 0.05
788 1160.618 78.5 1.96 0.04
789 1161.382 75.1 1.94 -0.05
790 1161.594 81.9 1.94 -0.02
791 1162.051 49.5 1.90 -0.01
792 1162.161 78.5 1.92 -0.01
793 1162.686 88.7 1.95 0.00
794 1164.161 75.1 1.78 0.15
795 1166.728 109.2 2.00 0.01
796 1167.137 104.1 1.97 0.01
797 1167.718 49.5 1.96 0.10
798 1169.001 71.7 1.91 0.02
799 1170.298 58.0 1.81 0.01
800 1171.861 68.3 1.94 -0.00
801 1172.107 42.7 1.95 0.07
802 1172.244 145.1 1.86 0.01
803 1174.333 46.1 1.80 -0.00
804 1174.886 141.7 1.96 -0.00
805 1175.281 73.4 1.87 -0.01
806 1175.432 56.3 2.00 0.00
807 1175.636 129.7 1.90 0.00
808 1176.265 97.3 1.83 0.05
809 1177.644 85.3 1.88 0.28
810 1180.579 114.3 1.80 -0.00
811 1180.968 73.4 1.88 0.02
812 1181.460 93.9 1.87 0.01
813 1181.760 158.7 1.85 0.04
814 1183.426 88.7 1.74 0.01
815 1185.194 56.3 1.91 -0.10
816 1185.958 52.9 1.75 0.00
817 1187.815 105.8 1.82 0.07
818 1194.833 105.8 2.04 0.02
819 1197.188 95.6 1.96 0.04
820 1198.458 78.5 1.93 0.17
821 1200.015 54.6 1.83 0.12
822 1200.117 44.4 1.91 0.13
823 1200.451 88.7 1.85 0.14
824 1200.738 76.8 1.82 0.15
825 1203.448 112.6 2.02 0.13
826 1204.902 121.2 1.86 -0.05
827 1205.162 117.8 1.92 -0.04
828 1206.179 63.1 1.89 0.03
829 1206.254 58.0 1.88 0.03
830 1207.469 145.1 1.84 0.04
831 1210.657 81.9 1.80 0.05
832 1211.995 66.6 1.80 0.03
833 1213.306 70.0 1.81 0.20
834 1226.905 75.1 1.68 0.30
835 1227.232 81.9 1.73 0.02
836 1227.546 71.7 1.82 -0.06
837 1227.840 128.0 1.51 0.01
838 1228.557 78.5 1.81 0.13
839 1229.724 63.1 1.89 -0.13
840 1230.885 87.0 1.95 0.29
841 1236.169 85.3 1.72 0.19
842 1237.145 66.6 1.97 0.30
843 1237.957 75.1 1.79 0.33
844 1238.783 68.3 1.67 0.11
845 1241.125 81.9 1.68 0.27
846 1243.057 107.5 1.74 0.17
847 1243.473 208.2 1.61 0.21
848 1246.982 71.7 1.91 -0.02
849 1250.252 88.7 1.90 0.13
850 1250.764 88.7 1.60 0.11
851 1252.832 92.2 1.95 0.26
852 1254.614 99.0 1.67 0.09
853 1256.922 78.5 1.88 0.01
854 1257.120 64.9 1.68 0.01
855 1257.713 85.3 1.72 0.01
856 1258.287 126.3 1.90 0.17
857 1264.028 105.8 1.79 0.17
858 1265.155 110.9 1.64 -0.00
859 1266.650 151.9 1.90 -0.01
860 1267.612 80.2 1.89 0.08
861 1268.609 92.2 1.59 0.03
862 1269.257 139.9 1.67 -0.00
863 1272.145 51.2 1.94 0.01
864 1273.155 104.1 1.96 0.22
865 1278.371 63.1 1.87 0.02
866 1282.590 88.7 2.02 0.04
867 1283.341 49.5 2.00 0.01
868 1284.358 71.7 1.98 0.00
869 1293.758 63.1 1.99 0.05
870 1295.042 61.4 1.96 0.01
871 1295.158 73.4 1.88 0.01
872 1296.332 90.5 1.90 0.07
873 1296.810 109.2 1.90 0.06
874 1297.684 88.7 2.03 0.08
875 1298.025 112.6 1.91 0.11
876 1299.540 126.3 1.98 0.21
877 1302.722 97.3 1.82 0.05
878 1303.657 81.9 1.77 -0.18
879 1304.968 102.4 1.90 0.04
880 1305.869 61.4 1.96 0.08
881 1306.627 75.1 2.09 0.14
882 1307.152 78.5 1.62 0.06
883 1309.548 78.5 1.93 0.20
884 1309.849 99.0 1.97 0.11
885 1310.620 83.6 2.01 0.11
886 1310.729 81.9 2.01 0.11
887 1310.900 85.3 1.86 0.22
888 1312.265 75.1 1.76 -0.10
889 1316.327 71.7 2.03 0.10
890 1316.655 68.3 2.06 0.03
891 1316.948 56.3 2.12 -0.09
892 1321.563 78.5 2.01 0.19
893 1322.185 49.5 1.99 0.05
894 1322.437 80.2 1.90 0.02
895 1322.519 59.7 1.93 0.02
896 1325.004 68.3 2.05 0.07
897 1325.509 75.1 1.85 0.18
898 1327.537 71.7 1.70 0.08
899 1329.892 59.7 1.84 0.18
900 1333.653 88.7 1.78 0.12
901 1335.114 49.5 1.58 -0.00
902 1336.063 68.3 1.85 -0.01
903 1337.278 54.6 2.20 0.01
904 1337.613 83.6 2.17 0.00
905 1342.371 52.9 2.09 0.20
906 1344.248 81.9 2.07 0.07
907 1344.419 49.5 1.77 0.02
908 1345.737 81.9 2.00 0.16
909 1345.839 66.6 1.97 0.17
910 1351.300 58.0 1.87 0.17
911 1351.655 66.6 2.15 0.30
912 1353.437 54.6 2.01 0.25
913 1354.072 54.6 1.93 0.31
914 1354.195 114.3 1.94 0.07
915 1357.137 88.7 1.93 0.14
916 1358.980 133.1 2.21 0.03
917 1360.230 59.7 2.10 0.15
918 1364.728 88.7 2.13 0.06
919 1368.374 58.0 2.17 0.14
920 1368.490 75.1 2.16 0.04
921 1369.111 95.6 1.83 0.09
922 1370.920 18.8 1.97 -0.03
923 1371.528 70.0 1.71 0.10
924 1372.238 56.3 1.83 0.24
925 1376.982 92.2 1.95 0.13
926 1377.651 71.7 1.89 0.11
927 1377.870 73.4 2.04 0.11
928 1379.378 81.9 1.97 0.15
929 1384.314 58.0 1.92 0.01
930 1386.301 129.7 1.95 -0.01
931 1388.499 71.7 1.85 0.02
932 1389.359 85.3 1.88 0.00
933 1390.301 54.6 1.64 0.01
934 1391.489 71.7 1.63 0.13
935 1392.827 71.7 1.71 0.06
936 1393.591 46.1 1.71 0.07
937 1398.370 61.4 1.98 -0.02
938 1399.189 88.7 2.04 -0.01
939 1399.449 146.8 1.99 0.01
940 1400.671 99.0 1.92 0.04
941 1402.937 87.0 1.91 -0.12
942 1405.142 95.6 1.70 0.09
943 1407.764 37.5 1.71 -0.02
944 1412.699 58.0 1.57 -0.01
945 1413.635 102.4 1.86 0.26
946 1415.491 95.6 1.77 0.09
947 1419.014 122.9 1.57 0.18
948 1426.257 88.7 1.78 0.07
949 1426.639 41.0 1.81 0.01
950 1426.680 17.1 1.76 -0.00
951 1429.629 109.2 1.82 0.12
952 1430.756 70.0 1.75 0.19
953 1439.023 63.1 2.08 0.08
954 1440.934 88.7 2.01 0.06
955 1441.651 73.4 2.07 0.27
956 1443.017 49.5 1.94 0.29
957 1443.884 109.2 1.81 0.20
958 1444.075 99.0 1.83 0.20
959 1447.679 61.4 1.78 0.01
960 1449.864 47.8 2.07 -0.02
961 1450.383 35.8 2.11 0.05
962 1453.304 51.2 1.84 0.03
963 1453.632 104.1 1.90 0.01
964 1460.984 100.7 1.99 0.12
965 1462.930 71.7 1.95 0.18
966 1464.971 56.3 2.10 0.13
967 1467.483 87.0 1.83 0.37
968 1471.497 81.9 2.02 0.13
969 1480.447 59.7 1.92 0.20
970 1481.717 83.6 1.89 0.21
971 1486.632 68.3 1.96 0.17
972 1488.339 85.3 1.73 0.32
973 1488.755 73.4 1.88 0.03
974 1489.288 49.5 1.73 0.01
975 1489.349 46.1 1.76 0.00
976 1489.506 47.8 1.80 -0.00
977 1491.643 124.6 1.65 0.14
978 1492.189 104.1 1.84 0.10
979 1493.841 75.1 2.04 0.16
980 1495.964 88.7 1.74 0.26
981 1501.453 85.3 1.88 0.35
982 1504.559 95.6 1.79 0.29
983 1512.744 75.1 2.03 0.26
984 1515.092 75.1 1.95 0.38
985 1516.758 75.1 1.61 0.41
986 1522.308 68.3 1.88 0.28
987 1524.186 71.7 1.99 0.16
988 1525.619 51.2 2.09 0.25
989 1525.933 56.3 2.05 0.21
990 1527.640 88.7 2.09 0.20
991 1529.251 71.7 1.98 0.22
992 1529.394 92.2 1.99 0.22
993 1530.534 90.5 1.95 0.22
994 1530.978 68.3 1.99 0.27
995 1541.525 95.6 1.71 0.28
996 1543.089 64.9 1.97 0.08
997 1543.382 88.7 1.91 0.06
998 1543.696 68.3 1.98 0.17
999 1544.700 61.4 1.86 0.20
1000 1544.748 30.7 1.84 0.19
1001 1545.287 78.5 1.88 -0.00
1002 1546.775 83.6 2.01 0.10
1003 1549.847 116.1 1.88 0.20
1004 1549.963 66.6 1.86 0.19
1005 1553.028 64.9 1.74 0.35
1006 1553.704 81.9 1.79 0.23
1007 1553.950 68.3 1.79 0.32
1008 1554.489 88.7 1.71 0.38
1009 1558.899 68.3 1.64 0.35
1010 1562.900 68.3 1.78 0.25
1011 1563.459 87.0 1.63 0.22
1012 1566.292 93.9 1.63 0.27
1013 1567.467 88.7 1.75 0.28
1014 1567.794 85.3 1.79 0.27
1015 1568.122 122.9 1.73 0.14
1016 1568.409 129.7 1.69 0.15
1017 1569.228 41.0 1.71 0.11
1018 1570.921 97.3 1.71 0.25
1019 1573.754 104.1 1.64 0.22
1020 1574.259 88.7 1.64 0.17
1021 1575.693 122.9 1.82 0.22
1022 1579.591 81.9 1.83 0.27
1023 1582.096 66.6 1.62 -0.00
1024 1583.919 54.6 1.98 0.23
1025 1584.322 68.3 1.99 0.26
1026 1584.527 155.3 1.90 0.24
1027 1585.114 88.7 1.88 0.21
1028 1586.540 99.0 1.93 0.19
1029 1587.312 88.7 1.80 0.44
1030 1588.022 116.1 1.76 0.26
1031 1590.705 76.8 1.91 0.24
1032 1591.749 104.1 1.95 0.15
1033 1592.698 81.9 2.07 0.06
1034 1593.019 61.4 1.92 0.10
1035 1594.937 63.1 1.71 0.09
1036 1595.517 85.3 1.87 0.11
1037 1596.036 58.0 1.73 -0.01
1038 1598.077 133.1 1.79 0.00
1039 1598.241 70.0 1.84 0.00
1040 1602.665 64.9 1.83 0.15
1041 1603.307 59.7 1.80 0.15
1042 1603.416 59.7 1.82 0.15
1043 1604.146 73.4 1.83 0.17
1044 1607.942 124.6 1.77 0.08
1045 1608.065 80.2 1.78 0.08
1046 1611.983 68.3 1.86 0.00
1047 1612.727 92.2 1.80 0.25
1048 1613.315 88.7 1.79 0.17
1049 1621.083 75.1 1.71 0.24
1050 1623.643 81.9 1.88 0.17
1051 1627.951 63.1 2.02 0.12
1052 1628.101 61.4 2.02 0.12
1053 1629.528 49.5 2.07 0.14
1054 1631.378 170.7 2.05 0.11
1055 1633.228 88.7 1.86 -0.03
1056 1638.150 208.2 1.59 0.28
1057 1638.519 201.4 1.55 0.25
1058 1640.307 71.7 1.92 0.01
1059 1640.505 162.1 1.67 0.01
1060 1640.683 122.9 1.81 0.06
1061 1641.181 110.9 1.72 0.04
1062 1641.440 99.0 1.85 0.09
1063 1641.597 100.7 1.53 0.04
1064 1641.816 70.0 1.85 0.11
1065 1642.737 122.9 1.88 0.04
1066 1643.488 104.1 1.70 -0.06
1067 1644.308 102.4 1.51 0.00
1068 1645.038 63.1 1.44 0.00
1069 1645.161 134.8 1.70 0.01
1070 1646.479 47.8 1.54 -0.00
1071 1646.670 199.7 1.49 0.03
1072 1646.984 37.5 1.54 -0.01
1073 1647.270 92.2 1.43 0.07
1074 1648.301 76.8 1.51 0.11
1075 1648.513 78.5 1.45 0.02
1076 1648.629 88.7 1.51 0.00
1077 1652.479 63.1 1.41 0.08
1078 1655.544 99.0 1.39 0.03
1079 1656.350 107.5 1.31 0.01
1080 1656.985 99.0 1.55 -0.07
1081 1658.596 75.1 1.78 0.13
1082 1660.391 58.0 2.03 -0.04
1083 1660.548 102.4 2.06 0.02
1084 1661.463 99.0 1.84 -0.03
1085 1661.886 83.6 1.73 -0.00
1086 1661.982 61.4 1.89 0.00
1087 1663.368 81.9 2.14 0.11
1088 1665.040 70.0 2.09 0.01
1089 1665.661 100.7 1.71 0.03
1090 1667.477 174.1 2.04 0.06
1091 1667.825 34.1 2.01 0.01
1092 1668.228 76.8 2.03 0.04
1093 1669.368 64.9 1.87 0.18
1094 1671.355 46.1 1.92 0.20
1095 1671.573 95.6 2.00 0.15
1096 1672.113 34.1 1.93 0.14
1097 1672.345 104.1 1.96 0.14
1098 1672.515 99.0 1.91 0.14
1099 1673.908 71.7 1.95 0.29
1100 1674.611 116.1 1.97 0.14
1101 1678.502 97.3 1.97 0.03
1102 1683.691 75.1 1.82 0.26
1103 1686.298 95.6 1.77 0.20
1104 1688.224 95.6 1.82 0.00
1105 1688.599 58.0 1.94 0.15
1106 1690.046 59.7 1.87 0.09
1107 1693.644 75.1 1.82 0.08
1108 1694.531 44.4 1.64 0.09
1109 1696.955 64.9 2.00 0.21
1110 1699.938 83.6 1.94 0.16
1111 1703.092 75.1 2.09 0.17
1112 1705.338 90.5 1.83 0.17
1113 1706.007 85.3 1.98 0.19
1114 1706.103 66.6 1.93 0.26
1115 1707.249 42.7 1.77 0.01
1116 1710.622 63.1 1.77 0.02
1117 1710.697 56.3 1.79 0.00
1118 1711.714 49.5 2.04 0.10
1119 1712.035 66.6 1.76 0.10
1120 1713.339 95.6 2.05 0.14
1121 1713.865 107.5 2.10 0.19
1122 1714.745 58.0 2.13 0.11
1123 1716.957 39.3 1.99 0.39
1124 1717.169 34.1 1.93 0.43
1125 1719.517 64.9 1.77 0.39
1126 1720.002 78.5 1.96 0.40
1127 1724.678 71.7 1.88 0.11
1128 1725.040 81.9 1.89 0.14
1129 1726.671 76.8 1.94 0.18
1130 1730.569 70.0 2.12 0.12
1131 1733.921 61.4 1.90 0.08
1132 1734.440 56.3 1.79 0.24
1133 1737.772 92.2 1.93 0.35
1134 1740.099 119.5 1.92 0.27
1135 1741.117 97.3 1.95 0.33
1136 1742.250 102.4 1.94 0.32
1137 1742.748 85.3 1.87 0.25
1138 1744.578 80.2 2.14 0.08
1139 1746.694 80.2 2.01 0.12
1140 1747.056 143.4 1.95 0.28
1141 1747.786 76.8 1.87 0.27
1142 1748.298 73.4 1.88 0.24
1143 1750.012 71.7 2.05 0.30
1144 1750.981 104.1 1.97 0.18
1145 1753.186 88.7 1.98 0.24
1146 1754.435 54.6 1.88 0.22
1147 1755.958 92.2 1.81 0.13
1148 1757.241 114.3 1.76 0.26
1149 1757.385 100.7 1.88 0.28
1150 1758.982 99.0 1.70 0.00
1151 1760.416 81.9 1.70 0.10
1152 1760.648 100.7 1.65 0.12
1153 1763.965 71.7 1.80 0.02
1154 1764.204 116.1 1.94 -0.06
1155 1765.228 81.9 2.01 0.19
1156 1766.532 68.3 2.00 0.23
1157 1766.901 70.0 1.96 0.17
1158 1767.215 64.9 2.00 0.17
1159 1769.263 61.4 1.67 -0.01
1160 1769.686 112.6 1.57 0.01
1161 1770.253 81.9 1.64 0.11
1162 1770.362 81.9 1.66 -0.05
1163 1771.045 68.3 1.55 0.23
1164 1772.123 88.7 1.52 0.10
1165 1772.547 143.4 1.65 0.07
1166 1773.489 88.7 1.43 -0.04
1167 1774.444 90.5 1.38 0.02
1168 1775.011 78.5 1.42 0.04
1169 1776.820 70.0 1.59 0.12
1170 1777.462 95.6 1.49 -0.06
1171 1777.714 136.5 1.55 -0.00
1172 1778.390 41.0 1.55 0.22
1173 1778.458 42.7 1.49 0.22
1174 1778.656 75.1 1.65 0.23
1175 1780.547 93.9 2.14 0.14
1176 1781.148 78.5 2.24 0.00
1177 1781.462 80.2 1.66 -0.11
1178 1781.565 99.0 2.01 -0.11
1179 1781.995 153.6 1.96 -0.00
1180 1782.356 83.6 2.02 0.02
1181 1783.258 141.7 1.95 0.03
1182 1783.544 76.8 2.06 0.11
1183 1784.589 56.3 1.75 0.03
1184 1784.719 71.7 1.99 0.03
1185 1785.777 100.7 1.69 -0.32
1186 1786.439 143.4 1.89 0.23
1187 1786.664 88.7 1.82 0.14
1188 1788.139 71.7 1.87 0.27
1189 1788.671 88.7 1.82 0.13
1190 1789.402 88.7 1.91 0.25
1191 1794.187 80.2 1.92 0.38
1192 1794.392 54.6 1.98 0.09
1193 1796.071 70.0 1.90 0.29
1194 1807.765 80.2 1.76 0.28
1195 1808.666 66.6 1.83 0.35
1196 1815.043 81.9 1.97 0.18
1197 1817.132 63.1 2.08 0.01
1198 1820.722 104.1 1.95 0.19
1199 1821.903 97.3 1.86 0.00
1200 1823.508 59.7 1.94 0.22
1201 1824.702 41.0 2.04 0.23
1202 1826.238 102.4 1.97 0.14
1203 1826.375 75.1 1.99 0.16
1204 1829.775 75.1 2.05 0.22
1205 1832.191 99.0 2.10 0.19
1206 1834.096 71.7 2.09 0.18
1207 1834.854 81.9 2.06 0.08
1208 1835.331 88.7 2.01 0.19
1209 1836.376 88.7 2.02 0.27
1210 1837.059 107.5 1.85 0.19
1211 1838.048 63.1 1.95 0.22
1212 1841.878 92.2 1.99 0.16
1213 1841.981 85.3 2.08 0.16
1214 1850.036 75.1 1.87 -0.00
1215 1850.760 81.9 1.93 0.01
1216 1851.900 39.3 1.95 0.22
1217 1853.402 64.9 2.02 0.19
1218 1853.873 49.5 2.05 0.22
1219 1855.279 128.0 2.05 -0.01
1220 1855.463 81.9 2.00 -0.01
1221 1855.600 54.6 1.98 0.11
1222 1857.115 54.6 1.87 -0.00
1223 1857.586 51.2 1.97 0.01
1224 1858.699 87.0 2.02 0.13
1225 1858.863 90.5 2.03 0.09
1226 1859.320 121.2 1.86 0.03
1227 1859.894 105.8 2.05 0.11
1228 1860.099 119.5 2.05 0.09
1229 1863.355 102.4 1.90 0.07
1230 1864.024 61.4 2.01 0.10
1231 1865.553 199.7 2.04 0.01
1232 1865.731 128.0 2.01 0.01
1233 1866.304 70.0 2.00 0.21
1234 1868.256 90.5 1.75 0.15
1235 1869.028 93.9 2.04 0.19
1236 1869.199 95.6 1.99 0.16
1237 1869.833 49.5 1.85 0.20
1238 1870.202 75.1 1.95 0.12
1239 1871.943 75.1 2.08 0.09
1240 1872.134 64.9 1.89 0.08
1241 1872.373 42.7 2.01 0.07
1242 1873.315 61.4 1.97 0.09
1243 1874.885 41.0 2.01 0.02
1244 1875.595 107.5 1.89 0.18
1245 1876.496 75.1 1.92 0.15
1246 1876.694 78.5 1.89 0.16
1247 1878.380 75.1 1.97 0.13
1248 1879.739 80.2 1.88 0.25
1249 1883.139 83.6 1.97 0.07
1250 1884.074 81.9 2.06 -0.17
1251 1884.866 63.1 1.90 -0.14
1252 1886.627 81.9 1.99 -0.04
1253 1886.818 66.6 1.98 -0.07
1254 1892.375 93.9 1.94 0.02
1255 1892.778 133.1 1.81 0.10
1256 1893.385 102.4 1.98 0.12
1257 1897.222 124.6 1.90 0.19
1258 1899.502 95.6 1.99 0.04
1259 1900.157 87.0 1.86 0.16
1260 1901.973 68.3 1.80 0.12
1261 1903.359 90.5 1.94 0.28
1262 1903.639 46.1 1.80 0.01
1263 1904.404 61.4 1.88 0.05
1264 1905.530 71.7 1.89 -0.07
1265 1905.639 85.3 2.00 0.10
1266 1907.175 58.0 1.66 0.03
1267 1907.332 47.8 1.94 0.17
1268 1910.602 54.6 1.87 0.01
1269 1910.698 52.9 1.95 0.01
1270 1911.142 80.2 1.85 0.12
1271 1911.319 83.6 1.96 0.12
1272 1911.558 95.6 2.02 0.11
1273 1913.640 71.7 1.95 -0.00
1274 1914.282 75.1 1.97 0.05
1275 1916.480 102.4 1.63 0.17
1276 1916.637 100.7 1.72 0.33
1277 1919.518 87.0 1.51 -0.01
1278 1921.689 75.1 1.86 -0.06
1279 1922.644 70.0 1.58 -0.10
1280 1923.532 64.9 1.90 -0.02
1281 1923.839 78.5 1.90 0.03
1282 1925.566 92.2 1.47 0.01
1283 1928.399 107.5 1.77 -0.08
1284 1928.911 124.6 1.80 0.24
1285 1931.403 66.6 1.73 0.28
1286 1931.676 42.7 1.53 0.07
1287 1932.557 25.6 1.74 0.14
1288 1934.468 100.7 1.69 0.08
1289 1936.093 81.9 1.84 0.33
1290 1937.390 66.6 1.94 0.27
1291 1940.155 102.4 1.60 0.00
1292 1940.346 81.9 1.83 0.08
1293 1941.193 76.8 1.63 0.12
1294 1945.923 42.7 1.80 -0.06
1295 1946.005 58.0 1.78 -0.06
1296 1948.026 70.0 1.77 0.05
1297 1948.197 90.5 1.87 0.11
1298 1948.354 99.0 1.82 0.32
1299 1949.303 141.7 1.64 0.25
1300 1949.630 88.7 1.70 0.35
1301 1950.743 81.9 1.76 0.36
1302 1951.207 52.9 1.68 0.34
1303 1951.357 105.8 1.63 0.01
1304 1951.856 95.6 1.73 0.05
1305 1951.972 93.9 1.48 0.05
1306 1952.163 88.7 1.72 0.18
1307 1954.996 184.3 1.55 0.12
1308 1955.672 85.3 1.53 0.13
1309 1956.006 85.3 1.55 0.13
1310 1956.587 143.4 1.61 0.04
1311 1956.703 75.1 1.63 0.00
1312 1957.542 136.5 1.58 0.18
1313 1957.686 112.6 1.55 0.18
1314 1958.990 63.1 1.51 0.01
1315 1960.655 102.4 1.57 0.30
1316 1962.376 100.7 1.58 0.15
1317 1962.915 122.9 1.72 0.22
1318 1963.413 75.1 1.57 0.19
1319 1967.619 109.2 1.61 0.11
1320 1968.724 32.4 1.62 0.12
1321 1974.432 97.3 1.79 -0.07
1322 1975.729 88.7 1.73 0.14
1323 1978.220 88.7 1.91 0.25
1324 1979.313 102.4 1.94 0.01
1325 1979.647 75.1 1.75 0.00
1326 1979.941 68.3 1.83 0.02
1327 1981.565 129.7 1.60 0.11
1328 1984.146 104.1 1.80 0.06
1329 1984.794 100.7 1.81 0.14
1330 1987.170 42.7 1.98 0.14
1331 1987.395 63.1 1.89 0.23
1332 1993.300 112.6 1.89 0.25
1333 1993.997 56.3 1.75 0.24
1334 1995.075 95.6 1.81 0.40
1335 1998.632 41.0 1.67 0.44
1336 2000.086 47.8 1.88 0.24
1337 2000.783 68.3 1.85 0.29
1338 2005.548 83.6 1.98 0.39
1339 2006.080 102.4 1.72 0.08
1340 2007.247 81.9 1.74 0.20
1341 2008.422 88.7 1.76 0.07
1342 2008.804 81.9 1.77 0.37
1343 2011.173 39.3 1.93 0.50
1344 2012.176 64.9 1.46 0.07
1345 2014.238 105.8 1.80 0.21
1346 2018.081 121.2 2.01 0.18
1347 2018.648 78.5 1.86 0.16
1348 2019.993 58.0 1.80 0.25
1349 2020.396 83.6 1.88 0.25
1350 2023.502 83.6 1.54 0.39
1351 2023.604 87.0 1.75 0.28
1352 2024.177 70.0 1.61 0.49
1353 2025.434 30.7 1.70 0.07
1354 2029.134 175.8 1.60 -0.08
1355 2030.922 112.6 1.54 -0.00
1356 2031.188 104.1 1.46 0.04
1357 2032.383 76.8 1.56 0.09
1358 2033.182 100.7 1.86 0.13
1359 2035.476 51.2 1.91 0.11
1360 2037.257 47.8 1.86 0.10
1361 2040.343 81.9 1.77 0.09
1362 2043.736 68.3 2.00 0.08
1363 2044.617 44.4 1.94 0.18
1364 2046.016 95.6 1.88 0.01
1365 2049.894 102.4 1.71 0.16
1366 2050.726 109.2 2.02 -0.02
1367 2051.955 81.9 2.02 0.01
1368 2052.604 85.3 1.81 -0.00
1369 2053.771 100.7 1.91 0.08
1370 2055.628 104.1 1.93 0.05
1371 2055.771 61.4 1.93 0.01
1372 2061.519 87.0 1.78 0.08
1373 2061.847 51.2 1.82 -0.00
1374 2062.816 107.5 1.72 0.23
1375 2069.534 83.6 1.72 -0.11
1376 2071.152 59.7 1.91 0.39
1377 2071.220 47.8 1.89 0.22
1378 2072.326 52.9 1.82 0.14
1379 2073.521 42.7 1.78 0.22
1380 2074.599 95.6 1.95 0.13
1381 2075.330 109.2 1.82 0.25
1382 2076.900 81.9 1.79 0.01
1383 2080.470 75.1 1.92 0.17
1384 2082.941 122.9 1.76 0.18
1385 2083.481 71.7 1.77 0.02
1386 2084.375 63.1 1.79 0.01
1387 2084.846 93.9 1.64 -0.00
1388 2085.433 116.1 1.60 0.00
1389 2085.699 129.7 1.58 0.00
1390 2087.167 63.1 1.48 -0.04
1391 2088.130 49.5 1.49 -0.13
1392 2089.625 56.3 1.70 -0.02
1393 2091.502 85.3 1.93 0.16
1394 2091.611 41.0 1.95 0.13
1395 2094.827 39.3 1.97 0.07
1396 2097.114 143.4 2.03 0.12
1397 2099.667 81.9 1.88 -0.17
1398 2102.800 92.2 1.76 0.11
1399 2103.121 150.2 1.67 -0.15
1400 2103.285 143.4 1.70 -0.15
1401 2103.933 63.1 1.60 0.01
1402 2107.360 114.3 1.66 -0.14
1403 2107.900 90.5 1.55 -0.03
1404 2110.200 92.2 1.78 0.07
1405 2110.364 83.6 1.62 0.07
1406 2111.081 51.2 1.57 0.03
1407 2115.430 81.9 2.11 0.18
1408 2115.805 80.2 1.78 0.35
1409 2116.604 95.6 2.05 0.43
1410 2116.856 66.6 2.03 0.47
1411 2122.993 104.1 1.87 -0.29
1412 2128.591 81.9 1.79 0.01
1413 2129.964 97.3 1.72 0.16
1414 2130.680 42.7 1.87 0.01
1415 2132.032 59.7 1.76 0.15
1416 2132.134 68.3 1.75 0.15
1417 2133.247 95.6 1.86 0.17
1418 2134.967 78.5 1.76 0.25
1419 2135.855 81.9 1.94 0.18
1420 2136.886 119.5 2.05 0.10
1421 2137.295 56.3 2.00 0.15
1422 2137.500 54.6 1.56 0.14
1423 2137.821 75.1 2.10 0.03
1424 2138.046 66.6 2.14 0.06
1425 2140.115 81.9 2.03 0.03
1426 2140.244 70.0 1.97 0.03
1427 2140.326 42.7 2.05 0.03
1428 2141.931 90.5 2.06 0.00
1429 2144.682 116.1 1.89 0.22
1430 2146.027 51.2 1.85 0.22
1431 2146.976 90.5 1.66 0.19
1432 2147.119 104.1 1.69 0.12
1433 2153.283 90.5 1.80 0.02
1434 2155.557 68.3 1.77 0.29
1435 2160.465 44.4 2.12 -0.09
1436 2160.574 52.9 2.11 -0.09
1437 2160.711 61.4 2.09 -0.09
1438 2161.230 78.5 2.09 0.07
1439 2161.946 78.5 2.08 -0.01
1440 2162.220 88.7 2.02 0.07
1441 2163.107 80.2 2.03 -0.04
1442 2163.257 75.1 1.87 0.02
1443 2164.370 34.1 1.98 0.02
1444 2165.012 76.8 1.94 0.00
1445 2165.756 129.7 2.00 0.12
1446 2167.046 90.5 1.94 0.03
1447 2169.210 37.5 1.88 0.20
1448 2169.271 34.1 1.94 0.20
1449 2169.743 75.1 1.83 0.13
1450 2170.398 78.5 1.81 -0.01
1451 2173.388 150.2 1.91 0.21
1452 2174.200 75.1 1.77 0.08
1453 2174.719 81.9 1.79 0.20
1454 2175.552 104.1 1.68 0.20
1455 2177.013 112.6 1.50 0.09
1456 2177.989 75.1 1.64 0.12
1457 2183.082 102.4 1.94 0.18
1458 2186.789 92.2 2.12 0.11
1459 2189.895 87.0 2.04 0.20
1460 2194.714 39.3 1.75 0.34
1461 2195.240 75.1 1.74 -0.06
1462 2197.384 61.4 1.90 0.35
1463 2197.841 39.3 2.08 0.19
1464 2199.944 75.1 1.99 0.07
1465 2204.709 56.3 2.07 0.09
1466 2205.910 80.2 1.98 0.10
1467 2206.095 95.6 1.98 0.15
1468 2206.873 75.1 2.01 0.33
1469 2209.194 85.3 1.95 0.27
1470 2211.481 81.9 2.14 0.22
1471 2214.007 70.0 1.79 0.16
1472 2217.871 58.0 2.05 0.28
1473 2218.423 81.9 1.98 0.17
1474 2220.615 172.4 2.03 0.28
1475 2222.622 25.6 1.86 -0.00
1476 2224.165 75.1 2.04 0.26
1477 2226.226 112.6 2.06 0.08
1478 2229.790 107.5 2.01 0.19
1479 2232.261 170.7 1.90 0.19
1480 2234.282 158.7 1.76 0.11
1481 2234.596 71.7 1.82 0.11
1482 2234.691 81.9 1.88 0.02
1483 2234.821 88.7 1.71 0.14
1484 2235.135 63.1 1.85 -0.02
1485 2235.804 95.6 1.78 0.13
1486 2236.023 110.9 1.60 0.05
1487 2238.282 58.0 1.88 0.02
1488 2238.467 52.9 1.93 -0.03
1489 2238.876 88.7 1.87 -0.06
1490 2241.702 51.2 1.93 0.14
1491 2242.494 81.9 1.99 0.13
1492 2245.457 87.0 1.88 0.34
1493 2250.461 66.6 1.97 0.17
1494 2250.639 54.6 2.05 0.00
1495 2251.171 81.9 2.07 0.16
1496 2254.837 81.9 2.05 0.32
1497 2257.807 100.7 1.97 0.17
1498 2257.964 66.6 1.97 0.32
1499 2258.359 95.6 1.95 0.40
1500 2259.977 80.2 2.08 0.26
1501 2260.121 63.1 2.05 0.17
1502 2260.421 64.9 1.94 0.14
1503 2261.281 76.8 1.81 0.33
1504 2264.381 105.8 1.74 0.33
1505 2264.660 52.9 1.62 0.22
1506 2265.732 102.4 1.72 0.17
1507 2265.999 75.1 2.08 0.24
1508 2266.196 99.0 2.01 0.20
1509 2267.951 184.3 2.03 0.15
1510 2268.306 51.2 2.04 0.15
1511 2271.433 99.0 1.94 0.25
1512 2274.109 81.9 1.97 0.18
1513 2274.231 81.9 2.06 0.16
1514 2276.129 121.2 2.07 0.22
1515 2276.826 85.3 2.06 0.20
1516 2278.662 73.4 2.10 0.15
1517 2278.949 83.6 2.03 0.16
1518 2280.116 61.4 1.93 0.15
1519 2280.294 64.9 1.86 0.13
1520 2281.017 85.3 1.79 0.21
1521 2282.062 102.4 1.73 0.34
1522 2283.195 78.5 1.93 0.12
1523 2285.352 68.3 1.94 0.22
1524 2291.906 87.0 1.81 0.17
1525 2296.664 83.6 1.92 0.24
1526 2300.077 63.1 1.93 0.23
1527 2302.071 59.7 1.97 0.26
1528 2302.746 85.3 2.06 0.16
1529 2303.190 68.3 2.03 0.33
1530 2303.927 105.8 1.94 0.33
1531 2304.276 35.8 1.94 0.28
1532 2304.419 46.1 1.97 0.28
1533 2304.808 112.6 2.03 0.25
1534 2304.938 64.9 2.02 0.26
1535 2305.347 42.7 2.03 0.27
1536 2305.518 81.9 2.03 0.28
1537 2305.935 88.7 2.02 0.25
1538 2306.453 68.3 2.02 0.27
1539 2308.112 66.6 1.92 0.24
1540 2312.386 68.3 1.96 0.39
1541 2312.829 75.1 1.94 0.37
1542 2312.945 70.0 2.01 0.37
1543 2314.359 99.0 1.93 0.19
1544 2314.550 129.7 1.96 0.22
1545 2322.319 61.4 1.91 0.18
1546 2322.435 81.9 1.87 0.18
1547 2322.933 34.1 1.99 0.19
1548 2326.264 112.6 1.88 0.12
1549 2327.527 119.5 1.83 0.15
1550 2327.725 73.4 1.81 0.24
1551 2327.821 92.2 1.90 0.24
1552 2328.237 215.0 1.86 0.12
1553 2328.435 139.9 1.88 0.12
1554 2330.108 64.9 1.80 0.13
1555 2331.569 85.3 1.92 0.15
1556 2331.801 80.2 1.84 -0.03
1557 2332.538 63.1 1.78 0.05
1558 2333.883 78.5 2.03 -0.01
1559 2334.436 75.1 1.76 -0.02
1560 2336.156 63.1 1.70 0.03
1561 2338.464 68.3 1.77 0.01
1562 2340.320 75.1 1.75 -0.04
1563 2340.491 75.1 1.83 0.07
1564 2342.682 61.4 2.01 0.15
1565 2344.184 88.7 1.99 0.11
1566 2344.956 68.3 1.92 0.04
1567 2347.413 59.7 2.04 0.02
1568 2348.267 41.0 1.90 -0.01
1569 2351.864 83.6 1.73 0.02
1570 2352.731 102.4 1.82 0.20
1571 2353.161 81.9 1.86 0.12
1572 2354.260 100.7 1.74 0.02
1573 2355.667 92.2 1.68 0.20
1574 2357.687 102.4 1.65 0.12
1575 2358.022 81.9 1.55 0.15
1576 2358.425 102.4 1.64 0.08
1577 2358.554 87.0 1.64 0.17
1578 2360.609 99.0 1.56 0.09
1579 2363.040 85.3 1.37 0.21
1580 2363.920 68.3 1.54 0.27
1581 2368.815 83.6 1.69 0.02
1582 2369.163 199.7 1.69 0.06
1583 2371.095 75.1 1.65 0.00
1584 2371.709 119.5 1.52 -0.03
1585 2372.522 76.8 1.55 0.07
1586 2372.822 58.0 1.63 0.15
1587 2375.648 49.5 1.62 -0.15
1588 2376.495 105.8 1.64 -0.05
1589 2378.898 68.3 1.41 0.12
1590 2379.512 92.2 1.67 0.02
1591 2380.509 56.3 1.42 0.00
1592 2383.656 163.8 1.39 -0.01
1593 2384.858 70.0 1.72 0.17
1594 2385.001 61.4 1.70 0.17
1595 2385.649 87.0 1.69 0.23
1596 2386.168 150.2 1.64 0.15
1597 2386.414 88.7 1.72 0.09
1598 2386.680 51.2 1.56 0.08
1599 2387.240 88.7 1.69 -0.02
1600 2389.725 102.4 1.61 0.12
1601 2393.644 95.6 1.68 0.06
1602 2396.374 88.7 1.82 0.15
1603 2399.084 78.5 1.65 0.15
1604 2401.023 75.1 1.67 0.13
1605 2401.248 61.4 1.68 0.23
1606 2401.467 110.9 1.73 0.18
1607 2405.795 87.0 1.67 0.00
1608 2406.573 104.1 1.76 0.38
1609 2409.256 110.9 1.74 0.23
1610 2409.365 70.0 1.56 0.23
1611 2413.632 81.9 1.62 0.09
1612 2413.789 109.2 1.68 0.09
1613 2413.926 107.5 1.72 0.08
1614 2414.622 85.3 1.64 0.02
1615 2416.308 56.3 1.62 0.14
1616 2417.516 78.5 1.43 0.04
1617 2419.865 68.3 1.58 0.09
1618 2422.589 51.2 1.40 0.12
1619 2422.875 75.1 1.57 0.34
1620 2423.988 83.6 1.37 0.02
1621 2424.753 51.2 1.41 -0.02
1622 2425.394 56.3 1.50 0.16
1623 2425.504 75.1 1.54 0.19
1624 2426.009 76.8 1.53 0.25
1625 2426.630 46.1 1.47 0.09
1626 2426.807 68.3 1.61 0.06
1627 2429.893 107.5 1.50 0.25
1628 2430.262 97.3 1.62 0.19
1629 2434.815 85.3 2.06 0.23
1630 2435.143 73.4 1.91 0.08
1631 2435.566 46.1 2.02 0.20
1632 2436.413 129.7 2.02 0.13
1633 2439.041 104.1 1.66 0.13
1634 2439.519 83.6 1.64 0.26
1635 2441.219 68.3 1.80 0.16
1636 2441.355 76.8 1.53 0.22
1637 2444.120 88.7 1.73 0.21
1638 2446.031 109.2 1.72 -0.01
1639 2446.577 109.2 1.66 0.29
1640 2449.124 109.2 1.81 0.15
1641 2449.308 95.6 1.74 0.08
1642 2450.837 51.2 1.77 0.00
1643 2450.940 56.3 1.56 0.00
1644 2451.547 75.1 1.79 0.28
1645 2453.493 121.2 1.70 0.00
1646 2453.677 191.1 1.69 -0.00
1647 2455.124 163.8 1.54 0.23
1648 2457.118 92.2 1.85 0.30
1649 2460.968 63.1 1.63 0.16
1650 2462.579 66.6 1.95 0.17
1651 2462.764 102.4 1.91 0.25
1652 2463.808 95.6 1.53 0.19
1653 2464.183 51.2 1.33 0.19
1654 2467.590 211.6 1.50 0.21
1655 2468.355 81.9 1.81 0.33
1656 2470.150 75.1 1.97 0.50
1657 2470.990 51.2 2.06 0.35
1658 2473.004 66.6 1.98 0.20
1659 2475.133 81.9 1.80 0.28
1660 2476.588 93.9 1.87 0.21
1661 2476.915 102.4 1.90 0.29
1662 2478.226 88.7 1.88 0.27
1663 2481.407 80.2 1.76 0.39
1664 2482.547 78.5 1.77 0.19
1665 2482.813 126.3 1.74 0.31
1666 2485.681 56.3 1.74 0.21
1667 2486.302 112.6 1.78 0.25
1668 2489.592 95.6 1.61 0.32
1669 2489.981 95.6 1.73 0.27
1670 2493.709 81.9 1.42 0.23
1671 2494.569 129.7 1.83 0.27
1672 2495.047 88.7 1.74 0.22
1673 2499.539 71.7 1.71 0.22
1674 2502.003 141.7 1.69 0.23
1675 2504.550 92.2 1.48 0.18
1676 2506.850 93.9 1.51 0.16
1677 2508.973 61.4 1.77 -0.08
1678 2510.653 76.8 1.90 -0.03
1679 2512.899 162.1 1.57 -0.06
1680 2515.834 107.5 1.61 0.07
1681 2518.169 64.9 1.90 -0.14
1682 2519.097 112.6 1.58 -0.10
1683 2520.817 75.1 1.84 -0.04
1684 2522.620 102.4 1.51 0.24
1685 2523.009 44.4 1.45 0.13
1686 2525.303 175.8 1.71 -0.00
1687 2527.159 122.9 1.24 0.10
1688 2530.498 116.1 1.76 0.00
1689 2531.993 52.9 1.80 0.02
1690 2532.553 73.4 1.49 0.03
1691 2534.839 71.7 1.63 0.17
1692 2539.133 100.7 1.92 0.07
1693 2539.652 97.3 1.58 0.14
1694 2542.055 167.3 1.61 0.19
1695 2542.287 122.9 1.61 0.00
1696 2542.499 124.6 1.74 0.00
1697 2545.591 66.6 1.84 -0.00
1698 2547.414 163.8 1.62 0.00
1699 2547.721 128.0 1.59 0.05
1700 2547.892 158.7 1.61 0.05
1701 2548.465 61.4 1.53 0.01
1702 2548.780 34.1 1.48 0.00
1703 2549.032 54.6 1.47 0.01
1704 2549.135 145.1 1.64 0.00
1705 2553.026 199.7 1.64 0.11
1706 2554.214 92.2 1.81 -0.25
1707 2554.507 88.7 1.68 -0.09
1708 2557.818 47.8 1.81 -0.00
1709 2558.822 63.1 1.93 0.01
1710 2560.317 81.9 2.02 -0.01
1711 2560.562 87.0 2.19 -0.00
1712 2561.204 41.0 1.90 -0.01
1713 2561.559 76.8 1.79 -0.00
1714 2561.975 150.2 1.73 -0.00
1715 2563.825 68.3 1.54 -0.00
1716 2563.942 88.7 1.54 0.00
1717 2564.037 56.3 1.67 -0.00
1718 2564.221 102.4 1.54 0.00
1719 2564.542 49.5 1.80 -0.00
1720 2566.112 88.7 1.82 0.15
1721 2568.399 41.0 1.96 0.00
1722 2569.150 83.6 2.09 0.00
1723 2570.181 107.5 1.93 0.18
1724 2571.048 102.4 1.95 0.00
1725 2571.485 104.1 2.20 0.00
1726 2572.789 71.7 2.02 0.02
1727 2573.233 68.3 2.09 -0.05
1728 2574.926 182.6 2.15 0.15
1729 2579.568 73.4 2.01 0.20
1730 2579.943 88.7 2.02 0.18
1731 2580.585 93.9 2.02 -0.00
1732 2583.152 39.3 2.05 0.00
1733 2584.722 51.2 2.01 0.18
1734 2587.241 117.8 1.70 -0.03
1735 2588.613 80.2 1.88 0.15
1736 2589.842 109.2 1.93 0.08
1737 2590.989 59.7 1.94 0.15
1738 2591.487 52.9 1.98 0.09
1739 2592.204 81.9 1.95 0.02
1740 2594.259 71.7 1.86 0.26
1741 2595.017 54.6 1.83 0.12
1742 2595.740 99.0 2.01 0.13
1743 2596.826 143.4 2.09 -0.01
1744 2600.375 97.3 2.03 0.10
1745 2601.761 49.5 1.80 0.04
1746 2602.150 134.8 2.02 0.02
1747 2604.758 68.3 2.09 0.15
1748 2606.861 88.7 2.07 0.21
1749 2607.257 87.0 2.08 0.20
1750 2607.639 102.4 2.08 0.19
1751 2609.639 160.4 2.07 0.14
1752 2611.394 70.0 1.95 0.00
1753 2611.482 41.0 1.98 -0.00
1754 2611.558 73.4 1.96 0.00
1755 2612.302 136.5 1.94 0.00
1756 2613.756 83.6 1.80 0.24
1757 2618.234 95.6 1.91 0.20
1758 2619.040 44.4 1.88 0.00
1759 2619.879 99.0 1.79 0.01
1760 2622.207 97.3 1.82 -0.00
1761 2624.917 107.5 1.85 0.20
1762 2625.764 116.1 1.66 0.28
1763 2625.989 139.9 1.74 0.28
1764 2626.487 85.3 1.62 0.19
1765 2626.754 71.7 1.67 0.24
1766 2628.324 66.6 1.96 0.21
1767 2628.802 61.4 1.77 0.19
1768 2629.546 92.2 2.05 0.25
1769 2630.713 75.1 2.04 0.21
1770 2631.164 102.4 1.97 0.16
1771 2631.997 68.3 1.90 0.14
1772 2633.492 70.0 1.92 0.22
1773 2635.383 97.3 1.81 0.09
1774 2636.345 75.1 1.71 0.07
1775 2638.161 102.4 1.91 0.25
1776 2640.209 85.3 1.67 0.20
1777 2642.441 114.3 2.08 0.10
1778 2642.721 81.9 2.20 0.20
1779 2645.158 81.9 1.83 0.24
1780 2645.227 52.9 2.03 -0.00
1781 2647.664 54.6 2.06 0.35
1782 2648.497 85.3 2.00 0.30
1783 2656.013 92.2 2.03 -0.00
1784 2660.948 143.4 1.82 0.11
1785 2661.986 80.2 1.81 0.04
1786 2662.150 68.3 2.00 0.02
1787 2663.311 88.7 2.00 0.10
1788 2664.348 105.8 1.81 -0.10
1789 2664.553 88.7 1.90 0.14
1790 2664.669 64.9 1.99 0.22
1791 2665.645 88.7 2.10 0.19
1792 2666.533 46.1 2.05 -0.00
1793 2668.294 49.5 1.87 0.12
1794 2669.161 75.1 2.11 0.13
1795 2672.527 88.7 1.75 0.32
1796 2675.339 107.5 2.25 0.21
1797 2680.739 75.1 2.14 0.14
1798 2681.306 109.2 2.06 0.14
1799 2683.408 92.2 2.08 0.17
1800 2683.633 104.1 1.47 0.22
1801 2684.910 61.4 1.98 0.01
1802 2685.012 81.9 1.93 0.01
1803 2687.238 112.6 1.83 0.01
1804 2687.668 105.8 1.88 0.03
1805 2688.569 109.2 1.90 -0.08
1806 2689.245 41.0 1.89 0.00
1807 2689.300 59.7 1.80 0.00
1808 2689.429 95.6 2.13 0.11
1809 2694.700 76.8 1.85 0.08
1810 2697.833 102.4 1.91 0.06
1811 2705.021 78.5 1.99 0.00
1812 2705.718 56.3 2.05 -0.00
1813 2707.609 71.7 2.03 0.01
1814 2708.339 75.1 1.81 0.16
1815 2709.022 64.9 1.69 0.01
1816 2709.131 104.1 1.68 -0.01
1817 2716.845 56.3 1.91 -0.00
1818 2717.187 85.3 2.09 -0.00
1819 2719.159 112.6 2.08 -0.04
1820 2720.129 90.5 2.01 -0.04
1821 2720.504 206.5 1.96 -0.04
1822 2722.921 95.6 2.00 0.01
1823 2723.201 81.9 2.00 0.04
1824 2725.030 59.7 1.84 0.04
1825 2725.686 117.8 1.80 0.01
1826 2725.795 95.6 1.79 -0.00
1827 2726.300 63.1 1.87 0.00
1828 2728.567 126.3 1.88 0.01
1829 2729.277 114.3 1.90 0.11
1830 2729.468 114.3 1.93 0.00
1831 2729.809 83.6 1.89 0.13
1832 2730.403 110.9 1.91 0.10
1833 2732.956 68.3 1.81 0.01
1834 2735.974 70.0 2.02 -0.08
1835 2736.963 66.6 2.09 -0.03
1836 2739.107 117.8 1.91 -0.00
1837 2739.209 66.6 1.95 -0.12
1838 2739.373 122.9 1.95 -0.00
1839 2742.268 92.2 1.92 -0.05
1840 2744.002 59.7 1.81 -0.04
1841 2744.561 119.5 1.80 0.02
1842 2746.855 56.3 1.70 -0.03
1843 2748.241 97.3 1.74 -0.01
1844 2750.357 75.1 1.94 -0.08
1845 2750.767 95.6 1.78 -0.17
1846 2750.979 70.0 1.73 -0.03
1847 2752.897 92.2 1.80 -0.00
1848 2754.487 81.9 2.03 -0.01
1849 2755.389 47.8 1.96 -0.01
1850 2755.675 124.6 2.00 0.01
1851 2755.819 93.9 1.76 0.00
1852 2756.030 124.6 1.72 0.00
1853 2756.993 54.6 1.93 -0.01
1854 2757.293 122.9 2.13 0.00
1855 2757.894 88.7 2.15 0.01
1856 2758.222 75.1 2.15 -0.00
1857 2759.123 66.6 1.98 -0.00
1858 2759.287 37.5 1.80 -0.01
1859 2764.966 64.9 1.89 -0.06
1860 2768.789 63.1 1.96 0.02
1861 2769.506 88.7 2.06 -0.02
1862 2769.697 61.4 2.09 -0.01
1863 2772.162 81.9 1.94 0.00
1864 2772.872 71.7 1.85 0.01
1865 2776.804 87.0 1.97 0.01
1866 2777.370 76.8 1.89 -0.06
1867 2777.493 87.0 1.79 -0.06
1868 2777.568 63.1 1.73 0.03
1869 2778.094 119.5 1.82 -0.17
1870 2778.524 102.4 1.67 -0.03
1871 2778.763 49.5 1.74 -0.01
1872 2780.224 75.1 1.83 0.02
1873 2781.480 71.7 1.75 0.13
1874 2783.460 97.3 1.89 -0.01
1875 2784.443 117.8 1.76 0.03
1876 2786.771 71.7 1.85 0.13
1877 2787.481 102.4 1.90 0.35
1878 2789.481 56.3 1.88 0.25
1879 2789.747 88.7 1.81 0.24
1880 2791.713 75.1 1.52 -0.00
1881 2792.171 61.4 1.85 0.00
1882 2792.321 68.3 1.87 -0.00
1883 2793.188 76.8 1.81 -0.03
1884 2793.345 114.3 1.76 0.16
1885 2793.830 92.2 1.72 0.20
1886 2794.294 90.5 1.59 0.00
1887 2794.430 87.0 1.65 -0.00
1888 2795.468 42.7 1.67 -0.03
1889 2798.083 109.2 1.78 0.00
1890 2798.356 85.3 1.79 0.01
1891 2798.458 35.8 1.71 0.01
1892 2799.741 71.7 1.96 -0.01
1893 2800.294 54.6 1.85 0.12
1894 2804.302 44.4 1.88 0.16
1895 2805.872 61.4 1.83 0.21
1896 2806.008 92.2 1.92 0.07
1897 2806.568 87.0 2.09 0.18
1898 2809.381 54.6 2.07 0.25
1899 2811.797 61.4 1.96 0.18
1900 2815.136 64.9 2.05 0.21
1901 2816.371 75.1 1.88 0.06
1902 2817.108 75.1 1.86 0.11
1903 2817.777 52.9 1.89 0.03
1904 2817.914 87.0 1.81 -0.00
1905 2818.801 68.3 1.84 -0.01
1906 2819.184 88.7 1.83 0.11
1907 2824.079 99.0 1.81 -0.00
1908 2824.386 88.7 1.87 -0.01
1909 2826.208 116.1 1.78 0.29
1910 2827.574 71.7 1.67 -0.02
1911 2827.908 81.9 1.65 -0.02
1912 2832.509 64.9 1.84 0.21
1913 2837.083 93.9 1.64 0.02
1914 2840.210 126.3 1.74 0.01
1915 2840.394 117.8 1.89 -0.03
1916 2842.074 58.0 1.67 0.06
1917 2842.190 95.6 1.68 0.28
1918 2844.067 81.9 1.86 0.18
1919 2845.385 99.0 1.64 0.11
1920 2847.112 109.2 1.58 -0.03
1921 2847.617 75.1 1.67 0.10
1922 2849.521 87.0 1.76 -0.01
1923 2849.665 81.9 1.83 -0.01
1924 2852.068 66.6 1.90 0.06
1925 2852.867 42.7 1.54 0.15
1926 2853.051 78.5 1.55 0.18
1927 2857.256 126.3 1.80 0.06
1928 2862.267 68.3 1.65 0.05
1929 2863.598 75.1 1.66 0.10
1930 2864.602 68.3 1.58 -0.01
1931 2866.554 75.1 2.00 0.02
1932 2867.544 102.4 1.94 -0.02
1933 2869.967 97.3 1.91 0.12
1934 2870.691 107.5 1.81 0.01
1935 2872.698 42.7 1.90 0.06
1936 2874.889 23.9 1.69 -0.00
1937 2875.005 97.3 2.01 0.02
1938 2875.374 85.3 1.96 0.01
1939 2875.552 80.2 1.89 0.06
1940 2876.289 93.9 1.76 0.04
1941 2877.777 128.0 1.91 -0.19
1942 2878.289 81.9 1.74 -0.38
1943 2878.535 102.4 1.66 -0.08
1944 2878.746 114.3 1.66 -0.19
1945 2880.433 47.8 1.55 -0.04
1946 2881.197 85.3 1.58 -0.01
1947 2882.631 99.0 1.76 -0.06
1948 2885.805 81.9 1.74 -0.07
1949 2886.433 104.1 1.74 -0.09
1950 2886.788 58.0 1.95 -0.01
1951 2888.693 107.5 1.65 -0.18
1952 2890.202 76.8 1.73 -0.05
1953 2895.984 95.6 1.49 0.05
1954 2898.121 71.7 1.70 0.16
1955 2898.899 155.3 1.78 0.14
1956 2903.145 81.9 1.91 0.07
1957 2904.538 99.0 1.95 0.10
1958 2905.446 88.7 2.00 0.12
1959 2911.371 93.9 2.18 -0.01
1960 2912.026 85.3 2.08 0.01
1961 2912.286 61.4 2.14 -0.00
1962 2913.863 47.8 2.06 0.02
1963 2914.040 41.0 2.04 -0.01
1964 2914.245 66.6 2.07 0.00
1965 2914.368 64.9 2.13 0.04
1966 2915.119 105.8 2.03 -0.00
1967 2915.392 54.6 2.09 0.01
1968 2915.617 155.3 1.95 -0.00
1969 2916.177 134.8 2.06 0.10
1970 2917.918 174.1 1.47 0.23
1971 2918.498 102.4 2.07 0.17
1972 2920.184 109.2 1.98 0.03
1973 2921.051 39.3 2.17 0.19
1974 2921.905 56.3 1.83 -0.09
1975 2923.079 49.5 1.93 0.15
1976 2923.475 51.2 1.90 0.07
1977 2923.577 75.1 1.89 0.15
1978 2923.946 49.5 1.83 0.10
1979 2924.785 119.5 1.81 0.17
1980 2926.130 148.5 1.69 0.27
1981 2926.472 95.6 1.78 0.18
1982 2931.749 85.3 1.86 0.12
1983 2933.742 52.9 1.80 0.01
1984 2934.022 70.0 1.70 0.01
1985 2936.207 75.1 1.70 -0.01
1986 2936.691 107.5 1.68 0.12
1987 2937.039 52.9 1.64 0.00
1988 2937.176 42.7 1.70 0.00
1989 2938.964 52.9 1.81 0.11
1990 2945.197 83.6 1.72 0.03
1991 2945.286 52.9 1.63 0.03
1992 2947.621 102.4 1.97 0.02
1993 2949.300 49.5 1.73 -0.22
1994 2953.983 112.6 1.51 -0.01
1995 2955.232 85.3 1.65 -0.12
1996 2958.987 100.7 1.87 0.19
1997 2959.349 102.4 1.68 0.18
1998 2961.124 64.9 1.67 0.36
1999 2963.110 25.6 2.15 0.01
2000 2966.380 109.2 1.97 -0.06
