1 0.986 85.3 2.15 0.16
2 3.245 61.4 2.15 0.23
3 3.409 80.2 2.16 0.28
4 4.645 81.9 2.15 0.22
5 5.983 54.6 2.19 0.12
6 7.355 39.3 2.10 0.09
7 8.065 81.9 2.07 0.11
8 12.120 78.5 2.18 0.11
9 13.287 47.8 2.08 0.11
10 13.588 73.4 2.20 0.07
11 13.711 66.6 2.14 0.02
12 15.137 64.9 2.05 0.05
13 16.100 105.8 2.27 0.13
14 16.298 92.2 2.11 0.11
15 20.783 78.5 2.20 0.22
16 21.213 61.4 2.10 0.17
17 21.718 75.1 2.14 0.19
18 22.981 63.1 2.13 0.20
19 23.124 88.7 2.15 0.20
20 23.404 102.4 2.15 0.16
21 24.394 81.9 2.16 0.08
22 24.886 158.7 2.24 0.13
23 25.336 30.7 2.07 0.10
24 25.575 68.3 2.16 0.12
25 27.009 47.8 2.08 0.00
26 27.473 102.4 2.09 -0.06
27 30.170 81.9 2.22 0.05
28 32.115 81.9 2.14 0.02
29 33.078 75.1 2.17 0.05
30 33.569 66.6 2.21 0.11
31 34.300 78.5 2.11 0.07
32 34.675 54.6 2.15 0.15
33 34.894 54.6 2.17 0.10
34 37.215 76.8 1.94 0.03
35 38.498 59.7 1.98 0.04
36 39.065 75.1 1.99 -0.01
37 39.850 47.8 1.99 0.01
38 42.587 104.1 2.02 -0.10
39 42.929 75.1 1.98 -0.09
40 43.188 81.9 1.92 0.09
41 43.748 81.9 1.99 0.08
42 44.021 78.5 2.08 0.10
43 44.567 52.9 2.12 0.13
44 45.803 63.1 2.08 0.16
45 46.083 102.4 2.09 0.18
46 46.349 46.1 2.11 0.16
47 51.783 73.4 2.02 0.18
48 52.015 73.4 1.96 0.22
49 53.387 81.9 1.98 0.10
50 53.879 51.2 2.00 0.09
51 53.940 25.6 1.99 0.09
52 55.046 75.1 1.86 0.08
53 58.719 37.5 2.05 0.00
54 59.156 81.9 2.00 0.16
55 60.753 87.0 2.10 0.07
56 62.234 92.2 2.13 0.06
57 63.060 68.3 2.18 0.09
58 64.139 71.7 2.20 0.11
59 65.900 71.7 2.10 0.09
60 69.054 32.4 2.07 0.12
61 69.252 88.7 2.05 0.12
62 69.764 68.3 2.01 0.07
63 69.908 78.5 2.02 0.06
64 70.345 78.5 2.10 0.09
65 71.150 56.3 2.06 0.14
66 72.133 75.1 2.11 0.13
67 72.761 88.7 2.10 0.20
68 74.270 64.9 2.05 0.09
69 75.471 59.7 2.05 0.01
70 76.284 75.1 2.01 -0.01
71 78.339 81.9 2.14 0.08
72 80.271 80.2 2.08 0.10
73 81.690 88.7 2.10 0.11
74 81.800 85.3 2.10 0.12
75 81.909 78.5 2.06 0.12
76 84.749 105.8 2.05 0.13
77 87.514 109.2 2.11 0.09
78 88.790 68.3 2.15 0.09
79 90.367 80.2 2.06 0.01
80 91.220 52.9 2.11 0.07
81 92.948 54.6 2.10 0.03
82 93.596 61.4 2.14 0.13
83 93.883 51.2 2.16 0.11
84 94.832 47.8 2.16 0.02
85 95.863 157.0 2.17 0.09
86 96.231 46.1 2.18 0.09
87 97.187 75.1 2.14 0.09
88 97.638 75.1 2.10 0.07
89 97.774 95.6 2.15 0.03
90 98.109 88.7 2.11 0.04
91 98.559 75.1 2.13 0.02
92 101.324 163.8 2.13 0.20
93 101.891 109.2 2.10 0.11
94 103.140 88.7 2.10 0.12
95 104.901 104.1 2.18 0.17
96 107.482 68.3 2.17 0.04
97 109.366 81.9 2.19 -0.00
98 109.741 102.4 2.22 0.02
99 112.397 75.1 2.17 0.06
100 113.796 119.5 2.10 0.00
101 114.902 34.1 2.11 -0.02
102 115.312 83.6 2.09 0.02
103 115.667 81.9 2.12 0.03
104 116.759 35.8 2.11 0.04
105 117.838 56.3 2.06 0.11
106 119.155 52.9 2.10 0.10
107 121.012 102.4 2.06 -0.04
108 121.299 66.6 2.07 -0.02
109 121.708 122.9 2.05 -0.03
110 123.169 41.0 2.08 0.09
111 124.364 85.3 2.21 0.02
112 124.849 129.7 2.17 -0.04
113 125.422 49.5 2.15 -0.01
114 126.193 75.1 2.16 -0.06
115 127.211 41.0 2.06 -0.05
116 130.733 64.9 2.20 0.04
117 130.883 70.0 2.18 0.01
118 131.689 87.0 2.18 0.00
119 132.372 95.6 2.19 0.03
120 132.501 81.9 2.18 0.07
121 133.983 88.7 2.11 0.06
122 136.092 117.8 2.08 0.02
123 137.915 88.7 2.20 0.01
124 138.516 54.6 2.20 0.04
125 138.816 102.4 2.25 -0.01
126 140.461 85.3 2.18 0.14
127 142.420 78.5 2.21 0.04
128 143.335 95.6 2.16 0.05
129 143.595 102.4 2.11 0.04
130 148.018 71.7 2.07 0.09
131 148.728 71.7 2.08 0.12
132 149.370 81.9 2.06 0.07
133 149.943 49.5 1.95 0.19
134 149.998 39.3 1.93 0.19
135 150.913 83.6 1.97 0.14
136 152.032 66.6 2.05 0.18
137 152.934 81.9 2.07 0.11
138 157.016 95.6 1.95 0.23
139 159.685 81.9 1.92 0.10
140 159.951 35.8 1.88 0.14
141 160.006 23.9 1.91 0.14
142 161.965 102.4 1.98 0.00
143 163.993 35.8 1.89 0.11
144 164.198 63.1 1.98 0.10
145 164.628 102.4 1.97 0.07
146 166.641 75.1 2.04 0.05
147 168.853 54.6 1.99 -0.05
148 169.304 68.3 2.02 -0.06
149 171.229 46.1 2.08 -0.07
150 171.318 78.5 2.07 -0.10
151 173.700 51.2 2.12 -0.07
152 174.171 102.4 2.11 -0.15
153 176.151 104.1 2.03 -0.10
154 176.240 41.0 1.97 -0.03
155 176.294 66.6 2.01 -0.05
156 176.643 78.5 1.97 -0.04
157 177.045 104.1 1.88 -0.05
158 178.144 76.8 1.99 -0.10
159 178.390 83.6 1.98 -0.10
160 179.271 29.0 2.08 -0.10
161 183.524 80.2 2.06 -0.02
162 183.933 68.3 2.06 -0.07
163 185.545 71.7 2.01 -0.01
164 185.845 85.3 1.99 0.04
165 189.620 81.9 1.91 0.07
166 192.276 52.9 1.92 0.05
167 192.358 73.4 1.94 0.10
168 192.467 75.1 1.91 0.13
169 193.498 68.3 2.06 0.09
170 194.726 99.0 2.05 0.03
171 198.938 81.9 2.13 -0.01
172 199.874 54.6 2.01 0.13
173 200.365 105.8 2.17 -0.03
174 201.355 63.1 2.12 -0.04
175 202.113 49.5 2.14 -0.14
176 204.270 71.7 2.16 -0.02
177 205.472 75.1 2.13 -0.00
178 205.574 81.9 2.10 -0.01
179 206.031 56.3 2.08 -0.03
180 206.939 104.1 2.10 -0.08
181 207.247 93.9 2.10 -0.06
182 207.588 54.6 2.12 0.00
183 209.998 78.5 2.09 -0.02
184 210.250 87.0 2.06 -0.03
185 211.056 71.7 2.10 -0.00
186 214.169 42.7 2.09 -0.00
187 214.305 75.1 2.08 -0.05
188 216.292 75.1 2.15 0.01
189 216.886 39.3 2.09 -0.06
190 217.118 63.1 2.12 -0.05
191 218.415 64.9 2.12 -0.03
192 218.511 81.9 2.09 0.00
193 219.514 66.6 2.11 -0.07
194 220.190 81.9 2.13 0.01
195 221.842 41.0 2.14 0.01
196 222.757 78.5 2.17 0.08
197 223.917 81.9 1.99 0.07
198 224.402 64.9 1.92 0.09
199 225.426 204.8 2.08 -0.02
200 227.269 158.7 1.99 -0.01
201 228.327 75.1 2.01 0.05
202 228.491 76.8 2.07 0.06
203 228.826 61.4 2.08 0.07
204 229.440 73.4 2.12 0.00
205 229.679 56.3 2.15 0.04
206 230.061 102.4 2.23 0.02
207 230.430 59.7 2.22 0.09
208 231.665 51.2 2.14 -0.00
209 231.898 75.1 2.07 0.03
210 233.666 37.5 2.09 0.05
211 234.232 70.0 2.10 0.01
212 234.458 95.6 2.15 -0.02
213 234.621 100.7 2.14 -0.04
214 235.086 92.2 2.10 -0.00
215 236.547 46.1 2.14 0.10
216 237.659 64.9 2.15 0.07
217 238.246 88.7 2.14 0.09
218 240.431 109.2 2.18 0.07
219 240.827 75.1 2.18 0.04
220 242.882 46.1 2.16 0.09
221 245.353 71.7 2.11 0.01
222 245.496 99.0 2.13 0.10
223 246.650 39.3 2.15 0.14
224 248.439 73.4 2.17 0.03
225 248.964 64.9 2.17 -0.03
226 249.367 63.1 2.17 0.08
227 249.783 47.8 2.05 -0.05
228 250.418 61.4 2.07 -0.08
229 252.951 42.7 2.15 0.08
230 253.948 61.4 2.12 0.12
231 255.006 71.7 2.18 0.13
232 255.866 81.9 2.21 0.12
233 256.132 35.8 2.24 0.08
234 258.665 143.4 2.21 0.08
235 259.368 102.4 2.13 0.06
236 259.764 99.0 2.14 0.07
237 260.256 75.1 2.17 0.06
238 261.464 88.7 2.18 0.04
239 262.440 87.0 2.20 0.05
240 262.945 71.7 2.11 0.03
241 264.427 99.0 2.02 0.04
242 264.720 75.1 2.18 0.02
243 266.529 63.1 2.19 0.03
244 266.673 35.8 2.19 -0.01
245 266.973 100.7 2.13 -0.05
246 268.625 88.7 2.18 0.00
247 270.270 64.9 2.16 0.02
248 270.721 47.8 2.14 -0.05
249 273.656 107.5 2.07 -0.01
250 274.134 41.0 2.14 0.01
251 274.469 23.9 2.19 0.05
252 275.199 52.9 2.11 0.05
253 275.568 37.5 2.18 0.07
254 275.861 93.9 2.12 0.06
255 277.104 49.5 2.13 0.08
256 280.797 88.7 2.14 0.02
257 281.022 75.1 2.17 0.01
258 281.650 61.4 2.11 0.11
259 284.101 52.9 2.03 0.05
260 286.313 56.3 2.16 0.15
261 289.180 54.6 2.16 0.07
262 289.255 29.0 2.23 0.07
263 289.740 68.3 2.20 0.17
264 291.010 90.5 2.22 0.07
265 291.924 100.7 2.25 0.07
266 293.624 51.2 2.18 0.10
267 295.645 58.0 2.17 0.01
268 296.266 51.2 2.12 0.09
269 296.621 78.5 2.16 0.06
270 300.635 70.0 2.16 0.09
271 301.830 59.7 2.06 0.06
272 302.410 99.0 2.25 0.09
273 304.172 88.7 1.99 0.01
274 304.677 42.7 2.12 0.20
275 307.394 88.7 2.04 0.18
276 314.364 75.1 1.89 0.02
277 315.121 71.7 1.98 0.18
278 316.337 102.4 2.00 -0.06
279 317.101 95.6 2.03 0.03
280 319.866 109.2 1.92 0.03
281 320.501 56.3 1.92 0.06
282 320.801 102.4 1.97 -0.04
283 322.419 85.3 2.07 0.02
284 322.692 61.4 2.03 0.04
285 323.668 143.4 1.93 -0.04
286 323.983 75.1 1.91 0.10
287 327.157 68.3 2.07 0.19
288 327.409 52.9 2.06 0.25
289 328.283 47.8 2.02 0.15
290 328.713 59.7 2.07 0.13
291 328.850 105.8 2.06 0.21
292 329.669 78.5 2.14 0.19
293 330.857 68.3 2.11 0.16
294 331.246 63.1 2.10 0.20
295 332.550 143.4 2.00 0.19
296 332.714 64.9 2.01 0.19
297 333.451 54.6 1.96 0.20
298 335.206 88.7 2.10 0.09
299 335.533 64.9 2.04 0.12
300 335.622 73.4 2.08 0.08
301 336.018 64.9 2.15 0.01
302 336.339 75.1 2.11 0.02
303 338.380 102.4 2.00 0.10
304 339.745 95.6 1.96 0.09
305 341.493 90.5 2.13 0.09
306 342.374 73.4 2.03 0.10
307 343.145 102.4 2.03 0.09
308 343.718 80.2 2.01 0.06
309 346.033 97.3 1.93 0.09
310 347.494 83.6 1.98 0.07
311 349.077 95.6 1.92 0.25
312 349.603 85.3 1.95 0.26
313 349.890 99.0 1.96 0.29
314 350.067 81.9 2.01 0.28
315 350.197 95.6 1.95 0.30
316 350.340 75.1 2.02 0.30
317 350.572 88.7 2.03 0.27
318 352.470 71.7 1.95 0.20
319 353.085 87.0 1.99 0.11
320 353.262 107.5 1.99 0.11
321 354.348 59.7 2.09 0.05
322 354.771 44.4 2.13 0.10
323 356.000 95.6 2.16 0.07
324 356.716 68.3 2.15 0.09
325 358.573 78.5 2.07 0.06
326 359.427 63.1 2.09 0.08
327 362.642 92.2 2.14 0.11
328 363.263 87.0 2.13 0.16
329 365.175 58.0 2.16 0.17
330 365.257 64.9 2.17 0.20
331 366.690 102.4 2.15 0.30
332 367.025 88.7 2.11 0.27
333 367.694 78.5 2.17 0.34
334 371.981 46.1 2.18 0.11
335 372.288 61.4 2.12 0.16
336 372.534 70.0 2.11 0.10
337 374.459 35.8 2.00 0.27
338 374.582 56.3 2.09 0.27
339 375.517 75.1 1.97 0.26
340 379.081 42.7 1.98 0.27
341 379.292 81.9 2.04 0.21
342 380.774 49.5 2.00 0.18
343 381.770 71.7 2.12 0.21
344 382.801 75.1 2.11 0.22
345 383.402 66.6 2.13 0.25
346 384.044 93.9 2.05 0.27
347 384.760 73.4 2.14 0.25
348 385.033 73.4 2.14 0.24
349 385.539 88.7 1.98 0.11
350 385.921 81.9 2.13 0.07
351 386.931 70.0 2.06 0.23
352 387.600 81.9 2.07 0.24
353 387.962 39.3 2.11 0.13
354 389.710 116.1 2.09 0.07
355 390.351 64.9 2.11 0.29
356 391.969 75.1 2.16 0.19
357 395.185 70.0 1.91 0.14
358 395.574 88.7 1.96 0.12
359 395.860 68.3 1.98 0.11
360 396.434 95.6 1.93 0.17
361 396.891 61.4 1.89 0.21
362 399.049 88.7 2.00 0.28
363 400.578 88.7 2.01 0.25
364 400.810 75.1 2.11 0.30
365 401.547 122.9 2.00 0.32
366 404.783 71.7 1.92 0.14
367 408.360 68.3 2.13 0.30
368 409.309 81.9 2.09 0.20
369 412.163 66.6 2.06 0.29
370 412.538 129.7 2.05 0.27
371 413.234 95.6 2.06 0.33
372 413.664 78.5 2.07 0.28
373 413.835 97.3 1.98 0.29
374 414.313 68.3 2.20 0.30
375 415.480 59.7 2.22 0.26
376 415.651 46.1 2.07 0.35
377 418.668 58.0 2.12 0.28
378 419.488 68.3 2.16 0.22
379 423.153 80.2 2.20 0.25
380 425.085 25.6 2.20 0.35
381 425.167 75.1 2.21 0.22
382 425.693 75.1 2.23 0.21
383 426.717 81.9 2.26 0.16
384 428.465 167.3 2.17 0.14
385 430.745 75.1 2.15 0.23
386 432.192 88.7 2.09 0.34
387 433.346 73.4 2.17 0.16
388 434.144 68.3 2.13 0.08
389 434.540 87.0 2.07 0.20
390 435.694 70.0 2.04 0.15
391 435.878 56.3 1.99 0.22
392 438.295 97.3 2.06 0.18
393 441.722 99.0 2.08 0.10
394 444.036 42.7 2.16 0.21
395 444.098 61.4 2.11 0.21
396 444.671 25.6 2.20 0.22
397 445.681 85.3 2.21 0.12
398 445.900 42.7 2.16 0.21
399 446.077 68.3 2.18 0.12
400 447.177 102.4 2.03 0.22
401 447.866 81.9 2.24 0.12
402 449.163 63.1 2.14 0.12
403 452.788 73.4 2.01 0.02
404 455.730 58.0 2.03 0.01
405 456.222 71.7 2.00 0.03
406 456.468 129.7 2.12 -0.03
407 458.652 42.7 1.95 -0.02
408 459.123 117.8 1.92 -0.04
409 459.751 169.0 1.99 -0.04
410 459.990 56.3 1.98 0.01
411 460.332 70.0 2.01 0.03
412 460.523 75.1 1.98 0.03
413 460.646 75.1 2.02 0.06
414 463.984 64.9 2.02 0.00
415 464.066 68.3 1.94 -0.11
416 464.264 41.0 2.04 -0.06
417 469.220 64.9 1.94 0.01
418 469.698 85.3 1.91 0.05
419 470.674 73.4 1.98 -0.02
420 473.985 63.1 1.98 0.21
421 475.118 95.6 2.01 0.15
422 476.531 78.5 1.99 0.09
423 476.750 68.3 1.95 0.09
424 477.289 75.1 2.00 -0.01
425 477.774 88.7 2.01 0.11
426 478.627 75.1 2.05 0.16
427 479.480 78.5 2.08 0.09
428 479.569 59.7 2.07 0.17
429 479.931 102.4 2.05 0.15
430 480.259 167.3 2.01 0.14
431 481.283 61.4 2.06 0.08
432 481.481 129.7 2.04 0.07
433 481.726 92.2 2.02 0.12
434 482.143 95.6 2.05 0.06
435 482.341 68.3 2.06 0.03
436 482.682 71.7 2.17 0.14
437 485.515 68.3 2.07 0.18
438 486.300 71.7 2.18 0.09
439 486.949 88.7 2.13 0.08
440 488.218 23.9 2.15 0.06
441 488.642 78.5 2.18 -0.03
442 488.799 81.9 2.14 -0.02
443 489.270 85.3 2.12 0.03
444 492.062 116.1 2.16 0.11
445 493.175 75.1 2.13 0.21
446 494.513 81.9 2.11 0.16
447 494.615 81.9 2.15 0.16
448 496.322 56.3 2.15 0.15
449 497.837 68.3 2.18 0.13
450 499.196 95.6 2.22 0.13
451 499.756 64.9 2.13 0.09
452 500.261 58.0 2.14 0.13
453 503.592 76.8 2.08 0.18
454 503.988 109.2 2.10 0.14
455 504.527 68.3 2.10 0.12
456 505.606 150.2 2.07 0.19
457 505.770 70.0 1.95 0.13
458 506.835 47.8 2.14 0.19
459 508.535 54.6 2.29 0.01
460 508.992 54.6 2.20 -0.05
461 510.200 99.0 2.17 0.09
462 511.026 46.1 2.14 0.02
463 511.293 68.3 2.16 0.03
464 511.764 75.1 2.10 0.01
465 512.842 100.7 2.13 0.01
466 514.324 68.3 2.16 0.04
467 514.863 52.9 2.12 0.06
468 515.040 75.1 2.16 0.04
469 515.334 52.9 2.13 -0.02
470 515.778 68.3 2.08 0.02
471 517.416 109.2 2.15 0.05
472 517.894 61.4 2.19 0.09
473 518.331 51.2 2.08 0.08
474 518.461 46.1 2.14 0.08
475 518.754 92.2 2.17 0.06
476 519.348 105.8 2.16 0.02
477 520.945 95.6 2.09 0.01
478 523.000 129.7 2.04 0.04
479 524.297 76.8 2.07 0.03
480 527.567 49.5 2.05 0.08
481 527.677 71.7 2.02 0.07
482 528.004 18.8 2.03 0.06
483 528.223 73.4 2.07 0.02
484 528.762 75.1 2.10 0.03
485 529.417 88.7 2.09 0.06
486 530.742 85.3 2.08 0.06
487 531.459 46.1 2.03 0.06
488 531.697 47.8 2.05 0.07
489 532.107 81.9 2.10 0.10
490 532.476 52.9 2.11 0.05
491 534.612 88.7 2.15 0.04
492 536.585 75.1 2.13 0.03
493 537.132 80.2 2.10 0.05
494 538.060 105.8 2.11 0.06
495 538.244 44.4 2.07 0.03
496 539.507 105.8 2.06 0.01
497 540.804 58.0 2.03 -0.02
498 541.111 76.8 2.02 -0.02
499 542.914 99.0 2.10 0.06
500 542.996 34.1 2.10 0.05
501 544.873 75.1 2.08 0.08
502 545.344 78.5 2.08 0.03
503 546.668 102.4 2.06 -0.05
504 547.010 76.8 2.03 -0.04
505 547.433 71.7 2.05 -0.00
506 549.181 85.3 2.08 0.01
507 550.211 73.4 2.14 0.08
508 550.867 63.1 2.21 0.02
509 552.014 71.7 2.17 0.04
510 552.437 44.4 2.18 0.03
511 552.710 61.4 2.15 0.02
512 554.935 88.7 2.18 -0.01
513 555.393 81.9 2.18 -0.03
514 557.441 71.7 2.17 0.01
515 558.383 88.7 2.16 0.04
516 562.431 99.0 2.16 -0.01
517 564.172 71.7 2.14 0.04
518 564.390 80.2 2.09 0.06
519 565.087 70.0 2.00 -0.02
520 566.828 93.9 2.01 0.02
521 568.275 68.3 2.06 0.03
522 569.285 122.9 2.11 0.06
523 570.507 116.1 2.10 0.06
524 571.244 68.3 2.10 0.04
525 571.408 66.6 2.08 0.11
526 572.419 95.6 2.03 0.08
527 572.726 59.7 2.03 0.09
528 573.982 54.6 2.05 0.09
529 574.958 61.4 2.13 -0.01
530 577.661 75.1 2.09 0.04
531 577.839 109.2 2.13 0.05
532 579.730 81.9 2.12 0.08
533 580.815 73.4 2.04 0.11
534 583.901 88.7 2.16 0.12
535 584.481 107.5 2.01 0.14
536 586.208 58.0 2.11 0.10
537 586.939 85.3 2.06 0.12
538 588.939 93.9 2.19 0.05
539 589.526 64.9 2.15 0.13
540 589.792 61.4 2.18 0.14
541 590.605 146.8 2.14 0.11
542 591.745 75.1 2.07 0.08
543 591.861 71.7 2.04 0.08
544 593.322 51.2 2.08 0.08
545 593.417 68.3 2.07 0.10
546 593.629 81.9 2.07 0.07
547 594.994 87.0 2.07 0.11
548 595.943 95.6 2.08 0.11
549 596.114 99.0 2.09 0.14
550 596.544 51.2 2.07 0.10
551 597.199 68.3 2.06 0.13
552 598.462 81.9 2.08 0.07
553 599.015 75.1 2.09 0.11
554 603.541 56.3 2.02 0.15
555 604.388 34.1 2.06 0.05
556 606.026 102.4 2.08 0.08
557 607.398 99.0 2.15 -0.04
558 608.320 78.5 2.05 -0.02
559 610.163 75.1 2.10 -0.06
560 610.395 75.1 2.13 -0.01
561 612.041 129.7 2.15 -0.02
562 612.232 46.1 2.10 -0.03
563 612.785 64.9 2.17 -0.10
564 616.539 78.5 2.08 0.11
565 616.935 54.6 2.13 0.16
566 617.823 23.9 2.14 0.06
567 618.287 100.7 2.03 0.10
568 619.843 32.4 2.15 0.07
569 621.147 46.1 2.18 0.10
570 621.222 64.9 2.16 0.10
571 623.516 88.7 2.17 0.09
572 625.107 63.1 2.10 0.13
573 626.015 81.9 2.07 0.13
574 626.561 54.6 2.05 0.22
575 627.107 68.3 2.10 0.18
576 627.721 75.1 2.13 0.16
577 629.326 75.1 2.15 0.09
578 629.769 68.3 2.11 0.12
579 630.145 90.5 2.17 0.12
580 630.329 105.8 2.11 0.12
581 630.473 92.2 2.19 0.11
582 632.609 61.4 2.19 -0.01
583 633.231 63.1 2.13 -0.03
584 634.405 66.6 2.10 0.03
585 634.459 85.3 2.10 0.03
586 636.023 88.7 2.11 -0.06
587 637.183 95.6 2.08 0.07
588 637.675 68.3 2.12 0.06
589 638.685 80.2 2.11 0.11
590 638.849 70.0 2.13 0.14
591 641.818 90.5 2.12 0.09
592 642.160 122.9 2.08 0.07
593 643.122 59.7 2.12 -0.02
594 644.938 61.4 1.97 0.15
595 646.740 70.0 1.98 0.26
596 647.041 117.8 1.96 0.23
597 647.696 54.6 1.92 0.11
598 649.089 81.9 1.96 0.04
599 649.751 75.1 1.94 0.03
600 651.191 71.7 2.08 0.12
601 653.751 85.3 2.06 0.14
602 654.031 83.6 2.06 0.14
603 654.591 56.3 1.99 0.10
604 655.683 95.6 2.12 0.16
605 655.820 88.7 2.10 0.16
606 656.762 75.1 2.04 0.23
607 657.554 81.9 2.10 0.12
608 657.847 81.9 2.05 0.13
609 658.045 51.2 2.10 0.15
610 659.568 58.0 2.12 0.09
611 659.711 52.9 2.05 0.06
612 660.667 75.1 2.06 0.10
613 661.247 76.8 2.03 0.14
614 661.397 58.0 2.01 0.15
615 663.623 81.9 2.00 -0.05
616 664.060 78.5 1.93 0.03
617 667.200 110.9 1.87 -0.05
618 667.651 109.2 1.86 -0.03
619 668.320 49.5 1.93 0.04
620 669.173 71.7 1.92 -0.01
621 669.371 100.7 1.91 -0.02
622 669.760 80.2 1.93 -0.03
623 671.555 49.5 2.03 0.04
624 672.655 81.9 1.98 -0.08
625 672.771 52.9 1.92 0.02
626 675.221 81.9 2.04 -0.03
627 676.819 122.9 1.91 -0.05
628 677.829 58.0 2.04 -0.05
629 678.771 56.3 2.08 -0.19
630 679.351 71.7 2.12 -0.14
631 680.048 75.1 2.07 -0.08
632 680.157 71.7 2.06 -0.08
633 680.389 59.7 2.07 -0.11
634 683.229 56.3 2.08 -0.02
635 683.290 49.5 1.94 -0.02
636 684.485 68.3 2.14 -0.09
637 685.134 56.3 1.98 -0.05
638 686.376 35.8 1.98 0.02
639 686.431 37.5 1.96 0.02
640 689.544 64.9 2.05 -0.08
641 690.076 56.3 2.08 -0.07
642 693.169 73.4 2.19 -0.04
643 693.387 56.3 2.21 0.05
644 693.947 81.9 2.23 -0.04
645 695.305 34.1 2.24 -0.05
646 695.551 95.6 2.23 0.01
647 696.575 68.3 2.23 -0.07
648 697.545 75.1 2.24 0.00
649 698.200 88.7 2.23 0.07
650 698.425 56.3 2.16 0.06
651 700.951 52.9 2.18 -0.02
652 701.975 114.3 2.17 -0.05
653 702.665 81.9 2.16 -0.07
654 703.388 39.3 2.11 -0.05
655 706.924 104.1 2.03 -0.13
656 709.880 133.1 2.18 -0.07
657 711.423 64.9 2.23 -0.00
658 713.116 78.5 2.21 -0.03
659 716.816 73.4 2.16 -0.03
660 717.328 85.3 2.21 -0.00
661 717.444 92.2 2.13 -0.00
662 717.581 87.0 2.17 -0.05
663 717.840 83.6 2.11 -0.05
664 719.410 92.2 2.12 -0.01
665 721.397 64.9 2.07 -0.11
666 721.841 68.3 2.11 -0.07
667 723.206 92.2 2.05 0.04
668 723.745 64.9 2.15 -0.07
669 724.032 116.1 2.09 -0.07
670 725.609 68.3 1.98 0.01
671 725.868 78.5 2.07 -0.02
672 726.257 99.0 2.02 -0.04
673 726.660 81.9 2.00 0.02
674 730.497 52.9 2.08 -0.05
675 730.620 71.7 2.11 -0.04
676 730.900 75.1 2.13 -0.06
677 731.357 63.1 2.15 -0.05
678 731.412 49.5 2.10 -0.05
679 731.746 73.4 2.11 -0.03
680 732.258 39.3 2.08 0.13
681 733.521 78.5 2.15 0.03
682 734.265 66.6 2.17 0.02
683 735.863 70.0 2.15 -0.03
684 736.197 59.7 2.13 0.00
685 736.668 102.4 2.12 0.03
686 738.382 44.4 2.09 0.01
687 738.703 75.1 2.12 0.02
688 740.607 102.4 2.07 0.06
689 741.597 75.1 2.08 0.05
690 741.945 49.5 2.06 0.06
691 742.621 95.6 2.12 -0.01
692 743.543 47.8 2.13 -0.03
693 745.106 78.5 2.14 -0.04
694 746.942 78.5 2.09 -0.06
695 748.506 73.4 2.10 -0.11
696 748.779 56.3 2.14 -0.13
697 750.724 39.3 2.04 -0.06
698 752.513 37.5 2.16 -0.07
699 753.455 39.3 2.16 -0.11
700 753.585 58.0 2.15 -0.11
701 758.152 88.7 2.06 0.08
702 758.725 63.1 2.04 0.07
703 760.029 92.2 2.03 -0.03
704 760.193 63.1 2.08 -0.03
705 760.910 68.3 2.06 0.00
706 761.190 64.9 2.07 -0.02
707 761.797 102.4 2.13 0.04
708 769.252 73.4 2.02 0.10
709 769.859 93.9 2.09 0.14
710 771.320 81.9 2.07 0.13
711 772.686 109.2 2.11 0.09
712 772.952 78.5 2.09 0.06
713 773.689 61.4 2.14 0.08
714 773.942 58.0 2.08 0.11
715 774.877 59.7 2.08 0.02
716 775.792 56.3 2.07 -0.01
717 777.362 54.6 2.08 0.14
718 778.359 85.3 2.08 0.19
719 778.987 92.2 2.01 0.13
720 779.792 71.7 2.04 0.09
721 780.393 88.7 2.08 0.10
722 783.240 64.9 1.98 0.14
723 783.704 46.1 1.99 0.12
724 786.080 49.5 2.10 0.00
725 787.527 81.9 2.09 0.03
726 787.759 22.2 2.03 0.04
727 789.036 87.0 2.05 0.13
728 789.561 75.1 2.06 0.08
729 790.025 63.1 2.09 0.08
730 791.705 68.3 1.96 0.09
731 792.387 58.0 1.96 0.11
732 793.760 112.6 1.98 0.09
733 795.896 70.0 2.08 -0.01
734 797.221 54.6 2.03 0.08
735 797.890 41.0 2.07 0.06
736 797.965 51.2 2.06 0.06
737 798.572 71.7 1.90 0.05
738 799.439 68.3 1.96 0.03
739 801.419 88.7 2.00 0.01
740 802.614 68.3 1.90 0.09
741 804.832 81.9 2.00 -0.06
742 805.583 56.3 2.06 -0.00
743 807.891 39.3 2.03 0.09
744 810.731 42.7 2.05 -0.04
745 811.413 73.4 2.15 -0.05
746 812.396 71.7 2.10 -0.04
747 813.154 75.1 2.12 0.06
748 817.052 81.9 2.03 -0.09
749 817.387 61.4 2.06 -0.04
750 818.786 78.5 1.97 -0.14
751 818.882 80.2 1.96 -0.13
752 819.517 59.7 2.08 -0.10
753 821.360 54.6 2.13 -0.01
754 821.838 56.3 2.14 -0.02
755 822.220 66.6 2.07 0.01
756 822.787 81.9 2.04 -0.02
757 823.053 85.3 2.05 0.04
758 824.015 49.5 2.15 -0.05
759 826.589 81.9 2.08 -0.01
760 827.872 99.0 2.07 -0.04
761 827.995 75.1 2.06 -0.04
762 828.896 51.2 2.01 -0.10
763 829.572 71.7 2.10 -0.06
764 830.972 76.8 2.09 -0.09
765 833.095 75.1 2.02 -0.08
766 834.289 75.1 2.11 -0.00
767 834.535 88.7 2.13 -0.04
768 836.153 88.7 2.15 0.01
769 836.276 75.1 2.13 -0.03
770 837.812 68.3 2.10 0.05
771 838.078 78.5 2.06 -0.00
772 838.461 141.7 1.99 0.01
773 838.631 116.1 2.04 -0.03
774 839.164 51.2 2.03 -0.01
775 840.154 44.4 2.13 0.02
776 840.386 46.1 2.09 -0.01
777 840.918 47.8 2.10 -0.02
778 845.526 116.1 2.11 -0.01
779 847.608 59.7 2.08 0.00
780 847.861 68.3 2.13 0.10
781 849.254 88.7 2.01 0.01
782 849.882 75.1 2.03 -0.03
783 850.011 75.1 2.02 -0.03
784 850.107 70.0 2.01 -0.03
785 851.308 66.6 2.02 0.01
786 851.445 52.9 2.04 0.06
787 851.950 66.6 2.03 0.06
788 859.186 75.1 2.09 -0.01
789 860.135 58.0 2.11 -0.13
790 861.903 66.6 2.08 -0.12
791 862.122 87.0 2.07 -0.10
792 863.815 114.3 2.08 0.11
793 864.081 92.2 2.07 -0.06
794 865.057 59.7 2.05 -0.02
795 867.358 81.9 2.06 0.06
796 868.163 75.1 1.95 0.07
797 869.495 81.9 1.98 0.09
798 871.611 66.6 2.06 0.08
799 873.830 49.5 2.00 0.08
800 874.062 73.4 1.96 0.07
801 875.516 129.7 1.82 0.15
802 875.796 85.3 1.98 0.02
803 876.465 109.2 1.94 0.07
804 878.513 39.3 1.90 0.01
805 878.833 85.3 1.88 0.07
806 880.554 88.7 1.95 -0.02
807 880.916 75.1 1.95 0.02
808 881.175 80.2 1.98 0.12
809 882.677 64.9 1.91 0.11
810 884.786 95.6 1.84 0.02
811 885.926 119.5 2.00 0.03
812 886.097 64.9 1.98 0.03
813 887.244 109.2 1.91 0.03
814 887.380 66.6 1.92 0.05
815 888.090 107.5 1.95 0.11
816 888.432 85.3 1.96 0.05
817 888.739 58.0 1.98 0.01
818 889.244 61.4 1.94 0.03
819 889.886 85.3 2.04 0.05
820 891.128 73.4 1.92 0.15
821 891.449 78.5 1.93 0.11
822 891.593 47.8 1.95 0.12
823 894.118 76.8 1.86 0.21
824 894.234 88.7 1.83 0.23
825 894.576 129.7 1.83 0.21
826 895.136 75.1 1.85 0.22
827 895.579 88.7 1.84 0.29
828 896.153 71.7 1.93 0.18
829 896.521 66.6 1.91 0.21
830 898.139 61.4 2.11 0.26
831 899.020 122.9 2.08 0.15
832 899.505 63.1 2.07 0.13
833 899.825 80.2 2.09 0.10
834 900.235 105.8 2.06 0.07
835 900.631 52.9 2.09 0.05
836 903.567 97.3 2.14 0.06
837 904.515 61.4 2.16 0.04
838 908.093 192.9 2.18 0.15
839 908.891 46.1 2.16 0.17
840 909.451 78.5 2.20 0.11
841 909.615 44.4 2.18 0.10
842 911.240 95.6 2.20 0.06
843 912.919 68.3 2.14 0.13
844 914.530 61.4 2.24 0.25
845 915.520 73.4 2.29 0.24
846 916.332 61.4 2.17 0.23
847 919.213 92.2 2.17 0.11
848 919.664 122.9 2.18 0.09
849 920.667 80.2 2.19 0.09
850 927.002 78.5 2.12 0.01
851 927.951 88.7 2.25 0.13
852 929.358 104.1 2.18 0.21
853 929.924 68.3 2.18 0.15
854 931.146 99.0 2.21 0.15
855 931.501 76.8 2.29 0.14
856 931.699 81.9 2.32 0.09
857 933.672 58.0 2.22 0.12
858 934.095 81.9 2.20 0.11
859 935.119 81.9 2.24 0.12
860 935.693 75.1 2.16 0.11
861 937.024 85.3 2.19 0.12
862 937.789 83.6 2.19 0.08
863 938.997 110.9 2.16 0.06
864 939.516 102.4 2.20 0.04
865 940.704 95.6 2.13 0.09
866 940.929 70.0 2.11 0.16
867 942.451 68.3 2.08 0.05
868 944.165 78.5 1.99 0.04
869 946.936 39.3 2.09 0.05
870 948.336 93.9 2.15 0.10
871 948.684 116.1 2.10 0.10
872 949.080 163.8 2.09 0.07
873 950.848 136.5 2.07 0.09
874 951.462 85.3 1.99 0.08
875 954.111 59.7 1.97 0.02
876 956.869 81.9 1.96 -0.09
877 957.156 81.9 1.96 -0.11
878 959.293 56.3 2.00 0.01
879 959.613 78.5 2.04 -0.00
880 959.934 81.9 1.99 -0.08
881 960.849 80.2 2.03 -0.01
882 962.447 76.8 2.06 -0.05
883 964.617 90.5 2.11 0.01
884 964.781 78.5 2.00 0.01
885 966.078 39.3 2.04 0.05
886 966.795 68.3 1.97 0.01
887 968.167 42.7 1.88 -0.05
888 970.092 85.3 2.02 -0.04
889 970.557 99.0 1.96 -0.05
890 971.178 81.9 1.95 -0.12
891 971.622 102.4 2.05 -0.08
892 973.321 81.9 2.02 -0.19
893 974.960 105.8 2.13 -0.11
894 975.663 75.1 1.90 -0.05
895 976.844 46.1 2.01 -0.07
896 976.967 75.1 2.03 -0.10
897 978.271 88.7 2.14 -0.07
898 979.540 46.1 2.18 -0.04
899 979.629 68.3 2.17 -0.10
900 980.148 64.9 2.09 -0.00
901 981.438 64.9 2.13 0.06
902 983.391 78.5 2.12 -0.14
903 986.749 75.1 2.22 -0.05
904 987.432 63.1 2.18 -0.06
905 987.548 51.2 2.16 -0.02
906 987.760 68.3 2.21 0.00
907 989.036 56.3 2.15 -0.11
908 992.054 81.9 2.14 -0.05
909 992.204 64.9 2.14 -0.03
910 992.484 70.0 2.13 -0.04
911 992.900 63.1 2.13 -0.06
912 993.528 78.5 2.19 -0.02
913 994.341 88.7 2.20 -0.03
914 996.300 35.8 2.17 0.04
915 998.942 76.8 2.10 0.04
916 999.433 41.0 2.13 0.02
917 1000.014 70.0 2.13 -0.02
918 1001.345 81.9 2.14 -0.10
919 1002.608 85.3 2.15 -0.02
920 1003.290 81.9 2.14 0.01
921 1004.792 68.3 2.08 -0.08
922 1004.970 81.9 2.08 -0.08
923 1005.195 81.9 2.00 -0.05
924 1006.697 116.1 2.07 0.03
925 1009.578 70.0 2.05 -0.01
926 1009.680 64.9 2.15 -0.02
927 1014.445 56.3 2.05 0.09
928 1015.497 117.8 2.09 0.05
929 1015.927 56.3 2.12 0.01
930 1016.712 44.4 2.11 0.05
931 1017.613 75.1 2.09 -0.05
932 1017.995 70.0 2.12 -0.05
933 1019.279 41.0 2.05 0.24
934 1019.374 81.9 2.08 0.15
935 1019.954 46.1 2.06 0.22
936 1020.903 100.7 2.06 0.21
937 1021.402 95.6 2.08 0.16
938 1022.508 112.6 2.12 0.05
939 1023.661 78.5 2.04 0.11
940 1024.317 58.0 2.03 0.10
941 1024.829 95.6 2.13 0.06
942 1026.378 78.5 2.15 0.07
943 1027.942 58.0 2.20 0.10
944 1028.256 63.1 2.14 0.11
945 1032.427 116.1 2.13 0.07
946 1033.956 81.9 2.15 0.05
947 1034.188 92.2 2.11 0.02
948 1034.966 75.1 2.10 0.10
949 1035.246 90.5 2.14 0.05
950 1036.270 131.4 2.12 0.07
951 1037.492 64.9 2.13 0.10
952 1037.806 56.3 2.15 0.01
953 1038.345 71.7 2.20 0.03
954 1040.687 68.3 2.13 0.04
955 1040.926 68.3 2.13 0.04
956 1041.151 71.7 2.20 0.02
957 1041.513 88.7 2.11 -0.02
958 1042.018 51.2 2.11 0.02
959 1043.472 63.1 2.11 0.04
960 1044.571 80.2 2.22 0.01
961 1045.336 47.8 2.11 -0.00
962 1045.636 121.2 2.14 0.04
963 1052.142 88.7 2.01 -0.16
964 1057.508 68.3 2.12 -0.08
965 1057.679 97.3 2.09 -0.03
966 1058.225 70.0 2.12 0.02
967 1058.955 68.3 2.13 -0.07
968 1059.262 66.6 2.08 0.01
969 1059.453 42.7 2.11 -0.02
970 1061.467 71.7 2.08 -0.02
971 1061.815 102.4 2.12 -0.05
972 1062.553 90.5 2.24 -0.05
973 1064.826 75.1 2.10 0.10
974 1065.195 75.1 2.11 0.06
975 1067.058 54.6 2.06 0.03
976 1069.755 104.1 2.03 0.01
977 1071.537 75.1 2.07 0.06
978 1075.892 87.0 2.00 -0.03
979 1076.315 64.9 2.02 -0.05
980 1079.155 81.9 2.00 0.01
981 1079.483 102.4 2.01 0.02
982 1080.295 42.7 1.99 0.01
983 1082.446 49.5 1.98 0.09
984 1084.521 73.4 2.13 0.10
985 1084.603 75.1 2.16 0.06
986 1086.153 83.6 2.23 0.10
987 1087.040 75.1 2.26 0.07
988 1087.805 54.6 2.20 0.04
989 1090.269 90.5 2.16 -0.01
990 1091.593 68.3 2.11 0.04
991 1093.402 49.5 2.09 0.01
992 1093.730 102.4 2.09 0.06
993 1094.706 41.0 2.12 0.03
994 1094.822 68.3 2.16 -0.01
995 1096.215 78.5 2.10 0.11
996 1100.454 85.3 2.12 0.12
997 1101.956 75.1 1.99 0.20
998 1103.718 68.3 2.08 0.13
999 1103.909 75.1 2.07 0.14
1000 1104.079 81.9 2.09 0.18
1001 1104.277 92.2 2.18 0.15
1002 1104.550 64.9 2.11 0.14
1003 1105.349 66.6 2.19 0.01
1004 1107.076 61.4 2.19 0.19
1005 1107.684 76.8 2.17 0.16
1006 1107.814 92.2 2.12 0.13
1007 1108.100 85.3 2.13 0.09
1008 1112.073 71.7 2.11 0.07
1009 1113.138 54.6 2.11 0.01
1010 1113.309 114.3 2.15 -0.02
1011 1113.869 76.8 2.13 -0.07
1012 1117.583 68.3 2.11 -0.00
1013 1118.579 59.7 2.13 -0.00
1014 1119.269 56.3 2.02 0.10
1015 1121.385 81.9 2.00 -0.02
1016 1122.163 95.6 2.03 0.05
1017 1122.313 75.1 2.00 0.11
1018 1123.399 81.9 1.97 0.09
1019 1124.000 68.3 1.93 0.07
1020 1124.259 102.4 1.93 0.11
1021 1125.044 114.3 1.97 0.20
1022 1125.460 39.3 1.96 0.23
1023 1126.860 88.7 1.97 0.14
1024 1127.870 61.4 1.96 0.28
1025 1128.457 71.7 2.06 0.24
1026 1128.949 75.1 2.13 0.10
1027 1129.420 81.9 2.08 0.22
1028 1131.120 76.8 2.05 0.19
1029 1131.591 143.4 2.05 0.11
1030 1133.257 70.0 2.01 0.01
1031 1134.212 104.1 2.11 0.12
1032 1135.011 58.0 2.10 0.15
1033 1135.878 109.2 2.05 0.19
1034 1136.772 81.9 2.05 0.10
1035 1137.175 52.9 2.07 0.09
1036 1137.407 66.6 2.04 0.06
1037 1139.551 90.5 2.15 0.07
1038 1140.500 51.2 2.15 0.03
1039 1142.834 78.5 2.14 0.11
1040 1143.135 52.9 2.12 0.11
1041 1143.770 52.9 2.10 0.14
1042 1144.213 95.6 2.04 0.17
1043 1144.698 70.0 2.09 0.16
1044 1145.244 58.0 2.13 0.19
1045 1145.981 66.6 2.16 0.22
1046 1146.261 78.5 2.08 0.16
1047 1146.678 66.6 2.12 0.13
1048 1148.193 68.3 2.12 0.31
1049 1148.828 92.2 2.10 0.11
1050 1149.722 75.1 2.15 0.03
1051 1150.665 71.7 2.12 0.10
1052 1151.136 138.2 2.08 0.16
1053 1152.057 90.5 2.14 0.11
1054 1152.911 63.1 2.11 0.18
1055 1152.986 37.5 2.07 0.17
1056 1154.310 88.7 2.15 0.21
1057 1154.597 68.3 2.19 0.19
1058 1157.955 59.7 2.06 0.02
1059 1158.781 88.7 2.05 -0.05
1060 1159.239 49.5 2.13 -0.11
1061 1159.375 68.3 2.11 -0.03
1062 1159.990 93.9 2.13 -0.11
1063 1161.294 134.8 2.05 -0.02
1064 1163.246 88.7 2.04 0.00
1065 1164.495 104.1 2.17 0.14
1066 1164.987 78.5 2.13 0.12
1067 1165.315 58.0 2.13 0.15
1068 1167.328 75.1 2.06 0.13
1069 1168.038 58.0 2.09 0.05
1070 1169.643 66.6 2.18 -0.12
1071 1170.537 83.6 2.26 0.04
1072 1171.056 92.2 2.28 0.02
1073 1171.554 51.2 2.20 0.00
1074 1172.537 30.7 2.24 0.10
1075 1172.872 75.1 2.21 0.10
1076 1175.309 88.7 2.17 0.12
1077 1175.780 68.3 2.14 0.09
1078 1176.913 85.3 2.09 -0.02
1079 1178.900 51.2 1.99 -0.06
1080 1179.575 78.5 2.03 -0.06
1081 1180.074 71.7 2.03 -0.13
1082 1180.654 95.6 2.11 -0.09
1083 1182.811 58.0 2.01 -0.02
1084 1182.927 81.9 1.97 -0.02
1085 1183.624 66.6 1.99 0.01
1086 1183.965 88.7 2.01 -0.01
1087 1184.791 71.7 2.11 -0.09
1088 1185.474 95.6 2.07 -0.12
1089 1189.085 88.7 2.10 0.15
1090 1189.829 71.7 1.97 0.08
1091 1194.096 80.2 2.03 -0.07
1092 1196.144 66.6 2.01 -0.07
1093 1196.314 25.6 2.02 -0.08
1094 1197.004 95.6 2.06 -0.12
1095 1197.332 47.8 2.01 -0.02
1096 1198.799 56.3 2.00 -0.08
1097 1199.468 42.7 2.03 -0.09
1098 1199.591 93.9 2.01 -0.07
1099 1200.342 29.0 2.08 -0.02
1100 1200.786 80.2 1.94 -0.08
1101 1202.568 78.5 2.01 0.01
1102 1202.684 78.5 2.04 0.00
1103 1206.363 116.1 2.07 -0.03
1104 1206.964 71.7 2.09 -0.03
1105 1207.510 75.1 1.97 -0.03
1106 1210.391 116.1 2.05 -0.04
1107 1210.958 52.9 2.05 0.01
1108 1211.019 49.5 2.09 0.01
1109 1211.756 88.7 1.99 0.03
1110 1212.371 37.5 2.09 0.05
1111 1212.780 81.9 2.05 0.02
1112 1215.026 49.5 2.02 0.02
1113 1215.183 76.8 2.05 -0.01
1114 1216.938 46.1 1.99 0.02
1115 1217.143 68.3 2.03 -0.03
1116 1219.006 75.1 2.09 0.04
1117 1219.450 64.9 2.04 -0.00
1118 1220.638 75.1 2.07 -0.05
1119 1222.092 95.6 2.04 -0.08
1120 1224.488 42.7 2.16 -0.21
1121 1224.631 56.3 2.06 -0.21
1122 1224.748 75.1 2.14 -0.20
1123 1224.864 59.7 2.10 -0.19
1124 1225.014 78.5 2.04 -0.12
1125 1225.983 54.6 1.99 -0.06
1126 1227.478 110.9 1.99 -0.02
1127 1227.574 90.5 1.97 -0.02
1128 1228.775 71.7 2.05 0.02
1129 1229.151 68.3 1.98 -0.02
1130 1229.451 73.4 1.98 -0.02
1131 1233.178 97.3 2.07 0.04
1132 1238.626 95.6 1.96 0.03
1133 1238.790 75.1 1.99 0.02
1134 1239.124 81.9 2.01 0.01
1135 1239.479 75.1 1.97 -0.05
1136 1240.599 71.7 2.00 -0.07
1137 1241.152 64.9 2.00 -0.03
1138 1242.278 102.4 2.07 -0.06
1139 1243.057 61.4 2.09 -0.17
1140 1243.978 75.1 2.09 -0.05
1141 1244.620 87.0 2.14 0.02
1142 1245.699 157.0 2.09 0.04
1143 1247.514 59.7 2.08 -0.03
1144 1248.102 52.9 2.05 -0.03
1145 1248.839 68.3 2.23 -0.00
1146 1249.228 64.9 2.11 -0.11
1147 1249.405 81.9 2.11 -0.09
1148 1250.320 90.5 2.02 -0.07
1149 1252.116 46.1 1.97 -0.13
1150 1252.245 58.0 1.94 -0.11
1151 1252.689 90.5 1.99 -0.13
1152 1253.638 95.6 1.95 -0.09
1153 1255.044 73.4 2.03 0.03
1154 1255.208 76.8 2.09 0.05
1155 1259.065 92.2 2.03 0.08
1156 1259.536 63.1 2.01 0.08
1157 1259.604 46.1 1.97 0.08
1158 1262.267 71.7 2.10 -0.07
1159 1262.554 81.9 2.10 -0.04
1160 1262.991 63.1 2.11 0.00
1161 1265.318 88.7 2.02 0.01
1162 1265.824 68.3 2.00 0.01
1163 1267.776 81.9 1.96 0.03
1164 1268.254 83.6 1.94 0.04
1165 1269.032 95.6 1.98 0.04
1166 1269.196 75.1 1.98 0.05
1167 1269.933 63.1 1.88 0.08
1168 1271.094 141.7 1.97 0.05
1169 1271.619 61.4 1.96 0.01
1170 1273.647 81.9 2.00 0.09
1171 1274.869 58.0 2.08 0.08
1172 1275.511 90.5 2.02 0.01
1173 1277.538 105.8 2.00 -0.07
1174 1279.354 119.5 2.01 -0.07
1175 1279.620 58.0 2.03 -0.04
1176 1280.337 68.3 2.03 0.00
1177 1280.863 87.0 2.05 0.05
1178 1282.112 54.6 1.99 0.04
1179 1282.651 49.5 2.01 -0.01
1180 1284.624 75.1 2.10 0.02
1181 1285.396 68.3 2.08 0.06
1182 1290.468 68.3 2.08 0.15
1183 1290.939 58.0 2.08 0.09
1184 1291.963 61.4 2.10 0.09
1185 1293.936 61.4 2.06 0.05
1186 1294.120 73.4 2.08 0.12
1187 1295.021 76.8 2.07 0.03
1188 1295.165 75.1 2.03 0.05
1189 1295.328 64.9 2.10 -0.04
1190 1296.448 37.5 2.05 -0.08
1191 1297.267 76.8 1.99 -0.13
1192 1297.827 63.1 1.99 -0.10
1193 1299.500 52.9 2.04 -0.04
1194 1300.476 44.4 2.14 0.00
1195 1301.507 95.6 2.10 0.04
1196 1301.964 100.7 2.20 0.12
1197 1302.374 68.3 2.11 0.14
1198 1302.913 63.1 2.03 0.06
1199 1303.486 85.3 1.99 0.16
1200 1304.067 95.6 2.01 0.16
1201 1304.497 64.9 2.08 0.07
1202 1304.572 49.5 2.03 0.09
1203 1306.640 52.9 2.09 0.08
1204 1307.009 83.6 2.06 -0.01
1205 1311.945 51.2 1.98 -0.04
1206 1313.679 90.5 2.00 -0.06
1207 1314.423 109.2 1.99 -0.03
1208 1314.600 104.1 1.98 -0.02
1209 1315.344 52.9 2.08 -0.03
1210 1316.245 75.1 2.08 -0.09
1211 1316.409 71.7 1.97 -0.08
1212 1318.594 68.3 2.01 -0.09
1213 1318.703 75.1 1.93 -0.06
1214 1319.297 92.2 2.02 0.01
1215 1319.898 47.8 2.12 -0.06
1216 1320.102 49.5 2.04 -0.12
1217 1320.935 56.3 2.03 -0.00
1218 1321.051 64.9 1.99 -0.00
1219 1321.727 95.6 2.19 0.01
1220 1322.321 73.4 2.14 -0.06
1221 1323.311 51.2 2.22 -0.09
1222 1328.294 148.5 2.07 -0.06
1223 1328.854 39.3 2.00 -0.01
1224 1329.482 56.3 1.99 -0.01
1225 1331.237 95.6 2.04 0.03
1226 1333.196 63.1 1.99 0.09
1227 1333.285 46.1 2.04 0.09
1228 1333.694 78.5 2.07 0.06
1229 1336.384 93.9 1.98 -0.04
1230 1338.917 61.4 2.00 0.03
1231 1340.937 81.9 2.11 0.03
1232 1341.839 81.9 2.09 0.06
1233 1344.590 44.4 2.11 -0.02
1234 1344.979 136.5 2.12 -0.01
1235 1345.416 37.5 2.06 0.10
1236 1347.860 59.7 2.10 0.09
1237 1348.044 80.2 2.06 0.11
1238 1349.041 73.4 2.08 0.09
1239 1349.539 81.9 2.01 -0.05
1240 1349.894 56.3 2.09 0.03
1241 1350.058 75.1 2.04 -0.09
1242 1350.932 143.4 2.08 0.06
1243 1351.109 116.1 2.01 0.07
1244 1351.498 99.0 2.25 0.02
1245 1351.676 42.7 2.00 0.08
1246 1354.802 66.6 2.14 0.09
1247 1355.212 116.1 2.12 0.07
1248 1356.072 51.2 2.06 0.07
1249 1356.236 68.3 2.09 0.09
1250 1357.567 83.6 2.09 0.10
1251 1357.792 71.7 2.18 0.11
1252 1359.690 81.9 2.13 0.08
1253 1360.175 68.3 2.19 0.08
1254 1360.585 116.1 2.16 0.06
1255 1361.015 66.6 2.19 0.05
1256 1362.011 81.9 2.22 0.04
1257 1363.465 93.9 2.17 0.06
1258 1364.039 105.8 2.16 0.05
1259 1365.288 61.4 2.18 0.09
1260 1365.964 109.2 2.15 0.09
1261 1366.292 64.9 2.20 -0.02
1262 1367.213 88.7 2.04 0.02
1263 1367.425 92.2 1.97 -0.00
1264 1368.865 64.9 2.02 0.08
1265 1369.964 68.3 2.10 0.10
1266 1372.326 78.5 2.09 0.12
1267 1372.818 58.0 1.96 -0.03
1268 1373.296 41.0 1.97 0.02
1269 1373.419 81.9 1.99 0.05
1270 1374.026 75.1 2.01 0.01
1271 1374.149 85.3 1.95 -0.03
1272 1375.276 81.9 1.99 -0.01
1273 1378.013 73.4 2.05 -0.01
1274 1378.880 88.7 2.11 0.01
1275 1380.279 70.0 2.07 0.00
1276 1380.375 80.2 2.08 0.01
1277 1381.822 75.1 2.07 -0.02
1278 1382.437 44.4 2.03 -0.01
1279 1383.044 109.2 2.04 0.02
1280 1384.253 35.8 2.07 0.04
1281 1385.304 88.7 2.07 0.05
1282 1389.311 61.4 2.04 -0.02
1283 1389.536 68.3 2.06 -0.01
1284 1390.226 85.3 2.08 -0.01
1285 1391.195 102.4 2.14 -0.05
1286 1391.660 100.7 2.06 -0.02
1287 1392.684 87.0 2.12 -0.01
1288 1393.940 71.7 2.16 0.11
1289 1394.424 68.3 2.16 0.10
1290 1395.537 92.2 2.11 0.05
1291 1396.506 73.4 2.18 0.09
1292 1397.373 122.9 2.17 0.11
1293 1400.357 71.7 2.02 -0.03
1294 1403.934 66.6 2.07 0.00
1295 1407.791 70.0 1.97 -0.01
1296 1409.859 81.9 2.00 0.13
1297 1410.522 81.9 1.98 0.03
1298 1411.034 97.3 1.99 0.06
1299 1412.440 80.2 1.97 0.05
1300 1413.041 81.9 2.05 0.10
1301 1413.628 68.3 1.98 0.04
1302 1417.389 102.4 1.96 -0.02
1303 1418.004 81.9 2.05 0.03
1304 1419.437 54.6 2.05 -0.04
1305 1421.431 88.7 2.18 -0.12
1306 1422.632 64.9 2.23 -0.10
1307 1422.885 88.7 2.20 -0.10
1308 1423.465 78.5 2.16 -0.11
1309 1423.677 71.7 2.14 -0.06
1310 1423.765 58.0 2.17 -0.07
1311 1423.875 58.0 2.20 -0.08
1312 1424.475 71.7 2.16 -0.02
1313 1424.755 78.5 2.07 -0.04
1314 1425.281 44.4 2.05 -0.05
1315 1425.779 102.4 2.19 -0.08
1316 1426.919 37.5 2.09 -0.14
1317 1428.216 46.1 2.18 -0.08
1318 1429.001 75.1 2.19 -0.06
1319 1429.391 76.8 2.19 -0.08
1320 1430.660 73.4 2.10 -0.07
1321 1431.479 88.7 2.15 -0.02
1322 1435.876 78.5 2.09 -0.09
1323 1437.262 112.6 2.05 -0.14
1324 1437.466 102.4 1.99 -0.11
1325 1439.139 76.8 2.10 -0.02
1326 1442.696 85.3 2.03 0.11
1327 1442.860 71.7 2.05 0.11
1328 1443.597 100.7 2.02 0.10
1329 1445.420 68.3 2.08 0.16
1330 1445.747 68.3 2.06 0.24
1331 1446.614 109.2 1.99 0.17
1332 1447.986 68.3 1.98 0.11
1333 1448.560 52.9 2.01 0.14
1334 1449.475 68.3 2.09 0.12
1335 1449.959 68.3 2.18 0.05
1336 1450.355 56.3 2.12 0.03
1337 1453.263 63.1 2.11 0.09
1338 1455.175 85.3 2.17 0.01
1339 1458.315 71.7 2.10 0.07
1340 1459.216 81.9 2.13 -0.03
1341 1460.998 81.9 2.05 0.00
1342 1461.135 75.1 2.10 0.00
1343 1462.377 75.1 1.97 0.10
1344 1467.005 75.1 2.04 0.02
1345 1467.818 81.9 2.07 0.10
1346 1470.357 37.5 2.02 0.01
1347 1471.238 95.6 2.05 0.12
1348 1471.893 107.5 2.08 0.08
1349 1473.846 116.1 2.04 0.13
1350 1475.320 80.2 1.99 0.16
1351 1475.983 75.1 2.11 0.18
1352 1476.160 73.4 2.09 0.16
1353 1476.440 80.2 2.09 0.13
1354 1478.611 47.8 2.16 0.10
1355 1478.836 71.7 2.16 0.05
1356 1480.427 88.7 2.14 0.05
1357 1481.539 68.3 2.14 -0.01
1358 1481.935 81.9 2.12 0.02
1359 1482.338 92.2 2.14 -0.03
1360 1482.761 63.1 2.16 -0.02
1361 1482.830 30.7 2.06 0.02
1362 1483.908 64.9 2.14 -0.08
1363 1484.768 56.3 2.16 -0.12
1364 1486.045 100.7 2.04 -0.01
1365 1489.670 44.4 2.07 -0.01
1366 1489.950 90.5 2.06 -0.03
1367 1490.346 47.8 2.05 0.02
1368 1490.988 49.5 2.04 0.00
1369 1492.797 73.4 2.11 0.03
1370 1493.295 70.0 2.14 0.02
1371 1494.776 81.9 2.08 -0.14
1372 1495.350 64.9 2.14 -0.03
1373 1495.561 73.4 2.13 -0.03
1374 1495.725 68.3 2.20 -0.03
1375 1495.985 64.9 2.14 -0.12
1376 1497.841 37.5 2.02 -0.00
1377 1498.306 68.3 2.10 0.02
1378 1499.207 104.1 2.09 0.01
1379 1499.862 68.3 1.99 0.06
1380 1499.944 93.9 2.01 0.06
1381 1500.497 73.4 2.03 0.04
1382 1503.706 75.1 2.15 0.09
1383 1503.904 75.1 2.11 0.08
1384 1505.180 75.1 2.02 0.04
1385 1505.419 75.1 2.06 0.13
1386 1508.566 112.6 2.07 -0.01
1387 1508.819 81.9 2.11 -0.03
1388 1508.914 73.4 2.14 -0.00
1389 1509.263 49.5 2.14 -0.01
1390 1509.604 71.7 2.13 -0.02
1391 1510.334 95.6 2.15 0.00
1392 1510.887 41.0 2.07 0.02
1393 1512.403 73.4 2.06 0.08
1394 1515.454 81.9 2.01 0.10
1395 1515.898 75.1 2.01 0.10
1396 1516.403 51.2 1.91 0.06
1397 1516.847 39.3 1.91 0.06
1398 1517.222 95.6 1.95 -0.02
1399 1519.366 59.7 1.88 0.04
1400 1519.543 88.7 1.93 -0.02
1401 1519.837 42.7 1.94 -0.02
1402 1521.769 68.3 1.98 0.09
1403 1522.704 81.9 2.13 0.18
1404 1524.780 100.7 1.97 0.01
1405 1524.868 83.6 2.02 0.01
1406 1525.121 99.0 1.95 0.04
1407 1525.367 78.5 1.93 0.31
1408 1525.585 81.9 1.93 0.05
1409 1527.858 117.8 2.11 0.08
1410 1529.947 64.9 2.13 0.07
1411 1530.050 78.5 2.15 0.16
1412 1531.005 71.7 1.96 -0.01
1413 1532.016 75.1 2.09 -0.06
1414 1532.849 37.5 2.08 0.02
1415 1535.245 71.7 1.87 0.10
1416 1537.566 63.1 2.01 0.05
1417 1537.757 71.7 2.03 0.06
1418 1538.474 88.7 2.12 0.09
1419 1539.122 92.2 2.00 0.19
1420 1539.382 71.7 1.92 0.20
1421 1542.727 78.5 2.04 0.07
1422 1542.952 75.1 2.09 0.10
1423 1544.515 90.5 2.01 -0.01
1424 1545.881 68.3 2.17 -0.13
1425 1546.079 63.1 2.08 -0.10
1426 1547.744 81.9 2.00 -0.03
1427 1548.106 116.1 1.95 -0.00
1428 1549.888 68.3 2.05 0.03
1429 1550.284 87.0 2.06 0.03
1430 1550.448 63.1 2.05 0.06
1431 1552.059 52.9 2.06 0.11
1432 1552.407 66.6 2.04 0.25
1433 1555.343 109.2 1.92 0.33
1434 1556.367 73.4 1.99 0.21
1435 1556.619 88.7 2.07 0.10
1436 1559.548 29.0 2.07 0.11
1437 1560.708 88.7 1.98 0.35
1438 1562.135 81.9 1.84 0.22
1439 1563.746 80.2 1.91 0.23
1440 1564.197 54.6 1.89 0.23
1441 1564.415 88.7 2.00 0.27
1442 1566.026 87.0 2.05 0.33
1443 1566.961 56.3 2.08 0.21
1444 1567.241 64.9 2.12 0.29
1445 1567.398 75.1 1.94 0.29
1446 1569.399 81.9 1.94 0.41
1447 1569.808 93.9 2.06 0.24
1448 1570.266 49.5 1.99 0.40
1449 1571.392 95.6 1.85 0.35
1450 1571.604 68.3 2.05 0.37
1451 1571.720 85.3 2.03 0.38
1452 1574.314 30.7 2.09 0.17
1453 1574.368 46.1 2.06 0.09
1454 1575.747 68.3 2.10 0.06
1455 1576.771 109.2 2.19 0.11
1456 1577.659 75.1 2.19 0.34
1457 1578.260 75.1 2.15 0.40
1458 1578.922 75.1 2.15 0.27
1459 1579.447 68.3 2.11 0.30
1460 1580.041 71.7 2.13 0.24
1461 1580.103 44.4 2.14 0.22
1462 1580.335 51.2 2.12 0.19
1463 1582.786 78.5 2.16 0.18
1464 1583.496 81.9 2.20 0.21
1465 1583.994 88.7 2.21 0.19
1466 1585.796 87.0 2.17 0.13
1467 1586.336 71.7 2.18 0.19
1468 1588.056 99.0 2.19 0.26
1469 1588.998 44.4 2.23 0.17
1470 1589.489 68.3 2.15 0.18
1471 1590.650 51.2 2.17 0.25
1472 1590.766 66.6 2.13 0.25
1473 1591.326 58.0 2.19 0.16
1474 1593.121 90.5 2.21 0.24
1475 1593.285 88.7 2.23 0.24
1476 1594.227 68.3 2.19 0.20
1477 1595.606 54.6 2.15 0.19
1478 1595.920 75.1 2.17 0.20
1479 1596.234 58.0 2.12 0.24
1480 1596.801 81.9 2.21 0.25
1481 1597.408 68.3 2.17 0.12
1482 1597.941 70.0 2.22 0.27
1483 1599.409 66.6 2.15 0.12
1484 1599.955 107.5 2.16 0.11
1485 1607.082 81.9 2.12 -0.11
1486 1607.287 136.5 1.98 -0.09
1487 1607.655 88.7 2.01 0.00
1488 1610.127 100.7 1.96 -0.02
1489 1610.229 66.6 2.01 -0.03
1490 1610.884 81.9 2.09 0.09
1491 1611.075 116.1 2.08 0.08
1492 1614.482 71.7 1.99 0.05
1493 1614.864 75.1 2.04 0.07
1494 1615.916 68.3 2.02 -0.02
1495 1616.093 71.7 1.94 0.00
1496 1619.500 42.7 2.03 0.12
1497 1621.350 68.3 2.08 0.01
1498 1621.752 81.9 2.03 0.05
1499 1622.517 71.7 2.00 0.05
1500 1625.534 92.2 1.98 0.06
1501 1626.995 61.4 1.96 0.10
1502 1627.453 92.2 2.03 0.09
1503 1629.385 75.1 2.03 0.03
1504 1630.948 85.3 2.23 0.19
1505 1634.081 35.8 2.11 0.04
1506 1634.586 81.9 2.15 0.17
1507 1637.638 52.9 2.13 -0.02
1508 1637.802 88.7 2.09 -0.07
1509 1639.133 35.8 2.12 0.06
1510 1640.498 99.0 2.03 -0.07
1511 1640.635 56.3 2.08 0.01
1512 1640.751 73.4 2.10 0.04
1513 1643.024 75.1 2.29 0.00
1514 1644.997 51.2 2.26 0.05
1515 1650.465 146.8 1.99 0.18
1516 1652.322 63.1 2.03 0.17
1517 1652.541 81.9 2.05 0.18
1518 1653.244 71.7 2.00 0.19
1519 1653.585 78.5 2.07 0.13
1520 1654.609 71.7 2.06 0.12
1521 1654.739 68.3 2.01 0.09
1522 1655.196 80.2 2.05 0.10
1523 1655.688 49.5 2.01 0.01
1524 1656.384 81.9 1.99 0.17
1525 1656.609 56.3 2.00 0.20
1526 1656.848 85.3 1.99 0.14
1527 1658.862 75.1 2.04 0.03
1528 1660.617 119.5 2.13 0.06
1529 1661.443 61.4 2.08 0.09
1530 1663.429 81.9 2.12 0.09
1531 1663.927 78.5 2.07 0.10
1532 1665.675 68.3 2.15 0.10
1533 1667.662 70.0 2.10 0.14
1534 1668.030 35.8 2.03 0.14
1535 1669.983 81.9 2.05 0.05
1536 1671.177 68.3 2.17 -0.00
1537 1671.450 42.7 2.15 -0.01
1538 1674.782 49.5 2.12 0.02
1539 1675.055 75.1 2.05 -0.04
1540 1675.492 49.5 2.09 -0.03
1541 1675.942 88.7 2.10 0.01
1542 1676.024 37.5 2.05 -0.02
1543 1678.926 51.2 2.05 0.07
1544 1679.076 81.9 2.07 0.06
1545 1679.711 81.9 2.08 -0.00
1546 1680.653 63.1 2.09 -0.03
1547 1680.851 63.1 2.06 -0.03
1548 1681.595 102.4 2.06 -0.04
1549 1681.882 58.0 2.10 -0.03
1550 1682.462 23.9 2.11 -0.01
1551 1682.510 17.1 2.12 -0.01
1552 1683.274 92.2 2.07 -0.01
1553 1683.957 88.7 2.11 -0.01
1554 1685.124 68.3 2.08 0.04
1555 1685.827 46.1 2.13 -0.00
1556 1689.889 71.7 2.15 0.12
1557 1690.142 68.3 2.10 0.16
1558 1690.749 75.1 2.13 0.04
1559 1691.009 58.0 2.13 0.14
1560 1692.456 64.9 2.16 0.17
1561 1692.886 81.9 2.21 0.20
1562 1693.391 109.2 2.14 0.26
1563 1693.937 63.1 2.10 0.27
1564 1694.586 102.4 2.12 0.16
1565 1698.730 99.0 2.14 0.09
1566 1701.467 70.0 2.07 0.04
1567 1702.833 81.9 2.00 -0.01
1568 1707.249 30.7 2.21 0.04
1569 1708.130 75.1 2.17 -0.01
1570 1708.929 85.3 2.11 0.14
1571 1711.059 58.0 2.10 0.09
1572 1711.598 58.0 2.15 0.07
1573 1712.847 93.9 2.24 0.18
1574 1715.592 90.5 1.96 0.08
1575 1716.882 64.9 2.04 0.03
1576 1717.367 83.6 2.00 0.07
1577 1718.356 63.1 2.07 0.16
1578 1720.691 105.8 2.18 0.21
1579 1721.053 68.3 2.19 0.11
1580 1722.992 68.3 2.12 0.32
1581 1726.153 90.5 1.93 0.19
1582 1727.695 63.1 2.04 0.02
1583 1729.866 41.0 2.10 0.12
1584 1735.157 66.6 2.13 0.07
1585 1736.263 52.9 2.21 0.00
1586 1736.317 80.2 2.18 0.00
1587 1736.440 68.3 2.14 0.09
1588 1736.918 51.2 2.13 0.07
1589 1738.898 99.0 2.22 0.07
1590 1740.748 75.1 2.17 -0.05
1591 1741.205 68.3 2.10 -0.05
1592 1741.499 59.7 2.11 0.03
1593 1742.946 64.9 2.09 -0.08
1594 1743.069 71.7 2.07 -0.03
1595 1743.397 76.8 2.10 -0.08
1596 1743.642 81.9 2.04 -0.11
1597 1744.148 68.3 2.05 -0.04
1598 1744.632 51.2 2.13 -0.09
1599 1745.015 52.9 2.11 -0.08
1600 1745.370 59.7 2.12 -0.08
1601 1745.950 68.3 2.15 -0.02
1602 1746.871 71.7 2.12 -0.10
1603 1750.886 68.3 2.01 0.08
1604 1751.186 68.3 1.94 0.10
1605 1751.425 122.9 1.99 0.09
1606 1751.882 32.4 2.01 0.03
1607 1752.142 87.0 1.96 0.01
1608 1752.831 75.1 2.03 -0.00
1609 1753.254 54.6 2.01 0.02
1610 1755.016 49.5 1.96 -0.05
1611 1756.101 59.7 2.05 -0.03
1612 1757.152 73.4 2.05 -0.11
1613 1757.692 78.5 2.03 -0.08
1614 1759.276 73.4 2.09 -0.04
1615 1759.371 68.3 2.05 -0.04
1616 1759.514 54.6 2.00 0.02
1617 1760.020 54.6 2.04 -0.07
1618 1760.313 75.1 2.00 -0.11
1619 1762.805 80.2 1.98 -0.04
1620 1763.119 44.4 2.00 -0.06
1621 1763.597 66.6 2.07 -0.07
1622 1765.338 42.7 2.09 -0.16
1623 1765.570 64.9 2.16 -0.17
1624 1766.266 90.5 2.11 -0.20
1625 1767.584 88.7 2.17 0.09
1626 1767.911 47.8 2.07 0.04
1627 1768.785 58.0 2.08 0.12
1628 1769.092 85.3 2.13 0.04
1629 1770.799 85.3 2.14 0.03
1630 1774.656 68.3 1.96 -0.05
1631 1775.236 93.9 1.90 -0.03
1632 1776.110 56.3 1.88 0.04
1633 1777.025 88.7 2.03 0.12
1634 1777.168 59.7 2.04 0.14
1635 1777.612 75.1 1.99 0.19
1636 1778.772 88.7 2.08 0.14
1637 1779.428 64.9 1.98 0.19
1638 1779.530 68.3 2.05 0.10
1639 1779.919 85.3 2.00 0.07
1640 1781.257 102.4 2.07 0.04
1641 1781.455 59.7 2.04 0.05
1642 1782.705 54.6 2.00 0.05
1643 1782.828 68.3 2.02 0.05
1644 1783.346 51.2 2.05 0.25
1645 1783.701 46.1 2.02 0.12
1646 1784.589 70.0 2.05 0.08
1647 1784.807 18.8 1.99 0.11
1648 1786.009 88.7 1.90 0.05
1649 1786.282 58.0 1.89 0.06
1650 1786.637 88.7 1.90 0.05
1651 1788.227 70.0 2.03 0.14
1652 1788.343 100.7 1.86 0.07
1653 1791.948 100.7 1.94 -0.01
1654 1793.040 112.6 2.06 0.10
1655 1793.948 75.1 2.13 0.15
1656 1794.440 68.3 2.12 0.16
1657 1794.706 51.2 2.11 0.15
1658 1795.730 64.9 2.16 0.13
1659 1795.942 78.5 2.13 0.19
1660 1796.112 64.9 2.08 0.18
1661 1796.774 54.6 2.07 0.16
1662 1802.236 75.1 2.13 0.14
1663 1802.850 95.6 2.12 0.09
1664 1803.499 83.6 2.06 0.10
1665 1804.468 54.6 2.02 0.07
1666 1805.383 73.4 1.97 0.03
1667 1805.711 88.7 2.05 0.07
1668 1805.915 70.0 1.95 0.14
1669 1807.212 90.5 2.05 0.04
1670 1807.301 66.6 2.03 0.04
1671 1807.936 59.7 2.05 -0.12
1672 1808.045 73.4 2.05 -0.12
1673 1808.987 64.9 2.10 0.05
1674 1814.408 80.2 2.02 0.07
1675 1817.493 58.0 2.05 0.00
1676 1819.575 104.1 1.98 -0.01
1677 1821.985 143.4 2.03 -0.19
1678 1823.214 63.1 1.92 -0.14
1679 1823.521 66.6 1.93 -0.08
1680 1823.685 63.1 1.98 -0.13
1681 1826.327 66.6 2.00 0.07
1682 1827.658 102.4 1.96 -0.16
1683 1828.860 88.7 1.95 -0.02
1684 1831.631 116.1 1.96 -0.03
1685 1832.300 81.9 1.96 -0.05
1686 1832.451 75.1 2.00 -0.02
1687 1833.393 85.3 2.03 -0.01
1688 1834.744 116.1 1.96 0.00
1689 1835.427 59.7 1.96 0.05
1690 1836.772 88.7 2.06 0.01
1691 1837.100 56.3 2.03 0.01
1692 1839.236 102.4 2.05 -0.09
1693 1839.386 68.3 2.04 -0.08
1694 1839.980 68.3 2.04 -0.06
1695 1840.165 71.7 2.09 -0.01
1696 1840.875 192.9 1.96 -0.05
1697 1844.042 58.0 1.94 -0.11
1698 1844.991 81.9 1.96 -0.06
1699 1845.135 66.6 2.02 -0.11
1700 1845.831 44.4 1.96 0.01
1701 1846.459 81.9 2.00 0.04
1702 1848.241 71.7 1.98 -0.03
1703 1848.889 63.1 1.99 -0.09
1704 1849.142 172.4 1.95 -0.07
1705 1849.292 17.1 2.01 -0.10
1706 1850.022 102.4 1.99 -0.08
1707 1850.138 88.7 1.95 -0.05
1708 1851.074 68.3 1.89 -0.02
1709 1853.190 75.1 1.89 0.01
1710 1854.071 78.5 1.89 -0.03
1711 1855.811 92.2 1.97 0.13
1712 1855.893 46.1 1.96 0.14
1713 1856.576 63.1 2.10 0.13
1714 1858.358 95.6 1.98 -0.01
1715 1858.883 88.7 2.00 0.03
1716 1859.546 75.1 2.01 -0.03
1717 1860.058 59.7 2.02 -0.03
1718 1860.952 95.6 2.07 -0.08
1719 1861.204 88.7 2.12 -0.07
1720 1863.478 68.3 2.08 -0.10
1721 1868.263 81.9 2.16 -0.17
1722 1869.130 71.7 2.04 -0.13
1723 1869.403 73.4 2.08 -0.12
1724 1869.540 70.0 1.98 -0.10
1725 1873.008 66.6 2.06 -0.10
1726 1873.404 68.3 2.14 -0.06
1727 1873.540 88.7 2.11 -0.03
1728 1874.175 70.0 2.13 -0.05
1729 1875.861 68.3 2.13 -0.06
1730 1876.250 104.1 2.16 -0.06
1731 1877.172 88.7 2.14 -0.02
1732 1877.391 78.5 2.13 -0.03
1733 1877.718 66.6 2.17 -0.01
1734 1880.183 143.4 2.02 -0.07
1735 1880.490 80.2 2.07 -0.10
1736 1880.681 64.9 2.09 -0.07
1737 1882.927 81.9 2.22 -0.02
1738 1883.207 78.5 2.22 -0.02
1739 1883.849 56.3 2.17 -0.07
1740 1884.968 49.5 2.17 -0.05
1741 1886.190 78.5 2.20 -0.00
1742 1888.013 75.1 2.15 0.03
1743 1892.648 81.9 2.20 0.02
1744 1894.942 59.7 2.10 -0.08
1745 1895.747 112.6 2.15 0.02
1746 1897.379 88.7 2.21 -0.01
1747 1899.400 75.1 2.27 -0.03
1748 1899.570 88.7 2.26 -0.03
1749 1900.185 78.5 2.19 -0.07
1750 1901.359 29.0 2.14 -0.03
1751 1902.117 80.2 2.17 -0.08
1752 1903.134 52.9 2.12 -0.10
1753 1903.680 109.2 2.17 -0.02
1754 1905.981 88.7 2.13 0.08
1755 1906.479 81.9 2.08 0.06
1756 1906.650 59.7 2.03 0.03
1757 1907.059 66.6 2.02 0.05
1758 1907.667 109.2 2.06 -0.03
1759 1908.527 75.1 2.09 0.04
1760 1909.244 85.3 2.09 0.08
1761 1909.510 81.9 2.07 -0.03
1762 1910.199 68.3 2.15 -0.04
1763 1911.101 70.0 2.18 -0.01
1764 1911.654 78.5 2.04 0.06
1765 1913.326 95.6 2.06 0.06
1766 1914.029 52.9 2.09 0.08
1767 1914.336 117.8 2.11 0.08
1768 1914.971 66.6 2.10 0.04
1769 1915.674 71.7 2.17 0.02
1770 1915.777 37.5 2.06 0.08
1771 1916.657 66.6 2.11 0.08
1772 1916.821 64.9 2.06 0.06
1773 1916.910 68.3 2.04 0.05
1774 1917.347 78.5 2.05 0.09
1775 1917.436 46.1 2.04 0.09
1776 1918.903 71.7 2.05 0.00
1777 1921.306 99.0 2.05 0.09
1778 1921.443 88.7 2.10 0.09
1779 1923.341 59.7 2.09 0.03
1780 1923.989 81.9 2.21 0.13
1781 1924.754 58.0 2.10 0.16
1782 1926.590 51.2 2.21 0.14
1783 1928.515 49.5 2.06 0.12
1784 1928.727 66.6 2.08 0.11
1785 1930.290 122.9 2.05 0.12
1786 1930.666 73.4 2.04 0.09
1787 1930.980 95.6 2.05 0.07
1788 1931.301 56.3 2.07 0.05
1789 1931.417 76.8 2.11 -0.00
1790 1931.512 37.5 2.06 0.07
1791 1935.704 88.7 2.03 0.07
1792 1936.441 95.6 2.03 0.06
1793 1938.892 54.6 2.01 -0.02
1794 1939.131 64.9 2.02 0.04
1795 1940.674 95.6 2.02 0.05
1796 1940.913 75.1 2.01 0.05
1797 1941.780 81.9 2.00 0.02
1798 1943.582 70.0 2.11 0.08
1799 1944.654 126.3 2.09 0.16
1800 1946.060 64.9 2.11 0.12
1801 1946.756 93.9 2.03 0.18
1802 1946.920 58.0 2.13 0.16
1803 1948.722 78.5 2.07 -0.06
1804 1949.644 63.1 2.08 0.06
1805 1950.115 56.3 2.08 0.04
1806 1953.979 80.2 2.17 0.11
1807 1954.634 81.9 2.10 -0.03
1808 1954.757 64.9 2.14 -0.03
1809 1958.457 66.6 2.00 0.02
1810 1958.601 85.3 2.02 -0.00
1811 1959.857 44.4 2.12 0.13
1812 1960.649 81.9 1.97 0.10
1813 1961.597 75.1 2.09 0.10
1814 1965.987 76.8 2.02 0.12
1815 1971.223 39.3 1.94 0.17
1816 1971.510 61.4 2.00 0.10
1817 1971.735 88.7 2.04 0.16
1818 1972.991 71.7 2.04 0.09
1819 1973.489 75.1 2.04 0.16
1820 1974.793 141.7 2.12 -0.01
1821 1978.412 64.9 2.05 0.11
1822 1978.814 134.8 2.03 0.11
1823 1982.289 81.9 2.09 0.03
1824 1984.713 88.7 2.15 0.08
1825 1985.641 59.7 2.08 -0.01
1826 1985.743 52.9 2.09 0.05
1827 1987.334 88.7 2.13 0.08
1828 1988.269 66.6 2.13 -0.02
1829 1990.536 81.9 2.32 0.17
1830 1990.938 54.6 2.22 0.14
1831 1991.805 70.0 2.13 0.10
1832 1992.106 64.9 2.15 0.18
1833 1992.959 68.3 2.08 0.08
1834 1993.744 81.9 2.18 0.01
1835 1993.888 68.3 2.21 -0.01
1836 1994.864 68.3 2.20 0.00
1837 1996.058 78.5 2.20 0.03
1838 1996.468 81.9 2.24 -0.03
1839 1997.943 73.4 2.23 -0.01
1840 2000.578 109.2 2.20 0.04
1841 2000.776 68.3 2.21 0.05
1842 2002.278 70.0 2.10 0.01
1843 2002.585 75.1 2.11 0.00
1844 2003.793 95.6 2.09 0.07
1845 2004.312 109.2 2.14 0.05
1846 2004.708 99.0 2.10 0.08
1847 2005.862 49.5 2.14 0.02
1848 2005.957 95.6 2.18 0.09
1849 2006.940 75.1 2.18 0.11
1850 2007.268 88.7 2.21 0.01
1851 2009.125 78.5 2.12 0.09
1852 2010.183 78.5 2.14 0.01
1853 2011.459 88.7 2.09 0.01
1854 2012.838 134.8 2.15 -0.01
1855 2013.432 70.0 2.15 0.01
1856 2017.105 81.9 2.13 0.13
1857 2017.863 76.8 2.13 0.15
1858 2017.965 61.4 2.10 0.15
1859 2018.177 92.2 2.13 0.11
1860 2019.863 105.8 2.11 0.03
1861 2020.464 136.5 2.14 0.09
1862 2020.655 58.0 2.07 0.06
1863 2021.085 136.5 2.06 0.08
1864 2021.624 85.3 2.05 0.10
1865 2022.403 102.4 2.02 0.06
1866 2024.259 81.9 2.17 -0.02
1867 2024.894 64.9 2.17 0.00
1868 2025.727 63.1 2.22 0.02
1869 2026.615 46.1 2.13 0.03
1870 2029.482 71.7 2.09 0.16
1871 2030.581 66.6 2.09 0.11
1872 2033.632 95.6 2.09 0.02
1873 2035.134 46.1 2.07 0.01
1874 2036.445 81.9 2.12 0.07
1875 2036.841 73.4 2.13 0.10
1876 2037.844 92.2 2.12 0.15
1877 2038.425 71.7 2.14 0.06
1878 2040.200 52.9 2.14 -0.06
1879 2040.459 95.6 2.19 -0.05
1880 2045.053 44.4 2.07 0.05
1881 2045.354 85.3 1.99 0.06
1882 2045.770 51.2 1.99 0.02
1883 2045.989 81.9 2.02 -0.01
1884 2046.255 102.4 2.05 0.02
1885 2047.695 95.6 2.06 0.04
1886 2047.832 63.1 2.03 0.04
1887 2048.562 70.0 2.04 0.05
1888 2049.320 81.9 2.10 0.02
1889 2049.716 109.2 2.11 0.05
1890 2050.283 27.3 2.21 0.12
1891 2051.928 61.4 2.27 0.10
1892 2052.078 88.7 2.27 0.14
1893 2053.164 68.3 2.13 0.18
1894 2054.481 204.8 2.20 0.20
1895 2055.123 41.0 2.15 0.14
1896 2055.280 81.9 2.13 0.13
1897 2056.461 211.6 2.12 0.14
1898 2057.690 99.0 2.25 0.09
1899 2057.990 95.6 2.23 0.04
1900 2059.690 88.7 2.16 0.02
1901 2059.799 78.5 2.18 0.02
1902 2060.564 35.8 2.14 0.02
1903 2061.199 85.3 2.20 -0.02
1904 2064.202 81.9 2.21 0.12
1905 2066.032 70.0 2.24 0.06
1906 2067.233 68.3 2.15 0.12
1907 2068.052 95.6 2.21 0.12
1908 2068.203 64.9 2.22 0.10
1909 2070.367 76.8 2.25 0.17
1910 2073.118 102.4 2.11 0.06
1911 2074.797 78.5 2.20 -0.06
1912 2075.145 75.1 2.23 -0.01
1913 2076.982 102.4 2.29 0.03
1914 2078.197 39.3 2.16 0.17
1915 2078.313 68.3 2.14 0.16
1916 2079.276 88.7 2.13 0.15
1917 2079.610 51.2 2.12 0.16
1918 2081.392 58.0 2.29 0.07
1919 2082.832 44.4 2.15 0.13
1920 2084.020 88.7 2.16 0.16
1921 2084.116 78.5 2.16 0.16
1922 2084.198 59.7 2.17 0.10
1923 2085.474 51.2 2.12 0.07
1924 2086.095 59.7 2.17 0.10
1925 2087.529 92.2 2.24 0.19
1926 2087.761 44.4 2.12 0.14
1927 2088.573 116.1 2.19 0.12
1928 2089.092 70.0 2.22 0.10
1929 2092.246 68.3 2.17 0.09
1930 2093.120 107.5 2.20 0.13
1931 2094.356 68.3 2.12 0.08
1932 2095.325 90.5 2.10 0.05
1933 2095.680 133.1 2.11 0.02
1934 2096.738 52.9 2.09 0.02
1935 2097.100 64.9 2.11 0.04
1936 2098.008 61.4 2.11 0.02
1937 2100.111 63.1 2.06 0.20
1938 2100.493 112.6 2.04 0.20
1939 2100.711 109.2 1.98 0.16
1940 2100.855 64.9 2.02 0.14
1941 2101.169 78.5 2.03 0.12
1942 2103.544 71.7 2.08 0.17
1943 2104.568 110.9 2.02 0.11
1944 2106.063 41.0 2.13 0.13
1945 2107.388 170.7 2.04 0.08
1946 2108.323 95.6 1.95 0.14
1947 2108.801 90.5 1.98 0.20
1948 2109.620 88.7 2.00 0.14
1949 2111.095 81.9 1.93 0.15
1950 2114.303 88.7 2.07 0.06
1951 2114.412 88.7 2.05 -0.04
1952 2118.652 109.2 2.13 -0.03
1953 2119.027 73.4 2.12 -0.06
1954 2121.444 71.7 2.16 -0.02
1955 2122.598 81.9 2.14 -0.03
1956 2124.495 78.5 2.19 0.03
1957 2124.871 71.7 2.20 0.02
1958 2125.806 56.3 2.15 0.05
1959 2127.574 114.3 2.19 0.04
1960 2129.847 75.1 2.26 -0.10
1961 2130.100 35.8 2.22 -0.05
1962 2130.394 73.4 2.23 -0.11
1963 2131.663 71.7 2.18 0.00
1964 2132.865 95.6 2.17 -0.04
1965 2133.705 35.8 2.06 -0.10
1966 2134.339 100.7 2.10 -0.11
1967 2134.769 102.4 2.10 -0.10
1968 2134.967 71.7 2.07 -0.06
1969 2136.026 75.1 2.11 -0.05
1970 2136.975 87.0 2.10 -0.01
1971 2137.575 70.0 2.06 -0.00
1972 2137.876 88.7 2.06 0.01
1973 2138.415 68.3 2.08 -0.06
1974 2138.640 52.9 2.09 -0.07
1975 2138.763 75.1 2.09 -0.07
1976 2139.787 35.8 2.09 -0.07
1977 2140.347 68.3 2.21 -0.12
1978 2141.214 68.3 2.17 -0.12
1979 2142.054 39.3 2.13 -0.14
1980 2142.129 80.2 2.15 -0.08
1981 2143.064 46.1 2.13 -0.13
1982 2143.385 63.1 2.13 -0.17
1983 2143.671 87.0 2.12 -0.14
1984 2143.863 49.5 2.11 -0.11
1985 2143.938 46.1 2.14 -0.13
1986 2144.067 150.2 2.04 -0.14
1987 2144.750 81.9 2.10 -0.07
1988 2147.037 66.6 2.10 -0.11
1989 2147.624 76.8 2.10 -0.14
1990 2148.109 102.4 2.14 -0.03
1991 2150.607 51.2 2.24 -0.06
1992 2151.085 85.3 2.19 -0.12
1993 2151.508 85.3 2.12 -0.06
1994 2153.263 75.1 2.23 -0.05
1995 2154.799 56.3 2.14 -0.17
1996 2155.420 107.5 2.10 -0.14
1997 2155.564 64.9 2.07 -0.17
1998 2158.840 85.3 1.97 -0.04
1999 2161.059 100.7 2.01 -0.00
2000 2162.226 44.4 2.13 -0.11
