1 0.405 66.6 2.15 -0.12
2 1.382 61.4 2.10 -0.11
3 1.798 93.9 2.05 0.05
4 2.911 44.4 1.94 0.04
5 3.034 44.4 1.93 0.00
6 3.081 32.4 1.98 -0.01
7 6.727 71.7 2.07 0.09
8 7.375 81.9 1.95 0.09
9 8.973 95.6 1.87 0.05
10 10.557 184.3 1.91 -0.06
11 13.192 102.4 1.97 0.12
12 14.898 22.2 1.97 0.01
13 14.960 18.8 1.92 0.01
14 15.062 54.6 1.97 -0.01
15 15.683 114.3 2.03 0.08
16 17.472 47.8 2.01 0.09
17 17.745 68.3 2.07 0.02
18 19.404 63.1 2.12 -0.10
19 20.769 99.0 1.95 0.06
20 21.759 81.9 1.89 0.03
21 22.565 81.9 1.96 0.08
22 24.067 68.3 1.98 0.07
23 24.510 75.1 1.93 -0.01
24 25.077 105.8 1.97 -0.02
25 25.876 64.9 2.01 0.03
26 26.074 39.3 2.02 -0.27
27 26.176 66.6 1.93 0.00
28 26.988 80.2 1.89 0.00
29 29.985 58.0 1.84 -0.10
30 30.552 56.3 1.81 -0.05
31 31.371 80.2 1.84 -0.04
32 32.265 88.7 1.87 0.04
33 32.552 70.0 1.83 0.02
34 33.303 112.6 1.81 0.03
35 34.429 78.5 1.81 0.00
36 37.481 64.9 2.04 0.09
37 37.815 61.4 2.00 0.14
38 38.177 61.4 2.02 0.19
39 38.327 87.0 2.01 0.20
40 39.153 80.2 2.05 0.07
41 39.297 75.1 2.06 0.11
42 39.440 88.7 2.09 0.12
43 41.911 51.2 2.08 0.17
44 42.150 141.7 2.14 0.13
45 43.700 75.1 2.10 0.13
46 45.154 68.3 2.09 0.12
47 46.069 63.1 2.12 0.16
48 46.888 47.8 2.09 0.16
49 47.639 99.0 2.10 0.04
50 49.346 75.1 2.12 0.10
51 49.578 49.5 2.12 0.10
52 50.247 102.4 2.18 0.08
53 50.377 81.9 2.06 0.08
54 51.414 99.0 2.07 0.09
55 52.657 75.1 2.01 0.05
56 53.128 75.1 2.03 0.07
57 54.104 81.9 2.07 0.12
58 54.466 107.5 2.04 0.09
59 54.828 61.4 2.17 0.09
60 55.039 104.1 2.12 0.12
61 55.142 66.6 2.14 0.11
62 57.497 102.4 2.04 0.12
63 59.169 81.9 2.06 0.16
64 59.299 61.4 2.08 0.11
65 61.647 71.7 2.14 0.09
66 61.893 73.4 2.13 0.07
67 62.310 76.8 2.14 0.11
68 64.139 68.3 2.14 0.12
69 64.617 95.6 2.11 0.12
70 67.341 68.3 2.11 -0.01
71 68.925 78.5 2.11 0.03
72 70.515 70.0 2.02 0.05
73 71.020 71.7 2.04 0.07
74 71.867 63.1 1.94 0.20
75 73.157 102.4 2.04 0.10
76 73.355 41.0 2.07 0.08
77 73.799 110.9 2.00 0.11
78 75.157 58.0 2.04 0.09
79 76.052 64.9 2.00 0.11
80 76.734 63.1 1.96 0.14
81 77.041 81.9 1.97 0.11
82 77.274 58.0 2.05 0.09
83 77.963 37.5 2.02 0.13
84 78.072 54.6 2.01 0.13
85 79.055 61.4 2.09 0.12
86 79.410 78.5 2.05 0.09
87 79.943 68.3 2.06 0.15
88 80.271 70.0 2.04 0.12
89 82.510 92.2 2.00 0.08
90 86.223 122.9 2.11 0.08
91 86.933 129.7 2.05 0.06
92 87.295 75.1 2.06 0.09
93 87.807 73.4 2.04 0.08
94 88.046 122.9 2.02 0.16
95 88.360 63.1 2.07 0.12
96 89.063 64.9 1.99 0.18
97 89.903 56.3 2.02 0.15
98 89.978 56.3 2.08 0.11
99 90.074 73.4 2.09 0.11
100 90.162 44.4 2.09 0.08
101 90.954 88.7 2.08 0.18
102 91.459 95.6 2.11 0.09
103 92.920 81.9 2.16 0.14
104 93.596 92.2 2.11 0.12
105 94.292 81.9 2.13 0.12
106 96.579 68.3 2.09 0.12
107 98.491 85.3 2.13 0.07
108 100.948 59.7 2.05 0.07
109 101.078 66.6 2.06 0.07
110 101.815 95.6 1.95 0.03
111 103.522 63.1 2.03 0.08
112 103.768 68.3 1.99 0.03
113 104.621 114.3 2.02 0.11
114 106.232 102.4 2.23 0.07
115 107.693 75.1 2.09 0.20
116 108.185 68.3 2.10 0.16
117 109.837 56.3 1.94 0.09
118 111.625 71.7 2.13 0.05
119 112.540 80.2 2.09 0.02
120 112.697 78.5 2.05 0.02
121 113.441 88.7 2.01 0.13
122 117.210 99.0 2.20 0.02
123 117.708 88.7 2.11 0.05
124 117.967 64.9 2.18 -0.01
125 118.165 58.0 2.13 -0.02
126 120.944 54.6 2.11 0.10
127 121.005 30.7 2.12 0.10
128 121.374 81.9 2.08 0.14
129 122.985 68.3 2.09 0.10
130 123.360 99.0 2.07 0.13
131 123.688 66.6 2.07 0.12
132 124.016 66.6 2.07 0.09
133 124.808 78.5 2.05 0.15
134 126.603 68.3 2.04 -0.05
135 126.781 78.5 2.05 -0.09
136 127.695 73.4 2.11 0.01
137 128.276 78.5 1.96 -0.05
138 129.143 78.5 2.01 -0.13
139 129.805 68.3 2.15 0.05
140 130.214 75.1 2.14 0.04
141 131.020 51.2 2.15 0.01
142 131.614 59.7 2.16 0.05
143 132.925 95.6 2.06 0.09
144 135.457 61.4 2.04 0.04
145 136.502 83.6 2.06 0.01
146 136.577 44.4 2.03 0.03
147 136.816 61.4 2.05 0.06
148 137.778 61.4 2.11 0.04
149 138.727 105.8 2.06 0.03
150 139.779 37.5 2.01 0.06
151 140.386 90.5 2.04 0.06
152 140.878 61.4 2.04 0.03
153 141.001 44.4 2.07 -0.01
154 142.380 88.7 1.97 0.05
155 142.653 61.4 2.08 0.06
156 143.089 75.1 2.15 0.15
157 143.247 49.5 2.02 -0.02
158 143.520 88.7 2.06 0.14
159 145.035 92.2 1.98 0.01
160 145.349 76.8 1.95 0.03
161 145.445 75.1 1.96 0.03
162 145.793 70.0 2.00 -0.01
163 147.158 102.4 2.03 0.08
164 147.602 139.9 2.01 0.07
165 148.831 88.7 2.02 0.02
166 150.681 49.5 2.02 0.13
167 153.773 88.7 1.96 0.24
168 155.220 39.3 1.96 0.17
169 156.115 97.3 1.97 0.14
170 156.777 71.7 2.03 0.17
171 156.893 75.1 1.98 0.17
172 158.955 153.6 1.91 0.12
173 160.143 68.3 1.97 0.12
174 161.255 75.1 1.96 0.17
175 162.894 100.7 2.02 0.22
176 164.471 117.8 2.20 0.16
177 164.983 42.7 2.17 0.25
178 165.795 116.1 2.15 0.24
179 166.054 78.5 2.18 0.24
180 166.129 56.3 2.09 0.25
181 166.389 78.5 2.07 0.22
182 166.935 81.9 2.18 0.23
183 167.167 128.0 2.04 0.19
184 167.884 71.7 2.12 0.25
185 168.389 75.1 2.04 0.25
186 168.567 64.9 2.07 0.25
187 168.901 124.6 2.04 0.33
188 169.898 88.7 2.11 0.25
189 170.519 70.0 2.06 0.18
190 170.970 61.4 2.03 0.26
191 171.447 56.3 2.02 0.23
192 171.584 68.3 2.06 0.20
193 174.301 116.1 2.09 0.21
194 174.991 58.0 2.06 0.24
195 176.643 95.6 2.03 -0.06
196 176.738 68.3 2.01 -0.05
197 177.708 92.2 2.08 0.09
198 178.677 61.4 2.14 0.14
199 179.148 61.4 2.08 0.12
200 179.496 32.4 2.12 0.12
201 179.680 78.5 2.11 0.14
202 179.988 68.3 2.14 0.12
203 180.643 75.1 2.03 0.11
204 181.462 63.1 2.10 0.23
205 182.425 88.7 2.12 0.22
206 182.937 85.3 2.14 0.20
207 184.316 88.7 1.97 0.13
208 187.517 73.4 2.00 0.09
209 188.227 81.9 2.02 0.18
210 188.746 75.1 1.97 0.19
211 189.156 95.6 1.97 0.17
212 189.327 78.5 2.03 0.17
213 189.579 68.3 1.98 0.16
214 190.378 66.6 1.99 0.11
215 192.207 39.3 1.98 0.09
216 192.583 90.5 1.95 0.10
217 193.368 150.2 2.07 0.13
218 193.545 88.7 2.00 0.15
219 193.948 102.4 1.98 0.21
220 194.092 56.3 2.10 0.14
221 194.167 51.2 2.05 0.11
222 195.628 63.1 1.96 0.12
223 199.116 54.6 2.05 0.16
224 199.246 68.3 2.01 0.18
225 200.106 49.5 2.03 0.16
226 203.430 95.6 1.89 -0.07
227 204.673 105.8 2.10 0.00
228 205.663 85.3 1.97 0.00
229 206.673 73.4 2.01 0.05
230 206.946 51.2 1.99 0.00
231 207.192 80.2 1.96 0.02
232 207.704 59.7 1.96 0.00
233 208.687 109.2 1.88 0.14
234 209.786 68.3 1.86 0.13
235 210.066 97.3 1.87 0.15
236 211.049 61.4 1.94 0.19
237 212.093 80.2 1.95 0.20
238 213.152 73.4 1.96 0.05
239 213.520 71.7 1.85 0.03
240 216.046 51.2 2.07 0.11
241 217.732 95.6 2.03 0.07
242 218.128 88.7 2.03 0.13
243 218.838 102.4 2.06 0.00
244 220.982 64.9 1.94 -0.01
245 221.630 102.4 1.96 0.02
246 222.006 105.8 1.95 0.00
247 223.460 68.3 1.81 0.02
248 224.122 129.7 1.94 0.06
249 224.327 78.5 1.82 0.05
250 226.081 68.3 1.88 0.06
251 226.798 88.7 1.76 -0.13
252 227.884 81.9 2.01 -0.03
253 228.525 81.9 2.02 -0.12
254 229.597 85.3 1.96 0.05
255 229.761 88.7 1.99 0.05
256 231.099 71.7 2.12 0.03
257 237.236 121.2 2.02 0.04
258 238.608 64.9 2.02 -0.00
259 238.690 52.9 2.04 -0.00
260 238.895 129.7 2.04 -0.07
261 239.352 95.6 2.05 -0.02
262 239.598 75.1 2.06 -0.05
263 239.851 75.1 2.08 -0.03
264 240.219 63.1 2.10 -0.06
265 243.059 85.3 2.06 -0.05
266 245.551 73.4 2.11 0.10
267 249.749 52.9 2.07 0.25
268 249.811 39.3 2.12 0.24
269 250.732 81.9 2.07 0.23
270 251.176 85.3 2.08 0.19
271 253.531 93.9 1.92 -0.01
272 256.214 75.1 1.99 0.02
273 258.208 102.4 2.06 0.02
274 259.443 104.1 2.14 0.05
275 261.716 68.3 1.93 0.06
276 262.290 75.1 2.00 0.09
277 263.833 71.7 2.03 0.10
278 265.171 102.4 2.08 0.02
279 266.611 66.6 2.11 0.12
280 266.789 56.3 2.08 0.14
281 268.639 70.0 2.08 -0.02
282 268.762 49.5 2.13 -0.05
283 269.007 58.0 2.17 -0.01
284 269.615 75.1 2.13 -0.02
285 270.195 68.3 2.22 0.03
286 271.117 85.3 2.17 0.04
287 271.916 75.1 2.21 0.05
288 272.912 88.7 2.13 0.10
289 273.056 73.4 2.18 0.07
290 273.923 71.7 2.10 0.04
291 274.011 63.1 2.00 0.04
292 275.240 81.9 1.93 -0.13
293 275.404 88.7 1.96 -0.12
294 279.807 102.4 2.01 -0.10
295 280.032 75.1 1.97 -0.13
296 281.336 81.9 2.06 0.03
297 284.442 85.3 1.93 -0.05
298 285.610 75.1 2.08 -0.06
299 285.937 68.3 2.03 0.18
300 287.849 88.7 2.12 0.06
301 289.590 64.9 2.26 0.14
302 290.211 68.3 2.16 0.01
303 290.832 75.1 2.12 -0.01
304 291.064 75.1 2.18 0.16
305 291.610 81.9 2.24 0.24
306 291.720 75.1 2.24 0.24
307 292.887 68.3 2.23 0.18
308 293.017 68.3 2.17 0.18
309 293.242 56.3 2.22 0.15
310 294.129 58.0 2.13 0.11
311 294.546 92.2 2.19 0.07
312 296.082 70.0 2.20 0.16
313 296.492 109.2 2.16 0.13
314 297.161 63.1 2.19 0.12
315 298.239 136.5 2.20 0.05
316 299.058 78.5 2.20 0.07
317 301.571 59.7 2.32 0.12
318 302.588 88.7 2.22 0.15
319 303.011 59.7 2.16 0.09
320 303.776 47.8 2.23 0.05
321 306.069 87.0 2.18 0.21
322 306.854 80.2 2.17 0.22
323 307.428 95.6 2.12 0.19
324 309.838 116.1 2.08 0.15
325 312.022 51.2 2.13 0.17
326 312.179 56.3 2.22 0.14
327 315.729 95.6 1.99 0.14
328 317.613 68.3 1.99 0.26
329 318.112 59.7 1.97 0.23
330 319.299 59.7 2.06 0.25
331 321.873 109.2 2.00 0.21
332 322.310 81.9 2.02 0.25
333 322.726 81.9 2.01 0.23
334 323.484 81.9 1.93 0.19
335 326.160 61.4 1.87 0.17
336 327.157 136.5 1.89 0.27
337 327.457 58.0 1.90 0.27
338 328.550 81.9 1.88 0.32
339 329.744 75.1 1.97 0.28
340 330.577 81.9 1.96 0.30
341 331.663 71.7 1.91 0.36
342 332.844 58.0 2.04 0.38
343 336.161 85.3 1.93 0.32
344 337.274 75.1 1.91 0.35
345 337.868 81.9 1.95 0.38
346 339.472 46.1 2.01 0.19
347 339.609 102.4 2.12 0.21
348 339.841 49.5 2.03 0.25
349 340.209 75.1 2.11 0.25
350 341.322 102.4 2.06 0.30
351 342.278 52.9 2.18 0.17
352 342.387 68.3 2.19 0.17
353 342.558 58.0 2.14 0.20
354 342.879 42.7 2.12 0.27
355 343.193 42.7 2.13 0.31
356 345.364 68.3 2.04 0.17
357 347.016 100.7 1.99 0.05
358 347.159 95.6 2.02 0.06
359 347.889 102.4 2.00 0.06
360 348.572 78.5 1.97 0.07
361 348.736 78.5 2.03 0.10
362 351.289 58.0 2.02 0.18
363 352.559 88.7 2.03 0.10
364 355.720 102.4 2.06 0.02
365 355.931 102.4 1.91 0.06
366 359.072 76.8 1.98 0.03
367 360.744 109.2 1.88 0.05
368 361.249 61.4 1.87 -0.02
369 361.618 92.2 1.92 -0.03
370 364.028 76.8 2.03 -0.03
371 365.885 75.1 1.96 0.08
372 366.021 68.3 1.95 0.08
373 367.851 68.3 2.03 0.09
374 368.704 46.1 1.98 -0.03
375 368.786 51.2 2.04 -0.03
376 372.404 163.8 2.13 0.06
377 372.684 87.0 2.05 0.12
378 375.305 102.4 2.15 0.10
379 375.906 109.2 2.05 0.04
380 376.493 41.0 1.94 0.02
381 376.657 126.3 2.08 -0.00
382 377.353 107.5 2.06 0.00
383 377.647 191.1 2.06 -0.01
384 378.152 81.9 2.04 -0.02
385 379.183 66.6 1.97 -0.04
386 380.132 87.0 2.01 0.15
387 384.658 76.8 2.01 0.16
388 384.788 78.5 1.96 0.16
389 385.088 95.6 1.94 0.17
390 385.190 58.0 2.00 0.17
391 386.023 83.6 2.06 0.14
392 388.672 102.4 2.14 0.14
393 388.966 58.0 2.13 0.21
394 390.112 68.3 2.12 0.17
395 391.505 73.4 2.06 0.22
396 393.191 68.3 2.00 0.02
397 393.498 75.1 2.01 -0.01
398 393.615 54.6 2.00 -0.04
399 395.519 75.1 2.00 0.09
400 396.591 100.7 1.94 0.10
401 398.646 107.5 1.94 0.01
402 399.151 81.9 1.96 0.02
403 399.670 73.4 2.05 0.06
404 401.895 66.6 2.08 0.13
405 402.039 71.7 2.11 0.13
406 403.083 81.9 2.06 0.12
407 403.397 70.0 2.06 0.16
408 404.032 136.5 2.04 0.08
409 404.906 88.7 2.09 0.15
410 405.636 59.7 2.07 0.14
411 405.855 95.6 2.07 0.17
412 406.544 85.3 2.05 0.16
413 407.493 68.3 2.06 0.08
414 408.265 109.2 1.98 0.18
415 408.381 85.3 1.89 0.17
416 408.770 46.1 1.92 0.20
417 410.381 61.4 1.98 0.11
418 411.139 102.4 1.96 0.12
419 411.439 46.1 1.95 0.18
420 413.200 54.6 1.86 0.07
421 413.787 109.2 1.86 0.00
422 415.364 75.1 1.92 -0.05
423 415.671 112.6 1.88 0.08
424 416.375 121.2 1.94 -0.03
425 416.989 61.4 1.93 0.01
426 418.095 56.3 1.85 0.05
427 418.532 102.4 1.90 0.05
428 418.976 88.7 1.89 -0.08
429 419.372 68.3 1.86 -0.08
430 419.836 88.7 1.86 -0.05
431 420.095 85.3 1.86 -0.09
432 423.242 81.9 1.99 -0.08
433 423.358 75.1 1.95 0.12
434 423.468 81.9 2.04 -0.09
435 425.195 104.1 1.98 -0.02
436 425.816 81.9 1.86 -0.02
437 430.567 68.3 1.95 0.14
438 431.298 122.9 1.91 0.27
439 434.684 61.4 1.84 0.01
440 435.530 56.3 2.25 0.04
441 435.578 23.9 2.28 0.06
442 437.332 75.1 2.29 0.12
443 439.947 131.4 2.18 0.14
444 442.275 95.6 2.07 0.09
445 442.862 76.8 2.13 0.12
446 444.630 93.9 2.20 0.22
447 445.586 68.3 2.22 0.20
448 445.893 81.9 2.22 0.07
449 447.852 102.4 2.17 0.06
450 448.105 42.7 2.13 0.03
451 448.166 47.8 2.10 0.05
452 448.672 85.3 2.02 0.03
453 448.835 64.9 1.96 0.09
454 450.535 35.8 2.12 0.19
455 452.133 105.8 2.20 0.19
456 452.228 61.4 2.26 0.17
457 453.491 75.1 2.13 0.03
458 454.222 81.9 2.08 0.03
459 455.594 78.5 2.06 0.08
460 457.055 64.9 2.09 0.22
461 457.444 88.7 2.03 0.12
462 457.915 102.4 2.08 0.13
463 458.536 68.3 2.05 0.15
464 459.151 85.3 2.07 0.19
465 459.232 76.8 2.09 0.19
466 459.601 56.3 2.11 0.22
467 460.038 71.7 2.01 0.28
468 460.495 61.4 1.98 0.28
469 461.649 58.0 1.95 0.18
470 462.987 92.2 2.11 0.08
471 465.042 68.3 2.13 0.13
472 467.383 95.6 2.13 0.18
473 472.613 61.4 2.15 0.06
474 475.002 71.7 2.13 0.09
475 475.241 76.8 2.16 0.07
476 475.500 63.1 2.21 0.05
477 476.552 75.1 2.09 0.17
478 481.378 87.0 2.01 0.12
479 482.580 59.7 1.99 0.16
480 483.870 95.6 1.99 0.23
481 484.327 88.7 1.99 0.12
482 484.921 88.7 2.02 0.20
483 486.696 68.3 2.00 0.04
484 488.403 80.2 2.06 0.04
485 489.174 110.9 2.02 0.10
486 489.993 49.5 2.00 0.05
487 490.219 75.1 1.99 0.03
488 490.369 76.8 2.00 0.03
489 492.956 204.8 1.88 0.11
490 493.803 88.7 1.93 0.07
491 494.130 64.9 1.87 0.04
492 494.444 49.5 1.97 0.10
493 494.970 59.7 2.00 0.11
494 495.202 88.7 2.00 0.14
495 495.400 81.9 1.96 0.10
496 495.769 68.3 2.00 0.08
497 496.963 58.0 1.97 0.02
498 497.544 93.9 1.88 -0.01
499 498.486 58.0 2.01 0.11
500 499.189 73.4 2.01 0.12
501 499.851 75.1 1.93 0.17
502 500.315 93.9 1.95 0.11
503 500.575 75.1 1.98 0.13
504 500.971 85.3 2.06 0.16
505 501.087 68.3 2.04 0.21
506 502.165 61.4 2.04 0.18
507 505.428 68.3 1.99 0.12
508 507.053 122.9 1.91 0.10
509 507.552 109.2 1.96 0.10
510 509.040 83.6 1.88 0.19
511 509.606 81.9 1.86 0.01
512 509.839 78.5 1.98 0.11
513 511.955 58.0 1.82 0.17
514 512.091 64.9 1.81 0.17
515 512.235 99.0 1.91 0.17
516 512.439 81.9 1.85 0.22
517 513.737 81.9 1.84 0.20
518 513.996 47.8 1.80 0.16
519 514.269 81.9 1.85 0.14
520 515.293 35.8 1.83 0.18
521 515.375 78.5 1.91 0.20
522 516.262 100.7 1.94 0.10
523 520.072 81.9 1.70 0.14
524 522.434 64.9 1.84 0.05
525 526.973 81.9 1.79 -0.12
526 527.854 88.7 1.84 -0.05
527 528.660 63.1 1.80 0.17
528 529.649 80.2 1.82 0.11
529 531.028 99.0 1.99 0.10
530 531.104 23.9 2.03 0.11
531 531.206 78.5 1.74 0.11
532 534.244 92.2 1.97 0.27
533 534.886 114.3 1.95 0.13
534 535.063 68.3 1.74 0.11
535 536.094 100.7 1.88 0.06
536 543.760 88.7 1.98 0.33
537 544.709 49.5 1.90 0.29
538 545.665 95.6 1.89 0.17
539 545.801 88.7 1.92 0.23
540 546.320 88.7 1.93 0.22
541 546.607 88.7 1.92 0.23
542 547.283 109.2 1.81 0.19
543 549.413 75.1 1.90 0.11
544 549.652 61.4 1.96 0.10
545 550.532 78.5 2.05 0.13
546 551.420 97.3 1.89 0.42
547 551.904 68.3 1.93 -0.00
548 552.143 75.1 1.91 0.05
549 554.185 61.4 1.87 0.11
550 554.744 68.3 1.86 0.08
551 555.352 83.6 1.83 0.09
552 555.850 75.1 1.97 0.08
553 556.417 51.2 1.92 0.10
554 557.052 102.4 2.00 0.04
555 557.236 73.4 1.96 0.09
556 558.021 85.3 1.90 -0.01
557 558.233 88.7 1.96 0.08
558 561.196 109.2 1.90 0.09
559 562.349 83.6 2.05 -0.07
560 562.493 76.8 2.00 -0.07
561 562.636 54.6 1.96 -0.09
562 563.715 63.1 1.92 -0.02
563 563.831 73.4 1.90 -0.02
564 563.974 85.3 1.94 -0.07
565 564.131 88.7 2.02 0.00
566 565.203 121.2 1.99 0.10
567 566.595 54.6 2.07 -0.01
568 566.780 70.0 2.10 -0.12
569 567.408 75.1 1.99 -0.11
570 569.367 61.4 1.95 0.02
571 569.667 116.1 2.07 -0.03
572 569.947 88.7 2.06 0.06
573 570.801 81.9 2.04 0.10
574 571.306 75.1 2.03 0.05
575 571.654 81.9 2.03 -0.03
576 571.900 85.3 2.02 0.13
577 573.101 68.3 2.12 0.16
578 573.996 71.7 1.94 0.04
579 576.692 81.9 1.90 -0.04
580 577.443 126.3 1.87 0.11
581 577.743 81.9 1.87 0.10
582 578.412 68.3 2.02 0.17
583 578.549 73.4 1.98 0.17
584 579.628 63.1 1.86 0.13
585 579.757 129.7 1.88 0.19
586 580.556 85.3 1.91 0.20
587 581.266 85.3 1.97 0.20
588 581.471 75.1 1.96 0.15
589 582.112 68.3 1.86 -0.08
590 582.549 68.3 2.11 0.05
591 582.727 61.4 2.10 -0.00
592 582.850 64.9 2.06 0.07
593 583.532 56.3 2.08 0.01
594 583.614 66.6 2.08 0.01
595 583.908 87.0 2.00 0.12
596 585.785 68.3 1.89 0.21
597 586.304 68.3 1.82 0.21
598 586.871 75.1 2.00 0.25
599 587.499 56.3 1.85 0.22
600 588.516 51.2 1.92 0.21
601 588.837 51.2 1.92 0.18
602 589.922 88.7 1.98 0.20
603 591.144 52.9 1.93 0.21
604 591.287 56.3 1.99 0.24
605 592.598 49.5 2.08 0.24
606 594.121 75.1 2.09 0.25
607 596.967 81.9 2.07 0.17
608 597.356 58.0 1.97 0.24
609 598.121 68.3 1.98 0.31
610 600.551 61.4 1.92 0.24
611 601.002 68.3 2.16 0.28
612 601.104 68.3 1.93 0.27
613 601.295 76.8 1.93 0.28
614 602.674 64.9 2.09 0.32
615 602.913 56.3 2.03 0.35
616 603.535 75.1 2.11 0.30
617 604.593 102.4 2.17 0.38
618 606.934 64.9 2.00 0.33
619 607.098 46.1 1.97 0.30
620 607.289 116.1 2.05 0.25
621 607.753 30.7 1.98 0.23
622 612.307 83.6 1.93 0.07
623 612.498 68.3 1.98 0.11
624 612.832 63.1 1.94 0.07
625 613.822 70.0 1.93 0.01
626 614.273 95.6 1.97 0.00
627 615.153 105.8 2.02 0.10
628 615.358 75.1 2.00 0.08
629 616.123 102.4 2.02 0.04
630 616.676 64.9 2.00 0.09
631 616.799 68.3 1.99 0.10
632 617.413 46.1 1.96 0.08
633 617.516 139.9 1.98 0.10
634 618.799 71.7 1.98 0.09
635 620.383 102.4 2.05 0.02
636 620.622 85.3 1.97 0.10
637 622.178 93.9 1.93 -0.00
638 622.840 80.2 1.91 0.04
639 623.441 44.4 1.89 0.10
640 623.748 44.4 1.98 0.12
641 624.977 116.1 1.94 -0.10
642 625.981 92.2 1.92 -0.06
643 627.401 73.4 1.90 -0.06
644 628.698 80.2 2.03 -0.02
645 630.302 70.0 1.96 -0.10
646 632.650 100.7 1.87 -0.16
647 633.408 81.9 2.03 -0.07
648 635.736 109.2 1.94 -0.06
649 636.378 81.9 1.91 -0.09
650 637.163 107.5 1.85 -0.04
651 638.330 75.1 1.89 -0.11
652 639.764 68.3 2.06 -0.08
653 640.317 95.6 1.96 -0.15
654 642.781 191.1 1.68 -0.00
655 643.341 93.9 1.77 -0.01
656 643.505 129.7 1.80 0.04
657 644.078 51.2 1.89 0.10
658 644.986 150.2 1.86 -0.02
659 646.379 99.0 2.06 -0.07
660 650.365 83.6 1.86 -0.11
661 651.226 122.9 1.80 -0.03
662 652.086 95.6 1.90 0.08
663 652.495 58.0 1.91 0.14
664 652.632 81.9 1.86 0.03
665 653.212 102.4 1.89 0.02
666 655.806 85.3 1.83 0.11
667 655.929 83.6 1.84 -0.03
668 658.359 110.9 1.83 -0.11
669 658.721 81.9 1.80 -0.13
670 660.223 46.1 1.87 -0.06
671 661.022 76.8 1.76 0.02
672 662.435 75.1 1.73 0.13
673 662.626 75.1 1.75 0.17
674 663.520 71.7 1.66 0.08
675 664.108 78.5 1.68 0.05
676 664.524 95.6 1.89 0.10
677 664.640 63.1 1.78 0.05
678 665.084 95.6 1.84 -0.01
679 665.876 116.1 1.83 0.09
680 667.070 73.4 1.76 0.16
681 667.200 44.4 1.73 -0.03
682 667.610 105.8 1.77 -0.01
683 668.920 109.2 1.82 0.08
684 669.412 75.1 1.88 0.00
685 670.395 41.0 1.84 0.01
686 671.057 68.3 1.79 0.05
687 672.764 70.0 1.87 0.08
688 674.341 78.5 1.78 -0.06
689 674.662 88.7 1.84 -0.02
690 674.832 37.5 1.87 0.04
691 674.887 32.4 1.81 0.02
692 675.283 63.1 1.83 0.00
693 675.440 81.9 1.80 0.02
694 676.000 88.7 1.77 -0.02
695 676.553 102.4 1.94 -0.14
696 677.208 167.3 1.96 -0.14
697 677.788 68.3 1.84 -0.18
698 678.621 68.3 1.94 -0.00
699 678.723 68.3 1.94 0.03
700 680.867 90.5 2.15 -0.06
701 681.120 95.6 1.83 0.03
702 681.584 71.7 1.90 0.04
703 684.424 136.5 1.99 -0.12
704 684.745 58.0 1.98 -0.11
705 685.222 148.5 1.98 -0.15
706 686.417 56.3 1.92 -0.15
707 686.690 17.1 2.09 -0.08
708 687.182 124.6 2.13 -0.06
709 688.110 88.7 2.03 -0.02
710 688.929 68.3 2.06 0.03
711 689.421 92.2 2.00 -0.03
712 689.721 63.1 1.98 -0.06
713 690.711 59.7 1.93 -0.03
714 691.947 63.1 1.79 -0.11
715 692.623 95.6 1.86 -0.03
716 695.490 81.9 1.82 0.03
717 695.640 87.0 1.82 -0.06
718 695.790 71.7 1.82 -0.01
719 696.043 92.2 1.78 -0.04
720 696.623 52.9 1.77 -0.13
721 696.725 59.7 1.77 -0.18
722 697.347 145.1 1.81 0.05
723 697.483 105.8 1.84 0.06
724 697.790 71.7 1.83 0.04
725 699.517 109.2 1.91 0.02
726 701.415 95.6 1.73 0.02
727 704.064 56.3 1.65 0.01
728 704.583 46.1 1.69 -0.09
729 705.129 129.7 1.67 0.09
730 705.620 71.7 1.77 -0.06
731 706.276 58.0 1.77 -0.04
732 706.515 68.3 1.76 -0.03
733 706.665 95.6 1.72 -0.03
734 709.068 81.9 1.74 0.05
735 710.686 68.3 1.98 -0.05
736 711.437 39.3 1.98 -0.01
737 711.628 102.4 1.98 -0.04
738 712.256 56.3 1.88 -0.04
739 712.331 93.9 2.03 0.06
740 713.382 71.7 2.06 0.10
741 713.758 71.7 2.08 0.09
742 715.301 75.1 1.96 0.09
743 717.076 75.1 1.87 0.10
744 719.192 70.0 2.12 -0.02
745 722.646 85.3 2.06 0.07
746 722.988 87.0 2.08 0.01
747 723.110 114.3 2.11 0.01
748 723.288 51.2 2.08 -0.01
749 723.383 56.3 2.08 0.03
750 724.899 61.4 1.92 0.11
751 725.111 129.7 1.83 0.04
752 726.005 92.2 2.07 0.06
753 726.182 42.7 2.08 0.10
754 727.159 35.8 1.99 0.08
755 728.408 61.4 1.94 0.06
756 728.886 83.6 1.86 0.07
757 729.364 92.2 1.92 0.14
758 729.616 37.5 1.91 0.05
759 730.790 88.7 1.92 0.17
760 730.913 58.0 1.89 0.03
761 731.193 64.9 1.85 0.00
762 733.139 64.9 2.18 0.26
763 733.726 56.3 2.10 0.21
764 735.078 78.5 2.05 0.29
765 736.655 90.5 1.92 0.01
766 738.348 61.4 2.05 0.19
767 738.477 102.4 2.02 0.10
768 739.706 68.3 1.86 0.06
769 740.655 73.4 1.85 0.27
770 741.713 68.3 1.83 0.14
771 742.082 68.3 1.80 0.11
772 742.778 70.0 1.91 0.14
773 743.044 99.0 1.91 0.23
774 744.464 64.9 1.94 0.29
775 744.901 97.3 1.98 0.21
776 746.519 81.9 1.95 0.13
777 746.669 39.3 2.01 0.17
778 747.570 70.0 2.01 0.07
779 748.936 95.6 1.86 0.08
780 749.311 58.0 1.97 0.14
781 750.451 70.0 2.04 0.23
782 750.833 81.9 1.93 0.26
783 751.448 71.7 1.97 0.15
784 752.144 75.1 1.96 0.16
785 753.680 75.1 1.81 0.06
786 753.974 73.4 1.86 0.06
787 754.909 63.1 1.78 0.00
788 756.035 109.2 1.79 -0.10
789 757.073 78.5 1.74 0.04
790 759.497 95.6 1.91 0.19
791 760.445 95.6 1.87 0.35
792 760.978 88.7 1.95 0.27
793 761.258 75.1 2.04 0.31
794 762.282 76.8 2.00 0.19
795 763.436 51.2 1.90 0.22
796 766.651 85.3 1.91 0.09
797 767.395 71.7 2.01 0.12
798 767.518 59.7 1.93 0.12
799 767.900 163.8 1.88 0.11
800 768.255 85.3 2.01 0.13
801 769.689 81.9 1.92 0.36
802 771.955 68.3 1.84 0.30
803 775.130 95.6 1.90 -0.03
804 776.079 63.1 1.89 0.13
805 776.952 150.2 1.95 0.35
806 778.768 52.9 2.18 0.34
807 780.017 51.2 2.15 0.28
808 780.953 81.9 1.94 0.30
809 781.321 126.3 2.01 0.27
810 782.079 95.6 2.04 0.30
811 782.209 70.0 2.05 0.33
812 784.346 71.7 2.15 0.30
813 785.363 95.6 2.08 0.21
814 785.643 58.0 2.17 0.21
815 786.312 51.2 2.16 0.27
816 786.585 81.9 2.11 0.21
817 787.199 81.9 2.12 0.31
818 787.609 102.4 2.04 0.28
819 789.800 102.4 1.93 0.16
820 792.777 56.3 2.07 0.22
821 793.466 59.7 2.01 0.14
822 793.930 44.4 1.98 0.12
823 795.453 81.9 1.91 0.15
824 797.972 75.1 1.96 0.02
825 799.733 81.9 1.83 0.05
826 800.136 73.4 1.74 0.15
827 800.818 83.6 1.77 0.08
828 803.057 119.5 1.92 -0.04
829 803.979 95.6 1.84 0.06
830 806.273 51.2 1.86 -0.11
831 806.368 93.9 1.89 -0.11
832 806.484 75.1 1.83 -0.08
833 806.812 99.0 1.88 -0.00
834 807.133 81.9 1.89 -0.05
835 809.379 76.8 1.91 0.09
836 809.516 85.3 1.94 0.09
837 809.768 63.1 1.95 0.03
838 809.932 105.8 1.92 0.03
839 810.253 51.2 1.92 0.19
840 810.956 93.9 1.94 -0.00
841 811.366 95.6 1.91 0.04
842 813.584 70.0 2.02 -0.27
843 814.281 63.1 1.87 -0.30
844 815.052 88.7 1.81 -0.09
845 816.363 41.0 1.90 -0.11
846 816.963 71.7 2.00 -0.17
847 817.571 66.6 2.05 -0.09
848 817.783 68.3 2.04 -0.11
849 817.905 88.7 2.06 -0.07
850 818.301 64.9 2.07 -0.14
851 819.087 61.4 2.10 -0.12
852 820.663 76.8 1.85 -0.11
853 822.111 64.9 2.03 -0.05
854 822.445 68.3 2.05 0.01
855 823.203 75.1 1.94 0.01
856 824.705 81.9 2.11 -0.03
857 824.930 87.0 2.10 0.01
858 825.381 32.4 2.11 0.09
859 827.326 102.4 2.17 0.06
860 827.511 64.9 2.21 0.12
861 827.736 100.7 2.15 0.10
862 827.927 81.9 2.17 0.10
863 828.029 63.1 2.19 0.11
864 828.507 76.8 2.11 0.17
865 828.951 80.2 2.16 0.22
866 829.238 83.6 2.13 0.21
867 831.811 97.3 2.21 0.27
868 832.515 71.7 2.22 0.19
869 833.279 75.1 2.10 0.30
870 834.112 73.4 2.01 0.18
871 834.685 64.9 2.00 0.16
872 835.382 73.4 2.12 0.32
873 835.812 64.9 2.00 0.08
874 836.297 51.2 2.01 0.02
875 837.150 73.4 1.94 -0.07
876 838.160 114.3 1.96 0.11
877 838.474 73.4 1.99 0.12
878 840.406 75.1 2.13 0.28
879 841.505 81.9 2.14 0.11
880 844.284 63.1 2.18 0.14
881 845.301 78.5 2.14 0.18
882 845.444 58.0 2.18 0.20
883 845.663 63.1 2.18 0.23
884 846.994 88.7 2.07 0.22
885 849.827 99.0 2.05 0.20
886 849.957 83.6 2.02 0.20
887 850.148 68.3 2.03 0.20
888 851.431 81.9 1.98 0.15
889 852.612 88.7 2.08 0.12
890 857.787 76.8 2.06 0.13
891 859.630 68.3 2.08 0.10
892 861.787 102.4 2.03 0.10
893 864.743 78.5 2.07 0.00
894 865.979 75.1 1.97 0.18
895 867.078 52.9 1.95 0.02
896 867.153 52.9 1.94 0.02
897 867.993 102.4 2.09 0.01
898 868.143 107.5 2.01 0.01
899 868.908 75.1 2.05 -0.06
900 871.584 87.0 2.11 0.05
901 871.775 64.9 2.12 0.13
902 872.218 64.9 2.12 0.11
903 873.113 81.9 2.05 0.02
904 875.352 68.3 2.13 0.06
905 876.273 68.3 2.10 0.04
906 876.506 102.4 2.08 0.03
907 877.707 80.2 2.21 0.05
908 878.629 75.1 2.04 0.15
909 880.950 68.3 2.06 0.12
910 881.107 58.0 2.04 0.08
911 881.960 75.1 2.08 0.13
912 883.510 88.7 2.03 0.06
913 883.674 68.3 2.02 0.08
914 884.909 56.3 1.94 -0.01
915 884.977 46.1 1.94 -0.02
916 885.059 81.9 1.97 0.00
917 885.571 61.4 1.98 0.06
918 887.312 112.6 1.99 0.11
919 888.186 75.1 2.01 0.13
920 888.561 85.3 2.02 0.14
921 888.951 68.3 2.12 0.16
922 889.039 46.1 2.12 0.25
923 889.196 102.4 2.04 0.16
924 889.920 64.9 2.07 0.13
925 891.060 61.4 2.11 0.22
926 893.313 35.8 2.02 0.15
927 893.688 81.9 2.07 0.20
928 898.965 68.3 2.08 0.10
929 901.157 95.6 2.19 0.11
930 901.416 29.0 2.17 0.13
931 901.478 29.0 2.20 0.13
932 901.689 64.9 2.24 0.10
933 902.918 87.0 2.12 0.04
934 903.266 73.4 2.13 0.15
935 905.089 88.7 2.10 0.03
936 906.864 88.7 2.05 0.08
937 908.147 71.7 2.14 0.10
938 908.338 63.1 2.02 0.15
939 908.925 54.6 2.15 0.21
940 910.502 109.2 1.98 0.14
941 914.189 54.6 2.04 0.14
942 916.435 81.9 1.97 0.29
943 919.022 104.1 2.10 0.16
944 919.787 68.3 2.21 0.22
945 919.916 75.1 2.19 0.21
946 920.251 81.9 2.21 0.16
947 920.387 71.7 2.19 0.22
948 921.275 88.7 2.14 0.25
949 921.753 71.7 2.15 0.10
950 924.470 75.1 2.13 0.13
951 928.941 71.7 2.01 -0.08
952 929.085 78.5 2.03 -0.08
953 931.126 64.9 2.09 0.20
954 933.658 102.4 2.11 0.09
955 934.252 56.3 2.10 0.12
956 934.505 75.1 2.10 0.09
957 934.894 52.9 2.23 0.04
958 935.966 68.3 2.15 0.06
959 937.522 78.5 2.13 0.13
960 938.621 81.9 2.04 0.05
961 938.772 58.0 2.06 0.06
962 939.345 83.6 2.02 0.03
963 939.871 102.4 2.11 -0.02
964 940.219 139.9 2.20 -0.03
965 941.140 71.7 2.02 0.01
966 941.721 68.3 2.07 0.08
967 942.301 81.9 2.04 0.07
968 943.468 76.8 2.12 -0.08
969 943.837 81.9 2.09 -0.02
970 944.458 68.3 2.16 0.12
971 945.353 61.4 2.28 0.09
972 945.817 68.3 2.25 0.16
973 946.691 99.0 2.38 0.13
974 949.230 68.3 2.16 0.09
975 949.660 75.1 2.16 0.15
976 950.309 37.5 2.21 0.12
977 952.070 80.2 2.20 0.09
978 952.923 54.6 2.22 0.14
979 954.644 76.8 2.21 0.19
980 957.743 58.0 2.18 0.18
981 959.334 76.8 2.07 0.20
982 960.289 75.1 2.12 0.16
983 961.231 93.9 2.16 0.16
984 961.962 121.2 2.11 0.15
985 962.481 88.7 2.21 0.14
986 963.648 56.3 2.24 0.21
987 963.764 81.9 2.27 0.16
988 964.112 81.9 2.21 0.18
989 967.150 42.7 2.21 0.18
990 968.761 61.4 2.05 0.10
991 969.157 61.4 2.13 0.16
992 970.741 70.0 2.03 0.22
993 971.567 99.0 2.10 0.18
994 973.260 76.8 2.14 0.23
995 975.438 75.1 2.14 0.28
996 975.636 88.7 2.13 0.28
997 975.793 80.2 2.12 0.28
998 976.721 85.3 2.22 0.28
999 978.278 68.3 2.13 0.06
1000 979.991 70.0 2.10 0.21
1001 980.209 87.0 2.10 0.24
1002 981.629 75.1 2.16 0.21
1003 981.916 116.1 2.12 0.21
1004 982.674 80.2 2.12 0.11
1005 983.213 73.4 2.16 0.12
1006 983.712 61.4 2.07 0.16
1007 984.551 68.3 2.05 0.16
1008 985.289 81.9 2.01 0.20
1009 986.818 66.6 2.07 0.09
1010 988.258 73.4 2.15 0.19
1011 988.374 68.3 2.22 0.20
1012 989.965 71.7 2.08 0.18
1013 992.040 80.2 2.09 0.18
1014 992.962 78.5 2.14 0.11
1015 993.590 58.0 2.13 0.10
1016 994.088 102.4 2.14 0.10
1017 994.300 42.7 2.10 0.06
1018 994.354 17.1 2.08 0.06
1019 995.242 95.6 2.13 0.13
1020 995.754 39.3 2.15 0.15
1021 997.897 44.4 2.13 0.12
1022 998.184 71.7 2.16 0.13
1023 998.519 150.2 2.08 0.12
1024 999.331 44.4 2.04 0.18
1025 999.515 126.3 2.08 0.17
1026 999.665 75.1 2.09 0.18
1027 1000.423 87.0 2.17 0.23
1028 1001.509 90.5 2.14 0.22
1029 1001.638 75.1 2.08 0.24
1030 1003.202 75.1 2.20 0.21
1031 1003.946 70.0 2.16 0.17
1032 1005.441 61.4 2.17 0.15
1033 1007.086 73.4 2.18 0.15
1034 1007.530 75.1 2.17 0.17
1035 1008.212 68.3 2.14 0.21
1036 1008.417 73.4 2.14 0.25
1037 1011.168 81.9 2.29 0.21
1038 1012.500 70.0 2.19 0.16
1039 1013.251 102.4 2.10 0.12
1040 1013.653 95.6 2.03 0.17
1041 1014.828 75.1 2.09 0.09
1042 1015.770 110.9 2.09 0.12
1043 1015.968 88.7 2.02 0.09
1044 1016.766 68.3 2.07 0.20
1045 1017.824 87.0 2.12 0.06
1046 1019.217 102.4 2.05 -0.06
1047 1019.948 81.9 2.00 -0.05
1048 1020.337 76.8 2.00 0.02
1049 1020.883 42.7 1.97 0.05
1050 1021.388 92.2 2.01 0.04
1051 1021.770 73.4 1.98 0.05
1052 1023.320 76.8 2.10 0.17
1053 1023.511 58.0 2.13 0.03
1054 1023.818 129.7 2.08 0.04
1055 1024.173 63.1 2.07 0.12
1056 1024.569 81.9 2.01 0.03
1057 1025.702 66.6 1.98 0.18
1058 1026.392 81.9 2.07 0.04
1059 1026.549 110.9 1.98 0.06
1060 1027.457 85.3 1.96 0.17
1061 1028.324 88.7 2.03 0.12
1062 1028.481 75.1 2.08 0.12
1063 1030.877 95.6 2.08 0.17
1064 1031.614 92.2 2.14 0.10
1065 1032.911 52.9 2.09 0.12
1066 1035.267 100.7 2.14 0.13
1067 1035.444 58.0 2.16 0.13
1068 1036.161 75.1 2.07 0.16
1069 1036.714 51.2 2.17 0.20
1070 1037.007 75.1 2.14 0.22
1071 1037.144 51.2 2.17 0.19
1072 1038.113 49.5 2.16 0.10
1073 1039.424 54.6 2.20 0.08
1074 1039.479 44.4 2.17 0.08
1075 1040.612 75.1 2.09 0.09
1076 1043.506 68.3 2.05 0.12
1077 1046.455 141.7 2.07 0.07
1078 1047.043 75.1 2.03 0.02
1079 1048.340 93.9 2.12 0.11
1080 1051.316 81.9 2.08 0.10
1081 1051.671 64.9 2.08 0.16
1082 1051.787 88.7 2.08 0.16
1083 1051.924 58.0 2.04 0.10
1084 1052.053 73.4 2.04 0.13
1085 1053.664 58.0 2.02 0.17
1086 1055.173 114.3 2.00 0.09
1087 1055.549 46.1 2.04 0.08
1088 1056.416 78.5 2.08 0.11
1089 1056.962 47.8 2.11 0.10
1090 1058.921 66.6 2.03 -0.03
1091 1059.781 78.5 1.98 0.03
1092 1060.505 81.9 1.98 0.05
1093 1060.593 80.2 2.01 0.05
1094 1060.846 95.6 1.95 0.04
1095 1061.385 73.4 1.96 0.06
1096 1061.809 70.0 2.09 -0.00
1097 1062.095 95.6 2.12 -0.01
1098 1062.990 64.9 2.07 0.02
1099 1063.311 63.1 2.04 0.03
1100 1064.164 102.4 2.04 0.02
1101 1065.611 70.0 1.99 0.13
1102 1066.662 70.0 1.96 0.15
1103 1069.086 59.7 2.04 0.08
1104 1069.919 41.0 2.03 0.00
1105 1070.103 81.9 2.03 -0.00
1106 1070.342 110.9 2.07 0.04
1107 1070.547 61.4 2.06 0.00
1108 1070.820 75.1 2.03 0.03
1109 1072.137 155.3 2.06 -0.00
1110 1072.383 56.3 2.06 0.01
1111 1072.527 73.4 2.01 0.01
1112 1073.380 88.7 2.01 0.03
1113 1076.595 80.2 1.97 0.02
1114 1076.827 85.3 1.96 0.04
1115 1077.216 51.2 2.01 0.04
1116 1077.967 58.0 1.98 0.04
1117 1079.647 58.0 1.97 -0.01
1118 1080.350 122.9 1.98 -0.00
1119 1082.173 71.7 1.92 -0.02
1120 1083.913 75.1 2.00 0.03
1121 1085.545 105.8 1.93 -0.09
1122 1085.845 109.2 1.95 -0.01
1123 1086.153 88.7 1.92 -0.05
1124 1086.692 17.1 1.97 -0.00
1125 1088.699 80.2 1.90 0.01
1126 1089.825 85.3 1.97 -0.00
1127 1090.051 75.1 1.94 0.04
1128 1090.487 102.4 1.97 -0.03
1129 1090.706 93.9 1.95 -0.00
1130 1090.849 52.9 2.03 -0.05
1131 1091.109 66.6 2.02 -0.08
1132 1092.242 95.6 2.09 0.17
1133 1098.167 70.0 2.06 0.20
1134 1098.481 61.4 2.04 0.20
1135 1098.850 92.2 1.95 0.17
1136 1099.751 75.1 1.97 0.18
1137 1100.768 122.9 1.96 0.22
1138 1102.509 73.4 1.95 0.18
1139 1103.240 73.4 1.94 0.23
1140 1103.827 75.1 1.94 0.18
1141 1104.271 92.2 1.93 0.24
1142 1104.625 81.9 1.96 0.12
1143 1106.011 109.2 1.95 0.15
1144 1106.373 64.9 1.92 0.19
1145 1107.090 114.3 1.98 0.11
1146 1107.397 61.4 1.94 0.13
1147 1108.223 75.1 1.96 0.16
1148 1108.605 44.4 2.00 0.18
1149 1109.199 85.3 2.03 0.09
1150 1111.759 75.1 1.80 0.16
1151 1112.435 114.3 1.95 0.07
1152 1113.807 81.9 2.12 0.05
1153 1116.497 133.1 1.88 0.13
1154 1117.214 102.4 1.79 0.13
1155 1119.999 85.3 1.94 0.13
1156 1120.149 88.7 1.87 0.11
1157 1120.614 163.8 1.95 0.04
1158 1120.941 75.1 2.00 0.06
1159 1121.276 66.6 2.00 0.12
1160 1122.122 59.7 2.07 0.16
1161 1123.160 78.5 2.11 0.16
1162 1125.447 68.3 2.16 0.21
1163 1126.669 71.7 2.21 0.26
1164 1127.631 59.7 2.11 0.17
1165 1128.143 66.6 2.11 0.10
1166 1128.478 95.6 2.10 0.09
1167 1133.338 39.3 1.94 0.15
1168 1133.489 52.9 2.02 0.15
1169 1133.728 75.1 2.01 0.12
1170 1134.199 80.2 1.97 0.13
1171 1135.898 81.9 1.88 0.14
1172 1136.506 73.4 1.88 0.18
1173 1139.906 56.3 1.88 0.12
1174 1141.360 68.3 1.95 0.13
1175 1144.172 81.9 1.94 0.08
1176 1144.548 75.1 1.92 0.07
1177 1147.429 49.5 1.91 0.02
1178 1147.879 63.1 1.96 0.08
1179 1148.098 81.9 1.89 0.09
1180 1148.446 75.1 1.92 0.26
1181 1150.228 58.0 2.00 0.18
1182 1150.296 46.1 1.97 0.21
1183 1151.675 47.8 2.07 0.14
1184 1152.508 75.1 2.04 0.12
1185 1152.876 64.9 2.11 0.08
1186 1153.566 83.6 2.08 0.02
1187 1154.276 83.6 2.03 0.06
1188 1156.761 85.3 2.02 0.08
1189 1157.007 71.7 2.03 0.08
1190 1158.208 99.0 2.04 0.05
1191 1159.246 75.1 2.07 0.11
1192 1160.877 46.1 2.22 0.26
1193 1162.304 51.2 2.06 0.04
1194 1162.434 44.4 2.04 0.05
1195 1163.021 71.7 2.01 0.04
1196 1163.232 58.0 2.07 0.03
1197 1165.110 66.6 2.04 0.13
1198 1165.601 81.9 2.04 0.16
1199 1165.861 68.3 2.19 0.22
1200 1166.987 88.7 2.25 0.25
1201 1168.045 71.7 2.12 0.23
1202 1170.373 87.0 2.05 0.15
1203 1173.745 88.7 2.07 0.21
1204 1174.749 81.9 2.09 0.09
1205 1175.657 81.9 2.12 0.17
1206 1176.510 100.7 2.07 0.20
1207 1177.650 157.0 2.01 0.16
1208 1178.456 110.9 2.01 0.10
1209 1183.904 68.3 2.01 0.16
1210 1184.334 58.0 1.98 0.18
1211 1184.818 81.9 2.04 0.20
1212 1186.764 81.9 2.06 0.15
1213 1187.467 88.7 2.11 0.17
1214 1187.884 61.4 2.13 0.19
1215 1188.846 85.3 2.03 0.12
1216 1192.635 78.5 2.08 0.14
1217 1195.154 75.1 2.06 0.20
1218 1195.748 49.5 2.03 0.19
1219 1195.802 59.7 2.09 0.19
1220 1195.898 58.0 2.05 0.17
1221 1196.233 71.7 2.08 0.18
1222 1196.792 73.4 2.11 0.15
1223 1199.182 68.3 2.11 0.18
1224 1200.212 116.1 2.11 0.14
1225 1200.704 75.1 2.08 0.12
1226 1202.103 75.1 2.07 0.08
1227 1202.745 54.6 2.02 0.05
1228 1203.981 78.5 1.95 0.13
1229 1204.643 35.8 1.99 0.14
1230 1204.711 41.0 1.94 0.14
1231 1205.640 58.0 1.99 0.13
1232 1206.377 47.8 1.97 0.10
1233 1208.370 107.5 1.95 -0.03
1234 1208.841 54.6 1.93 0.02
1235 1210.377 58.0 1.91 0.04
1236 1210.978 80.2 1.99 0.05
1237 1211.265 80.2 2.01 0.10
1238 1211.599 99.0 1.99 0.02
1239 1213.914 59.7 2.04 0.00
1240 1216.399 92.2 1.99 0.00
1241 1216.610 51.2 2.00 0.04
1242 1216.781 71.7 2.03 0.04
1243 1217.190 58.0 2.13 0.03
1244 1217.737 63.1 2.04 0.03
1245 1219.047 75.1 2.12 0.04
1246 1221.853 75.1 2.24 0.07
1247 1223.403 35.8 2.13 0.09
1248 1223.560 95.6 2.13 0.07
1249 1224.188 49.5 2.16 0.10
1250 1224.440 122.9 2.21 0.08
1251 1226.925 107.5 2.11 0.08
1252 1227.321 81.9 2.14 0.12
1253 1227.526 99.0 2.11 0.15
1254 1229.724 88.7 1.97 0.11
1255 1230.304 42.7 2.00 0.16
1256 1232.311 81.9 2.07 0.15
1257 1232.728 78.5 1.99 0.06
1258 1233.424 112.6 2.00 0.03
1259 1233.800 66.6 2.08 0.08
1260 1234.551 81.9 1.98 0.02
1261 1235.056 92.2 2.13 -0.04
1262 1235.916 129.7 2.02 -0.01
1263 1236.305 121.2 1.98 -0.03
1264 1237.705 76.8 2.11 -0.02
1265 1239.787 95.6 2.01 0.05
1266 1240.278 68.3 2.02 0.15
1267 1240.408 85.3 1.99 0.10
1268 1240.913 88.7 2.09 0.09
1269 1241.241 64.9 2.02 0.07
1270 1241.760 90.5 2.05 0.16
1271 1242.251 75.1 2.05 0.20
1272 1242.770 80.2 2.06 0.09
1273 1244.067 81.9 2.09 0.14
1274 1246.688 109.2 1.94 0.12
1275 1247.378 99.0 2.06 0.06
1276 1248.375 68.3 2.10 0.14
1277 1249.385 104.1 2.14 0.07
1278 1249.965 61.4 2.07 0.12
1279 1251.686 109.2 2.04 0.08
1280 1252.041 42.7 2.05 0.14
1281 1252.088 29.0 2.02 0.14
1282 1252.764 66.6 2.01 0.21
1283 1255.659 68.3 2.03 0.23
1284 1255.836 73.4 2.02 0.21
1285 1256.034 68.3 2.01 0.23
1286 1256.669 95.6 1.96 0.19
1287 1258.594 63.1 2.00 0.29
1288 1258.710 58.0 2.00 0.31
1289 1261.571 75.1 1.89 0.18
1290 1261.680 68.3 2.01 0.26
1291 1262.574 49.5 1.95 0.24
1292 1264.096 85.3 2.04 0.21
1293 1265.578 75.1 2.05 0.24
1294 1266.097 88.7 2.08 0.10
1295 1266.547 114.3 2.06 0.06
1296 1267.087 75.1 2.11 -0.03
1297 1268.117 75.1 1.97 0.20
1298 1268.793 78.5 1.91 0.03
1299 1268.977 49.5 1.96 0.13
1300 1269.503 59.7 2.08 0.31
1301 1270.186 73.4 2.03 0.24
1302 1270.295 90.5 1.97 0.12
1303 1270.575 85.3 1.98 0.08
1304 1271.572 85.3 1.80 0.04
1305 1272.507 63.1 1.72 0.31
1306 1273.319 75.1 1.85 0.16
1307 1274.712 109.2 1.96 0.03
1308 1275.258 81.9 1.93 -0.06
1309 1276.855 179.2 2.06 0.03
1310 1278.241 102.4 1.95 0.11
1311 1280.003 78.5 1.83 0.13
1312 1280.699 107.5 1.78 0.18
1313 1282.487 148.5 1.94 0.12
1314 1282.877 162.1 1.81 0.25
1315 1283.013 114.3 1.83 0.25
1316 1283.225 68.3 1.87 0.27
1317 1284.208 95.6 1.88 0.21
1318 1284.768 95.6 1.80 -0.01
1319 1285.457 112.6 1.77 0.08
1320 1286.290 61.4 1.84 0.16
1321 1287.887 75.1 1.93 0.07
1322 1288.365 75.1 1.86 0.08
1323 1288.536 54.6 1.96 0.13
1324 1290.727 78.5 1.92 0.09
1325 1293.205 59.7 1.86 0.19
1326 1294.052 102.4 1.89 0.28
1327 1294.564 92.2 1.85 0.30
1328 1294.714 76.8 1.83 0.25
1329 1294.830 75.1 1.88 0.18
1330 1296.796 75.1 1.88 0.11
1331 1297.281 75.1 1.98 0.15
1332 1298.633 51.2 1.99 0.12
1333 1300.093 46.1 2.08 -0.02
1334 1300.517 78.5 2.04 0.06
1335 1301.971 75.1 2.12 0.06
1336 1302.940 80.2 1.97 0.07
1337 1303.097 95.6 2.04 0.04
1338 1303.234 71.7 2.15 0.01
1339 1304.162 76.8 1.99 0.03
1340 1304.756 81.9 2.01 0.03
1341 1305.719 184.3 2.09 -0.04
1342 1306.094 88.7 1.99 -0.03
1343 1306.333 90.5 1.93 0.04
1344 1306.497 68.3 2.06 0.00
1345 1306.920 92.2 1.98 0.00
1346 1307.371 71.7 1.93 0.02
1347 1308.688 81.9 1.91 0.06
1348 1310.702 68.3 1.93 0.03
1349 1312.129 75.1 1.90 0.03
1350 1312.614 81.9 1.99 0.04
1351 1313.760 63.1 2.11 -0.04
1352 1315.010 95.6 2.12 -0.04
1353 1317.256 68.3 2.12 -0.08
1354 1317.781 64.9 2.14 -0.17
1355 1318.976 75.1 2.13 -0.20
1356 1319.263 97.3 2.05 -0.13
1357 1320.089 75.1 2.08 -0.13
1358 1320.492 37.5 1.97 -0.08
1359 1320.655 76.8 2.07 -0.07
1360 1321.550 30.7 1.98 0.06
1361 1323.536 76.8 2.02 0.00
1362 1323.748 88.7 1.96 -0.07
1363 1325.059 204.8 1.81 -0.09
1364 1325.714 88.7 1.90 0.15
1365 1327.257 68.3 1.93 0.23
1366 1327.912 75.1 1.91 0.24
1367 1328.090 87.0 1.92 0.22
1368 1328.574 44.4 1.85 0.20
1369 1331.087 54.6 1.90 -0.04
1370 1332.035 75.1 1.84 0.14
1371 1332.520 102.4 1.81 -0.01
1372 1334.589 105.8 1.72 0.22
1373 1335.299 126.3 1.78 0.23
1374 1335.497 52.9 1.77 0.06
1375 1335.920 59.7 1.77 0.19
1376 1336.268 47.8 1.86 0.06
1377 1337.271 145.1 2.07 -0.16
1378 1337.435 116.1 1.79 -0.16
1379 1338.227 54.6 1.86 -0.04
1380 1338.705 56.3 1.91 -0.00
1381 1339.074 102.4 1.86 -0.09
1382 1339.347 95.6 1.98 -0.07
1383 1340.692 117.8 2.01 0.02
1384 1341.156 150.2 2.09 0.02
1385 1342.876 68.3 2.05 0.03
1386 1344.590 81.9 1.96 0.01
1387 1345.709 90.5 1.90 0.10
1388 1346.501 75.1 2.02 0.05
1389 1346.774 70.0 2.10 0.03
1390 1347.047 61.4 2.05 -0.06
1391 1347.587 63.1 2.04 0.06
1392 1347.812 109.2 2.10 -0.04
1393 1348.208 85.3 1.97 -0.09
1394 1349.539 66.6 1.95 0.00
1395 1349.703 150.2 1.88 -0.08
1396 1350.966 61.4 2.07 -0.03
1397 1351.095 34.1 2.05 -0.05
1398 1351.724 80.2 1.86 0.09
1399 1353.649 88.7 1.57 0.28
1400 1354.079 95.6 1.68 0.21
1401 1357.001 88.7 1.75 -0.00
1402 1358.598 146.8 1.86 0.13
1403 1359.130 92.2 1.77 0.14
1404 1360.496 92.2 1.92 0.03
1405 1360.974 105.8 1.94 0.00
1406 1361.124 75.1 1.88 0.02
1407 1361.738 81.9 2.00 0.10
1408 1361.868 81.9 1.94 0.10
1409 1362.284 88.7 1.92 0.04
1410 1363.349 81.9 1.83 -0.03
1411 1364.169 64.9 1.80 0.19
1412 1364.326 80.2 1.91 0.19
1413 1364.605 139.9 1.86 0.12
1414 1365.049 68.3 1.81 0.13
1415 1365.431 81.9 1.87 0.18
1416 1365.868 83.6 1.95 0.18
1417 1366.285 85.3 1.91 0.12
1418 1367.186 76.8 1.87 0.17
1419 1367.520 64.9 2.00 0.24
1420 1367.821 88.7 1.91 0.10
1421 1368.271 81.9 1.92 0.36
1422 1371.316 95.6 1.79 0.09
1423 1372.183 71.7 1.57 0.16
1424 1372.326 71.7 1.57 0.16
1425 1373.180 95.6 2.00 0.09
1426 1373.309 78.5 1.99 0.09
1427 1374.456 107.5 2.01 0.27
1428 1375.555 64.9 2.10 0.35
1429 1375.979 52.9 1.90 0.36
1430 1376.115 66.6 1.93 0.34
1431 1378.279 68.3 2.02 0.20
1432 1379.522 41.0 1.89 0.13
1433 1380.696 70.0 1.87 0.31
1434 1380.880 68.3 1.81 0.24
1435 1381.358 75.1 1.85 0.17
1436 1381.993 68.3 1.85 0.12
1437 1382.635 70.0 1.86 0.07
1438 1383.379 59.7 1.97 0.15
1439 1383.747 75.1 1.85 0.08
1440 1383.857 75.1 1.86 0.10
1441 1384.253 37.5 1.85 -0.04
1442 1384.444 75.1 1.77 -0.05
1443 1385.031 61.4 1.82 0.00
1444 1385.550 66.6 1.70 -0.00
1445 1385.638 63.1 1.79 0.01
1446 1386.649 81.9 2.07 0.19
1447 1387.796 68.3 1.81 0.16
1448 1390.055 70.0 1.65 0.08
1449 1390.151 66.6 1.65 0.07
1450 1390.513 68.3 1.71 0.12
1451 1391.407 90.5 1.68 -0.00
1452 1392.294 105.8 1.74 -0.06
1453 1393.155 83.6 1.90 -0.12
1454 1393.960 88.7 1.68 -0.10
1455 1394.240 75.1 1.72 -0.07
1456 1394.663 95.6 1.66 0.08
1457 1394.793 95.6 1.67 0.07
1458 1395.790 81.9 1.78 0.14
1459 1396.220 95.6 1.73 0.16
1460 1396.390 80.2 1.73 0.16
1461 1397.128 81.9 1.76 0.11
1462 1397.599 80.2 1.74 0.13
1463 1397.783 81.9 1.73 0.17
1464 1397.933 78.5 1.76 0.17
1465 1398.029 75.1 1.72 0.21
1466 1398.193 75.1 1.76 0.06
1467 1400.623 95.6 1.66 0.05
1468 1400.869 87.0 1.63 -0.02
1469 1401.019 170.7 1.56 -0.13
1470 1401.592 68.3 1.57 0.01
1471 1402.097 88.7 1.59 -0.11
1472 1403.087 68.3 1.82 0.19
1473 1403.497 119.5 1.74 0.18
1474 1404.623 59.7 1.80 0.06
1475 1406.125 63.1 1.69 0.22
1476 1409.347 68.3 1.78 0.09
1477 1410.412 59.7 1.72 0.08
1478 1411.170 51.2 2.00 0.02
1479 1413.539 39.3 2.04 0.20
1480 1413.744 68.3 2.04 0.22
1481 1416.317 75.1 1.98 0.29
1482 1416.945 35.8 1.91 0.25
1483 1418.782 167.3 1.93 0.27
1484 1419.758 97.3 1.93 0.20
1485 1420.618 81.9 1.89 0.29
1486 1423.622 87.0 1.87 0.19
1487 1427.076 51.2 1.96 0.38
1488 1427.370 75.1 1.97 0.25
1489 1427.684 93.9 2.03 0.31
1490 1429.295 73.4 2.12 0.30
1491 1429.623 63.1 2.12 0.30
1492 1430.039 102.4 2.20 0.30
1493 1430.735 75.1 2.03 0.22
1494 1431.671 85.3 2.07 0.30
1495 1431.746 66.6 2.08 0.30
1496 1433.132 64.9 2.10 0.28
1497 1434.026 64.9 2.16 0.29
1498 1436.142 102.4 2.13 0.34
1499 1436.333 138.2 2.14 0.31
1500 1437.774 83.6 2.15 0.29
1501 1439.016 75.1 2.19 0.24
1502 1439.330 68.3 2.14 0.27
1503 1440.033 71.7 2.20 0.27
1504 1440.306 37.5 2.15 0.25
1505 1441.993 66.6 2.13 0.15
1506 1443.180 41.0 2.02 0.05
1507 1444.232 70.0 2.12 0.15
1508 1445.303 93.9 2.04 0.15
1509 1446.198 68.3 2.06 0.08
1510 1446.785 58.0 2.09 0.22
1511 1446.962 61.4 2.13 0.19
1512 1448.628 73.4 2.11 0.22
1513 1449.242 68.3 2.10 0.26
1514 1449.481 63.1 2.06 0.23
1515 1449.604 78.5 2.07 0.24
1516 1450.205 81.9 2.06 0.24
1517 1451.352 51.2 2.06 0.14
1518 1451.946 68.3 2.02 0.16
1519 1452.833 75.1 1.99 0.24
1520 1454.438 68.3 1.90 0.26
1521 1455.776 92.2 1.92 0.17
1522 1457.434 81.9 1.94 0.34
1523 1458.738 99.0 1.96 0.27
1524 1459.899 68.3 2.00 0.27
1525 1460.807 75.1 2.02 0.32
1526 1461.196 68.3 2.02 0.30
1527 1462.193 81.9 1.93 0.33
1528 1463.892 68.3 1.96 0.29
1529 1464.370 64.9 1.99 0.26
1530 1465.872 59.7 1.98 0.28
1531 1466.016 81.9 1.95 0.27
1532 1466.623 93.9 2.04 0.23
1533 1467.251 76.8 2.12 0.23
1534 1468.828 61.4 2.19 0.22
1535 1468.937 54.6 2.07 0.20
1536 1469.333 81.9 2.02 0.18
1537 1469.798 85.3 2.09 0.18
1538 1470.501 56.3 2.07 0.10
1539 1471.006 78.5 2.09 0.22
1540 1471.299 51.2 2.08 0.19
1541 1471.402 58.0 2.07 0.13
1542 1472.576 85.3 2.01 0.21
1543 1473.593 25.6 2.07 0.22
1544 1474.249 56.3 2.13 0.20
1545 1474.515 52.9 2.13 0.21
1546 1475.648 122.9 2.06 0.27
1547 1476.276 78.5 2.14 0.35
1548 1477.798 68.3 2.25 0.30
1549 1478.085 61.4 2.16 0.38
1550 1478.324 88.7 2.01 0.27
1551 1481.109 63.1 2.20 0.32
1552 1481.949 63.1 2.22 0.27
1553 1482.365 75.1 2.14 0.29
1554 1483.908 68.3 2.12 0.19
1555 1484.202 93.9 2.08 0.13
1556 1486.728 95.6 2.13 0.22
1557 1487.881 59.7 2.06 0.32
1558 1488.195 46.1 2.09 0.23
1559 1488.557 68.3 2.13 0.32
1560 1489.445 95.6 2.28 0.24
1561 1490.271 61.4 2.00 0.24
1562 1493.534 97.3 2.08 0.34
1563 1493.807 95.6 2.10 0.19
1564 1495.138 78.5 2.07 0.11
1565 1497.323 78.5 2.05 0.17
1566 1500.361 41.0 2.03 -0.01
1567 1500.470 61.4 2.06 0.14
1568 1500.920 68.3 2.05 0.13
1569 1501.125 87.0 1.97 0.11
1570 1502.436 61.4 2.16 0.16
1571 1502.757 66.6 2.19 0.20
1572 1504.538 71.7 2.24 0.08
1573 1505.221 75.1 2.21 0.11
1574 1505.726 70.0 2.20 0.07
1575 1507.877 51.2 2.20 0.09
1576 1508.730 66.6 2.18 0.05
1577 1508.846 68.3 2.19 0.05
1578 1508.976 71.7 2.12 0.01
1579 1510.232 104.1 2.11 0.04
1580 1510.867 87.0 2.29 0.04
1581 1510.983 81.9 2.30 0.04
1582 1511.679 76.8 2.19 -0.01
1583 1513.154 44.4 2.13 0.09
1584 1513.556 64.9 2.11 0.02
1585 1513.823 80.2 2.20 0.10
1586 1514.164 44.4 2.12 0.08
1587 1515.127 80.2 2.00 0.11
1588 1516.301 59.7 2.05 0.08
1589 1516.560 59.7 2.10 0.04
1590 1517.318 71.7 2.11 -0.01
1591 1518.035 85.3 2.10 0.03
1592 1518.383 78.5 2.17 0.04
1593 1519.550 68.3 2.14 0.00
1594 1520.055 99.0 2.18 0.13
1595 1520.854 85.3 2.19 0.10
1596 1521.366 78.5 2.06 -0.00
1597 1521.817 75.1 2.04 -0.04
1598 1521.967 92.2 2.07 -0.04
1599 1522.759 51.2 2.18 0.00
1600 1523.319 41.0 2.10 -0.01
1601 1527.046 68.3 2.20 0.10
1602 1527.981 81.9 2.15 0.04
1603 1532.016 81.9 2.05 0.06
1604 1533.169 95.6 2.11 0.06
1605 1534.487 59.7 2.08 0.15
1606 1536.835 64.9 1.93 0.15
1607 1537.074 102.4 1.93 0.12
1608 1538.522 54.6 2.01 0.00
1609 1540.542 90.5 1.88 0.02
1610 1540.911 81.9 1.91 0.04
1611 1542.686 122.9 1.95 -0.05
1612 1543.123 87.0 1.87 -0.01
1613 1543.491 73.4 1.91 -0.01
1614 1546.420 116.1 2.05 0.02
1615 1548.181 80.2 2.00 -0.00
1616 1549.260 73.4 2.09 0.11
1617 1549.717 95.6 2.05 0.08
1618 1551.629 71.7 2.16 -0.16
1619 1552.489 71.7 2.15 0.02
1620 1554.073 163.8 2.06 -0.01
1621 1557.391 68.3 1.97 -0.05
1622 1557.636 95.6 2.11 0.13
1623 1558.763 54.6 2.06 0.07
1624 1559.241 88.7 2.23 0.11
1625 1559.630 75.1 2.14 0.16
1626 1559.930 63.1 2.11 0.16
1627 1561.746 109.2 2.05 0.16
1628 1562.319 76.8 2.08 0.18
1629 1563.965 81.9 1.96 0.12
1630 1564.163 80.2 2.06 0.17
1631 1564.675 61.4 2.03 0.19
1632 1567.767 87.0 2.11 0.28
1633 1569.651 52.9 2.02 0.06
1634 1570.013 87.0 2.01 0.19
1635 1570.231 105.8 1.99 0.14
1636 1571.351 109.2 1.95 0.17
1637 1573.597 88.7 1.91 0.16
1638 1573.734 61.4 1.92 0.14
1639 1576.683 32.4 2.01 0.13
1640 1576.840 116.1 1.90 0.08
1641 1580.069 68.3 1.85 0.19
1642 1580.178 109.2 1.85 0.18
1643 1580.424 100.7 1.94 0.07
1644 1581.263 107.5 1.96 0.08
1645 1582.226 88.7 1.93 0.08
1646 1582.506 68.3 1.90 0.08
1647 1583.496 73.4 2.07 0.05
1648 1583.926 75.1 2.13 0.16
1649 1584.567 70.0 1.93 0.29
1650 1584.759 70.0 1.89 0.29
1651 1586.636 100.7 2.02 0.39
1652 1587.332 134.8 2.03 0.34
1653 1588.650 71.7 2.00 0.36
1654 1589.476 129.7 2.01 0.33
1655 1590.165 75.1 2.13 0.37
1656 1591.858 68.3 1.98 0.16
1657 1592.282 61.4 1.95 0.18
1658 1592.589 90.5 1.92 0.17
1659 1592.719 64.9 1.94 0.21
1660 1595.913 81.9 1.92 0.29
1661 1596.077 116.1 1.95 0.24
1662 1599.177 95.6 2.11 0.28
1663 1599.429 46.1 2.12 0.26
1664 1599.572 88.7 2.13 0.22
1665 1600.276 63.1 2.06 0.29
1666 1600.610 73.4 2.00 0.21
1667 1601.204 76.8 2.01 0.22
1668 1601.859 109.2 1.98 0.30
1669 1602.208 56.3 1.94 0.30
1670 1602.317 58.0 2.08 0.27
1671 1602.440 75.1 2.06 0.29
1672 1605.013 93.9 1.95 0.28
1673 1605.286 68.3 2.16 0.25
1674 1605.409 88.7 1.89 0.25
1675 1605.703 68.3 2.05 0.21
1676 1605.887 85.3 2.11 0.26
1677 1611.444 71.7 1.98 0.37
1678 1611.635 59.7 1.97 0.32
1679 1611.772 75.1 1.99 0.28
1680 1612.796 68.3 2.12 0.32
1681 1613.895 73.4 2.11 0.30
1682 1615.656 88.7 2.02 0.28
1683 1615.820 54.6 2.02 0.29
1684 1615.997 78.5 2.05 0.25
1685 1616.564 47.8 2.08 0.34
1686 1618.182 35.8 2.21 0.35
1687 1619.110 61.4 2.21 0.46
1688 1625.097 102.4 2.01 0.18
1689 1628.477 107.5 2.08 0.32
1690 1629.651 61.4 2.14 0.36
1691 1631.078 68.3 2.11 0.29
1692 1632.245 116.1 2.03 0.26
1693 1633.453 90.5 2.07 0.30
1694 1634.846 64.9 2.03 0.28
1695 1635.679 66.6 2.01 0.25
1696 1636.983 92.2 2.05 0.25
1697 1637.126 44.4 1.99 0.17
1698 1639.194 68.3 1.98 0.25
1699 1639.338 78.5 1.94 0.23
1700 1640.614 49.5 2.05 0.21
1701 1645.379 71.7 1.99 0.10
1702 1645.809 51.2 2.10 0.13
1703 1647.305 70.0 2.07 0.20
1704 1647.714 54.6 2.06 0.25
1705 1649.885 61.4 1.93 0.30
1706 1650.889 64.9 2.12 0.23
1707 1651.093 81.9 2.10 0.18
1708 1651.708 61.4 2.13 0.28
1709 1651.913 52.9 2.06 0.18
1710 1653.148 75.1 2.06 0.19
1711 1653.414 68.3 2.13 0.16
1712 1653.537 81.9 2.13 0.20
1713 1655.135 68.3 2.15 0.17
1714 1656.302 71.7 2.05 0.15
1715 1657.360 58.0 2.04 0.10
1716 1658.029 23.9 2.08 0.08
1717 1658.569 95.6 2.21 0.08
1718 1658.828 85.3 2.15 0.04
1719 1659.743 61.4 2.16 0.05
1720 1660.453 75.1 2.20 0.08
1721 1660.692 75.1 2.24 0.07
1722 1660.842 64.9 2.15 0.08
1723 1663.354 59.7 2.14 0.08
1724 1664.460 81.9 2.16 0.20
1725 1666.528 18.8 2.09 0.14
1726 1669.218 83.6 2.16 0.19
1727 1669.771 81.9 2.19 0.09
1728 1672.119 78.5 2.08 0.18
1729 1675.232 68.3 2.14 0.16
1730 1675.519 70.0 2.14 0.16
1731 1676.168 88.7 2.16 0.14
1732 1676.666 56.3 2.21 0.12
1733 1678.871 54.6 2.07 0.12
1734 1679.035 88.7 2.13 0.17
1735 1679.588 75.1 2.11 0.13
1736 1680.045 52.9 2.11 0.17
1737 1680.366 83.6 2.10 0.10
1738 1680.687 68.3 2.11 0.16
1739 1680.980 124.6 2.11 0.07
1740 1681.486 68.3 2.08 0.14
1741 1681.752 59.7 2.08 0.16
1742 1681.807 30.7 2.02 0.14
1743 1682.004 163.8 2.02 0.10
1744 1683.069 95.6 1.99 0.04
1745 1683.274 68.3 2.00 0.07
1746 1684.128 102.4 1.99 0.10
1747 1684.312 44.4 1.97 0.11
1748 1685.117 83.6 2.03 0.05
1749 1685.233 66.6 2.02 0.07
1750 1685.698 73.4 1.98 0.03
1751 1686.278 78.5 2.12 0.05
1752 1686.660 194.6 2.12 0.06
1753 1687.575 73.4 2.18 0.07
1754 1687.910 56.3 2.13 0.09
1755 1689.500 71.7 2.09 0.07
1756 1689.698 68.3 2.13 0.18
1757 1689.903 88.7 2.12 0.05
1758 1690.572 92.2 2.16 0.06
1759 1690.893 58.0 2.14 0.05
1760 1691.924 75.1 2.09 0.09
1761 1692.279 85.3 2.10 0.04
1762 1692.688 63.1 2.05 0.06
1763 1693.385 44.4 2.09 0.03
1764 1693.774 78.5 2.10 0.09
1765 1694.804 78.5 2.09 -0.04
1766 1694.941 70.0 2.06 -0.03
1767 1695.569 107.5 2.08 -0.01
1768 1697.296 88.7 2.06 -0.00
1769 1697.508 71.7 2.06 0.10
1770 1698.928 63.1 2.08 0.02
1771 1699.064 95.6 2.04 0.00
1772 1700.593 75.1 2.03 0.04
1773 1700.901 97.3 2.02 0.00
1774 1702.717 63.1 2.07 -0.02
1775 1704.471 83.6 2.06 -0.08
1776 1704.956 95.6 2.01 0.04
1777 1706.123 116.1 2.06 0.03
1778 1706.301 105.8 2.08 0.02
1779 1706.540 52.9 2.04 0.03
1780 1707.666 85.3 2.11 0.07
1781 1708.205 114.3 2.13 0.07
1782 1709.721 81.9 2.15 0.09
1783 1710.690 49.5 2.14 0.14
1784 1711.810 95.6 2.07 0.05
1785 1712.021 34.1 2.04 0.09
1786 1712.219 61.4 2.11 0.09
1787 1713.114 58.0 2.11 0.08
1788 1713.783 30.7 2.17 0.02
1789 1714.752 54.6 2.13 0.07
1790 1715.203 88.7 2.17 0.11
1791 1715.346 73.4 2.12 0.14
1792 1715.851 97.3 2.02 0.10
1793 1715.967 78.5 2.12 0.08
1794 1718.145 52.9 2.09 0.07
1795 1719.135 52.9 2.05 0.03
1796 1719.551 64.9 2.07 0.06
1797 1719.879 102.4 2.10 -0.01
1798 1723.948 81.9 2.07 0.03
1799 1724.364 95.6 2.07 0.06
1800 1725.436 52.9 2.06 0.17
1801 1726.125 51.2 2.05 0.13
1802 1727.299 78.5 2.10 0.13
1803 1727.586 71.7 2.19 0.06
1804 1727.784 68.3 2.10 0.12
1805 1729.696 116.1 2.12 0.06
1806 1729.853 68.3 2.06 0.10
1807 1730.208 68.3 2.07 0.10
1808 1730.378 81.9 2.05 0.08
1809 1730.522 63.1 2.00 0.09
1810 1731.211 58.0 2.03 0.23
1811 1731.368 109.2 2.02 0.18
1812 1731.914 75.1 2.08 0.20
1813 1732.706 80.2 2.05 0.25
1814 1733.102 90.5 2.11 0.20
1815 1733.389 88.7 2.14 0.16
1816 1735.587 66.6 1.94 0.25
1817 1736.843 61.4 2.10 0.21
1818 1737.457 75.1 2.03 0.21
1819 1737.580 81.9 2.08 0.23
1820 1738.263 88.7 2.17 0.25
1821 1740.468 59.7 2.12 0.29
1822 1740.673 68.3 2.09 0.33
1823 1741.977 71.7 2.10 0.05
1824 1742.332 59.7 2.12 0.04
1825 1743.526 64.9 2.06 0.28
1826 1744.032 61.4 2.08 0.28
1827 1744.441 81.9 2.04 0.17
1828 1746.694 85.3 2.09 0.20
1829 1747.035 54.6 1.93 0.25
1830 1748.947 95.6 1.91 0.19
1831 1749.561 81.9 1.94 0.22
1832 1751.596 68.3 1.85 0.24
1833 1753.766 90.5 1.87 0.21
1834 1754.654 75.1 1.91 0.19
1835 1755.159 129.7 1.90 0.12
1836 1756.518 81.9 2.01 0.16
1837 1756.743 122.9 1.82 0.22
1838 1757.262 143.4 1.92 0.31
1839 1757.972 75.1 1.91 0.19
1840 1758.395 95.6 1.76 0.24
1841 1759.139 122.9 1.86 0.05
1842 1759.460 78.5 1.84 0.14
1843 1761.078 88.7 1.93 0.23
1844 1761.515 78.5 1.90 0.16
1845 1761.699 75.1 1.86 0.13
1846 1762.757 93.9 1.85 0.15
1847 1763.856 80.2 1.83 0.19
1848 1766.894 58.0 2.04 0.14
1849 1767.945 80.2 2.01 0.20
1850 1768.259 107.5 1.94 0.17
1851 1769.174 80.2 1.93 0.21
1852 1770.082 75.1 1.97 0.27
1853 1770.976 75.1 1.93 0.18
1854 1772.704 68.3 1.93 0.27
1855 1773.004 75.1 1.96 0.25
1856 1775.031 136.5 2.05 0.20
1857 1777.482 75.1 1.83 0.22
1858 1778.629 61.4 1.88 0.15
1859 1778.998 75.1 1.90 0.22
1860 1779.155 75.1 1.88 0.22
1861 1779.599 58.0 1.99 0.40
1862 1781.046 64.9 2.01 -0.03
1863 1781.674 41.0 1.95 0.21
1864 1781.920 88.7 1.87 0.13
1865 1783.107 44.4 1.93 0.16
1866 1783.790 75.1 1.96 0.21
1867 1785.292 75.1 2.00 0.10
1868 1785.428 63.1 1.94 0.14
1869 1786.268 112.6 1.95 0.11
1870 1786.807 59.7 1.93 0.02
1871 1787.019 80.2 1.97 0.12
1872 1788.350 68.3 1.91 0.15
1873 1788.500 61.4 1.90 0.12
1874 1788.644 81.9 1.78 -0.04
1875 1789.299 102.4 1.80 -0.04
1876 1790.583 90.5 1.76 0.02
1877 1790.726 105.8 1.97 0.15
1878 1790.890 95.6 1.84 0.06
1879 1791.470 143.4 1.88 0.10
1880 1793.655 68.3 1.90 0.01
1881 1793.975 95.6 1.81 0.31
1882 1794.999 70.0 1.99 0.23
1883 1795.218 75.1 1.85 0.16
1884 1795.511 68.3 1.97 0.26
1885 1795.819 177.5 1.94 0.25
1886 1798.447 71.7 1.91 0.12
1887 1798.556 44.4 1.86 0.16
1888 1799.369 150.2 1.72 0.01
1889 1800.092 75.1 1.87 0.12
1890 1802.802 73.4 1.91 0.15
1891 1803.717 76.8 1.97 0.12
1892 1804.024 99.0 1.88 0.17
1893 1804.393 73.4 1.87 0.12
1894 1806.994 70.0 1.72 0.06
1895 1807.165 61.4 1.82 0.12
1896 1808.100 88.7 1.86 -0.02
1897 1812.346 68.3 1.78 0.15
1898 1813.186 88.7 1.87 0.22
1899 1813.500 93.9 1.90 0.26
1900 1817.111 85.3 1.83 0.10
1901 1818.210 58.0 1.92 0.20
1902 1819.207 73.4 1.79 0.14
1903 1820.094 70.0 1.92 0.15
1904 1823.644 63.1 2.07 0.19
1905 1824.197 121.2 2.15 0.18
1906 1824.381 64.9 2.13 0.23
1907 1825.091 81.9 2.15 0.19
1908 1826.225 85.3 2.15 0.16
1909 1827.133 78.5 2.21 0.17
1910 1827.201 39.3 2.24 0.16
1911 1827.344 68.3 2.25 0.20
1912 1829.317 56.3 2.18 0.18
1913 1831.433 66.6 2.19 0.25
1914 1831.918 87.0 2.23 0.16
1915 1832.717 66.6 2.13 0.12
1916 1833.495 58.0 2.15 0.21
1917 1833.830 102.4 2.09 0.18
1918 1834.778 66.6 2.17 0.18
1919 1839.004 58.0 2.16 0.20
1920 1839.352 75.1 2.19 0.20
1921 1840.479 81.9 2.13 0.10
1922 1841.510 73.4 2.10 0.18
1923 1841.994 52.9 2.12 0.14
1924 1843.564 70.0 2.22 0.14
1925 1847.121 81.9 2.17 0.21
1926 1848.937 83.6 2.22 0.12
1927 1849.469 78.5 2.12 0.19
1928 1850.459 75.1 2.07 0.13
1929 1851.784 73.4 2.12 0.16
1930 1853.033 88.7 2.11 0.17
1931 1853.327 68.3 2.12 0.14
1932 1855.497 61.4 2.02 0.08
1933 1856.876 71.7 2.03 0.17
1934 1858.037 37.5 2.05 0.24
1935 1858.330 75.1 2.17 0.29
1936 1859.191 52.9 2.12 0.12
1937 1859.750 71.7 2.19 0.11
1938 1859.907 88.7 2.12 0.09
1939 1860.733 88.7 2.03 0.12
1940 1863.300 75.1 2.05 0.03
1941 1863.423 102.4 2.11 0.03
1942 1864.188 80.2 2.16 0.07
1943 1866.782 81.9 2.17 0.07
1944 1867.021 99.0 2.15 0.07
1945 1868.325 143.4 2.07 0.06
1946 1868.509 87.0 2.08 0.07
1947 1869.540 78.5 2.15 -0.00
1948 1870.195 95.6 2.10 0.07
1949 1870.345 56.3 2.11 0.05
1950 1870.468 81.9 2.08 0.03
1951 1871.956 68.3 2.08 0.04
1952 1872.202 95.6 2.16 0.03
1953 1873.602 71.7 2.11 0.16
1954 1873.936 81.9 2.11 0.17
1955 1874.564 92.2 2.21 0.09
1956 1875.909 49.5 2.29 0.07
1957 1877.978 95.6 2.30 0.00
1958 1878.633 63.1 2.19 0.03
1959 1878.783 61.4 2.22 0.03
1960 1879.049 58.0 2.25 0.01
1961 1880.387 64.9 2.33 0.12
1962 1880.886 61.4 2.27 0.16
1963 1881.213 59.7 2.32 0.10
1964 1881.459 75.1 2.24 0.10
1965 1883.596 76.8 2.20 0.15
1966 1884.244 102.4 2.15 0.17
1967 1884.716 112.6 2.16 0.16
1968 1885.514 61.4 2.16 0.19
1969 1890.006 71.7 2.14 0.11
1970 1890.443 68.3 2.13 0.09
1971 1891.269 51.2 2.11 0.15
1972 1891.392 75.1 2.15 0.09
1973 1892.088 68.3 2.12 0.11
1974 1892.225 107.5 2.12 0.11
1975 1894.027 139.9 2.06 0.14
1976 1894.969 68.3 2.15 0.13
1977 1895.420 49.5 2.06 0.15
1978 1896.635 56.3 2.05 0.13
1979 1896.887 76.8 2.03 0.09
1980 1897.884 73.4 1.96 0.13
1981 1898.219 81.9 2.05 0.14
1982 1898.512 92.2 2.05 0.15
1983 1899.809 73.4 1.98 0.21
1984 1901.427 99.0 2.03 0.07
1985 1901.598 75.1 2.04 0.13
1986 1902.779 78.5 2.01 0.09
1987 1906.445 47.8 2.11 0.13
1988 1906.540 73.4 2.05 0.14
1989 1906.779 76.8 2.08 0.17
1990 1907.537 93.9 2.15 0.10
1991 1907.851 75.1 2.11 0.09
1992 1908.629 141.7 2.01 0.15
1993 1908.923 95.6 2.05 0.10
1994 1909.298 95.6 2.09 0.08
1995 1911.066 68.3 2.04 0.08
1996 1911.230 44.4 2.01 0.13
1997 1911.981 71.7 2.05 0.08
1998 1912.111 70.0 2.12 0.06
1999 1916.309 73.4 2.14 0.20
2000 1917.443 81.9 2.13 0.14
