1 3.334 81.9 2.14 -0.02
2 4.529 47.8 2.11 0.01
3 5.136 75.1 2.10 0.02
4 5.839 47.8 2.15 0.12
5 8.631 81.9 2.16 0.09
6 9.116 95.6 2.06 0.10
7 11.000 61.4 2.04 0.01
8 12.994 81.9 2.15 -0.01
9 13.560 52.9 2.24 -0.04
10 13.642 47.8 2.10 -0.04
11 14.502 54.6 2.22 -0.06
12 14.973 58.0 2.23 -0.03
13 15.431 56.3 2.17 -0.03
14 16.182 52.9 2.17 0.00
15 17.684 49.5 2.22 0.09
16 17.745 25.6 2.10 0.09
17 17.895 95.6 2.18 -0.04
18 18.796 59.7 2.18 -0.03
19 19.991 54.6 2.13 0.02
20 21.295 52.9 2.17 -0.04
21 25.487 73.4 2.10 0.02
22 26.190 39.3 2.05 -0.00
23 26.299 99.0 2.09 -0.02
24 28.251 66.6 2.10 -0.04
25 30.033 78.5 2.14 0.01
26 30.634 112.6 2.20 -0.01
27 31.692 136.5 2.10 -0.02
28 36.546 56.3 2.11 -0.06
29 38.833 78.5 2.13 -0.03
30 40.403 88.7 2.11 -0.03
31 41.830 105.8 2.07 -0.01
32 43.318 73.4 2.17 -0.03
33 44.806 73.4 2.02 -0.04
34 45.543 78.5 2.16 -0.07
35 48.288 85.3 2.02 -0.03
36 48.445 75.1 2.07 -0.03
37 48.759 116.1 1.99 -0.03
38 52.984 64.9 2.15 -0.05
39 54.677 92.2 2.19 -0.01
40 59.456 105.8 2.17 0.02
41 60.316 78.5 2.05 -0.06
42 63.443 102.4 2.11 -0.07
43 63.866 70.0 2.12 -0.08
44 65.395 64.9 2.07 0.10
45 66.337 73.4 2.04 0.02
46 66.604 85.3 2.07 0.04
47 66.952 61.4 2.06 0.03
48 70.515 64.9 2.18 0.05
49 71.150 85.3 2.18 -0.07
50 71.444 54.6 2.14 -0.00
51 72.993 88.7 2.02 0.01
52 73.608 75.1 2.04 0.03
53 75.041 139.9 2.16 0.06
54 75.369 92.2 2.13 0.05
55 76.427 87.0 2.07 -0.06
56 77.356 39.3 2.06 -0.01
57 78.694 58.0 2.04 0.02
58 79.813 93.9 2.15 -0.02
59 80.755 54.6 2.13 0.01
60 82.646 51.2 2.10 -0.01
61 83.302 44.4 2.09 -0.04
62 83.404 78.5 2.11 -0.08
63 84.319 81.9 2.09 -0.05
64 85.411 66.6 2.07 -0.05
65 86.906 56.3 2.02 -0.02
66 87.241 88.7 2.07 -0.09
67 87.288 44.4 2.07 -0.11
68 89.248 116.1 2.03 -0.09
69 90.080 61.4 2.03 -0.01
70 92.190 129.7 1.99 -0.05
71 92.395 78.5 1.97 -0.05
72 94.552 58.0 1.97 -0.07
73 95.644 59.7 2.00 -0.08
74 96.620 41.0 2.03 -0.07
75 96.805 85.3 2.01 -0.04
76 97.283 105.8 2.01 -0.02
77 97.460 85.3 2.04 -0.02
78 98.784 95.6 1.97 -0.09
79 99.044 122.9 2.01 -0.04
80 102.956 63.1 2.02 -0.00
81 104.055 52.9 2.01 -0.04
82 104.369 80.2 2.05 -0.09
83 106.109 64.9 2.06 0.06
84 106.232 90.5 2.14 0.08
85 106.737 49.5 2.11 0.01
86 107.659 109.2 2.18 -0.01
87 110.383 80.2 2.09 -0.09
88 111.018 64.9 2.22 -0.06
89 112.069 58.0 2.12 -0.12
90 112.335 64.9 2.17 -0.12
91 113.844 90.5 2.11 -0.02
92 115.544 78.5 2.14 -0.06
93 118.561 66.6 2.22 -0.08
94 118.828 116.1 2.21 -0.05
95 119.838 192.9 2.25 0.09
96 120.568 71.7 2.23 -0.08
97 122.016 47.8 2.14 0.01
98 122.125 78.5 2.14 0.01
99 122.657 78.5 2.19 -0.02
100 123.265 44.4 2.18 0.02
101 123.545 52.9 2.16 -0.05
102 123.907 76.8 2.13 -0.05
103 125.169 63.1 2.13 -0.08
104 126.610 75.1 2.11 -0.02
105 127.306 85.3 2.18 -0.08
106 128.221 73.4 2.17 -0.02
107 128.446 78.5 2.20 -0.06
108 129.293 56.3 2.09 -0.02
109 129.573 85.3 2.17 0.02
110 131.191 70.0 2.15 -0.08
111 131.566 93.9 2.16 -0.01
112 133.949 95.6 2.12 -0.07
113 135.901 39.3 2.05 -0.03
114 136.611 95.6 2.01 -0.11
115 137.806 110.9 2.02 -0.08
116 138.256 71.7 2.08 -0.06
117 140.168 93.9 2.12 -0.12
118 140.482 76.8 2.15 -0.09
119 143.308 87.0 2.04 -0.03
120 144.605 58.0 2.12 -0.07
121 146.701 155.3 2.14 -0.07
122 147.090 54.6 2.16 -0.09
123 150.503 68.3 2.15 -0.03
124 151.439 18.8 2.10 -0.12
125 151.677 41.0 2.14 -0.08
126 156.613 117.8 2.11 -0.07
127 156.770 78.5 2.12 -0.04
128 157.869 99.0 2.15 -0.04
129 158.306 63.1 2.18 0.01
130 159.856 95.6 2.31 -0.10
131 161.842 58.0 2.27 0.08
132 162.293 99.0 2.18 0.06
133 163.890 85.3 2.26 0.04
134 164.102 71.7 2.19 0.02
135 164.307 58.0 2.19 0.06
136 165.365 90.5 2.24 0.04
137 168.553 75.1 2.22 -0.01
138 169.379 105.8 2.28 0.07
139 171.202 75.1 2.33 0.05
140 172.635 78.5 2.24 0.04
141 173.584 87.0 2.19 -0.02
142 174.479 71.7 2.16 0.05
143 175.209 42.7 2.20 0.03
144 176.335 71.7 2.25 0.06
145 176.492 76.8 2.24 0.06
146 177.032 78.5 2.23 0.05
147 177.271 78.5 2.19 0.03
148 178.820 78.5 2.18 0.14
149 181.216 59.7 2.23 -0.10
150 181.367 68.3 2.24 -0.03
151 183.483 80.2 2.11 0.05
152 184.350 47.8 2.06 -0.01
153 185.319 71.7 2.11 -0.04
154 185.804 59.7 2.14 -0.03
155 187.046 116.1 2.20 -0.05
156 189.074 105.8 2.18 0.05
157 189.784 64.9 2.14 -0.01
158 190.351 66.6 2.12 -0.06
159 190.740 76.8 2.18 -0.06
160 192.501 76.8 2.09 0.04
161 194.549 71.7 2.10 0.03
162 195.812 68.3 2.11 0.03
163 196.774 63.1 2.06 0.08
164 197.402 71.7 2.09 0.07
165 197.716 64.9 2.17 0.01
166 198.399 42.7 2.11 -0.00
167 199.396 59.7 2.03 0.11
168 199.553 42.7 2.09 0.10
169 199.724 54.6 2.03 0.10
170 203.226 122.9 1.89 0.07
171 203.710 105.8 2.01 0.13
172 204.393 119.5 1.99 0.04
173 205.786 64.9 2.17 0.04
174 207.171 80.2 2.19 -0.02
175 208.516 49.5 2.23 -0.04
176 208.694 54.6 2.21 -0.04
177 209.793 81.9 2.17 -0.03
178 211.008 75.1 2.14 -0.04
179 211.964 88.7 2.16 0.02
180 214.933 58.0 2.07 0.01
181 215.084 78.5 2.06 0.01
182 215.705 78.5 2.11 0.01
183 217.056 61.4 2.15 0.15
184 217.405 68.3 2.17 0.11
185 218.702 61.4 2.26 0.10
186 220.251 105.8 2.28 0.09
187 222.286 63.1 2.10 0.13
188 223.050 76.8 2.11 0.15
189 223.330 63.1 2.08 0.15
190 223.405 52.9 2.11 0.13
191 224.470 68.3 2.20 0.06
192 225.023 85.3 2.20 0.10
193 228.184 81.9 2.16 0.18
194 230.566 136.5 2.19 -0.05
195 232.253 81.9 2.29 -0.11
196 232.683 76.8 2.20 0.05
197 233.659 41.0 2.31 -0.02
198 236.103 63.1 2.28 -0.13
199 236.738 64.9 2.23 -0.09
200 238.246 81.9 2.15 -0.09
201 238.676 75.1 2.21 -0.01
202 239.270 75.1 2.12 -0.02
203 240.083 95.6 2.08 -0.07
204 241.202 119.5 2.02 -0.11
205 243.073 107.5 2.19 -0.09
206 245.592 66.6 2.21 -0.17
207 246.118 78.5 2.27 -0.01
208 247.961 47.8 2.14 0.00
209 248.602 63.1 2.06 0.03
210 249.217 81.9 2.10 0.04
211 249.872 70.0 1.94 0.16
212 250.050 95.6 1.94 0.16
213 250.234 56.3 1.90 0.15
214 251.613 52.9 1.91 0.11
215 253.600 68.3 2.00 0.05
216 253.729 92.2 2.07 -0.04
217 254.583 100.7 2.09 -0.04
218 255.968 78.5 2.00 0.01
219 256.856 78.5 2.03 0.00
220 258.269 88.7 2.11 -0.06
221 259.457 58.0 2.09 -0.13
222 260.617 81.9 2.16 -0.13
223 260.822 64.9 2.09 -0.17
224 263.949 70.0 2.01 -0.16
225 265.526 47.8 2.04 -0.08
226 265.703 68.3 2.00 -0.12
227 266.092 114.3 1.97 -0.16
228 266.324 76.8 1.95 -0.23
229 267.635 61.4 1.99 -0.04
230 268.277 78.5 1.97 -0.01
231 268.448 78.5 2.00 -0.11
232 270.072 64.9 2.05 -0.10
233 270.830 42.7 2.15 -0.08
234 271.281 75.1 2.07 -0.10
235 271.383 66.6 2.17 -0.21
236 272.557 58.0 2.23 -0.17
237 272.871 64.9 2.19 -0.12
238 275.315 68.3 2.11 -0.12
239 275.677 95.6 2.09 -0.11
240 277.315 116.1 2.13 -0.11
241 279.049 58.0 2.02 -0.12
242 280.934 88.7 2.11 -0.16
243 282.299 71.7 2.03 -0.15
244 283.644 116.1 1.98 -0.18
245 284.244 95.6 1.96 -0.12
246 284.852 81.9 1.94 -0.17
247 286.306 92.2 1.96 -0.20
248 287.699 88.7 1.99 -0.21
249 288.416 58.0 2.05 -0.16
250 289.590 109.2 2.01 -0.18
251 289.788 71.7 2.02 -0.17
252 290.006 81.9 2.02 -0.17
253 290.614 73.4 2.00 -0.25
254 291.604 68.3 1.98 -0.21
255 294.758 88.7 1.99 -0.18
256 297.877 114.3 1.94 -0.05
257 298.642 88.7 1.96 -0.11
258 300.151 71.7 2.03 -0.04
259 301.147 102.4 1.98 0.03
260 303.305 81.9 1.91 -0.06
261 304.622 61.4 2.01 0.04
262 305.974 63.1 1.98 -0.15
263 308.001 64.9 1.98 -0.09
264 308.111 87.0 1.95 -0.05
265 308.247 71.7 2.03 -0.07
266 308.643 52.9 2.04 -0.09
267 309.203 64.9 2.04 -0.12
268 309.585 58.0 2.11 -0.11
269 312.329 58.0 2.05 0.05
270 312.671 68.3 2.05 0.06
271 316.507 61.4 1.90 0.16
272 318.323 68.3 2.02 0.20
273 320.474 95.6 1.97 0.18
274 322.092 83.6 2.06 0.04
275 324.324 59.7 2.03 0.11
276 326.031 68.3 2.05 0.20
277 329.710 41.0 1.97 0.13
278 329.833 68.3 1.89 0.12
279 331.806 75.1 2.07 0.10
280 333.424 95.6 2.01 0.14
281 334.775 75.1 2.00 0.07
282 335.670 88.7 1.89 0.18
283 337.513 78.5 1.91 0.12
284 337.875 52.9 1.90 0.14
285 339.083 58.0 1.87 0.08
286 340.394 93.9 1.92 0.06
287 342.135 81.9 1.91 0.17
288 342.831 126.3 1.93 0.19
289 344.934 76.8 1.98 0.18
290 345.466 99.0 2.05 0.22
291 347.173 109.2 1.97 0.09
292 347.569 95.6 1.93 0.24
293 349.951 56.3 1.84 0.08
294 350.135 71.7 1.84 0.08
295 350.511 100.7 1.84 0.10
296 353.719 70.0 1.93 -0.07
297 359.604 51.2 2.07 0.01
298 360.628 51.2 2.05 -0.05
299 363.427 35.8 2.01 0.01
300 363.666 49.5 2.05 0.03
301 364.185 92.2 2.10 0.06
302 364.608 102.4 2.17 0.03
303 364.888 52.9 2.11 0.04
304 365.502 70.0 2.15 0.13
305 365.885 71.7 2.17 0.11
306 366.103 78.5 2.09 0.14
307 366.233 78.5 2.12 0.17
308 367.776 58.0 2.18 0.05
309 369.353 63.1 2.24 0.00
310 369.612 71.7 2.22 -0.02
311 369.803 52.9 2.20 -0.06
312 370.185 80.2 2.09 -0.00
313 371.926 56.3 2.10 -0.03
314 372.076 107.5 2.04 -0.01
315 372.322 75.1 2.00 -0.01
316 374.193 73.4 2.00 0.09
317 376.466 52.9 2.03 0.01
318 377.906 92.2 2.04 0.08
319 380.944 81.9 2.05 0.07
320 384.201 93.9 2.08 0.03
321 385.211 75.1 2.13 -0.02
322 386.528 95.6 2.16 0.07
323 386.672 78.5 2.17 0.06
324 387.313 75.1 2.16 0.06
325 387.655 63.1 2.14 0.05
326 388.010 66.6 2.12 0.11
327 389.566 73.4 2.07 0.01
328 389.826 75.1 2.15 -0.03
329 390.618 59.7 2.11 0.05
330 395.567 71.7 2.14 0.01
331 395.826 78.5 2.12 -0.01
332 396.017 59.7 2.20 -0.01
333 396.400 66.6 2.18 -0.01
334 396.966 51.2 2.14 -0.03
335 397.199 61.4 2.18 -0.00
336 397.294 61.4 2.18 -0.04
337 397.513 34.1 2.19 -0.02
338 398.823 75.1 2.12 0.00
339 399.151 58.0 2.15 -0.02
340 399.731 68.3 2.17 0.03
341 400.032 81.9 2.14 -0.01
342 400.762 88.7 2.07 -0.00
343 401.110 56.3 2.12 0.01
344 405.657 68.3 2.09 -0.02
345 408.654 71.7 2.05 0.06
346 409.753 35.8 2.01 0.00
347 411.255 107.5 2.09 0.06
348 411.821 47.8 2.17 -0.02
349 412.115 66.6 2.18 0.02
350 416.013 52.9 2.17 0.06
351 416.388 121.2 2.21 0.01
352 416.900 75.1 2.20 -0.02
353 421.399 35.8 2.21 0.10
354 421.549 81.9 2.19 0.07
355 423.747 47.8 2.10 0.05
356 424.751 81.9 2.15 0.09
357 425.502 73.4 2.15 0.05
358 427.004 104.1 2.19 0.08
359 430.130 51.2 2.13 -0.01
360 430.649 63.1 2.17 0.03
361 431.864 100.7 2.18 -0.01
362 432.629 64.9 2.10 0.10
363 432.868 64.9 2.13 0.09
364 433.735 80.2 2.13 0.02
365 434.240 75.1 2.06 -0.00
366 434.936 52.9 2.12 0.08
367 435.762 85.3 2.13 0.06
368 436.111 116.1 2.17 -0.00
369 438.800 70.0 2.09 0.08
370 439.469 75.1 2.04 0.10
371 439.674 71.7 2.07 0.09
372 439.817 35.8 2.07 0.12
373 440.138 75.1 2.02 0.09
374 441.756 61.4 2.00 0.01
375 442.439 70.0 1.99 -0.01
376 443.251 78.5 1.97 -0.03
377 443.811 63.1 1.92 -0.02
378 444.125 76.8 1.95 -0.09
379 444.978 64.9 1.96 -0.13
380 445.477 71.7 1.93 -0.11
381 446.781 58.0 2.14 -0.00
382 447.975 64.9 2.08 -0.06
383 449.634 73.4 1.95 -0.06
384 449.777 100.7 1.97 -0.06
385 451.375 71.7 2.05 -0.08
386 452.638 102.4 2.07 -0.09
387 452.877 75.1 1.99 -0.12
388 458.195 88.7 2.12 -0.00
389 458.557 88.7 2.13 -0.10
390 459.273 85.3 2.09 -0.03
391 463.274 34.1 2.06 0.02
392 463.799 129.7 2.02 -0.03
393 465.499 76.8 2.10 -0.06
394 465.602 76.8 2.15 -0.06
395 466.271 81.9 2.11 -0.09
396 466.462 51.2 2.03 -0.05
397 466.919 54.6 2.14 0.02
398 468.742 70.0 2.06 -0.04
399 469.431 90.5 2.06 -0.07
400 469.636 112.6 2.18 -0.03
401 470.469 80.2 2.11 -0.08
402 470.592 71.7 2.14 -0.08
403 471.070 70.0 2.15 -0.02
404 471.152 46.1 2.17 -0.04
405 479.316 76.8 2.21 -0.14
406 479.583 93.9 2.03 0.07
407 482.532 88.7 2.22 -0.17
408 484.983 136.5 2.18 -0.11
409 485.740 64.9 2.25 -0.12
410 487.106 81.9 2.23 -0.09
411 488.068 42.7 2.10 -0.10
412 490.724 46.1 2.17 -0.03
413 491.673 102.4 2.20 -0.03
414 493.762 81.9 2.19 0.08
415 494.656 95.6 2.13 0.03
416 496.506 104.1 2.16 -0.08
417 496.670 66.6 2.26 -0.08
418 497.141 92.2 2.21 -0.05
419 497.551 102.4 2.17 -0.10
420 498.035 80.2 2.18 -0.07
421 498.622 88.7 2.22 0.02
422 499.721 63.1 2.25 0.09
423 500.220 75.1 2.22 0.01
424 500.834 64.9 2.13 0.11
425 501.749 99.0 2.05 0.10
426 506.412 80.2 2.12 0.09
427 506.999 64.9 2.09 0.17
428 509.012 68.3 2.23 0.09
429 509.142 68.3 2.21 0.05
430 510.139 109.2 2.15 0.03
431 510.494 110.9 2.13 0.07
432 510.719 112.6 2.17 -0.03
433 518.781 61.4 2.05 0.10
434 519.792 76.8 2.10 0.14
435 524.953 78.5 2.10 0.13
436 525.519 90.5 2.13 0.17
437 526.557 95.6 2.06 0.10
438 529.793 112.6 2.20 0.05
439 530.933 109.2 2.24 0.08
440 533.705 102.4 2.17 0.15
441 535.473 66.6 2.16 0.12
442 535.910 63.1 2.16 0.20
443 536.067 68.3 2.20 0.20
444 538.067 39.3 2.21 0.12
445 538.142 41.0 2.23 0.12
446 538.224 56.3 2.24 0.16
447 538.490 78.5 2.23 0.15
448 538.784 54.6 2.21 0.16
449 538.886 68.3 2.16 0.18
450 539.350 81.9 2.18 0.14
451 540.279 61.4 2.17 0.15
452 540.634 66.6 2.20 0.12
453 541.146 49.5 2.09 0.08
454 541.849 88.7 2.13 0.14
455 542.627 51.2 2.13 0.15
456 544.443 81.9 2.12 0.20
457 546.354 78.5 2.21 0.11
458 546.914 71.7 2.27 0.13
459 550.915 68.3 2.09 0.03
460 551.468 83.6 2.10 0.08
461 552.382 59.7 2.07 0.06
462 552.601 61.4 2.05 0.03
463 554.485 81.9 2.13 0.12
464 554.656 61.4 2.15 0.11
465 555.331 61.4 2.18 0.10
466 555.905 68.3 2.08 0.03
467 556.103 95.6 2.09 0.11
468 558.212 80.2 2.19 0.01
469 564.916 42.7 2.18 0.13
470 566.937 63.1 2.13 0.11
471 567.674 75.1 1.96 0.18
472 567.797 88.7 1.99 0.10
473 568.213 75.1 1.97 0.00
474 568.732 66.6 1.98 0.05
475 570.753 95.6 2.04 0.08
476 573.845 95.6 1.95 -0.01
477 574.398 70.0 1.97 -0.03
478 575.566 59.7 2.07 0.06
479 576.255 100.7 1.93 0.01
480 577.511 46.1 1.98 0.01
481 577.716 64.9 1.93 -0.05
482 577.887 76.8 1.92 -0.07
483 578.965 73.4 1.99 -0.01
484 579.075 75.1 1.97 0.04
485 581.232 61.4 1.80 -0.08
486 581.361 44.4 1.93 -0.08
487 581.498 93.9 1.90 -0.12
488 581.757 81.9 1.91 -0.02
489 582.461 88.7 2.00 0.02
490 582.843 78.5 2.03 -0.10
491 583.089 88.7 2.05 -0.19
492 583.935 75.1 2.15 -0.15
493 584.461 83.6 2.04 -0.11
494 588.270 58.0 2.14 -0.05
495 588.577 59.7 2.18 0.01
496 589.458 56.3 2.15 0.05
497 590.004 88.7 2.13 0.03
498 592.018 87.0 2.21 -0.01
499 593.254 78.5 2.10 -0.00
500 596.885 75.1 2.03 -0.06
501 597.199 61.4 1.97 -0.05
502 597.370 78.5 1.94 -0.02
503 597.479 70.0 2.07 -0.05
504 598.005 71.7 2.07 -0.04
505 602.326 56.3 2.10 -0.07
506 604.292 58.0 2.14 -0.03
507 604.565 56.3 2.12 -0.00
508 605.794 63.1 2.15 0.01
509 607.241 66.6 2.06 -0.02
510 609.078 92.2 2.10 0.00
511 609.597 64.9 2.03 -0.02
512 611.003 70.0 2.08 -0.05
513 613.611 109.2 2.07 -0.03
514 614.737 51.2 1.96 -0.06
515 614.792 49.5 2.03 -0.04
516 616.819 78.5 2.16 -0.06
517 617.679 76.8 2.15 -0.02
518 618.874 64.9 2.13 -0.02
519 619.816 59.7 2.11 0.01
520 620.690 75.1 2.21 -0.10
521 622.267 73.4 2.15 -0.08
522 622.752 54.6 2.06 -0.01
523 622.936 90.5 2.16 0.05
524 625.182 95.6 2.12 -0.05
525 625.312 71.7 2.08 -0.01
526 626.295 64.9 2.13 0.01
527 626.363 23.9 2.16 -0.02
528 626.718 47.8 2.23 0.00
529 628.042 49.5 2.26 0.04
530 629.728 175.8 2.26 0.17
531 630.841 68.3 2.34 0.06
532 636.514 58.0 2.23 0.10
533 636.931 73.4 2.23 0.05
534 638.794 70.0 2.26 0.04
535 641.061 93.9 2.25 -0.01
536 641.545 88.7 2.33 -0.02
537 642.201 56.3 2.35 0.00
538 642.897 75.1 2.30 0.03
539 643.402 88.7 2.27 0.04
540 645.437 59.7 2.24 -0.01
541 648.010 78.5 2.12 0.15
542 648.748 76.8 2.21 0.14
543 649.963 81.9 2.20 0.09
544 651.417 112.6 2.16 0.04
545 652.113 92.2 2.16 0.07
546 652.809 83.6 2.15 0.03
547 654.502 99.0 2.19 0.04
548 656.530 99.0 2.12 0.00
549 656.701 85.3 2.09 -0.03
550 658.100 71.7 2.10 0.01
551 658.721 70.0 2.19 -0.07
552 660.865 85.3 2.14 -0.07
553 661.541 88.7 2.12 -0.07
554 662.585 44.4 2.06 -0.13
555 664.681 51.2 2.21 -0.03
556 667.268 71.7 2.17 0.01
557 668.251 88.7 2.16 0.07
558 668.668 64.9 2.13 0.05
559 669.978 81.9 2.15 0.06
560 672.504 76.8 2.23 0.10
561 672.962 78.5 2.25 0.20
562 674.887 99.0 2.11 0.06
563 676.962 76.8 2.07 0.08
564 679.440 75.1 1.99 -0.06
565 680.075 126.3 2.05 -0.01
566 680.662 35.8 2.14 -0.06
567 680.758 56.3 2.06 0.01
568 682.130 129.7 2.13 0.08
569 683.577 75.1 2.07 0.02
570 684.239 105.8 2.09 -0.01
571 685.291 78.5 2.13 -0.05
572 686.943 61.4 2.09 -0.01
573 687.462 56.3 2.09 -0.05
574 690.056 114.3 2.05 -0.08
575 691.380 88.7 2.06 -0.09
576 692.281 71.7 1.99 -0.07
577 692.677 75.1 2.04 -0.12
578 694.746 44.4 2.08 -0.12
579 697.340 138.2 2.08 -0.07
580 697.708 75.1 2.02 -0.03
581 698.630 70.0 2.03 -0.14
582 699.695 81.9 2.07 -0.06
583 700.118 81.9 2.02 -0.03
584 700.637 88.7 1.92 -0.09
585 701.347 66.6 1.95 -0.03
586 701.477 81.9 1.98 -0.03
587 703.921 92.2 2.02 -0.05
588 704.098 87.0 2.07 -0.05
589 704.317 88.7 2.01 -0.05
590 704.426 109.2 2.04 -0.07
591 707.375 75.1 1.97 0.11
592 710.003 88.7 1.93 0.05
593 711.771 71.7 1.97 -0.01
594 713.963 83.6 1.97 0.10
595 714.816 66.6 1.90 0.10
596 715.226 51.2 1.90 0.08
597 718.618 54.6 1.74 0.07
598 720.912 71.7 1.92 0.07
599 724.483 109.2 1.94 0.06
600 725.199 99.0 1.94 0.10
601 726.537 85.3 2.02 0.06
602 730.156 80.2 2.04 0.04
603 731.302 64.9 2.02 0.06
604 731.862 109.2 1.96 0.10
605 732.128 105.8 1.95 0.09
606 733.944 71.7 1.92 0.06
607 735.146 73.4 1.91 0.12
608 739.331 112.6 2.01 -0.09
609 741.269 61.4 1.89 0.08
610 741.952 116.1 1.89 -0.04
611 744.635 99.0 1.92 -0.05
612 746.130 92.2 1.99 -0.04
613 747.666 58.0 2.14 0.00
614 748.881 42.7 1.98 -0.05
615 750.321 75.1 2.00 -0.00
616 753.776 81.9 1.95 0.09
617 756.131 81.9 2.09 0.08
618 756.595 90.5 1.92 -0.06
619 756.739 78.5 2.03 -0.06
620 756.902 97.3 2.04 -0.03
621 759.271 75.1 1.99 -0.05
622 759.592 63.1 1.98 -0.04
623 761.469 63.1 2.09 0.04
624 762.562 44.4 2.14 0.02
625 762.985 107.5 2.12 -0.00
626 764.972 68.3 2.24 -0.01
627 767.217 100.7 2.16 0.08
628 768.235 35.8 2.18 -0.02
629 769.068 95.6 2.04 -0.04
630 770.378 75.1 2.08 0.11
631 771.197 184.3 2.12 0.07
632 773.054 80.2 2.05 0.05
633 773.539 73.4 2.06 0.08
634 774.263 80.2 2.02 0.08
635 775.171 64.9 2.06 0.01
636 776.003 63.1 1.97 0.10
637 777.109 81.9 2.05 0.07
638 777.232 78.5 2.11 0.09
639 777.403 81.9 2.13 0.08
640 780.570 63.1 2.08 0.13
641 780.782 92.2 2.08 0.12
642 783.089 64.9 2.06 0.14
643 783.247 70.0 2.05 0.13
644 783.977 76.8 2.02 0.04
645 784.509 35.8 2.03 0.07
646 785.083 54.6 2.12 0.12
647 785.144 47.8 2.10 0.12
648 786.161 81.9 2.14 -0.01
649 787.629 47.8 2.01 0.06
650 788.797 102.4 2.02 0.10
651 791.138 95.6 1.95 0.09
652 792.162 102.4 2.02 0.19
653 792.517 85.3 1.96 0.14
654 793.289 71.7 1.97 0.11
655 794.674 54.6 1.97 0.11
656 795.780 92.2 1.96 0.10
657 799.119 81.9 2.09 0.11
658 800.450 88.7 2.11 0.09
659 803.174 61.4 2.11 0.03
660 804.867 70.0 2.04 0.04
661 805.181 70.0 1.98 0.12
662 812.908 75.1 2.09 0.04
663 814.786 116.1 2.11 0.07
664 815.100 68.3 2.11 0.09
665 815.857 93.9 2.08 0.11
666 816.233 35.8 2.07 0.11
667 816.636 71.7 2.21 0.07
668 817.837 63.1 2.08 0.02
669 819.926 90.5 2.05 -0.00
670 820.650 42.7 2.00 0.07
671 822.097 102.4 2.01 0.11
672 822.595 92.2 1.98 0.03
673 822.944 61.4 1.97 0.08
674 823.060 52.9 1.94 0.09
675 823.783 54.6 2.15 0.13
676 824.063 64.9 2.12 0.12
677 824.364 41.0 2.12 0.04
678 825.046 34.1 2.17 0.08
679 826.664 93.9 2.21 0.13
680 828.446 78.5 2.18 0.10
681 830.159 102.4 2.20 0.11
682 831.750 92.2 2.21 -0.01
683 832.774 88.7 2.15 0.03
684 833.013 73.4 2.11 0.07
685 833.204 76.8 2.19 0.05
686 834.644 25.6 2.08 0.02
687 834.849 73.4 2.13 0.00
688 836.324 81.9 2.23 -0.05
689 836.495 64.9 2.22 -0.05
690 837.812 75.1 2.10 -0.07
691 837.928 88.7 2.12 -0.06
692 843.191 87.0 2.05 -0.03
693 847.813 81.9 2.19 -0.10
694 851.936 71.7 2.13 -0.08
695 853.240 58.0 2.14 0.04
696 856.565 88.7 2.16 0.01
697 857.002 99.0 2.09 0.02
698 857.555 83.6 2.16 -0.00
699 859.535 119.5 2.10 0.08
700 859.889 129.7 2.08 0.04
701 860.019 44.4 2.00 0.05
702 860.579 68.3 2.03 0.06
703 861.494 64.9 2.05 -0.02
704 863.433 90.5 2.11 0.04
705 863.924 85.3 2.12 0.01
706 864.279 58.0 2.11 0.03
707 864.518 39.3 2.09 0.08
708 865.105 80.2 2.15 -0.01
709 867.993 80.2 2.19 -0.08
710 868.901 141.7 2.19 0.02
711 872.703 73.4 2.15 -0.11
712 873.434 76.8 2.08 -0.03
713 873.734 59.7 2.10 -0.08
714 874.697 122.9 2.12 -0.03
715 875.645 80.2 2.10 -0.04
716 876.192 81.9 2.07 -0.01
717 877.441 99.0 2.00 -0.03
718 878.465 75.1 1.99 0.01
719 880.274 110.9 2.08 -0.04
720 880.410 61.4 2.10 -0.04
721 880.663 71.7 2.07 -0.08
722 881.216 54.6 2.10 -0.09
723 881.851 68.3 2.05 -0.06
724 886.636 90.5 2.12 0.04
725 886.807 52.9 2.07 0.07
726 887.230 41.0 2.03 -0.01
727 887.585 52.9 2.11 0.03
728 887.892 76.8 2.13 0.15
729 888.787 95.6 2.09 0.02
730 889.708 59.7 2.07 0.04
731 890.207 66.6 2.08 0.06
732 892.603 88.7 2.00 0.08
733 893.347 105.8 2.05 0.10
734 894.166 75.1 2.04 0.06
735 895.040 61.4 2.01 0.03
736 895.217 95.6 2.06 -0.04
737 897.450 81.9 2.00 -0.08
738 897.777 100.7 1.98 -0.02
739 898.999 63.1 1.96 -0.10
740 899.081 61.4 2.02 -0.10
741 899.805 110.9 2.04 -0.04
742 900.426 81.9 2.00 -0.05
743 900.774 42.7 2.02 -0.01
744 901.723 66.6 1.89 -0.06
745 901.921 52.9 1.92 -0.08
746 903.724 81.9 2.05 -0.02
747 905.273 71.7 2.07 -0.14
748 907.369 143.4 2.12 -0.08
749 909.383 102.4 2.00 -0.13
750 909.519 66.6 2.03 -0.09
751 912.141 68.3 2.10 -0.07
752 914.755 88.7 2.06 0.02
753 917.602 35.8 2.10 0.07
754 920.865 122.9 2.30 0.02
755 921.794 88.7 2.22 -0.04
756 922.306 70.0 2.17 -0.07
757 923.118 109.2 2.11 -0.01
758 924.313 58.0 2.19 -0.03
759 925.623 112.6 2.23 -0.02
760 927.712 81.9 2.06 -0.08
761 928.265 88.7 2.17 -0.10
762 929.283 70.0 2.17 -0.02
763 930.914 61.4 2.18 -0.04
764 932.628 49.5 2.18 0.11
765 933.727 88.7 2.16 0.05
766 934.744 46.1 2.16 -0.01
767 937.713 78.5 2.16 0.06
768 938.574 116.1 2.19 0.04
769 940.410 92.2 2.20 0.09
770 942.567 56.3 2.22 0.01
771 943.182 117.8 2.28 0.01
772 944.868 58.0 2.20 -0.03
773 945.667 58.0 2.17 0.07
774 946.240 78.5 2.14 0.06
775 947.551 78.5 2.15 0.04
776 947.680 46.1 2.13 -0.00
777 948.390 42.7 2.08 -0.00
778 948.479 100.7 2.06 0.04
779 951.155 88.7 2.11 -0.04
780 951.353 102.4 2.13 -0.09
781 952.698 75.1 2.17 0.13
782 953.756 75.1 2.17 0.10
783 954.507 42.7 2.12 0.08
784 955.121 95.6 2.16 0.08
785 955.422 110.9 2.13 0.05
786 955.831 81.9 2.12 0.07
787 957.497 131.4 2.16 0.07
788 959.101 68.3 2.12 0.02
789 959.805 105.8 2.20 0.03
790 960.685 92.2 2.17 -0.02
791 960.897 75.1 2.17 0.02
792 961.723 76.8 2.16 0.03
793 962.003 66.6 2.16 0.04
794 962.337 68.3 2.11 0.07
795 963.757 81.9 2.16 0.07
796 964.283 41.0 2.21 -0.02
797 965.177 70.0 2.10 0.06
798 966.857 64.9 2.25 -0.00
799 968.154 61.4 2.27 -0.07
800 969.498 46.1 2.18 0.02
801 970.256 54.6 2.20 0.05
802 973.410 83.6 2.23 0.06
803 974.564 95.6 2.16 0.08
804 978.455 47.8 2.29 0.01
805 979.629 81.9 2.26 0.04
806 983.343 41.0 2.19 -0.06
807 984.954 71.7 2.15 -0.00
808 985.077 71.7 2.10 -0.00
809 985.268 68.3 2.15 0.22
810 985.575 93.9 2.11 0.20
811 988.429 32.4 2.07 -0.10
812 994.150 63.1 2.17 -0.15
813 995.010 63.1 2.15 -0.13
814 995.290 204.8 2.12 -0.05
815 996.307 73.4 2.02 -0.12
816 996.751 75.1 2.15 -0.06
817 996.867 64.9 2.00 -0.13
818 997.747 54.6 2.11 -0.08
819 998.949 68.3 2.10 0.01
820 1002.669 81.9 2.08 -0.09
821 1004.233 47.8 2.04 -0.12
822 1006.724 88.7 2.13 -0.09
823 1007.223 49.5 2.08 -0.10
824 1009.393 68.3 1.97 -0.10
825 1013.647 90.5 2.15 -0.12
826 1017.783 68.3 2.08 -0.19
827 1019.695 75.1 2.15 -0.13
828 1020.234 63.1 2.22 -0.05
829 1021.169 47.8 2.15 -0.09
830 1023.252 41.0 2.04 -0.11
831 1024.248 95.6 2.06 -0.14
832 1024.399 90.5 2.03 -0.14
833 1025.095 44.4 2.05 -0.14
834 1025.545 90.5 2.07 -0.11
835 1027.819 54.6 2.01 -0.13
836 1031.485 49.5 1.95 -0.06
837 1032.577 71.7 1.98 -0.07
838 1033.451 61.4 2.02 -0.06
839 1034.154 85.3 2.01 -0.09
840 1035.963 68.3 1.98 -0.10
841 1037.274 93.9 1.97 -0.14
842 1038.646 49.5 2.06 -0.24
843 1042.339 81.9 2.20 -0.07
844 1043.274 88.7 2.08 -0.05
845 1046.066 51.2 2.04 -0.20
846 1046.763 81.9 2.02 -0.15
847 1047.759 114.3 2.06 -0.09
848 1047.896 75.1 2.02 -0.11
849 1051.582 71.7 2.04 -0.29
850 1053.207 68.3 2.24 -0.13
851 1054.368 68.3 2.27 -0.09
852 1054.839 54.6 2.23 -0.07
853 1055.419 58.0 2.21 -0.04
854 1056.907 47.8 2.20 -0.08
855 1057.289 75.1 2.23 -0.09
856 1057.740 105.8 2.19 -0.05
857 1060.006 90.5 2.15 -0.06
858 1061.556 75.1 2.19 -0.10
859 1061.645 58.0 2.11 -0.10
860 1062.368 88.7 2.11 0.04
861 1064.451 59.7 2.24 0.07
862 1067.352 75.1 2.16 -0.01
863 1068.697 83.6 2.26 0.06
864 1069.052 59.7 2.19 0.04
865 1069.304 68.3 2.21 0.07
866 1069.414 71.7 2.21 0.07
867 1069.666 105.8 2.09 0.12
868 1069.837 99.0 2.09 0.12
869 1070.376 75.1 2.14 0.05
870 1071.243 70.0 2.12 0.01
871 1071.564 71.7 2.15 0.01
872 1071.823 54.6 2.16 0.07
873 1072.581 68.3 2.09 0.16
874 1076.431 191.1 2.12 0.06
875 1076.739 78.5 2.17 0.03
876 1077.421 52.9 2.09 0.08
877 1084.186 81.9 2.18 -0.08
878 1084.323 70.0 2.23 -0.07
879 1086.924 68.3 2.25 -0.02
880 1087.532 64.9 2.29 -0.00
881 1087.914 39.3 2.28 -0.04
882 1088.706 46.1 2.25 0.01
883 1090.740 80.2 2.16 0.01
884 1092.167 95.6 2.23 -0.01
885 1092.904 109.2 2.24 -0.03
886 1093.157 71.7 2.17 0.04
887 1095.082 80.2 2.24 -0.06
888 1095.307 54.6 2.22 -0.06
889 1096.939 88.7 2.21 -0.02
890 1098.686 116.1 2.17 0.01
891 1100.639 56.3 2.19 -0.06
892 1101.458 54.6 2.16 -0.02
893 1101.629 71.7 2.19 -0.17
894 1103.096 59.7 2.17 -0.04
895 1103.963 126.3 2.11 -0.05
896 1106.045 59.7 2.18 -0.11
897 1107.554 66.6 2.09 0.01
898 1108.442 68.3 2.21 -0.02
899 1109.814 85.3 2.18 -0.05
900 1109.903 51.2 2.20 -0.00
901 1109.984 107.5 2.21 -0.00
902 1117.412 39.3 2.12 0.11
903 1118.006 54.6 2.14 0.12
904 1118.586 64.9 2.14 0.11
905 1120.388 102.4 2.13 -0.02
906 1121.173 75.1 2.20 -0.05
907 1121.822 81.9 2.17 0.05
908 1123.276 80.2 2.12 -0.01
909 1124.061 93.9 2.16 -0.11
910 1124.477 78.5 2.13 -0.11
911 1126.580 56.3 2.16 -0.01
912 1127.085 75.1 2.19 -0.03
913 1128.881 46.1 2.03 0.18
914 1129.966 39.3 1.96 0.05
915 1130.041 41.0 1.98 0.05
916 1130.219 70.0 2.02 0.06
917 1130.826 81.9 2.04 0.08
918 1131.420 58.0 2.13 0.07
919 1133.912 68.3 2.07 0.04
920 1134.485 61.4 2.09 0.01
921 1136.567 47.8 2.13 0.09
922 1136.854 83.6 2.14 0.11
923 1137.940 75.1 2.16 0.04
924 1138.732 64.9 2.11 -0.04
925 1139.066 99.0 2.16 -0.02
926 1142.268 81.9 2.20 -0.01
927 1142.425 85.3 2.15 -0.01
928 1142.541 75.1 2.17 0.02
929 1143.169 34.1 2.15 -0.03
930 1144.056 85.3 2.15 -0.00
931 1146.746 54.6 2.10 -0.02
932 1147.941 110.9 2.03 -0.03
933 1148.111 75.1 2.15 0.05
934 1150.972 37.5 2.08 -0.04
935 1151.279 39.3 2.11 -0.03
936 1152.003 66.6 2.11 0.01
937 1152.317 75.1 2.14 -0.02
938 1152.637 46.1 2.11 0.02
939 1152.835 37.5 2.11 -0.02
940 1153.709 71.7 2.09 -0.03
941 1153.982 90.5 2.15 -0.05
942 1159.259 41.0 2.11 -0.02
943 1161.744 63.1 2.09 -0.04
944 1163.355 49.5 2.19 -0.04
945 1163.512 68.3 2.20 -0.00
946 1168.113 81.9 2.11 0.09
947 1168.475 105.8 2.15 0.06
948 1169.028 80.2 2.11 0.07
949 1169.636 68.3 2.03 0.09
950 1170.025 93.9 2.08 0.08
951 1171.158 58.0 2.14 0.09
952 1173.425 81.9 2.11 -0.00
953 1173.568 87.0 2.07 -0.00
954 1174.278 99.0 2.04 -0.01
955 1175.773 68.3 2.08 0.08
956 1175.889 85.3 2.05 0.08
957 1176.367 68.3 2.06 0.10
958 1176.517 90.5 2.06 0.06
959 1178.060 71.7 2.14 -0.03
960 1178.592 64.9 2.18 0.03
961 1179.289 102.4 2.09 0.02
962 1180.538 102.4 2.06 0.05
963 1180.961 64.9 2.10 0.04
964 1181.071 51.2 2.10 0.02
965 1182.190 71.7 2.16 0.06
966 1185.610 81.9 1.99 0.02
967 1187.761 88.7 2.02 0.05
968 1188.887 63.1 2.17 0.03
969 1189.460 70.0 2.17 0.06
970 1189.822 71.7 2.10 0.11
971 1190.532 75.1 2.12 0.10
972 1192.655 68.3 2.14 0.09
973 1194.519 119.5 2.19 -0.14
974 1194.997 68.3 2.11 -0.06
975 1195.796 80.2 2.16 0.06
976 1196.731 64.9 2.25 -0.01
977 1197.960 68.3 2.32 -0.08
978 1200.629 88.7 2.12 -0.11
979 1200.950 75.1 2.22 -0.07
980 1201.701 64.9 2.14 -0.10
981 1205.401 76.8 2.10 -0.11
982 1205.920 63.1 2.07 -0.16
983 1206.384 81.9 2.09 -0.06
984 1210.425 78.5 2.06 -0.02
985 1211.162 99.0 2.04 -0.04
986 1211.729 71.7 2.06 -0.09
987 1212.562 68.3 1.99 -0.08
988 1215.347 78.5 2.11 0.02
989 1217.361 59.7 2.15 -0.13
990 1223.328 52.9 2.24 0.00
991 1224.270 87.0 2.17 -0.10
992 1224.645 75.1 2.30 -0.11
993 1225.307 61.4 2.32 -0.05
994 1225.853 75.1 2.28 -0.05
995 1226.509 63.1 2.20 -0.04
996 1227.540 88.7 2.25 -0.13
997 1229.048 51.2 2.18 -0.08
998 1229.765 75.1 2.06 -0.14
999 1231.526 71.7 2.10 -0.03
1000 1232.277 61.4 2.11 -0.02
1001 1232.496 81.9 2.05 -0.01
1002 1234.633 59.7 2.08 0.00
1003 1235.472 61.4 2.11 -0.01
1004 1236.087 81.9 2.15 0.01
1005 1236.769 68.3 2.10 -0.01
1006 1239.520 51.2 2.14 -0.16
1007 1240.463 83.6 2.13 -0.12
1008 1241.882 68.3 2.17 -0.16
1009 1243.261 61.4 2.17 -0.06
1010 1243.453 63.1 2.04 -0.08
1011 1243.664 71.7 2.13 -0.01
1012 1244.251 80.2 2.10 0.02
1013 1246.054 88.7 2.15 -0.07
1014 1255.222 88.7 2.14 -0.08
1015 1259.161 68.3 2.12 -0.12
1016 1262.287 75.1 2.13 -0.11
1017 1262.472 80.2 2.08 -0.11
1018 1262.704 63.1 2.09 -0.08
1019 1263.612 88.7 2.08 -0.01
1020 1266.022 39.3 2.13 -0.05
1021 1266.772 63.1 2.12 -0.11
1022 1267.073 95.6 2.09 -0.05
1023 1267.380 75.1 2.08 -0.06
1024 1267.878 75.1 2.10 -0.02
1025 1269.681 102.4 2.00 -0.02
1026 1271.012 177.5 2.13 -0.09
1027 1271.654 56.3 2.15 -0.09
1028 1271.927 88.7 2.15 -0.15
1029 1272.090 81.9 2.17 -0.14
1030 1273.360 88.7 2.19 -0.10
1031 1274.145 81.9 2.22 -0.21
1032 1274.357 81.9 2.09 -0.18
1033 1275.224 81.9 2.03 -0.11
1034 1275.586 107.5 2.05 -0.10
1035 1276.091 75.1 2.10 -0.07
1036 1276.343 92.2 2.09 -0.12
1037 1278.521 78.5 2.16 0.01
1038 1278.678 64.9 2.10 0.00
1039 1278.883 81.9 2.13 -0.01
1040 1281.907 88.7 2.26 -0.03
1041 1283.395 88.7 2.14 -0.02
1042 1285.232 92.2 2.10 -0.06
1043 1286.979 59.7 2.06 0.06
1044 1287.109 85.3 2.04 0.06
1045 1287.805 63.1 2.12 0.04
1046 1289.690 88.7 2.21 0.10
1047 1291.219 46.1 2.11 -0.03
1048 1291.635 95.6 2.12 -0.03
1049 1291.936 83.6 2.12 -0.06
1050 1293.328 56.3 2.06 0.05
1051 1293.758 150.2 2.05 0.06
1052 1294.427 78.5 2.04 0.02
1053 1295.028 87.0 2.06 0.09
1054 1296.434 47.8 2.03 0.01
1055 1297.807 116.1 2.04 0.08
1056 1299.022 88.7 2.05 0.05
1057 1299.622 81.9 2.05 0.04
1058 1299.738 75.1 2.05 0.02
1059 1300.073 52.9 2.04 0.01
1060 1300.681 64.9 2.07 -0.06
1061 1301.889 81.9 2.00 -0.01
1062 1302.510 70.0 2.02 -0.00
1063 1303.411 68.3 2.07 0.01
1064 1303.650 52.9 2.12 -0.04
1065 1303.780 100.7 2.06 -0.01
1066 1304.681 70.0 2.14 0.08
1067 1305.261 81.9 2.11 -0.00
1068 1305.596 81.9 2.06 -0.00
1069 1305.917 56.3 2.13 -0.02
1070 1306.292 51.2 2.09 0.08
1071 1307.405 93.9 2.02 -0.05
1072 1307.616 92.2 1.96 -0.00
1073 1308.279 157.0 2.09 0.05
1074 1308.661 102.4 2.16 0.03
1075 1312.149 52.9 2.17 -0.02
1076 1312.320 75.1 2.13 -0.01
1077 1313.119 52.9 2.18 -0.02
1078 1315.924 59.7 2.19 0.15
1079 1316.607 42.7 2.16 0.18
1080 1316.860 100.7 2.14 0.13
1081 1317.058 68.3 2.16 0.12
1082 1317.242 61.4 2.16 0.17
1083 1318.252 49.5 2.20 0.08
1084 1319.153 35.8 2.19 0.14
1085 1319.700 80.2 2.22 0.12
1086 1320.020 68.3 2.27 0.07
1087 1320.137 64.9 2.27 0.05
1088 1320.239 75.1 2.29 0.03
1089 1321.222 66.6 2.17 0.06
1090 1324.342 63.1 2.10 0.05
1091 1325.673 97.3 2.10 0.08
1092 1326.001 68.3 2.04 0.04
1093 1326.752 58.0 2.19 0.05
1094 1326.922 63.1 2.17 0.04
1095 1326.991 39.3 2.11 0.06
1096 1327.509 83.6 2.21 0.07
1097 1327.598 52.9 2.20 0.10
1098 1327.980 68.3 2.23 0.07
1099 1328.595 85.3 2.25 0.06
1100 1328.970 42.7 2.13 0.06
1101 1330.561 64.9 2.10 0.11
1102 1330.732 66.6 2.17 0.02
1103 1331.558 47.8 2.21 0.02
1104 1331.626 37.5 2.18 0.02
1105 1333.087 99.0 2.22 0.04
1106 1333.244 66.6 2.19 0.02
1107 1333.571 63.1 2.17 0.04
1108 1333.769 81.9 2.18 0.01
1109 1335.019 95.6 2.14 0.04
1110 1336.350 59.7 2.09 0.07
1111 1338.412 107.5 2.17 0.02
1112 1338.637 129.7 2.15 0.07
1113 1338.801 51.2 2.13 0.06
1114 1341.129 30.7 2.12 0.04
1115 1343.224 88.7 2.15 0.04
1116 1344.706 68.3 2.11 0.06
1117 1345.054 49.5 2.16 0.06
1118 1346.556 51.2 2.12 0.07
1119 1346.842 61.4 2.15 0.10
1120 1347.163 51.2 2.13 0.10
1121 1347.511 49.5 2.12 0.05
1122 1348.617 75.1 2.13 0.03
1123 1349.539 80.2 2.24 -0.03
1124 1350.263 80.2 2.24 -0.03
1125 1350.536 56.3 2.21 -0.05
1126 1352.638 68.3 2.22 -0.03
1127 1354.140 199.7 2.17 0.02
1128 1354.720 76.8 2.09 0.02
1129 1355.663 100.7 2.11 0.04
1130 1357.779 23.9 2.13 0.11
1131 1358.905 68.3 2.21 -0.02
1132 1360.564 78.5 2.07 0.06
1133 1361.172 75.1 2.09 0.04
1134 1363.561 78.5 2.21 -0.01
1135 1366.592 80.2 2.11 0.01
1136 1368.394 73.4 2.25 0.00
1137 1368.927 41.0 2.29 0.07
1138 1370.879 85.3 2.20 -0.17
1139 1374.702 52.9 2.02 -0.11
1140 1374.852 61.4 2.02 -0.11
1141 1376.026 75.1 2.08 -0.04
1142 1378.586 71.7 2.07 -0.15
1143 1378.764 99.0 2.13 -0.13
1144 1379.706 133.1 2.12 -0.08
1145 1380.198 63.1 2.15 -0.11
1146 1381.140 66.6 2.10 -0.03
1147 1381.706 81.9 2.08 -0.10
1148 1381.925 66.6 2.00 -0.12
1149 1382.013 76.8 2.09 -0.10
1150 1383.249 95.6 2.17 -0.09
1151 1383.823 52.9 2.18 -0.06
1152 1386.512 75.1 2.11 -0.03
1153 1389.652 68.3 2.09 -0.09
1154 1390.526 157.0 2.08 -0.11
1155 1392.458 70.0 2.09 0.01
1156 1393.339 81.9 2.13 -0.11
1157 1397.298 75.1 2.08 -0.10
1158 1397.510 114.3 2.03 -0.14
1159 1397.858 59.7 1.97 -0.04
1160 1398.397 66.6 2.23 0.06
1161 1400.159 75.1 2.24 0.06
1162 1401.770 58.0 2.29 0.02
1163 1402.118 32.4 2.21 -0.09
1164 1402.343 75.1 2.31 -0.09
1165 1405.593 47.8 2.26 -0.08
1166 1407.265 66.6 2.12 -0.03
1167 1407.532 49.5 2.20 0.03
1168 1408.822 49.5 2.20 -0.03
1169 1410.085 37.5 2.21 -0.04
1170 1410.255 87.0 2.24 -0.06
1171 1410.576 71.7 2.20 -0.02
1172 1411.075 117.8 2.18 -0.05
1173 1411.703 61.4 2.27 0.02
1174 1413.498 73.4 2.18 -0.06
1175 1414.085 51.2 2.20 0.02
1176 1416.905 136.5 2.07 -0.07
1177 1418.092 102.4 2.09 -0.12
1178 1418.509 68.3 2.04 -0.12
1179 1419.335 46.1 2.04 -0.04
1180 1420.912 56.3 2.12 -0.05
1181 1421.854 17.1 2.13 -0.01
1182 1422.052 58.0 2.12 -0.09
1183 1424.113 90.5 2.17 -0.05
1184 1424.544 93.9 2.10 -0.09
1185 1425.233 104.1 2.19 -0.13
1186 1426.230 85.3 2.16 -0.09
1187 1426.974 51.2 2.08 -0.15
1188 1430.490 90.5 1.92 -0.07
1189 1432.135 83.6 1.98 -0.04
1190 1433.207 119.5 1.90 -0.07
1191 1433.828 75.1 1.98 -0.11
1192 1436.258 75.1 2.00 -0.20
1193 1437.419 90.5 2.04 -0.11
1194 1439.159 68.3 2.17 -0.10
1195 1440.163 75.1 2.21 -0.13
1196 1440.443 64.9 2.19 -0.14
1197 1442.600 87.0 2.07 -0.17
1198 1444.252 102.4 2.14 -0.16
1199 1446.211 75.1 1.95 -0.08
1200 1447.065 87.0 2.12 -0.13
1201 1452.410 61.4 1.99 0.06
1202 1452.943 61.4 2.02 -0.16
1203 1455.393 41.0 2.01 -0.02
1204 1456.363 46.1 1.99 -0.04
1205 1457.830 73.4 1.99 -0.01
1206 1457.899 59.7 1.99 -0.01
1207 1460.991 64.9 1.99 -0.03
1208 1461.578 117.8 2.04 -0.04
1209 1462.705 97.3 1.98 -0.10
1210 1465.196 73.4 2.06 -0.07
1211 1467.743 75.1 2.00 -0.12
1212 1470.241 70.0 1.95 -0.13
1213 1472.801 88.7 2.00 -0.16
1214 1473.511 88.7 1.90 -0.14
1215 1474.010 104.1 1.90 -0.18
1216 1474.842 194.6 1.97 -0.15
1217 1476.126 95.6 1.89 -0.09
1218 1484.953 109.2 1.95 0.14
1219 1485.185 99.0 1.89 -0.02
1220 1485.513 75.1 1.90 -0.01
1221 1485.745 49.5 1.91 -0.00
1222 1487.089 90.5 1.83 -0.07
1223 1490.380 112.6 1.96 -0.02
1224 1491.568 51.2 1.89 -0.11
1225 1493.786 112.6 1.91 -0.24
1226 1494.046 109.2 1.89 -0.08
1227 1496.517 68.3 2.16 -0.04
1228 1497.582 81.9 2.13 -0.01
1229 1498.736 71.7 2.13 0.05
1230 1498.927 39.3 2.02 0.06
1231 1499.227 68.3 2.05 0.04
1232 1501.596 112.6 2.10 0.04
1233 1502.429 64.9 2.14 -0.08
1234 1503.248 63.1 2.20 -0.06
1235 1504.361 66.6 2.22 -0.09
1236 1506.129 73.4 1.99 0.08
1237 1507.822 54.6 2.01 0.10
1238 1508.034 68.3 2.03 0.11
1239 1510.758 61.4 2.19 0.06
1240 1510.962 83.6 2.16 0.07
1241 1513.707 47.8 2.05 0.08
1242 1514.335 90.5 2.08 0.08
1243 1515.427 122.9 2.07 0.05
1244 1517.222 95.6 2.07 -0.05
1245 1518.158 59.7 2.15 0.02
1246 1518.342 63.1 2.10 -0.01
1247 1518.533 81.9 2.13 -0.01
1248 1519.912 102.4 2.21 0.02
1249 1520.294 157.0 2.23 -0.02
1250 1521.748 68.3 2.20 0.05
1251 1524.554 78.5 2.19 -0.05
1252 1524.780 99.0 2.22 -0.03
1253 1524.930 52.9 2.18 0.00
1254 1527.066 81.9 2.08 0.03
1255 1527.183 54.6 2.15 -0.03
1256 1527.688 70.0 2.17 -0.03
1257 1528.002 78.5 2.17 -0.03
1258 1528.247 150.2 2.12 -0.00
1259 1530.848 51.2 2.12 0.14
1260 1531.169 71.7 2.13 0.10
1261 1533.777 32.4 2.17 -0.01
1262 1533.996 100.7 2.14 0.01
1263 1535.279 81.9 2.12 0.03
1264 1535.729 61.4 2.13 0.06
1265 1535.941 61.4 2.16 0.04
1266 1538.310 66.6 2.13 0.05
1267 1541.723 81.9 2.22 0.04
1268 1541.976 97.3 2.19 0.05
1269 1544.003 73.4 2.21 0.01
1270 1544.379 100.7 2.19 -0.04
1271 1544.980 75.1 2.18 0.03
1272 1545.615 75.1 2.17 0.05
1273 1545.990 47.8 2.14 -0.01
1274 1548.229 71.7 2.08 0.01
1275 1549.055 85.3 2.11 0.00
1276 1549.519 68.3 2.12 -0.02
1277 1550.373 59.7 2.08 -0.03
1278 1553.315 78.5 2.10 0.05
1279 1554.988 71.7 2.09 0.08
1280 1555.793 63.1 2.11 0.15
1281 1556.093 90.5 2.09 0.10
1282 1557.862 81.9 2.11 0.03
1283 1560.667 75.1 2.11 0.04
1284 1563.541 104.1 2.13 0.05
1285 1564.968 88.7 2.14 0.02
1286 1565.268 93.9 2.12 -0.02
1287 1566.088 95.6 2.18 0.02
1288 1567.828 83.6 2.12 0.11
1289 1567.945 76.8 2.20 0.01
1290 1568.224 66.6 2.16 0.09
1291 1570.607 54.6 2.13 0.09
1292 1573.399 73.4 2.05 -0.09
1293 1576.116 42.7 2.13 0.12
1294 1578.635 68.3 2.05 0.21
1295 1579.516 58.0 2.12 0.24
1296 1582.547 80.2 2.14 -0.07
1297 1582.711 75.1 2.16 -0.09
1298 1583.352 51.2 2.16 -0.08
1299 1583.475 58.0 2.23 -0.08
1300 1583.919 88.7 2.17 -0.12
1301 1586.315 41.0 2.22 -0.07
1302 1586.575 153.6 2.23 -0.05
1303 1587.687 68.3 2.13 -0.09
1304 1591.462 85.3 2.07 -0.02
1305 1593.012 68.3 2.11 0.10
1306 1595.231 92.2 2.06 0.05
1307 1596.105 85.3 2.05 0.11
1308 1596.419 64.9 2.02 0.15
1309 1596.753 75.1 1.95 0.15
1310 1598.153 68.3 1.94 0.13
1311 1600.303 68.3 2.05 -0.04
1312 1600.515 61.4 1.99 -0.09
1313 1602.139 49.5 2.05 -0.05
1314 1603.709 75.1 2.10 -0.05
1315 1605.833 88.7 2.12 -0.09
1316 1607.307 71.7 2.14 -0.05
1317 1607.526 81.9 2.14 -0.12
1318 1609.881 70.0 2.13 -0.03
1319 1610.290 95.6 2.09 0.03
1320 1610.871 105.8 2.20 0.03
1321 1611.287 88.7 2.11 0.01
1322 1611.526 58.0 2.05 0.04
1323 1611.601 37.5 2.09 0.07
1324 1615.479 109.2 2.05 -0.03
1325 1616.475 81.9 2.02 -0.15
1326 1617.103 75.1 2.04 -0.03
1327 1617.254 47.8 2.15 0.06
1328 1617.431 105.8 2.02 -0.02
1329 1617.752 75.1 2.09 0.04
1330 1618.332 90.5 2.14 -0.02
1331 1619.827 75.1 2.19 -0.12
1332 1620.141 80.2 2.25 -0.12
1333 1620.838 78.5 2.25 -0.15
1334 1622.094 102.4 2.16 -0.08
1335 1625.910 128.0 2.18 -0.23
1336 1631.419 70.0 2.10 -0.03
1337 1632.921 88.7 2.08 -0.10
1338 1633.221 88.7 2.09 -0.02
1339 1633.358 75.1 2.06 -0.02
1340 1636.553 63.1 2.12 -0.10
1341 1637.542 44.4 2.07 -0.00
1342 1639.782 81.9 2.01 -0.04
1343 1643.154 63.1 2.00 -0.01
1344 1643.652 58.0 2.05 0.03
1345 1643.734 80.2 2.02 -0.06
1346 1646.547 78.5 2.03 -0.07
1347 1646.690 88.7 2.05 -0.07
1348 1647.366 112.6 2.06 -0.11
1349 1647.844 59.7 2.13 -0.06
1350 1648.520 56.3 2.10 -0.01
1351 1648.759 88.7 2.09 -0.07
1352 1650.725 37.5 2.09 -0.07
1353 1650.848 68.3 2.06 -0.08
1354 1652.343 141.7 2.17 -0.05
1355 1655.667 126.3 2.24 -0.04
1356 1657.415 76.8 2.21 0.02
1357 1658.220 64.9 2.19 0.01
1358 1660.289 104.1 2.11 -0.04
1359 1660.849 68.3 2.13 -0.03
1360 1662.480 90.5 2.10 -0.04
1361 1663.415 83.6 2.08 -0.12
1362 1663.552 80.2 2.03 -0.10
1363 1665.136 64.9 1.98 -0.08
1364 1670.775 71.7 2.12 0.01
1365 1670.877 42.7 2.13 0.03
1366 1671.526 78.5 2.14 0.08
1367 1672.113 68.3 2.17 0.06
1368 1672.591 88.7 2.15 0.09
1369 1676.755 117.8 2.14 0.05
1370 1676.932 87.0 2.16 0.01
1371 1677.943 81.9 2.11 -0.07
1372 1679.963 119.5 2.14 0.08
1373 1680.189 71.7 2.16 0.07
1374 1681.581 88.7 2.22 -0.01
1375 1681.861 102.4 2.16 0.01
1376 1683.581 70.0 2.12 -0.07
1377 1683.759 81.9 2.12 -0.05
1378 1683.984 66.6 2.11 -0.06
1379 1687.227 70.0 2.08 -0.05
1380 1688.469 61.4 2.01 -0.05
1381 1688.606 85.3 2.11 -0.02
1382 1689.043 81.9 2.12 -0.05
1383 1689.917 49.5 2.07 -0.04
1384 1690.210 63.1 1.98 -0.03
1385 1690.982 95.6 1.94 0.04
1386 1691.555 61.4 1.94 0.02
1387 1692.190 68.3 2.02 0.13
1388 1693.023 71.7 2.03 0.04
1389 1696.231 61.4 2.20 0.02
1390 1696.409 129.7 2.14 0.02
1391 1696.941 44.4 2.11 0.01
1392 1699.795 35.8 2.07 0.00
1393 1701.679 116.1 2.10 -0.19
1394 1705.359 37.5 2.08 -0.04
1395 1708.069 109.2 2.03 -0.06
1396 1708.471 66.6 2.15 -0.09
1397 1708.929 95.6 2.02 -0.03
1398 1709.216 87.0 2.01 -0.01
1399 1709.400 92.2 1.99 -0.05
1400 1709.871 81.9 2.06 -0.05
1401 1710.240 93.9 2.08 -0.12
1402 1710.765 58.0 2.03 -0.14
1403 1712.144 34.1 2.08 -0.18
1404 1713.892 66.6 2.05 -0.11
1405 1717.018 42.7 2.13 -0.14
1406 1718.329 35.8 2.08 -0.08
1407 1719.114 75.1 2.06 -0.21
1408 1719.237 78.5 2.09 -0.21
1409 1720.548 83.6 2.08 -0.14
1410 1721.326 92.2 1.97 -0.15
1411 1722.336 119.5 2.01 -0.09
1412 1724.924 88.7 2.03 -0.11
1413 1728.282 39.3 2.07 -0.16
1414 1728.951 56.3 2.09 -0.05
1415 1729.033 44.4 2.02 -0.06
1416 1729.928 78.5 2.07 -0.08
1417 1730.078 37.5 2.04 -0.02
1418 1730.317 81.9 2.02 -0.02
1419 1731.655 95.6 2.05 0.01
1420 1735.027 64.9 2.09 0.06
1421 1737.628 100.7 2.18 0.01
1422 1738.509 88.7 2.23 -0.05
1423 1738.714 99.0 2.14 -0.08
1424 1738.918 73.4 2.17 -0.02
1425 1744.100 64.9 2.18 -0.03
1426 1745.206 81.9 2.20 -0.01
1427 1745.370 75.1 2.15 -0.03
1428 1746.305 139.9 2.21 -0.04
1429 1747.110 116.1 2.22 -0.05
1430 1747.418 68.3 2.15 -0.03
1431 1747.629 85.3 2.32 0.00
1432 1749.315 75.1 2.23 -0.00
1433 1749.636 41.0 2.20 -0.02
1434 1751.097 56.3 2.16 -0.01
1435 1751.814 122.9 2.15 -0.09
1436 1754.715 59.7 2.19 -0.05
1437 1755.644 116.1 2.22 -0.00
1438 1756.190 95.6 2.21 0.05
1439 1757.023 71.7 2.29 -0.00
1440 1759.542 75.1 2.19 -0.02
1441 1760.457 68.3 2.23 -0.12
1442 1760.566 83.6 2.24 -0.11
1443 1761.153 54.6 2.17 -0.11
1444 1762.231 78.5 2.19 -0.06
1445 1762.812 52.9 2.16 -0.03
1446 1766.580 73.4 2.27 -0.07
1447 1767.078 54.6 2.22 -0.02
1448 1767.597 85.3 2.20 -0.05
1449 1769.038 44.4 2.17 -0.10
1450 1769.427 78.5 2.21 -0.05
1451 1770.342 63.1 2.18 0.01
1452 1772.601 27.3 2.13 0.03
1453 1774.117 81.9 2.17 -0.02
1454 1775.154 99.0 2.13 0.05
1455 1776.527 126.3 2.12 0.01
1456 1777.025 64.9 2.02 0.07
1457 1777.100 73.4 2.08 0.04
1458 1777.742 88.7 2.20 0.04
1459 1778.260 92.2 2.11 0.01
1460 1779.059 78.5 2.04 -0.11
1461 1780.042 66.6 2.13 -0.03
1462 1782.165 51.2 2.15 0.01
1463 1782.698 122.9 2.11 0.02
1464 1783.155 85.3 2.21 -0.01
1465 1784.486 56.3 2.17 -0.01
1466 1785.231 75.1 2.07 -0.02
1467 1785.927 81.9 2.07 -0.04
1468 1786.848 73.4 2.13 -0.04
1469 1787.565 117.8 2.17 0.06
1470 1788.937 81.9 2.17 -0.04
1471 1790.985 70.0 2.17 0.01
1472 1791.081 102.4 2.23 0.05
1473 1791.627 85.3 2.22 -0.00
1474 1794.057 83.6 2.21 0.03
1475 1795.279 88.7 2.19 -0.01
1476 1795.839 56.3 2.13 0.08
1477 1795.962 68.3 2.15 -0.00
1478 1797.348 68.3 2.18 0.14
1479 1797.676 85.3 2.27 0.08
1480 1801.539 70.0 2.12 0.01
1481 1801.853 42.7 2.10 0.12
1482 1802.604 61.4 2.11 0.08
1483 1804.250 85.3 2.18 0.04
1484 1807.697 107.5 2.14 -0.09
1485 1807.963 71.7 2.13 -0.03
1486 1808.127 81.9 2.13 -0.11
1487 1808.448 70.0 2.17 0.02
1488 1810.298 75.1 2.17 -0.04
1489 1810.646 70.0 2.12 -0.11
1490 1810.796 71.7 2.14 -0.09
1491 1811.465 78.5 2.16 -0.12
1492 1812.872 80.2 2.12 -0.01
1493 1813.076 95.6 2.10 -0.01
1494 1813.548 75.1 2.08 -0.03
1495 1815.479 81.9 2.14 0.13
1496 1816.135 143.4 2.22 0.01
1497 1816.531 85.3 2.20 0.08
1498 1816.742 41.0 2.27 0.06
1499 1819.166 81.9 2.13 -0.07
1500 1819.473 75.1 2.16 -0.09
1501 1822.272 66.6 2.28 -0.13
1502 1824.559 88.7 2.13 -0.06
1503 1826.450 83.6 2.18 -0.03
1504 1827.023 58.0 2.13 -0.04
1505 1829.638 73.4 2.19 0.02
1506 1830.027 42.7 2.15 0.08
1507 1831.242 88.7 2.16 -0.00
1508 1831.823 102.4 2.19 0.07
1509 1833.386 63.1 2.26 0.08
1510 1834.205 52.9 2.16 0.10
1511 1835.441 78.5 2.25 -0.03
1512 1836.062 71.7 2.21 0.08
1513 1836.349 71.7 2.16 -0.02
1514 1836.792 58.0 2.11 0.03
1515 1837.277 58.0 2.13 0.08
1516 1841.052 68.3 2.15 0.23
1517 1843.592 61.4 2.08 0.14
1518 1844.827 109.2 2.01 0.09
1519 1845.073 81.9 2.04 0.10
1520 1845.332 54.6 2.11 0.20
1521 1846.097 124.6 1.98 0.13
1522 1846.206 59.7 1.90 0.12
1523 1849.340 70.0 2.11 0.03
1524 1851.681 129.7 2.06 -0.00
1525 1854.494 81.9 2.10 -0.05
1526 1856.685 143.4 2.07 -0.08
1527 1856.986 105.8 2.17 -0.02
1528 1857.231 64.9 2.12 0.04
1529 1857.948 83.6 2.19 0.02
1530 1858.501 81.9 2.16 -0.04
1531 1859.156 75.1 2.17 -0.01
1532 1859.368 88.7 2.15 -0.03
1533 1862.133 81.9 2.23 -0.05
1534 1862.297 73.4 2.28 0.05
1535 1862.754 70.0 2.25 0.02
1536 1864.604 49.5 2.09 -0.04
1537 1864.823 70.0 2.09 -0.03
1538 1865.696 76.8 2.15 0.01
1539 1866.529 63.1 2.16 0.07
1540 1866.714 75.1 2.20 0.03
1541 1868.113 95.6 2.23 0.02
1542 1868.332 93.9 2.24 0.08
1543 1868.912 75.1 2.17 0.03
1544 1869.321 81.9 2.22 -0.02
1545 1869.533 73.4 2.22 -0.08
1546 1871.001 88.7 2.21 0.03
1547 1871.765 88.7 2.23 0.00
1548 1872.496 88.7 2.30 -0.00
1549 1872.591 25.6 2.22 -0.02
1550 1872.864 81.9 2.27 -0.06
1551 1873.445 102.4 2.27 -0.07
1552 1874.018 56.3 2.25 -0.05
1553 1874.708 71.7 2.12 -0.09
1554 1875.855 85.3 2.17 -0.17
1555 1876.605 87.0 2.21 -0.14
1556 1876.790 46.1 2.14 -0.10
1557 1877.370 47.8 2.17 -0.17
1558 1878.927 34.1 2.26 -0.17
1559 1880.060 66.6 2.23 0.09
1560 1881.022 64.9 2.22 0.01
1561 1883.234 34.1 2.13 -0.01
1562 1883.760 97.3 2.09 0.03
1563 1887.009 90.5 2.11 0.08
1564 1887.869 104.1 2.22 0.05
1565 1890.033 110.9 2.13 -0.01
1566 1890.170 163.8 2.13 -0.01
1567 1891.160 56.3 2.09 -0.04
1568 1894.034 157.0 2.15 0.00
1569 1894.710 99.0 2.10 0.00
1570 1898.546 99.0 2.02 -0.14
1571 1900.055 58.0 2.04 -0.12
1572 1900.956 78.5 2.04 -0.02
1573 1901.386 52.9 2.01 -0.04
1574 1901.509 81.9 2.03 -0.11
1575 1902.212 78.5 2.09 -0.13
1576 1902.813 78.5 2.07 -0.16
1577 1903.093 61.4 2.03 -0.10
1578 1904.117 95.6 2.12 -0.25
1579 1907.114 81.9 2.11 -0.15
1580 1907.305 95.6 2.10 -0.14
1581 1908.629 75.1 2.19 -0.14
1582 1910.159 75.1 2.14 -0.04
1583 1910.500 49.5 2.09 -0.02
1584 1912.282 68.3 1.99 -0.17
1585 1912.903 99.0 2.06 -0.12
1586 1914.698 126.3 2.22 0.03
1587 1915.900 75.1 2.21 0.06
1588 1921.184 59.7 2.16 0.01
1589 1921.580 70.0 2.17 0.08
1590 1921.661 63.1 2.20 0.10
1591 1922.180 170.7 2.27 0.08
1592 1925.525 71.7 2.06 0.08
1593 1927.505 39.3 2.21 0.04
1594 1927.607 46.1 2.28 0.04
1595 1928.986 81.9 2.23 -0.15
1596 1929.437 63.1 2.24 -0.14
1597 1933.731 95.6 2.17 -0.03
1598 1934.352 39.3 2.23 -0.00
1599 1934.414 41.0 2.19 -0.00
1600 1934.509 64.9 2.16 0.02
1601 1934.789 49.5 2.22 0.01
1602 1938.892 78.5 2.24 -0.21
1603 1939.759 54.6 2.16 -0.04
1604 1941.629 75.1 2.00 -0.02
1605 1943.493 75.1 2.15 -0.06
1606 1945.500 39.3 2.12 -0.02
1607 1946.353 76.8 2.10 -0.06
1608 1947.330 85.3 2.05 -0.07
1609 1948.832 88.7 1.98 0.07
1610 1949.139 95.6 1.94 0.06
1611 1951.576 75.1 2.10 0.09
1612 1953.685 66.6 2.23 -0.10
1613 1953.801 95.6 2.27 -0.07
1614 1954.225 122.9 2.29 -0.10
1615 1955.126 76.8 2.24 -0.08
1616 1955.979 64.9 2.15 -0.00
1617 1956.314 105.8 2.15 0.06
1618 1958.812 90.5 2.26 -0.08
1619 1959.474 92.2 2.33 -0.05
1620 1962.335 61.4 2.30 -0.06
1621 1963.031 78.5 2.39 -0.11
1622 1964.547 25.6 2.31 -0.03
1623 1968.561 63.1 2.13 -0.04
1624 1971.394 70.0 2.17 0.00
1625 1973.128 52.9 2.21 0.01
1626 1973.995 75.1 2.17 0.00
1627 1975.046 109.2 2.18 -0.01
1628 1975.196 95.6 2.09 0.01
1629 1977.722 59.7 2.22 0.01
1630 1978.336 78.5 2.22 -0.07
1631 1979.244 99.0 2.23 -0.03
1632 1980.002 66.6 2.21 -0.09
1633 1980.077 52.9 2.16 -0.10
1634 1980.890 73.4 2.22 -0.09
1635 1981.641 68.3 2.19 -0.06
1636 1983.054 88.7 2.23 -0.11
1637 1983.484 59.7 2.10 0.01
1638 1989.676 117.8 1.98 -0.09
1639 1993.621 73.4 2.15 -0.09
1640 1993.792 73.4 2.14 -0.11
1641 1996.366 75.1 2.13 -0.02
1642 1998.810 66.6 2.18 0.08
1643 1998.912 75.1 2.13 0.08
1644 1999.888 75.1 2.19 0.02
1645 2003.035 63.1 2.23 0.03
1646 2003.793 75.1 2.17 -0.07
1647 2006.749 78.5 2.09 -0.10
1648 2007.261 70.0 2.10 -0.08
1649 2007.841 87.0 2.12 -0.11
1650 2008.647 87.0 2.22 -0.08
1651 2009.828 90.5 2.25 -0.12
1652 2010.005 95.6 2.31 -0.06
1653 2010.121 35.8 2.28 -0.05
1654 2010.538 71.7 2.22 -0.04
1655 2010.613 71.7 2.28 -0.06
1656 2013.364 52.9 2.31 -0.01
1657 2013.487 78.5 2.31 -0.01
1658 2013.746 105.8 2.30 -0.02
1659 2015.030 95.6 2.19 -0.02
1660 2016.375 56.3 2.16 -0.04
1661 2016.484 83.6 2.25 -0.03
1662 2016.620 47.8 2.18 0.00
1663 2018.498 68.3 2.16 -0.02
1664 2023.215 25.6 2.18 -0.02
1665 2023.686 71.7 2.10 0.03
1666 2024.020 73.4 2.10 -0.05
1667 2025.201 88.7 2.17 0.04
1668 2025.509 88.7 2.16 0.06
1669 2027.700 68.3 2.15 -0.00
1670 2028.239 56.3 2.09 0.00
1671 2028.758 97.3 2.05 -0.01
1672 2029.311 81.9 2.17 -0.10
1673 2029.605 75.1 2.00 0.05
1674 2031.025 97.3 2.00 0.04
1675 2031.421 109.2 2.01 0.06
1676 2031.885 73.4 2.09 0.03
1677 2034.834 87.0 1.99 0.04
1678 2035.298 105.8 1.99 0.00
1679 2035.858 78.5 2.00 0.01
1680 2036.698 64.9 2.05 -0.02
1681 2036.937 102.4 2.03 -0.03
1682 2039.592 88.7 1.97 -0.02
1683 2039.920 78.5 2.03 -0.02
1684 2041.299 23.9 2.00 -0.12
1685 2044.849 95.6 2.06 -0.13
1686 2044.992 56.3 2.06 -0.18
1687 2045.088 37.5 2.07 -0.11
1688 2045.449 71.7 2.00 -0.15
1689 2045.613 61.4 2.08 -0.14
1690 2048.781 81.9 2.05 -0.09
1691 2049.081 58.0 2.04 -0.05
1692 2049.853 59.7 2.01 -0.06
1693 2050.344 75.1 2.01 -0.00
1694 2050.952 41.0 2.04 -0.01
1695 2051.116 136.5 2.09 -0.03
1696 2052.303 73.4 2.11 -0.05
1697 2052.351 61.4 2.09 -0.00
1698 2052.740 80.2 2.09 -0.02
1699 2053.641 68.3 2.07 0.02
1700 2053.955 61.4 2.11 0.03
1701 2054.918 68.3 2.14 -0.01
1702 2055.539 85.3 2.11 0.06
1703 2056.645 59.7 2.17 -0.03
1704 2056.843 63.1 2.16 -0.04
1705 2057.423 92.2 2.12 -0.01
1706 2058.529 75.1 2.11 -0.03
1707 2058.734 68.3 2.05 0.04
1708 2061.396 71.7 2.09 -0.07
1709 2061.547 59.7 2.11 -0.09
1710 2062.994 66.6 2.06 -0.03
1711 2066.004 71.7 2.11 0.06
1712 2069.254 73.4 2.10 -0.00
1713 2069.384 75.1 2.10 -0.00
1714 2069.650 81.9 2.08 0.05
1715 2071.398 59.7 2.16 -0.06
1716 2075.814 29.0 2.20 -0.03
1717 2076.169 52.9 2.21 -0.03
1718 2078.081 95.6 2.11 0.12
1719 2078.477 80.2 2.09 0.09
1720 2079.214 87.0 2.06 0.06
1721 2080.518 78.5 2.14 -0.03
1722 2080.832 75.1 2.19 -0.00
1723 2081.057 88.7 2.13 0.04
1724 2081.460 42.7 2.19 -0.01
1725 2086.116 81.9 2.01 0.04
1726 2087.734 61.4 2.11 -0.02
1727 2088.273 88.7 2.14 -0.05
1728 2091.215 30.7 1.99 0.01
1729 2092.915 71.7 2.06 -0.04
1730 2093.755 85.3 2.05 0.04
1731 2096.028 163.8 2.02 0.03
1732 2096.260 35.8 2.07 -0.01
1733 2097.148 78.5 2.07 -0.05
1734 2097.817 73.4 2.08 0.01
1735 2097.919 70.0 2.09 0.03
1736 2100.561 39.3 2.11 -0.03
1737 2102.268 104.1 2.11 -0.05
1738 2102.534 81.9 2.13 0.01
1739 2102.718 71.7 2.00 -0.03
1740 2103.244 122.9 2.12 0.02
1741 2103.817 71.7 2.06 -0.03
1742 2103.940 56.3 2.11 -0.02
1743 2104.056 34.1 2.16 0.02
1744 2107.333 49.5 2.12 0.10
1745 2108.145 75.1 2.11 0.02
1746 2109.238 35.8 2.14 0.03
1747 2110.972 75.1 2.25 0.05
1748 2111.607 41.0 2.18 0.05
1749 2113.020 58.0 2.18 0.10
1750 2113.839 88.7 2.18 0.10
1751 2114.610 81.9 2.21 0.05
1752 2116.474 76.8 2.11 0.05
1753 2116.576 52.9 2.11 -0.03
1754 2116.979 81.9 2.11 -0.05
1755 2117.116 58.0 2.11 -0.02
1756 2118.754 76.8 2.05 0.02
1757 2119.136 88.7 2.14 -0.04
1758 2120.044 70.0 2.10 -0.01
1759 2120.420 75.1 2.08 -0.03
1760 2122.584 61.4 2.06 -0.05
1761 2126.038 114.3 2.00 -0.04
1762 2126.707 75.1 2.04 -0.02
1763 2126.878 66.6 2.07 0.06
1764 2127.069 68.3 2.01 0.12
1765 2128.332 58.0 2.06 0.02
1766 2129.895 95.6 1.99 -0.00
1767 2130.865 102.4 1.98 0.01
1768 2131.465 42.7 1.97 -0.06
1769 2132.537 59.7 2.01 -0.00
1770 2133.076 66.6 1.98 0.01
1771 2133.766 81.9 2.06 0.01
1772 2134.271 59.7 2.10 0.13
1773 2135.787 73.4 2.04 0.07
1774 2137.343 63.1 2.12 0.11
1775 2137.876 54.6 2.14 0.11
1776 2140.163 88.7 2.06 0.05
1777 2141.835 95.6 1.91 0.00
1778 2142.490 88.7 1.94 0.02
1779 2143.631 107.5 2.10 0.03
1780 2143.822 75.1 2.12 0.02
1781 2143.985 61.4 2.12 0.04
1782 2144.545 76.8 2.23 0.02
1783 2145.719 68.3 2.19 0.16
1784 2149.167 95.6 2.12 0.06
1785 2149.372 92.2 2.12 0.04
1786 2149.515 47.8 2.11 -0.02
1787 2150.334 88.7 2.11 -0.01
1788 2151.113 34.1 2.15 -0.09
1789 2151.686 88.7 2.20 -0.00
1790 2151.857 92.2 2.18 -0.07
1791 2152.833 116.1 2.19 -0.07
1792 2155.031 78.5 2.22 -0.08
1793 2156.151 68.3 2.09 -0.02
1794 2156.410 71.7 2.22 -0.01
1795 2156.512 71.7 2.11 -0.01
1796 2157.980 71.7 2.29 0.03
1797 2159.414 88.7 2.22 0.03
1798 2159.974 49.5 2.21 0.11
1799 2163.517 76.8 2.19 0.05
1800 2164.363 85.3 2.14 -0.10
1801 2164.623 44.4 2.14 -0.09
1802 2164.943 78.5 2.13 -0.09
1803 2166.957 112.6 2.04 -0.08
1804 2169.046 56.3 2.03 -0.12
1805 2170.616 49.5 2.07 0.04
1806 2170.671 30.7 2.06 0.04
1807 2170.807 49.5 2.05 0.04
1808 2171.019 83.6 1.98 -0.06
1809 2171.128 85.3 2.06 -0.06
1810 2172.487 41.0 2.10 -0.12
1811 2174.255 64.9 2.16 -0.08
1812 2174.535 102.4 2.09 -0.08
1813 2174.979 102.4 2.08 -0.05
1814 2175.641 64.9 2.13 -0.11
1815 2176.835 107.5 2.12 -0.03
1816 2176.965 78.5 2.12 -0.02
1817 2177.320 47.8 2.13 -0.06
1818 2177.962 122.9 2.17 -0.17
1819 2179.252 78.5 2.11 -0.11
1820 2179.505 64.9 2.14 -0.13
1821 2183.252 52.9 2.08 0.08
1822 2183.874 122.9 2.10 0.05
1823 2184.625 76.8 2.09 0.01
1824 2186.290 35.8 2.02 0.02
1825 2188.017 116.1 1.98 0.06
1826 2189.451 133.1 2.00 -0.04
1827 2190.591 102.4 2.02 -0.04
1828 2191.417 141.7 2.03 -0.12
1829 2192.509 81.9 2.11 -0.10
1830 2193.807 64.9 2.09 0.03
1831 2195.404 81.9 2.15 -0.08
1832 2196.278 59.7 2.20 -0.08
1833 2196.844 76.8 2.23 0.00
1834 2197.090 61.4 2.25 0.01
1835 2199.049 90.5 2.22 -0.03
1836 2200.012 49.5 2.29 -0.08
1837 2201.370 99.0 2.34 0.00
1838 2201.780 51.2 2.32 -0.06
1839 2202.511 66.6 2.29 -0.08
1840 2204.204 114.3 2.13 -0.01
1841 2204.299 37.5 2.19 -0.05
1842 2209.747 97.3 2.18 -0.06
1843 2212.798 44.4 2.19 -0.02
1844 2212.860 70.0 2.14 -0.03
1845 2215.003 83.6 2.19 0.02
1846 2215.140 73.4 2.18 0.02
1847 2216.997 66.6 2.26 0.10
1848 2217.413 87.0 2.19 0.01
1849 2217.577 66.6 2.15 0.04
1850 2218.417 71.7 2.18 0.11
1851 2218.553 76.8 2.21 0.03
1852 2218.717 68.3 2.21 0.02
1853 2222.205 88.7 2.08 0.04
1854 2224.349 70.0 2.13 -0.04
1855 2224.663 78.5 2.10 -0.06
1856 2224.943 52.9 2.20 0.00
1857 2226.827 61.4 2.11 -0.10
1858 2226.895 44.4 2.07 -0.10
1859 2227.325 56.3 2.13 -0.07
1860 2228.902 78.5 2.14 0.05
1861 2229.012 68.3 2.13 0.03
1862 2229.223 73.4 2.15 -0.02
1863 2229.653 56.3 2.21 -0.05
1864 2230.643 49.5 2.14 0.01
1865 2232.350 75.1 2.19 0.01
1866 2232.773 81.9 2.22 -0.09
1867 2233.435 75.1 2.20 -0.11
1868 2233.763 39.3 2.15 -0.04
1869 2235.961 64.9 2.10 -0.02
1870 2236.507 88.7 2.10 -0.02
1871 2237.026 68.3 2.15 -0.02
1872 2239.709 85.3 2.11 0.06
1873 2239.921 61.4 2.04 0.05
1874 2240.610 41.0 2.11 -0.00
1875 2244.447 59.7 2.10 -0.01
1876 2244.720 83.6 2.12 -0.02
1877 2245.348 81.9 2.10 0.01
1878 2245.464 41.0 2.11 -0.01
1879 2246.297 68.3 2.15 -0.06
1880 2247.252 75.1 2.11 -0.07
1881 2248.584 75.1 2.06 -0.02
1882 2250.243 39.3 2.13 0.05
1883 2250.700 90.5 2.01 0.08
1884 2252.441 81.9 2.09 -0.03
1885 2253.458 85.3 2.17 -0.02
1886 2253.738 63.1 2.14 0.00
1887 2254.980 51.2 2.19 -0.00
1888 2255.854 30.7 2.14 -0.04
1889 2256.400 59.7 2.11 -0.03
1890 2260.278 76.8 2.27 -0.00
1891 2261.561 56.3 2.21 -0.04
1892 2262.292 75.1 2.20 -0.01
1893 2262.845 119.5 2.18 -0.05
1894 2264.203 75.1 2.14 0.01
1895 2268.415 68.3 2.20 -0.04
1896 2269.910 75.1 2.23 -0.06
1897 2271.262 87.0 2.24 0.00
1898 2271.412 80.2 2.17 0.03
1899 2272.695 88.7 2.24 0.05
1900 2273.030 64.9 2.25 0.00
1901 2273.999 85.3 2.27 0.02
1902 2274.894 75.1 2.19 0.01
1903 2275.658 102.4 2.23 0.02
1904 2276.655 58.0 2.18 -0.01
1905 2277.597 95.6 2.14 -0.03
1906 2279.249 61.4 2.12 -0.05
1907 2279.338 59.7 2.12 -0.04
1908 2279.495 56.3 2.13 -0.02
1909 2282.137 87.0 2.20 -0.08
1910 2282.362 102.4 2.15 -0.08
1911 2282.867 63.1 2.11 0.03
1912 2285.304 63.1 2.05 0.02
1913 2285.461 59.7 2.08 0.06
1914 2287.475 71.7 2.02 0.04
1915 2290.807 93.9 2.04 0.02
1916 2291.073 88.7 2.07 -0.04
1917 2291.319 75.1 2.09 -0.09
1918 2293.346 88.7 2.12 0.01
1919 2293.469 81.9 2.17 -0.04
1920 2294.766 64.9 2.21 -0.09
1921 2295.660 64.9 2.16 0.06
1922 2296.589 95.6 2.21 0.07
1923 2296.746 66.6 2.19 0.04
1924 2297.080 51.2 2.18 0.00
1925 2299.272 76.8 2.13 0.05
1926 2299.599 68.3 2.19 0.10
1927 2301.006 47.8 2.05 -0.06
1928 2303.238 95.6 2.06 0.09
1929 2304.112 51.2 2.05 0.12
1930 2305.177 112.6 2.10 0.09
1931 2305.429 81.9 2.13 0.06
1932 2305.545 105.8 2.14 0.02
1933 2306.972 76.8 2.18 0.08
1934 2307.375 49.5 2.16 0.10
1935 2308.597 61.4 2.18 0.11
1936 2309.880 63.1 2.10 0.07
1937 2311.607 75.1 2.12 -0.05
1938 2311.921 75.1 2.04 -0.01
1939 2312.584 81.9 2.08 0.01
1940 2315.656 99.0 1.98 -0.01
1941 2317.308 68.3 2.01 -0.13
1942 2317.622 78.5 2.09 -0.11
1943 2317.786 71.7 2.10 -0.13
1944 2318.694 39.3 2.03 -0.21
1945 2318.912 56.3 1.94 -0.21
1946 2319.322 58.0 1.99 -0.17
1947 2320.489 83.6 1.98 -0.22
1948 2320.714 76.8 2.00 -0.24
1949 2321.813 56.3 2.01 -0.24
1950 2321.936 85.3 2.04 -0.18
1951 2322.100 75.1 2.06 -0.18
1952 2322.639 87.0 2.08 -0.19
1953 2324.148 66.6 2.13 -0.20
1954 2326.326 97.3 2.06 -0.24
1955 2328.524 76.8 2.01 -0.24
1956 2329.527 64.9 2.09 -0.18
1957 2330.190 87.0 2.17 -0.15
1958 2330.947 88.7 2.13 -0.11
1959 2331.466 63.1 2.09 -0.23
1960 2334.088 81.9 2.05 -0.26
1961 2335.460 68.3 2.08 -0.16
1962 2335.808 52.9 2.06 -0.16
1963 2336.006 80.2 2.04 -0.17
1964 2336.190 133.1 2.06 -0.15
1965 2337.337 75.1 2.02 -0.09
1966 2348.533 64.9 2.01 -0.09
1967 2348.867 93.9 2.01 -0.14
1968 2349.434 76.8 1.98 -0.14
1969 2351.468 64.9 1.96 -0.07
1970 2352.909 68.3 1.97 -0.07
1971 2354.295 81.9 2.01 -0.05
1972 2354.513 41.0 2.01 -0.05
1973 2355.585 81.9 2.00 -0.03
1974 2355.701 88.7 2.01 -0.06
1975 2355.974 75.1 2.02 -0.03
1976 2358.520 54.6 1.99 -0.07
1977 2359.421 44.4 2.02 -0.17
1978 2360.466 64.9 1.95 -0.11
1979 2361.647 68.3 1.99 -0.10
1980 2362.077 85.3 1.94 -0.15
1981 2363.115 107.5 1.94 -0.17
1982 2363.606 51.2 2.05 -0.19
1983 2364.698 114.3 2.02 -0.04
1984 2366.958 78.5 2.02 -0.01
1985 2369.620 88.7 2.02 -0.19
1986 2370.221 68.3 1.96 -0.23
1987 2372.303 100.7 1.92 -0.23
1988 2373.321 49.5 1.98 -0.17
1989 2374.283 145.1 1.92 -0.16
1990 2374.638 63.1 1.98 -0.18
1991 2374.706 47.8 1.87 -0.18
1992 2376.242 81.9 2.08 -0.18
1993 2376.754 83.6 1.95 -0.16
1994 2377.437 47.8 2.04 -0.20
1995 2377.574 75.1 1.99 -0.20
1996 2378.004 85.3 2.06 -0.12
1997 2378.195 90.5 2.07 -0.12
1998 2379.403 35.8 2.00 -0.18
1999 2379.533 49.5 2.05 -0.18
2000 2381.171 81.9 1.94 -0.13
