1 1.416 75.1 1.60 -0.06
2 1.941 88.7 1.55 -0.05
3 2.685 81.9 1.56 0.30
4 3.621 75.1 1.46 0.18
5 5.348 85.3 1.44 0.23
6 5.846 81.9 1.57 0.18
7 6.672 61.4 1.64 0.47
8 7.519 95.6 1.47 0.33
9 7.785 90.5 1.62 0.16
10 8.959 116.1 1.45 0.31
11 11.553 119.5 1.49 0.13
12 11.820 66.6 1.50 0.34
13 14.025 29.0 1.52 0.26
14 14.086 42.7 1.42 0.26
15 15.390 61.4 1.49 0.32
16 15.704 99.0 1.54 0.14
17 17.417 81.9 1.36 0.05
18 17.670 180.9 1.49 0.10
19 17.888 73.4 1.39 0.13
20 18.243 158.7 1.41 0.16
21 21.834 136.5 1.43 0.13
22 22.503 85.3 1.45 0.03
23 22.647 129.7 1.39 0.03
24 23.077 44.4 1.41 0.07
25 23.193 97.3 1.44 0.02
26 23.309 105.8 1.47 0.00
27 23.555 46.1 1.51 0.02
28 27.323 102.4 1.30 0.15
29 28.913 85.3 1.43 0.00
30 31.228 75.1 1.55 -0.02
31 31.958 122.9 1.47 0.10
32 32.224 61.4 1.32 0.14
33 33.460 87.0 1.64 0.05
34 33.760 73.4 1.74 -0.04
35 34.300 136.5 1.72 -0.07
36 34.805 85.3 1.75 0.11
37 35.761 71.7 1.92 0.03
38 36.211 68.3 1.90 0.03
39 39.235 95.6 1.68 -0.15
40 40.198 81.9 1.75 -0.12
41 41.242 99.0 1.69 -0.08
42 41.365 68.3 1.70 0.08
43 42.737 95.6 1.62 0.28
44 43.311 95.6 1.62 0.20
45 43.994 68.3 1.71 0.12
46 44.581 75.1 1.69 0.19
47 47.332 100.7 1.96 0.33
48 49.653 95.6 1.92 0.17
49 50.854 76.8 1.88 0.29
50 52.308 81.9 1.82 0.35
51 52.937 85.3 1.95 0.17
52 58.268 78.5 1.98 0.20
53 60.712 97.3 2.03 0.20
54 62.521 68.3 2.14 0.22
55 62.876 66.6 1.90 0.31
56 63.095 71.7 2.16 0.27
57 64.439 81.9 2.08 0.18
58 65.777 81.9 2.12 0.22
59 66.208 126.3 2.06 0.23
60 66.801 87.0 2.01 0.20
61 69.621 97.3 1.99 0.24
62 70.727 68.3 2.08 0.16
63 71.191 83.6 2.10 0.12
64 71.396 83.6 2.12 0.14
65 71.648 59.7 2.03 0.17
66 76.099 83.6 2.06 0.18
67 78.018 107.5 2.04 0.19
68 78.202 105.8 2.01 0.19
69 78.953 58.0 2.04 0.12
70 81.356 109.2 2.04 0.09
71 81.663 116.1 2.07 0.20
72 81.875 78.5 1.99 0.16
73 82.039 66.6 2.02 0.16
74 82.148 59.7 2.00 0.16
75 82.503 81.9 2.07 0.17
76 82.947 49.5 2.00 0.10
77 84.018 70.0 2.00 0.12
78 84.387 78.5 1.94 0.25
79 87.159 93.9 2.08 0.13
80 88.988 90.5 2.08 0.06
81 90.176 59.7 2.14 0.01
82 91.023 102.4 2.17 0.23
83 92.265 68.3 2.21 0.13
84 92.463 75.1 2.20 0.10
85 93.719 68.3 2.20 0.16
86 94.893 146.8 2.05 0.16
87 95.863 80.2 2.21 0.21
88 96.818 73.4 2.09 0.23
89 97.146 128.0 2.14 0.19
90 98.047 102.4 2.20 0.11
91 98.914 54.6 2.04 0.09
92 99.290 95.6 1.49 0.20
93 101.727 199.7 2.18 0.11
94 102.355 63.1 2.19 -0.06
95 103.119 44.4 1.89 0.02
96 103.345 71.7 1.91 0.13
97 104.614 88.7 1.99 -0.02
98 105.304 41.0 1.92 0.08
99 107.755 99.0 1.83 0.09
100 108.192 95.6 1.84 0.13
101 109.024 88.7 1.81 0.06
102 109.495 88.7 1.79 0.06
103 109.809 75.1 1.94 0.13
104 109.973 81.9 1.75 0.05
105 110.164 85.3 1.82 0.02
106 110.287 35.8 1.85 0.07
107 110.840 70.0 1.99 0.22
108 111.946 102.4 1.98 0.10
109 112.103 90.5 2.05 0.16
110 117.141 71.7 2.09 0.41
111 117.312 90.5 2.16 0.46
112 117.510 58.0 2.10 0.37
113 117.728 64.9 2.03 0.36
114 118.097 64.9 1.88 0.44
115 119.565 75.1 2.00 0.35
116 121.483 73.4 2.06 0.38
117 123.347 56.3 1.82 0.30
118 124.576 51.2 1.97 0.32
119 124.862 59.7 2.05 0.34
120 125.798 73.4 2.10 0.27
121 128.794 63.1 2.00 0.30
122 128.924 64.9 2.04 0.35
123 129.033 68.3 2.08 0.35
124 129.279 56.3 1.97 0.36
125 129.382 44.4 1.91 0.38
126 129.880 75.1 1.93 0.41
127 130.733 68.3 1.95 0.43
128 132.133 68.3 1.90 0.43
129 135.485 58.0 1.92 0.34
130 138.659 114.3 2.00 0.25
131 139.198 58.0 1.78 0.28
132 140.113 99.0 1.95 0.23
133 141.533 71.7 1.95 0.14
134 142.366 95.6 1.89 0.21
135 142.550 73.4 1.89 0.20
136 142.673 71.7 1.85 0.21
137 144.325 68.3 2.01 0.28
138 146.680 95.6 1.98 0.25
139 146.878 81.9 1.93 0.37
140 147.902 85.3 1.94 0.32
141 148.066 75.1 1.98 0.32
142 151.493 52.9 1.83 0.08
143 151.657 80.2 1.76 0.08
144 154.026 66.6 1.91 0.03
145 154.504 68.3 1.89 0.14
146 154.606 66.6 1.73 0.23
147 154.995 51.2 1.90 0.14
148 156.231 63.1 1.93 0.08
149 156.688 102.4 1.82 0.09
150 156.852 75.1 1.83 0.07
151 157.364 88.7 1.78 0.18
152 159.849 109.2 1.76 0.17
153 160.067 83.6 1.77 0.18
154 161.023 187.7 1.81 0.11
155 161.576 71.7 1.69 0.15
156 161.774 162.1 1.79 0.10
157 162.505 80.2 1.73 0.13
158 163.017 81.9 1.76 0.15
159 163.904 81.9 1.75 0.21
160 164.880 116.1 1.66 0.09
161 166.143 143.4 1.68 0.07
162 166.396 95.6 1.72 0.11
163 166.546 102.4 1.76 0.13
164 171.058 63.1 1.82 0.01
165 172.157 112.6 1.52 0.06
166 172.615 102.4 1.59 0.07
167 172.820 95.6 1.70 0.11
168 174.595 88.7 1.78 0.00
169 175.980 133.1 1.50 -0.02
170 180.295 51.2 1.60 -0.07
171 180.650 143.4 1.67 -0.11
172 180.834 138.2 1.59 -0.11
173 181.135 90.5 1.57 -0.20
174 181.776 49.5 1.50 0.03
175 182.684 83.6 1.51 -0.14
176 183.456 88.7 1.63 0.11
177 184.882 73.4 1.59 0.19
178 185.183 64.9 1.60 0.13
179 185.538 61.4 1.54 -0.02
180 186.944 75.1 1.51 0.13
181 189.197 64.9 1.57 0.07
182 189.647 70.0 1.58 -0.06
183 192.876 54.6 1.45 0.14
184 193.382 88.7 1.53 -0.05
185 193.532 85.3 1.45 0.00
186 195.477 141.7 1.52 -0.04
187 196.809 129.7 1.46 -0.06
188 197.307 49.5 1.42 -0.12
189 198.133 85.3 1.43 0.01
190 199.273 109.2 1.39 0.06
191 200.399 76.8 1.37 0.05
192 200.570 58.0 1.49 -0.06
193 200.700 95.6 1.44 -0.14
194 201.287 85.3 1.42 -0.03
195 202.113 102.4 1.52 -0.04
196 202.522 109.2 1.65 -0.01
197 204.229 87.0 1.56 0.26
198 204.325 63.1 1.54 0.26
199 206.345 102.4 1.46 0.03
200 207.827 92.2 1.45 0.04
201 208.619 76.8 1.52 -0.03
202 209.172 184.3 1.61 0.04
203 209.629 93.9 1.46 0.06
204 210.940 87.0 1.67 -0.16
205 211.520 88.7 1.45 -0.06
206 211.773 88.7 1.44 -0.01
207 213.745 71.7 1.55 -0.10
208 214.278 75.1 1.53 -0.17
209 214.927 88.7 1.56 0.08
210 215.261 92.2 1.59 0.05
211 216.060 58.0 1.49 -0.02
212 217.077 102.4 1.54 0.31
213 217.807 133.1 1.55 0.32
214 218.804 124.6 1.80 0.32
215 219.391 81.9 1.76 0.23
216 222.600 102.4 1.65 -0.20
217 223.016 116.1 1.54 0.05
218 223.385 150.2 1.49 0.03
219 225.624 143.4 1.37 -0.06
220 226.081 131.4 1.38 0.04
221 229.966 124.6 1.41 0.08
222 230.109 95.6 1.56 0.08
223 230.300 85.3 1.54 -0.02
224 231.160 87.0 1.50 -0.08
225 231.508 126.3 1.42 -0.18
226 231.973 87.0 1.36 0.00
227 232.464 160.4 1.36 -0.08
228 234.628 102.4 1.69 0.27
229 238.745 56.3 1.61 0.15
230 241.571 114.3 1.69 0.00
231 242.977 80.2 1.59 0.11
232 243.708 95.6 1.67 0.03
233 245.121 81.9 1.19 0.32
234 246.343 134.8 1.48 0.11
235 246.780 99.0 1.39 0.11
236 248.568 95.6 1.73 0.21
237 250.616 88.7 1.48 0.17
238 250.992 81.9 1.41 0.21
239 252.050 105.8 1.44 -0.12
240 252.200 83.6 1.44 -0.09
241 252.589 157.0 1.45 0.11
242 253.108 107.5 1.38 0.08
243 253.545 63.1 1.40 -0.08
244 253.641 71.7 1.41 -0.10
245 254.200 63.1 1.54 0.12
246 256.351 102.4 1.83 0.09
247 257.272 88.7 1.79 0.06
248 259.395 75.1 1.82 0.26
249 259.491 64.9 1.82 0.26
250 259.723 70.0 1.64 0.07
251 260.160 66.6 2.19 0.02
252 260.774 70.0 2.04 0.00
253 262.351 172.4 1.97 0.04
254 263.314 56.3 2.08 0.04
255 264.195 104.1 2.08 0.09
256 264.768 117.8 2.06 0.16
257 265.826 61.4 2.01 0.07
258 267.717 81.9 2.01 0.23
259 269.704 61.4 1.84 0.10
260 271.540 88.7 1.77 0.09
261 272.011 88.7 2.06 0.20
262 272.168 105.8 1.78 0.06
263 277.111 61.4 2.09 0.28
264 278.005 75.1 2.02 -0.03
265 278.360 81.9 1.90 -0.04
266 278.640 124.6 1.88 -0.18
267 279.425 64.9 2.07 0.04
268 279.616 109.2 2.00 0.08
269 280.995 78.5 1.79 0.01
270 281.664 59.7 2.03 0.09
271 282.033 59.7 1.96 0.15
272 282.415 70.0 2.00 0.22
273 283.125 70.0 1.90 0.24
274 286.729 66.6 1.89 0.24
275 289.180 59.7 1.88 0.24
276 289.685 34.1 1.79 0.04
277 291.972 68.3 1.91 -0.04
278 292.498 88.7 2.05 -0.06
279 295.638 75.1 1.87 0.09
280 298.000 107.5 1.91 -0.09
281 298.464 81.9 1.97 0.10
282 299.564 80.2 1.91 0.01
283 299.953 95.6 1.86 0.08
284 300.273 105.8 1.82 -0.02
285 301.639 95.6 1.80 -0.01
286 302.963 116.1 1.99 -0.01
287 304.055 75.1 2.04 -0.05
288 304.984 75.1 1.87 -0.06
289 305.830 81.9 1.82 0.06
290 307.523 68.3 1.90 -0.14
291 309.066 41.0 1.95 -0.01
292 311.742 76.8 1.64 0.10
293 311.920 64.9 2.15 0.02
294 314.016 93.9 2.04 0.05
295 314.773 90.5 2.15 -0.09
296 317.265 87.0 2.06 0.18
297 319.962 85.3 2.08 0.03
298 320.965 47.8 2.02 -0.00
299 321.552 56.3 2.05 0.01
300 322.098 78.5 2.08 -0.02
301 322.911 102.4 2.12 0.06
302 323.525 66.6 2.10 0.03
303 325.054 88.7 2.07 0.09
304 325.682 64.9 2.14 0.12
305 325.894 64.9 2.09 0.07
306 326.652 92.2 2.09 0.14
307 327.935 64.9 2.03 0.12
308 328.556 75.1 2.01 0.06
309 328.973 63.1 2.04 0.11
310 329.164 88.7 2.03 0.04
311 329.649 76.8 1.86 0.08
312 329.881 85.3 1.92 0.07
313 330.127 68.3 2.08 0.08
314 331.185 56.3 1.97 0.04
315 333.103 68.3 1.93 0.24
316 333.676 42.7 1.96 0.07
317 333.717 63.1 1.93 0.11
318 335.267 39.3 1.85 0.17
319 335.322 44.4 1.84 0.16
320 335.506 71.7 1.91 0.06
321 336.400 49.5 1.89 0.13
322 336.994 90.5 2.10 0.05
323 337.431 88.7 2.11 0.18
324 338.032 76.8 2.09 -0.12
325 338.407 75.1 2.14 0.01
326 338.564 68.3 2.03 0.03
327 340.387 95.6 2.08 0.13
328 340.585 75.1 1.98 0.08
329 340.769 56.3 2.09 0.09
330 341.623 76.8 1.98 -0.03
331 342.025 93.9 2.00 -0.01
332 343.650 93.9 2.08 0.14
333 344.667 81.9 2.07 0.06
334 344.988 47.8 2.08 0.09
335 345.514 153.6 2.16 0.01
336 348.927 71.7 2.17 0.09
337 349.603 88.7 2.16 0.15
338 349.958 92.2 2.15 0.10
339 350.122 93.9 2.17 0.04
340 350.313 87.0 2.11 0.19
341 351.091 66.6 2.13 -0.03
342 351.187 68.3 2.19 0.10
343 351.938 75.1 2.12 0.24
344 352.067 68.3 2.14 -0.01
345 352.272 80.2 2.14 0.21
346 353.255 81.9 2.08 0.25
347 354.969 158.7 2.04 0.15
348 355.781 49.5 2.08 0.12
349 359.215 58.0 2.08 0.25
350 362.000 81.9 2.11 0.08
351 362.594 81.9 1.97 0.09
352 363.086 99.0 2.00 0.05
353 366.663 83.6 2.07 0.20
354 367.830 42.7 2.12 0.16
355 369.325 112.6 2.12 0.25
356 371.592 167.3 2.05 0.12
357 373.319 90.5 2.03 0.02
358 374.595 80.2 2.10 0.09
359 374.930 80.2 2.13 0.19
360 375.217 80.2 2.09 0.22
361 377.599 85.3 1.92 0.08
362 378.336 64.9 1.88 0.22
363 381.975 95.6 1.82 0.15
364 383.477 58.0 1.92 0.28
365 383.716 75.1 1.90 0.35
366 383.852 71.7 1.86 0.35
367 385.894 68.3 1.98 0.15
368 387.088 78.5 2.00 0.21
369 387.477 88.7 1.98 0.13
370 387.805 75.1 1.96 0.12
371 389.689 87.0 1.87 0.17
372 389.908 75.1 1.85 0.22
373 390.304 58.0 1.83 0.16
374 391.130 97.3 1.86 0.22
375 391.758 73.4 1.87 0.10
376 392.768 68.3 1.75 0.02
377 392.850 85.3 1.74 0.02
378 393.471 52.9 1.75 0.07
379 393.615 41.0 1.61 0.14
380 394.434 112.6 1.69 0.08
381 395.103 88.7 1.72 0.08
382 396.311 95.6 1.81 0.06
383 396.461 95.6 1.67 0.06
384 396.741 85.3 1.74 0.06
385 398.393 64.9 1.67 0.01
386 399.089 66.6 1.84 -0.07
387 400.032 80.2 1.91 0.04
388 400.264 71.7 1.94 -0.06
389 400.694 78.5 1.80 -0.01
390 400.940 68.3 1.87 -0.05
391 403.145 44.4 1.92 0.01
392 403.909 68.3 1.99 -0.03
393 404.305 133.1 1.95 -0.06
394 404.981 58.0 1.93 -0.04
395 405.807 112.6 1.83 0.15
396 406.612 76.8 1.85 0.04
397 407.241 93.9 1.61 0.15
398 407.452 112.6 1.92 0.02
399 407.623 121.2 1.80 -0.00
400 408.701 71.7 1.82 0.18
401 409.623 70.0 1.91 0.14
402 410.435 95.6 1.75 0.05
403 411.104 143.4 1.64 -0.00
404 412.954 44.4 1.77 -0.02
405 415.357 133.1 1.68 -0.03
406 415.610 93.9 1.68 -0.05
407 415.760 102.4 1.76 -0.05
408 415.938 95.6 1.68 -0.01
409 417.658 75.1 1.81 0.01
410 418.150 81.9 1.61 0.10
411 418.443 66.6 1.69 0.00
412 418.948 71.7 1.54 0.12
413 419.802 109.2 1.51 0.15
414 422.150 64.9 1.85 -0.13
415 422.805 75.1 1.53 -0.02
416 423.379 75.1 1.63 -0.01
417 423.973 88.7 1.62 0.06
418 424.853 97.3 1.52 0.04
419 426.567 54.6 1.51 0.02
420 427.011 51.2 1.73 0.14
421 428.724 75.1 1.64 0.04
422 431.120 87.0 1.94 0.05
423 434.233 70.0 1.89 0.17
424 435.284 99.0 1.91 0.04
425 435.824 88.7 1.72 0.04
426 436.896 100.7 1.96 0.01
427 437.271 78.5 2.04 -0.10
428 438.186 148.5 1.98 0.01
429 438.793 92.2 2.20 0.11
430 440.616 42.7 2.14 0.31
431 443.094 85.3 1.74 0.14
432 444.432 58.0 2.13 0.31
433 445.156 64.9 2.20 0.24
434 445.968 85.3 1.97 -0.03
435 446.398 81.9 2.02 -0.04
436 447.204 47.8 1.93 0.17
437 447.627 83.6 2.04 0.24
438 448.119 68.3 2.04 0.21
439 448.986 81.9 2.08 0.20
440 449.805 59.7 2.12 0.23
441 449.914 52.9 2.03 0.10
442 452.692 95.6 2.07 0.22
443 452.863 157.0 2.09 0.28
444 454.310 64.9 1.97 0.38
445 456.188 71.7 2.01 0.14
446 459.164 75.1 2.12 0.27
447 459.308 80.2 2.07 0.27
448 460.297 66.6 2.02 0.29
449 461.205 122.9 2.09 0.30
450 461.840 83.6 2.19 0.10
451 462.796 49.5 2.04 -0.03
452 463.008 73.4 2.06 0.17
453 463.281 68.3 2.04 0.23
454 463.404 63.1 1.98 0.30
455 464.230 71.7 2.01 0.18
456 464.728 42.7 2.04 0.22
457 464.851 59.7 2.12 0.23
458 465.684 47.8 2.17 0.09
459 466.728 97.3 2.12 0.09
460 468.025 68.3 2.03 0.19
461 469.131 68.3 2.06 0.22
462 471.889 41.0 1.99 0.15
463 471.951 32.4 1.91 0.15
464 472.230 104.1 1.97 0.17
465 472.913 71.7 1.93 0.17
466 474.394 88.7 1.92 0.29
467 474.517 119.5 1.89 0.22
468 475.535 59.7 1.86 0.17
469 477.323 88.7 1.93 0.18
470 477.746 88.7 1.86 0.08
471 477.931 63.1 1.91 0.30
472 478.934 75.1 1.96 0.22
473 479.446 87.0 1.97 0.16
474 481.303 126.3 1.63 0.37
475 482.170 85.3 1.84 0.35
476 482.375 63.1 1.91 0.24
477 482.750 70.0 1.85 0.27
478 482.941 117.8 1.86 0.26
479 483.522 81.9 1.84 0.25
480 484.170 131.4 1.84 0.14
481 484.846 104.1 1.84 0.17
482 485.167 80.2 1.71 0.23
483 487.481 56.3 1.94 0.13
484 488.048 73.4 1.84 0.16
485 488.819 68.3 1.73 0.20
486 489.038 105.8 1.78 0.18
487 489.386 32.4 1.81 0.29
488 491.099 64.9 1.69 0.35
489 492.069 71.7 1.70 0.26
490 492.745 87.0 1.77 0.33
491 492.915 88.7 1.74 0.27
492 493.291 81.9 1.72 0.22
493 494.827 102.4 1.69 0.18
494 495.550 88.7 1.59 0.23
495 497.475 102.4 1.55 0.22
496 498.220 73.4 1.61 0.12
497 498.950 80.2 1.83 0.15
498 499.667 112.6 1.82 0.30
499 501.619 49.5 1.74 0.17
500 501.674 37.5 1.72 0.17
501 501.981 102.4 1.77 0.16
502 502.718 46.1 1.68 0.18
503 503.073 105.8 1.70 0.22
504 503.237 109.2 1.74 0.22
505 504.794 51.2 1.87 0.15
506 505.142 99.0 1.86 0.13
507 505.906 112.6 1.77 0.16
508 507.326 81.9 1.76 0.26
509 508.425 175.8 1.68 0.26
510 509.135 75.1 1.81 0.16
511 509.320 81.9 1.87 0.19
512 510.535 85.3 1.80 0.25
513 512.685 88.7 1.85 0.24
514 513.689 78.5 1.80 0.12
515 515.655 160.4 1.89 0.19
516 515.921 75.1 1.85 0.18
517 516.337 52.9 1.80 0.27
518 518.174 44.4 1.77 0.20
519 518.310 81.9 1.79 0.20
520 519.485 100.7 1.92 0.17
521 521.137 81.9 1.89 0.09
522 522.284 81.9 1.87 0.26
523 522.959 76.8 1.87 0.25
524 523.294 75.1 1.86 0.31
525 527.861 68.3 1.88 0.19
526 528.059 75.1 2.02 0.30
527 529.588 99.0 1.73 0.12
528 530.278 75.1 1.76 -0.05
529 532.360 134.8 1.85 0.13
530 533.554 70.0 1.90 -0.07
531 534.353 42.7 2.01 -0.10
532 534.606 73.4 2.01 -0.04
533 536.053 52.9 2.04 0.08
534 536.483 42.7 1.96 0.09
535 536.797 71.7 2.02 0.12
536 539.180 88.7 1.83 0.03
537 541.760 58.0 1.86 -0.09
538 543.624 70.0 2.01 -0.04
539 545.617 68.3 1.91 0.02
540 546.573 95.6 1.99 0.02
541 546.976 66.6 2.11 0.02
542 547.508 44.4 1.87 0.04
543 548.921 46.1 2.04 -0.01
544 549.986 49.5 2.00 0.05
545 551.153 41.0 1.76 -0.07
546 551.379 71.7 1.85 -0.05
547 551.515 75.1 2.13 -0.02
548 551.659 128.0 1.74 -0.07
549 552.532 78.5 2.07 -0.14
550 552.922 63.1 2.06 -0.17
551 553.222 112.6 1.98 -0.15
552 554.294 88.7 1.94 -0.21
553 556.123 66.6 1.84 -0.19
554 559.987 76.8 1.88 -0.12
555 562.063 78.5 1.72 -0.16
556 562.684 37.5 2.00 -0.00
557 562.813 68.3 2.01 0.07
558 570.562 75.1 1.71 -0.03
559 572.460 75.1 1.92 0.02
560 572.644 73.4 1.65 -0.05
561 573.791 68.3 1.96 -0.07
562 573.975 81.9 1.87 -0.02
563 574.221 66.6 2.04 0.01
564 575.361 136.5 1.92 -0.13
565 576.508 88.7 1.94 0.03
566 577.279 47.8 1.91 0.03
567 578.822 78.5 1.85 -0.02
568 580.023 88.7 1.89 -0.02
569 580.529 136.5 1.92 0.17
570 582.037 58.0 1.71 -0.02
571 583.218 105.8 1.87 0.07
572 583.539 76.8 1.82 0.12
573 584.406 70.0 1.79 -0.05
574 585.178 92.2 1.87 0.06
575 586.427 68.3 2.02 0.25
576 586.550 122.9 1.97 0.23
577 587.369 104.1 1.87 0.11
578 587.813 102.4 1.94 0.18
579 588.386 131.4 1.93 0.14
580 590.325 92.2 1.93 0.01
581 591.704 85.3 1.73 -0.01
582 592.134 78.5 1.95 0.01
583 592.864 211.6 1.90 0.06
584 593.445 92.2 1.82 0.16
585 594.359 95.6 1.93 0.13
586 594.489 58.0 1.87 0.13
587 595.295 81.9 1.82 0.34
588 596.155 73.4 1.84 0.25
589 596.544 92.2 1.90 0.25
590 596.694 73.4 1.98 0.16
591 598.087 81.9 1.55 0.09
592 599.473 75.1 1.79 0.08
593 600.913 75.1 1.88 0.14
594 601.671 41.0 1.93 0.19
595 601.760 78.5 1.95 0.19
596 601.917 56.3 1.94 0.16
597 602.565 88.7 1.93 0.28
598 602.743 83.6 1.98 0.27
599 602.872 68.3 1.96 0.27
600 603.268 37.5 1.90 0.25
601 607.125 58.0 1.98 0.25
602 608.238 70.0 1.91 0.19
603 608.709 92.2 1.94 0.17
604 608.928 68.3 1.94 0.13
605 609.091 116.1 1.96 0.27
606 609.713 56.3 1.95 0.23
607 611.119 71.7 1.99 0.27
608 612.996 63.1 2.03 0.23
609 613.426 81.9 2.04 0.25
610 613.672 68.3 2.04 0.22
611 616.703 32.4 2.06 0.12
612 616.942 92.2 1.95 0.11
613 617.215 80.2 1.95 0.11
614 617.352 78.5 1.94 0.11
615 618.191 66.6 1.83 0.13
616 619.174 49.5 1.93 0.13
617 619.407 59.7 1.86 0.16
618 620.021 102.4 1.91 0.13
619 622.868 44.4 1.87 0.21
620 623.031 100.7 1.88 0.32
621 623.721 51.2 1.78 0.26
622 623.967 75.1 1.84 0.23
623 624.219 81.9 1.76 0.26
624 625.796 75.1 1.57 0.10
625 626.718 70.0 1.62 0.13
626 627.517 88.7 1.72 0.17
627 627.878 97.3 1.82 0.21
628 628.302 70.0 1.81 0.23
629 628.506 64.9 1.68 0.26
630 628.841 95.6 1.89 0.07
631 629.708 109.2 1.78 0.14
632 630.152 105.8 1.84 0.10
633 633.524 81.9 1.87 -0.05
634 634.487 102.4 1.90 0.06
635 634.821 73.4 1.81 0.05
636 636.623 52.9 1.79 0.07
637 636.767 203.1 1.76 0.03
638 637.292 99.0 1.72 0.01
639 637.757 66.6 1.82 0.06
640 638.166 75.1 1.77 -0.06
641 638.364 81.9 1.74 -0.01
642 642.030 39.3 1.71 0.23
643 642.105 63.1 1.74 0.21
644 642.706 71.7 1.56 0.11
645 643.027 41.0 1.71 -0.07
646 643.798 165.5 1.84 0.05
647 645.368 92.2 1.94 0.24
648 647.041 129.7 1.77 -0.05
649 648.215 83.6 1.72 0.12
650 648.311 59.7 1.86 0.16
651 651.212 95.6 1.82 -0.08
652 653.888 58.0 1.72 0.20
653 654.065 75.1 1.64 0.11
654 654.250 75.1 1.58 0.12
655 655.226 146.8 1.70 -0.09
656 656.161 56.3 1.70 0.10
657 656.598 63.1 1.70 0.20
658 656.933 129.7 1.66 0.18
659 657.144 92.2 1.66 0.00
660 658.428 64.9 1.58 0.13
661 658.858 75.1 1.66 0.17
662 659.001 61.4 1.63 0.12
663 659.418 70.0 1.79 0.02
664 660.018 75.1 1.60 0.29
665 660.155 83.6 1.52 0.24
666 663.056 81.9 1.65 0.23
667 663.500 75.1 1.57 0.04
668 664.128 146.8 1.47 0.16
669 664.401 136.5 1.45 0.11
670 666.340 88.7 1.65 -0.03
671 666.784 116.1 1.56 0.19
672 667.173 61.4 1.66 0.17
673 669.323 85.3 1.48 0.19
674 670.006 76.8 1.50 0.17
675 670.361 56.3 1.59 0.11
676 670.586 122.9 1.56 0.03
677 671.740 59.7 1.53 0.11
678 672.900 100.7 1.58 -0.12
679 673.713 68.3 1.55 0.19
680 674.177 88.7 1.44 0.03
681 674.525 80.2 1.40 -0.01
682 674.696 51.2 1.51 -0.02
683 675.174 47.8 1.64 0.03
684 678.505 109.2 1.37 0.03
685 679.392 109.2 1.42 0.06
686 681.939 112.6 1.51 -0.02
687 682.990 71.7 1.44 0.06
688 687.127 81.9 1.42 -0.20
689 687.789 88.7 1.65 -0.03
690 687.933 75.1 1.48 -0.03
691 690.138 88.7 1.56 0.02
692 691.100 81.9 1.58 0.14
693 691.209 70.0 1.54 0.14
694 691.476 87.0 1.72 0.13
695 694.049 136.5 1.46 0.21
696 695.858 112.6 1.50 0.23
697 698.794 87.0 1.51 0.11
698 699.087 107.5 1.68 0.16
699 700.221 88.7 1.61 0.14
700 701.340 88.7 1.68 0.09
701 703.538 61.4 1.56 0.01
702 705.272 95.6 1.83 0.14
703 705.607 71.7 1.77 0.22
704 706.679 41.0 1.75 0.11
705 707.102 49.5 1.58 0.22
706 707.211 133.1 1.80 0.16
707 707.928 100.7 1.86 0.18
708 708.030 88.7 1.89 0.19
709 710.126 73.4 2.00 0.20
710 710.802 63.1 1.85 0.22
711 711.587 58.0 1.83 0.01
712 713.260 58.0 1.81 0.21
713 715.895 85.3 1.74 0.04
714 716.031 51.2 1.74 0.06
715 717.233 71.7 1.88 0.13
716 719.076 44.4 1.68 0.10
717 723.076 64.9 1.80 0.01
718 723.240 129.7 1.76 0.02
719 724.114 126.3 1.65 0.22
720 725.070 59.7 1.72 0.16
721 725.711 110.9 1.51 0.01
722 727.097 78.5 1.45 -0.02
723 727.206 70.0 1.53 0.08
724 728.736 116.1 1.53 0.12
725 729.357 88.7 1.42 0.09
726 730.654 70.0 1.41 0.09
727 731.698 122.9 1.62 0.19
728 732.620 95.6 1.84 0.25
729 733.030 95.6 1.76 0.20
730 734.791 107.5 1.69 0.16
731 735.194 136.5 1.59 0.09
732 735.590 139.9 1.69 0.16
733 736.136 58.0 1.67 0.20
734 737.440 75.1 1.69 0.08
735 738.177 49.5 1.72 0.14
736 738.860 68.3 1.68 0.26
737 739.501 39.3 1.77 0.06
738 740.136 76.8 1.61 0.17
739 740.266 68.3 1.83 0.17
740 740.839 63.1 1.77 -0.03
741 740.914 58.0 1.42 -0.03
742 741.290 81.9 1.83 0.19
743 741.645 68.3 1.84 0.14
744 742.682 32.4 1.73 -0.04
745 743.351 102.4 1.87 -0.14
746 744.294 71.7 1.77 -0.09
747 745.140 88.7 1.76 0.04
748 747.782 136.5 1.66 0.09
749 750.328 80.2 1.55 0.20
750 751.721 95.6 1.47 0.19
751 752.124 81.9 1.48 0.13
752 753.503 92.2 1.56 0.13
753 754.861 58.0 1.59 0.20
754 755.646 81.9 1.60 0.10
755 755.885 116.1 1.70 0.16
756 756.745 80.2 1.72 0.20
757 760.131 97.3 1.62 0.01
758 760.766 58.0 1.78 0.11
759 761.121 81.9 1.71 0.04
760 761.510 71.7 1.55 0.09
761 761.606 59.7 1.57 0.09
762 763.340 129.7 1.74 0.01
763 763.811 105.8 1.59 0.01
764 764.617 92.2 1.53 0.14
765 765.094 128.0 1.47 0.11
766 765.675 139.9 1.46 0.06
767 766.050 70.0 1.55 -0.00
768 766.849 109.2 1.66 -0.00
769 767.497 75.1 1.63 0.05
770 768.685 85.3 1.71 0.16
771 769.375 95.6 1.91 0.21
772 772.221 95.6 1.87 0.27
773 772.515 122.9 1.73 0.16
774 772.809 75.1 1.66 0.18
775 773.054 66.6 1.69 0.24
776 774.788 71.7 1.76 0.23
777 775.867 88.7 1.61 0.03
778 776.584 63.1 1.74 0.23
779 776.809 68.3 1.67 0.32
780 777.696 116.1 1.35 -0.02
781 778.127 88.7 1.45 0.16
782 778.256 37.5 1.37 0.13
783 780.495 95.6 1.47 0.02
784 780.960 124.6 1.65 -0.01
785 784.550 158.7 1.55 -0.01
786 785.097 54.6 1.51 0.08
787 785.841 61.4 1.57 0.18
788 786.121 73.4 1.56 0.11
789 788.155 116.1 1.41 0.04
790 791.254 124.6 1.59 0.23
791 791.657 92.2 1.36 0.04
792 793.507 37.5 1.59 0.09
793 794.005 88.7 1.53 -0.03
794 794.333 80.2 1.57 0.18
795 795.507 66.6 1.37 -0.02
796 795.651 116.1 1.38 -0.02
797 796.538 83.6 1.46 0.10
798 799.153 75.1 1.63 0.11
799 802.013 75.1 1.52 0.25
800 802.245 64.9 1.43 0.17
801 802.846 87.0 1.40 0.12
802 804.184 95.6 1.54 0.15
803 806.641 32.4 1.51 0.15
804 807.481 126.3 1.47 0.12
805 807.877 119.5 1.34 0.08
806 809.748 97.3 1.52 0.21
807 810.580 136.5 1.34 0.22
808 811.366 88.7 1.48 0.04
809 812.922 87.0 1.32 0.01
810 816.001 66.6 1.53 -0.05
811 817.694 81.9 1.19 -0.03
812 819.339 88.7 1.30 0.05
813 819.974 109.2 1.35 0.23
814 823.223 116.1 1.58 -0.05
815 826.138 64.9 1.55 0.05
816 826.493 136.5 1.55 0.12
817 829.299 52.9 1.82 0.12
818 830.364 92.2 1.58 -0.04
819 831.293 83.6 1.72 -0.08
820 832.665 54.6 1.82 -0.01
821 833.996 63.1 1.83 0.01
822 835.116 128.0 1.78 0.03
823 835.320 81.9 1.73 0.02
824 837.252 119.5 1.60 0.00
825 838.092 117.8 1.49 0.05
826 838.495 122.9 1.57 0.04
827 838.795 92.2 1.55 0.03
828 840.802 75.1 1.76 0.21
829 841.574 78.5 1.76 0.18
830 842.741 133.1 1.74 0.26
831 842.871 44.4 1.71 0.25
832 844.017 68.3 1.85 0.15
833 845.833 155.3 1.70 0.07
834 846.270 112.6 1.74 0.17
835 847.199 78.5 1.83 -0.02
836 852.530 102.4 1.80 -0.01
837 853.657 104.1 1.71 -0.08
838 853.766 73.4 1.66 -0.11
839 856.046 102.4 1.70 0.01
840 856.387 75.1 1.84 0.04
841 858.203 70.0 1.88 0.15
842 858.599 73.4 1.82 0.10
843 859.869 56.3 1.85 0.04
844 860.053 54.6 1.80 0.12
845 861.111 148.5 1.76 0.05
846 862.559 126.3 1.88 0.30
847 866.484 54.6 1.76 0.01
848 866.798 61.4 1.79 0.03
849 867.720 88.7 1.64 -0.01
850 870.041 61.4 2.05 0.13
851 870.546 52.9 1.81 0.40
852 872.642 95.6 1.79 0.04
853 873.324 119.5 1.71 -0.05
854 873.809 71.7 1.82 -0.21
855 875.017 66.6 1.64 -0.12
856 875.400 66.6 1.87 -0.08
857 875.734 80.2 1.88 -0.07
858 877.216 88.7 2.00 0.04
859 879.066 90.5 2.01 0.05
860 879.578 68.3 1.94 -0.14
861 879.851 102.4 2.03 0.01
862 880.649 102.4 2.06 0.01
863 880.963 71.7 1.89 0.02
864 881.619 88.7 1.88 -0.17
865 881.905 85.3 1.87 0.08
866 883.366 80.2 1.69 -0.02
867 883.496 81.9 1.76 0.12
868 884.356 73.4 1.71 0.14
869 884.957 112.6 1.59 0.16
870 886.138 107.5 1.67 -0.09
871 887.128 76.8 1.45 0.05
872 887.230 51.2 1.48 0.13
873 887.531 109.2 1.62 0.14
874 887.763 93.9 1.63 0.21
875 887.852 73.4 1.60 0.22
876 891.934 99.0 1.45 0.02
877 892.548 110.9 1.50 -0.05
878 894.555 95.6 1.60 -0.01
879 897.539 95.6 1.50 0.09
880 899.068 105.8 1.78 0.10
881 901.498 116.1 1.77 0.08
882 902.263 88.7 1.84 -0.19
883 902.624 63.1 1.90 -0.17
884 903.485 109.2 1.85 0.03
885 904.420 119.5 1.66 0.09
886 905.457 61.4 1.38 0.15
887 906.086 81.9 1.60 0.14
888 907.232 148.5 1.53 0.06
889 907.437 81.9 1.52 -0.02
890 907.833 73.4 1.58 -0.00
891 909.212 160.4 1.39 0.12
892 909.813 68.3 1.63 0.04
893 910.100 75.1 1.76 -0.07
894 911.137 99.0 1.77 0.06
895 911.909 124.6 1.71 0.01
896 912.455 81.9 1.58 -0.04
897 912.864 81.9 1.77 -0.12
898 913.144 92.2 1.59 -0.22
899 913.656 51.2 1.79 -0.09
900 914.762 83.6 1.69 0.27
901 915.575 75.1 1.54 0.10
902 915.793 97.3 1.70 -0.14
903 916.169 90.5 1.85 0.20
904 916.619 78.5 1.82 0.16
905 916.906 155.3 1.64 0.11
906 917.240 95.6 1.75 0.03
907 918.449 75.1 1.63 -0.04
908 918.783 46.1 1.88 0.05
909 919.131 75.1 1.88 0.06
910 919.875 92.2 1.90 0.09
911 920.449 71.7 1.84 0.07
912 921.145 63.1 1.63 0.09
913 921.609 90.5 2.06 0.14
914 924.238 75.1 1.72 0.04
915 927.992 81.9 1.52 0.12
916 928.429 93.9 1.45 0.14
917 932.170 88.7 1.85 -0.15
918 935.188 95.6 1.94 -0.06
919 935.925 68.3 1.84 0.10
920 938.144 100.7 1.82 -0.07
921 938.942 100.7 1.90 -0.18
922 939.434 85.3 1.89 0.02
923 940.717 78.5 1.77 -0.02
924 940.929 68.3 1.66 -0.03
925 941.584 95.6 1.71 0.02
926 941.687 76.8 1.68 -0.05
927 942.178 95.6 1.75 0.23
928 942.758 99.0 1.61 0.12
929 943.482 88.7 1.68 0.09
930 946.090 88.7 1.67 0.16
931 946.854 70.0 1.82 0.01
932 947.387 112.6 1.61 0.04
933 948.698 49.5 1.70 0.30
934 949.326 93.9 1.78 0.15
935 950.473 83.6 1.99 -0.06
936 951.674 129.7 1.99 -0.00
937 952.616 59.7 1.97 -0.02
938 953.770 47.8 1.95 -0.09
939 954.097 88.7 2.00 0.04
940 955.149 102.4 1.83 -0.00
941 955.313 71.7 1.92 -0.00
942 956.036 47.8 1.99 0.00
943 956.460 102.4 1.93 -0.01
944 957.129 116.1 1.92 -0.10
945 957.879 97.3 1.80 -0.06
946 959.375 95.6 1.71 -0.10
947 960.979 141.7 2.00 -0.02
948 961.177 78.5 1.93 0.03
949 961.969 54.6 2.08 0.01
950 962.392 105.8 2.01 -0.04
951 964.795 88.7 2.00 0.03
952 965.000 64.9 1.98 0.09
953 967.020 85.3 1.89 0.13
954 967.198 51.2 1.86 0.01
955 967.478 122.9 1.84 0.02
956 968.201 52.9 2.01 -0.03
957 969.000 61.4 2.04 0.09
958 969.615 88.7 1.96 0.07
959 971.253 75.1 1.82 0.00
960 971.908 64.9 1.83 0.10
961 972.318 68.3 1.88 0.16
962 972.980 46.1 1.83 0.06
963 973.199 88.7 1.91 0.05
964 974.270 47.8 1.85 0.06
965 974.400 37.5 2.00 -0.04
966 975.540 81.9 1.92 0.02
967 976.018 75.1 1.90 0.03
968 976.195 59.7 1.93 0.06
969 977.090 102.4 1.92 -0.06
970 977.581 128.0 1.80 -0.13
971 979.336 78.5 1.97 -0.03
972 979.766 54.6 1.87 0.07
973 979.964 56.3 1.92 0.01
974 980.326 78.5 1.82 0.03
975 980.988 95.6 1.84 0.12
976 981.309 46.1 1.80 0.15
977 981.670 95.6 1.80 0.07
978 982.496 71.7 1.68 0.16
979 982.667 47.8 1.71 0.10
980 983.391 80.2 1.76 0.00
981 983.780 90.5 1.66 0.07
982 984.517 104.1 1.76 -0.00
983 984.667 63.1 1.81 -0.01
984 984.865 146.8 1.82 -0.00
985 985.411 90.5 1.78 -0.02
986 985.958 54.6 1.84 0.02
987 987.009 59.7 1.77 -0.10
988 987.896 100.7 1.84 0.04
989 988.149 75.1 1.83 0.10
990 989.077 81.9 1.79 -0.08
991 990.142 191.1 1.73 -0.16
992 991.644 63.1 1.85 -0.07
993 992.491 88.7 1.76 0.07
994 994.313 78.5 1.94 -0.00
995 995.959 68.3 1.91 -0.05
996 998.061 105.8 1.94 0.13
997 998.246 68.3 1.79 0.00
998 999.413 225.3 1.67 -0.07
999 999.870 41.0 1.88 0.17
1000 1000.184 81.9 1.82 0.18
1001 1000.771 76.8 1.90 0.14
1002 1002.963 109.2 1.66 -0.04
1003 1005.564 102.4 1.84 -0.19
1004 1006.588 88.7 1.74 0.00
1005 1006.690 51.2 1.55 -0.16
1006 1006.786 97.3 1.88 0.02
1007 1007.168 129.7 1.75 0.05
1008 1008.581 99.0 1.72 -0.16
1009 1008.759 71.7 1.59 -0.12
1010 1008.875 75.1 1.63 -0.09
1011 1009.673 88.7 1.79 -0.02
1012 1010.629 64.9 1.85 0.04
1013 1010.807 112.6 1.86 0.08
1014 1011.537 81.9 1.80 0.16
1015 1012.561 81.9 1.94 0.09
1016 1013.804 102.4 2.17 0.05
1017 1015.462 90.5 1.99 0.12
1018 1015.763 92.2 1.89 0.19
1019 1018.248 56.3 1.91 0.06
1020 1019.169 70.0 1.84 0.03
1021 1019.558 109.2 1.92 0.01
1022 1019.825 68.3 1.89 0.02
1023 1019.975 76.8 1.87 0.02
1024 1022.822 54.6 1.84 -0.05
1025 1023.832 114.3 1.72 0.15
1026 1024.637 78.5 1.78 -0.03
1027 1027.081 87.0 1.86 -0.01
1028 1027.709 105.8 1.86 0.14
1029 1027.935 134.8 1.88 0.14
1030 1030.515 75.1 2.03 0.02
1031 1030.809 129.7 1.98 0.01
1032 1031.355 68.3 1.90 0.09
1033 1031.744 76.8 1.89 0.24
1034 1032.352 81.9 1.96 0.18
1035 1032.891 64.9 2.00 0.20
1036 1033.498 70.0 2.12 0.16
1037 1033.676 71.7 2.03 0.25
1038 1033.888 105.8 2.05 0.17
1039 1035.226 83.6 2.04 0.11
1040 1035.820 68.3 2.12 0.10
1041 1036.502 92.2 1.97 0.25
1042 1041.834 88.7 1.74 0.11
1043 1041.977 85.3 1.83 0.06
1044 1042.421 64.9 1.74 0.06
1045 1042.551 70.0 1.80 0.10
1046 1043.117 75.1 1.85 0.02
1047 1044.046 81.9 1.82 0.01
1048 1046.333 88.7 1.85 0.03
1049 1048.722 81.9 1.82 0.15
1050 1049.132 71.7 1.93 0.00
1051 1050.019 64.9 1.75 0.02
1052 1051.248 112.6 1.83 -0.02
1053 1051.343 32.4 1.90 0.00
1054 1051.917 99.0 1.91 0.06
1055 1052.374 59.7 1.94 -0.00
1056 1052.545 68.3 1.82 0.18
1057 1052.961 81.9 1.87 0.14
1058 1058.559 99.0 1.89 0.16
1059 1058.798 81.9 1.89 0.18
1060 1059.337 80.2 1.86 0.24
1061 1059.706 66.6 1.95 0.19
1062 1060.170 75.1 1.94 0.25
1063 1061.679 109.2 1.92 0.24
1064 1062.689 93.9 1.74 0.23
1065 1063.010 81.9 1.85 0.20
1066 1066.464 95.6 1.86 0.27
1067 1067.331 75.1 1.94 0.01
1068 1068.287 75.1 1.86 0.15
1069 1068.765 85.3 2.03 0.13
1070 1069.591 105.8 2.02 0.22
1071 1070.499 64.9 1.98 0.19
1072 1071.584 88.7 1.95 0.25
1073 1073.639 134.8 1.93 0.40
1074 1074.260 58.0 1.74 0.18
1075 1074.868 81.9 1.92 0.16
1076 1075.394 58.0 1.94 0.11
1077 1077.606 76.8 1.96 0.21
1078 1078.227 102.4 1.99 0.20
1079 1078.548 61.4 2.10 0.27
1080 1079.428 61.4 1.76 0.27
1081 1082.132 75.1 2.04 0.31
1082 1082.452 81.9 2.11 0.20
1083 1083.285 54.6 2.02 0.26
1084 1085.770 22.2 2.02 0.00
1085 1086.139 59.7 2.06 0.15
1086 1086.412 75.1 2.04 0.21
1087 1087.470 68.3 1.97 0.27
1088 1087.941 81.9 2.11 0.10
1089 1088.856 87.0 2.05 0.18
1090 1092.815 88.7 2.16 0.19
1091 1092.904 68.3 2.04 0.19
1092 1093.955 75.1 2.03 0.17
1093 1095.034 42.7 1.98 0.19
1094 1096.959 80.2 1.89 -0.06
1095 1097.929 75.1 1.87 0.21
1096 1098.693 114.3 2.02 0.26
1097 1098.905 81.9 1.99 0.24
1098 1099.301 75.1 2.13 0.29
1099 1100.755 102.4 1.85 0.16
1100 1101.069 80.2 2.15 0.24
1101 1101.260 42.7 2.19 0.09
1102 1101.711 85.3 2.07 0.03
1103 1104.223 71.7 2.24 0.18
1104 1104.912 39.3 2.03 0.13
1105 1105.718 80.2 1.99 0.17
1106 1106.339 66.6 2.09 0.39
1107 1106.482 81.9 2.06 0.20
1108 1107.725 97.3 2.13 0.13
1109 1109.718 70.0 2.18 0.00
1110 1111.418 52.9 2.20 0.23
1111 1112.749 80.2 2.15 0.08
1112 1113.104 54.6 2.11 0.13
1113 1113.213 78.5 2.11 0.13
1114 1114.039 59.7 2.02 0.05
1115 1116.565 73.4 2.13 0.17
1116 1117.064 71.7 2.09 0.10
1117 1117.344 70.0 1.97 0.21
1118 1119.405 61.4 2.10 0.19
1119 1120.545 68.3 2.13 0.20
1120 1121.685 81.9 2.02 0.19
1121 1123.208 76.8 2.08 0.27
1122 1124.266 81.9 1.74 0.13
1123 1125.775 66.6 1.86 0.21
1124 1127.188 105.8 1.83 0.06
1125 1129.427 70.0 2.05 0.27
1126 1130.785 61.4 2.05 0.22
1127 1132.137 93.9 1.93 0.08
1128 1132.308 80.2 2.12 0.08
1129 1132.512 64.9 2.08 0.26
1130 1133.598 75.1 2.07 0.26
1131 1133.789 61.4 2.05 0.21
1132 1134.458 63.1 2.07 0.27
1133 1136.253 42.7 1.98 0.25
1134 1137.079 63.1 1.83 0.12
1135 1137.830 76.8 2.21 0.04
1136 1138.185 68.3 1.90 0.09
1137 1138.677 81.9 1.97 0.00
1138 1138.943 75.1 2.10 0.16
1139 1139.537 78.5 2.10 0.14
1140 1140.254 107.5 2.08 0.03
1141 1140.465 59.7 2.06 0.16
1142 1141.769 83.6 1.98 0.20
1143 1143.667 76.8 2.10 0.17
1144 1144.125 81.9 2.01 0.06
1145 1144.220 78.5 2.07 0.19
1146 1144.848 88.7 1.84 0.01
1147 1145.190 81.9 1.95 0.20
1148 1145.695 58.0 2.04 0.19
1149 1146.910 81.9 2.14 0.16
1150 1148.780 51.2 2.02 0.20
1151 1148.896 95.6 2.13 0.20
1152 1149.033 52.9 2.12 0.16
1153 1149.176 99.0 2.13 0.14
1154 1149.422 76.8 1.98 0.09
1155 1151.504 41.0 1.99 0.18
1156 1153.573 109.2 2.00 0.13
1157 1154.044 100.7 2.05 0.19
1158 1156.720 41.0 2.05 0.23
1159 1157.007 70.0 2.09 0.18
1160 1158.215 75.1 2.04 0.18
1161 1158.973 61.4 2.12 0.09
1162 1162.120 73.4 1.93 0.12
1163 1162.843 71.7 2.06 0.17
1164 1164.857 56.3 2.06 0.05
1165 1165.178 129.7 2.03 0.07
1166 1166.147 104.1 1.94 0.12
1167 1167.274 59.7 1.88 0.11
1168 1167.909 76.8 1.96 0.08
1169 1169.977 88.7 2.07 0.13
1170 1170.387 75.1 2.06 0.09
1171 1171.691 78.5 2.01 0.04
1172 1171.855 80.2 2.01 0.04
1173 1172.196 102.4 2.11 0.12
1174 1172.721 71.7 1.93 0.04
1175 1173.083 90.5 1.96 0.02
1176 1173.295 88.7 1.99 -0.02
1177 1174.298 61.4 1.94 -0.09
1178 1174.503 204.8 1.97 0.05
1179 1175.316 58.0 1.92 0.03
1180 1176.305 70.0 1.93 0.14
1181 1176.968 95.6 1.85 0.08
1182 1177.316 59.7 1.93 0.13
1183 1177.630 44.4 1.88 0.10
1184 1177.862 75.1 1.94 0.16
1185 1178.394 64.9 1.96 0.11
1186 1179.009 64.9 1.91 0.12
1187 1181.262 88.7 1.91 0.01
1188 1181.569 71.7 2.01 0.00
1189 1181.910 37.5 2.02 0.05
1190 1185.399 71.7 2.03 -0.01
1191 1186.095 95.6 1.83 -0.02
1192 1186.846 85.3 1.89 0.03
1193 1187.672 81.9 1.85 0.07
1194 1187.924 179.2 1.84 -0.00
1195 1188.389 64.9 1.78 0.03
1196 1189.488 122.9 1.84 0.07
1197 1193.318 88.7 1.81 0.13
1198 1194.109 61.4 1.71 0.03
1199 1194.410 75.1 1.72 -0.01
1200 1194.594 68.3 1.78 0.12
1201 1195.796 66.6 1.92 0.04
1202 1196.219 81.9 1.88 0.01
1203 1198.554 105.8 1.80 0.06
1204 1200.096 37.5 1.79 0.11
1205 1202.868 81.9 1.75 0.00
1206 1204.684 93.9 1.79 -0.00
1207 1205.360 71.7 1.75 0.08
1208 1205.503 78.5 1.80 0.08
1209 1206.261 153.6 1.72 0.09
1210 1206.985 151.9 1.79 0.16
1211 1207.135 90.5 1.84 0.16
1212 1208.138 81.9 1.98 0.15
1213 1208.671 71.7 1.94 0.09
1214 1209.531 104.1 1.97 0.09
1215 1209.975 83.6 2.00 0.09
1216 1213.743 47.8 1.90 0.11
1217 1214.132 42.7 2.02 0.17
1218 1214.275 64.9 2.01 0.18
1219 1218.112 92.2 2.02 0.11
1220 1219.177 68.3 1.89 0.05
1221 1219.798 61.4 1.86 0.03
1222 1220.180 76.8 1.85 0.07
1223 1221.894 81.9 1.85 0.14
1224 1222.672 52.9 1.85 0.13
1225 1223.266 75.1 1.94 0.06
1226 1223.505 102.4 1.87 0.05
1227 1224.823 128.0 1.67 0.19
1228 1224.945 95.6 1.68 0.06
1229 1225.068 95.6 1.63 -0.02
1230 1225.444 68.3 1.79 0.02
1231 1226.720 85.3 1.88 0.17
1232 1228.680 186.0 1.87 -0.04
1233 1229.185 61.4 2.00 0.02
1234 1229.608 56.3 1.97 -0.00
1235 1230.400 64.9 1.86 0.05
1236 1233.786 78.5 2.03 0.02
1237 1234.721 59.7 2.09 0.16
1238 1236.025 49.5 1.99 0.12
1239 1236.203 75.1 2.02 0.05
1240 1237.070 75.1 2.02 0.01
1241 1237.609 88.7 1.94 0.19
1242 1238.421 105.8 1.91 0.10
1243 1238.653 104.1 2.05 0.08
1244 1238.831 81.9 2.04 0.08
1245 1239.077 68.3 1.90 0.12
1246 1239.725 87.0 1.89 0.22
1247 1240.408 92.2 1.85 0.10
1248 1241.644 81.9 2.03 0.11
1249 1243.023 100.7 1.91 -0.07
1250 1243.166 64.9 1.84 -0.07
1251 1243.719 46.1 2.03 0.08
1252 1244.347 66.6 1.97 -0.03
1253 1244.982 75.1 1.71 0.15
1254 1245.678 58.0 2.06 0.15
1255 1246.675 46.1 2.02 0.24
1256 1247.282 78.5 2.12 0.16
1257 1247.651 42.7 2.10 0.14
1258 1248.416 78.5 2.18 0.15
1259 1249.248 174.1 2.13 0.09
1260 1253.071 54.6 2.00 0.16
1261 1253.699 88.7 2.02 0.16
1262 1254.089 56.3 2.06 0.11
1263 1255.003 73.4 2.07 0.03
1264 1256.396 71.7 2.13 -0.02
1265 1256.655 78.5 2.01 0.01
1266 1258.294 64.9 2.03 0.36
1267 1261.188 51.2 1.98 0.13
1268 1261.850 63.1 1.96 0.09
1269 1262.642 109.2 1.97 0.13
1270 1262.806 71.7 2.00 0.13
1271 1263.120 121.2 2.04 0.18
1272 1265.052 68.3 2.01 0.10
1273 1265.257 76.8 2.05 0.08
1274 1268.616 102.4 2.06 0.20
1275 1269.319 70.0 2.17 0.18
1276 1269.674 71.7 2.14 0.13
1277 1270.288 92.2 2.10 0.10
1278 1271.947 63.1 1.99 0.14
1279 1274.029 78.5 2.10 0.09
1280 1274.152 88.7 2.05 0.09
1281 1275.224 66.6 2.03 0.15
1282 1276.630 184.3 1.94 0.05
1283 1278.405 182.6 1.95 0.00
1284 1278.863 109.2 1.98 0.07
1285 1280.016 92.2 1.92 0.07
1286 1281.818 75.1 2.00 0.11
1287 1282.610 75.1 1.98 -0.04
1288 1287.225 95.6 1.90 0.15
1289 1288.638 102.4 1.90 0.09
1290 1289.908 56.3 1.85 -0.00
1291 1290.379 76.8 1.92 0.04
1292 1290.550 107.5 1.95 0.02
1293 1292.413 75.1 2.00 0.02
1294 1292.687 56.3 2.09 0.05
1295 1292.898 73.4 2.13 0.09
1296 1294.339 85.3 2.07 0.12
1297 1295.110 71.7 1.97 0.05
1298 1295.656 93.9 2.08 -0.02
1299 1296.243 76.8 2.01 -0.01
1300 1296.564 95.6 1.96 0.00
1301 1297.260 81.9 1.91 0.03
1302 1298.667 63.1 1.95 -0.02
1303 1298.776 97.3 2.01 -0.01
1304 1299.035 150.2 2.03 0.04
1305 1300.633 35.8 2.06 0.09
1306 1300.783 110.9 2.00 0.09
1307 1301.527 54.6 2.03 0.03
1308 1302.510 88.7 2.07 0.02
1309 1303.043 59.7 2.06 -0.01
1310 1303.281 68.3 1.98 -0.08
1311 1304.476 88.7 2.00 0.06
1312 1305.009 81.9 1.93 -0.02
1313 1305.398 95.6 1.93 -0.03
1314 1305.589 58.0 1.88 -0.02
1315 1305.869 51.2 1.92 0.05
1316 1306.790 75.1 1.94 0.08
1317 1306.886 87.0 1.94 0.09
1318 1307.261 80.2 1.97 0.10
1319 1308.791 64.9 2.05 0.11
1320 1310.149 116.1 2.07 0.09
1321 1311.146 75.1 1.88 0.06
1322 1311.398 109.2 2.00 0.15
1323 1311.781 81.9 2.13 0.14
1324 1312.129 93.9 2.09 0.06
1325 1312.682 87.0 2.05 0.08
1326 1312.805 42.7 2.06 0.02
1327 1313.412 81.9 2.07 0.08
1328 1313.788 68.3 1.98 0.01
1329 1316.136 64.9 1.98 0.05
1330 1317.392 105.8 1.94 0.06
1331 1318.403 75.1 1.93 0.02
1332 1318.682 81.9 1.90 0.08
1333 1319.986 105.8 1.85 0.10
1334 1320.942 81.9 1.96 0.08
1335 1321.488 87.0 1.89 0.02
1336 1325.209 105.8 1.71 0.08
1337 1326.731 81.9 2.00 0.10
1338 1327.113 88.7 1.95 0.08
1339 1328.499 80.2 2.02 0.14
1340 1328.998 88.7 1.95 0.16
1341 1329.632 81.9 1.83 0.08
1342 1329.865 68.3 1.76 0.25
1343 1330.220 170.7 1.89 0.05
1344 1335.060 116.1 2.16 0.12
1345 1336.691 81.9 2.13 0.16
1346 1337.026 68.3 2.08 0.18
1347 1337.613 61.4 2.17 0.13
1348 1344.883 85.3 2.04 0.02
1349 1345.040 81.9 2.15 0.02
1350 1345.887 76.8 2.17 0.07
1351 1346.098 88.7 2.08 -0.00
1352 1346.242 54.6 2.16 0.09
1353 1348.078 68.3 2.12 0.13
1354 1348.201 85.3 2.17 -0.01
1355 1348.843 61.4 2.09 -0.03
1356 1349.157 88.7 2.02 -0.12
1357 1349.880 81.9 2.00 -0.06
1358 1351.116 97.3 1.98 0.03
1359 1353.225 71.7 2.11 -0.15
1360 1353.369 85.3 2.08 -0.15
1361 1354.871 71.7 2.09 -0.06
1362 1355.205 71.7 2.04 -0.04
1363 1355.492 92.2 2.03 -0.04
1364 1356.236 105.8 2.02 -0.18
1365 1356.427 54.6 1.89 -0.13
1366 1360.926 81.9 2.02 0.07
1367 1361.090 46.1 1.94 0.06
1368 1361.759 66.6 2.10 0.16
1369 1364.401 83.6 1.91 0.21
1370 1366.360 39.3 1.89 0.16
1371 1367.657 81.9 1.93 0.03
1372 1367.766 71.7 1.90 0.03
1373 1368.128 58.0 1.90 0.14
1374 1368.299 85.3 1.79 0.14
1375 1370.838 71.7 1.81 -0.00
1376 1371.869 121.2 1.84 0.11
1377 1373.057 56.3 1.82 0.04
1378 1373.644 81.9 1.82 0.08
1379 1373.821 41.0 1.82 0.01
1380 1374.490 83.6 1.79 0.03
1381 1374.948 80.2 1.78 0.06
1382 1375.419 66.6 1.78 0.11
1383 1376.095 95.6 1.79 0.01
1384 1377.952 85.3 1.89 0.19
1385 1378.545 105.8 1.77 0.24
1386 1379.235 47.8 1.69 0.18
1387 1379.549 87.0 1.74 0.11
1388 1379.706 81.9 1.75 0.10
1389 1380.075 78.5 1.82 0.09
1390 1381.010 58.0 2.01 0.14
1391 1381.379 76.8 2.01 0.18
1392 1382.164 44.4 2.03 -0.03
1393 1382.389 68.3 1.82 0.23
1394 1383.058 49.5 1.96 0.28
1395 1383.679 68.3 1.94 0.15
1396 1384.075 75.1 1.88 0.21
1397 1384.942 61.4 1.91 0.03
1398 1385.031 49.5 1.89 0.03
1399 1385.263 61.4 1.85 0.09
1400 1385.597 78.5 1.68 0.13
1401 1385.884 105.8 1.83 0.20
1402 1387.290 70.0 1.65 0.01
1403 1387.748 66.6 1.73 0.07
1404 1388.663 92.2 1.96 0.36
1405 1389.297 59.7 2.07 0.13
1406 1392.677 88.7 2.01 0.20
1407 1393.414 75.1 2.18 0.36
1408 1395.203 81.9 2.04 0.32
1409 1397.196 104.1 1.92 0.26
1410 1397.592 76.8 1.88 0.21
1411 1398.165 58.0 1.92 0.21
1412 1398.261 41.0 1.93 0.21
1413 1399.230 88.7 1.95 0.17
1414 1400.329 59.7 1.88 0.13
1415 1400.602 68.3 1.84 0.17
1416 1401.224 83.6 1.76 0.37
1417 1402.275 42.7 1.95 0.22
1418 1402.719 100.7 1.94 0.34
1419 1403.347 75.1 1.99 0.20
1420 1404.064 68.3 1.83 0.24
1421 1406.125 59.7 2.10 0.37
1422 1407.532 145.1 1.87 0.18
1423 1408.958 95.6 1.86 0.37
1424 1410.904 75.1 1.80 0.32
1425 1411.109 71.7 1.80 0.31
1426 1413.389 87.0 1.89 0.28
1427 1413.723 80.2 1.84 0.34
1428 1415.478 76.8 1.79 0.22
1429 1416.256 88.7 1.75 0.16
1430 1416.358 71.7 1.83 0.28
1431 1418.045 56.3 1.73 0.38
1432 1418.502 109.2 1.56 0.21
1433 1418.823 78.5 1.66 0.22
1434 1419.936 169.0 1.69 0.02
1435 1420.625 87.0 1.65 0.04
1436 1422.837 64.9 1.69 0.08
1437 1423.253 63.1 1.65 0.26
1438 1423.404 64.9 1.76 0.26
1439 1425.929 70.0 1.49 -0.01
1440 1427.336 81.9 1.69 0.08
1441 1428.291 126.3 1.66 0.01
1442 1428.742 97.3 1.81 -0.02
1443 1432.510 35.8 1.93 0.19
1444 1432.886 102.4 1.85 0.03
1445 1433.104 71.7 1.80 0.01
1446 1433.268 78.5 1.67 0.01
1447 1434.408 124.6 1.68 0.18
1448 1436.470 70.0 1.86 0.16
1449 1436.668 102.4 1.85 0.10
1450 1436.954 63.1 1.85 0.11
1451 1437.528 146.8 1.76 0.12
1452 1437.903 158.7 1.72 0.17
1453 1438.129 75.1 1.77 0.17
1454 1439.262 81.9 1.80 0.12
1455 1439.617 78.5 1.80 0.11
1456 1444.170 70.0 2.02 0.22
1457 1444.942 85.3 2.00 0.20
1458 1446.464 59.7 2.05 0.14
1459 1447.625 85.3 1.97 0.16
1460 1447.863 37.5 1.98 0.15
1461 1449.174 80.2 2.00 0.06
1462 1450.717 56.3 1.99 0.39
1463 1451.290 92.2 2.02 0.27
1464 1451.447 76.8 2.03 0.27
1465 1452.861 56.3 1.98 0.15
1466 1453.455 47.8 1.96 0.09
1467 1453.946 95.6 1.99 0.00
1468 1454.929 95.6 2.03 0.06
1469 1455.182 138.2 2.06 -0.04
1470 1455.605 63.1 2.07 -0.04
1471 1456.643 76.8 1.90 -0.06
1472 1457.783 44.4 1.99 0.02
1473 1458.295 75.1 1.75 0.07
1474 1458.540 122.9 1.76 0.01
1475 1463.974 87.0 1.86 -0.11
1476 1464.343 83.6 1.79 -0.10
1477 1465.579 68.3 1.74 0.14
1478 1466.384 102.4 1.66 -0.02
1479 1466.603 104.1 1.65 0.00
1480 1467.306 90.5 1.73 0.13
1481 1467.709 109.2 1.79 0.01
1482 1468.296 58.0 1.71 0.22
1483 1468.828 99.0 1.60 0.18
1484 1469.927 81.9 1.76 0.05
1485 1470.098 81.9 1.88 -0.00
1486 1470.624 68.3 1.80 -0.10
1487 1471.968 71.7 1.53 0.11
1488 1473.928 109.2 1.71 -0.15
1489 1474.337 61.4 1.72 -0.04
1490 1476.201 90.5 1.67 -0.09
1491 1480.631 99.0 1.90 -0.12
1492 1482.454 232.1 1.94 -0.08
1493 1483.956 81.9 1.94 0.20
1494 1486.168 109.2 1.84 -0.01
1495 1488.127 75.1 1.68 -0.01
1496 1489.233 93.9 1.72 -0.10
1497 1491.534 68.3 1.83 -0.00
1498 1492.257 88.7 1.71 -0.02
1499 1492.749 54.6 1.82 0.11
1500 1494.176 68.3 1.49 0.03
1501 1494.326 110.9 1.60 0.04
1502 1496.804 87.0 1.73 -0.23
1503 1497.521 93.9 1.75 -0.22
1504 1498.531 153.6 1.89 -0.18
1505 1500.279 129.7 1.72 -0.15
1506 1502.456 87.0 1.71 0.22
1507 1504.450 150.2 1.48 0.09
1508 1505.412 73.4 1.97 -0.06
1509 1506.150 90.5 1.54 -0.25
1510 1506.259 88.7 1.43 -0.23
1511 1506.887 83.6 1.83 -0.04
1512 1507.187 88.7 2.02 0.15
1513 1507.884 41.0 2.02 0.17
1514 1509.003 88.7 1.74 0.12
1515 1509.877 59.7 1.94 -0.02
1516 1510.751 44.4 1.98 0.03
1517 1510.880 76.8 2.00 0.03
1518 1511.167 56.3 1.99 0.01
1519 1512.963 46.1 2.00 -0.07
1520 1513.297 71.7 1.94 -0.03
1521 1514.963 75.1 2.06 0.01
1522 1517.106 78.5 1.91 -0.13
1523 1517.891 83.6 1.88 -0.08
1524 1520.465 75.1 2.04 -0.04
1525 1520.622 112.6 2.04 -0.04
1526 1520.854 95.6 1.93 0.24
1527 1522.090 58.0 1.81 0.00
1528 1522.759 75.1 1.81 -0.00
1529 1522.882 81.9 1.83 -0.00
1530 1523.121 59.7 1.73 -0.04
1531 1523.558 93.9 2.14 0.23
1532 1524.363 80.2 1.72 0.02
1533 1524.534 104.1 2.03 0.02
1534 1525.633 131.4 1.85 0.27
1535 1527.128 64.9 2.09 0.11
1536 1529.333 85.3 1.86 0.04
1537 1529.872 109.2 2.09 0.15
1538 1532.002 126.3 2.04 0.22
1539 1532.180 78.5 2.06 0.29
1540 1532.917 93.9 2.09 0.23
1541 1533.484 78.5 2.21 0.18
1542 1534.562 75.1 2.19 0.23
1543 1535.648 54.6 2.08 0.26
1544 1536.139 143.4 2.09 0.13
1545 1536.282 88.7 2.12 0.19
1546 1537.832 88.7 2.07 0.07
1547 1538.344 64.9 2.03 0.14
1548 1538.501 153.6 1.98 0.11
1549 1538.624 41.0 1.98 0.08
1550 1540.105 78.5 2.01 0.17
1551 1540.713 68.3 2.02 0.20
1552 1541.600 88.7 1.82 0.08
1553 1542.659 116.1 1.77 0.10
1554 1542.863 71.7 1.74 0.06
1555 1543.232 47.8 1.85 0.15
1556 1543.416 95.6 1.71 0.05
1557 1543.833 63.1 1.84 0.17
1558 1544.311 116.1 1.82 0.30
1559 1545.935 88.7 1.74 0.27
1560 1547.335 102.4 1.87 0.23
1561 1547.724 141.7 1.86 0.27
1562 1548.775 68.3 1.93 0.40
1563 1552.496 78.5 1.59 0.36
1564 1553.547 157.0 1.80 0.31
1565 1556.421 47.8 1.68 0.29
1566 1556.797 88.7 1.61 0.25
1567 1557.022 114.3 1.60 0.20
1568 1559.787 107.5 1.83 0.21
1569 1560.415 75.1 1.91 0.17
1570 1565.992 126.3 1.96 0.31
1571 1566.429 78.5 1.98 0.29
1572 1566.668 88.7 1.90 0.33
1573 1567.221 75.1 2.06 0.29
1574 1567.412 105.8 2.08 0.29
1575 1567.603 124.6 2.09 0.24
1576 1568.402 71.7 2.01 0.16
1577 1568.497 75.1 1.98 0.16
1578 1569.050 73.4 2.04 0.31
1579 1569.283 83.6 2.07 0.20
1580 1569.624 59.7 2.02 0.33
1581 1570.607 78.5 2.00 0.28
1582 1572.791 58.0 2.02 0.27
1583 1573.263 61.4 1.96 0.37
1584 1573.624 88.7 1.96 0.44
1585 1574.109 73.4 1.86 0.41
1586 1574.478 61.4 1.86 0.43
1587 1576.894 70.0 2.14 0.18
1588 1579.741 85.3 1.80 0.06
1589 1580.198 75.1 1.86 0.14
1590 1581.400 63.1 1.94 0.05
1591 1583.209 64.9 2.09 0.38
1592 1583.632 81.9 1.96 0.41
1593 1584.329 208.2 1.86 0.37
1594 1586.575 136.5 1.86 0.17
1595 1586.841 105.8 1.80 0.18
1596 1589.189 95.6 1.76 -0.19
1597 1589.414 90.5 1.68 -0.12
1598 1591.039 81.9 1.81 0.06
1599 1593.237 59.7 2.05 0.13
1600 1593.893 75.1 2.01 0.17
1601 1594.862 90.5 1.99 0.16
1602 1595.442 114.3 1.88 -0.02
1603 1596.268 92.2 1.91 0.09
1604 1596.507 92.2 1.97 0.09
1605 1597.634 88.7 1.87 0.02
1606 1597.736 80.2 1.84 -0.01
1607 1598.815 54.6 1.86 0.04
1608 1599.258 80.2 1.88 0.01
1609 1601.136 58.0 1.93 0.20
1610 1602.358 68.3 1.80 0.02
1611 1604.174 157.0 1.80 -0.00
1612 1604.303 49.5 1.80 0.11
1613 1604.781 80.2 1.81 0.06
1614 1605.041 93.9 1.82 0.10
1615 1605.430 109.2 1.81 0.09
1616 1606.167 97.3 1.95 0.13
1617 1609.260 88.7 1.82 0.12
1618 1612.058 81.9 1.95 0.18
1619 1613.431 68.3 2.06 0.21
1620 1615.117 68.3 2.01 0.02
1621 1615.574 59.7 2.11 0.12
1622 1617.970 58.0 2.12 0.00
1623 1619.261 56.3 2.17 0.23
1624 1619.663 68.3 2.13 0.22
1625 1623.507 51.2 2.12 0.23
1626 1624.128 63.1 2.05 0.13
1627 1624.237 70.0 2.01 0.13
1628 1625.015 75.1 2.17 0.22
1629 1625.923 61.4 2.09 0.29
1630 1626.722 75.1 2.06 0.12
1631 1629.583 54.6 2.02 -0.00
1632 1630.675 80.2 2.15 0.23
1633 1631.863 105.8 2.15 0.35
1634 1632.272 63.1 2.07 0.28
1635 1632.839 83.6 2.05 0.06
1636 1633.829 41.0 1.75 0.26
1637 1634.074 73.4 1.81 0.31
1638 1635.583 51.2 2.05 0.33
1639 1636.580 87.0 2.11 0.31
1640 1638.252 76.8 1.94 0.16
1641 1638.375 49.5 1.97 0.18
1642 1638.621 114.3 2.11 0.27
1643 1639.488 119.5 2.01 0.26
1644 1642.888 117.8 1.83 0.15
1645 1644.417 81.9 1.87 0.25
1646 1644.929 52.9 1.95 0.28
1647 1646.130 88.7 2.15 0.23
1648 1646.936 88.7 2.08 0.29
1649 1647.871 66.6 2.12 0.31
1650 1649.810 95.6 2.18 0.19
1651 1650.083 68.3 2.20 0.19
1652 1650.220 58.0 2.11 0.25
1653 1651.257 100.7 1.96 0.30
1654 1654.807 68.3 1.97 0.08
1655 1655.647 68.3 1.87 0.14
1656 1656.056 191.1 1.79 0.13
1657 1657.415 88.7 1.78 0.07
1658 1658.412 58.0 1.87 0.12
1659 1660.753 42.7 1.98 0.23
1660 1661.511 88.7 1.78 0.27
1661 1662.514 75.1 2.03 0.19
1662 1665.839 92.2 1.88 0.17
1663 1665.989 68.3 1.83 0.17
1664 1666.085 49.5 1.79 0.29
1665 1666.330 95.6 1.77 0.30
1666 1670.529 85.3 2.09 0.34
1667 1670.700 88.7 2.07 0.30
1668 1670.816 64.9 2.10 0.29
1669 1671.375 70.0 2.01 0.30
1670 1672.741 68.3 2.04 0.25
1671 1673.150 87.0 1.99 0.29
1672 1674.495 52.9 2.04 0.28
1673 1674.673 49.5 2.04 0.28
1674 1674.809 64.9 2.10 0.27
1675 1674.932 70.0 2.07 0.24
1676 1676.004 81.9 2.08 0.32
1677 1676.598 42.7 2.03 0.34
1678 1681.629 68.3 2.06 0.08
1679 1682.189 68.3 1.99 0.08
1680 1682.919 81.9 2.00 0.03
1681 1683.738 76.8 2.01 0.16
1682 1686.244 88.7 1.93 0.06
1683 1687.118 75.1 1.91 0.27
1684 1687.336 73.4 1.94 0.17
1685 1687.445 42.7 1.83 0.20
1686 1688.544 64.9 1.98 0.22
1687 1689.473 68.3 2.07 0.21
1688 1690.033 68.3 2.10 0.20
1689 1691.104 134.8 2.01 0.17
1690 1691.261 52.9 2.01 0.15
1691 1692.142 68.3 1.98 0.04
1692 1692.449 80.2 2.00 0.17
1693 1693.180 54.6 1.88 0.03
1694 1694.436 78.5 1.92 0.06
1695 1695.180 88.7 1.84 0.04
1696 1696.047 64.9 1.93 0.12
1697 1697.153 95.6 1.91 0.05
1698 1699.508 75.1 1.92 0.07
1699 1699.638 78.5 1.97 0.07
1700 1700.000 71.7 1.92 0.11
1701 1701.065 109.2 1.89 0.12
1702 1702.566 88.7 1.92 0.12
1703 1704.676 81.9 1.98 0.06
1704 1705.427 81.9 1.93 0.05
1705 1705.802 150.2 1.85 0.12
1706 1707.031 39.3 1.92 0.06
1707 1707.379 71.7 1.93 0.08
1708 1708.943 70.0 1.90 0.10
1709 1711.209 81.9 1.92 0.10
1710 1711.557 92.2 1.90 0.11
1711 1712.042 76.8 1.90 0.21
1712 1712.820 92.2 1.90 0.22
1713 1713.257 80.2 1.97 0.20
1714 1714.527 73.4 2.02 0.20
1715 1714.697 81.9 2.07 0.20
1716 1714.977 75.1 2.00 0.19
1717 1716.008 54.6 2.11 0.16
1718 1716.117 80.2 2.10 0.16
1719 1716.923 73.4 2.07 0.17
1720 1717.107 75.1 2.05 0.10
1721 1720.275 87.0 1.92 0.05
1722 1722.077 66.6 1.85 0.04
1723 1722.623 139.9 1.87 0.11
1724 1722.876 92.2 1.84 0.08
1725 1723.729 58.0 1.96 0.13
1726 1724.855 63.1 1.87 0.12
1727 1726.071 136.5 1.89 0.03
1728 1726.337 68.3 1.98 0.02
1729 1726.548 54.6 1.99 0.00
1730 1729.279 95.6 2.03 -0.01
1731 1729.771 52.9 1.93 -0.02
1732 1731.129 75.1 2.07 -0.01
1733 1733.443 104.1 2.00 0.11
1734 1734.106 73.4 1.89 0.18
1735 1734.761 51.2 1.92 0.16
1736 1735.041 73.4 1.86 0.11
1737 1735.225 39.3 1.86 0.20
1738 1735.887 68.3 1.90 0.18
1739 1736.324 68.3 1.91 0.15
1740 1736.918 83.6 1.88 0.16
1741 1739.314 102.4 1.77 0.12
1742 1740.816 95.6 1.74 0.08
1743 1741.410 68.3 1.74 0.11
1744 1741.874 81.9 1.70 0.21
1745 1741.970 39.3 1.93 0.09
1746 1742.502 95.6 1.81 0.10
1747 1743.683 61.4 1.78 0.10
1748 1743.997 70.0 1.77 0.13
1749 1744.107 66.6 1.70 0.22
1750 1745.370 75.1 1.92 0.12
1751 1747.247 109.2 2.00 0.22
1752 1748.448 83.6 1.73 -0.01
1753 1748.653 71.7 1.86 0.01
1754 1751.179 70.0 1.81 0.12
1755 1752.538 110.9 1.79 0.08
1756 1755.548 136.5 1.77 0.03
1757 1755.705 121.2 1.78 0.03
1758 1755.849 92.2 1.70 -0.04
1759 1757.111 23.9 1.75 0.29
1760 1758.163 102.4 1.75 0.28
1761 1758.989 131.4 1.79 0.19
1762 1759.767 71.7 1.67 0.06
1763 1759.869 71.7 1.75 0.06
1764 1760.655 68.3 1.64 0.05
1765 1761.105 63.1 1.84 0.27
1766 1762.361 29.0 1.75 0.08
1767 1762.839 83.6 1.62 0.15
1768 1766.307 90.5 1.73 0.15
1769 1766.956 143.4 1.84 0.20
1770 1767.679 44.4 1.60 0.22
1771 1768.055 95.6 1.61 0.12
1772 1769.502 66.6 1.81 0.21
1773 1770.198 78.5 1.80 0.12
1774 1771.222 105.8 1.78 0.08
1775 1771.652 75.1 1.78 0.16
1776 1773.161 52.9 1.70 0.04
1777 1773.693 61.4 1.72 0.02
1778 1774.158 105.8 1.67 0.08
1779 1776.281 102.4 1.68 0.14
1780 1779.667 81.9 1.64 0.02
1781 1780.172 81.9 1.67 -0.05
1782 1780.568 88.7 1.61 0.00
1783 1781.824 97.3 1.69 0.11
1784 1782.595 95.6 1.88 0.10
1785 1783.367 107.5 1.89 0.06
1786 1783.619 83.6 1.80 0.03
1787 1783.906 80.2 2.07 0.04
1788 1785.790 75.1 2.00 0.16
1789 1786.207 92.2 2.02 0.10
1790 1786.500 189.4 2.02 0.11
1791 1786.924 70.0 2.01 0.28
1792 1790.944 63.1 1.79 0.12
1793 1791.641 95.6 1.86 -0.04
1794 1792.337 71.7 1.66 0.05
1795 1792.897 102.4 1.74 0.00
1796 1793.320 85.3 1.84 0.06
1797 1795.259 51.2 2.00 0.01
1798 1796.460 75.1 1.99 -0.05
1799 1797.170 100.7 1.85 -0.05
1800 1798.959 153.6 1.64 0.07
1801 1799.341 81.9 1.65 0.07
1802 1801.935 81.9 1.75 0.05
1803 1805.786 109.2 1.66 0.23
1804 1806.127 81.9 1.65 0.28
1805 1807.520 75.1 1.93 0.21
1806 1809.690 80.2 1.83 0.29
1807 1810.612 81.9 1.66 0.31
1808 1812.455 99.0 1.85 0.19
1809 1812.824 71.7 2.08 0.21
1810 1813.111 68.3 1.97 0.22
1811 1816.790 61.4 1.74 0.16
1812 1817.336 90.5 1.66 0.11
1813 1818.551 52.9 1.69 -0.09
1814 1822.047 93.9 2.15 0.32
1815 1826.348 128.0 1.93 0.17
1816 1827.617 54.6 1.94 0.19
1817 1828.662 81.9 2.03 0.13
1818 1829.392 75.1 1.98 0.11
1819 1830.000 64.9 1.96 0.15
1820 1830.396 73.4 1.95 0.15
1821 1832.792 95.6 1.88 0.06
1822 1832.990 64.9 2.01 0.01
1823 1835.427 139.9 1.99 0.01
1824 1835.707 75.1 2.03 0.05
1825 1835.843 85.3 2.01 0.05
1826 1836.185 83.6 1.97 -0.02
1827 1836.369 85.3 1.96 0.01
1828 1836.895 76.8 1.94 0.05
1829 1837.728 75.1 1.74 0.02
1830 1839.994 61.4 2.09 -0.01
1831 1840.909 58.0 2.11 -0.03
1832 1841.148 83.6 2.12 -0.06
1833 1841.878 85.3 2.02 -0.09
1834 1841.974 66.6 2.04 -0.06
1835 1842.458 81.9 2.01 -0.03
1836 1842.704 110.9 2.05 0.00
1837 1843.025 85.3 2.02 -0.04
1838 1844.008 54.6 2.11 -0.00
1839 1845.428 75.1 1.88 0.10
1840 1846.575 102.4 2.06 0.11
1841 1847.066 85.3 2.05 0.07
1842 1848.739 37.5 1.94 0.09
1843 1850.227 95.6 1.81 0.21
1844 1850.480 54.6 1.88 0.35
1845 1851.292 88.7 1.76 0.23
1846 1851.593 112.6 1.71 0.39
1847 1851.756 107.5 1.84 0.03
1848 1852.453 75.1 1.94 0.10
1849 1853.122 37.5 1.77 0.05
1850 1854.603 61.4 1.61 0.12
1851 1854.903 58.0 1.70 0.13
1852 1855.313 88.7 1.56 -0.01
1853 1855.463 105.8 1.74 0.11
1854 1856.023 102.4 1.68 0.05
1855 1857.020 88.7 1.77 -0.03
1856 1857.825 83.6 1.64 -0.00
1857 1858.781 129.7 1.72 -0.12
1858 1859.716 143.4 1.77 0.05
1859 1861.402 68.3 1.76 0.14
1860 1861.587 102.4 1.74 0.08
1861 1862.938 73.4 1.71 0.04
1862 1864.754 88.7 1.69 0.05
1863 1867.021 81.9 1.77 0.11
1864 1867.301 80.2 1.80 0.13
1865 1867.881 68.3 1.91 0.11
1866 1871.970 64.9 2.10 0.24
1867 1872.236 81.9 2.11 0.21
1868 1872.475 75.1 2.16 0.16
1869 1873.219 68.3 2.07 0.27
1870 1873.834 63.1 1.97 0.22
1871 1875.254 102.4 1.96 0.21
1872 1877.083 70.0 1.96 0.13
1873 1877.855 90.5 1.96 0.17
1874 1878.114 85.3 1.91 0.18
1875 1878.858 34.1 2.00 0.19
1876 1878.988 49.5 2.06 0.19
1877 1880.210 61.4 1.92 0.10
1878 1880.449 85.3 1.88 0.11
1879 1882.265 80.2 1.87 -0.03
1880 1882.524 68.3 1.96 0.06
1881 1883.371 129.7 2.06 0.16
1882 1883.828 61.4 2.00 0.16
1883 1884.797 76.8 2.09 0.23
1884 1885.705 85.3 2.14 0.23
1885 1886.429 52.9 1.93 0.19
1886 1887.371 58.0 1.84 0.08
1887 1889.064 81.9 1.97 0.11
1888 1889.576 124.6 2.12 0.07
1889 1890.668 150.2 1.92 0.37
1890 1891.412 68.3 1.84 0.25
1891 1893.215 52.9 2.09 0.10
1892 1893.836 73.4 2.03 0.15
1893 1894.082 75.1 2.07 0.22
1894 1896.580 58.0 2.02 0.17
1895 1896.689 68.3 2.07 0.16
1896 1899.898 102.4 2.02 0.22
1897 1901.311 58.0 2.01 0.14
1898 1901.434 63.1 2.03 0.14
1899 1901.612 63.1 2.02 0.15
1900 1901.885 95.6 1.77 0.19
1901 1902.226 47.8 2.00 0.19
1902 1902.724 64.9 2.02 0.26
1903 1903.229 75.1 2.00 0.23
1904 1905.844 37.5 2.11 0.17
1905 1906.404 105.8 1.68 -0.01
1906 1908.616 42.7 2.15 0.29
1907 1909.667 58.0 2.07 0.26
1908 1910.186 49.5 2.10 0.35
1909 1911.278 46.1 1.98 0.32
1910 1912.616 104.1 2.04 0.25
1911 1913.217 71.7 2.01 0.25
1912 1915.101 75.1 2.09 0.32
1913 1916.268 51.2 2.11 0.27
1914 1916.705 122.9 2.07 0.20
1915 1916.951 105.8 2.06 0.23
1916 1917.688 117.8 2.05 0.28
1917 1918.071 104.1 2.02 0.20
1918 1918.296 90.5 2.05 0.25
1919 1918.501 71.7 2.05 0.23
1920 1918.944 109.2 1.95 0.21
1921 1919.074 78.5 2.01 0.21
1922 1919.743 59.7 2.09 0.31
1923 1921.115 71.7 2.08 0.34
1924 1922.324 93.9 2.15 0.27
1925 1922.597 54.6 2.11 0.36
1926 1923.129 61.4 2.17 0.19
1927 1923.457 44.4 2.13 0.28
1928 1925.034 42.7 2.08 0.21
1929 1925.116 56.3 2.07 0.21
1930 1925.566 47.8 2.10 0.18
1931 1929.198 155.3 2.10 0.18
1932 1931.546 35.8 2.05 0.28
1933 1931.785 87.0 2.07 0.23
1934 1932.134 71.7 2.01 0.14
1935 1932.523 58.0 2.04 0.18
1936 1933.096 68.3 2.03 0.23
1937 1933.308 93.9 2.05 0.21
1938 1934.113 76.8 2.01 0.20
1939 1934.837 78.5 2.07 0.22
1940 1935.799 112.6 2.09 0.20
1941 1936.305 75.1 2.04 0.16
1942 1937.335 44.4 2.00 0.23
1943 1937.602 109.2 2.04 0.24
1944 1937.766 95.6 2.04 0.24
1945 1940.762 63.1 2.06 0.17
1946 1942.688 102.4 1.94 0.20
1947 1944.032 75.1 1.97 0.22
1948 1944.203 68.3 1.94 0.21
1949 1944.333 105.8 1.93 0.21
1950 1947.876 68.3 1.94 0.24
1951 1948.531 63.1 2.05 0.27
1952 1951.098 61.4 2.03 0.24
1953 1952.061 46.1 1.98 0.30
1954 1952.340 71.7 1.94 0.10
1955 1956.976 68.3 2.11 0.18
1956 1958.874 76.8 2.11 0.25
1957 1959.208 46.1 2.15 0.34
1958 1960.137 56.3 2.05 0.44
1959 1961.318 66.6 2.12 0.36
1960 1961.440 63.1 2.00 0.30
1961 1962.970 73.4 1.95 0.31
1962 1963.127 75.1 2.02 0.31
1963 1964.424 73.4 2.07 0.35
1964 1967.448 139.9 1.98 0.16
1965 1967.564 90.5 1.99 0.16
1966 1968.253 85.3 2.22 0.12
1967 1969.967 75.1 2.11 0.32
1968 1970.158 93.9 2.11 0.28
1969 1970.841 68.3 2.09 0.28
1970 1972.732 95.6 2.16 0.20
1971 1974.288 18.8 2.08 0.19
1972 1975.394 81.9 1.65 0.04
1973 1975.817 80.2 2.09 0.17
1974 1979.995 58.0 2.00 0.20
1975 1980.036 39.3 2.09 0.25
1976 1980.186 88.7 2.10 0.29
1977 1980.494 64.9 2.04 0.29
1978 1980.890 68.3 2.06 0.29
1979 1982.903 88.7 1.86 0.27
1980 1986.371 56.3 1.95 0.22
1981 1988.235 102.4 2.02 0.19
1982 1988.385 102.4 2.11 0.19
1983 1989.416 75.1 2.10 0.32
1984 1989.860 71.7 2.07 0.28
1985 1989.976 23.9 2.02 0.23
1986 1990.488 39.3 2.08 0.25
1987 1990.952 64.9 2.08 0.25
1988 1992.154 145.1 2.04 0.25
1989 1992.754 78.5 2.06 0.20
1990 1993.635 92.2 2.10 0.35
1991 1996.058 122.9 1.97 0.18
1992 1996.823 56.3 2.02 0.33
1993 1996.953 85.3 2.02 0.29
1994 1998.625 61.4 1.94 0.28
1995 1999.315 85.3 2.05 0.28
1996 2001.274 109.2 2.06 0.25
1997 2002.448 92.2 2.08 0.25
1998 2004.326 81.9 2.08 0.34
1999 2006.797 71.7 1.92 0.18
2000 2010.463 64.9 1.91 0.06
