1 1.853 95.6 2.20 0.08
2 2.023 75.1 2.22 0.08
3 3.423 85.3 2.07 0.02
4 4.611 88.7 2.14 -0.04
5 11.567 68.3 2.13 0.04
6 13.041 61.4 2.11 -0.02
7 13.287 85.3 2.14 0.07
8 14.229 35.8 2.24 0.11
9 14.782 81.9 2.20 0.03
10 16.974 107.5 2.12 0.06
11 17.090 66.6 2.13 0.06
12 18.155 68.3 2.06 0.09
13 18.455 42.7 2.10 -0.03
14 18.660 56.3 2.04 0.02
15 18.994 75.1 2.03 0.16
16 19.110 61.4 1.98 0.05
17 19.882 75.1 2.03 0.09
18 20.039 68.3 2.08 -0.00
19 20.660 58.0 2.08 0.01
20 22.947 75.1 2.12 0.03
21 23.070 54.6 2.11 0.09
22 23.425 64.9 2.15 0.05
23 23.609 153.6 2.17 0.01
24 23.732 66.6 2.15 0.01
25 24.476 51.2 2.18 0.07
26 27.480 85.3 2.29 0.03
27 28.244 81.9 2.28 0.00
28 28.367 66.6 2.20 -0.03
29 28.490 71.7 2.25 -0.05
30 31.357 81.9 2.20 0.04
31 31.658 73.4 2.17 0.11
32 32.839 61.4 2.14 0.11
33 33.747 70.0 2.26 0.10
34 37.269 64.9 2.30 0.06
35 37.542 46.1 2.22 -0.02
36 38.512 47.8 2.20 -0.00
37 38.805 37.5 2.14 0.05
38 39.809 129.7 2.08 0.04
39 40.457 75.1 2.06 -0.01
40 41.120 75.1 2.10 0.05
41 41.679 25.6 2.08 -0.02
42 43.058 93.9 2.14 0.05
43 43.236 92.2 2.14 0.05
44 43.331 85.3 2.15 0.00
45 44.137 78.5 2.04 0.10
46 44.260 75.1 2.00 0.10
47 44.512 75.1 2.09 0.13
48 45.530 80.2 2.04 0.10
49 45.775 100.7 2.07 0.11
50 46.888 51.2 2.05 0.06
51 46.991 68.3 2.07 0.06
52 47.284 73.4 2.13 0.11
53 48.369 88.7 2.10 -0.03
54 49.905 174.1 2.08 0.02
55 50.090 64.9 2.03 0.01
56 51.981 70.0 2.13 -0.03
57 52.076 100.7 2.16 -0.06
58 52.820 51.2 2.09 -0.01
59 55.237 71.7 2.09 0.03
60 56.295 56.3 2.08 0.01
61 56.800 71.7 2.10 -0.01
62 58.992 71.7 2.04 0.03
63 59.190 68.3 2.07 -0.03
64 59.292 64.9 2.06 -0.03
65 59.668 128.0 2.11 0.03
66 61.006 46.1 2.26 0.05
67 63.566 42.7 2.22 0.04
68 66.460 100.7 2.18 -0.01
69 66.583 81.9 2.20 -0.01
70 66.747 92.2 2.13 0.06
71 66.999 68.3 2.12 -0.04
72 67.491 78.5 2.12 -0.05
73 67.942 44.4 2.13 -0.02
74 68.385 59.7 2.15 -0.01
75 68.474 71.7 2.06 -0.04
76 68.829 95.6 2.16 0.00
77 69.341 61.4 2.09 -0.09
78 69.696 109.2 2.12 -0.05
79 71.901 32.4 2.08 -0.04
80 74.004 63.1 2.02 -0.07
81 75.697 49.5 2.09 0.06
82 76.809 85.3 2.03 -0.05
83 77.915 64.9 2.13 0.00
84 78.134 76.8 2.10 0.04
85 78.502 85.3 2.11 0.08
86 79.206 78.5 2.19 0.07
87 79.697 92.2 2.15 0.07
88 80.503 80.2 2.15 0.13
89 81.356 63.1 2.12 0.14
90 82.667 68.3 2.06 0.15
91 82.926 39.3 2.10 0.14
92 83.302 68.3 2.12 0.13
93 83.431 81.9 2.06 0.13
94 84.810 35.8 2.09 0.10
95 84.906 85.3 2.06 0.09
96 85.281 63.1 2.15 0.11
97 85.575 88.7 2.13 0.11
98 87.882 88.7 2.13 0.08
99 88.230 76.8 2.08 0.12
100 88.968 56.3 2.07 0.09
101 89.145 42.7 2.14 0.06
102 90.278 81.9 2.11 0.12
103 91.507 58.0 2.11 0.25
104 92.791 61.4 2.12 0.00
105 95.794 47.8 2.20 0.08
106 96.061 71.7 2.17 0.11
107 96.252 46.1 2.19 0.11
108 100.129 54.6 2.11 0.12
109 100.989 58.0 2.23 0.10
110 102.239 64.9 2.29 0.12
111 106.458 93.9 2.29 0.18
112 107.304 109.2 2.18 0.17
113 107.482 80.2 2.23 0.17
114 108.280 88.7 2.16 0.11
115 108.943 92.2 2.16 0.11
116 109.789 54.6 2.17 0.21
117 113.482 59.7 2.25 0.15
118 116.479 32.4 2.06 0.12
119 119.230 64.9 2.12 0.12
120 119.995 99.0 2.11 0.06
121 120.548 102.4 2.01 0.19
122 122.910 116.1 2.08 0.12
123 123.538 42.7 2.08 0.13
124 123.954 99.0 2.08 0.11
125 124.637 133.1 2.12 0.08
126 125.641 73.4 2.16 0.02
127 126.494 83.6 2.11 0.12
128 126.944 71.7 2.16 0.10
129 127.450 66.6 2.15 0.10
130 127.716 64.9 2.20 0.08
131 128.542 59.7 2.18 0.10
132 129.265 78.5 2.16 0.14
133 129.853 68.3 2.19 0.10
134 130.044 41.0 2.11 0.10
135 131.054 92.2 2.15 0.08
136 132.467 68.3 2.12 0.10
137 133.232 41.0 2.12 0.07
138 133.826 63.1 2.08 0.12
139 133.955 54.6 2.04 0.12
140 134.099 61.4 2.07 0.13
141 134.911 143.4 2.06 0.12
142 135.075 85.3 2.10 0.11
143 135.273 54.6 2.07 0.12
144 137.806 88.7 2.11 0.07
145 142.004 116.1 2.07 -0.02
146 142.250 58.0 2.17 -0.04
147 142.537 68.3 2.25 0.09
148 144.666 95.6 2.07 -0.00
149 144.789 80.2 2.12 -0.00
150 145.888 51.2 2.10 0.04
151 146.899 70.0 2.11 0.01
152 148.824 97.3 2.12 -0.01
153 149.138 88.7 2.08 -0.04
154 151.241 92.2 2.07 0.06
155 151.534 78.5 2.01 0.11
156 152.094 37.5 2.01 0.10
157 152.510 81.9 2.10 0.06
158 152.906 112.6 2.00 0.06
159 153.275 73.4 1.98 0.06
160 154.770 70.0 1.95 -0.00
161 157.057 68.3 1.92 -0.00
162 158.654 76.8 1.97 0.01
163 159.235 37.5 2.02 -0.07
164 159.303 46.1 2.07 -0.07
165 159.528 68.3 2.01 -0.07
166 159.706 70.0 2.15 -0.07
167 160.538 64.9 2.03 -0.04
168 161.173 81.9 2.11 -0.00
169 161.330 42.7 2.13 -0.01
170 163.146 49.5 2.15 -0.03
171 165.194 92.2 2.13 0.03
172 165.399 92.2 2.13 -0.03
173 165.870 63.1 2.15 0.02
174 166.327 44.4 2.05 0.01
175 167.229 68.3 2.03 -0.01
176 167.584 66.6 2.08 0.04
177 167.884 83.6 2.10 0.08
178 168.253 93.9 2.12 0.12
179 169.338 121.2 2.11 0.13
180 170.062 46.1 2.04 0.07
181 170.246 70.0 2.07 0.04
182 171.352 170.7 2.03 0.01
183 172.656 107.5 2.11 0.06
184 174.745 110.9 2.07 0.05
185 174.868 85.3 2.06 0.05
186 175.523 88.7 2.09 -0.03
187 176.090 75.1 2.19 -0.01
188 179.025 83.6 1.99 0.04
189 179.435 88.7 1.99 0.02
190 179.796 71.7 2.05 0.02
191 180.213 68.3 1.99 0.01
192 180.636 68.3 2.14 0.06
193 181.517 54.6 2.15 0.02
194 182.711 95.6 2.09 0.05
195 183.483 61.4 2.07 0.03
196 184.828 88.7 2.02 0.16
197 185.463 80.2 2.09 0.19
198 186.473 81.9 2.06 0.17
199 187.081 75.1 2.08 0.05
200 187.743 68.3 2.06 0.08
201 187.954 42.7 2.15 0.23
202 189.019 73.4 2.17 0.18
203 192.576 80.2 2.08 0.16
204 192.904 63.1 2.10 0.11
205 193.286 109.2 2.10 0.04
206 193.620 88.7 2.08 -0.04
207 194.262 114.3 2.12 0.03
208 194.426 54.6 2.09 0.10
209 195.081 49.5 2.12 0.04
210 195.375 80.2 2.13 0.04
211 195.477 85.3 2.07 0.03
212 195.791 88.7 2.11 0.02
213 196.406 88.7 1.99 0.04
214 196.672 95.6 2.01 0.06
215 197.321 80.2 2.03 -0.04
216 200.925 81.9 2.03 0.08
217 201.198 75.1 2.04 0.12
218 201.362 59.7 2.07 0.05
219 203.348 80.2 2.09 0.09
220 205.656 75.1 2.20 0.16
221 206.700 92.2 2.23 0.25
222 207.615 59.7 2.19 0.23
223 208.878 66.6 2.03 -0.02
224 211.315 85.3 2.10 0.09
225 213.971 105.8 2.05 0.04
226 215.425 73.4 2.05 -0.04
227 216.811 99.0 2.05 -0.05
228 217.739 47.8 2.12 -0.01
229 218.169 58.0 2.21 0.08
230 218.360 49.5 2.21 0.05
231 218.456 46.1 2.20 0.11
232 218.558 66.6 2.23 0.09
233 219.391 47.8 2.15 0.13
234 219.698 66.6 2.15 0.14
235 219.876 88.7 2.12 0.12
236 220.204 41.0 2.09 0.09
237 220.709 64.9 2.22 0.19
238 222.327 85.3 2.17 0.14
239 223.248 61.4 2.11 0.05
240 223.910 68.3 2.12 0.07
241 224.368 78.5 2.17 0.12
242 224.497 71.7 2.16 0.12
243 226.921 75.1 2.18 0.13
244 227.194 54.6 2.13 0.18
245 227.358 68.3 2.11 0.10
246 228.307 112.6 2.17 0.10
247 229.297 78.5 2.12 0.06
248 229.754 58.0 2.08 0.05
249 232.389 44.4 2.08 0.04
250 232.833 83.6 2.04 0.07
251 233.236 68.3 2.03 -0.02
252 234.410 81.9 2.08 0.03
253 234.505 95.6 2.09 0.02
254 236.478 80.2 1.95 -0.03
255 239.318 102.4 2.08 0.08
256 239.509 52.9 2.14 0.04
257 239.619 61.4 2.21 0.12
258 239.789 49.5 2.16 0.04
259 240.103 78.5 2.16 0.13
260 240.376 97.3 2.22 0.06
261 242.404 56.3 2.15 0.07
262 243.134 81.9 2.15 0.07
263 243.680 63.1 2.16 0.01
264 245.435 32.4 2.14 0.05
265 246.602 71.7 2.08 0.01
266 248.220 75.1 2.10 0.10
267 249.108 95.6 2.11 0.04
268 249.797 76.8 2.11 -0.01
269 250.794 88.7 2.13 -0.03
270 251.115 81.9 2.11 -0.00
271 253.641 88.7 2.06 0.03
272 254.084 41.0 2.01 0.03
273 254.248 47.8 2.02 0.02
274 254.405 68.3 2.02 0.02
275 256.044 92.2 2.10 0.03
276 256.330 81.9 2.11 0.04
277 256.665 102.4 2.12 0.01
278 259.081 87.0 2.06 0.09
279 259.348 52.9 2.08 0.04
280 260.337 54.6 2.04 0.03
281 261.000 58.0 2.09 0.02
282 261.143 54.6 2.06 0.03
283 264.229 63.1 2.05 0.06
284 264.433 68.3 2.10 0.10
285 265.888 85.3 2.06 0.05
286 267.847 99.0 2.01 -0.07
287 268.031 71.7 2.02 -0.05
288 268.434 73.4 2.03 0.04
289 270.113 49.5 2.04 0.06
290 271.997 76.8 1.96 0.08
291 272.448 81.9 1.98 0.09
292 272.578 56.3 1.97 0.13
293 273.247 76.8 1.97 0.07
294 273.888 81.9 1.98 0.05
295 274.004 58.0 2.02 0.05
296 274.626 110.9 1.97 0.06
297 275.575 76.8 1.95 0.03
298 275.807 75.1 1.97 0.07
299 276.148 80.2 1.98 0.06
300 276.762 71.7 1.97 0.06
301 277.186 85.3 2.01 0.03
302 278.421 105.8 2.00 0.02
303 279.664 44.4 1.97 -0.02
304 280.210 88.7 2.02 0.06
305 281.329 122.9 2.02 0.07
306 283.050 37.5 2.00 0.09
307 283.739 184.3 2.07 0.02
308 284.934 39.3 1.95 -0.07
309 289.214 73.4 1.92 0.09
310 289.542 61.4 1.90 0.20
311 291.051 68.3 1.79 0.12
312 291.938 63.1 1.84 0.10
313 293.720 59.7 1.88 0.11
314 295.529 44.4 1.84 0.02
315 296.498 70.0 1.90 0.15
316 297.242 52.9 1.84 0.12
317 299.188 66.6 1.85 0.08
318 300.983 70.0 1.97 0.21
319 301.318 49.5 2.06 0.13
320 302.752 61.4 2.06 0.10
321 303.769 75.1 2.11 0.22
322 304.076 78.5 2.13 0.21
323 305.161 75.1 2.09 0.13
324 305.325 49.5 2.15 0.19
325 305.441 85.3 2.17 0.17
326 311.722 47.8 2.19 0.01
327 312.009 112.6 2.15 0.02
328 312.404 71.7 2.09 0.02
329 312.937 90.5 2.06 -0.01
330 313.285 66.6 2.06 -0.08
331 313.845 93.9 2.11 0.07
332 315.715 102.4 2.08 -0.01
333 316.958 51.2 2.04 0.01
334 317.067 100.7 1.99 -0.01
335 318.187 102.4 1.99 0.03
336 318.357 58.0 2.05 0.03
337 318.733 109.2 2.12 -0.02
338 319.361 75.1 2.07 0.13
339 320.774 41.0 2.04 0.14
340 321.122 59.7 2.02 0.14
341 322.528 71.7 2.09 0.05
342 322.822 78.5 2.04 0.05
343 322.993 109.2 2.04 0.03
344 323.744 102.4 2.13 -0.15
345 324.481 87.0 1.94 0.06
346 325.443 61.4 2.09 0.13
347 326.761 122.9 2.12 0.10
348 328.276 78.5 2.10 0.15
349 329.048 68.3 1.96 0.21
350 329.184 78.5 2.02 0.23
351 329.485 92.2 1.97 0.05
352 329.628 46.1 2.02 0.02
353 331.082 186.0 1.95 0.20
354 332.611 44.4 1.98 0.02
355 333.437 85.3 2.15 0.09
356 333.936 61.4 2.16 0.06
357 334.666 68.3 2.17 0.07
358 334.994 88.7 2.18 0.07
359 336.489 81.9 2.22 0.09
360 338.482 105.8 2.17 0.10
361 339.097 52.9 2.14 0.10
362 341.315 39.3 2.07 0.10
363 341.602 80.2 2.08 0.04
364 342.264 88.7 2.02 0.16
365 343.384 30.7 1.93 -0.00
366 344.258 68.3 2.05 0.08
367 345.589 75.1 2.05 0.07
368 345.725 75.1 2.08 0.07
369 346.237 88.7 2.10 -0.01
370 347.494 35.8 2.03 0.04
371 349.398 100.7 2.03 0.13
372 351.105 61.4 2.07 -0.01
373 351.487 75.1 2.02 0.10
374 353.248 102.4 2.10 0.07
375 353.829 58.0 2.10 -0.01
376 353.931 78.5 2.10 -0.04
377 354.948 61.4 2.08 -0.02
378 355.078 122.9 2.06 -0.04
379 355.556 100.7 2.06 -0.02
380 356.000 64.9 2.04 -0.02
381 356.573 58.0 2.01 -0.07
382 356.839 73.4 2.03 -0.10
383 357.017 73.4 2.01 -0.02
384 358.553 75.1 2.12 0.05
385 359.085 85.3 2.13 0.13
386 359.706 81.9 2.11 0.03
387 360.335 59.7 2.06 0.14
388 361.304 44.4 2.06 0.10
389 361.686 71.7 2.04 0.06
390 362.983 56.3 2.11 0.18
391 365.236 129.7 2.03 0.04
392 368.957 95.6 2.01 0.10
393 369.093 73.4 2.08 0.10
394 369.885 78.5 2.06 0.08
395 370.254 64.9 2.04 0.12
396 371.721 88.7 2.15 0.13
397 372.418 75.1 2.12 0.08
398 372.711 73.4 1.99 0.06
399 372.868 88.7 2.05 0.06
400 373.817 58.0 2.01 -0.01
401 379.511 99.0 2.13 0.02
402 380.705 64.9 2.05 0.10
403 380.883 59.7 2.05 0.10
404 382.426 59.7 1.99 0.13
405 383.313 54.6 1.95 0.12
406 384.310 76.8 2.02 0.10
407 384.378 59.7 2.01 0.10
408 384.433 37.5 2.06 0.10
409 385.620 68.3 2.10 0.17
410 385.730 63.1 2.08 0.16
411 388.290 73.4 2.06 0.07
412 388.535 63.1 2.07 0.01
413 389.280 87.0 2.01 -0.05
414 391.198 114.3 2.09 0.04
415 391.628 100.7 2.05 0.02
416 391.771 32.4 2.05 0.02
417 392.618 63.1 2.05 0.07
418 393.683 78.5 1.98 0.10
419 395.895 97.3 1.97 0.04
420 396.659 68.3 1.99 0.10
421 397.451 81.9 1.97 -0.02
422 400.236 81.9 2.02 0.04
423 400.619 52.9 2.08 0.01
424 400.912 78.5 2.07 0.08
425 401.083 35.8 2.11 0.12
426 404.687 73.4 2.01 -0.03
427 404.892 70.0 2.03 -0.10
428 405.370 116.1 2.05 -0.10
429 406.612 90.5 2.03 -0.09
430 409.323 75.1 2.09 0.03
431 409.698 88.7 2.01 0.01
432 409.814 122.9 2.01 0.04
433 410.743 58.0 2.03 0.04
434 410.913 92.2 2.05 0.03
435 411.425 61.4 2.11 0.06
436 411.924 56.3 2.15 0.07
437 412.224 76.8 2.10 0.02
438 412.736 76.8 1.94 0.16
439 417.037 83.6 2.26 0.07
440 417.132 71.7 2.10 0.10
441 417.528 52.9 2.15 0.10
442 418.976 78.5 2.15 0.08
443 420.955 66.6 2.04 -0.01
444 421.085 66.6 2.13 0.01
445 422.826 87.0 2.11 0.11
446 423.652 61.4 2.08 0.18
447 424.894 88.7 2.12 0.13
448 428.601 68.3 2.06 0.09
449 431.721 75.1 2.09 0.04
450 432.445 148.5 2.05 0.06
451 433.264 95.6 2.09 0.07
452 433.824 56.3 2.10 0.07
453 434.991 56.3 2.04 0.08
454 435.872 157.0 2.09 0.15
455 439.012 64.9 2.07 0.23
456 440.398 87.0 2.10 0.04
457 440.800 81.9 2.22 0.10
458 441.510 51.2 2.03 0.13
459 441.954 90.5 2.17 0.11
460 442.036 18.8 2.10 0.09
461 442.261 71.7 2.14 0.10
462 442.678 66.6 2.16 0.13
463 443.948 81.9 2.03 0.18
464 445.456 46.1 2.08 0.21
465 445.879 95.6 2.10 0.22
466 447.381 88.7 2.11 0.16
467 448.419 105.8 2.07 0.12
468 451.286 95.6 2.18 0.15
469 451.402 66.6 2.16 0.15
470 452.112 71.7 2.04 0.15
471 453.143 68.3 2.02 0.16
472 453.348 81.9 1.99 0.11
473 453.703 78.5 2.01 0.12
474 453.860 85.3 2.01 0.12
475 457.717 68.3 1.98 0.07
476 458.966 88.7 2.02 0.01
477 460.591 70.0 2.05 0.04
478 461.178 47.8 2.11 0.09
479 461.649 73.4 2.06 0.14
480 461.786 68.3 2.09 0.12
481 461.895 68.3 2.07 0.14
482 464.025 51.2 1.98 -0.09
483 464.107 63.1 1.97 -0.01
484 465.308 68.3 2.15 0.15
485 466.319 37.5 2.11 0.17
486 467.397 63.1 2.08 0.11
487 468.380 78.5 2.11 0.11
488 468.612 47.8 2.03 0.07
489 468.721 78.5 2.06 0.08
490 468.919 70.0 2.06 0.05
491 470.012 61.4 2.11 0.15
492 472.852 80.2 2.03 0.22
493 473.603 70.0 1.93 0.18
494 474.975 76.8 1.94 0.17
495 478.272 68.3 1.99 0.02
496 479.016 191.1 2.10 0.12
497 483.467 73.4 2.09 0.09
498 484.191 68.3 2.09 0.07
499 484.621 42.7 2.09 0.05
500 484.826 68.3 2.10 0.13
501 485.426 66.6 2.06 0.10
502 486.894 49.5 2.13 0.07
503 487.017 73.4 2.11 0.02
504 489.550 95.6 1.98 0.04
505 489.959 51.2 2.06 0.09
506 490.082 70.0 2.01 0.15
507 491.564 122.9 1.98 0.12
508 494.055 56.3 2.09 0.11
509 495.004 75.1 2.08 0.10
510 495.380 87.0 2.12 0.05
511 495.550 122.9 2.07 0.10
512 495.769 64.9 2.08 0.07
513 496.363 75.1 2.05 -0.02
514 499.250 63.1 2.08 -0.03
515 500.459 102.4 2.10 0.03
516 501.073 46.1 2.10 0.09
517 503.237 81.9 1.97 0.00
518 504.596 73.4 2.03 -0.05
519 505.688 75.1 1.99 0.02
520 506.070 49.5 1.98 0.01
521 506.951 51.2 1.88 0.03
522 507.285 119.5 1.88 0.07
523 509.088 78.5 1.98 0.09
524 509.606 109.2 1.96 0.14
525 509.839 88.7 1.94 0.06
526 510.603 105.8 2.01 0.04
527 510.965 71.7 2.00 0.02
528 511.347 70.0 2.03 0.07
529 511.634 93.9 2.06 0.04
530 512.009 78.5 1.96 0.13
531 512.180 85.3 1.97 0.13
532 513.313 88.7 1.97 0.13
533 513.416 66.6 1.97 0.13
534 513.477 46.1 1.90 0.14
535 514.842 44.4 1.92 0.16
536 515.546 81.9 2.01 0.05
537 520.393 66.6 2.07 0.13
538 520.734 68.3 2.05 0.21
539 521.130 56.3 2.01 0.12
540 523.847 136.5 2.01 0.13
541 524.058 81.9 2.01 0.21
542 524.345 68.3 2.02 0.25
543 525.199 95.6 2.08 0.30
544 525.888 93.9 2.04 0.25
545 528.387 83.6 2.02 0.02
546 529.090 52.9 1.98 -0.02
547 529.288 76.8 2.02 0.01
548 529.411 81.9 2.03 0.01
549 530.325 83.6 2.00 -0.05
550 530.448 85.3 2.01 -0.05
551 531.008 88.7 2.02 -0.03
552 532.128 81.9 2.05 0.06
553 532.305 78.5 1.98 0.06
554 532.626 73.4 1.93 0.08
555 534.940 68.3 1.98 0.07
556 538.251 81.9 2.01 0.01
557 540.060 51.2 1.98 0.23
558 540.415 51.2 1.84 0.15
559 540.675 42.7 1.83 0.14
560 541.275 66.6 1.81 0.11
561 542.060 109.2 1.84 0.07
562 545.091 51.2 2.08 0.12
563 547.542 102.4 2.13 0.32
564 548.054 64.9 2.05 0.31
565 548.436 68.3 2.12 0.32
566 549.379 75.1 2.08 0.20
567 550.532 68.3 2.12 0.12
568 552.519 71.7 1.99 0.17
569 553.591 95.6 1.91 0.14
570 553.727 78.5 1.89 0.14
571 554.191 56.3 1.89 0.03
572 556.881 70.0 1.95 0.02
573 557.318 75.1 1.93 -0.00
574 557.502 61.4 1.99 0.03
575 557.837 80.2 1.90 0.02
576 560.335 81.9 1.92 0.05
577 560.957 88.7 1.95 0.12
578 562.288 90.5 1.94 -0.11
579 563.257 59.7 1.98 0.06
580 564.158 93.9 2.02 0.03
581 564.814 162.1 1.98 0.05
582 565.189 70.0 1.93 0.17
583 566.145 109.2 1.98 0.02
584 566.759 81.9 1.94 -0.03
585 566.916 114.3 1.91 0.01
586 567.223 41.0 1.92 0.02
587 567.360 64.9 1.95 0.03
588 568.234 81.9 1.91 -0.04
589 568.466 75.1 1.98 0.00
590 569.981 81.9 1.83 -0.03
591 570.514 41.0 1.89 -0.04
592 570.821 75.1 1.91 -0.02
593 572.255 102.4 1.93 -0.03
594 572.958 75.1 1.91 0.01
595 573.286 73.4 1.92 0.01
596 574.248 87.0 1.89 -0.01
597 575.402 68.3 1.92 -0.10
598 576.685 75.1 1.86 -0.14
599 577.887 75.1 1.89 -0.08
600 578.112 61.4 1.90 -0.01
601 579.054 95.6 1.85 -0.10
602 579.334 83.6 1.86 -0.13
603 579.989 80.2 1.82 -0.20
604 580.290 170.7 2.07 -0.03
605 582.891 64.9 2.05 0.02
606 583.205 109.2 2.01 0.06
607 583.874 47.8 2.07 -0.04
608 583.928 70.0 2.04 -0.04
609 584.215 71.7 1.99 0.03
610 586.441 95.6 2.18 -0.09
611 587.860 81.9 2.00 -0.10
612 589.629 116.1 2.09 -0.01
613 590.257 44.4 2.15 0.11
614 591.622 68.3 1.97 0.13
615 595.568 81.9 2.16 -0.18
616 596.155 71.7 2.09 0.03
617 596.537 81.9 2.14 0.12
618 597.117 42.7 2.15 0.06
619 597.213 41.0 2.06 0.02
620 597.664 58.0 2.13 -0.08
621 598.019 122.9 2.12 -0.07
622 598.749 70.0 2.08 -0.06
623 599.957 81.9 2.05 -0.10
624 601.282 64.9 2.06 -0.10
625 601.705 68.3 2.12 -0.04
626 605.337 63.1 2.06 0.03
627 605.835 42.7 2.03 0.02
628 607.139 88.7 2.16 0.04
629 610.709 88.7 2.06 0.05
630 610.914 81.9 2.09 0.04
631 612.081 109.2 2.14 0.12
632 612.682 81.9 2.09 0.15
633 613.481 93.9 2.08 0.06
634 614.136 68.3 2.13 0.14
635 615.058 63.1 2.11 0.09
636 615.283 70.0 2.05 0.05
637 615.365 66.6 2.03 0.08
638 616.778 150.2 2.15 0.02
639 617.727 100.7 2.15 -0.00
640 618.089 71.7 2.16 0.05
641 620.588 102.4 2.12 0.12
642 620.806 93.9 2.14 0.11
643 620.922 58.0 2.15 0.10
644 622.595 99.0 2.14 0.09
645 623.728 97.3 2.05 0.10
646 624.554 131.4 2.04 0.12
647 626.766 104.1 2.09 0.09
648 628.029 46.1 2.12 0.10
649 628.820 73.4 2.04 0.12
650 629.162 35.8 2.09 0.10
651 629.776 80.2 2.02 0.06
652 630.056 56.3 2.07 0.12
653 630.752 81.9 2.01 0.06
654 630.848 68.3 2.11 0.06
655 632.227 78.5 2.04 0.04
656 632.521 83.6 2.04 0.09
657 633.203 78.5 2.13 0.06
658 633.476 76.8 2.03 0.07
659 634.842 102.4 2.24 -0.03
660 637.681 88.7 2.16 0.06
661 638.617 102.4 2.18 -0.00
662 638.835 75.1 2.26 0.04
663 639.545 88.7 2.20 0.07
664 639.648 68.3 2.19 0.07
665 641.143 63.1 2.18 0.01
666 642.126 76.8 2.16 -0.01
667 643.204 87.0 2.12 0.08
668 643.737 75.1 2.16 0.13
669 645.628 29.0 2.13 0.07
670 646.563 61.4 2.18 0.07
671 646.631 46.1 2.21 0.07
672 647.177 66.6 2.08 -0.01
673 648.304 68.3 2.15 0.11
674 648.481 73.4 2.17 0.16
675 649.212 109.2 2.10 0.25
676 649.389 64.9 2.05 0.05
677 649.608 75.1 2.11 0.17
678 650.106 64.9 2.18 0.05
679 653.622 75.1 2.16 0.01
680 654.209 68.3 2.14 -0.07
681 654.359 66.6 2.15 0.02
682 656.100 109.2 2.07 0.01
683 656.298 85.3 2.09 0.02
684 658.305 105.8 2.12 0.13
685 659.820 68.3 2.03 0.19
686 659.936 49.5 2.08 0.14
687 660.510 66.6 2.06 0.14
688 660.694 51.2 2.08 0.16
689 662.264 54.6 2.07 0.24
690 662.476 66.6 2.09 0.18
691 662.606 59.7 2.00 0.19
692 662.838 87.0 1.93 0.12
693 663.029 61.4 2.00 0.18
694 663.746 81.9 1.88 0.15
695 663.875 88.7 2.07 0.14
696 665.029 64.9 2.00 0.17
697 665.589 44.4 2.01 0.14
698 665.930 73.4 2.01 0.13
699 666.749 83.6 1.99 0.21
700 667.732 104.1 1.99 0.17
701 668.333 102.4 2.03 0.19
702 670.006 78.5 1.97 0.04
703 670.354 68.3 1.99 0.07
704 672.279 85.3 2.09 0.09
705 673.542 71.7 2.05 0.20
706 676.314 92.2 2.01 0.10
707 678.758 110.9 1.96 0.04
708 679.249 93.9 1.96 0.02
709 680.389 68.3 2.08 0.03
710 681.454 54.6 2.22 0.10
711 683.413 88.7 2.20 0.16
712 684.369 95.6 2.10 0.15
713 686.240 85.3 2.04 0.08
714 687.462 100.7 2.11 0.03
715 687.673 64.9 2.13 0.02
716 688.779 61.4 2.14 0.25
717 690.827 63.1 2.02 0.02
718 691.230 51.2 2.12 0.04
719 691.551 92.2 2.06 0.12
720 692.588 75.1 2.00 0.15
721 693.339 150.2 2.06 0.12
722 693.817 191.1 2.19 0.08
723 696.998 75.1 2.14 0.03
724 697.347 75.1 2.06 0.05
725 698.207 68.3 2.12 0.09
726 703.675 37.5 2.15 0.02
727 705.184 59.7 2.15 0.23
728 705.498 78.5 2.13 0.33
729 706.576 30.7 2.08 0.17
730 707.341 81.9 2.13 0.11
731 708.146 75.1 2.15 0.08
732 710.304 52.9 2.10 0.11
733 711.007 64.9 2.19 0.11
734 711.724 52.9 2.12 0.07
735 712.693 68.3 2.13 0.12
736 712.986 119.5 2.13 0.10
737 713.130 83.6 2.13 0.10
738 713.826 95.6 2.11 0.12
739 714.215 88.7 2.11 0.12
740 714.386 75.1 2.13 0.08
741 714.495 68.3 2.07 0.08
742 714.953 70.0 2.14 0.08
743 719.745 70.0 2.24 0.13
744 720.052 75.1 2.22 0.13
745 720.182 64.9 2.25 0.13
746 720.243 32.4 2.23 0.09
747 722.264 81.9 2.28 0.06
748 722.530 85.3 2.22 0.15
749 722.892 88.7 2.29 0.11
750 724.530 68.3 2.19 0.19
751 725.431 117.8 2.16 0.17
752 725.623 61.4 2.07 0.17
753 726.804 81.9 2.15 0.07
754 727.363 59.7 2.17 0.09
755 727.923 80.2 2.19 0.13
756 729.261 73.4 2.23 0.09
757 729.323 23.9 2.19 0.09
758 732.210 29.0 2.24 0.24
759 732.265 30.7 2.24 0.24
760 735.822 81.9 2.22 0.13
761 737.310 75.1 2.21 0.19
762 737.938 75.1 2.18 0.11
763 741.269 47.8 2.15 0.20
764 741.495 29.0 2.11 0.25
765 743.024 80.2 2.09 0.23
766 743.816 63.1 2.12 0.20
767 744.123 95.6 2.08 0.14
768 744.908 88.7 2.25 0.11
769 746.389 49.5 2.23 0.19
770 747.447 88.7 2.26 0.19
771 747.625 73.4 2.21 0.16
772 749.530 71.7 2.25 0.17
773 750.171 81.9 2.24 0.10
774 751.694 109.2 2.10 0.12
775 752.588 70.0 2.13 0.02
776 753.134 56.3 2.09 0.08
777 753.585 70.0 2.20 0.04
778 754.602 51.2 2.12 0.10
779 755.039 63.1 2.16 0.22
780 756.971 102.4 2.05 0.18
781 759.299 37.5 2.04 0.06
782 759.974 99.0 1.99 0.06
783 760.418 80.2 2.01 0.09
784 761.237 66.6 2.08 0.11
785 761.394 99.0 2.08 0.19
786 761.654 41.0 2.06 0.14
787 762.323 64.9 2.01 -0.03
788 763.736 81.9 2.08 0.08
789 767.129 81.9 2.15 0.03
790 769.061 37.5 2.11 0.14
791 769.709 81.9 1.98 0.14
792 770.037 75.1 1.97 0.09
793 773.525 75.1 2.16 0.11
794 776.174 61.4 2.19 0.19
795 776.570 78.5 2.24 0.20
796 776.980 71.7 2.16 0.17
797 777.628 81.9 2.19 0.11
798 777.792 64.9 1.98 0.12
799 778.284 25.6 2.13 0.03
800 781.246 56.3 2.09 0.03
801 785.417 58.0 2.02 0.23
802 785.718 162.1 2.03 0.22
803 787.595 68.3 1.91 0.21
804 789.650 136.5 2.14 0.07
805 789.896 73.4 2.15 0.14
806 791.022 85.3 2.19 0.12
807 791.124 75.1 2.14 0.14
808 791.834 116.1 2.20 0.12
809 792.169 102.4 2.21 0.15
810 793.125 92.2 2.18 0.13
811 793.227 51.2 2.22 0.14
812 793.698 68.3 2.20 0.09
813 794.101 56.3 2.20 0.12
814 795.507 41.0 2.16 0.11
815 796.094 68.3 2.18 0.10
816 796.401 66.6 2.18 0.12
817 796.559 68.3 2.19 0.08
818 796.886 63.1 2.20 0.05
819 797.337 54.6 2.25 0.03
820 797.780 95.6 2.14 0.05
821 798.019 34.1 2.17 0.08
822 798.409 76.8 2.17 0.11
823 798.607 61.4 2.17 0.04
824 799.146 81.9 2.20 0.05
825 801.836 37.5 2.07 0.09
826 803.467 85.3 2.04 -0.01
827 804.143 44.4 2.10 0.01
828 804.607 124.6 2.04 0.05
829 806.177 61.4 2.05 0.00
830 806.976 81.9 2.07 0.01
831 808.232 35.8 2.04 0.01
832 808.280 25.6 2.04 0.00
833 808.887 73.4 1.98 0.06
834 809.543 102.4 2.00 -0.01
835 809.720 71.7 2.04 -0.02
836 809.816 73.4 2.01 -0.02
837 810.123 110.9 2.01 -0.06
838 810.205 39.3 1.99 -0.04
839 810.540 78.5 1.97 -0.03
840 810.697 81.9 2.03 -0.05
841 814.001 81.9 2.06 0.12
842 814.233 90.5 2.02 0.00
843 815.434 56.3 2.04 0.03
844 816.001 122.9 2.13 -0.01
845 816.779 59.7 2.06 0.01
846 818.233 170.7 2.11 -0.01
847 818.732 102.4 2.08 -0.04
848 820.745 34.1 1.93 -0.04
849 821.216 102.4 1.91 0.01
850 822.356 87.0 1.99 -0.12
851 822.541 112.6 1.99 -0.08
852 824.486 143.4 1.96 0.05
853 826.446 61.4 1.93 -0.03
854 827.176 63.1 2.05 -0.05
855 828.166 95.6 1.97 0.07
856 828.384 83.6 2.03 -0.01
857 828.603 76.8 1.98 0.02
858 829.661 92.2 2.00 0.00
859 830.781 99.0 1.96 -0.02
860 830.910 68.3 1.94 -0.04
861 831.661 47.8 1.96 -0.03
862 832.084 52.9 1.92 -0.02
863 833.935 81.9 1.98 -0.04
864 834.788 88.7 2.01 -0.15
865 835.006 116.1 2.01 -0.13
866 835.580 88.7 1.99 -0.11
867 836.631 64.9 2.00 -0.04
868 837.273 76.8 2.01 -0.07
869 837.764 81.9 2.03 -0.11
870 838.925 56.3 2.00 -0.10
871 841.239 75.1 1.97 -0.04
872 842.509 56.3 1.91 -0.09
873 842.843 64.9 1.98 -0.10
874 843.560 71.7 1.96 -0.00
875 845.724 75.1 2.01 -0.07
876 845.929 68.3 1.99 -0.05
877 846.045 63.1 2.04 -0.05
878 846.141 93.9 1.99 -0.08
879 846.298 75.1 1.97 -0.05
880 846.967 83.6 2.11 -0.07
881 848.523 78.5 2.10 -0.14
882 850.066 58.0 2.10 -0.07
883 852.148 88.7 1.98 -0.09
884 855.152 80.2 2.08 -0.05
885 855.609 87.0 2.03 -0.01
886 856.681 63.1 2.06 -0.07
887 857.022 63.1 2.06 -0.01
888 861.234 75.1 2.04 -0.11
889 861.603 54.6 2.01 -0.17
890 862.511 99.0 2.05 -0.09
891 862.620 112.6 2.10 -0.08
892 863.617 58.0 2.13 -0.03
893 864.620 85.3 2.07 -0.01
894 865.528 71.7 2.07 0.06
895 865.795 58.0 2.22 -0.03
896 866.423 78.5 2.14 -0.05
897 866.511 68.3 2.09 -0.05
898 866.757 88.7 2.09 0.01
899 869.467 81.9 2.11 -0.03
900 871.918 88.7 2.12 0.03
901 872.150 63.1 2.06 -0.03
902 873.570 49.5 2.11 0.04
903 873.659 64.9 2.07 0.04
904 875.686 49.5 2.07 -0.04
905 876.540 75.1 1.96 -0.04
906 877.987 70.0 2.11 -0.08
907 880.458 109.2 2.12 0.04
908 880.697 153.6 2.11 -0.02
909 881.032 93.9 2.08 0.01
910 881.776 92.2 2.10 -0.06
911 882.049 81.9 2.10 -0.03
912 882.247 59.7 2.08 0.03
913 882.575 66.6 2.14 -0.06
914 884.438 75.1 2.16 -0.03
915 886.234 81.9 2.11 -0.01
916 886.534 70.0 2.15 -0.02
917 886.868 85.3 2.21 -0.09
918 888.964 104.1 2.31 0.03
919 889.306 81.9 2.26 -0.01
920 889.428 39.3 2.23 0.05
921 889.852 42.7 2.25 0.02
922 890.794 59.7 2.21 0.06
923 890.985 34.1 2.26 0.15
924 891.886 71.7 2.27 0.05
925 891.961 58.0 2.24 0.05
926 892.794 99.0 2.10 -0.04
927 892.931 81.9 2.23 0.03
928 894.139 97.3 2.14 0.05
929 894.692 78.5 2.11 -0.04
930 895.183 119.5 2.14 -0.11
931 896.713 66.6 2.13 -0.02
932 897.347 75.1 2.11 0.03
933 899.716 81.9 2.11 0.10
934 900.918 52.9 2.05 0.05
935 903.778 75.1 2.07 0.09
936 904.276 85.3 2.13 0.05
937 904.679 78.5 2.12 -0.00
938 905.143 83.6 2.23 -0.02
939 905.260 92.2 2.23 -0.05
940 906.202 51.2 2.18 -0.01
941 906.563 68.3 2.27 -0.03
942 906.707 81.9 2.21 -0.15
943 908.495 87.0 2.25 -0.05
944 908.605 49.5 2.24 -0.03
945 909.089 51.2 2.18 -0.02
946 909.451 52.9 1.88 0.01
947 910.871 35.8 2.17 -0.05
948 910.960 73.4 2.14 -0.02
949 911.458 70.0 2.13 -0.03
950 912.974 68.3 2.15 0.02
951 913.178 70.0 2.14 0.01
952 914.476 73.4 2.08 0.04
953 915.841 85.3 2.15 0.02
954 916.489 83.6 2.17 0.03
955 918.374 70.0 2.18 -0.01
956 919.534 87.0 2.15 -0.03
957 921.637 68.3 2.16 0.01
958 922.538 71.7 2.18 0.01
959 923.091 88.7 2.21 0.00
960 925.398 81.9 2.09 -0.00
961 925.528 83.6 2.19 -0.00
962 925.965 56.3 2.19 0.03
963 927.528 68.3 2.19 -0.02
964 929.016 81.9 2.23 0.06
965 930.061 41.0 2.14 0.05
966 932.300 90.5 2.11 0.12
967 933.153 64.9 2.11 0.12
968 933.563 76.8 2.03 0.12
969 934.375 42.7 2.06 0.06
970 934.764 109.2 2.06 0.07
971 935.194 85.3 2.00 0.03
972 935.966 83.6 2.03 0.04
973 936.198 116.1 2.09 0.05
974 936.662 64.9 2.04 0.08
975 937.017 68.3 2.05 0.06
976 937.181 95.6 2.05 0.13
977 939.570 95.6 2.11 0.09
978 939.741 63.1 2.08 0.07
979 940.895 52.9 2.10 0.08
980 944.991 73.4 2.12 0.10
981 945.175 143.4 2.10 0.13
982 946.458 95.6 2.11 0.06
983 947.837 63.1 2.12 0.08
984 948.192 160.4 2.07 0.11
985 948.588 35.8 2.12 0.08
986 948.861 56.3 2.09 0.04
987 950.056 80.2 2.12 0.03
988 953.121 92.2 2.21 -0.03
989 953.367 64.9 2.23 -0.03
990 953.558 80.2 2.26 -0.00
991 954.336 122.9 2.24 0.09
992 954.562 104.1 2.26 0.09
993 957.163 93.9 2.12 0.08
994 957.292 63.1 2.03 0.08
995 960.740 88.7 2.09 0.09
996 961.689 100.7 2.10 -0.01
997 962.037 61.4 2.20 0.05
998 962.344 75.1 2.05 0.03
999 963.505 75.1 2.14 -0.06
1000 963.757 70.0 2.17 -0.04
1001 963.846 73.4 2.15 -0.04
1002 965.184 88.7 2.12 0.04
1003 966.474 71.7 2.08 0.06
1004 966.857 75.1 2.10 0.03
1005 969.847 61.4 2.04 0.00
1006 970.215 75.1 2.05 0.03
1007 970.823 75.1 2.09 0.08
1008 970.939 75.1 2.10 0.15
1009 971.888 63.1 2.10 0.13
1010 972.052 87.0 2.02 0.15
1011 972.332 59.7 2.07 0.10
1012 974.468 71.7 2.03 0.15
1013 974.625 100.7 2.06 0.12
1014 974.912 102.4 2.13 0.17
1015 975.875 66.6 2.17 0.12
1016 976.352 70.0 2.18 0.16
1017 976.967 68.3 2.14 0.15
1018 977.452 95.6 2.16 0.16
1019 977.834 70.0 2.17 0.11
1020 980.087 109.2 2.12 0.18
1021 981.042 44.4 2.11 0.12
1022 981.186 81.9 2.06 0.15
1023 981.363 95.6 2.09 0.13
1024 981.670 80.2 2.10 0.11
1025 981.807 68.3 2.12 0.16
1026 982.776 32.4 2.13 0.07
1027 983.657 58.0 2.00 0.14
1028 983.807 64.9 2.04 0.11
1029 984.927 78.5 2.10 0.09
1030 985.698 95.6 2.13 0.09
1031 986.190 52.9 2.15 0.14
1032 987.746 73.4 2.15 0.06
1033 987.924 95.6 2.13 0.09
1034 988.695 75.1 2.10 0.10
1035 989.446 52.9 2.13 0.12
1036 989.705 58.0 2.12 0.08
1037 991.248 51.2 2.07 0.14
1038 991.569 70.0 2.08 0.11
1039 993.481 75.1 2.06 0.17
1040 993.685 61.4 2.03 0.15
1041 994.634 88.7 2.10 0.12
1042 995.959 61.4 2.03 -0.01
1043 1001.359 37.5 2.25 -0.01
1044 1003.311 93.9 2.07 -0.02
1045 1004.424 68.3 2.13 0.07
1046 1005.864 68.3 2.08 0.02
1047 1006.274 81.9 2.03 -0.03
1048 1007.489 70.0 1.99 -0.07
1049 1007.605 78.5 2.03 -0.07
1050 1008.076 54.6 2.03 -0.09
1051 1008.465 75.1 2.05 -0.04
1052 1009.619 104.1 1.95 -0.07
1053 1011.667 99.0 2.06 0.02
1054 1012.240 85.3 2.06 -0.01
1055 1012.732 64.9 1.93 0.06
1056 1012.882 75.1 1.90 0.06
1057 1013.073 75.1 1.93 -0.01
1058 1013.244 99.0 1.94 -0.01
1059 1015.729 32.4 2.12 0.04
1060 1016.971 75.1 2.04 -0.05
1061 1017.326 71.7 2.03 -0.05
1062 1017.476 75.1 2.11 -0.05
1063 1018.425 75.1 1.93 -0.00
1064 1019.408 71.7 1.98 0.00
1065 1020.405 63.1 2.05 -0.02
1066 1020.774 102.4 1.97 0.03
1067 1021.825 92.2 1.94 -0.00
1068 1022.316 47.8 2.00 0.01
1069 1022.446 58.0 1.97 0.01
1070 1023.675 63.1 1.96 0.07
1071 1024.774 112.6 1.94 0.02
1072 1024.986 71.7 1.96 -0.03
1073 1025.327 75.1 1.98 0.06
1074 1026.822 56.3 2.06 -0.04
1075 1027.880 88.7 2.06 -0.01
1076 1028.447 71.7 2.07 0.02
1077 1030.153 56.3 2.04 0.07
1078 1033.519 151.9 2.00 0.05
1079 1035.458 71.7 2.08 0.11
1080 1035.553 87.0 2.14 0.11
1081 1038.482 63.1 2.12 0.11
1082 1038.653 66.6 2.11 0.11
1083 1039.158 64.9 2.13 0.13
1084 1039.253 17.1 2.06 0.09
1085 1039.950 22.2 2.06 0.05
1086 1041.076 73.4 2.08 0.03
1087 1041.950 61.4 2.10 0.06
1088 1042.052 75.1 2.10 0.04
1089 1044.203 81.9 2.17 0.09
1090 1044.360 58.0 2.16 0.10
1091 1045.903 76.8 2.12 -0.08
1092 1046.933 71.7 2.09 0.01
1093 1047.070 75.1 2.07 -0.05
1094 1047.370 116.1 2.07 -0.03
1095 1049.944 116.1 2.19 0.01
1096 1050.401 66.6 2.23 0.11
1097 1051.234 73.4 2.27 0.04
1098 1051.377 56.3 2.27 0.01
1099 1052.415 102.4 2.27 0.03
1100 1052.538 102.4 2.17 0.03
1101 1052.620 59.7 2.22 0.06
1102 1052.961 92.2 2.17 0.07
1103 1054.723 71.7 2.17 0.05
1104 1057.883 58.0 2.10 0.18
1105 1058.641 90.5 2.06 0.18
1106 1059.488 99.0 2.05 0.16
1107 1059.583 85.3 2.09 0.16
1108 1060.348 105.8 2.09 0.21
1109 1060.546 35.8 2.07 0.20
1110 1061.447 58.0 2.16 0.14
1111 1061.884 80.2 2.14 0.08
1112 1062.444 81.9 2.07 0.03
1113 1063.113 61.4 2.11 0.05
1114 1064.922 81.9 2.06 0.15
1115 1065.488 64.9 2.12 0.07
1116 1065.597 68.3 2.11 0.05
1117 1065.734 30.7 2.10 0.09
1118 1066.171 80.2 2.08 0.03
1119 1066.710 80.2 2.01 -0.06
1120 1067.188 93.9 2.04 0.00
1121 1068.335 61.4 2.06 0.10
1122 1070.390 71.7 2.11 0.15
1123 1072.711 68.3 2.14 0.11
1124 1074.561 81.9 2.21 0.03
1125 1074.991 102.4 2.04 0.08
1126 1075.817 75.1 2.07 0.11
1127 1075.933 56.3 2.13 0.10
1128 1076.513 42.7 2.00 0.17
1129 1077.428 75.1 2.02 0.08
1130 1078.787 102.4 2.08 0.07
1131 1082.138 75.1 2.05 0.17
1132 1082.268 81.9 2.09 0.17
1133 1082.630 75.1 2.05 0.17
1134 1083.449 75.1 1.98 0.18
1135 1084.118 92.2 2.08 0.10
1136 1085.825 124.6 2.12 0.05
1137 1086.501 97.3 2.09 -0.04
1138 1087.211 71.7 2.18 0.06
1139 1087.456 59.7 2.23 0.03
1140 1088.091 83.6 2.23 0.05
1141 1088.713 58.0 2.20 0.04
1142 1089.368 56.3 2.10 0.05
1143 1091.218 61.4 2.20 0.15
1144 1091.539 49.5 2.11 0.22
1145 1092.406 76.8 2.04 0.15
1146 1093.559 81.9 2.05 0.12
1147 1094.085 70.0 2.04 0.13
1148 1094.481 80.2 2.06 0.12
1149 1094.761 134.8 2.06 0.10
1150 1095.048 78.5 2.03 0.13
1151 1095.587 70.0 2.05 0.10
1152 1096.079 70.0 2.01 0.10
1153 1096.386 64.9 2.14 0.16
1154 1096.679 81.9 2.09 0.17
1155 1101.130 80.2 2.16 0.01
1156 1102.045 83.6 2.14 0.07
1157 1102.304 81.9 2.11 0.02
1158 1103.260 78.5 2.17 0.11
1159 1105.015 75.1 2.17 0.05
1160 1106.762 83.6 2.20 -0.05
1161 1111.575 87.0 2.20 0.05
1162 1112.558 81.9 2.12 0.02
1163 1114.217 75.1 2.22 0.05
1164 1116.675 64.9 2.08 0.15
1165 1117.972 75.1 2.10 0.06
1166 1118.101 71.7 2.14 0.06
1167 1118.525 95.6 2.10 0.09
1168 1118.743 99.0 2.00 0.10
1169 1123.576 134.8 2.16 0.04
1170 1124.703 64.9 2.01 0.04
1171 1128.539 63.1 2.03 0.09
1172 1129.174 119.5 2.06 0.10
1173 1129.413 70.0 2.08 0.13
1174 1131.727 81.9 2.01 0.04
1175 1131.850 63.1 2.08 -0.01
1176 1131.939 64.9 2.09 0.00
1177 1132.581 75.1 2.06 -0.01
1178 1135.264 122.9 2.02 0.05
1179 1135.427 88.7 2.02 0.07
1180 1136.629 87.0 1.99 0.13
1181 1137.981 75.1 2.02 0.05
1182 1138.827 47.8 2.03 0.06
1183 1139.360 81.9 2.02 0.06
1184 1139.551 102.4 1.95 0.07
1185 1142.513 39.3 2.01 -0.08
1186 1145.019 68.3 2.19 0.07
1187 1145.818 95.6 2.18 0.04
1188 1146.664 42.7 2.15 0.16
1189 1147.818 97.3 2.21 0.06
1190 1148.849 170.7 2.10 0.11
1191 1149.688 51.2 2.09 0.15
1192 1154.774 95.6 1.96 0.14
1193 1154.993 51.2 2.00 0.18
1194 1158.051 87.0 1.95 0.14
1195 1161.082 85.3 2.06 0.07
1196 1162.406 75.1 2.18 0.12
1197 1162.727 85.3 2.09 0.14
1198 1163.048 110.9 2.07 0.24
1199 1163.417 75.1 2.07 0.27
1200 1164.646 63.1 2.05 0.19
1201 1165.956 25.6 2.07 0.13
1202 1167.438 58.0 2.10 0.08
1203 1167.629 63.1 2.12 0.10
1204 1169.752 75.1 2.07 0.13
1205 1170.871 81.9 2.22 0.07
1206 1171.069 87.0 2.16 0.09
1207 1172.209 75.1 2.14 0.15
1208 1174.565 63.1 2.15 0.11
1209 1175.213 88.7 2.22 0.07
1210 1175.473 80.2 2.20 0.04
1211 1177.541 80.2 2.16 -0.11
1212 1179.016 73.4 2.10 -0.12
1213 1179.180 83.6 2.19 -0.12
1214 1179.814 78.5 2.07 -0.08
1215 1179.978 99.0 2.16 -0.08
1216 1180.770 70.0 2.11 0.21
1217 1181.801 81.9 2.08 0.17
1218 1183.187 88.7 2.03 0.28
1219 1183.747 78.5 2.15 0.24
1220 1183.876 70.0 2.18 0.17
1221 1186.136 66.6 2.20 0.14
1222 1186.327 64.9 2.19 0.19
1223 1190.976 109.2 2.19 0.25
1224 1193.905 119.5 2.23 0.17
1225 1194.512 61.4 2.26 0.17
1226 1194.813 90.5 2.23 0.21
1227 1195.270 66.6 2.25 0.18
1228 1195.700 81.9 2.26 0.17
1229 1195.823 47.8 2.28 0.15
1230 1196.233 80.2 2.22 0.09
1231 1197.571 75.1 2.13 -0.00
1232 1198.895 52.9 2.06 0.11
1233 1199.079 76.8 1.99 0.20
1234 1199.223 52.9 2.07 0.17
1235 1199.974 87.0 1.99 0.15
1236 1204.015 95.6 2.06 0.23
1237 1204.595 68.3 2.12 0.26
1238 1206.507 61.4 2.09 0.31
1239 1209.722 75.1 2.10 0.29
1240 1210.678 104.1 2.11 0.17
1241 1211.265 68.3 2.12 0.24
1242 1211.524 73.4 2.09 0.27
1243 1211.879 63.1 2.08 0.26
1244 1215.122 88.7 2.18 0.05
1245 1216.071 71.7 2.04 0.08
1246 1217.573 66.6 2.03 0.22
1247 1219.607 71.7 1.96 0.17
1248 1221.484 75.1 2.13 0.29
1249 1222.577 51.2 2.03 0.22
1250 1223.949 93.9 1.92 0.11
1251 1224.413 80.2 1.98 0.18
1252 1224.556 71.7 1.99 0.19
1253 1226.925 102.4 1.90 0.08
1254 1227.232 66.6 1.95 0.13
1255 1228.680 155.3 1.99 0.07
1256 1230.113 76.8 1.89 0.08
1257 1230.803 99.0 1.94 0.05
1258 1232.783 90.5 1.95 0.09
1259 1234.783 64.9 1.88 0.14
1260 1234.981 75.1 1.99 0.12
1261 1236.599 42.7 1.94 0.03
1262 1238.708 68.3 2.18 0.06
1263 1240.135 95.6 2.06 0.11
1264 1241.964 68.3 2.12 0.03
1265 1242.893 70.0 2.00 0.17
1266 1243.152 63.1 1.99 0.04
1267 1243.323 75.1 2.04 0.09
1268 1244.060 76.8 1.92 0.06
1269 1244.204 88.7 1.96 0.06
1270 1244.873 83.6 1.95 -0.02
1271 1245.671 64.9 1.90 0.08
1272 1246.688 83.6 1.90 0.23
1273 1246.914 81.9 1.88 0.18
1274 1247.200 81.9 1.84 0.17
1275 1247.603 88.7 1.86 0.08
1276 1248.812 102.4 1.83 0.13
1277 1249.986 73.4 1.95 -0.14
1278 1252.245 68.3 1.80 -0.03
1279 1254.000 116.1 1.96 -0.04
1280 1254.512 56.3 1.93 0.03
1281 1256.273 204.8 1.92 0.08
1282 1257.133 68.3 1.99 0.00
1283 1257.577 102.4 1.93 -0.02
1284 1259.625 124.6 1.89 -0.11
1285 1261.134 95.6 1.93 -0.05
1286 1261.857 75.1 1.93 -0.08
1287 1264.124 92.2 1.84 0.03
1288 1264.567 70.0 1.92 -0.07
1289 1265.653 100.7 1.94 0.05
1290 1266.144 75.1 1.95 0.19
1291 1266.854 73.4 1.87 0.19
1292 1267.162 66.6 1.93 0.13
1293 1267.312 78.5 1.85 0.13
1294 1268.588 70.0 1.83 0.10
1295 1268.827 80.2 1.96 0.10
1296 1269.203 63.1 1.80 0.11
1297 1269.469 155.3 1.82 0.13
1298 1270.814 105.8 2.05 0.11
1299 1271.524 68.3 2.05 0.06
1300 1271.763 78.5 1.95 0.15
1301 1271.858 64.9 2.04 0.17
1302 1272.329 97.3 1.93 0.15
1303 1272.418 80.2 2.04 0.14
1304 1272.773 99.0 1.98 0.16
1305 1273.087 75.1 2.03 0.16
1306 1273.968 136.5 2.05 0.05
1307 1274.589 81.9 2.04 0.06
1308 1275.142 61.4 2.09 0.16
1309 1277.081 30.7 2.08 0.15
1310 1277.292 75.1 2.03 0.23
1311 1277.600 56.3 2.10 0.20
1312 1278.371 95.6 2.09 0.12
1313 1278.610 68.3 2.00 0.16
1314 1278.863 61.4 2.13 0.16
1315 1278.992 73.4 2.14 0.16
1316 1279.101 61.4 2.11 0.16
1317 1281.518 71.7 2.06 0.16
1318 1281.757 75.1 2.03 0.16
1319 1284.836 81.9 2.19 0.13
1320 1285.498 75.1 2.18 0.22
1321 1285.887 75.1 2.27 0.21
1322 1287.416 88.7 2.18 0.23
1323 1287.949 39.3 2.13 0.23
1324 1290.570 129.7 2.11 0.13
1325 1290.796 95.6 2.12 0.13
1326 1290.959 51.2 2.10 0.09
1327 1291.055 64.9 2.06 0.08
1328 1292.796 51.2 2.17 0.08
1329 1292.980 64.9 2.20 0.10
1330 1295.431 78.5 2.14 0.12
1331 1296.537 88.7 2.22 0.13
1332 1296.776 93.9 2.25 0.17
1333 1297.342 68.3 2.20 0.16
1334 1297.472 100.7 2.19 0.16
1335 1298.571 49.5 2.09 0.11
1336 1298.673 68.3 2.23 0.10
1337 1299.404 95.6 2.17 0.17
1338 1300.749 87.0 2.17 0.10
1339 1301.227 90.5 2.13 0.11
1340 1301.595 81.9 2.14 0.10
1341 1302.729 99.0 2.12 0.16
1342 1303.295 87.0 2.14 0.14
1343 1304.333 71.7 2.10 0.21
1344 1305.207 99.0 2.18 0.15
1345 1305.439 116.1 2.19 0.17
1346 1305.644 88.7 2.15 0.19
1347 1305.999 81.9 2.16 0.16
1348 1307.186 143.4 2.15 0.11
1349 1309.760 87.0 2.25 0.19
1350 1310.013 70.0 2.28 0.21
1351 1311.685 83.6 2.20 0.21
1352 1313.726 112.6 2.25 0.20
1353 1314.873 201.4 2.28 0.17
1354 1315.733 58.0 2.25 0.16
1355 1316.873 75.1 2.25 0.11
1356 1318.860 61.4 2.15 0.12
1357 1319.468 68.3 2.21 0.09
1358 1319.720 66.6 2.19 0.11
1359 1319.823 92.2 2.26 0.11
1360 1321.154 71.7 2.21 0.24
1361 1325.598 63.1 2.15 0.09
1362 1326.137 68.3 2.26 0.16
1363 1327.625 46.1 2.18 0.14
1364 1327.912 44.4 2.13 0.13
1365 1335.565 51.2 2.20 0.14
1366 1336.746 78.5 2.20 0.13
1367 1337.626 44.4 2.16 0.11
1368 1338.883 73.4 2.18 0.11
1369 1339.156 29.0 2.27 0.11
1370 1342.064 88.7 2.15 0.19
1371 1343.750 68.3 2.15 0.02
1372 1344.549 71.7 2.17 0.08
1373 1344.904 54.6 2.13 0.09
1374 1348.617 81.9 2.17 0.06
1375 1349.396 99.0 2.16 0.10
1376 1349.519 66.6 2.10 0.09
1377 1350.010 58.0 2.11 0.09
1378 1350.454 58.0 2.16 0.13
1379 1350.624 41.0 2.19 0.10
1380 1350.918 109.2 2.16 0.11
1381 1352.160 46.1 2.18 0.09
1382 1352.788 76.8 2.11 0.13
1383 1352.925 64.9 2.09 0.12
1384 1355.403 81.9 2.08 0.13
1385 1356.393 102.4 2.10 0.11
1386 1357.219 68.3 2.09 0.13
1387 1359.786 78.5 2.14 0.11
1388 1361.178 75.1 2.18 0.13
1389 1361.390 30.7 2.20 0.09
1390 1362.940 68.3 2.22 0.12
1391 1363.322 63.1 2.23 0.16
1392 1363.534 71.7 2.23 0.15
1393 1363.861 64.9 2.18 0.07
1394 1364.790 78.5 2.22 0.07
1395 1366.756 68.3 2.27 0.10
1396 1367.739 75.1 2.18 0.12
1397 1368.189 88.7 2.18 0.10
1398 1368.374 116.1 2.16 0.14
1399 1370.483 95.6 2.23 0.02
1400 1371.193 58.0 2.18 -0.01
1401 1372.907 35.8 2.15 0.09
1402 1373.221 51.2 2.20 0.14
1403 1373.542 116.1 2.15 0.12
1404 1375.296 68.3 2.14 -0.02
1405 1375.583 95.6 2.12 0.04
1406 1378.641 97.3 2.19 0.03
1407 1379.569 75.1 2.21 0.06
1408 1380.641 78.5 2.17 0.06
1409 1381.010 102.4 2.13 0.08
1410 1381.146 92.2 2.11 0.11
1411 1381.911 83.6 2.22 0.12
1412 1382.348 49.5 2.18 0.13
1413 1382.573 66.6 2.15 0.14
1414 1383.024 75.1 2.18 0.13
1415 1383.829 68.3 2.15 0.17
1416 1384.061 81.9 2.21 0.12
1417 1385.092 35.8 2.14 0.16
1418 1385.283 59.7 2.11 0.14
1419 1385.748 95.6 2.19 0.12
1420 1385.850 68.3 2.19 0.13
1421 1386.191 114.3 2.19 0.14
1422 1386.621 68.3 2.19 0.14
1423 1387.768 64.9 2.13 0.12
1424 1388.738 73.4 2.15 0.09
1425 1389.769 75.1 2.20 0.10
1426 1389.905 70.0 2.20 0.10
1427 1393.742 68.3 2.15 0.17
1428 1395.093 68.3 2.10 0.18
1429 1397.251 59.7 2.11 0.08
1430 1397.408 71.7 2.16 0.16
1431 1398.814 81.9 2.11 0.10
1432 1400.602 75.1 2.15 0.02
1433 1400.841 34.1 2.12 0.04
1434 1401.292 95.6 2.17 0.03
1435 1404.391 49.5 2.11 0.05
1436 1406.589 56.3 2.09 0.04
1437 1406.951 81.9 2.12 -0.01
1438 1407.757 41.0 2.11 0.05
1439 1407.900 54.6 2.14 0.05
1440 1408.030 63.1 2.10 0.01
1441 1412.153 61.4 2.07 0.09
1442 1412.733 78.5 2.10 0.04
1443 1413.764 73.4 2.02 0.07
1444 1415.355 78.5 2.11 0.11
1445 1416.345 95.6 2.08 0.07
1446 1416.775 70.0 2.12 -0.02
1447 1416.864 68.3 2.16 -0.02
1448 1417.198 75.1 2.16 0.09
1449 1417.840 75.1 2.00 0.01
1450 1419.171 68.3 2.11 0.13
1451 1419.635 61.4 2.16 0.12
1452 1421.533 64.9 2.04 0.17
1453 1421.908 75.1 2.06 0.14
1454 1422.728 64.9 2.08 0.13
1455 1424.776 102.4 2.05 0.07
1456 1425.649 66.6 2.06 0.13
1457 1427.472 68.3 2.14 0.06
1458 1428.694 97.3 2.17 0.06
1459 1430.319 81.9 2.17 0.09
1460 1431.787 75.1 2.18 0.11
1461 1432.230 64.9 2.12 0.15
1462 1432.606 64.9 2.11 0.18
1463 1433.548 66.6 2.25 0.18
1464 1433.671 54.6 2.26 0.18
1465 1433.869 83.6 2.24 0.13
1466 1434.695 99.0 2.29 0.19
1467 1436.149 81.9 2.23 0.13
1468 1436.279 76.8 2.22 0.11
1469 1436.483 61.4 2.16 0.09
1470 1437.453 68.3 2.25 0.10
1471 1438.081 63.1 2.19 0.05
1472 1438.183 61.4 2.14 0.11
1473 1439.159 170.7 2.15 0.07
1474 1439.849 80.2 2.10 0.11
1475 1439.965 81.9 2.11 0.11
1476 1442.013 35.8 2.09 0.13
1477 1443.849 81.9 2.04 0.07
1478 1444.061 64.9 2.00 0.16
1479 1444.621 112.6 2.02 0.16
1480 1447.003 52.9 2.05 0.19
1481 1447.584 75.1 1.94 0.21
1482 1448.894 122.9 1.96 0.18
1483 1451.133 35.8 2.10 0.07
1484 1451.946 88.7 2.09 0.05
1485 1452.417 95.6 2.10 0.16
1486 1455.871 17.1 2.10 0.07
1487 1456.916 78.5 2.06 0.04
1488 1457.018 80.2 2.00 0.04
1489 1458.540 75.1 2.13 0.02
1490 1459.121 141.7 2.04 0.02
1491 1459.298 88.7 2.00 0.02
1492 1460.745 68.3 2.04 0.12
1493 1463.456 85.3 1.98 0.16
1494 1463.906 80.2 1.89 0.20
1495 1465.258 109.2 1.86 0.04
1496 1465.415 64.9 1.88 0.13
1497 1468.296 68.3 2.04 0.18
1498 1470.255 109.2 2.05 -0.05
1499 1470.398 68.3 2.05 -0.02
1500 1471.907 58.0 2.03 0.00
1501 1472.665 81.9 2.00 -0.02
1502 1472.849 85.3 1.99 0.14
1503 1473.737 81.9 2.12 0.09
1504 1474.037 107.5 2.17 0.11
1505 1475.300 81.9 2.29 0.17
1506 1475.907 52.9 2.18 0.02
1507 1478.174 92.2 2.15 0.06
1508 1478.304 95.6 2.16 0.06
1509 1480.304 30.7 2.11 0.04
1510 1480.864 87.0 2.13 0.03
1511 1483.499 70.0 2.02 -0.11
1512 1484.448 56.3 1.99 -0.04
1513 1484.796 75.1 2.01 -0.03
1514 1485.117 129.7 1.99 -0.04
1515 1486.106 63.1 2.05 -0.02
1516 1487.342 68.3 2.03 0.04
1517 1488.783 44.4 2.08 0.01
1518 1488.946 95.6 2.05 0.01
1519 1490.175 37.5 2.03 -0.02
1520 1490.400 78.5 2.08 -0.04
1521 1490.749 102.4 2.07 0.01
1522 1491.035 78.5 2.03 -0.01
1523 1492.619 78.5 2.05 0.03
1524 1494.196 95.6 2.07 0.07
1525 1494.872 110.9 2.00 0.04
1526 1495.138 129.7 2.02 0.01
1527 1495.793 68.3 2.13 0.09
1528 1496.217 70.0 2.13 0.11
1529 1497.186 102.4 2.11 0.02
1530 1497.760 64.9 2.19 0.16
1531 1497.910 56.3 2.13 0.16
1532 1498.497 81.9 2.14 0.06
1533 1498.620 81.9 2.12 0.06
1534 1499.173 49.5 2.10 0.09
1535 1500.101 81.9 2.06 0.12
1536 1500.299 56.3 2.06 0.13
1537 1500.859 73.4 2.10 0.05
1538 1501.808 81.9 2.03 0.07
1539 1502.566 66.6 2.06 0.03
1540 1504.736 63.1 2.11 0.13
1541 1511.788 76.8 2.01 0.11
1542 1512.751 75.1 1.97 0.14
1543 1513.126 109.2 1.93 0.05
1544 1513.659 75.1 1.88 0.07
1545 1514.116 85.3 1.94 0.15
1546 1516.110 46.1 2.03 0.11
1547 1517.393 99.0 2.04 0.07
1548 1517.728 95.6 2.01 0.04
1549 1518.485 97.3 1.97 0.02
1550 1519.550 75.1 1.98 -0.02
1551 1522.022 54.6 2.03 0.15
1552 1523.407 102.4 2.09 0.10
1553 1525.879 88.7 2.09 0.12
1554 1526.029 51.2 2.11 0.09
1555 1527.060 46.1 2.13 0.08
1556 1528.213 75.1 2.19 0.08
1557 1531.811 71.7 2.21 0.13
1558 1533.961 88.7 2.15 -0.02
1559 1534.105 88.7 2.16 -0.02
1560 1535.545 76.8 2.07 0.06
1561 1535.805 46.1 2.05 0.05
1562 1535.982 73.4 2.03 0.02
1563 1536.446 122.9 2.10 0.06
1564 1536.583 71.7 2.03 0.07
1565 1537.238 68.3 2.00 0.06
1566 1537.798 64.9 1.96 0.09
1567 1538.597 189.4 1.95 0.08
1568 1540.310 64.9 1.98 0.08
1569 1541.785 52.9 2.00 0.18
1570 1541.880 81.9 2.03 0.15
1571 1544.160 75.1 1.90 0.04
1572 1544.352 37.5 2.04 0.16
1573 1544.891 59.7 1.99 0.07
1574 1545.055 78.5 1.99 0.07
1575 1545.294 70.0 1.96 0.12
1576 1546.536 59.7 2.00 0.24
1577 1546.748 68.3 2.02 0.18
1578 1549.902 81.9 2.06 0.23
1579 1550.086 64.9 2.06 0.21
1580 1552.482 56.3 2.11 0.25
1581 1552.810 58.0 2.06 0.24
1582 1553.506 81.9 2.12 0.26
1583 1555.138 71.7 2.08 0.26
1584 1557.575 64.9 2.07 0.24
1585 1562.674 51.2 2.04 0.21
1586 1567.446 51.2 2.17 0.24
1587 1567.678 58.0 2.20 0.22
1588 1567.835 68.3 2.18 0.22
1589 1568.054 68.3 2.21 0.19
1590 1570.040 75.1 2.22 0.28
1591 1571.112 81.9 2.21 0.26
1592 1573.160 109.2 2.06 0.45
1593 1574.293 39.3 2.11 0.14
1594 1574.846 75.1 2.11 0.23
1595 1576.335 59.7 2.11 0.39
1596 1576.601 85.3 2.05 0.34
1597 1577.734 81.9 2.23 0.23
1598 1577.891 78.5 2.13 0.22
1599 1578.717 30.7 2.13 0.26
1600 1580.273 51.2 2.13 0.19
1601 1580.465 76.8 2.23 0.31
1602 1580.635 75.1 2.15 0.38
1603 1581.072 54.6 2.16 0.30
1604 1581.482 97.3 2.06 0.13
1605 1582.321 75.1 2.07 -0.06
1606 1582.526 32.4 2.10 0.22
1607 1583.632 54.6 2.12 0.04
1608 1584.595 68.3 2.14 0.09
1609 1585.346 75.1 2.08 0.04
1610 1586.240 85.3 2.03 -0.02
1611 1588.063 92.2 1.95 0.06
1612 1588.302 78.5 1.87 0.12
1613 1588.670 85.3 2.01 -0.01
1614 1591.019 81.9 1.95 -0.10
1615 1591.879 75.1 1.91 -0.01
1616 1593.353 92.2 2.03 -0.00
1617 1593.777 102.4 2.01 -0.10
1618 1593.893 68.3 2.01 -0.07
1619 1594.070 34.1 2.02 -0.04
1620 1594.425 58.0 1.99 -0.00
1621 1595.156 90.5 2.00 -0.06
1622 1596.009 54.6 1.89 0.03
1623 1596.972 75.1 1.93 0.04
1624 1599.518 68.3 1.99 -0.16
1625 1599.641 68.3 1.96 -0.09
1626 1600.433 68.3 2.08 -0.14
1627 1600.917 70.0 2.09 -0.17
1628 1601.395 81.9 2.06 -0.20
1629 1602.829 58.0 2.10 -0.20
1630 1603.156 56.3 2.07 -0.23
1631 1605.273 102.4 1.98 -0.13
1632 1606.502 93.9 1.91 -0.23
1633 1607.307 71.7 2.04 -0.17
1634 1608.577 109.2 1.94 -0.12
1635 1610.120 95.6 1.86 -0.09
1636 1610.297 133.1 1.91 -0.10
1637 1610.884 189.4 1.84 -0.19
1638 1612.332 81.9 2.05 -0.14
1639 1612.625 42.7 1.99 -0.24
1640 1612.871 75.1 1.92 -0.17
1641 1613.089 88.7 2.04 -0.19
1642 1616.619 116.1 2.01 -0.08
1643 1619.240 81.9 1.99 -0.01
1644 1620.571 100.7 1.97 -0.01
1645 1621.841 75.1 1.97 0.00
1646 1621.978 49.5 1.97 0.01
1647 1622.080 107.5 1.96 -0.02
1648 1622.899 88.7 2.00 -0.00
1649 1625.794 80.2 2.06 0.13
1650 1627.412 68.3 2.17 0.14
1651 1627.753 59.7 1.92 0.08
1652 1630.443 88.7 2.02 0.04
1653 1631.057 70.0 1.98 0.20
1654 1633.214 95.6 1.91 -0.01
1655 1634.327 78.5 2.01 0.07
1656 1635.085 63.1 2.00 0.01
1657 1639.549 100.7 2.12 -0.05
1658 1644.164 76.8 2.08 0.04
1659 1644.772 44.4 1.99 0.00
1660 1645.229 81.9 2.10 -0.09
1661 1647.257 117.8 2.08 0.03
1662 1647.980 88.7 2.15 -0.01
1663 1650.909 95.6 2.20 -0.09
1664 1651.585 68.3 2.20 -0.08
1665 1651.953 63.1 2.25 -0.10
1666 1654.725 23.9 2.14 -0.13
1667 1654.814 90.5 2.19 -0.11
1668 1657.155 104.1 2.19 -0.08
1669 1658.862 68.3 2.20 0.02
1670 1659.128 92.2 2.18 0.01
1671 1660.398 61.4 2.16 -0.07
1672 1662.596 66.6 2.09 0.13
1673 1663.347 75.1 2.07 0.09
1674 1665.498 81.9 2.12 0.09
1675 1665.716 95.6 2.04 0.12
1676 1666.010 80.2 2.06 0.09
1677 1667.238 75.1 2.13 0.13
1678 1668.440 35.8 2.06 0.18
1679 1670.624 66.6 2.08 0.10
1680 1670.795 75.1 2.07 0.13
1681 1671.553 63.1 2.06 0.07
1682 1672.263 85.3 2.03 0.18
1683 1673.703 92.2 2.02 0.09
1684 1674.925 88.7 2.03 0.06
1685 1676.079 105.8 1.98 0.16
1686 1680.605 68.3 2.09 0.10
1687 1682.298 93.9 2.02 0.04
1688 1682.476 71.7 2.06 -0.02
1689 1683.199 85.3 2.02 -0.00
1690 1683.943 61.4 1.96 0.02
1691 1684.776 75.1 2.02 0.06
1692 1685.670 81.9 2.11 0.08
1693 1686.660 81.9 2.06 0.04
1694 1686.851 68.3 1.99 0.02
1695 1687.452 68.3 2.04 -0.01
1696 1688.265 68.3 2.10 0.01
1697 1688.531 63.1 2.11 0.03
1698 1690.476 81.9 2.01 0.19
1699 1691.965 177.5 2.07 0.16
1700 1692.968 99.0 2.04 0.10
1701 1695.487 88.7 2.11 0.17
1702 1695.569 58.0 1.97 0.17
1703 1696.067 68.3 2.04 0.11
1704 1697.187 46.1 2.05 0.10
1705 1698.996 81.9 2.11 0.10
1706 1700.614 97.3 2.01 0.05
1707 1700.948 51.2 1.99 -0.02
1708 1702.211 58.0 2.06 0.05
1709 1704.266 75.1 1.99 0.04
1710 1705.222 61.4 2.02 0.09
1711 1705.877 75.1 2.00 0.08
1712 1706.676 131.4 1.96 0.08
1713 1708.144 75.1 1.97 0.11
1714 1708.977 68.3 2.11 0.13
1715 1710.991 58.0 2.03 0.10
1716 1712.670 68.3 2.00 0.11
1717 1712.888 100.7 1.95 0.07
1718 1714.534 44.4 1.97 0.16
1719 1716.179 75.1 2.01 0.07
1720 1717.018 58.0 2.11 -0.01
1721 1717.619 68.3 2.00 -0.01
1722 1718.165 61.4 1.98 0.06
1723 1719.572 95.6 1.95 0.08
1724 1720.002 81.9 2.03 0.04
1725 1723.565 78.5 2.08 0.04
1726 1724.180 68.3 2.16 0.04
1727 1724.753 78.5 2.05 0.05
1728 1725.613 88.7 2.09 0.11
1729 1726.760 124.6 2.03 0.25
1730 1726.944 87.0 2.03 0.25
1731 1727.006 66.6 2.03 0.16
1732 1727.156 95.6 2.03 0.17
1733 1727.347 56.3 2.07 0.23
1734 1731.607 61.4 2.21 0.14
1735 1733.136 68.3 2.13 0.07
1736 1734.031 35.8 2.10 0.07
1737 1735.457 95.6 2.16 0.13
1738 1735.758 71.7 2.16 0.15
1739 1736.065 117.8 2.19 0.17
1740 1736.631 85.3 2.09 0.12
1741 1737.451 63.1 2.11 0.10
1742 1737.649 95.6 2.14 0.10
1743 1739.772 71.7 2.08 0.07
1744 1742.202 150.2 2.02 0.06
1745 1743.465 37.5 2.05 0.10
1746 1744.134 81.9 2.08 0.11
1747 1744.810 54.6 2.02 0.11
1748 1745.015 105.8 2.03 0.12
1749 1745.383 88.7 2.03 0.14
1750 1746.557 81.9 1.95 0.01
1751 1747.554 88.7 1.99 -0.02
1752 1748.838 64.9 2.02 0.06
1753 1749.827 70.0 1.94 0.02
1754 1750.251 81.9 2.00 -0.06
1755 1752.053 41.0 2.15 0.04
1756 1752.340 75.1 2.19 0.07
1757 1754.961 78.5 2.17 0.03
1758 1756.859 102.4 2.11 0.11
1759 1757.726 75.1 2.20 0.10
1760 1758.388 64.9 2.16 0.09
1761 1759.221 78.5 2.14 0.08
1762 1761.153 75.1 2.10 0.08
1763 1761.740 93.9 2.11 0.12
1764 1763.010 136.5 2.11 0.12
1765 1763.262 61.4 2.13 0.12
1766 1763.365 71.7 2.12 0.12
1767 1764.785 177.5 2.19 0.14
1768 1765.563 52.9 2.09 0.08
1769 1765.679 76.8 2.14 0.02
1770 1766.198 73.4 2.15 -0.01
1771 1766.362 51.2 2.09 0.01
1772 1766.614 85.3 2.19 0.00
1773 1767.904 46.1 2.15 0.08
1774 1769.229 75.1 2.16 0.09
1775 1769.550 102.4 2.18 0.12
1776 1770.492 68.3 2.24 0.08
1777 1777.284 157.0 2.04 0.07
1778 1777.933 52.9 1.97 -0.01
1779 1779.237 64.9 2.09 0.05
1780 1780.500 64.9 2.13 0.06
1781 1782.664 87.0 2.07 0.11
1782 1783.005 70.0 2.14 0.07
1783 1783.783 64.9 2.02 0.04
1784 1784.084 75.1 2.04 0.07
1785 1785.033 54.6 2.03 0.10
1786 1785.299 64.9 2.06 0.14
1787 1785.401 46.1 2.05 0.14
1788 1786.644 92.2 2.00 0.10
1789 1786.807 85.3 2.04 0.10
1790 1787.442 76.8 2.02 0.06
1791 1788.050 68.3 2.03 0.09
1792 1789.668 88.7 1.99 0.01
1793 1789.968 70.0 2.02 0.01
1794 1790.043 32.4 2.02 0.01
1795 1790.651 64.9 2.05 -0.05
1796 1791.620 59.7 2.03 -0.11
1797 1792.965 59.7 2.13 -0.00
1798 1794.433 80.2 2.19 -0.09
1799 1795.621 75.1 2.21 0.00
1800 1795.955 78.5 2.15 -0.07
1801 1797.191 46.1 2.13 -0.01
1802 1799.724 68.3 2.03 -0.00
1803 1799.881 51.2 2.02 -0.02
1804 1802.802 32.4 2.13 -0.02
1805 1803.048 99.0 2.15 0.07
1806 1803.663 58.0 2.11 0.16
1807 1811.308 119.5 2.03 0.05
1808 1811.527 78.5 2.04 0.05
1809 1812.059 73.4 2.03 0.10
1810 1813.841 102.4 2.00 -0.02
1811 1814.060 122.9 2.03 -0.02
1812 1814.264 56.3 2.03 -0.07
1813 1814.804 58.0 2.07 0.06
1814 1815.111 116.1 2.19 0.03
1815 1815.514 75.1 2.13 0.12
1816 1815.671 64.9 2.15 0.07
1817 1816.142 105.8 2.10 0.11
1818 1817.043 61.4 2.10 0.01
1819 1817.541 37.5 2.03 0.09
1820 1817.807 85.3 2.05 -0.02
1821 1819.337 66.6 2.14 0.07
1822 1820.142 73.4 2.12 0.05
1823 1820.545 64.9 2.12 0.10
1824 1821.596 54.6 2.12 0.11
1825 1822.443 54.6 2.03 0.00
1826 1822.880 87.0 2.12 0.05
1827 1824.279 66.6 2.08 0.04
1828 1826.388 80.2 2.05 -0.00
1829 1826.614 75.1 2.06 -0.02
1830 1828.184 75.1 2.09 0.00
1831 1829.590 73.4 2.06 -0.04
1832 1829.945 63.1 2.05 0.01
1833 1831.891 75.1 2.08 -0.03
1834 1833.625 102.4 2.13 0.09
1835 1835.366 93.9 2.08 0.07
1836 1836.506 35.8 2.05 0.17
1837 1836.929 52.9 2.05 0.21
1838 1837.304 59.7 2.05 0.17
1839 1837.618 102.4 2.09 0.11
1840 1839.072 59.7 2.12 0.17
1841 1840.472 124.6 2.07 0.10
1842 1841.325 66.6 2.10 0.16
1843 1841.960 61.4 2.11 0.14
1844 1842.144 80.2 2.10 0.14
1845 1842.595 73.4 2.08 0.14
1846 1843.441 52.9 2.04 0.09
1847 1843.728 51.2 2.14 0.04
1848 1843.994 30.7 2.04 0.04
1849 1844.984 71.7 2.06 0.00
1850 1846.111 71.7 2.15 0.07
1851 1846.172 47.8 2.16 0.07
1852 1847.408 64.9 2.08 0.09
1853 1847.988 70.0 2.14 0.11
1854 1848.070 73.4 2.11 0.10
1855 1848.732 63.1 2.18 0.04
1856 1848.992 114.3 2.20 0.04
1857 1849.114 76.8 2.12 0.05
1858 1849.428 92.2 2.22 0.03
1859 1850.459 70.0 2.19 0.08
1860 1850.630 122.9 2.22 0.06
1861 1851.067 88.7 2.19 0.10
1862 1852.098 75.1 2.14 0.12
1863 1852.214 81.9 2.16 0.03
1864 1852.890 44.4 2.14 0.09
1865 1853.129 81.9 2.14 0.05
1866 1855.293 73.4 2.09 0.05
1867 1856.467 105.8 2.07 0.14
1868 1860.986 68.3 2.15 0.21
1869 1863.580 68.3 2.17 0.04
1870 1863.901 70.0 2.09 0.09
1871 1864.420 81.9 2.10 0.05
1872 1865.034 25.6 2.08 0.01
1873 1865.260 90.5 2.08 0.05
1874 1865.874 87.0 2.09 0.01
1875 1869.635 75.1 2.04 0.07
1876 1869.813 75.1 2.11 0.09
1877 1870.380 102.4 2.17 0.11
1878 1870.598 88.7 2.14 0.09
1879 1870.823 35.8 2.21 0.11
1880 1871.472 56.3 2.20 0.14
1881 1871.759 49.5 2.19 0.12
1882 1872.202 153.6 2.09 0.11
1883 1873.540 78.5 2.07 0.09
1884 1874.366 95.6 2.02 0.09
1885 1874.919 88.7 2.11 0.01
1886 1875.199 81.9 2.05 -0.06
1887 1875.486 105.8 2.09 0.00
1888 1877.923 81.9 1.99 0.03
1889 1878.060 85.3 1.98 0.03
1890 1878.742 68.3 1.97 -0.01
1891 1879.015 75.1 1.98 -0.06
1892 1881.534 41.0 2.06 0.08
1893 1881.630 114.3 2.00 0.02
1894 1882.381 75.1 2.06 0.09
1895 1884.122 47.8 2.11 0.05
1896 1885.309 85.3 2.11 0.12
1897 1886.197 83.6 2.03 0.03
1898 1886.764 99.0 2.05 0.03
1899 1889.740 47.8 2.04 0.02
1900 1889.829 39.3 1.99 0.02
1901 1890.457 66.6 2.04 -0.10
1902 1891.030 88.7 2.04 0.03
1903 1891.310 68.3 1.97 0.07
1904 1892.348 51.2 2.02 0.01
1905 1893.256 47.8 2.10 0.02
1906 1893.863 95.6 2.11 -0.03
1907 1894.239 75.1 2.10 -0.03
1908 1895.256 92.2 2.06 0.00
1909 1895.358 87.0 2.08 0.00
1910 1895.904 68.3 2.01 -0.00
1911 1897.495 78.5 2.04 -0.08
1912 1897.591 58.0 2.09 -0.06
1913 1899.994 87.0 2.03 -0.10
1914 1900.444 76.8 1.92 0.03
1915 1901.106 87.0 2.03 -0.02
1916 1901.420 85.3 2.00 0.02
1917 1901.762 95.6 1.92 -0.01
1918 1902.670 104.1 1.99 0.04
1919 1905.196 35.8 2.09 0.03
1920 1907.837 70.0 2.04 0.07
1921 1910.254 146.8 2.09 0.06
1922 1910.384 64.9 2.06 0.06
1923 1910.602 66.6 2.07 0.06
1924 1910.923 88.7 2.07 0.05
1925 1912.125 81.9 2.11 0.03
1926 1912.876 110.9 2.12 0.08
1927 1913.497 78.5 2.00 -0.01
1928 1913.995 64.9 1.98 -0.01
1929 1914.118 88.7 2.06 -0.01
1930 1914.930 105.8 2.09 -0.02
1931 1915.190 80.2 2.10 0.05
1932 1915.524 93.9 2.06 0.06
1933 1916.023 102.4 2.12 0.08
1934 1916.186 68.3 2.07 0.08
1935 1918.323 58.0 2.13 0.12
1936 1919.040 68.3 2.06 0.08
1937 1919.334 58.0 2.04 0.10
1938 1920.747 63.1 2.20 0.05
1939 1922.358 70.0 2.08 0.00
1940 1922.494 68.3 2.12 -0.04
1941 1922.624 78.5 2.07 -0.01
1942 1924.235 95.6 2.06 -0.08
1943 1924.467 54.6 2.04 -0.01
1944 1924.849 102.4 2.05 -0.05
1945 1925.164 73.4 2.04 0.03
1946 1926.140 56.3 2.06 0.03
1947 1926.372 102.4 2.07 -0.01
1948 1926.891 75.1 2.11 0.03
1949 1928.031 44.4 2.08 0.05
1950 1928.113 105.8 2.05 0.08
1951 1929.198 59.7 2.05 0.11
1952 1931.744 47.8 1.99 0.04
1953 1933.526 59.7 2.02 0.06
1954 1934.352 75.1 2.08 0.02
1955 1934.782 68.3 2.08 -0.01
1956 1935.513 88.7 2.11 -0.04
1957 1936.284 88.7 2.08 -0.00
1958 1937.015 47.8 2.12 -0.02
1959 1937.725 73.4 2.08 -0.09
1960 1938.059 104.1 2.09 -0.01
1961 1938.339 68.3 2.06 -0.01
1962 1938.919 75.1 2.10 -0.01
1963 1941.527 78.5 2.05 0.06
1964 1941.855 70.0 2.10 0.02
1965 1942.087 47.8 2.07 0.03
1966 1942.503 81.9 2.16 -0.02
1967 1942.633 64.9 2.17 -0.02
1968 1943.527 81.9 2.13 0.06
1969 1944.715 81.9 2.13 0.09
1970 1946.818 61.4 2.08 0.22
1971 1949.808 59.7 2.13 0.08
1972 1950.238 49.5 2.17 0.11
1973 1951.658 75.1 2.21 0.11
1974 1952.102 59.7 2.15 0.00
1975 1952.757 64.9 2.21 0.08
1976 1952.893 41.0 2.14 0.06
1977 1954.033 63.1 2.10 0.04
1978 1954.245 75.1 2.10 0.06
1979 1955.085 122.9 2.15 0.11
1980 1955.467 95.6 2.06 0.17
1981 1958.928 107.5 2.10 0.05
1982 1959.911 70.0 2.04 0.09
1983 1960.676 75.1 2.14 0.11
1984 1961.290 46.1 2.12 0.15
1985 1962.935 63.1 2.21 0.09
1986 1965.373 56.3 2.26 0.15
1987 1966.267 56.3 2.28 0.16
1988 1966.697 68.3 2.25 0.15
1989 1967.543 75.1 2.21 0.16
1990 1968.192 93.9 2.35 0.17
1991 1970.117 68.3 2.17 0.18
1992 1970.513 78.5 2.23 0.19
1993 1971.462 78.5 2.14 0.05
1994 1972.151 170.7 2.14 0.09
1995 1972.582 81.9 2.17 0.07
1996 1973.339 54.6 2.15 0.13
1997 1973.776 78.5 2.12 0.05
1998 1974.015 56.3 2.13 0.06
1999 1979.968 88.7 2.13 0.07
2000 1980.364 109.2 2.15 0.08
