1 0.289 70.0 2.15 -0.13
2 3.846 75.1 2.20 0.06
3 4.044 88.7 2.16 0.07
4 4.843 66.6 2.20 0.05
5 5.034 51.2 2.18 0.09
6 7.389 87.0 2.12 0.08
7 7.778 70.0 2.15 -0.01
8 7.908 18.8 2.12 0.00
9 7.983 47.8 2.18 0.01
10 8.604 56.3 2.32 0.02
11 9.300 35.8 2.18 0.03
12 10.133 70.0 2.20 0.09
13 10.966 71.7 2.16 0.11
14 13.089 93.9 2.16 -0.04
15 14.072 66.6 2.13 -0.01
16 14.892 112.6 2.12 -0.09
17 15.301 85.3 2.11 -0.12
18 16.264 70.0 2.05 -0.11
19 19.151 92.2 2.12 -0.11
20 19.964 75.1 2.13 -0.07
21 21.165 58.0 2.12 -0.11
22 22.298 68.3 2.04 -0.10
23 22.961 51.2 2.05 0.03
24 27.316 68.3 2.20 0.07
25 28.777 52.9 2.22 0.00
26 29.023 92.2 2.16 -0.02
27 29.268 76.8 2.12 -0.02
28 30.736 46.1 2.17 0.00
29 32.764 95.6 2.17 0.08
30 33.788 70.0 2.25 0.03
31 35.255 59.7 2.19 0.05
32 35.365 75.1 2.21 0.04
33 35.945 71.7 2.23 0.02
34 38.403 109.2 2.14 0.03
35 40.662 70.0 2.08 0.07
36 40.826 64.9 2.02 0.05
37 41.044 63.1 2.07 0.10
38 41.761 97.3 2.02 0.09
39 43.297 61.4 2.04 0.02
40 45.297 47.8 2.14 0.05
41 46.506 64.9 2.11 0.04
42 46.915 71.7 2.18 0.06
43 47.318 70.0 2.16 0.07
44 47.796 88.7 2.12 0.09
45 48.608 95.6 2.17 0.10
46 51.428 95.6 2.15 0.10
47 52.704 47.8 2.15 0.03
48 55.121 80.2 2.21 -0.04
49 55.517 75.1 2.11 -0.00
50 55.695 51.2 2.13 -0.04
51 56.063 88.7 2.11 -0.04
52 56.384 136.5 2.14 0.00
53 56.637 78.5 2.16 -0.06
54 56.725 75.1 2.13 -0.01
55 57.169 81.9 2.13 -0.02
56 58.220 35.8 2.11 0.02
57 60.084 41.0 2.07 -0.02
58 61.251 129.7 2.07 0.02
59 68.331 78.5 2.17 -0.00
60 70.577 92.2 2.15 0.00
61 71.007 88.7 2.08 -0.10
62 72.420 75.1 2.08 -0.05
63 73.123 64.9 2.05 0.01
64 73.382 59.7 2.04 -0.04
65 74.741 112.6 2.10 -0.04
66 75.198 44.4 2.12 -0.03
67 75.854 85.3 2.09 0.03
68 77.635 46.1 2.13 0.01
69 78.250 68.3 2.26 -0.02
70 79.008 109.2 2.24 0.01
71 80.639 70.0 2.13 0.05
72 81.465 52.9 2.12 -0.00
73 82.469 88.7 2.16 0.09
74 84.278 95.6 2.14 0.15
75 84.517 34.1 2.07 0.10
76 85.309 81.9 2.12 0.13
77 86.817 75.1 2.14 0.01
78 87.227 78.5 2.10 0.04
79 87.712 56.3 2.06 0.05
80 88.285 63.1 2.09 0.06
81 88.947 56.3 2.09 0.10
82 90.292 109.2 2.11 0.02
83 91.535 64.9 2.13 0.06
84 91.999 81.9 2.11 0.04
85 94.395 68.3 2.16 0.17
86 98.423 61.4 2.11 0.07
87 99.658 99.0 2.09 0.11
88 100.061 64.9 2.18 0.06
89 101.297 35.8 2.14 0.07
90 101.904 119.5 2.13 0.06
91 102.416 63.1 2.16 0.04
92 103.932 126.3 2.17 0.07
93 104.635 95.6 2.16 0.07
94 104.928 70.0 2.10 0.02
95 105.440 56.3 2.12 0.09
96 105.761 99.0 2.08 0.07
97 108.772 150.2 2.02 0.02
98 111.564 68.3 2.15 0.13
99 111.946 58.0 2.07 0.07
100 116.179 75.1 2.08 0.05
101 118.930 30.7 2.05 0.12
102 119.524 76.8 2.10 0.11
103 121.169 93.9 2.01 0.03
104 122.883 105.8 2.03 0.11
105 123.476 99.0 2.02 0.12
106 125.825 51.2 2.03 0.09
107 126.275 75.1 2.11 0.10
108 127.170 90.5 2.01 0.12
109 127.825 150.2 2.07 0.04
110 129.750 54.6 1.95 0.11
111 129.907 102.4 1.94 0.14
112 130.317 37.5 2.05 0.15
113 130.965 64.9 2.00 0.13
114 133.771 85.3 1.95 0.17
115 142.147 81.9 2.00 0.13
116 142.455 58.0 2.01 0.11
117 142.851 92.2 2.00 0.10
118 147.554 81.9 2.06 0.03
119 147.936 75.1 2.03 0.02
120 148.339 88.7 2.01 -0.01
121 148.510 56.3 2.01 -0.02
122 149.834 116.1 2.03 0.08
123 152.121 87.0 2.08 0.08
124 154.190 63.1 2.02 0.08
125 154.333 68.3 2.00 0.09
126 154.831 59.7 2.06 0.02
127 155.104 61.4 2.02 0.01
128 155.889 76.8 2.04 0.06
129 158.265 64.9 2.13 0.05
130 158.777 158.7 2.09 0.01
131 161.726 59.7 2.14 -0.03
132 162.286 99.0 2.06 0.07
133 163.337 95.6 2.10 0.01
134 164.054 56.3 2.15 0.01
135 165.160 59.7 2.17 0.09
136 168.082 58.0 2.11 0.05
137 168.239 52.9 2.14 0.05
138 171.127 116.1 2.22 0.04
139 171.550 64.9 2.23 0.04
140 171.837 76.8 2.22 0.04
141 173.359 68.3 2.18 0.00
142 178.226 49.5 2.21 0.02
143 179.660 93.9 2.19 0.01
144 183.633 102.4 2.18 -0.00
145 184.145 109.2 2.16 -0.03
146 185.299 58.0 2.13 0.17
147 185.408 63.1 2.18 0.15
148 188.917 81.9 2.04 0.12
149 191.286 81.9 2.11 0.05
150 192.508 76.8 2.01 0.12
151 195.498 64.9 2.20 -0.03
152 197.068 95.6 2.06 -0.00
153 197.839 92.2 2.17 0.06
154 199.505 52.9 2.09 0.02
155 199.553 18.8 2.13 -0.00
156 201.294 85.3 2.10 0.06
157 201.485 81.9 2.12 0.06
158 201.703 75.1 2.11 0.04
159 201.799 83.6 2.11 0.06
160 202.782 129.7 2.07 -0.01
161 203.833 75.1 2.06 -0.03
162 205.717 90.5 2.10 -0.01
163 206.120 64.9 2.14 0.08
164 207.547 52.9 2.18 0.03
165 207.868 105.8 2.20 -0.02
166 208.728 47.8 2.20 0.02
167 211.104 56.3 2.07 0.12
168 212.701 78.5 2.04 0.04
169 214.012 95.6 2.16 0.09
170 214.599 95.6 2.20 0.01
171 214.783 51.2 2.11 0.06
172 216.736 51.2 2.12 0.10
173 217.418 58.0 2.14 0.13
174 218.190 68.3 2.14 0.19
175 219.903 81.9 2.03 0.12
176 220.190 75.1 2.09 0.09
177 220.866 75.1 2.14 0.11
178 221.309 71.7 2.23 0.16
179 221.651 54.6 2.18 0.19
180 222.880 71.7 2.11 0.14
181 223.535 41.0 2.17 0.07
182 224.320 70.0 2.21 0.09
183 224.852 92.2 2.19 -0.04
184 225.644 64.9 2.10 0.06
185 232.075 83.6 2.18 0.09
186 233.188 42.7 2.02 0.15
187 233.529 68.3 1.99 0.11
188 235.502 51.2 2.14 0.09
189 235.570 54.6 2.14 0.10
190 236.915 129.7 2.13 0.11
191 238.356 71.7 2.15 0.07
192 238.663 66.6 2.16 0.06
193 238.950 70.0 2.14 0.03
194 239.878 92.2 2.12 0.06
195 240.922 59.7 2.19 0.12
196 244.657 169.0 2.14 0.06
197 244.841 44.4 2.17 0.12
198 245.237 73.4 2.13 0.09
199 247.667 54.6 2.02 0.12
200 248.534 85.3 2.01 0.10
201 249.162 76.8 2.04 0.14
202 251.490 71.7 1.95 0.12
203 252.350 85.3 1.94 0.12
204 253.060 54.6 2.04 0.11
205 255.136 116.1 2.10 0.14
206 255.463 68.3 2.04 0.13
207 258.556 81.9 2.09 0.03
208 258.829 63.1 2.13 0.06
209 259.628 95.6 2.12 0.04
210 260.064 56.3 2.03 0.08
211 261.123 88.7 2.09 -0.06
212 262.112 85.3 2.01 0.20
213 263.662 75.1 1.92 0.15
214 264.085 51.2 1.93 0.11
215 265.819 85.3 2.07 0.07
216 266.311 42.7 2.07 0.04
217 267.690 93.9 2.03 0.20
218 268.878 95.6 2.03 0.11
219 269.724 68.3 2.01 0.10
220 270.113 52.9 2.06 0.01
221 271.506 68.3 1.98 0.00
222 271.881 51.2 1.97 0.10
223 273.731 66.6 1.99 0.11
224 274.598 56.3 1.95 0.05
225 274.721 52.9 1.96 -0.04
226 275.274 61.4 1.93 0.09
227 276.489 73.4 2.04 0.05
228 276.933 81.9 2.08 0.03
229 277.459 95.6 2.10 -0.00
230 278.735 83.6 2.13 0.08
231 280.142 49.5 2.10 0.02
232 280.483 85.3 2.14 -0.04
233 281.097 68.3 2.23 0.04
234 281.377 49.5 2.12 0.06
235 281.487 75.1 2.13 0.06
236 281.971 92.2 2.20 0.02
237 282.347 70.0 2.18 0.05
238 282.770 78.5 2.22 0.00
239 284.326 90.5 2.20 -0.02
240 284.524 85.3 2.21 -0.06
241 284.797 70.0 2.15 -0.06
242 284.968 75.1 2.17 -0.07
243 285.118 105.8 2.13 -0.04
244 285.740 75.1 1.97 -0.04
245 286.600 61.4 2.14 0.01
246 289.139 87.0 2.11 0.21
247 289.856 61.4 2.04 0.18
248 290.771 54.6 2.05 0.16
249 291.631 90.5 1.99 0.15
250 291.843 70.0 2.16 0.13
251 291.972 97.3 2.13 0.13
252 292.320 61.4 2.08 0.17
253 294.205 75.1 1.98 0.03
254 297.161 76.8 2.05 -0.01
255 297.481 71.7 2.02 0.16
256 297.816 81.9 2.17 0.15
257 298.287 42.7 2.16 0.08
258 300.519 95.6 2.09 -0.01
259 301.557 102.4 2.01 0.13
260 303.639 47.8 2.10 0.20
261 305.339 109.2 2.05 0.10
262 307.155 81.9 2.12 0.21
263 307.401 78.5 2.17 0.25
264 310.247 83.6 2.19 0.04
265 310.602 68.3 2.16 0.03
266 311.019 63.1 2.16 0.01
267 312.910 68.3 2.16 0.15
268 313.299 95.6 2.21 0.14
269 313.763 59.7 2.16 0.17
270 314.070 95.6 2.16 0.14
271 315.702 80.2 2.10 0.04
272 316.555 44.4 2.11 0.10
273 318.746 95.6 2.23 0.07
274 320.378 88.7 2.12 -0.04
275 320.794 78.5 2.05 -0.00
276 321.272 76.8 2.12 0.10
277 321.463 39.3 2.07 0.07
278 324.761 83.6 2.05 0.09
279 325.443 88.7 2.16 0.06
280 325.860 88.7 2.12 0.00
281 325.976 68.3 2.11 0.03
282 326.263 95.6 2.09 -0.04
283 326.399 70.0 2.08 -0.08
284 326.850 100.7 2.13 -0.08
285 327.068 42.7 2.13 -0.12
286 327.689 76.8 2.15 -0.07
287 327.997 136.5 2.10 -0.01
288 329.007 99.0 2.06 0.00
289 335.847 81.9 2.12 -0.11
290 335.991 75.1 2.12 -0.10
291 337.854 51.2 2.06 -0.08
292 338.489 78.5 2.07 -0.07
293 338.612 81.9 2.04 -0.04
294 342.647 143.4 2.08 0.08
295 346.668 97.3 1.98 -0.10
296 347.446 81.9 1.94 -0.05
297 347.869 70.0 2.09 -0.03
298 349.460 63.1 1.99 0.06
299 349.972 75.1 2.06 0.09
300 351.310 100.7 2.06 0.03
301 351.678 81.9 1.98 0.10
302 355.153 39.3 2.05 -0.02
303 356.607 76.8 1.94 -0.04
304 357.460 95.6 1.87 -0.01
305 358.484 42.7 1.99 0.02
306 359.276 39.3 1.99 -0.04
307 360.048 56.3 1.94 0.02
308 360.642 75.1 2.00 0.05
309 362.130 81.9 2.06 -0.05
310 363.652 58.0 2.10 -0.06
311 364.956 63.1 2.07 -0.05
312 365.065 73.4 2.12 -0.05
313 366.117 68.3 2.15 -0.03
314 367.386 90.5 2.11 0.01
315 367.898 92.2 2.08 -0.07
316 369.120 81.9 2.16 -0.05
317 369.769 76.8 2.13 -0.04
318 370.561 122.9 2.16 -0.03
319 371.687 81.9 2.10 0.06
320 373.817 56.3 2.11 0.05
321 373.899 54.6 2.04 0.05
322 374.828 75.1 2.02 0.08
323 376.828 83.6 2.13 -0.06
324 377.585 85.3 2.11 -0.11
325 377.934 68.3 2.03 -0.19
326 378.487 109.2 2.05 -0.12
327 378.807 75.1 2.11 -0.08
328 379.688 194.6 2.11 -0.12
329 382.480 88.7 2.13 -0.02
330 384.624 61.4 2.15 -0.03
331 385.252 78.5 2.15 -0.01
332 385.894 64.9 2.07 0.02
333 387.921 198.0 1.99 0.07
334 392.939 73.4 1.95 -0.12
335 393.287 105.8 1.89 -0.10
336 394.980 81.9 2.01 -0.12
337 397.253 70.0 2.01 -0.05
338 398.844 75.1 2.01 0.00
339 399.328 78.5 2.02 0.00
340 399.595 116.1 2.08 -0.06
341 400.871 78.5 2.14 0.04
342 401.506 42.7 2.13 0.04
343 405.343 81.9 2.00 0.12
344 407.985 81.9 2.08 0.01
345 408.142 88.7 2.09 0.02
346 408.251 68.3 2.09 0.03
347 408.647 51.2 2.09 0.05
348 408.920 105.8 2.08 0.03
349 410.538 78.5 2.04 0.10
350 410.947 107.5 2.09 0.08
351 411.541 95.6 2.04 0.05
352 412.504 76.8 2.05 0.04
353 413.658 58.0 2.05 -0.03
354 413.719 54.6 2.05 -0.03
355 413.958 88.7 2.04 -0.00
356 414.716 92.2 2.00 -0.06
357 416.067 85.3 2.01 0.05
358 417.016 64.9 1.96 0.07
359 418.163 75.1 1.96 0.03
360 419.665 75.1 2.01 0.05
361 419.938 44.4 2.04 0.02
362 420.778 63.1 2.06 0.05
363 421.263 88.7 2.05 -0.01
364 421.788 81.9 2.08 -0.07
365 421.843 49.5 2.05 -0.08
366 422.034 70.0 2.13 -0.13
367 423.556 88.7 2.13 0.01
368 424.785 85.3 2.04 0.10
369 425.802 51.2 2.02 0.09
370 427.529 42.7 1.99 0.03
371 428.410 56.3 2.01 0.02
372 428.628 78.5 1.99 -0.02
373 430.192 109.2 2.08 -0.11
374 431.578 145.1 1.98 0.05
375 431.905 68.3 1.98 0.11
376 435.762 88.7 2.08 0.15
377 436.254 49.5 2.09 0.10
378 436.295 25.6 2.11 0.08
379 436.909 75.1 2.11 0.10
380 439.019 42.7 2.07 0.13
381 441.483 64.9 2.09 0.15
382 442.289 51.2 2.13 -0.01
383 442.732 58.0 2.13 -0.01
384 443.388 75.1 2.14 -0.01
385 446.153 37.5 2.17 0.18
386 446.760 68.3 2.18 0.12
387 447.354 49.5 2.17 -0.02
388 447.634 88.7 2.15 -0.05
389 448.371 61.4 2.11 0.04
390 450.044 68.3 2.17 -0.10
391 452.017 88.7 2.11 -0.12
392 453.082 59.7 2.08 0.04
393 454.276 80.2 2.12 0.02
394 455.505 63.1 2.20 0.04
395 455.833 44.4 2.13 0.10
396 456.529 68.3 2.14 0.01
397 457.826 78.5 2.20 -0.04
398 458.208 75.1 2.12 -0.09
399 462.038 80.2 2.04 -0.03
400 462.680 81.9 2.09 0.04
401 462.912 85.3 2.13 0.04
402 465.322 66.6 2.07 -0.02
403 467.185 78.5 2.11 -0.07
404 468.619 54.6 2.16 -0.19
405 469.862 47.8 2.09 -0.38
406 470.967 18.8 2.00 -0.08
407 471.875 68.3 2.11 0.01
408 471.971 78.5 2.10 -0.02
409 472.626 54.6 2.05 0.03
410 472.852 88.7 2.14 0.05
411 474.190 81.9 2.19 0.07
412 475.166 100.7 2.18 0.10
413 475.610 56.3 2.15 -0.01
414 476.149 97.3 2.11 0.04
415 477.774 81.9 2.00 0.10
416 478.484 70.0 2.16 0.15
417 479.801 80.2 2.20 0.05
418 480.573 64.9 2.05 0.03
419 480.661 52.9 2.06 0.12
420 481.242 70.0 2.06 0.05
421 482.703 75.1 2.10 0.12
422 483.440 75.1 2.08 0.15
423 483.569 76.8 2.07 0.09
424 491.564 102.4 2.08 0.08
425 493.926 64.9 2.13 0.04
426 494.048 92.2 2.12 0.08
427 496.820 97.3 2.21 -0.03
428 497.032 68.3 2.23 -0.01
429 497.455 95.6 2.23 0.04
430 498.493 116.1 2.13 -0.03
431 499.913 102.4 2.18 -0.03
432 500.288 35.8 2.15 -0.02
433 500.602 61.4 2.15 0.02
434 502.466 172.4 2.17 -0.06
435 502.677 88.7 2.11 0.00
436 503.408 64.9 2.10 0.04
437 503.742 71.7 2.10 0.17
438 504.282 68.3 2.08 0.15
439 504.876 68.3 2.08 0.10
440 505.237 92.2 2.09 0.19
441 508.064 81.9 2.08 0.24
442 509.804 102.4 2.10 0.04
443 509.989 44.4 2.00 0.14
444 510.303 49.5 2.03 0.09
445 511.607 44.4 2.06 0.16
446 511.654 29.0 2.09 0.16
447 513.832 61.4 2.10 0.05
448 514.194 44.4 2.14 0.05
449 516.221 81.9 2.08 0.13
450 518.385 30.7 2.01 0.10
451 518.488 51.2 2.04 0.10
452 519.573 75.1 2.00 0.08
453 520.010 75.1 2.02 0.04
454 521.601 81.9 2.11 0.06
455 523.328 64.9 2.08 0.10
456 523.471 122.9 2.06 0.05
457 523.628 71.7 2.03 0.05
458 524.564 68.3 2.03 0.15
459 524.727 81.9 2.03 0.22
460 529.021 70.0 1.98 0.12
461 529.172 81.9 1.99 0.12
462 529.315 70.0 1.99 0.13
463 530.052 78.5 1.98 0.09
464 531.199 66.6 1.95 0.10
465 532.510 90.5 1.91 -0.01
466 533.104 95.6 2.01 0.03
467 535.541 105.8 2.14 0.06
468 536.340 119.5 2.03 0.13
469 537.125 46.1 2.02 0.05
470 537.329 81.9 1.99 0.02
471 538.313 95.6 2.10 -0.01
472 538.463 54.6 2.07 -0.02
473 539.309 68.3 2.15 0.06
474 540.716 41.0 2.29 0.07
475 544.218 56.3 2.03 0.00
476 547.692 59.7 2.10 0.05
477 551.051 109.2 2.14 0.19
478 556.983 59.7 2.07 0.00
479 557.257 59.7 2.09 -0.06
480 558.622 58.0 2.13 -0.07
481 559.407 107.5 2.04 -0.08
482 559.591 81.9 2.08 -0.06
483 559.721 44.4 2.10 -0.09
484 562.568 78.5 2.16 -0.07
485 563.988 114.3 2.09 -0.01
486 564.568 61.4 2.17 0.02
487 564.916 71.7 2.16 0.00
488 565.169 44.4 2.12 -0.04
489 565.230 47.8 2.21 -0.03
490 565.298 37.5 2.18 -0.03
491 566.725 71.7 2.24 -0.04
492 568.548 85.3 2.07 -0.09
493 568.671 78.5 2.13 -0.04
494 568.828 174.1 2.06 -0.07
495 571.067 83.6 2.20 -0.05
496 571.470 68.3 2.16 -0.04
497 572.555 56.3 2.11 0.03
498 573.354 41.0 2.09 -0.04
499 576.139 76.8 2.05 -0.02
500 577.033 75.1 2.06 -0.09
501 577.559 59.7 2.00 -0.05
502 579.382 73.4 2.08 -0.11
503 581.361 109.2 2.08 -0.05
504 582.529 51.2 2.09 -0.07
505 582.679 88.7 2.10 -0.08
506 582.816 61.4 2.10 -0.04
507 585.567 64.9 2.06 -0.02
508 585.969 68.3 2.06 -0.04
509 586.891 88.7 2.17 0.02
510 587.308 78.5 2.20 0.02
511 587.635 95.6 2.22 0.02
512 589.485 63.1 2.19 0.02
513 591.677 95.6 2.19 0.04
514 596.469 49.5 2.24 -0.03
515 597.698 63.1 2.30 -0.02
516 597.937 70.0 2.29 0.03
517 599.309 17.1 2.20 0.04
518 603.651 211.6 2.16 -0.07
519 604.866 46.1 2.08 -0.02
520 609.836 49.5 2.14 -0.02
521 609.924 68.3 2.12 0.05
522 611.412 93.9 2.18 -0.03
523 611.727 68.3 2.20 -0.12
524 612.607 44.4 2.16 -0.08
525 613.140 81.9 2.05 -0.16
526 613.385 73.4 2.10 -0.16
527 614.273 81.9 2.08 -0.09
528 614.505 71.7 2.06 -0.05
529 614.669 78.5 2.05 -0.11
530 615.092 70.0 2.08 -0.08
531 619.284 121.2 2.13 -0.00
532 621.291 81.9 2.08 0.02
533 623.612 121.2 2.14 0.10
534 623.789 88.7 2.08 0.14
535 626.117 75.1 2.14 0.09
536 626.602 81.9 2.11 0.10
537 628.370 71.7 2.10 0.07
538 629.940 75.1 2.20 0.12
539 630.466 64.9 2.12 -0.02
540 631.537 95.6 2.12 -0.04
541 632.377 70.0 2.14 -0.05
542 633.128 83.6 2.11 0.05
543 633.271 122.9 2.14 0.05
544 633.954 30.7 2.16 0.01
545 634.029 66.6 2.16 0.03
546 638.139 92.2 2.08 -0.05
547 639.020 81.9 2.10 0.01
548 640.870 76.8 2.15 -0.00
549 641.265 75.1 2.21 -0.03
550 642.289 75.1 2.12 -0.02
551 643.211 81.9 2.07 -0.04
552 643.546 215.0 2.06 -0.01
553 645.505 39.3 2.10 0.10
554 647.799 109.2 2.06 -0.08
555 648.782 73.4 2.16 -0.02
556 649.341 37.5 2.14 -0.01
557 649.492 119.5 2.15 -0.03
558 649.785 59.7 2.09 -0.06
559 652.038 68.3 1.98 -0.02
560 653.137 102.4 2.04 0.03
561 654.352 52.9 2.02 0.09
562 654.482 52.9 2.11 0.09
563 655.049 56.3 2.05 0.04
564 655.328 75.1 2.01 0.07
565 656.899 75.1 2.00 0.03
566 657.533 131.4 2.03 0.11
567 658.940 81.9 2.14 0.05
568 659.090 83.6 2.17 0.10
569 659.274 63.1 2.15 0.10
570 659.834 66.6 2.07 0.05
571 661.056 70.0 2.09 0.06
572 664.893 88.7 2.06 0.08
573 665.350 81.9 2.05 0.03
574 667.084 95.6 1.99 0.04
575 667.808 102.4 2.14 0.05
576 667.999 104.1 2.14 0.04
577 670.559 78.5 2.06 -0.03
578 671.159 42.7 2.01 0.03
579 673.870 76.8 2.01 -0.03
580 675.426 80.2 2.11 0.03
581 675.897 71.7 2.13 0.03
582 677.508 64.9 2.21 -0.01
583 677.706 92.2 2.19 -0.02
584 678.444 71.7 2.23 0.07
585 681.372 64.9 2.19 -0.00
586 682.369 104.1 2.18 0.09
587 683.966 52.9 2.22 0.06
588 684.492 92.2 2.19 0.04
589 684.560 17.1 2.21 0.00
590 684.635 68.3 2.25 -0.05
591 686.479 68.3 2.17 -0.02
592 687.639 64.9 2.16 0.05
593 687.755 68.3 2.16 0.01
594 688.151 47.8 2.07 -0.01
595 690.022 64.9 2.20 -0.02
596 690.629 34.1 2.14 -0.08
597 692.186 110.9 2.09 0.05
598 692.384 109.2 2.16 0.06
599 692.759 32.4 2.10 0.04
600 692.977 92.2 2.11 -0.03
601 694.022 75.1 2.13 -0.07
602 695.019 76.8 2.23 -0.05
603 695.824 66.6 2.18 -0.02
604 698.179 76.8 2.10 0.03
605 699.012 81.9 2.06 -0.03
606 699.831 49.5 2.13 0.02
607 700.548 87.0 2.16 0.05
608 702.378 63.1 2.11 0.06
609 704.235 75.1 2.09 0.03
610 706.672 68.3 2.08 0.01
611 707.348 87.0 2.17 0.02
612 709.334 41.0 2.06 0.04
613 709.566 70.0 2.09 -0.01
614 710.345 117.8 2.07 0.00
615 713.744 49.5 2.04 0.02
616 714.836 71.7 1.96 0.05
617 715.110 51.2 2.05 -0.03
618 715.342 88.7 2.01 -0.02
619 715.847 63.1 1.98 0.02
620 718.393 63.1 1.99 -0.03
621 718.530 78.5 2.02 0.01
622 718.714 73.4 1.99 -0.05
623 720.721 78.5 1.96 0.00
624 720.823 71.7 1.98 0.04
625 721.527 133.1 1.97 -0.03
626 721.861 35.8 1.95 0.06
627 723.629 92.2 1.98 0.01
628 724.885 158.7 2.08 -0.00
629 726.599 158.7 2.02 0.04
630 727.247 68.3 2.10 -0.03
631 729.070 23.9 2.09 0.10
632 730.135 83.6 2.06 0.08
633 733.897 64.9 2.06 0.03
634 734.866 47.8 2.03 -0.04
635 736.108 75.1 2.04 -0.06
636 736.627 54.6 1.97 -0.04
637 738.545 71.7 2.08 -0.00
638 739.003 92.2 2.11 -0.04
639 741.099 87.0 2.13 0.09
640 741.904 78.5 2.05 0.00
641 742.198 95.6 2.02 0.02
642 742.293 49.5 2.00 0.05
643 742.566 73.4 2.06 0.01
644 745.638 71.7 2.10 0.10
645 746.451 49.5 2.07 0.14
646 746.922 75.1 2.09 0.13
647 748.697 70.0 2.14 0.01
648 749.243 78.5 2.16 -0.00
649 749.359 66.6 2.20 -0.00
650 750.069 63.1 2.22 -0.05
651 751.666 153.6 2.05 0.10
652 752.492 63.1 2.13 0.13
653 752.806 78.5 2.05 0.14
654 756.008 58.0 2.09 0.16
655 759.374 85.3 2.10 0.04
656 760.876 102.4 2.03 -0.02
657 761.094 59.7 2.09 -0.01
658 762.719 88.7 2.06 -0.01
659 763.217 75.1 1.98 0.03
660 763.360 46.1 2.00 0.02
661 764.343 61.4 2.04 0.12
662 767.129 88.7 2.14 0.05
663 768.794 81.9 2.14 0.17
664 769.668 80.2 2.21 0.12
665 772.194 51.2 2.12 0.06
666 774.700 97.3 1.95 0.05
667 775.143 153.6 1.94 -0.03
668 777.341 109.2 2.08 0.11
669 779.151 58.0 2.03 0.03
670 780.277 78.5 2.03 -0.00
671 782.154 75.1 2.08 0.07
672 788.469 75.1 2.12 0.22
673 789.240 61.4 2.00 0.16
674 790.701 44.4 2.12 0.17
675 791.152 81.9 2.14 0.17
676 791.302 109.2 2.15 0.17
677 791.466 78.5 2.13 0.14
678 791.596 61.4 2.13 0.11
679 793.091 153.6 2.07 0.03
680 793.268 75.1 2.03 0.06
681 793.678 95.6 1.99 0.08
682 794.176 71.7 2.02 0.10
683 794.340 92.2 2.01 0.12
684 794.831 68.3 2.00 0.13
685 795.548 78.5 2.09 0.13
686 795.978 88.7 2.11 0.12
687 796.879 47.8 2.14 0.08
688 797.583 83.6 2.07 0.20
689 798.265 102.4 2.09 0.19
690 799.992 56.3 2.18 0.10
691 800.334 41.0 2.10 0.12
692 800.641 64.9 2.19 0.15
693 801.917 51.2 2.11 0.15
694 802.750 95.6 2.13 0.14
695 803.426 81.9 2.10 0.10
696 803.658 56.3 2.13 0.04
697 803.761 75.1 2.20 0.11
698 804.225 51.2 2.16 0.15
699 805.385 64.9 2.11 0.13
700 807.911 71.7 2.00 0.24
701 809.509 44.4 1.96 0.27
702 810.662 61.4 2.10 0.19
703 810.860 102.4 2.11 0.26
704 811.420 70.0 1.98 0.27
705 812.533 83.6 2.00 0.32
706 814.929 56.3 1.93 0.17
707 816.008 78.5 1.90 0.13
708 823.613 76.8 2.10 -0.01
709 828.391 88.7 2.07 -0.07
710 828.719 66.6 2.00 -0.05
711 829.292 51.2 2.07 -0.01
712 829.777 54.6 2.01 0.00
713 835.744 93.9 2.10 0.23
714 836.590 80.2 2.06 0.19
715 837.191 75.1 2.03 0.18
716 837.300 51.2 2.13 0.02
717 837.689 64.9 2.10 -0.02
718 838.031 66.6 2.08 -0.03
719 839.191 80.2 2.03 0.03
720 840.256 85.3 1.99 -0.09
721 842.563 47.8 1.96 -0.01
722 842.802 95.6 1.95 0.06
723 842.912 71.7 2.03 0.06
724 844.523 100.7 1.98 0.03
725 847.813 68.3 2.04 -0.04
726 847.991 66.6 2.05 0.01
727 848.400 75.1 2.07 0.06
728 848.776 44.4 2.09 -0.01
729 849.226 66.6 2.13 0.01
730 851.322 95.6 2.27 0.00
731 852.687 68.3 2.31 0.08
732 853.076 73.4 2.21 0.05
733 853.657 71.7 2.25 0.08
734 854.394 63.1 2.15 0.00
735 855.097 37.5 2.13 0.07
736 858.094 105.8 2.08 0.01
737 858.531 58.0 2.03 0.00
738 861.473 52.9 2.15 0.02
739 861.658 81.9 2.19 0.04
740 862.088 68.3 2.14 0.05
741 862.620 75.1 2.19 0.11
742 863.931 56.3 2.11 -0.09
743 868.887 92.2 2.04 -0.07
744 869.720 88.7 2.10 -0.06
745 874.574 56.3 2.06 0.03
746 876.683 81.9 2.05 -0.06
747 878.014 81.9 2.03 -0.01
748 878.185 102.4 1.95 0.06
749 879.154 75.1 2.13 -0.05
750 885.476 58.0 1.96 -0.15
751 885.838 56.3 1.89 -0.09
752 886.630 49.5 2.06 -0.07
753 886.998 81.9 2.10 -0.03
754 887.824 75.1 2.02 -0.01
755 888.500 47.8 2.06 -0.12
756 889.347 76.8 2.07 -0.13
757 889.558 30.7 1.96 -0.10
758 890.644 78.5 2.02 -0.13
759 891.456 61.4 2.02 -0.13
760 892.057 58.0 2.00 -0.11
761 893.176 76.8 1.99 -0.06
762 895.415 95.6 2.03 -0.01
763 895.962 81.9 2.10 0.03
764 896.856 39.3 2.11 0.09
765 898.952 83.6 2.00 0.14
766 903.505 52.9 2.02 0.15
767 903.607 71.7 2.01 0.10
768 904.474 88.7 1.99 0.11
769 905.048 59.7 1.93 0.09
770 906.270 51.2 1.94 0.13
771 906.966 81.9 2.00 0.13
772 908.017 88.7 1.98 0.17
773 910.086 75.1 1.97 0.10
774 913.308 70.0 2.02 0.03
775 913.397 58.0 2.02 0.03
776 914.919 92.2 2.00 0.15
777 918.626 78.5 1.79 0.10
778 919.452 68.3 2.03 0.04
779 920.258 136.5 2.00 0.05
780 920.469 112.6 2.01 0.05
781 922.763 95.6 2.00 0.07
782 924.238 64.9 2.08 0.14
783 924.524 63.1 2.14 0.12
784 925.719 129.7 1.89 0.16
785 926.907 68.3 2.29 0.01
786 929.214 75.1 2.14 0.05
787 930.784 81.9 2.06 0.06
788 931.788 68.3 1.98 0.05
789 932.300 75.1 2.01 0.12
790 932.723 78.5 1.99 0.11
791 933.850 59.7 2.09 0.11
792 934.464 100.7 2.10 0.05
793 934.710 46.1 2.03 0.11
794 935.980 63.1 2.08 0.11
795 936.853 76.8 2.10 0.06
796 937.898 102.4 2.19 0.02
797 938.403 47.8 2.23 0.05
798 941.100 34.1 2.22 0.04
799 941.338 71.7 2.23 0.02
800 944.486 46.1 2.27 0.00
801 944.697 37.5 2.21 0.07
802 947.080 76.8 2.20 -0.01
803 948.479 59.7 2.24 0.06
804 949.647 64.9 2.21 0.14
805 950.063 56.3 2.22 0.10
806 951.032 88.7 2.21 0.12
807 951.804 35.8 2.19 0.10
808 952.336 81.9 2.17 0.04
809 952.411 25.6 2.10 0.09
810 952.643 81.9 2.15 0.09
811 953.531 34.1 2.15 0.11
812 953.688 78.5 2.19 0.04
813 954.077 129.7 2.15 0.09
814 955.538 104.1 2.18 0.19
815 955.647 44.4 2.14 0.07
816 956.528 73.4 2.08 0.06
817 957.026 47.8 2.08 0.05
818 958.112 56.3 2.02 0.03
819 958.603 61.4 2.10 0.03
820 961.286 68.3 2.02 -0.04
821 961.600 46.1 2.00 -0.11
822 963.600 119.5 1.97 0.05
823 966.549 70.0 2.05 -0.01
824 966.747 81.9 2.07 -0.04
825 968.010 85.3 2.14 0.12
826 969.376 51.2 2.12 0.13
827 970.652 81.9 2.15 -0.02
828 971.103 44.4 2.15 -0.09
829 971.301 49.5 2.12 -0.11
830 971.929 119.5 2.17 -0.06
831 972.427 139.9 2.16 0.03
832 973.758 81.9 2.13 0.02
833 973.943 88.7 2.16 -0.02
834 974.898 54.6 2.17 0.03
835 977.301 66.6 2.15 -0.06
836 978.749 87.0 2.14 0.06
837 981.425 78.5 2.13 0.13
838 981.520 75.1 2.10 0.12
839 982.346 68.3 2.00 0.10
840 982.524 61.4 2.00 0.14
841 982.899 92.2 2.04 0.13
842 983.998 75.1 2.06 0.14
843 984.135 51.2 2.03 0.13
844 985.111 81.9 2.05 0.14
845 985.821 88.7 2.09 0.13
846 986.053 63.1 2.04 0.11
847 987.480 75.1 2.09 0.10
848 988.313 81.9 2.06 0.12
849 988.852 68.3 2.03 0.10
850 989.200 88.7 2.14 0.03
851 989.460 54.6 2.09 0.10
852 989.787 81.9 2.13 0.02
853 989.903 61.4 2.13 -0.00
854 990.006 51.2 2.08 0.05
855 990.074 18.8 2.11 0.11
856 991.371 35.8 2.10 0.10
857 992.361 75.1 2.13 -0.01
858 992.784 95.6 2.14 -0.01
859 993.132 58.0 2.09 0.05
860 995.003 81.9 2.08 0.01
861 995.665 81.9 2.11 0.11
862 998.601 109.2 2.15 -0.02
863 1001.563 47.8 2.11 0.04
864 1002.464 68.3 2.10 0.02
865 1003.529 81.9 2.06 0.01
866 1003.686 54.6 2.09 0.03
867 1004.779 35.8 2.09 0.04
868 1006.362 75.1 2.09 0.03
869 1006.629 92.2 2.11 0.02
870 1007.550 52.9 2.16 -0.02
871 1008.042 80.2 2.10 0.01
872 1010.534 78.5 2.12 0.06
873 1011.421 88.7 2.11 -0.08
874 1012.104 81.9 2.14 0.03
875 1013.408 75.1 2.17 -0.01
876 1014.240 63.1 2.18 -0.03
877 1015.019 68.3 2.22 -0.04
878 1015.183 110.9 2.12 -0.05
879 1015.619 35.8 2.25 -0.01
880 1016.985 68.3 2.08 0.05
881 1017.940 126.3 2.23 -0.14
882 1018.848 51.2 2.10 -0.09
883 1020.084 68.3 2.08 -0.11
884 1020.664 95.6 2.14 -0.07
885 1022.228 80.2 2.14 -0.06
886 1023.122 63.1 2.08 -0.03
887 1024.173 75.1 2.12 0.00
888 1027.006 75.1 2.09 -0.00
889 1027.354 78.5 2.09 0.00
890 1027.778 134.8 2.09 0.03
891 1029.423 109.2 2.10 -0.04
892 1029.908 93.9 2.07 -0.06
893 1030.283 61.4 2.02 -0.06
894 1031.532 95.6 2.01 -0.00
895 1031.669 63.1 2.02 0.01
896 1031.819 71.7 2.05 0.01
897 1032.031 116.1 2.00 -0.03
898 1034.113 68.3 1.96 0.04
899 1035.867 218.5 2.06 -0.05
900 1036.495 63.1 2.03 -0.07
901 1037.274 71.7 2.04 -0.09
902 1037.943 68.3 2.08 -0.13
903 1040.236 95.6 2.04 -0.13
904 1042.407 49.5 2.09 -0.04
905 1042.660 32.4 2.07 -0.02
906 1043.343 64.9 2.06 -0.07
907 1044.155 58.0 2.12 -0.06
908 1044.974 102.4 2.07 -0.09
909 1046.674 81.9 2.06 -0.07
910 1046.783 71.7 2.02 -0.02
911 1047.493 81.9 1.96 0.04
912 1048.449 105.8 2.06 0.08
913 1051.180 41.0 1.98 0.00
914 1051.255 70.0 2.00 0.05
915 1051.357 85.3 2.05 0.01
916 1052.135 44.4 2.06 -0.01
917 1053.835 102.4 2.02 -0.03
918 1054.252 102.4 1.97 -0.07
919 1055.030 93.9 1.94 0.11
920 1055.467 76.8 2.00 0.06
921 1057.542 39.3 1.98 -0.11
922 1057.795 68.3 1.99 -0.12
923 1058.832 153.6 1.85 -0.02
924 1063.311 47.8 1.91 -0.12
925 1063.973 73.4 1.86 0.02
926 1064.498 56.3 1.86 0.03
927 1067.721 92.2 1.88 -0.06
928 1071.318 93.9 1.99 -0.11
929 1072.042 95.6 1.98 -0.12
930 1072.281 95.6 2.03 -0.17
931 1073.571 70.0 1.97 -0.17
932 1077.346 78.5 1.95 -0.11
933 1077.510 64.9 1.94 -0.06
934 1079.353 49.5 1.89 -0.05
935 1080.166 35.8 1.85 -0.09
936 1080.261 114.3 1.94 -0.05
937 1080.637 73.4 1.96 -0.05
938 1082.534 81.9 2.02 -0.01
939 1082.964 58.0 1.93 -0.09
940 1083.982 41.0 1.92 -0.17
941 1084.835 68.3 2.08 -0.14
942 1085.006 122.9 2.07 -0.14
943 1085.572 75.1 2.15 -0.07
944 1085.879 75.1 2.19 -0.04
945 1086.501 81.9 2.20 -0.05
946 1087.402 75.1 2.21 -0.09
947 1090.528 35.8 2.12 -0.06
948 1091.293 88.7 2.14 -0.09
949 1093.778 59.7 2.12 -0.09
950 1095.744 81.9 2.23 -0.12
951 1095.846 41.0 2.14 -0.04
952 1096.672 80.2 2.25 -0.10
953 1097.628 63.1 2.16 -0.01
954 1098.598 61.4 2.16 0.02
955 1098.946 88.7 2.18 0.08
956 1099.724 75.1 2.18 0.07
957 1102.202 83.6 2.11 0.02
958 1104.093 68.3 2.09 0.03
959 1105.199 73.4 2.13 0.04
960 1105.540 64.9 2.05 0.07
961 1105.656 51.2 2.01 0.09
962 1107.076 92.2 2.18 0.01
963 1107.957 59.7 2.12 -0.00
964 1108.817 87.0 2.09 -0.02
965 1111.821 80.2 2.20 -0.04
966 1112.538 71.7 2.12 -0.05
967 1113.903 47.8 2.14 -0.05
968 1115.139 58.0 2.09 -0.02
969 1115.282 64.9 2.11 -0.02
970 1115.862 61.4 2.16 -0.03
971 1116.518 64.9 2.15 0.03
972 1117.023 73.4 2.09 0.01
973 1117.125 58.0 2.15 0.01
974 1117.405 64.9 2.16 -0.05
975 1119.023 78.5 2.06 -0.03
976 1119.153 47.8 2.12 -0.03
977 1121.105 76.8 2.00 0.00
978 1122.784 49.5 2.10 0.06
979 1123.406 59.7 2.11 0.09
980 1123.747 81.9 2.11 0.05
981 1124.341 61.4 2.16 0.01
982 1125.338 58.0 2.15 -0.01
983 1127.304 64.9 2.13 0.03
984 1128.027 75.1 2.10 -0.02
985 1128.683 85.3 2.07 0.01
986 1130.594 81.9 2.05 0.03
987 1132.267 136.5 2.07 0.01
988 1133.093 51.2 2.03 0.03
989 1133.652 54.6 2.08 -0.01
990 1138.151 87.0 2.14 0.12
991 1138.998 56.3 2.15 0.05
992 1139.578 52.9 2.23 0.04
993 1140.752 85.3 2.18 -0.03
994 1140.977 75.1 2.19 -0.04
995 1142.944 52.9 2.14 0.05
996 1143.087 102.4 2.19 0.08
997 1144.118 42.7 2.14 0.06
998 1146.234 75.1 2.16 0.09
999 1147.395 63.1 2.06 0.07
1000 1148.500 81.9 2.10 0.12
1001 1149.135 80.2 2.13 0.10
1002 1150.439 88.7 2.10 0.14
1003 1150.596 143.4 2.09 0.12
1004 1151.033 81.9 2.07 0.11
1005 1151.511 70.0 2.10 0.10
1006 1151.586 51.2 2.10 0.13
1007 1152.358 70.0 2.06 0.04
1008 1154.365 39.3 2.08 -0.02
1009 1157.314 42.7 2.07 0.07
1010 1157.682 81.9 2.01 0.08
1011 1159.573 46.1 2.04 0.10
1012 1161.109 78.5 2.16 0.04
1013 1161.642 116.1 2.11 -0.04
1014 1163.936 52.9 2.22 0.19
1015 1164.420 81.9 2.09 0.21
1016 1165.055 52.9 2.08 0.22
1017 1166.482 51.2 2.18 0.11
1018 1166.530 17.1 2.17 0.12
1019 1166.816 81.9 2.10 0.14
1020 1169.929 56.3 2.24 0.07
1021 1170.011 59.7 2.23 0.07
1022 1171.158 81.9 2.28 0.08
1023 1171.704 46.1 2.27 -0.05
1024 1173.015 81.9 2.28 0.01
1025 1173.111 44.4 2.25 0.00
1026 1173.875 75.1 2.15 -0.01
1027 1175.596 68.3 2.23 0.00
1028 1178.060 35.8 2.12 0.16
1029 1178.961 52.9 2.08 0.15
1030 1180.763 136.5 2.17 0.05
1031 1183.098 61.4 2.09 0.03
1032 1183.842 110.9 2.08 0.09
1033 1184.033 39.3 2.08 0.07
1034 1188.484 58.0 2.19 0.07
1035 1189.235 64.9 2.14 0.12
1036 1189.979 64.9 2.13 0.12
1037 1191.106 97.3 2.21 0.23
1038 1191.686 75.1 2.22 0.13
1039 1192.184 109.2 2.03 0.27
1040 1192.771 75.1 2.03 0.29
1041 1193.864 46.1 2.08 0.28
1042 1194.895 46.1 2.15 0.23
1043 1195.789 90.5 2.20 0.16
1044 1196.007 59.7 2.22 0.09
1045 1197.072 81.9 2.19 0.06
1046 1197.318 131.4 2.13 0.16
1047 1197.905 66.6 2.14 0.09
1048 1198.868 61.4 2.14 0.13
1049 1200.274 75.1 2.08 0.24
1050 1200.731 68.3 1.99 0.18
1051 1201.086 30.7 1.97 0.21
1052 1202.301 73.4 2.03 0.27
1053 1204.704 68.3 2.02 0.18
1054 1210.773 102.4 2.06 0.17
1055 1217.702 109.2 2.02 -0.02
1056 1218.522 68.3 2.11 0.07
1057 1220.768 75.1 2.08 0.02
1058 1224.474 81.9 2.12 0.21
1059 1224.741 99.0 2.12 0.19
1060 1226.167 78.5 2.08 0.08
1061 1226.905 85.3 2.04 0.16
1062 1227.328 71.7 2.15 0.11
1063 1227.444 64.9 2.12 0.11
1064 1227.560 71.7 2.11 0.09
1065 1230.072 71.7 2.13 0.05
1066 1230.537 56.3 2.11 -0.01
1067 1232.755 71.7 2.09 0.01
1068 1235.793 75.1 2.10 0.09
1069 1236.626 75.1 2.01 0.06
1070 1237.691 68.3 2.01 -0.15
1071 1238.257 68.3 2.02 -0.11
1072 1238.606 88.7 2.13 -0.11
1073 1239.377 75.1 2.02 0.02
1074 1241.384 80.2 2.12 0.05
1075 1245.057 49.5 2.12 -0.08
1076 1250.122 204.8 2.04 -0.09
1077 1250.313 61.4 2.09 0.01
1078 1251.365 46.1 1.99 -0.03
1079 1252.088 58.0 2.05 0.04
1080 1252.525 63.1 1.94 0.11
1081 1252.751 109.2 1.97 0.06
1082 1253.194 68.3 1.99 0.07
1083 1253.420 54.6 2.03 0.09
1084 1254.935 122.9 2.05 -0.12
1085 1255.877 110.9 2.15 -0.08
1086 1261.598 49.5 1.90 0.14
1087 1261.844 78.5 2.01 -0.04
1088 1263.994 56.3 2.05 -0.12
1089 1268.240 81.9 2.07 0.03
1090 1268.964 81.9 2.10 -0.08
1091 1269.100 78.5 2.10 -0.08
1092 1269.387 68.3 2.09 0.01
1093 1272.036 58.0 1.96 0.03
1094 1272.207 75.1 1.97 0.04
1095 1273.790 102.4 2.01 -0.05
1096 1274.377 114.3 1.99 -0.05
1097 1275.128 71.7 1.99 -0.06
1098 1277.961 63.1 2.13 0.05
1099 1278.753 92.2 2.07 0.04
1100 1278.856 51.2 2.11 0.10
1101 1280.037 70.0 2.09 0.00
1102 1281.129 119.5 2.10 0.06
1103 1282.228 122.9 2.08 -0.05
1104 1284.836 59.7 2.01 -0.14
1105 1285.648 71.7 1.99 -0.16
1106 1286.044 63.1 1.99 -0.18
1107 1288.297 32.4 2.09 -0.06
1108 1288.932 92.2 2.09 0.05
1109 1289.246 58.0 2.10 0.05
1110 1291.328 73.4 2.12 -0.15
1111 1293.342 88.7 2.12 0.04
1112 1293.690 73.4 2.13 0.01
1113 1294.857 121.2 2.20 0.00
1114 1295.342 56.3 2.16 -0.01
1115 1296.516 56.3 2.16 -0.07
1116 1296.953 88.7 2.09 -0.09
1117 1297.103 68.3 2.10 -0.02
1118 1297.690 136.5 2.09 -0.04
1119 1298.783 88.7 2.15 0.02
1120 1300.312 93.9 2.02 -0.08
1121 1301.629 99.0 2.10 0.05
1122 1302.203 63.1 2.04 0.02
1123 1302.271 44.4 2.04 -0.00
1124 1302.483 59.7 2.06 -0.00
1125 1303.077 102.4 2.03 0.01
1126 1304.524 73.4 1.95 0.00
1127 1304.660 54.6 2.09 -0.12
1128 1305.725 59.7 2.07 -0.06
1129 1308.995 75.1 2.15 -0.12
1130 1309.617 68.3 2.16 -0.08
1131 1311.692 88.7 2.20 -0.02
1132 1312.156 102.4 2.14 -0.04
1133 1312.497 71.7 2.19 -0.04
1134 1315.208 66.6 2.13 -0.04
1135 1316.136 68.3 2.18 -0.03
1136 1318.730 95.6 2.19 0.01
1137 1318.908 68.3 2.17 0.01
1138 1322.205 68.3 2.18 0.06
1139 1323.079 61.4 2.05 0.07
1140 1323.379 80.2 2.17 0.13
1141 1324.506 76.8 2.16 0.07
1142 1324.731 80.2 2.20 0.07
1143 1325.018 136.5 2.21 0.05
1144 1327.639 76.8 2.26 -0.00
1145 1328.513 56.3 2.26 0.01
1146 1332.957 80.2 2.16 -0.07
1147 1333.483 81.9 2.07 -0.04
1148 1333.694 119.5 2.07 -0.05
1149 1334.159 92.2 2.11 -0.07
1150 1334.630 109.2 2.15 -0.10
1151 1337.347 52.9 2.20 -0.01
1152 1337.811 68.3 2.14 0.02
1153 1340.569 109.2 2.11 0.08
1154 1341.313 81.9 2.17 0.03
1155 1341.538 80.2 2.11 0.06
1156 1342.214 42.7 2.11 0.12
1157 1343.204 30.7 2.23 0.05
1158 1343.627 81.9 2.06 0.12
1159 1345.737 51.2 2.04 0.08
1160 1346.351 75.1 2.06 0.15
1161 1346.924 83.6 2.06 0.14
1162 1347.409 88.7 2.06 0.12
1163 1347.580 58.0 2.06 0.11
1164 1348.843 119.5 2.15 0.07
1165 1349.054 95.6 2.21 0.17
1166 1350.413 66.6 2.13 0.15
1167 1350.679 75.1 2.11 0.11
1168 1352.099 68.3 2.22 0.06
1169 1352.829 75.1 2.12 0.09
1170 1353.116 75.1 2.20 0.13
1171 1353.997 64.9 2.14 0.12
1172 1354.188 71.7 2.17 0.11
1173 1354.454 51.2 2.13 0.15
1174 1355.014 68.3 2.03 0.20
1175 1356.925 63.1 2.13 0.21
1176 1358.625 75.1 2.25 0.01
1177 1360.073 61.4 2.16 0.05
1178 1362.851 87.0 2.09 0.10
1179 1365.418 64.9 2.25 0.13
1180 1365.561 68.3 2.03 0.13
1181 1366.981 44.4 2.09 -0.05
1182 1367.200 71.7 2.15 0.06
1183 1368.367 73.4 2.20 0.00
1184 1368.517 110.9 2.18 0.03
1185 1370.579 41.0 2.25 -0.03
1186 1370.654 58.0 2.27 -0.04
1187 1372.681 87.0 2.21 0.09
1188 1373.214 78.5 2.21 -0.01
1189 1374.429 129.7 2.21 0.07
1190 1375.794 44.4 2.26 -0.00
1191 1376.115 68.3 2.22 0.03
1192 1377.112 102.4 2.24 0.02
1193 1378.102 75.1 2.20 0.00
1194 1378.505 63.1 2.20 -0.00
1195 1378.914 68.3 2.16 -0.01
1196 1381.385 88.7 2.08 0.07
1197 1381.904 64.9 2.11 0.04
1198 1387.632 68.3 2.14 0.03
1199 1387.878 66.6 2.21 -0.04
1200 1388.314 109.2 2.19 -0.00
1201 1389.618 59.7 2.11 0.04
1202 1390.014 58.0 2.17 0.01
1203 1391.148 59.7 2.16 -0.04
1204 1392.772 81.9 2.14 0.03
1205 1393.448 75.1 2.07 0.03
1206 1393.830 75.1 2.12 0.02
1207 1394.820 88.7 2.06 0.09
1208 1395.073 81.9 2.07 0.06
1209 1395.489 66.6 2.10 0.04
1210 1397.230 68.3 2.06 0.03
1211 1397.428 201.4 2.05 0.03
1212 1397.892 116.1 2.05 0.09
1213 1398.165 116.1 2.09 0.09
1214 1399.176 93.9 2.17 0.05
1215 1400.357 122.9 2.08 0.05
1216 1401.783 58.0 2.18 0.06
1217 1402.227 68.3 2.20 0.06
1218 1403.838 64.9 2.06 0.05
1219 1404.227 78.5 2.13 -0.01
1220 1407.900 116.1 2.07 0.02
1221 1409.764 63.1 2.17 -0.03
1222 1410.221 88.7 2.12 0.00
1223 1411.286 92.2 2.13 -0.05
1224 1414.624 75.1 2.12 0.10
1225 1416.522 64.9 2.18 0.01
1226 1417.266 88.7 2.10 -0.01
1227 1418.270 68.3 2.18 0.03
1228 1419.369 51.2 2.20 0.08
1229 1419.465 49.5 2.19 0.07
1230 1419.765 56.3 2.25 0.11
1231 1420.325 58.0 2.26 0.04
1232 1421.035 61.4 2.21 0.07
1233 1421.690 47.8 2.21 0.07
1234 1422.380 63.1 2.25 0.08
1235 1422.598 99.0 2.21 0.03
1236 1424.414 58.0 2.13 0.16
1237 1427.732 109.2 2.11 0.05
1238 1428.237 68.3 2.06 0.08
1239 1428.360 59.7 2.10 0.13
1240 1429.261 78.5 2.00 0.04
1241 1430.210 75.1 2.10 0.09
1242 1431.322 68.3 2.08 0.11
1243 1432.824 88.7 2.08 0.13
1244 1434.026 61.4 2.09 0.10
1245 1438.798 88.7 2.11 0.00
1246 1440.156 70.0 1.99 0.00
1247 1442.177 66.6 2.11 0.07
1248 1444.491 119.5 1.99 0.07
1249 1445.269 92.2 2.03 0.04
1250 1447.877 90.5 1.92 0.04
1251 1449.604 80.2 1.97 0.00
1252 1449.857 88.7 2.04 0.00
1253 1450.383 73.4 1.97 0.08
1254 1451.488 70.0 1.98 0.12
1255 1451.625 71.7 1.99 0.10
1256 1451.987 157.0 1.98 0.19
1257 1452.390 58.0 1.99 0.18
1258 1452.724 49.5 1.98 0.17
1259 1458.267 76.8 2.02 0.05
1260 1459.080 61.4 2.04 0.09
1261 1462.807 81.9 2.04 0.06
1262 1464.671 78.5 1.94 -0.02
1263 1466.364 92.2 2.02 0.01
1264 1468.173 68.3 1.95 0.04
1265 1468.330 66.6 2.02 0.02
1266 1469.620 97.3 1.93 -0.01
1267 1470.774 58.0 1.99 0.03
1268 1470.992 81.9 1.99 0.01
1269 1471.545 68.3 2.01 0.01
1270 1474.822 88.7 2.02 -0.01
1271 1479.123 71.7 2.06 0.01
1272 1480.556 100.7 2.08 -0.00
1273 1481.027 51.2 2.06 -0.02
1274 1482.782 35.8 2.04 0.03
1275 1484.966 102.4 2.01 0.03
1276 1485.253 75.1 2.02 0.09
1277 1488.557 47.8 2.10 0.05
1278 1488.967 78.5 2.07 -0.01
1279 1491.104 70.0 2.09 0.06
1280 1493.452 75.1 2.04 0.05
1281 1493.657 66.6 2.07 0.04
1282 1494.141 85.3 2.00 0.07
1283 1497.336 64.9 2.02 0.03
1284 1497.882 81.9 2.02 0.18
1285 1501.241 54.6 2.29 0.13
1286 1502.811 75.1 2.18 0.11
1287 1503.385 73.4 2.27 0.12
1288 1503.665 85.3 2.22 0.06
1289 1505.515 42.7 2.03 -0.05
1290 1505.836 81.9 1.98 -0.09
1291 1506.095 76.8 2.06 -0.10
1292 1506.757 73.4 2.10 0.06
1293 1508.914 68.3 2.13 0.08
1294 1510.191 81.9 2.01 0.04
1295 1511.481 85.3 2.12 0.04
1296 1512.451 63.1 2.07 0.02
1297 1512.539 88.7 2.09 0.02
1298 1513.481 95.6 2.11 0.03
1299 1518.479 71.7 2.13 0.01
1300 1518.881 80.2 2.06 0.06
1301 1522.793 102.4 2.16 0.01
1302 1523.428 75.1 2.17 -0.03
1303 1524.295 51.2 2.21 -0.03
1304 1524.500 63.1 2.18 -0.02
1305 1524.595 64.9 2.15 -0.00
1306 1525.039 80.2 2.17 0.02
1307 1528.596 44.4 2.16 0.01
1308 1530.207 61.4 2.11 -0.00
1309 1530.883 76.8 2.11 -0.09
1310 1531.579 71.7 2.14 -0.06
1311 1533.504 170.7 2.12 0.01
1312 1535.675 75.1 2.11 0.02
1313 1536.508 61.4 2.10 -0.02
1314 1538.679 93.9 2.18 0.06
1315 1538.836 85.3 2.14 0.06
1316 1542.440 49.5 2.17 -0.02
1317 1542.495 17.1 2.17 -0.03
1318 1543.095 109.2 2.20 -0.01
1319 1543.252 88.7 2.21 -0.01
1320 1543.355 64.9 2.18 0.02
1321 1547.676 71.7 2.06 0.03
1322 1547.990 70.0 2.07 0.07
1323 1548.714 143.4 2.13 0.13
1324 1548.980 81.9 2.13 0.13
1325 1551.390 81.9 2.05 0.09
1326 1556.380 114.3 1.97 0.13
1327 1556.489 95.6 2.01 0.13
1328 1556.995 88.7 2.02 0.02
1329 1558.401 88.7 2.06 0.10
1330 1558.749 49.5 2.12 0.04
1331 1559.165 88.7 2.17 0.08
1332 1559.889 73.4 2.13 -0.03
1333 1561.637 109.2 2.18 0.08
1334 1562.196 68.3 2.07 -0.02
1335 1563.323 75.1 2.12 0.01
1336 1564.873 78.5 2.10 -0.08
1337 1565.514 97.3 2.12 -0.05
1338 1565.951 68.3 2.09 -0.03
1339 1566.135 66.6 2.07 -0.03
1340 1566.661 68.3 2.06 -0.01
1341 1566.804 30.7 2.01 0.04
1342 1568.149 150.2 2.00 0.02
1343 1569.139 97.3 2.07 -0.06
1344 1570.853 64.9 2.09 -0.04
1345 1571.549 117.8 2.14 0.03
1346 1571.692 71.7 2.15 0.01
1347 1572.894 75.1 2.07 0.01
1348 1573.488 73.4 2.05 0.04
1349 1578.430 88.7 2.15 0.10
1350 1578.997 51.2 2.09 0.07
1351 1579.550 71.7 2.12 0.08
1352 1582.519 92.2 2.06 -0.03
1353 1582.649 70.0 2.06 0.01
1354 1582.813 54.6 2.11 0.04
1355 1586.063 75.1 2.02 -0.02
1356 1588.711 64.9 1.90 -0.06
1357 1590.889 34.1 2.00 -0.00
1358 1590.937 30.7 2.06 -0.01
1359 1592.377 56.3 2.11 0.04
1360 1592.876 54.6 2.07 0.05
1361 1593.463 87.0 1.98 -0.07
1362 1593.551 39.3 2.06 -0.07
1363 1593.804 39.3 2.13 0.06
1364 1596.664 66.6 1.98 0.03
1365 1598.391 30.7 2.21 0.10
1366 1599.334 78.5 2.15 0.02
1367 1600.562 85.3 2.16 0.02
1368 1600.726 49.5 2.14 0.02
1369 1601.607 29.0 2.10 0.02
1370 1601.661 25.6 2.13 0.02
1371 1602.658 75.1 2.09 0.12
1372 1603.197 34.1 2.18 0.12
1373 1604.788 99.0 2.06 0.13
1374 1606.256 70.0 2.00 0.03
1375 1607.990 75.1 1.99 0.02
1376 1608.918 88.7 1.98 0.08
1377 1609.929 81.9 1.98 0.03
1378 1610.359 88.7 2.01 0.01
1379 1610.475 122.9 1.98 0.05
1380 1610.584 46.1 2.04 0.07
1381 1610.693 88.7 2.01 0.06
1382 1610.809 64.9 2.04 0.01
1383 1611.294 61.4 2.00 0.01
1384 1611.990 73.4 1.96 0.01
1385 1613.881 35.8 2.02 -0.04
1386 1615.875 92.2 1.98 0.01
1387 1617.151 68.3 1.92 0.10
1388 1617.998 64.9 1.95 0.03
1389 1619.110 78.5 1.98 0.05
1390 1624.524 83.6 2.09 0.03
1391 1628.640 75.1 2.09 -0.10
1392 1629.821 46.1 2.16 -0.11
1393 1630.975 80.2 2.16 -0.10
1394 1631.706 80.2 2.19 -0.16
1395 1632.265 64.9 2.08 -0.10
1396 1632.422 66.6 2.09 -0.08
1397 1634.860 81.9 2.11 -0.15
1398 1636.901 37.5 2.06 -0.09
1399 1640.655 88.7 2.19 -0.09
1400 1642.348 42.7 2.08 0.01
1401 1642.410 30.7 2.10 0.01
1402 1643.413 88.7 2.15 -0.00
1403 1643.659 112.6 2.15 -0.00
1404 1648.158 54.6 2.02 -0.06
1405 1649.810 75.1 2.16 0.02
1406 1652.029 73.4 2.12 0.04
1407 1653.517 75.1 2.16 0.08
1408 1654.828 75.1 2.12 0.05
1409 1655.708 87.0 2.15 0.04
1410 1657.347 41.0 2.11 0.00
1411 1658.002 116.1 2.04 0.08
1412 1659.347 52.9 2.09 -0.04
1413 1659.531 23.9 2.11 -0.03
1414 1659.777 81.9 2.12 0.04
1415 1660.241 75.1 2.13 -0.12
1416 1662.098 64.9 2.11 0.04
1417 1664.528 63.1 2.15 -0.03
1418 1664.965 59.7 2.13 -0.02
1419 1666.829 58.0 2.30 -0.13
1420 1669.013 88.7 2.23 0.01
1421 1669.286 81.9 2.22 0.03
1422 1669.785 73.4 2.12 0.05
1423 1670.502 92.2 2.19 -0.03
1424 1671.956 88.7 2.14 -0.04
1425 1673.260 70.0 2.12 -0.04
1426 1673.369 68.3 2.10 -0.04
1427 1674.031 70.0 2.14 -0.02
1428 1674.768 78.5 2.23 0.04
1429 1676.017 42.7 2.20 0.00
1430 1677.779 56.3 2.09 0.01
1431 1679.267 78.5 2.17 -0.03
1432 1679.479 122.9 2.08 -0.06
1433 1679.847 64.9 2.16 0.06
1434 1682.947 83.6 2.04 0.11
1435 1683.110 70.0 2.10 0.09
1436 1686.742 61.4 2.21 0.04
1437 1689.398 88.7 2.18 0.08
1438 1689.548 88.7 2.19 0.08
1439 1694.306 73.4 2.13 -0.05
1440 1694.893 99.0 2.10 -0.05
1441 1696.252 68.3 2.12 -0.07
1442 1696.846 64.9 2.07 -0.02
1443 1697.433 71.7 2.11 -0.04
1444 1698.409 41.0 2.14 0.04
1445 1699.440 134.8 2.17 0.06
1446 1699.808 102.4 2.13 0.07
1447 1700.273 59.7 2.19 0.00
1448 1700.389 56.3 2.20 0.06
1449 1702.635 109.2 2.15 -0.08
1450 1703.304 70.0 2.22 -0.02
1451 1703.406 92.2 2.22 0.06
1452 1705.830 71.7 2.09 0.04
1453 1706.881 66.6 2.15 0.06
1454 1708.547 58.0 2.11 0.07
1455 1708.983 92.2 2.20 0.04
1456 1709.420 88.7 2.17 0.01
1457 1710.028 56.3 2.20 -0.00
1458 1711.236 63.1 2.18 -0.01
1459 1711.612 66.6 2.12 0.04
1460 1711.823 76.8 2.17 0.04
1461 1712.998 51.2 2.14 -0.01
1462 1713.469 88.7 2.19 0.03
1463 1713.667 49.5 2.18 0.02
1464 1714.103 58.0 2.20 0.03
1465 1716.745 68.3 2.31 0.09
1466 1716.943 44.4 2.24 -0.03
1467 1718.452 83.6 2.20 0.06
1468 1722.070 68.3 2.15 0.04
1469 1722.432 88.7 2.16 0.05
1470 1723.907 70.0 2.16 -0.00
1471 1727.996 88.7 2.14 0.07
1472 1728.924 68.3 2.10 -0.01
1473 1729.143 81.9 2.09 0.00
1474 1729.341 95.6 2.06 0.05
1475 1729.607 18.8 2.08 0.05
1476 1730.112 59.7 2.17 0.05
1477 1734.522 75.1 2.03 -0.04
1478 1737.519 64.9 2.02 0.01
1479 1742.345 66.6 2.14 0.04
1480 1743.499 90.5 2.09 0.16
1481 1744.284 90.5 2.05 0.11
1482 1746.189 88.7 2.06 0.06
1483 1748.373 85.3 2.05 0.05
1484 1749.998 78.5 2.16 0.03
1485 1750.565 51.2 2.06 0.03
1486 1750.688 42.7 2.10 -0.03
1487 1751.043 68.3 2.10 -0.06
1488 1753.118 81.9 2.12 0.03
1489 1755.562 75.1 2.04 0.06
1490 1756.115 105.8 2.04 0.03
1491 1757.105 107.5 2.14 0.11
1492 1757.432 47.8 2.05 0.12
1493 1757.897 71.7 2.06 0.06
1494 1758.176 75.1 2.10 0.07
1495 1759.624 66.6 2.07 0.03
1496 1761.023 78.5 2.08 0.09
1497 1761.931 99.0 2.08 0.09
1498 1762.423 68.3 2.14 0.09
1499 1763.453 49.5 2.10 0.09
1500 1763.583 58.0 2.12 0.14
1501 1764.129 71.7 2.16 0.17
1502 1765.215 71.7 2.10 0.20
1503 1766.273 46.1 2.13 0.12
1504 1769.017 85.3 2.09 0.09
1505 1771.980 80.2 2.08 0.12
1506 1772.977 71.7 2.23 0.00
1507 1773.414 56.3 2.14 0.10
1508 1777.837 81.9 2.18 0.04
1509 1778.001 54.6 2.14 0.05
1510 1778.424 81.9 2.15 -0.08
1511 1780.691 63.1 2.10 0.08
1512 1780.937 76.8 2.03 0.11
1513 1781.865 51.2 2.25 0.08
1514 1782.889 75.1 2.15 0.03
1515 1784.111 75.1 2.13 -0.03
1516 1784.295 61.4 2.20 -0.07
1517 1787.763 75.1 2.10 0.14
1518 1787.982 71.7 2.21 0.15
1519 1788.917 81.9 2.06 0.02
1520 1789.531 71.7 2.09 0.07
1521 1790.439 64.9 2.07 0.02
1522 1793.859 37.5 2.01 0.01
1523 1795.143 66.6 2.11 0.05
1524 1795.409 75.1 2.09 0.05
1525 1797.580 81.9 2.10 -0.11
1526 1797.921 75.1 2.15 -0.16
1527 1798.775 71.7 2.09 -0.11
1528 1799.423 78.5 2.09 -0.12
1529 1801.123 80.2 2.13 -0.06
1530 1801.567 17.1 2.09 -0.10
1531 1802.645 68.3 2.12 -0.12
1532 1802.891 75.1 2.15 -0.14
1533 1804.004 63.1 2.24 -0.05
1534 1806.093 95.6 2.18 0.01
1535 1806.229 83.6 2.20 0.01
1536 1806.632 75.1 2.20 0.05
1537 1808.940 78.5 2.15 0.03
1538 1810.141 76.8 2.17 0.05
1539 1811.165 58.0 2.11 0.10
1540 1811.814 68.3 2.13 0.08
1541 1815.043 63.1 2.02 -0.10
1542 1816.640 97.3 2.15 -0.03
1543 1817.964 104.1 2.08 -0.03
1544 1818.470 75.1 2.13 0.04
1545 1821.071 81.9 2.17 0.02
1546 1821.330 78.5 2.11 0.02
1547 1822.955 81.9 2.08 0.05
1548 1826.300 54.6 2.13 0.03
1549 1826.573 80.2 2.12 0.04
1550 1827.563 88.7 2.13 -0.03
1551 1827.754 150.2 2.12 0.01
1552 1828.505 52.9 2.12 -0.03
1553 1828.771 64.9 2.11 -0.07
1554 1831.194 68.3 2.04 -0.06
1555 1835.666 64.9 2.08 -0.01
1556 1837.639 76.8 2.00 -0.09
1557 1837.878 46.1 2.10 -0.09
1558 1837.980 52.9 2.05 -0.07
1559 1839.509 90.5 1.97 -0.07
1560 1840.055 64.9 1.91 -0.02
1561 1844.513 71.7 1.90 0.03
1562 1844.984 59.7 1.94 0.12
1563 1846.425 83.6 2.02 -0.01
1564 1847.715 119.5 2.02 0.06
1565 1849.804 99.0 1.92 0.01
1566 1855.839 81.9 1.93 -0.05
1567 1856.125 88.7 1.93 -0.05
1568 1856.296 85.3 1.90 -0.05
1569 1857.436 58.0 1.96 0.00
1570 1857.757 51.2 1.89 0.03
1571 1862.133 95.6 1.93 -0.14
1572 1864.686 63.1 2.01 -0.01
1573 1865.492 129.7 2.00 0.04
1574 1866.236 78.5 1.96 0.05
1575 1866.406 75.1 1.96 0.05
1576 1867.246 75.1 2.08 0.12
1577 1867.717 64.9 2.10 0.14
1578 1868.605 58.0 2.22 0.09
1579 1872.653 75.1 2.11 0.01
1580 1875.315 81.9 2.12 -0.01
1581 1876.524 61.4 2.12 0.12
1582 1877.117 81.9 2.21 0.01
1583 1877.350 75.1 2.18 -0.01
1584 1883.555 68.3 2.25 0.15
1585 1884.538 76.8 2.03 0.07
1586 1887.610 64.9 2.03 -0.02
1587 1889.378 87.0 2.17 -0.17
1588 1893.884 105.8 2.10 -0.07
1589 1894.068 139.9 1.99 0.02
1590 1894.928 122.9 2.16 0.03
1591 1896.833 129.7 2.19 -0.08
1592 1899.891 58.0 2.11 -0.16
1593 1900.069 83.6 2.08 -0.16
1594 1901.530 49.5 2.22 -0.03
1595 1901.946 88.7 2.20 0.05
1596 1902.717 80.2 2.29 0.05
1597 1904.656 88.7 2.19 -0.06
1598 1905.011 66.6 2.15 -0.04
1599 1906.704 88.7 2.35 0.04
1600 1908.718 61.4 2.24 0.03
1601 1909.551 61.4 2.14 -0.09
1602 1911.831 75.1 2.29 -0.14
1603 1912.398 30.7 2.24 -0.15
1604 1913.265 66.6 2.18 0.01
1605 1914.384 41.0 2.17 -0.01
1606 1915.893 64.9 2.19 -0.04
1607 1916.268 29.0 2.05 -0.13
1608 1916.330 63.1 2.11 -0.10
1609 1916.480 81.9 2.08 -0.16
1610 1917.524 81.9 2.15 -0.11
1611 1918.992 68.3 2.06 -0.15
1612 1919.163 87.0 2.08 -0.11
1613 1919.293 81.9 2.09 -0.17
1614 1927.560 75.1 1.80 -0.21
1615 1928.201 78.5 1.83 -0.20
1616 1928.556 117.8 1.94 -0.15
1617 1929.068 68.3 2.01 -0.09
1618 1930.734 81.9 1.99 -0.07
1619 1931.744 58.0 1.91 -0.12
1620 1932.987 68.3 1.98 -0.21
1621 1933.171 78.5 1.96 -0.12
1622 1935.656 75.1 1.94 -0.10
1623 1937.513 78.5 1.96 -0.11
1624 1940.182 35.8 1.95 -0.07
1625 1940.906 64.9 1.99 -0.08
1626 1942.176 61.4 2.07 -0.06
1627 1943.718 102.4 2.09 -0.06
1628 1944.203 75.1 1.95 0.04
1629 1944.647 78.5 1.98 0.03
1630 1944.988 81.9 2.08 0.01
1631 1947.507 109.2 1.98 -0.07
1632 1947.896 63.1 1.96 -0.10
1633 1952.764 47.8 2.04 -0.06
1634 1953.009 52.9 2.00 -0.19
1635 1953.248 71.7 2.04 -0.14
1636 1953.767 63.1 1.93 -0.14
1637 1955.372 63.1 2.17 -0.04
1638 1956.710 71.7 2.18 -0.01
1639 1957.775 73.4 2.07 -0.18
1640 1959.338 61.4 2.15 -0.07
1641 1960.164 81.9 1.97 -0.08
1642 1962.123 64.9 2.14 -0.03
1643 1962.348 100.7 2.13 -0.08
1644 1964.048 75.1 2.12 -0.04
1645 1964.943 37.5 2.22 -0.04
1646 1965.059 68.3 2.17 -0.04
1647 1966.758 88.7 2.18 -0.03
1648 1966.929 51.2 2.17 -0.10
1649 1969.578 85.3 2.21 0.08
1650 1970.882 59.7 2.19 0.05
1651 1971.578 122.9 2.10 -0.02
1652 1973.667 68.3 2.13 0.06
1653 1973.885 88.7 2.12 0.08
1654 1974.903 83.6 2.11 0.19
1655 1974.991 80.2 2.10 0.19
1656 1976.015 63.1 2.23 0.18
1657 1976.828 49.5 2.24 0.10
1658 1977.155 76.8 2.23 0.17
1659 1978.760 66.6 2.18 0.20
1660 1979.688 64.9 2.20 0.17
1661 1980.582 76.8 2.06 0.18
1662 1980.801 75.1 2.06 0.18
1663 1982.364 68.3 2.13 0.14
1664 1984.549 42.7 1.95 0.00
1665 1985.757 35.8 2.01 -0.24
1666 1987.484 81.9 2.08 -0.15
1667 1989.785 81.9 2.13 0.10
1668 1990.754 58.0 2.04 0.11
1669 1991.205 87.0 2.04 0.07
1670 1995.683 68.3 1.94 0.03
1671 1996.509 95.6 1.92 -0.02
1672 1997.035 73.4 1.91 -0.02
1673 1997.137 70.0 1.89 -0.02
1674 1997.615 68.3 1.97 0.13
1675 1998.714 66.6 2.05 0.03
1676 2001.254 49.5 1.94 0.09
1677 2001.397 46.1 1.98 -0.01
1678 2002.865 71.7 1.83 -0.02
1679 2003.650 63.1 1.81 -0.07
1680 2005.438 88.7 1.86 -0.01
1681 2006.319 109.2 1.74 -0.17
1682 2006.490 95.6 1.95 -0.17
1683 2007.671 122.9 1.94 -0.13
1684 2008.981 75.1 1.92 -0.01
1685 2009.657 102.4 1.92 0.04
1686 2011.753 70.0 1.95 -0.10
1687 2012.094 75.1 2.05 -0.07
1688 2013.146 109.2 2.13 -0.03
1689 2013.350 59.7 2.14 -0.08
1690 2014.545 63.1 2.19 -0.06
1691 2014.709 76.8 2.13 -0.07
1692 2015.508 54.6 2.17 -0.08
1693 2017.132 88.7 2.12 -0.09
1694 2017.658 75.1 2.23 -0.06
1695 2018.252 58.0 2.12 -0.05
1696 2019.781 47.8 2.17 -0.08
1697 2020.191 73.4 2.19 -0.05
1698 2020.914 64.9 2.23 -0.09
1699 2021.570 59.7 2.25 -0.17
1700 2021.863 35.8 2.38 -0.12
1701 2022.184 63.1 2.40 -0.17
1702 2022.287 87.0 2.35 -0.12
1703 2023.877 71.7 2.31 -0.09
1704 2024.171 64.9 2.24 -0.06
1705 2024.621 51.2 2.23 -0.09
1706 2024.819 80.2 2.24 0.02
1707 2025.010 93.9 2.23 0.06
1708 2026.444 81.9 2.19 0.03
1709 2029.352 51.2 2.18 0.05
1710 2030.362 81.9 2.23 -0.02
1711 2030.772 49.5 2.21 -0.04
1712 2031.919 75.1 2.30 0.13
1713 2033.155 63.1 2.12 0.05
1714 2035.059 80.2 2.13 0.06
1715 2035.517 59.7 2.14 0.03
1716 2038.630 56.3 2.05 0.07
1717 2038.841 81.9 2.14 0.00
1718 2039.415 90.5 2.18 0.06
1719 2041.681 44.4 2.09 -0.06
1720 2041.865 95.6 2.17 -0.04
1721 2042.255 102.4 2.16 -0.07
1722 2042.446 51.2 2.16 -0.10
1723 2042.691 66.6 2.10 -0.08
1724 2045.217 78.5 2.09 -0.02
1725 2045.688 100.7 2.07 -0.04
1726 2045.907 71.7 2.09 0.01
1727 2047.470 88.7 2.21 -0.02
1728 2049.245 63.1 2.18 -0.02
1729 2050.863 64.9 2.05 0.02
1730 2051.962 64.9 2.07 -0.11
1731 2052.522 78.5 2.14 -0.09
1732 2052.604 70.0 2.07 -0.09
1733 2055.218 81.9 2.04 0.04
1734 2058.953 83.6 2.10 -0.02
1735 2059.779 116.1 2.07 0.03
1736 2059.942 81.9 2.08 0.03
1737 2060.127 37.5 2.13 0.02
1738 2060.318 71.7 2.10 -0.04
1739 2060.939 41.0 2.10 0.06
1740 2060.987 44.4 2.00 0.06
1741 2061.096 78.5 2.03 0.06
1742 2061.369 99.0 2.05 0.05
1743 2062.482 75.1 2.09 0.05
1744 2064.359 80.2 2.09 0.04
1745 2064.796 66.6 2.08 0.08
1746 2067.261 90.5 2.02 -0.05
1747 2068.544 88.7 1.99 -0.05
1748 2070.264 54.6 1.95 0.02
1749 2070.667 52.9 2.01 0.05
1750 2071.118 78.5 2.05 0.08
1751 2071.998 68.3 1.92 -0.07
1752 2073.002 81.9 1.84 0.02
1753 2074.026 71.7 1.97 -0.17
1754 2074.115 75.1 1.99 -0.17
1755 2074.353 68.3 1.98 -0.22
1756 2074.790 68.3 2.05 -0.19
1757 2077.002 163.8 1.94 -0.09
1758 2083.392 54.6 2.17 -0.02
1759 2085.003 99.0 2.17 0.05
1760 2087.904 68.3 2.10 -0.16
1761 2091.441 102.4 2.23 -0.19
1762 2093.175 70.0 2.25 -0.18
1763 2094.458 44.4 2.20 -0.12
1764 2094.636 88.7 2.21 -0.12
1765 2095.455 70.0 2.23 -0.04
1766 2095.960 64.9 2.20 0.06
1767 2096.055 78.5 2.16 0.01
1768 2096.520 75.1 2.13 -0.02
1769 2096.629 63.1 2.13 -0.01
1770 2097.482 109.2 2.10 0.04
1771 2098.117 81.9 2.08 -0.03
1772 2099.066 95.6 2.13 0.02
1773 2101.141 90.5 2.14 0.02
1774 2101.920 68.3 2.07 0.04
1775 2102.445 73.4 2.10 0.05
1776 2102.643 66.6 2.04 0.03
1777 2102.889 85.3 2.05 -0.00
1778 2104.104 81.9 2.02 0.03
1779 2104.343 78.5 2.03 0.03
1780 2105.278 81.9 2.05 0.06
1781 2105.572 95.6 2.03 -0.06
1782 2110.200 85.3 2.01 -0.07
1783 2110.856 109.2 2.02 -0.06
1784 2111.033 85.3 2.04 -0.05
1785 2112.992 44.4 2.05 -0.05
1786 2113.573 97.3 2.02 -0.02
1787 2114.979 64.9 2.04 -0.07
1788 2116.392 81.9 2.01 0.01
1789 2116.727 81.9 2.03 -0.08
1790 2117.396 102.4 2.02 0.02
1791 2117.546 85.3 2.04 -0.03
1792 2119.034 68.3 2.14 -0.02
1793 2120.324 75.1 2.26 -0.01
1794 2120.918 58.0 2.12 -0.01
1795 2121.137 68.3 2.12 0.01
1796 2121.587 42.7 2.13 -0.03
1797 2122.065 64.9 2.21 -0.06
1798 2124.099 71.7 2.08 0.04
1799 2125.001 75.1 2.19 0.02
1800 2125.137 51.2 2.08 0.01
1801 2125.656 64.9 2.14 0.02
1802 2126.093 71.7 2.08 0.02
1803 2129.847 88.7 2.06 0.02
1804 2130.619 97.3 2.11 0.06
1805 2130.728 85.3 2.11 0.01
1806 2134.592 93.9 2.13 0.08
1807 2134.776 95.6 2.12 0.12
1808 2137.521 81.9 2.17 0.10
1809 2140.087 52.9 2.15 0.17
1810 2140.613 29.0 2.16 0.21
1811 2145.562 58.0 2.12 0.11
1812 2146.095 75.1 2.05 0.10
1813 2146.955 54.6 2.00 0.08
1814 2147.262 81.9 1.98 0.07
1815 2147.645 42.7 2.06 0.06
1816 2147.979 71.7 2.06 0.11
1817 2148.634 87.0 2.12 0.08
1818 2149.044 85.3 2.07 0.09
1819 2153.495 87.0 1.99 0.03
1820 2156.642 88.7 2.02 0.11
1821 2158.021 49.5 2.11 0.07
1822 2158.383 39.3 2.13 0.08
1823 2158.683 83.6 2.16 0.13
1824 2161.469 58.0 2.18 0.10
1825 2162.916 90.5 2.08 0.08
1826 2163.503 64.9 2.01 0.08
1827 2164.302 37.5 2.00 0.06
1828 2166.015 92.2 2.05 0.09
1829 2168.404 66.6 2.15 0.07
1830 2169.347 75.1 2.06 0.06
1831 2169.599 80.2 2.04 -0.02
1832 2170.002 70.0 2.07 0.01
1833 2171.190 39.3 2.18 0.00
1834 2171.401 81.9 2.14 0.01
1835 2171.511 56.3 2.15 0.05
1836 2172.378 83.6 2.15 -0.04
1837 2173.436 37.5 2.03 0.04
1838 2173.627 105.8 2.16 0.00
1839 2176.760 63.1 2.18 0.13
1840 2177.730 78.5 2.16 0.16
1841 2177.900 39.3 2.18 0.10
1842 2180.672 95.6 2.16 0.05
1843 2181.054 90.5 2.19 0.06
1844 2181.334 97.3 2.20 0.04
1845 2181.880 88.7 2.16 -0.02
1846 2182.529 102.4 2.18 0.05
1847 2182.836 95.6 2.17 -0.02
1848 2183.580 81.9 2.22 -0.06
1849 2183.935 75.1 2.16 -0.03
1850 2185.498 73.4 2.23 -0.02
1851 2186.707 78.5 2.10 0.06
1852 2187.280 119.5 2.18 0.00
1853 2187.840 102.4 2.23 -0.04
1854 2190.694 37.5 2.28 0.12
1855 2191.929 35.8 2.14 0.20
1856 2192.414 78.5 2.13 0.20
1857 2192.585 80.2 2.20 0.15
1858 2193.315 122.9 2.19 0.05
1859 2195.028 68.3 2.19 0.02
1860 2197.486 88.7 2.12 0.07
1861 2197.807 68.3 2.11 0.08
1862 2199.650 58.0 2.09 0.09
1863 2199.998 81.9 2.13 0.08
1864 2200.148 95.6 2.14 0.09
1865 2203.453 76.8 2.07 0.10
1866 2206.729 64.9 2.10 -0.12
1867 2206.955 85.3 2.15 -0.07
1868 2207.487 56.3 2.06 -0.01
1869 2208.313 64.9 2.16 -0.05
1870 2210.887 88.7 2.05 0.00
1871 2211.017 35.8 2.10 -0.03
1872 2211.105 81.9 2.02 -0.05
1873 2211.720 58.0 2.09 0.04
1874 2212.894 76.8 2.09 -0.03
1875 2214.444 54.6 2.11 -0.03
1876 2215.795 80.2 2.12 -0.02
1877 2216.075 92.2 2.14 -0.05
1878 2217.591 102.4 2.06 0.05
1879 2218.867 109.2 2.08 0.03
1880 2219.850 92.2 2.06 0.04
1881 2220.362 93.9 2.01 0.07
1882 2220.785 30.7 2.06 0.07
1883 2222.205 71.7 2.17 0.07
1884 2222.608 58.0 2.10 0.07
1885 2223.305 97.3 2.18 -0.00
1886 2224.117 61.4 2.24 0.00
1887 2224.445 61.4 2.21 -0.02
1888 2225.134 75.1 2.22 -0.01
1889 2227.612 75.1 2.08 0.09
1890 2229.449 25.6 2.17 0.06
1891 2229.537 42.7 2.12 0.10
1892 2229.674 88.7 2.12 0.07
1893 2230.985 150.2 2.15 0.01
1894 2233.149 75.1 2.16 0.02
1895 2236.002 76.8 2.15 0.09
1896 2237.115 88.7 2.13 0.14
1897 2241.108 44.4 2.05 -0.00
1898 2241.197 61.4 2.11 0.01
1899 2244.310 63.1 2.18 0.10
1900 2245.075 95.6 2.15 0.08
1901 2245.846 155.3 2.19 0.02
1902 2247.949 71.7 2.07 -0.05
1903 2248.816 68.3 2.10 -0.09
1904 2249.574 75.1 2.15 -0.05
1905 2251.601 99.0 2.11 -0.07
1906 2253.294 63.1 2.07 -0.05
1907 2255.103 93.9 2.05 -0.01
1908 2255.226 68.3 2.02 -0.03
1909 2255.916 66.6 2.08 -0.02
1910 2256.769 81.9 2.09 0.04
1911 2258.673 71.7 2.04 0.06
1912 2259.104 29.0 2.02 0.02
1913 2263.548 81.9 2.06 0.12
1914 2265.207 70.0 2.12 0.12
1915 2268.381 52.9 2.06 0.10
1916 2268.675 66.6 2.08 0.17
1917 2268.763 75.1 2.03 0.17
1918 2270.190 37.5 2.15 0.09
1919 2270.313 81.9 2.11 0.07
1920 2270.900 58.0 2.25 -0.04
1921 2272.545 56.3 2.09 0.20
1922 2273.289 75.1 2.10 0.13
1923 2273.842 95.6 2.17 0.00
1924 2273.999 46.1 2.22 0.04
1925 2275.310 81.9 2.02 0.13
1926 2277.037 56.3 2.19 0.13
1927 2277.850 35.8 2.17 0.11
1928 2282.485 124.6 2.05 -0.06
1929 2283.147 66.6 2.05 0.01
1930 2286.479 75.1 2.13 -0.01
1931 2286.683 78.5 2.14 -0.01
1932 2287.496 73.4 2.10 -0.10
1933 2295.565 46.1 2.07 -0.06
1934 2296.992 81.9 2.16 -0.02
1935 2299.688 75.1 2.08 -0.06
1936 2300.009 81.9 2.04 -0.06
1937 2301.477 102.4 2.11 -0.01
1938 2302.596 122.9 2.09 -0.14
1939 2305.648 51.2 2.06 -0.06
1940 2305.805 70.0 2.04 -0.04
1941 2307.443 88.7 2.06 0.07
1942 2307.580 68.3 2.06 0.07
1943 2308.863 59.7 2.00 0.06
1944 2309.662 138.2 1.93 0.07
1945 2310.283 88.7 2.00 -0.02
1946 2311.184 81.9 2.26 -0.18
1947 2311.676 52.9 2.16 -0.18
1948 2314.010 76.8 2.09 -0.09
1949 2318.762 63.1 2.04 0.04
1950 2318.973 44.4 2.00 0.04
1951 2324.633 61.4 1.94 -0.02
1952 2325.268 75.1 1.96 0.03
1953 2325.664 186.0 1.94 0.03
1954 2327.855 73.4 1.95 -0.04
1955 2332.087 73.4 2.10 -0.10
1956 2332.422 68.3 1.98 -0.07
1957 2333.965 85.3 2.04 -0.05
1958 2335.043 76.8 1.99 -0.01
1959 2335.760 100.7 2.05 -0.05
1960 2336.095 68.3 1.91 -0.05
1961 2336.736 75.1 1.89 0.02
1962 2338.853 64.9 1.93 0.01
1963 2339.126 177.5 2.05 0.07
1964 2339.774 81.9 2.09 -0.02
1965 2342.218 68.3 2.06 0.05
1966 2343.891 131.4 2.03 0.11
1967 2346.150 112.6 1.95 0.03
1968 2346.335 61.4 2.01 0.11
1969 2346.437 61.4 1.98 0.11
1970 2347.400 56.3 2.06 0.15
1971 2350.410 88.7 2.07 -0.05
1972 2352.574 122.9 2.02 0.01
1973 2352.895 68.3 1.97 -0.04
1974 2353.243 138.2 1.98 -0.02
1975 2354.131 81.9 2.00 -0.03
1976 2355.810 56.3 2.12 0.03
1977 2356.247 76.8 2.04 0.06
1978 2361.988 88.7 1.88 -0.14
1979 2363.162 68.3 1.92 -0.21
1980 2363.374 81.9 1.98 -0.16
1981 2364.487 64.9 1.89 -0.11
1982 2364.651 66.6 1.89 -0.17
1983 2368.037 129.7 2.02 0.13
1984 2368.494 75.1 1.95 0.04
1985 2369.607 63.1 1.79 0.16
1986 2371.238 85.3 1.98 0.12
1987 2372.208 122.9 2.09 0.05
1988 2373.054 63.1 2.10 0.05
1989 2373.232 70.0 2.09 0.04
1990 2376.823 49.5 2.00 -0.04
1991 2378.441 59.7 2.12 0.07
1992 2379.123 71.7 2.09 -0.02
1993 2380.120 88.7 2.12 0.05
1994 2381.833 95.6 2.06 -0.03
1995 2382.830 75.1 2.09 0.09
1996 2382.994 109.2 2.03 -0.09
1997 2384.079 85.3 1.97 0.04
1998 2384.796 75.1 1.95 -0.01
1999 2384.926 88.7 1.91 -0.00
2000 2387.738 107.5 1.99 -0.02
