1 0.030 73.4 2.15 0.13
2 11.157 81.9 2.27 0.04
3 11.383 81.9 2.25 0.07
4 12.243 92.2 2.20 0.05
5 13.321 88.7 2.21 0.03
6 14.475 85.3 2.20 0.00
7 16.079 81.9 2.15 0.07
8 16.530 75.1 2.10 0.05
9 17.663 52.9 2.17 0.12
10 19.028 58.0 2.14 0.01
11 20.735 59.7 2.15 0.05
12 21.568 97.3 2.13 0.03
13 21.711 88.7 2.14 0.03
14 23.227 78.5 2.13 0.07
15 24.210 54.6 2.08 0.07
16 24.319 83.6 2.13 0.13
17 24.770 58.0 2.07 0.04
18 24.934 81.9 2.23 0.18
19 26.456 64.9 2.08 0.13
20 27.664 75.1 2.10 0.09
21 28.845 46.1 2.09 0.15
22 29.678 37.5 2.09 0.13
23 30.217 87.0 2.13 0.11
24 31.781 71.7 2.15 0.12
25 32.552 88.7 2.07 0.09
26 36.204 56.3 2.08 0.02
27 39.003 75.1 2.10 0.02
28 42.737 75.1 2.08 -0.01
29 42.929 58.0 2.09 0.02
30 43.400 68.3 2.21 0.01
31 43.577 44.4 2.11 0.01
32 44.280 75.1 2.11 0.05
33 44.861 63.1 2.18 0.05
34 47.421 81.9 2.19 -0.07
35 47.939 64.9 2.12 0.00
36 49.032 78.5 2.17 0.05
37 49.762 88.7 2.15 0.07
38 50.295 75.1 2.20 0.02
39 51.715 122.9 2.14 0.04
40 52.766 49.5 2.17 0.18
41 53.844 51.2 2.06 0.08
42 54.500 88.7 2.14 0.12
43 54.602 71.7 2.12 0.13
44 54.711 58.0 2.12 0.11
45 55.551 88.7 2.12 0.10
46 55.701 59.7 2.13 0.09
47 56.077 56.3 2.10 0.11
48 56.534 99.0 2.22 0.04
49 57.251 80.2 2.15 0.06
50 57.490 64.9 2.11 0.06
51 60.432 46.1 2.18 0.09
52 60.528 61.4 2.18 0.08
53 61.313 49.5 2.25 0.02
54 62.132 63.1 2.21 0.07
55 63.484 97.3 2.21 0.06
56 65.033 124.6 2.19 0.10
57 65.955 100.7 2.20 0.05
58 66.685 104.1 2.19 0.02
59 68.836 66.6 2.15 0.00
60 69.218 68.3 2.14 0.03
61 70.078 71.7 2.13 0.02
62 70.679 136.5 2.11 0.03
63 71.512 85.3 2.07 -0.07
64 72.106 85.3 2.11 -0.04
65 72.297 75.1 2.23 -0.02
66 75.567 44.4 2.13 -0.01
67 76.564 42.7 2.31 0.06
68 77.827 78.5 2.26 -0.07
69 79.008 117.8 2.30 -0.07
70 79.820 134.8 2.30 -0.01
71 81.936 95.6 2.21 -0.02
72 82.585 68.3 2.19 -0.05
73 83.213 64.9 2.19 0.00
74 83.704 49.5 2.11 0.04
75 84.660 63.1 2.11 0.05
76 84.933 78.5 2.14 0.01
77 86.094 63.1 2.19 0.10
78 86.264 58.0 2.08 0.04
79 87.889 95.6 2.20 0.05
80 88.879 80.2 2.23 0.04
81 89.268 88.7 2.24 0.01
82 90.353 41.0 2.21 0.02
83 91.371 163.8 2.13 0.00
84 91.644 81.9 2.13 0.08
85 91.780 70.0 2.18 0.08
86 92.818 170.7 2.14 0.09
87 93.432 68.3 2.31 -0.02
88 93.876 81.9 2.27 0.00
89 94.791 61.4 2.26 0.00
90 95.255 81.9 2.18 -0.00
91 95.562 23.9 2.16 0.04
92 96.477 63.1 2.12 -0.01
93 97.917 44.4 2.11 -0.00
94 97.993 80.2 2.08 -0.02
95 99.160 78.5 2.12 -0.02
96 100.177 121.2 2.03 -0.06
97 101.501 83.6 2.15 -0.05
98 102.048 59.7 2.11 -0.01
99 102.471 59.7 2.10 -0.03
100 106.014 163.8 2.19 -0.01
101 107.106 71.7 2.10 0.03
102 108.861 95.6 2.17 0.05
103 110.342 105.8 2.13 -0.02
104 111.025 73.4 2.18 -0.12
105 112.260 76.8 2.11 -0.10
106 114.260 81.9 2.15 0.08
107 114.452 81.9 2.10 0.09
108 116.404 52.9 2.08 -0.02
109 116.616 46.1 2.03 0.04
110 121.394 73.4 2.13 0.09
111 123.456 71.7 2.10 0.05
112 124.091 78.5 2.13 0.01
113 125.989 85.3 2.16 0.04
114 127.566 105.8 2.19 0.05
115 129.054 88.7 2.19 -0.08
116 129.252 80.2 2.11 -0.01
117 129.607 148.5 2.06 -0.04
118 130.849 122.9 2.14 -0.08
119 133.020 68.3 2.11 0.07
120 133.266 85.3 2.02 0.03
121 133.737 71.7 2.06 0.02
122 133.833 41.0 2.05 0.01
123 135.403 66.6 2.05 0.07
124 136.809 85.3 2.06 0.14
125 137.355 88.7 2.06 0.06
126 138.256 102.4 2.07 0.13
127 138.386 88.7 2.12 0.13
128 138.898 70.0 2.19 0.13
129 139.000 68.3 2.18 0.14
130 142.694 71.7 2.11 0.26
131 143.642 64.9 2.18 0.18
132 144.045 75.1 2.19 0.19
133 144.858 61.4 2.18 0.04
134 146.243 59.7 2.12 0.00
135 146.435 61.4 2.14 -0.01
136 146.803 64.9 2.09 -0.03
137 148.080 81.9 2.09 -0.00
138 149.172 63.1 2.02 0.09
139 150.838 64.9 2.27 -0.02
140 151.063 95.6 2.21 -0.03
141 151.636 46.1 2.22 0.02
142 152.838 75.1 2.35 0.14
143 153.507 104.1 2.24 -0.10
144 155.016 56.3 2.31 0.16
145 155.808 63.1 2.28 0.00
146 156.442 56.3 2.23 0.08
147 156.675 75.1 2.21 0.10
148 156.832 95.6 2.25 0.06
149 159.002 75.1 2.17 0.20
150 159.351 71.7 2.21 0.21
151 160.429 81.9 2.09 -0.00
152 160.825 70.0 2.16 0.07
153 161.412 54.6 2.14 0.06
154 162.655 59.7 2.11 0.09
155 162.839 99.0 2.09 0.07
156 163.337 64.9 2.10 -0.03
157 164.710 68.3 2.04 0.05
158 167.679 99.0 2.17 0.10
159 169.509 47.8 2.12 0.02
160 170.464 95.6 2.12 -0.00
161 170.601 85.3 2.15 0.02
162 171.884 75.1 2.11 -0.02
163 172.103 81.9 2.16 -0.00
164 172.895 102.4 2.12 0.04
165 178.732 46.1 2.03 0.03
166 179.107 75.1 1.99 0.07
167 179.271 75.1 1.99 0.07
168 180.336 68.3 2.07 0.04
169 181.025 70.0 2.11 0.12
170 184.179 56.3 2.06 0.09
171 184.521 95.6 2.03 0.07
172 185.531 122.9 1.99 0.09
173 185.865 81.9 2.00 0.05
174 187.292 92.2 2.01 0.04
175 188.309 81.9 2.00 0.06
176 188.589 71.7 2.04 0.01
177 190.678 104.1 2.10 -0.02
178 191.832 88.7 2.07 0.03
179 192.794 58.0 2.05 -0.01
180 196.242 64.9 2.03 -0.03
181 197.007 64.9 2.04 0.04
182 197.471 146.8 2.00 0.06
183 198.556 95.6 2.00 0.07
184 199.519 68.3 1.92 0.05
185 200.024 81.9 1.85 0.11
186 201.908 70.0 1.92 -0.05
187 202.127 102.4 1.90 -0.07
188 204.277 46.1 1.97 -0.03
189 204.878 64.9 1.99 -0.05
190 205.096 71.7 2.01 0.03
191 208.182 99.0 2.02 0.11
192 210.619 59.7 2.14 0.07
193 211.226 68.3 2.12 0.12
194 211.418 58.0 2.15 0.06
195 213.186 75.1 2.04 -0.04
196 213.588 51.2 2.09 0.04
197 214.401 81.9 2.03 0.03
198 215.725 64.9 2.01 -0.01
199 215.882 104.1 2.04 0.01
200 218.306 76.8 1.96 -0.01
201 218.845 93.9 2.02 -0.04
202 219.296 129.7 1.98 -0.05
203 221.548 100.7 1.93 -0.01
204 222.620 87.0 2.04 -0.03
205 224.129 102.4 1.90 -0.03
206 226.388 63.1 1.97 -0.01
207 226.989 75.1 1.90 -0.00
208 231.618 66.6 1.97 0.02
209 233.481 78.5 1.99 0.07
210 234.362 88.7 2.04 -0.04
211 235.413 41.0 2.04 -0.02
212 235.734 71.7 2.06 0.02
213 238.369 70.0 2.06 -0.04
214 240.458 73.4 2.13 -0.09
215 241.619 85.3 1.99 0.01
216 242.697 85.3 2.11 -0.03
217 243.455 71.7 1.92 0.02
218 243.674 66.6 1.93 -0.00
219 243.796 75.1 1.97 -0.04
220 243.913 59.7 1.90 -0.01
221 244.943 104.1 1.99 -0.09
222 245.046 42.7 1.91 -0.10
223 247.667 61.4 2.04 0.06
224 249.961 85.3 2.10 0.00
225 252.023 70.0 2.10 0.00
226 252.166 78.5 2.09 0.00
227 253.750 64.9 2.10 0.08
228 253.873 141.7 2.19 0.08
229 254.105 76.8 2.21 0.01
230 255.170 70.0 2.12 -0.12
231 255.272 52.9 2.10 -0.12
232 256.125 81.9 2.07 -0.06
233 256.241 51.2 2.04 -0.08
234 257.238 66.6 2.05 -0.16
235 258.406 71.7 1.93 -0.13
236 258.556 78.5 2.08 -0.08
237 258.890 93.9 1.99 -0.18
238 259.013 56.3 1.95 -0.17
239 259.839 126.3 1.97 -0.14
240 260.993 49.5 2.03 0.02
241 261.587 75.1 2.06 -0.03
242 262.788 75.1 2.05 -0.02
243 263.307 27.3 2.11 0.02
244 264.980 117.8 2.06 0.03
245 265.307 51.2 2.02 0.03
246 269.444 88.7 2.05 -0.10
247 270.577 76.8 2.07 -0.00
248 270.994 63.1 1.99 -0.06
249 272.107 88.7 2.14 0.03
250 273.172 58.0 2.11 0.04
251 274.175 109.2 2.10 0.10
252 274.414 75.1 2.11 0.07
253 275.008 81.9 2.13 0.04
254 278.886 68.3 2.07 -0.04
255 282.511 99.0 2.09 0.03
256 282.708 61.4 2.09 0.05
257 282.947 49.5 2.01 0.01
258 284.804 35.8 1.96 -0.08
259 285.228 81.9 1.82 -0.00
260 285.446 136.5 2.04 0.01
261 285.753 122.9 1.98 -0.03
262 287.555 75.1 2.23 0.04
263 288.525 78.5 2.18 -0.00
264 288.620 81.9 2.11 -0.00
265 288.934 88.7 2.13 0.01
266 289.071 85.3 2.21 0.01
267 289.699 71.7 2.16 -0.07
268 290.293 102.4 2.13 0.07
269 290.491 68.3 2.13 0.04
270 291.174 64.9 2.12 0.05
271 292.075 59.7 2.14 0.11
272 292.163 46.1 2.13 0.08
273 292.327 75.1 2.20 0.13
274 293.809 71.7 2.03 0.10
275 294.416 116.1 2.00 0.04
276 295.570 71.7 1.98 0.06
277 296.075 35.8 2.00 -0.04
278 296.116 30.7 2.10 -0.04
279 297.106 37.5 2.15 -0.00
280 298.690 81.9 2.11 -0.08
281 299.454 81.9 2.13 -0.05
282 300.294 81.9 2.07 -0.04
283 300.533 56.3 2.04 -0.01
284 304.656 64.9 2.10 0.13
285 304.895 124.6 2.02 0.12
286 306.404 99.0 2.07 0.02
287 307.209 95.6 2.04 0.09
288 309.872 169.0 2.03 0.05
289 310.077 129.7 2.03 0.05
290 311.019 54.6 2.05 0.04
291 311.251 44.4 2.04 0.03
292 312.118 116.1 2.04 0.03
293 313.176 71.7 2.00 -0.03
294 313.353 64.9 2.06 0.02
295 316.057 23.9 2.17 0.05
296 317.149 61.4 2.11 0.09
297 318.548 81.9 2.16 0.05
298 320.672 81.9 2.03 0.10
299 321.252 71.7 2.07 0.09
300 321.757 117.8 2.07 0.08
301 322.187 63.1 2.11 0.07
302 322.276 81.9 2.08 0.03
303 322.549 75.1 2.13 0.08
304 323.368 66.6 2.14 0.06
305 323.573 128.0 2.12 0.10
306 323.750 102.4 2.15 0.06
307 323.901 75.1 2.14 0.04
308 324.221 109.2 2.16 0.00
309 324.426 68.3 2.12 0.07
310 326.126 102.4 2.07 0.02
311 329.847 64.9 2.13 0.16
312 330.413 68.3 2.07 0.21
313 331.970 95.6 1.93 0.21
314 332.250 54.6 1.98 0.17
315 333.424 80.2 2.05 0.10
316 333.854 54.6 2.06 0.15
317 333.956 64.9 2.06 0.15
318 336.496 81.9 2.00 0.04
319 338.107 61.4 2.23 0.29
320 338.776 95.6 2.17 0.27
321 341.036 54.6 2.06 0.21
322 341.677 68.3 2.13 0.06
323 344.155 81.9 2.03 0.05
324 346.415 41.0 2.10 -0.01
325 348.299 81.9 2.02 -0.13
326 348.770 68.3 2.04 -0.11
327 349.050 80.2 2.05 -0.14
328 349.316 85.3 2.02 -0.10
329 349.801 97.3 2.11 -0.06
330 350.886 51.2 2.06 0.13
331 352.422 64.9 2.06 0.16
332 352.941 64.9 2.08 0.10
333 353.153 61.4 2.14 0.06
334 353.876 75.1 2.16 0.13
335 354.088 71.7 2.15 0.12
336 355.017 71.7 2.02 0.09
337 357.290 78.5 1.97 0.00
338 358.191 92.2 2.03 0.08
339 359.508 81.9 2.07 0.04
340 360.649 88.7 1.98 0.10
341 361.563 75.1 1.99 0.06
342 363.932 46.1 1.93 -0.00
343 364.970 61.4 1.98 -0.02
344 367.141 80.2 2.04 0.06
345 367.926 170.7 2.10 0.00
346 368.185 47.8 2.12 -0.04
347 368.492 75.1 2.00 0.09
348 368.602 102.4 2.07 0.11
349 368.929 81.9 2.09 0.09
350 370.220 112.6 2.15 0.04
351 370.417 81.9 2.15 0.05
352 370.759 104.1 2.13 0.06
353 374.479 75.1 2.21 0.06
354 375.804 51.2 2.13 0.12
355 376.166 70.0 2.16 0.15
356 376.493 81.9 2.17 0.13
357 376.671 80.2 2.18 0.16
358 377.620 64.9 2.10 0.16
359 379.558 66.6 2.08 0.23
360 381.053 42.7 2.14 0.10
361 381.941 49.5 2.14 0.11
362 382.337 88.7 2.12 0.06
363 382.712 68.3 2.11 0.04
364 383.245 75.1 2.16 0.06
365 383.764 18.8 2.08 0.01
366 384.426 146.8 2.13 0.05
367 386.761 59.7 2.09 0.07
368 386.911 105.8 2.11 0.07
369 387.894 30.7 2.15 0.14
370 388.658 99.0 2.10 -0.07
371 389.990 87.0 2.18 0.12
372 391.778 63.1 2.19 0.13
373 392.631 71.7 2.10 0.19
374 392.973 80.2 2.16 0.03
375 393.512 63.1 2.06 0.10
376 395.308 88.7 2.04 0.11
377 397.035 81.9 2.10 0.15
378 397.485 68.3 2.09 0.14
379 397.547 39.3 2.09 0.15
380 399.861 78.5 2.12 -0.10
381 400.154 81.9 2.09 0.12
382 400.462 42.7 1.98 -0.13
383 400.516 37.5 1.95 -0.13
384 401.281 61.4 1.91 -0.12
385 404.216 52.9 2.07 0.16
386 404.476 54.6 2.06 0.14
387 405.459 66.6 1.96 0.10
388 406.415 81.9 1.94 0.19
389 407.206 63.1 2.06 0.12
390 407.322 78.5 2.09 0.12
391 408.210 68.3 2.15 0.05
392 408.572 68.3 2.14 0.24
393 408.934 199.7 2.04 0.19
394 410.811 68.3 1.95 0.34
395 411.439 46.1 2.03 0.32
396 411.903 51.2 1.97 0.26
397 412.006 61.4 1.96 0.18
398 413.036 76.8 2.06 0.22
399 415.344 75.1 2.08 0.19
400 415.473 64.9 2.15 0.23
401 416.252 61.4 2.09 0.34
402 416.996 92.2 2.13 0.32
403 417.603 104.1 2.17 0.32
404 419.515 54.6 2.27 0.17
405 422.833 61.4 2.09 0.27
406 423.952 92.2 2.07 0.12
407 424.294 85.3 2.10 0.11
408 425.673 81.9 2.14 0.22
409 426.806 68.3 2.03 0.21
410 427.270 110.9 2.13 0.10
411 428.308 64.9 2.17 0.19
412 429.891 73.4 2.01 0.25
413 432.629 64.9 2.16 0.21
414 434.151 95.6 2.24 0.19
415 436.213 68.3 2.28 0.25
416 437.278 81.9 2.25 0.27
417 438.247 64.9 2.25 0.18
418 438.350 61.4 2.35 0.12
419 439.401 78.5 2.24 0.06
420 441.155 68.3 2.33 0.16
421 441.940 64.9 2.27 0.14
422 445.279 124.6 2.32 0.05
423 446.719 71.7 2.28 0.17
424 450.651 73.4 2.17 0.09
425 450.822 75.1 2.14 0.05
426 451.081 76.8 2.14 0.04
427 451.307 70.0 2.07 0.01
428 451.887 76.8 2.07 0.10
429 452.180 81.9 2.20 0.07
430 452.372 73.4 2.18 0.08
431 452.795 64.9 2.12 0.06
432 453.396 75.1 2.20 0.10
433 453.949 63.1 2.16 0.10
434 458.222 61.4 2.20 0.05
435 458.714 59.7 2.22 0.15
436 459.280 81.9 2.18 0.09
437 460.017 71.7 2.13 0.14
438 460.652 64.9 2.13 0.14
439 461.629 78.5 2.15 0.13
440 462.079 78.5 2.14 0.20
441 463.356 61.4 2.15 0.08
442 463.533 46.1 2.14 0.06
443 464.011 44.4 2.14 0.03
444 464.660 97.3 2.06 0.04
445 466.708 66.6 2.22 0.14
446 468.326 41.0 2.12 0.16
447 470.087 129.7 2.25 0.35
448 471.118 71.7 2.17 0.39
449 474.149 73.4 2.14 -0.01
450 474.558 63.1 2.17 0.03
451 474.968 61.4 2.15 -0.01
452 475.685 73.4 2.13 0.00
453 477.385 52.9 2.27 0.07
454 478.272 75.1 2.27 0.07
455 480.791 47.8 2.16 0.01
456 481.091 90.5 2.07 -0.01
457 482.218 68.3 2.10 0.05
458 482.662 99.0 2.17 0.03
459 482.962 71.7 2.17 -0.05
460 483.665 75.1 2.26 -0.04
461 485.105 88.7 2.16 0.04
462 485.283 81.9 2.23 0.04
463 485.658 109.2 2.15 -0.00
464 487.201 75.1 2.24 0.04
465 490.888 61.4 2.15 0.08
466 491.830 81.9 2.21 0.02
467 497.742 99.0 2.13 0.10
468 498.629 88.7 2.18 0.07
469 501.865 109.2 2.17 0.09
470 503.763 75.1 2.16 0.13
471 504.521 81.9 2.15 0.09
472 506.091 81.9 2.12 0.12
473 508.186 81.9 2.06 0.08
474 508.371 81.9 2.03 0.08
475 508.753 64.9 2.20 0.03
476 510.132 73.4 2.12 0.17
477 510.712 61.4 2.08 0.16
478 511.764 61.4 2.05 0.13
479 513.661 116.1 2.00 0.10
480 514.139 23.9 2.07 0.12
481 514.214 75.1 2.10 0.11
482 514.440 68.3 2.01 0.13
483 516.099 95.6 2.00 0.16
484 516.911 112.6 1.97 0.14
485 517.471 114.3 2.03 0.14
486 517.908 71.7 2.05 0.14
487 519.560 64.9 2.09 0.15
488 521.376 70.0 2.14 0.11
489 522.004 66.6 2.15 0.08
490 523.198 102.4 2.20 -0.02
491 524.427 70.0 2.20 0.00
492 524.557 75.1 2.17 0.05
493 525.110 95.6 2.21 -0.02
494 525.758 39.3 2.19 0.00
495 526.960 47.8 2.15 -0.01
496 527.028 37.5 2.18 -0.01
497 528.680 85.3 2.16 -0.06
498 529.301 87.0 2.17 -0.01
499 529.452 41.0 2.20 -0.01
500 530.749 64.9 2.09 -0.02
501 532.052 37.5 2.10 0.05
502 533.274 81.9 2.07 0.02
503 534.032 88.7 2.01 0.06
504 534.763 49.5 2.04 -0.15
505 536.749 64.9 2.13 0.07
506 540.210 81.9 2.05 0.09
507 540.504 58.0 2.01 0.07
508 540.668 81.9 2.08 0.10
509 542.238 92.2 2.05 0.11
510 542.880 61.4 2.09 0.12
511 543.289 71.7 2.08 0.09
512 543.555 68.3 2.17 0.04
513 543.808 73.4 1.98 0.01
514 545.597 25.6 2.14 -0.02
515 546.150 78.5 2.13 0.04
516 546.805 80.2 2.16 0.06
517 547.412 88.7 2.19 0.11
518 548.361 71.7 2.19 0.10
519 548.443 51.2 2.13 0.05
520 550.048 63.1 2.11 0.02
521 550.334 51.2 2.10 -0.02
522 550.723 114.3 2.06 0.10
523 551.194 39.3 2.06 0.15
524 552.997 49.5 2.02 0.08
525 553.673 85.3 2.03 0.07
526 555.475 59.7 2.11 0.15
527 557.591 46.1 2.07 0.10
528 557.748 88.7 2.06 0.11
529 559.373 59.7 2.18 -0.03
530 559.823 78.5 2.12 -0.03
531 561.400 76.8 2.12 0.06
532 562.254 58.0 2.06 0.05
533 562.377 64.9 2.07 0.07
534 562.547 61.4 2.06 0.10
535 563.735 95.6 2.10 0.16
536 564.056 109.2 2.14 0.08
537 564.411 102.4 2.05 0.14
538 565.210 126.3 1.98 0.08
539 565.879 81.9 2.07 0.18
540 566.575 81.9 2.08 0.17
541 566.759 68.3 2.12 0.20
542 567.319 68.3 2.14 0.12
543 567.974 90.5 2.20 0.12
544 568.364 76.8 2.23 0.14
545 570.807 102.4 2.07 0.00
546 571.572 109.2 2.09 0.13
547 571.722 44.4 2.13 0.13
548 573.026 88.7 2.09 0.14
549 574.589 68.3 2.15 0.12
550 577.627 88.7 2.03 -0.08
551 578.597 87.0 2.05 0.05
552 581.198 126.3 2.00 -0.00
553 581.962 93.9 2.00 0.03
554 582.324 75.1 1.93 -0.02
555 583.130 58.0 2.04 -0.01
556 584.003 29.0 2.19 0.07
557 585.027 83.6 2.16 0.05
558 585.143 61.4 2.15 -0.00
559 585.348 61.4 2.18 0.04
560 586.079 95.6 2.13 -0.01
561 586.946 64.9 2.14 0.07
562 587.253 85.3 2.14 0.05
563 588.393 29.0 2.13 0.09
564 590.093 68.3 2.16 0.21
565 591.929 68.3 2.02 0.37
566 595.240 68.3 2.05 0.21
567 595.616 80.2 2.13 0.18
568 596.619 81.9 2.19 0.15
569 596.742 56.3 2.16 0.15
570 597.445 87.0 2.17 0.16
571 599.152 73.4 2.10 0.06
572 603.084 90.5 1.88 0.18
573 603.405 92.2 1.99 0.14
574 610.129 95.6 1.85 0.17
575 610.354 71.7 1.84 0.14
576 610.621 52.9 1.77 0.09
577 611.727 41.0 1.81 0.06
578 611.884 63.1 1.82 0.05
579 612.041 81.9 1.72 0.05
580 612.669 71.7 1.87 0.12
581 614.833 92.2 1.98 0.08
582 616.532 95.6 1.93 0.13
583 616.751 78.5 1.99 0.15
584 617.877 80.2 1.85 0.14
585 620.151 75.1 2.05 0.04
586 620.396 75.1 1.93 0.10
587 621.059 64.9 1.88 0.09
588 622.956 85.3 1.91 0.10
589 623.120 102.4 1.87 0.13
590 623.325 109.2 1.88 0.17
591 624.124 46.1 1.89 0.19
592 625.871 52.9 1.99 0.23
593 627.639 85.3 1.98 0.26
594 627.810 80.2 1.98 0.26
595 628.261 58.0 2.02 0.26
596 629.025 44.4 2.07 0.29
597 629.674 61.4 2.14 0.25
598 630.281 61.4 2.11 0.28
599 631.442 95.6 2.00 0.22
600 633.538 39.3 2.02 0.28
601 634.664 75.1 1.99 0.31
602 636.105 83.6 1.96 0.21
603 636.958 64.9 1.99 0.19
604 637.306 81.9 1.89 0.23
605 639.081 99.0 1.92 0.14
606 639.334 99.0 1.96 0.15
607 640.439 109.2 1.97 0.21
608 640.931 95.6 2.09 0.18
609 641.607 64.9 2.13 0.11
610 641.921 41.0 2.10 0.13
611 642.842 71.7 2.10 0.22
612 646.754 71.7 1.96 0.25
613 646.822 58.0 1.95 0.21
614 648.638 107.5 1.91 0.13
615 649.068 51.2 1.97 0.08
616 649.935 102.4 2.07 0.09
617 650.099 104.1 2.10 0.09
618 650.195 66.6 2.14 0.11
619 650.324 75.1 2.06 0.05
620 651.123 99.0 2.00 0.19
621 651.226 52.9 2.05 0.15
622 651.683 85.3 2.07 0.13
623 652.297 64.9 2.09 0.13
624 657.943 68.3 1.97 0.25
625 658.100 88.7 1.93 0.21
626 658.380 49.5 1.87 0.19
627 658.557 136.5 1.89 0.19
628 658.831 51.2 1.91 0.20
629 659.759 75.1 1.94 0.20
630 659.943 63.1 1.95 0.20
631 660.653 64.9 1.92 0.21
632 661.711 102.4 1.98 0.13
633 661.971 73.4 2.06 0.15
634 662.087 76.8 2.09 0.20
635 662.612 63.1 2.17 0.13
636 663.684 47.8 2.17 0.15
637 665.964 81.9 2.22 0.17
638 666.920 169.0 2.08 0.15
639 669.835 56.3 2.12 0.09
640 670.518 104.1 2.06 0.11
641 670.702 81.9 2.02 0.15
642 670.975 88.7 1.98 0.17
643 671.112 75.1 2.03 0.16
644 673.638 85.3 2.07 0.13
645 673.870 58.0 2.17 0.16
646 674.170 58.0 2.17 0.08
647 674.737 68.3 2.11 0.09
648 678.150 66.6 2.11 0.11
649 679.153 70.0 2.15 0.03
650 679.311 68.3 2.10 0.02
651 679.665 71.7 2.14 0.08
652 681.106 99.0 2.08 0.07
653 682.041 46.1 2.03 0.04
654 682.758 61.4 2.10 0.05
655 683.761 95.6 2.03 0.00
656 684.130 54.6 2.08 0.05
657 684.185 56.3 2.06 0.04
658 684.335 71.7 2.14 0.03
659 685.168 35.8 2.11 0.05
660 690.943 59.7 2.25 0.21
661 691.080 81.9 2.14 0.09
662 691.325 143.4 2.16 0.06
663 691.564 97.3 2.15 0.10
664 691.899 90.5 2.16 0.11
665 692.268 78.5 2.16 0.10
666 694.056 64.9 2.21 0.13
667 696.521 61.4 2.19 0.20
668 700.125 41.0 2.15 0.16
669 700.910 90.5 2.21 0.09
670 701.750 75.1 2.25 0.06
671 702.453 78.5 2.24 0.11
672 702.746 75.1 2.17 0.12
673 703.156 68.3 2.22 0.07
674 705.081 88.7 2.21 0.01
675 705.190 78.5 2.18 0.01
676 705.955 66.6 2.14 0.06
677 706.132 68.3 2.15 0.11
678 710.242 76.8 2.24 -0.08
679 711.280 58.0 2.25 -0.09
680 711.915 88.7 2.24 -0.11
681 713.205 129.7 2.21 -0.03
682 713.403 100.7 2.23 -0.03
683 716.543 54.6 2.23 -0.09
684 716.673 81.9 2.23 -0.09
685 717.219 71.7 2.25 -0.03
686 720.919 150.2 2.21 0.03
687 721.718 122.9 2.14 0.06
688 723.151 78.5 2.19 0.01
689 723.431 49.5 2.13 -0.07
690 723.766 124.6 2.15 -0.04
691 724.087 51.2 2.09 -0.02
692 726.128 88.7 2.18 0.13
693 726.264 76.8 2.18 0.06
694 726.353 47.8 2.15 0.08
695 727.937 85.3 2.04 -0.03
696 730.156 64.9 2.02 -0.07
697 732.995 71.7 2.02 0.10
698 733.282 75.1 2.05 0.16
699 733.869 76.8 2.05 0.15
700 735.781 68.3 1.99 0.16
701 737.126 87.0 1.92 0.08
702 738.996 75.1 1.93 -0.03
703 741.522 104.1 1.97 -0.02
704 743.693 88.7 1.97 0.07
705 743.932 97.3 1.92 0.03
706 744.894 121.2 1.98 0.05
707 745.966 68.3 2.06 0.06
708 746.171 56.3 2.01 0.03
709 747.796 63.1 1.92 -0.08
710 749.038 64.9 1.90 0.02
711 751.031 56.3 1.93 -0.03
712 752.137 102.4 1.94 0.13
713 753.571 52.9 2.05 0.10
714 754.452 119.5 2.07 0.05
715 755.633 68.3 2.04 0.06
716 757.892 100.7 2.11 0.21
717 761.080 87.0 2.13 0.08
718 761.258 90.5 2.07 0.08
719 763.497 88.7 2.10 0.16
720 763.606 37.5 2.11 0.07
721 764.227 63.1 2.15 0.13
722 764.425 85.3 2.11 0.17
723 766.514 68.3 2.15 0.16
724 767.538 68.3 2.14 0.14
725 768.590 68.3 2.18 0.17
726 769.566 76.8 2.11 0.17
727 771.054 126.3 2.14 0.15
728 772.037 42.7 2.14 0.15
729 772.146 63.1 2.14 0.16
730 772.570 59.7 2.12 0.18
731 777.116 54.6 2.15 0.01
732 778.700 56.3 2.07 0.06
733 780.932 104.1 2.11 0.15
734 781.007 25.6 2.10 0.14
735 781.287 30.7 2.08 0.10
736 784.537 64.9 2.17 0.09
737 784.735 51.2 2.15 0.12
738 785.520 66.6 2.12 0.13
739 786.011 30.7 2.07 0.10
740 786.168 76.8 2.08 0.13
741 786.585 76.8 2.14 0.15
742 786.960 75.1 2.12 0.07
743 787.397 52.9 2.08 0.09
744 787.841 109.2 2.11 -0.02
745 788.510 73.4 2.05 0.07
746 788.640 73.4 2.13 0.07
747 788.776 70.0 2.01 0.06
748 789.220 85.3 2.06 0.05
749 791.049 95.6 2.09 -0.02
750 792.633 148.5 2.15 -0.10
751 793.111 64.9 2.12 0.02
752 793.568 66.6 2.09 0.00
753 795.159 85.3 2.03 0.04
754 795.309 95.6 2.01 0.04
755 795.535 68.3 2.02 0.06
756 795.651 64.9 2.00 0.06
757 796.729 68.3 2.08 0.08
758 797.501 58.0 2.12 0.21
759 798.176 75.1 2.10 0.09
760 798.914 46.1 2.11 0.07
761 801.194 97.3 1.95 -0.03
762 801.965 81.9 1.99 -0.00
763 803.023 64.9 2.04 -0.03
764 804.436 44.4 2.03 0.01
765 805.099 81.9 2.07 -0.01
766 805.194 88.7 2.14 -0.01
767 806.177 75.1 2.03 0.07
768 808.055 68.3 2.01 -0.04
769 809.775 73.4 2.10 0.17
770 811.495 71.7 2.17 -0.03
771 811.932 145.1 2.08 0.05
772 812.588 54.6 2.16 -0.02
773 812.990 56.3 2.12 -0.06
774 814.758 100.7 2.09 0.04
775 814.868 49.5 2.10 0.01
776 816.704 75.1 2.10 0.14
777 817.728 134.8 2.09 0.02
778 818.745 85.3 2.21 0.10
779 818.977 42.7 2.31 0.10
780 820.049 61.4 2.23 0.15
781 821.223 68.3 2.13 0.25
782 821.469 198.0 2.08 0.18
783 821.947 68.3 2.15 0.13
784 822.718 61.4 2.10 0.26
785 823.531 93.9 2.00 0.21
786 825.722 68.3 2.00 0.23
787 826.930 85.3 2.04 0.16
788 827.968 47.8 2.06 0.13
789 829.613 66.6 2.01 0.04
790 830.412 128.0 2.05 0.06
791 833.627 70.0 2.11 0.15
792 834.051 75.1 2.12 0.18
793 835.628 78.5 2.17 0.16
794 835.750 68.3 2.13 0.16
795 837.116 63.1 2.13 0.15
796 838.249 71.7 2.16 0.21
797 840.215 85.3 2.09 0.10
798 841.328 75.1 2.06 0.04
799 841.546 49.5 2.05 0.01
800 842.024 68.3 2.03 0.08
801 842.270 78.5 2.03 0.09
802 842.748 104.1 1.99 0.07
803 842.884 75.1 2.16 0.08
804 844.161 88.7 2.08 0.12
805 845.356 41.0 2.22 0.16
806 845.560 68.3 2.18 0.14
807 846.195 81.9 2.21 0.11
808 848.134 68.3 2.21 0.19
809 848.271 56.3 2.19 0.18
810 848.489 56.3 2.15 0.22
811 848.885 81.9 2.18 0.19
812 850.298 81.9 2.23 0.16
813 850.735 71.7 2.23 0.07
814 851.991 63.1 2.23 0.05
815 852.407 88.7 2.19 0.09
816 853.022 75.1 2.10 0.14
817 855.172 59.7 2.15 0.18
818 855.677 95.6 2.10 0.17
819 856.599 58.0 2.08 0.13
820 857.746 143.4 2.03 0.05
821 858.299 116.1 1.99 0.07
822 858.586 64.9 2.00 0.11
823 859.405 58.0 2.03 0.07
824 860.053 75.1 1.96 0.06
825 860.948 107.5 2.02 0.06
826 861.412 80.2 1.99 0.05
827 861.931 81.9 2.02 0.07
828 864.204 134.8 1.87 -0.01
829 864.948 136.5 1.80 0.02
830 866.757 92.2 1.91 -0.01
831 867.017 122.9 1.95 -0.01
832 867.515 162.1 1.96 0.07
833 868.239 75.1 2.00 0.01
834 868.375 66.6 1.93 -0.01
835 868.798 71.7 2.06 0.03
836 869.269 68.3 2.04 0.04
837 869.420 88.7 2.08 0.05
838 870.894 58.0 2.16 0.09
839 872.239 54.6 2.17 0.04
840 872.730 109.2 2.17 0.03
841 872.990 75.1 2.20 0.04
842 873.795 81.9 2.17 0.06
843 874.710 122.9 2.08 0.09
844 876.178 78.5 2.09 -0.03
845 876.915 66.6 2.16 0.06
846 877.045 95.6 2.08 0.08
847 877.359 93.9 2.21 0.04
848 877.489 61.4 2.16 0.00
849 878.444 75.1 2.16 0.13
850 879.100 68.3 2.17 0.14
851 879.421 75.1 2.22 0.18
852 879.741 68.3 2.24 0.15
853 880.404 73.4 2.21 0.12
854 880.909 87.0 2.17 0.16
855 881.189 153.6 2.16 0.07
856 881.783 52.9 2.11 0.10
857 882.534 116.1 2.25 0.13
858 885.285 198.0 2.19 0.14
859 887.087 71.7 2.11 0.09
860 888.247 49.5 2.13 0.10
861 888.732 75.1 2.11 0.15
862 891.838 70.0 2.12 0.03
863 892.207 49.5 2.12 0.07
864 892.466 71.7 2.17 0.07
865 894.316 68.3 2.18 0.07
866 895.600 63.1 2.20 0.18
867 898.563 81.9 2.20 0.11
868 899.935 81.9 2.16 0.04
869 900.051 66.6 2.15 0.05
870 900.624 73.4 2.11 0.12
871 900.768 95.6 2.17 0.12
872 901.348 81.9 2.14 0.02
873 901.553 121.2 2.11 -0.00
874 903.594 51.2 2.20 0.08
875 903.962 41.0 2.18 0.11
876 904.058 42.7 2.21 0.12
877 904.652 92.2 2.18 0.10
878 906.529 75.1 2.21 0.13
879 907.758 68.3 2.18 0.05
880 910.789 100.7 2.16 0.10
881 911.485 73.4 2.15 0.07
882 911.677 81.9 2.14 0.07
883 911.943 81.9 2.19 0.08
884 912.373 88.7 2.23 0.11
885 913.267 73.4 2.20 0.05
886 914.974 114.3 2.14 0.01
887 916.080 75.1 2.14 0.07
888 916.585 73.4 2.17 0.07
889 916.715 122.9 2.17 0.03
890 918.428 81.9 2.19 0.03
891 919.131 49.5 2.10 0.11
892 919.548 64.9 2.13 0.10
893 919.875 102.4 2.09 0.08
894 920.026 90.5 2.10 0.10
895 920.333 71.7 2.08 0.11
896 920.858 102.4 2.14 0.08
897 921.193 68.3 2.05 0.08
898 921.753 73.4 2.19 0.03
899 921.985 75.1 2.11 0.04
900 923.575 81.9 2.03 0.02
901 924.094 88.7 2.09 0.06
902 925.159 88.7 2.07 0.18
903 925.815 112.6 2.09 0.18
904 926.040 81.9 2.08 0.15
905 928.177 56.3 2.03 0.10
906 928.907 88.7 2.12 0.13
907 929.248 70.0 2.07 0.15
908 929.501 58.0 2.01 0.21
909 930.375 37.5 2.09 0.19
910 931.474 109.2 2.08 0.21
911 931.617 75.1 2.05 0.25
912 933.679 97.3 2.15 0.18
913 934.614 75.1 2.04 0.16
914 935.502 49.5 2.14 0.13
915 935.741 78.5 2.09 0.06
916 936.532 81.9 2.07 0.22
917 938.710 63.1 2.16 0.22
918 939.140 68.3 2.15 0.20
919 940.547 32.4 2.24 0.16
920 941.352 52.9 2.05 0.19
921 941.605 71.7 2.13 0.15
922 941.721 64.9 2.19 0.14
923 944.718 64.9 2.10 0.05
924 945.284 85.3 2.17 0.09
925 946.670 63.1 2.09 -0.03
926 947.018 59.7 2.11 -0.02
927 947.469 88.7 2.08 0.01
928 948.773 35.8 2.05 0.04
929 950.309 42.7 2.18 0.05
930 951.312 56.3 2.15 0.10
931 952.220 95.6 2.09 0.05
932 952.534 105.8 2.16 0.15
933 952.787 47.8 2.17 0.09
934 953.811 88.7 2.07 0.11
935 954.746 73.4 2.08 0.06
936 956.425 100.7 2.16 0.06
937 958.767 71.7 2.15 0.14
938 959.142 68.3 2.12 0.13
939 959.962 71.7 2.08 0.02
940 964.754 64.9 2.11 0.07
941 965.375 49.5 2.10 0.07
942 965.976 29.0 2.16 0.04
943 966.140 88.7 2.15 0.04
944 966.543 81.9 2.12 0.09
945 967.710 51.2 2.13 0.05
946 968.113 68.3 2.10 0.06
947 968.679 58.0 2.05 0.08
948 968.802 49.5 2.14 -0.01
949 968.980 76.8 2.02 0.06
950 969.150 61.4 2.00 0.05
951 970.666 46.1 2.08 0.02
952 971.069 80.2 2.06 0.02
953 972.147 93.9 2.08 0.00
954 974.666 75.1 2.11 0.16
955 976.748 75.1 2.05 0.01
956 977.957 88.7 2.14 0.15
957 979.527 39.3 2.10 0.19
958 980.141 61.4 2.15 0.26
959 980.373 68.3 2.09 0.22
960 981.725 158.7 2.11 0.13
961 982.428 81.9 2.11 0.21
962 983.261 47.8 2.11 0.07
963 986.449 88.7 2.11 0.11
964 986.906 68.3 2.14 0.10
965 987.958 63.1 2.19 0.19
966 988.606 75.1 2.19 0.15
967 988.702 73.4 2.08 0.09
968 989.228 81.9 2.10 0.02
969 989.521 68.3 2.20 0.15
970 989.644 88.7 2.18 0.11
971 990.081 61.4 2.24 0.18
972 990.627 119.5 2.19 0.13
973 991.276 34.1 2.15 0.13
974 991.835 75.1 2.12 0.15
975 991.938 75.1 2.13 0.17
976 993.767 51.2 2.21 0.19
977 994.860 83.6 2.14 0.21
978 996.157 71.7 2.22 0.20
979 996.293 81.9 2.17 0.16
980 996.450 85.3 2.20 0.16
981 996.641 112.6 2.26 0.18
982 996.757 97.3 2.11 0.20
983 999.188 129.7 2.13 0.11
984 999.645 58.0 2.12 0.02
985 1000.109 41.0 2.06 0.08
986 1000.840 73.4 2.19 0.06
987 1002.499 44.4 2.07 0.04
988 1003.174 70.0 2.11 0.02
989 1003.297 71.7 2.16 0.02
990 1005.359 75.1 1.99 0.21
991 1007.666 75.1 2.14 0.12
992 1007.762 66.6 2.16 0.14
993 1011.284 81.9 2.02 0.15
994 1014.234 63.1 2.14 0.14
995 1015.142 47.8 2.12 0.14
996 1015.360 68.3 2.10 0.16
997 1016.391 75.1 2.08 0.08
998 1017.777 102.4 2.10 0.14
999 1018.562 83.6 2.08 0.16
1000 1019.422 68.3 2.02 0.17
1001 1019.872 59.7 2.07 0.20
1002 1020.589 75.1 2.05 0.20
1003 1021.777 70.0 2.12 0.20
1004 1024.166 126.3 2.11 0.13
1005 1025.006 56.3 2.12 0.15
1006 1025.334 61.4 2.14 0.11
1007 1025.436 56.3 2.15 0.11
1008 1025.873 81.9 2.12 0.15
1009 1026.030 73.4 2.18 0.12
1010 1026.665 68.3 2.17 0.12
1011 1026.979 32.4 2.15 0.12
1012 1027.293 59.7 2.13 0.11
1013 1027.962 189.4 2.15 0.10
1014 1028.597 92.2 2.07 0.20
1015 1029.321 51.2 2.10 0.06
1016 1029.525 75.1 2.11 0.06
1017 1032.932 58.0 2.17 0.06
1018 1033.539 46.1 2.21 0.13
1019 1035.253 70.0 2.20 0.17
1020 1035.403 52.9 2.19 0.17
1021 1038.441 51.2 2.05 0.19
1022 1039.035 73.4 2.03 0.19
1023 1039.287 58.0 2.13 0.16
1024 1040.011 92.2 2.07 0.19
1025 1040.373 71.7 2.13 0.20
1026 1040.735 75.1 2.17 0.18
1027 1043.390 95.6 2.09 0.19
1028 1045.213 211.6 2.14 0.17
1029 1045.431 58.0 2.15 0.14
1030 1047.193 46.1 2.08 0.11
1031 1047.404 78.5 2.03 0.16
1032 1048.224 81.9 2.04 0.12
1033 1048.572 51.2 2.10 0.08
1034 1048.674 78.5 2.08 0.08
1035 1048.906 44.4 2.09 0.11
1036 1049.616 61.4 2.01 0.07
1037 1049.705 64.9 2.04 0.11
1038 1050.169 37.5 2.06 0.09
1039 1050.237 64.9 2.07 0.11
1040 1052.559 75.1 2.06 0.09
1041 1054.579 83.6 2.03 0.16
1042 1054.927 88.7 2.09 0.10
1043 1055.125 71.7 2.08 0.08
1044 1055.289 75.1 2.09 0.07
1045 1056.450 42.7 2.11 0.16
1046 1056.839 64.9 2.07 0.13
1047 1057.863 109.2 2.08 -0.03
1048 1058.109 75.1 2.14 -0.04
1049 1059.720 109.2 2.06 -0.02
1050 1062.635 70.0 2.12 -0.00
1051 1064.300 75.1 2.13 0.18
1052 1064.710 61.4 2.14 0.18
1053 1066.792 51.2 2.11 0.15
1054 1067.488 68.3 2.13 0.05
1055 1067.816 59.7 2.15 0.08
1056 1069.707 102.4 2.13 0.08
1057 1070.069 116.1 2.14 0.02
1058 1072.076 71.7 2.16 0.01
1059 1072.253 129.7 2.15 -0.01
1060 1072.622 68.3 2.15 -0.03
1061 1074.602 49.5 2.13 0.10
1062 1075.510 68.3 2.13 0.14
1063 1076.090 88.7 2.05 0.15
1064 1076.943 30.7 2.03 0.08
1065 1077.674 42.7 2.09 0.08
1066 1078.855 95.6 1.97 -0.01
1067 1079.073 75.1 1.98 -0.09
1068 1081.039 88.7 2.10 -0.02
1069 1083.476 105.8 2.08 -0.08
1070 1084.780 68.3 2.08 -0.03
1071 1084.992 78.5 2.08 -0.07
1072 1085.593 56.3 2.09 -0.12
1073 1087.334 102.4 2.04 -0.14
1074 1090.235 75.1 2.13 -0.11
1075 1090.624 54.6 2.10 -0.13
1076 1090.822 47.8 2.11 0.05
1077 1092.925 68.3 2.11 0.05
1078 1093.088 99.0 2.12 0.08
1079 1095.328 61.4 2.11 0.13
1080 1096.918 90.5 2.17 -0.02
1081 1097.799 70.0 2.10 0.04
1082 1100.332 81.9 2.10 0.03
1083 1101.103 75.1 2.09 0.11
1084 1102.639 68.3 2.04 0.17
1085 1102.810 61.4 2.09 0.21
1086 1104.837 52.9 2.12 0.22
1087 1106.626 71.7 2.15 0.18
1088 1106.810 81.9 2.05 0.23
1089 1107.848 95.6 2.08 0.18
1090 1108.919 75.1 2.02 -0.00
1091 1110.455 58.0 2.20 0.02
1092 1112.237 63.1 2.07 0.19
1093 1112.797 68.3 2.08 0.15
1094 1113.541 68.3 2.03 0.19
1095 1113.760 75.1 2.06 0.20
1096 1113.882 68.3 2.06 0.19
1097 1116.552 56.3 2.04 0.14
1098 1118.818 81.9 2.06 0.11
1099 1119.569 85.3 2.10 0.24
1100 1120.695 56.3 2.20 0.21
1101 1121.167 80.2 2.20 0.18
1102 1122.866 58.0 2.04 0.27
1103 1123.187 95.6 2.06 0.25
1104 1123.959 81.9 2.05 0.23
1105 1124.198 81.9 2.06 0.23
1106 1126.293 187.7 2.08 0.20
1107 1128.198 80.2 2.07 0.28
1108 1130.198 59.7 2.09 0.23
1109 1132.369 37.5 2.03 0.19
1110 1132.628 75.1 2.01 0.11
1111 1134.492 73.4 2.04 0.15
1112 1136.356 75.1 2.13 0.08
1113 1137.039 102.4 2.07 0.17
1114 1138.929 83.6 2.01 0.10
1115 1139.278 88.7 2.13 0.21
1116 1139.639 68.3 2.16 0.20
1117 1141.230 78.5 2.12 0.07
1118 1142.507 81.9 2.19 0.14
1119 1145.012 71.7 2.09 0.05
1120 1145.326 95.6 2.07 0.04
1121 1147.333 23.9 2.13 0.05
1122 1148.391 81.9 2.19 0.03
1123 1149.920 46.1 2.18 0.10
1124 1151.627 61.4 2.02 0.07
1125 1155.764 107.5 2.12 0.09
1126 1157.628 88.7 1.97 0.02
1127 1159.498 158.7 1.91 0.01
1128 1161.437 63.1 1.96 0.13
1129 1163.888 29.0 1.94 0.01
1130 1166.113 88.7 1.91 -0.03
1131 1166.257 75.1 1.95 -0.03
1132 1167.786 102.4 1.96 -0.07
1133 1167.916 81.9 1.91 0.01
1134 1169.417 37.5 1.96 -0.10
1135 1169.581 95.6 1.99 0.05
1136 1171.848 116.1 1.92 -0.00
1137 1172.981 81.9 1.95 -0.12
1138 1173.254 81.9 1.97 -0.12
1139 1173.418 76.8 1.95 -0.11
1140 1173.629 100.7 1.99 -0.08
1141 1174.455 64.9 1.84 -0.08
1142 1175.261 107.5 1.90 -0.14
1143 1175.643 95.6 1.90 -0.14
1144 1176.565 61.4 1.90 -0.12
1145 1176.715 63.1 1.94 -0.14
1146 1177.828 46.1 1.92 -0.05
1147 1177.958 102.4 1.86 -0.05
1148 1179.357 102.4 1.85 -0.08
1149 1179.507 66.6 1.89 -0.05
1150 1181.439 66.6 2.09 -0.03
1151 1181.610 64.9 2.13 -0.06
1152 1182.791 51.2 2.10 0.06
1153 1183.665 100.7 2.18 0.10
1154 1184.211 88.7 2.19 0.04
1155 1184.518 87.0 2.24 0.04
1156 1184.941 88.7 2.23 0.03
1157 1185.754 63.1 2.16 0.01
1158 1187.419 143.4 2.15 0.07
1159 1187.692 66.6 2.16 0.07
1160 1188.239 75.1 2.14 0.07
1161 1188.976 68.3 2.10 0.08
1162 1190.573 47.8 2.17 0.04
1163 1191.351 81.9 2.16 0.02
1164 1191.522 129.7 2.17 0.04
1165 1192.307 68.3 2.17 0.09
1166 1194.212 102.4 2.10 0.09
1167 1195.017 73.4 2.14 0.08
1168 1195.591 56.3 2.04 0.08
1169 1197.632 102.4 2.05 0.08
1170 1197.926 70.0 2.04 0.04
1171 1198.724 49.5 2.07 0.07
1172 1200.260 116.1 2.13 0.03
1173 1200.506 52.9 2.02 -0.01
1174 1201.953 68.3 2.15 0.10
1175 1204.827 78.5 2.17 0.04
1176 1207.544 61.4 2.25 0.12
1177 1209.504 64.9 2.15 -0.03
1178 1210.705 64.9 2.17 0.05
1179 1210.787 46.1 2.13 0.05
1180 1211.101 64.9 2.15 -0.01
1181 1211.668 68.3 2.17 0.05
1182 1213.204 78.5 2.16 0.03
1183 1214.419 70.0 2.13 0.11
1184 1215.777 95.6 2.09 0.18
1185 1216.317 80.2 2.09 0.10
1186 1217.730 93.9 2.12 -0.14
1187 1218.330 49.5 2.14 -0.17
1188 1220.774 59.7 2.00 -0.05
1189 1222.290 102.4 2.18 0.09
1190 1223.280 97.3 2.16 -0.19
1191 1223.662 87.0 2.09 -0.12
1192 1223.846 109.2 2.13 -0.10
1193 1224.290 75.1 2.05 -0.25
1194 1224.447 71.7 2.00 -0.14
1195 1225.212 75.1 2.07 -0.05
1196 1225.690 158.7 2.03 -0.08
1197 1225.792 75.1 2.04 -0.06
1198 1226.065 110.9 2.04 -0.08
1199 1227.028 88.7 2.00 0.01
1200 1229.540 73.4 2.13 -0.01
1201 1230.154 64.9 2.19 -0.02
1202 1232.789 75.1 2.16 0.04
1203 1233.028 75.1 2.13 0.03
1204 1233.267 58.0 2.11 0.03
1205 1234.912 46.1 2.12 0.07
1206 1235.513 81.9 2.09 0.04
1207 1237.404 52.9 2.16 0.06
1208 1237.677 32.4 2.20 0.02
1209 1238.715 42.7 2.20 0.07
1210 1238.783 71.7 2.14 0.12
1211 1239.568 81.9 2.13 0.08
1212 1240.067 51.2 2.23 0.05
1213 1242.961 61.4 2.22 0.09
1214 1246.327 70.0 2.09 0.06
1215 1247.794 95.6 2.14 0.17
1216 1248.156 88.7 2.13 0.16
1217 1249.453 68.3 2.11 0.22
1218 1250.197 61.4 2.13 0.14
1219 1250.320 75.1 2.12 0.12
1220 1254.068 80.2 2.23 0.06
1221 1254.403 76.8 2.20 0.02
1222 1255.481 102.4 2.18 0.06
1223 1255.980 143.4 2.25 0.08
1224 1257.270 54.6 2.18 0.07
1225 1257.420 128.0 2.21 0.05
1226 1258.355 102.4 2.14 0.10
1227 1258.635 61.4 2.15 0.13
1228 1259.243 68.3 2.10 0.15
1229 1260.021 49.5 2.05 0.24
1230 1260.082 46.1 2.10 0.24
1231 1262.076 102.4 2.06 0.15
1232 1262.233 83.6 2.08 0.15
1233 1263.284 61.4 2.06 0.09
1234 1265.591 61.4 2.01 0.09
1235 1265.803 68.3 1.99 0.03
1236 1265.946 92.2 2.06 0.03
1237 1267.926 58.0 2.11 0.09
1238 1269.844 116.1 2.04 0.06
1239 1270.083 95.6 2.07 0.08
1240 1270.807 61.4 2.06 0.13
1241 1272.336 75.1 2.08 -0.03
1242 1274.521 41.0 2.05 -0.04
1243 1274.678 68.3 2.16 -0.04
1244 1274.944 83.6 2.08 0.06
1245 1276.753 81.9 2.00 0.01
1246 1279.026 49.5 1.97 -0.06
1247 1279.729 81.9 2.03 -0.04
1248 1280.296 63.1 2.00 0.02
1249 1282.078 64.9 2.04 0.03
1250 1283.901 37.5 2.06 0.16
1251 1287.491 71.7 2.19 0.08
1252 1288.672 71.7 2.15 0.13
1253 1289.403 64.9 2.18 0.03
1254 1290.324 73.4 2.06 0.15
1255 1291.116 52.9 2.10 0.16
1256 1291.703 80.2 2.18 0.17
1257 1292.359 61.4 2.11 0.10
1258 1293.984 97.3 2.12 0.08
1259 1295.096 109.2 2.06 0.08
1260 1295.718 81.9 2.16 0.04
1261 1295.943 68.3 2.16 0.10
1262 1296.632 85.3 2.16 0.11
1263 1297.622 54.6 2.11 0.20
1264 1297.677 63.1 2.20 0.15
1265 1298.400 46.1 2.19 0.14
1266 1298.796 102.4 2.15 0.09
1267 1300.073 95.6 2.10 0.20
1268 1301.425 73.4 2.13 0.03
1269 1301.739 49.5 2.09 0.14
1270 1303.377 80.2 2.09 0.14
1271 1303.930 81.9 2.09 0.07
1272 1304.060 107.5 2.10 -0.00
1273 1304.258 100.7 2.03 0.11
1274 1306.299 88.7 2.02 0.09
1275 1307.200 88.7 2.04 0.11
1276 1307.296 64.9 2.03 0.12
1277 1307.466 54.6 2.05 0.10
1278 1308.920 75.1 2.03 0.05
1279 1309.057 64.9 2.02 0.06
1280 1309.364 97.3 2.04 0.07
1281 1309.780 70.0 1.96 0.06
1282 1310.784 100.7 2.02 0.04
1283 1312.149 75.1 1.97 0.02
1284 1313.419 61.4 1.84 -0.05
1285 1315.993 49.5 1.93 0.01
1286 1316.634 68.3 1.94 -0.08
1287 1317.003 95.6 2.08 0.04
1288 1317.522 75.1 1.99 0.06
1289 1317.775 44.4 2.04 0.07
1290 1318.512 97.3 2.06 0.05
1291 1319.495 66.6 2.11 0.02
1292 1319.645 66.6 2.08 -0.01
1293 1320.314 78.5 2.05 0.08
1294 1320.867 75.1 2.03 0.04
1295 1321.345 73.4 2.16 0.08
1296 1321.843 58.0 2.06 0.05
1297 1322.219 63.1 2.02 0.13
1298 1322.956 64.9 2.02 0.08
1299 1323.884 56.3 2.06 0.09
1300 1325.994 47.8 2.13 0.11
1301 1326.048 41.0 2.13 0.11
1302 1326.362 90.5 2.22 0.17
1303 1333.660 61.4 1.92 0.01
1304 1335.189 58.0 2.01 0.06
1305 1335.708 39.3 1.99 -0.01
1306 1336.377 63.1 1.95 0.01
1307 1336.616 46.1 1.89 -0.03
1308 1336.712 102.4 1.86 -0.07
1309 1337.483 114.3 1.84 -0.01
1310 1338.596 71.7 1.86 -0.01
1311 1338.930 64.9 1.83 -0.07
1312 1340.460 93.9 1.93 -0.02
1313 1341.217 68.3 1.86 0.00
1314 1341.763 49.5 1.87 0.04
1315 1342.303 88.7 1.87 -0.01
1316 1344.399 92.2 1.94 0.10
1317 1346.986 93.9 2.06 0.04
1318 1351.437 56.3 2.01 0.16
1319 1351.812 75.1 1.99 0.10
1320 1353.021 122.9 1.91 0.02
1321 1353.171 63.1 2.03 0.01
1322 1355.847 61.4 2.04 0.04
1323 1356.366 75.1 2.02 0.05
1324 1358.072 58.0 2.11 0.14
1325 1358.735 68.3 2.06 0.12
1326 1359.383 68.3 2.09 0.15
1327 1361.185 146.8 1.95 0.11
1328 1364.899 99.0 2.20 -0.08
1329 1365.752 88.7 2.16 -0.04
1330 1365.875 75.1 2.13 -0.04
1331 1370.299 66.6 1.98 0.11
1332 1370.579 78.5 2.01 0.16
1333 1371.166 71.7 1.99 0.14
1334 1372.217 64.9 2.08 0.08
1335 1373.002 80.2 2.14 0.11
1336 1376.047 68.3 2.02 -0.12
1337 1377.105 47.8 1.95 -0.10
1338 1378.784 75.1 2.02 -0.02
1339 1378.894 66.6 2.04 -0.02
1340 1379.904 90.5 2.08 0.07
1341 1381.126 88.7 2.14 0.25
1342 1381.372 95.6 2.11 0.15
1343 1381.966 70.0 2.12 0.16
1344 1382.792 61.4 2.20 0.14
1345 1383.263 95.6 2.22 0.11
1346 1383.556 59.7 2.24 0.06
1347 1383.761 68.3 2.20 0.08
1348 1384.689 51.2 2.11 0.07
1349 1386.976 134.8 2.24 0.15
1350 1387.625 95.6 2.23 0.16
1351 1391.243 81.9 2.08 0.00
1352 1391.441 81.9 2.06 0.03
1353 1392.779 61.4 2.22 0.16
1354 1392.875 63.1 2.22 0.11
1355 1394.465 100.7 2.15 0.11
1356 1395.011 92.2 2.18 0.04
1357 1395.831 61.4 2.25 0.11
1358 1396.957 63.1 2.25 0.13
1359 1397.326 61.4 2.28 0.11
1360 1401.558 97.3 2.18 -0.05
1361 1404.343 81.9 2.14 0.02
1362 1404.651 68.3 2.16 -0.04
1363 1404.753 68.3 2.13 -0.04
1364 1405.907 75.1 2.19 0.01
1365 1406.118 78.5 2.18 0.00
1366 1406.460 71.7 2.14 0.03
1367 1406.794 75.1 2.17 0.02
1368 1409.600 71.7 2.11 0.17
1369 1410.119 68.3 2.17 0.08
1370 1410.228 71.7 2.20 0.08
1371 1411.006 88.7 2.10 0.08
1372 1412.570 64.9 2.19 0.08
1373 1413.157 64.9 2.20 0.09
1374 1414.208 68.3 2.20 0.14
1375 1414.385 75.1 2.21 0.16
1376 1414.590 88.7 2.19 0.19
1377 1415.218 76.8 2.17 0.18
1378 1416.133 68.3 2.14 -0.01
1379 1417.464 66.6 2.13 0.03
1380 1417.567 73.4 2.14 0.03
1381 1418.243 87.0 2.11 0.04
1382 1418.495 54.6 2.07 -0.06
1383 1422.461 66.6 2.22 0.00
1384 1423.492 68.3 2.23 -0.01
1385 1423.977 66.6 2.22 -0.02
1386 1424.339 71.7 2.20 -0.04
1387 1425.452 81.9 2.28 -0.06
1388 1428.483 64.9 2.26 -0.08
1389 1428.885 58.0 2.18 -0.05
1390 1430.019 37.5 2.15 -0.04
1391 1430.483 85.3 2.25 0.06
1392 1430.606 80.2 2.14 0.01
1393 1431.384 68.3 2.13 -0.04
1394 1431.507 61.4 2.17 -0.01
1395 1431.875 110.9 2.19 -0.00
1396 1434.128 61.4 2.12 0.04
1397 1435.050 44.4 2.18 0.00
1398 1436.265 112.6 2.12 0.03
1399 1437.364 88.7 2.10 -0.00
1400 1438.709 76.8 2.05 0.06
1401 1439.084 81.9 2.11 0.08
1402 1440.108 75.1 2.16 0.11
1403 1440.750 95.6 2.17 0.04
1404 1442.013 81.9 2.17 -0.02
1405 1442.170 73.4 2.18 -0.03
1406 1442.334 88.7 2.21 0.01
1407 1444.225 44.4 2.20 0.05
1408 1444.368 78.5 2.18 0.04
1409 1444.744 56.3 2.13 0.02
1410 1445.495 88.7 2.14 0.03
1411 1446.082 76.8 2.13 -0.00
1412 1447.017 75.1 2.10 0.03
1413 1447.358 81.9 2.11 0.08
1414 1450.137 56.3 2.07 0.05
1415 1450.813 46.1 2.14 0.08
1416 1451.468 81.9 2.14 0.19
1417 1451.639 41.0 2.09 0.20
1418 1452.171 102.4 2.16 0.13
1419 1452.424 49.5 2.11 0.09
1420 1452.745 100.7 2.11 0.17
1421 1453.332 92.2 2.10 0.13
1422 1455.373 56.3 2.12 0.20
1423 1455.803 73.4 2.17 0.18
1424 1456.083 56.3 2.09 0.15
1425 1456.513 133.1 2.18 0.14
1426 1457.462 30.7 2.14 0.14
1427 1457.516 63.1 2.08 0.14
1428 1458.950 56.3 2.11 0.06
1429 1462.097 71.7 2.08 0.10
1430 1462.295 71.7 2.10 0.14
1431 1463.735 68.3 2.15 0.06
1432 1464.343 102.4 2.09 0.07
1433 1466.719 105.8 2.07 0.12
1434 1468.200 68.3 2.11 0.03
1435 1469.381 51.2 2.05 -0.00
1436 1469.955 81.9 2.08 0.03
1437 1470.583 88.7 2.06 0.03
1438 1471.115 71.7 2.03 0.03
1439 1473.300 68.3 2.09 0.06
1440 1474.160 88.7 2.13 0.06
1441 1474.549 64.9 2.07 0.05
1442 1476.269 58.0 2.10 0.12
1443 1476.720 68.3 2.12 0.16
1444 1478.338 51.2 2.03 0.19
1445 1478.768 88.7 2.05 0.16
1446 1479.505 78.5 2.04 0.13
1447 1479.894 64.9 2.05 0.18
1448 1482.338 51.2 2.07 0.15
1449 1483.533 46.1 2.05 0.16
1450 1485.683 66.6 2.06 0.17
1451 1486.393 61.4 1.98 0.12
1452 1487.936 109.2 2.13 0.12
1453 1488.428 75.1 2.08 0.08
1454 1489.226 114.3 2.05 0.10
1455 1489.540 47.8 2.14 0.11
1456 1489.663 63.1 2.15 0.11
1457 1493.022 64.9 2.10 0.15
1458 1494.244 59.7 2.13 0.14
1459 1495.070 88.7 2.20 0.05
1460 1498.606 95.6 2.10 0.05
1461 1502.429 81.9 2.13 -0.00
1462 1502.593 109.2 2.16 0.06
1463 1503.876 66.6 2.17 -0.05
1464 1504.805 75.1 2.09 -0.02
1465 1506.170 75.1 2.11 0.02
1466 1506.272 75.1 2.12 0.02
1467 1506.395 64.9 2.10 0.02
1468 1507.754 88.7 2.17 0.09
1469 1507.870 88.7 2.14 0.09
1470 1509.297 68.3 2.15 0.09
1471 1509.536 85.3 2.17 0.09
1472 1510.717 59.7 2.19 0.14
1473 1512.041 87.0 2.18 0.19
1474 1513.338 75.1 2.21 0.07
1475 1513.707 68.3 2.21 0.11
1476 1517.666 68.3 2.07 0.14
1477 1518.069 64.9 2.17 0.13
1478 1518.840 78.5 2.17 0.18
1479 1520.759 64.9 2.11 0.07
1480 1520.875 81.9 2.13 0.01
1481 1522.035 41.0 2.04 0.02
1482 1522.499 88.7 2.13 -0.01
1483 1523.066 64.9 2.05 0.04
1484 1524.766 151.9 2.05 0.06
1485 1524.889 114.3 2.09 0.06
1486 1525.865 109.2 2.01 0.10
1487 1526.015 83.6 1.97 0.10
1488 1526.787 81.9 1.98 0.10
1489 1528.445 75.1 1.99 0.11
1490 1528.568 47.8 1.96 0.09
1491 1532.582 85.3 2.04 0.12
1492 1533.545 75.1 2.03 0.04
1493 1534.658 88.7 2.09 0.03
1494 1535.518 68.3 2.09 0.10
1495 1536.044 78.5 2.04 0.12
1496 1538.918 90.5 2.14 0.06
1497 1539.593 78.5 2.08 0.06
1498 1542.672 75.1 2.07 -0.17
1499 1542.850 80.2 2.17 -0.09
1500 1544.857 58.0 2.12 -0.00
1501 1545.191 61.4 2.15 -0.01
1502 1545.382 49.5 2.12 0.05
1503 1545.888 95.6 2.20 0.13
1504 1546.755 52.9 2.17 0.15
1505 1547.362 61.4 2.16 0.15
1506 1548.707 85.3 2.16 0.15
1507 1549.553 61.4 2.16 0.21
1508 1550.311 75.1 2.12 0.14
1509 1552.230 71.7 2.09 0.21
1510 1552.407 81.9 2.07 0.09
1511 1553.281 71.7 2.10 0.11
1512 1553.472 81.9 2.12 0.13
1513 1554.428 81.9 2.02 0.15
1514 1554.912 70.0 2.05 0.13
1515 1556.530 81.9 2.07 0.06
1516 1557.131 80.2 2.12 0.10
1517 1559.131 81.9 2.06 0.10
1518 1560.299 68.3 2.21 0.13
1519 1560.831 51.2 2.21 0.08
1520 1561.186 112.6 2.21 0.12
1521 1562.456 87.0 2.20 0.07
1522 1562.988 81.9 2.06 0.10
1523 1564.463 133.1 2.05 0.06
1524 1564.982 75.1 2.15 0.15
1525 1567.344 75.1 2.14 0.16
1526 1567.473 61.4 2.16 0.20
1527 1567.938 81.9 2.18 0.15
1528 1569.876 116.1 2.20 0.02
1529 1571.078 68.3 2.16 0.15
1530 1574.416 157.0 2.11 0.19
1531 1575.024 63.1 2.10 0.12
1532 1575.604 88.7 2.15 0.11
1533 1576.997 75.1 2.05 0.11
1534 1577.154 75.1 2.10 0.09
1535 1577.850 70.0 2.07 0.20
1536 1579.843 49.5 2.20 0.20
1537 1582.021 134.8 2.09 0.13
1538 1583.448 66.6 2.08 0.17
1539 1584.165 41.0 2.11 0.15
1540 1584.472 68.3 2.15 0.22
1541 1585.059 81.9 2.07 0.15
1542 1585.721 56.3 2.17 0.14
1543 1585.810 81.9 2.15 0.16
1544 1586.424 75.1 2.19 0.14
1545 1587.592 39.3 2.15 0.15
1546 1589.735 88.7 2.01 0.15
1547 1590.473 44.4 1.97 0.27
1548 1590.657 95.6 1.96 0.13
1549 1591.264 83.6 2.04 0.17
1550 1591.490 124.6 2.03 0.20
1551 1592.179 75.1 2.00 0.19
1552 1592.957 68.3 2.00 0.24
1553 1597.374 61.4 1.94 0.21
1554 1597.559 76.8 1.91 0.28
1555 1598.535 85.3 1.94 0.17
1556 1603.785 124.6 2.13 0.09
1557 1604.843 83.6 2.13 0.15
1558 1604.911 99.0 2.11 0.20
1559 1605.819 68.3 2.08 0.03
1560 1608.031 75.1 2.00 0.13
1561 1608.154 63.1 1.92 0.23
1562 1608.809 88.7 2.00 0.04
1563 1609.963 122.9 1.97 0.20
1564 1611.369 58.0 1.99 0.08
1565 1613.021 70.0 2.10 0.21
1566 1615.970 63.1 2.07 0.08
1567 1616.598 68.3 2.07 0.11
1568 1617.172 56.3 2.08 0.14
1569 1617.902 30.7 2.17 0.16
1570 1619.643 35.8 2.07 0.09
1571 1620.448 81.9 2.08 -0.01
1572 1621.131 52.9 2.03 0.07
1573 1621.561 47.8 2.19 0.07
1574 1621.991 56.3 2.20 0.05
1575 1623.582 61.4 2.20 0.08
1576 1624.258 73.4 2.20 -0.04
1577 1626.565 66.6 2.29 0.12
1578 1626.695 102.4 2.31 0.09
1579 1628.927 95.6 2.23 0.11
1580 1629.548 66.6 2.12 0.14
1581 1630.886 81.9 2.21 0.11
1582 1634.491 95.6 2.25 0.09
1583 1634.641 70.0 2.21 0.10
1584 1635.713 73.4 2.26 0.12
1585 1638.368 59.7 2.17 0.07
1586 1640.485 56.3 2.18 -0.01
1587 1640.819 88.7 2.13 -0.01
1588 1641.263 42.7 2.15 0.08
1589 1642.171 93.9 2.22 0.01
1590 1642.410 70.0 2.15 0.07
1591 1643.386 58.0 2.11 0.08
1592 1643.639 81.9 2.14 0.08
1593 1644.581 39.3 2.12 0.10
1594 1645.345 75.1 2.08 0.15
1595 1645.898 68.3 1.98 0.08
1596 1646.171 68.3 2.19 0.08
1597 1647.810 41.0 2.23 0.08
1598 1648.390 51.2 2.20 0.01
1599 1650.841 92.2 2.16 0.05
1600 1654.077 88.7 2.09 0.01
1601 1656.882 47.8 2.18 -0.02
1602 1657.094 102.4 2.20 0.02
1603 1657.244 71.7 2.20 -0.01
1604 1658.657 78.5 2.21 -0.01
1605 1659.197 198.0 2.14 -0.06
1606 1659.852 78.5 2.05 0.02
1607 1659.982 78.5 2.04 0.02
1608 1661.695 99.0 2.15 0.08
1609 1664.576 46.1 2.13 0.08
1610 1666.146 56.3 2.09 0.05
1611 1669.914 68.3 2.10 0.10
1612 1670.256 64.9 2.07 0.02
1613 1671.792 75.1 2.08 0.08
1614 1672.249 37.5 2.04 0.06
1615 1673.021 51.2 2.06 0.04
1616 1674.195 81.9 2.10 -0.00
1617 1680.653 90.5 2.05 0.13
1618 1680.769 68.3 2.10 0.14
1619 1681.772 87.0 2.03 0.09
1620 1682.230 128.0 2.04 0.05
1621 1683.568 35.8 2.15 0.14
1622 1683.875 68.3 2.17 0.13
1623 1684.585 63.1 2.20 0.16
1624 1685.527 56.3 2.20 0.20
1625 1686.251 116.1 2.20 0.10
1626 1686.769 68.3 2.17 0.10
1627 1687.889 49.5 2.23 0.03
1628 1691.514 163.8 2.10 0.10
1629 1693.316 99.0 2.14 0.05
1630 1695.835 71.7 2.15 0.03
1631 1695.938 54.6 2.09 0.08
1632 1700.860 87.0 2.06 0.09
1633 1702.020 148.5 2.04 0.04
1634 1702.232 58.0 2.07 0.03
1635 1704.942 76.8 2.10 -0.12
1636 1708.519 42.7 2.10 0.09
1637 1708.567 17.1 2.10 0.09
1638 1708.751 68.3 2.14 0.08
1639 1710.246 75.1 2.12 0.12
1640 1713.298 95.6 1.99 0.02
1641 1713.817 102.4 1.94 0.07
1642 1714.179 51.2 1.92 0.11
1643 1715.271 68.3 1.97 0.14
1644 1717.810 61.4 2.08 0.15
1645 1720.145 87.0 1.99 0.11
1646 1720.678 88.7 2.01 0.10
1647 1721.852 81.9 2.12 0.01
1648 1722.200 68.3 2.10 0.07
1649 1722.521 61.4 2.10 0.16
1650 1724.746 68.3 2.17 0.16
1651 1727.354 70.0 2.04 0.13
1652 1727.552 95.6 2.04 0.17
1653 1728.276 80.2 2.00 0.10
1654 1728.924 71.7 2.06 0.03
1655 1733.778 75.1 2.08 0.04
1656 1734.140 73.4 2.09 0.04
1657 1735.321 49.5 2.07 0.05
1658 1735.478 102.4 2.09 -0.01
1659 1736.386 61.4 2.09 0.08
1660 1737.191 51.2 2.11 0.11
1661 1739.123 78.5 2.09 0.05
1662 1739.280 68.3 2.10 0.05
1663 1739.492 49.5 2.12 0.11
1664 1741.519 85.3 2.08 0.02
1665 1742.345 59.7 2.10 0.04
1666 1744.291 73.4 2.12 0.09
1667 1744.783 81.9 2.21 0.09
1668 1744.974 73.4 2.15 0.08
1669 1745.363 99.0 2.17 0.09
1670 1745.458 58.0 2.20 0.06
1671 1745.738 81.9 2.18 0.08
1672 1746.489 44.4 2.18 0.15
1673 1746.728 76.8 2.24 0.10
1674 1747.793 63.1 2.21 0.14
1675 1749.425 56.3 2.04 0.13
1676 1750.176 92.2 2.08 0.09
1677 1750.367 88.7 2.01 0.04
1678 1752.183 131.4 2.13 0.10
1679 1752.319 71.7 2.09 0.11
1680 1753.766 49.5 2.13 0.16
1681 1754.661 95.6 2.18 0.19
1682 1754.906 56.3 2.15 0.22
1683 1755.139 54.6 2.19 0.18
1684 1758.996 66.6 2.15 0.06
1685 1761.521 119.5 2.16 0.11
1686 1762.191 64.9 2.18 0.07
1687 1764.662 61.4 2.11 0.11
1688 1764.832 63.1 2.12 0.17
1689 1765.570 42.7 2.13 0.13
1690 1765.966 81.9 2.08 0.12
1691 1766.560 68.3 2.14 0.09
1692 1767.324 44.4 2.14 0.07
1693 1767.481 85.3 2.08 0.12
1694 1768.096 71.7 2.16 0.14
1695 1768.410 71.7 2.12 0.18
1696 1768.553 81.9 2.12 0.07
1697 1768.778 58.0 2.11 0.12
1698 1770.389 59.7 2.08 0.13
1699 1774.205 46.1 2.13 0.06
1700 1774.499 83.6 2.10 0.01
1701 1775.154 59.7 2.09 0.04
1702 1775.823 25.6 2.09 0.01
1703 1776.103 87.0 2.14 0.01
1704 1776.253 85.3 2.04 0.01
1705 1776.957 102.4 2.06 0.05
1706 1777.318 56.3 2.07 -0.02
1707 1778.069 78.5 2.06 0.02
1708 1780.575 51.2 2.04 0.03
1709 1780.657 71.7 2.05 0.03
1710 1780.882 95.6 2.05 0.10
1711 1781.278 170.7 2.08 0.09
1712 1781.824 75.1 2.04 0.10
1713 1782.985 105.8 2.11 0.07
1714 1783.340 64.9 2.15 0.08
1715 1783.544 73.4 2.19 0.01
1716 1786.726 63.1 2.17 0.10
1717 1787.811 64.9 2.08 0.08
1718 1788.118 163.8 2.12 0.07
1719 1788.446 81.9 2.17 0.07
1720 1788.815 52.9 2.16 0.05
1721 1789.245 58.0 2.12 0.10
1722 1789.879 88.7 2.13 0.04
1723 1790.023 64.9 2.10 0.11
1724 1791.504 81.9 2.08 0.14
1725 1793.457 75.1 2.13 -0.02
1726 1793.955 81.9 2.11 0.01
1727 1794.487 75.1 2.12 0.04
1728 1794.604 73.4 2.16 -0.00
1729 1795.122 78.5 2.11 0.01
1730 1795.286 85.3 2.14 0.00
1731 1798.065 97.3 2.05 0.14
1732 1799.710 78.5 2.07 0.15
1733 1799.799 61.4 2.04 0.15
1734 1802.365 44.4 2.06 0.05
1735 1803.444 76.8 2.06 0.01
1736 1803.915 61.4 2.05 0.04
1737 1804.154 95.6 2.03 0.05
1738 1805.478 61.4 2.09 0.12
1739 1806.639 71.7 2.00 0.13
1740 1810.714 52.9 2.02 0.12
1741 1812.032 102.4 1.89 0.09
1742 1812.380 109.2 1.96 -0.01
1743 1812.824 61.4 1.99 0.00
1744 1813.213 52.9 2.06 -0.01
1745 1813.438 119.5 2.06 -0.05
1746 1813.807 80.2 2.01 -0.01
1747 1814.872 68.3 1.99 0.06
1748 1815.165 81.9 1.97 0.02
1749 1815.739 35.8 1.97 0.09
1750 1815.848 75.1 2.05 0.10
1751 1816.865 81.9 2.14 -0.00
1752 1817.193 116.1 2.12 0.07
1753 1817.841 75.1 2.15 0.12
1754 1818.340 49.5 2.15 0.07
1755 1818.688 100.7 2.18 0.08
1756 1819.227 81.9 2.24 0.11
1757 1820.149 71.7 2.14 0.07
1758 1822.170 122.9 2.19 0.15
1759 1824.579 66.6 2.04 0.12
1760 1824.907 75.1 2.14 0.06
1761 1826.163 78.5 2.21 -0.01
1762 1826.750 52.9 2.10 -0.05
1763 1828.198 70.0 2.01 0.06
1764 1829.344 85.3 2.03 0.12
1765 1829.420 44.4 2.09 0.11
1766 1830.471 76.8 2.11 0.12
1767 1830.962 75.1 2.04 0.09
1768 1832.539 88.7 2.04 0.01
1769 1833.359 75.1 1.99 0.10
1770 1833.761 59.7 1.99 0.08
1771 1833.925 75.1 1.98 0.10
1772 1835.830 75.1 2.03 -0.02
1773 1837.188 71.7 2.01 0.10
1774 1837.455 85.3 1.99 0.07
1775 1838.533 102.4 2.06 0.02
1776 1839.345 100.7 2.01 0.06
1777 1842.595 102.4 2.02 0.08
1778 1845.196 47.8 2.03 0.06
1779 1846.582 88.7 2.02 0.02
1780 1847.619 80.2 2.10 0.01
1781 1850.500 71.7 2.07 0.02
1782 1850.698 97.3 2.09 -0.07
1783 1852.815 88.7 1.95 -0.03
1784 1854.269 58.0 1.99 -0.03
1785 1854.446 81.9 1.98 -0.02
1786 1855.723 58.0 2.12 -0.01
1787 1858.494 68.3 2.11 -0.09
1788 1858.979 73.4 2.12 -0.07
1789 1859.423 85.3 2.02 -0.08
1790 1860.030 47.8 2.06 -0.03
1791 1860.645 87.0 2.05 -0.04
1792 1861.170 102.4 2.01 -0.08
1793 1861.505 88.7 2.00 -0.07
1794 1862.672 92.2 2.05 -0.03
1795 1864.365 73.4 2.12 -0.01
1796 1865.662 105.8 2.05 0.02
1797 1865.888 75.1 2.06 0.14
1798 1866.099 95.6 2.08 0.13
1799 1866.557 78.5 2.18 0.01
1800 1866.898 68.3 2.17 -0.04
1801 1867.820 104.1 2.16 -0.05
1802 1868.741 56.3 2.20 -0.10
1803 1869.902 68.3 2.24 -0.09
1804 1870.175 66.6 2.14 -0.06
1805 1871.956 68.3 2.18 0.03
1806 1872.175 25.6 2.07 0.00
1807 1874.339 102.4 2.22 -0.06
1808 1875.281 116.1 2.18 -0.05
1809 1876.797 68.3 2.17 -0.06
1810 1879.473 102.4 2.14 0.03
1811 1879.712 46.1 2.18 0.03
1812 1881.050 51.2 2.15 -0.01
1813 1881.350 63.1 2.10 -0.01
1814 1882.695 51.2 2.09 0.01
1815 1883.514 81.9 2.14 0.00
1816 1885.187 88.7 2.24 0.02
1817 1885.412 49.5 2.17 0.03
1818 1886.914 70.0 2.08 -0.10
1819 1887.999 35.8 2.06 -0.10
1820 1888.812 88.7 2.02 -0.13
1821 1890.450 73.4 2.03 -0.19
1822 1890.593 58.0 2.06 -0.15
1823 1890.716 30.7 2.09 -0.13
1824 1892.191 95.6 2.13 -0.10
1825 1892.471 41.0 2.09 -0.20
1826 1893.754 95.6 2.10 0.00
1827 1893.863 42.7 2.08 -0.10
1828 1893.938 75.1 2.13 -0.11
1829 1894.908 73.4 2.10 -0.08
1830 1895.024 83.6 2.10 -0.06
1831 1896.314 78.5 2.16 0.11
1832 1896.799 99.0 2.04 0.05
1833 1897.331 58.0 2.09 0.08
1834 1897.604 61.4 2.08 0.18
1835 1898.246 88.7 2.25 -0.08
1836 1898.724 139.9 2.15 -0.07
1837 1899.939 76.8 2.18 -0.04
1838 1903.209 66.6 2.06 -0.09
1839 1903.857 56.3 2.17 -0.02
1840 1904.281 157.0 2.13 -0.02
1841 1905.639 92.2 2.15 0.02
1842 1906.179 99.0 2.12 -0.06
1843 1906.568 109.2 2.20 0.01
1844 1909.899 133.1 2.15 0.02
1845 1912.049 71.7 2.16 -0.02
1846 1912.486 73.4 2.25 -0.01
1847 1913.688 75.1 2.17 0.00
1848 1914.787 75.1 2.22 -0.03
1849 1915.340 129.7 2.03 0.08
1850 1915.920 68.3 2.15 0.02
1851 1917.449 85.3 2.12 -0.16
1852 1918.153 59.7 2.16 -0.11
1853 1918.992 56.3 2.15 0.00
1854 1920.433 63.1 2.03 -0.01
1855 1921.245 46.1 2.09 -0.03
1856 1922.003 71.7 2.03 0.00
1857 1922.276 63.1 1.98 -0.01
1858 1922.679 81.9 2.06 0.01
1859 1923.102 61.4 2.05 0.01
1860 1923.928 63.1 2.01 -0.01
1861 1924.768 56.3 2.01 -0.03
1862 1925.600 138.2 2.01 0.06
1863 1926.133 88.7 2.04 0.01
1864 1926.297 78.5 2.03 0.02
1865 1926.638 109.2 2.04 0.05
1866 1927.157 88.7 2.00 0.03
1867 1927.935 83.6 1.99 0.08
1868 1929.294 105.8 2.08 0.08
1869 1929.724 42.7 2.06 0.04
1870 1932.912 37.5 2.12 0.09
1871 1934.632 56.3 2.00 0.10
1872 1936.817 75.1 2.06 0.12
1873 1936.899 46.1 2.06 0.12
1874 1938.059 41.0 2.09 0.09
1875 1939.015 73.4 2.15 0.07
1876 1939.718 58.0 2.09 0.11
1877 1941.370 52.9 2.10 0.03
1878 1945.835 81.9 2.05 0.14
1879 1946.367 56.3 2.06 0.12
1880 1946.545 61.4 1.99 0.12
1881 1950.989 63.1 2.02 0.00
1882 1953.883 85.3 2.02 0.03
1883 1954.361 102.4 2.02 0.04
1884 1956.198 73.4 2.03 0.00
1885 1958.689 124.6 1.95 0.09
1886 1959.665 71.7 1.93 0.09
1887 1960.171 95.6 1.93 0.11
1888 1960.437 122.9 1.90 0.09
1889 1962.485 80.2 1.92 -0.02
1890 1962.806 83.6 1.87 -0.00
1891 1964.110 198.0 1.87 -0.02
1892 1964.301 78.5 1.90 0.03
1893 1965.652 100.7 1.96 0.02
1894 1966.636 30.7 2.00 0.01
1895 1967.612 81.9 1.92 -0.03
1896 1968.158 70.0 1.92 -0.03
1897 1968.267 76.8 1.93 -0.02
1898 1968.390 97.3 1.90 0.02
1899 1969.585 61.4 1.97 0.03
1900 1970.144 63.1 2.03 0.04
1901 1970.793 68.3 1.98 0.03
1902 1970.957 52.9 2.02 0.02
1903 1972.090 64.9 1.93 0.07
1904 1972.438 49.5 1.98 -0.00
1905 1975.135 58.0 2.10 -0.07
1906 1976.609 39.3 2.13 -0.09
1907 1977.271 41.0 2.09 -0.12
1908 1977.872 52.9 2.08 -0.11
1909 1978.022 73.4 2.06 -0.09
1910 1978.589 81.9 2.07 -0.07
1911 1978.978 121.2 2.14 -0.01
1912 1980.466 66.6 2.22 -0.06
1913 1980.965 75.1 2.19 -0.09
1914 1981.115 88.7 2.22 -0.05
1915 1981.354 56.3 2.19 -0.05
1916 1982.412 59.7 2.21 -0.03
1917 1982.767 85.3 2.19 0.05
1918 1989.164 75.1 2.21 -0.10
1919 1990.508 78.5 2.22 -0.11
1920 1991.935 95.6 2.23 -0.09
1921 1992.734 68.3 2.12 0.01
1922 1993.082 87.0 2.27 -0.08
1923 1993.389 78.5 2.23 -0.06
1924 1994.427 78.5 2.23 -0.04
1925 1996.605 75.1 2.11 -0.05
1926 1997.608 139.9 2.17 0.02
1927 1998.994 102.4 2.07 -0.02
1928 1999.444 95.6 2.12 -0.06
1929 1999.622 37.5 2.12 0.00
1930 1999.847 51.2 2.05 -0.02
1931 2005.616 63.1 2.20 0.08
1932 2006.182 46.1 2.24 -0.00
1933 2006.449 76.8 2.23 0.01
1934 2008.729 75.1 2.21 0.03
1935 2009.254 81.9 2.15 0.04
1936 2009.589 85.3 2.11 0.02
1937 2013.002 76.8 2.12 0.06
1938 2015.153 68.3 2.09 0.13
1939 2016.545 70.0 2.14 0.06
1940 2018.832 95.6 2.15 -0.01
1941 2023.133 136.5 2.06 0.12
1942 2024.464 76.8 2.13 0.15
1943 2024.969 54.6 2.14 0.15
1944 2025.024 41.0 2.17 0.15
1945 2025.126 41.0 2.18 0.17
1946 2026.929 59.7 2.22 -0.02
1947 2028.205 66.6 2.15 0.05
1948 2029.004 88.7 2.24 0.07
1949 2033.141 88.7 2.13 0.03
1950 2036.029 105.8 2.13 0.14
1951 2036.213 88.7 2.08 0.14
1952 2036.397 49.5 2.04 0.14
1953 2036.650 41.0 2.07 0.14
1954 2037.148 81.9 2.06 0.08
1955 2037.537 59.7 2.09 0.15
1956 2039.046 70.0 2.08 0.09
1957 2039.722 39.3 2.12 0.13
1958 2040.404 58.0 2.14 0.13
1959 2040.602 68.3 2.13 0.13
1960 2043.319 81.9 2.12 0.09
1961 2043.531 73.4 2.09 0.10
1962 2043.702 157.0 2.07 0.22
1963 2045.033 75.1 2.15 0.02
1964 2045.176 61.4 2.18 0.06
1965 2045.286 68.3 2.16 0.05
1966 2045.750 80.2 2.15 0.07
1967 2046.050 83.6 2.19 -0.04
1968 2046.234 78.5 2.13 0.02
1969 2047.183 75.1 2.18 0.17
1970 2048.337 76.8 2.13 0.12
1971 2048.726 41.0 2.15 0.09
1972 2049.095 64.9 2.13 0.08
1973 2049.832 88.7 2.12 0.01
1974 2052.133 64.9 2.07 0.04
1975 2053.361 78.5 2.04 0.09
1976 2054.051 52.9 2.07 0.07
1977 2054.160 63.1 2.10 0.07
1978 2055.887 124.6 2.07 0.08
1979 2056.119 88.7 2.06 0.08
1980 2056.556 109.2 2.12 0.08
1981 2056.802 58.0 2.07 0.06
1982 2057.273 56.3 2.08 0.00
1983 2058.461 76.8 2.08 0.09
1984 2063.315 66.6 2.18 0.04
1985 2063.499 70.0 2.12 0.01
1986 2063.588 46.1 2.16 -0.01
1987 2065.049 63.1 2.08 -0.07
1988 2066.441 68.3 2.14 -0.05
1989 2067.329 81.9 2.11 -0.06
1990 2068.052 73.4 2.12 0.07
1991 2068.442 42.7 2.08 0.06
1992 2068.960 76.8 2.11 -0.02
1993 2069.541 70.0 2.09 -0.02
1994 2072.968 81.9 2.13 0.07
1995 2073.418 95.6 2.10 0.04
1996 2073.555 116.1 2.08 0.04
1997 2075.111 75.1 2.13 0.02
1998 2076.559 107.5 2.17 0.01
1999 2078.204 64.9 2.09 0.10
2000 2078.600 150.2 2.08 0.08
