1 0.917 68.3 2.01 0.16
2 3.197 37.5 2.11 0.20
3 3.450 47.8 2.08 0.23
4 5.935 51.2 2.04 0.13
5 6.044 71.7 2.04 0.11
6 6.208 59.7 1.95 0.14
7 7.136 75.1 1.98 0.16
8 7.724 85.3 1.97 0.19
9 8.761 78.5 1.97 0.15
10 12.004 64.9 2.13 0.11
11 12.140 66.6 2.15 0.11
12 13.451 66.6 2.19 0.15
13 14.653 93.9 2.21 0.16
14 15.909 39.3 2.18 0.15
15 16.168 51.2 2.15 0.15
16 17.479 41.0 2.14 0.17
17 17.745 56.3 2.08 0.16
18 18.086 59.7 2.11 0.08
19 18.660 81.9 2.07 0.13
20 19.288 56.3 2.14 0.07
21 20.387 75.1 2.16 0.11
22 22.769 58.0 2.17 0.18
23 23.316 85.3 2.19 0.10
24 24.108 95.6 2.14 0.05
25 24.346 56.3 2.18 0.03
26 24.940 68.3 2.23 0.18
27 25.350 64.9 2.16 0.10
28 25.480 68.3 2.18 0.10
29 26.586 73.4 2.14 0.03
30 28.087 85.3 2.14 0.10
31 28.279 76.8 2.16 0.08
32 28.538 71.7 2.15 0.08
33 28.886 104.1 2.09 0.08
34 30.914 102.4 2.02 0.12
35 32.320 83.6 2.03 0.05
36 32.450 85.3 2.02 0.09
37 33.952 46.1 1.99 0.10
38 34.962 68.3 2.02 0.12
39 35.529 68.3 2.06 0.11
40 35.720 68.3 2.04 0.07
41 36.034 95.6 2.04 0.13
42 36.266 68.3 2.02 0.11
43 36.621 83.6 2.06 0.14
44 36.723 68.3 2.03 0.12
45 38.089 75.1 2.07 0.12
46 38.846 71.7 2.09 0.11
47 40.403 66.6 2.04 0.21
48 44.076 109.2 2.08 0.16
49 45.482 95.6 2.07 0.22
50 47.011 95.6 2.02 0.10
51 47.182 78.5 2.04 0.10
52 47.564 63.1 2.06 0.11
53 48.083 124.6 2.08 0.03
54 49.216 51.2 2.06 -0.01
55 50.568 81.9 2.03 0.00
56 50.875 35.8 2.03 -0.02
57 51.694 100.7 2.05 0.02
58 52.124 88.7 2.03 -0.04
59 53.387 63.1 1.99 0.16
60 53.565 59.7 2.02 0.21
61 54.247 88.7 2.10 0.01
62 55.046 88.7 1.97 0.12
63 55.408 88.7 1.96 0.03
64 55.551 99.0 2.00 0.02
65 56.814 68.3 1.93 0.02
66 57.456 70.0 1.92 -0.02
67 59.340 81.9 2.05 -0.04
68 61.149 97.3 1.94 -0.00
69 63.040 52.9 1.95 0.05
70 63.217 109.2 2.02 0.05
71 63.907 54.6 2.00 0.10
72 64.303 80.2 1.98 0.01
73 64.665 75.1 1.88 0.03
74 65.225 80.2 1.95 0.12
75 66.460 85.3 1.97 0.09
76 66.590 73.4 2.01 0.09
77 67.368 51.2 1.92 0.09
78 67.505 78.5 1.90 0.09
79 70.331 109.2 1.96 0.08
80 70.836 68.3 1.97 0.11
81 71.041 97.3 1.92 0.07
82 72.058 59.7 1.93 0.08
83 73.369 61.4 2.04 0.06
84 75.082 116.1 1.94 0.08
85 75.669 61.4 1.97 0.01
86 77.301 95.6 2.05 0.17
87 79.902 71.7 2.01 0.12
88 80.646 56.3 1.97 0.05
89 82.551 99.0 1.91 0.04
90 83.895 81.9 1.85 0.15
91 84.960 66.6 1.80 0.15
92 86.810 88.7 1.92 0.06
93 87.002 47.8 1.93 0.08
94 88.756 68.3 2.01 0.18
95 89.712 102.4 2.16 0.07
96 89.903 70.0 2.18 0.03
97 90.046 75.1 2.18 0.03
98 90.722 88.7 1.95 0.08
99 90.859 68.3 2.00 0.06
100 92.012 68.3 2.04 -0.04
101 92.142 68.3 2.05 -0.03
102 93.603 133.1 1.97 -0.06
103 94.497 83.6 1.93 0.05
104 94.641 71.7 2.03 0.06
105 95.473 76.8 2.05 0.08
106 96.887 47.8 1.74 0.04
107 99.160 59.7 1.87 0.23
108 100.361 112.6 1.94 0.09
109 101.119 95.6 1.91 0.05
110 102.341 75.1 1.89 0.04
111 104.123 52.9 1.97 0.07
112 105.966 121.2 1.84 0.11
113 106.778 51.2 1.86 0.03
114 107.168 143.4 1.97 -0.07
115 107.441 102.4 1.85 0.03
116 107.891 66.6 1.90 0.07
117 112.492 68.3 2.07 0.08
118 112.847 73.4 2.04 0.12
119 114.254 80.2 1.94 0.08
120 115.168 68.3 2.00 0.11
121 117.462 88.7 2.17 0.09
122 117.879 35.8 2.20 0.04
123 118.131 58.0 2.16 0.03
124 119.933 93.9 2.06 0.13
125 123.033 59.7 1.94 0.13
126 124.132 109.2 1.89 0.25
127 125.484 64.9 2.02 0.16
128 125.859 56.3 1.98 0.14
129 126.043 54.6 1.98 0.18
130 126.112 34.1 2.03 0.21
131 126.651 122.9 2.01 0.12
132 127.074 102.4 1.98 0.17
133 127.436 81.9 2.02 0.20
134 128.972 81.9 2.11 0.14
135 129.095 61.4 2.13 0.11
136 129.272 47.8 2.14 0.14
137 129.341 47.8 2.14 0.10
138 130.542 109.2 2.13 0.16
139 131.320 99.0 1.86 0.16
140 131.389 59.7 0.97 0.16
141 135.034 58.0 2.09 0.16
142 136.113 75.1 2.18 0.07
143 139.328 81.9 2.21 0.05
144 139.847 75.1 2.20 0.09
145 140.243 75.1 2.17 0.04
146 141.294 63.1 2.12 0.01
147 141.806 64.9 2.10 0.03
148 142.694 73.4 2.17 0.07
149 146.551 44.4 2.15 0.06
150 147.110 129.7 2.16 0.03
151 148.442 73.4 2.12 0.24
152 148.578 76.8 2.06 0.25
153 149.814 49.5 2.17 0.08
154 150.824 81.9 2.19 0.12
155 151.118 76.8 1.92 0.15
156 151.329 95.6 2.12 0.21
157 151.787 68.3 2.01 0.23
158 154.087 68.3 2.12 0.28
159 155.862 44.4 2.04 0.04
160 156.142 68.3 2.09 -0.01
161 157.439 75.1 2.01 -0.06
162 157.849 75.1 1.94 -0.08
163 158.135 143.4 2.01 -0.00
164 159.180 47.8 2.02 0.01
165 160.450 58.0 2.25 0.01
166 161.986 81.9 2.11 0.07
167 163.160 46.1 2.09 0.02
168 163.296 102.4 2.01 -0.01
169 164.402 81.9 2.01 0.07
170 164.648 70.0 1.98 0.05
171 165.768 92.2 1.96 0.05
172 169.085 78.5 1.91 0.17
173 169.345 64.9 1.90 0.08
174 170.266 52.9 1.85 0.21
175 170.362 44.4 1.97 0.23
176 170.546 75.1 1.89 0.22
177 172.431 68.3 1.95 0.22
178 172.956 59.7 2.08 0.24
179 174.861 70.0 2.11 0.39
180 176.834 122.9 1.83 0.17
181 177.714 52.9 1.81 0.16
182 177.899 75.1 1.73 0.03
183 178.568 88.7 1.96 0.12
184 180.049 104.1 2.05 0.11
185 180.636 81.9 2.09 0.05
186 183.292 68.3 2.10 0.16
187 183.599 75.1 2.07 0.17
188 185.135 78.5 2.17 0.08
189 186.309 58.0 2.12 0.09
190 187.859 61.4 2.02 0.11
191 188.992 71.7 2.07 0.02
192 189.681 110.9 2.10 0.09
193 191.880 73.4 2.05 0.22
194 193.941 85.3 2.06 0.11
195 196.549 68.3 2.03 0.11
196 198.659 75.1 1.90 0.13
197 199.068 85.3 1.91 0.12
198 200.133 63.1 1.87 0.13
199 200.393 68.3 1.80 0.19
200 200.645 105.8 1.88 0.18
201 202.174 76.8 1.98 0.08
202 202.270 68.3 1.91 0.18
203 204.755 70.0 2.05 0.09
204 204.953 112.6 2.08 0.21
205 205.724 95.6 1.93 0.07
206 205.990 126.3 1.90 0.04
207 206.154 90.5 1.91 -0.02
208 206.591 102.4 1.95 -0.07
209 209.458 90.5 1.95 0.03
210 210.755 81.9 1.91 0.05
211 211.411 68.3 1.87 0.39
212 212.373 87.0 1.65 0.23
213 212.824 136.5 1.70 0.22
214 213.548 78.5 1.64 0.19
215 213.807 107.5 1.59 0.22
216 217.248 51.2 1.84 0.19
217 217.732 51.2 1.87 0.18
218 220.251 102.4 1.98 0.14
219 220.634 68.3 2.05 0.15
220 221.903 92.2 2.00 0.06
221 222.040 52.9 1.94 0.08
222 222.231 64.9 1.97 0.05
223 222.388 81.9 1.97 0.02
224 223.071 88.7 1.97 0.00
225 223.637 78.5 1.95 -0.10
226 223.760 52.9 1.93 0.01
227 225.324 75.1 1.91 -0.03
228 226.129 85.3 1.98 0.05
229 227.201 95.6 1.93 -0.00
230 227.836 97.3 1.90 -0.06
231 228.088 81.9 1.97 -0.06
232 228.791 102.4 1.90 -0.04
233 229.078 85.3 1.90 -0.09
234 229.426 85.3 1.94 -0.08
235 230.812 92.2 1.88 0.03
236 231.952 64.9 1.88 -0.02
237 232.116 81.9 1.87 0.01
238 232.437 81.9 1.91 0.00
239 232.860 34.1 1.92 0.05
240 236.615 64.9 1.81 0.09
241 240.506 68.3 2.05 -0.03
242 240.711 70.0 2.01 -0.12
243 242.192 58.0 2.01 0.07
244 243.851 95.6 2.03 0.10
245 244.151 70.0 1.93 0.11
246 244.452 59.7 1.95 0.10
247 246.254 64.9 2.00 0.03
248 246.868 81.9 1.98 0.16
249 247.066 90.5 1.93 0.10
250 247.312 64.9 1.92 0.06
251 247.531 81.9 1.89 0.12
252 247.640 88.7 1.91 0.11
253 248.063 75.1 1.95 0.15
254 248.657 81.9 1.94 0.14
255 248.787 75.1 1.93 0.14
256 251.490 88.7 1.79 0.03
257 254.658 71.7 1.79 0.02
258 255.204 85.3 1.78 0.05
259 255.927 116.1 1.86 0.07
260 256.883 88.7 1.79 0.04
261 257.293 85.3 1.89 0.10
262 257.900 75.1 1.94 0.08
263 258.064 78.5 2.00 0.13
264 258.999 66.6 1.95 0.05
265 260.262 73.4 2.02 0.25
266 263.007 122.9 2.00 0.20
267 263.758 92.2 1.86 0.17
268 263.853 64.9 1.99 0.17
269 266.912 75.1 1.94 0.12
270 267.055 71.7 1.96 0.12
271 267.178 66.6 1.95 0.15
272 267.574 75.1 1.94 0.19
273 269.888 58.0 1.88 0.06
274 270.011 99.0 1.89 0.08
275 270.093 32.4 1.93 0.05
276 274.387 129.7 1.99 0.10
277 276.257 68.3 2.05 0.04
278 278.967 105.8 2.01 0.02
279 279.978 119.5 1.92 0.00
280 280.613 56.3 1.87 -0.01
281 283.145 76.8 1.91 -0.01
282 284.866 68.3 1.97 -0.14
283 286.525 81.9 1.86 -0.01
284 286.613 75.1 1.82 -0.01
285 287.064 75.1 1.84 -0.22
286 287.316 56.3 1.74 0.07
287 288.218 68.3 1.72 0.02
288 288.661 99.0 1.64 -0.08
289 288.989 87.0 1.64 -0.14
290 289.119 44.4 1.82 -0.04
291 289.481 76.8 1.70 -0.01
292 290.259 75.1 1.74 0.04
293 291.993 71.7 1.71 -0.19
294 293.495 95.6 1.89 0.13
295 293.938 68.3 1.98 0.07
296 295.768 68.3 1.90 0.07
297 297.051 129.7 2.15 -0.05
298 297.522 39.3 1.95 0.06
299 299.680 78.5 2.07 -0.02
300 301.127 75.1 2.06 0.00
301 302.676 73.4 2.02 0.06
302 302.881 266.2 1.99 0.07
303 303.264 81.9 1.95 0.07
304 304.124 59.7 2.00 0.06
305 304.240 78.5 1.94 -0.03
306 304.499 75.1 2.04 0.04
307 304.588 75.1 2.02 -0.03
308 304.936 75.1 2.04 0.04
309 305.346 75.1 2.06 0.10
310 306.424 85.3 2.11 0.14
311 307.633 92.2 2.08 0.17
312 308.759 88.7 2.04 0.07
313 309.107 64.9 2.01 0.10
314 309.674 51.2 2.16 0.03
315 309.831 68.3 2.21 -0.10
316 309.995 54.6 2.10 0.01
317 310.862 68.3 2.05 0.11
318 312.172 75.1 2.06 -0.04
319 314.698 116.1 2.09 0.05
320 317.436 29.0 2.11 0.12
321 318.316 68.3 2.15 0.09
322 318.487 97.3 2.11 -0.02
323 319.081 109.2 2.13 -0.01
324 319.805 71.7 2.03 -0.01
325 320.221 95.6 2.08 0.06
326 320.685 70.0 2.18 0.20
327 321.259 70.0 2.11 0.20
328 321.395 81.9 2.02 0.12
329 322.658 88.7 2.19 0.19
330 324.570 46.1 2.18 0.10
331 326.747 54.6 2.05 0.14
332 326.904 73.4 2.10 0.14
333 327.314 51.2 2.08 0.20
334 327.826 59.7 2.12 0.20
335 328.085 78.5 2.06 0.20
336 331.075 81.9 2.02 0.10
337 331.860 68.3 2.02 0.16
338 332.386 39.3 2.00 0.19
339 332.502 75.1 2.02 0.21
340 333.274 95.6 2.06 0.13
341 333.492 49.5 2.03 0.18
342 335.035 81.9 2.07 0.17
343 336.032 109.2 2.00 0.15
344 338.148 52.9 2.00 0.18
345 341.281 81.9 2.03 0.21
346 342.790 59.7 2.13 0.18
347 342.967 18.8 2.13 0.21
348 343.718 88.7 2.14 0.19
349 345.009 61.4 2.12 0.13
350 346.531 37.5 2.26 0.16
351 347.139 47.8 2.20 0.12
352 349.480 59.7 1.99 0.00
353 350.013 42.7 1.99 0.09
354 351.214 71.7 1.97 0.11
355 352.914 49.5 2.14 0.00
356 354.655 99.0 2.01 0.10
357 355.112 44.4 2.03 0.14
358 355.358 81.9 2.12 0.11
359 356.942 75.1 2.24 0.17
360 361.638 122.9 1.97 0.09
361 362.649 104.1 2.07 -0.02
362 362.888 61.4 2.13 0.09
363 368.158 63.1 2.18 0.12
364 369.318 75.1 2.21 0.08
365 371.182 165.5 2.09 0.23
366 373.892 92.2 2.21 0.07
367 374.165 75.1 2.09 0.09
368 376.944 70.0 2.12 0.03
369 377.647 73.4 2.19 -0.05
370 378.719 88.7 2.05 -0.04
371 379.586 95.6 1.99 0.10
372 381.067 63.1 1.94 0.09
373 381.600 64.9 2.03 0.09
374 382.644 83.6 2.06 0.13
375 382.746 56.3 2.04 0.13
376 384.146 133.1 2.03 0.12
377 385.941 58.0 2.23 0.16
378 388.303 93.9 2.05 0.18
379 389.641 76.8 2.02 0.22
380 390.003 71.7 2.01 0.19
381 390.932 75.1 2.05 0.19
382 391.068 63.1 2.08 0.19
383 394.748 68.3 1.93 0.02
384 395.656 109.2 1.96 0.05
385 395.867 68.3 2.01 0.17
386 398.175 68.3 1.77 0.13
387 399.629 191.1 1.81 -0.00
388 399.813 95.6 1.88 0.01
389 400.516 88.7 1.83 0.16
390 400.748 109.2 1.93 -0.03
391 400.980 95.6 1.96 0.12
392 402.728 109.2 1.93 0.13
393 403.595 99.0 1.80 0.29
394 405.329 109.2 1.81 -0.00
395 405.821 30.7 1.83 0.12
396 406.353 116.1 1.82 0.06
397 406.988 102.4 1.85 -0.03
398 411.596 63.1 1.83 0.04
399 412.804 75.1 1.84 0.08
400 413.200 80.2 1.83 0.11
401 414.258 100.7 1.92 0.15
402 417.986 88.7 1.80 0.14
403 423.317 73.4 1.76 0.02
404 425.277 81.9 1.83 0.14
405 426.772 52.9 1.90 0.00
406 427.011 81.9 1.70 0.22
407 427.632 109.2 1.71 0.06
408 428.137 75.1 1.58 0.08
409 429.236 85.3 2.06 0.01
410 429.598 95.6 1.79 0.10
411 429.871 78.5 1.88 -0.01
412 429.987 75.1 1.87 -0.02
413 430.479 138.2 1.87 -0.09
414 431.141 81.9 1.91 0.09
415 432.015 105.8 1.85 0.03
416 432.267 112.6 1.90 -0.01
417 433.346 68.3 1.97 -0.12
418 435.646 68.3 1.78 -0.12
419 437.858 95.6 1.74 0.14
420 438.063 81.9 1.67 0.22
421 438.165 81.9 1.67 0.20
422 440.152 68.3 1.94 0.12
423 442.917 119.5 1.85 0.08
424 443.729 105.8 1.88 0.03
425 443.886 59.7 1.85 0.03
426 444.869 109.2 1.80 -0.07
427 444.999 75.1 1.80 -0.01
428 445.122 68.3 1.79 0.01
429 445.668 95.6 1.82 0.06
430 446.501 122.9 1.76 0.09
431 446.999 102.4 1.72 0.03
432 447.736 68.3 1.91 0.01
433 448.119 104.1 1.91 0.01
434 448.590 75.1 1.85 0.03
435 449.095 88.7 1.81 0.05
436 450.044 109.2 1.82 -0.02
437 450.385 78.5 1.78 0.00
438 450.658 76.8 1.64 -0.02
439 450.965 133.1 1.85 0.02
440 451.675 61.4 1.88 0.03
441 451.812 66.6 1.86 0.03
442 453.914 75.1 1.80 0.11
443 457.287 87.0 1.50 0.06
444 457.430 81.9 1.77 -0.03
445 457.519 66.6 1.89 0.03
446 459.335 109.2 1.77 -0.00
447 459.772 95.6 1.76 0.12
448 460.031 75.1 1.71 0.03
449 462.059 68.3 2.06 0.18
450 463.233 63.1 1.93 0.18
451 464.045 105.8 2.04 0.18
452 465.800 66.6 2.10 0.02
453 466.339 95.6 2.07 0.16
454 466.831 90.5 2.04 0.04
455 467.104 109.2 2.05 0.05
456 467.773 81.9 2.09 0.07
457 469.575 119.5 1.97 0.16
458 470.961 81.9 2.01 0.15
459 471.275 109.2 2.13 0.17
460 471.828 75.1 1.92 0.15
461 472.449 97.3 2.01 0.18
462 472.599 93.9 1.94 0.19
463 475.637 93.9 1.98 0.25
464 476.681 75.1 2.03 0.09
465 478.613 68.3 1.96 0.20
466 479.255 107.5 1.97 0.10
467 479.747 68.3 1.92 0.21
468 479.876 68.3 1.90 0.17
469 480.975 81.9 1.89 0.07
470 481.713 75.1 1.85 0.11
471 482.074 81.9 1.83 0.25
472 482.429 81.9 1.89 0.10
473 483.037 112.6 1.90 0.06
474 483.706 49.5 1.89 0.13
475 484.457 102.4 1.98 0.05
476 484.805 54.6 1.97 0.09
477 485.679 78.5 1.79 -0.02
478 488.935 76.8 2.14 0.06
479 489.181 46.1 2.09 0.07
480 490.847 54.6 2.10 0.09
481 491.454 102.4 1.99 0.07
482 491.598 88.7 2.04 0.07
483 493.154 68.3 1.95 0.03
484 497.851 64.9 2.19 0.18
485 498.602 58.0 2.18 0.04
486 499.298 75.1 2.14 0.09
487 499.605 73.4 2.25 0.12
488 499.837 49.5 2.22 0.07
489 501.216 61.4 2.18 0.23
490 501.339 70.0 2.15 0.23
491 503.640 81.9 2.06 -0.03
492 504.923 54.6 2.04 0.07
493 505.073 95.6 2.03 0.17
494 505.797 83.6 2.12 0.11
495 506.500 35.8 2.06 0.26
496 507.046 112.6 2.14 0.15
497 511.026 63.1 2.26 0.23
498 512.460 85.3 2.30 0.18
499 513.777 64.9 2.19 0.19
500 514.385 51.2 2.15 0.16
501 514.494 64.9 2.14 0.15
502 514.877 75.1 2.14 0.15
503 515.491 64.9 2.19 0.14
504 515.812 66.6 2.16 0.13
505 516.010 88.7 2.05 0.05
506 516.624 64.9 2.22 0.09
507 517.662 87.0 1.98 -0.11
508 518.938 92.2 2.00 0.18
509 519.833 99.0 1.95 0.07
510 521.396 64.9 2.12 0.11
511 524.871 109.2 2.25 0.09
512 525.840 81.9 2.13 0.18
513 526.147 42.7 0.98 0.22
514 526.926 97.3 2.10 0.26
515 527.540 47.8 2.04 0.21
516 528.878 92.2 1.90 0.02
517 529.274 88.7 1.91 0.19
518 529.390 104.1 1.81 0.12
519 531.288 95.6 1.71 0.18
520 532.667 80.2 1.95 0.30
521 532.954 49.5 1.98 0.26
522 533.752 52.9 1.89 0.15
523 534.496 78.5 2.04 0.18
524 534.865 63.1 2.06 0.25
525 535.022 119.5 2.01 0.26
526 536.285 165.5 2.04 0.24
527 536.483 44.4 2.01 0.21
528 537.022 150.2 1.96 0.30
529 537.172 102.4 1.98 0.19
530 537.418 41.0 1.95 0.29
531 538.251 75.1 1.99 0.13
532 539.903 105.8 1.85 0.20
533 540.285 102.4 2.09 0.09
534 542.893 30.7 1.95 0.22
535 543.508 30.7 1.97 0.14
536 545.207 54.6 2.03 0.12
537 545.699 80.2 2.11 0.10
538 546.962 68.3 2.13 0.15
539 547.569 83.6 1.93 -0.01
540 548.450 75.1 1.87 0.26
541 550.396 75.1 1.85 0.25
542 551.010 102.4 1.71 0.22
543 553.010 85.3 2.15 0.02
544 553.195 30.7 2.15 0.07
545 553.632 37.5 2.18 0.01
546 554.724 141.7 1.97 0.10
547 555.004 102.4 2.01 0.01
548 555.502 121.2 1.86 0.07
549 556.990 78.5 1.88 0.27
550 557.762 63.1 1.94 0.41
551 558.711 41.0 1.93 0.40
552 558.963 70.0 2.00 0.36
553 561.537 186.0 2.01 0.33
554 561.673 71.7 2.07 0.30
555 564.199 75.1 2.06 0.31
556 565.892 88.7 2.04 0.37
557 568.370 88.7 1.99 0.43
558 568.664 116.1 1.98 0.39
559 572.937 81.9 1.78 0.21
560 573.163 71.7 1.93 0.32
561 574.030 85.3 1.94 0.32
562 575.613 68.3 1.81 0.07
563 575.729 58.0 1.89 0.27
564 576.337 124.6 1.90 0.25
565 576.733 92.2 1.85 0.18
566 578.037 68.3 1.88 0.17
567 581.635 25.6 1.99 0.06
568 581.805 85.3 1.87 0.02
569 582.153 64.9 1.92 0.28
570 582.529 68.3 1.91 0.21
571 583.450 52.9 1.86 0.18
572 583.744 95.6 1.77 0.11
573 586.365 95.6 1.86 0.25
574 588.168 92.2 2.16 0.34
575 588.386 76.8 1.97 0.34
576 588.693 95.6 2.17 0.26
577 588.816 49.5 2.13 0.24
578 591.233 61.4 2.11 0.34
579 591.451 56.3 2.14 0.36
580 592.462 63.1 2.04 0.29
581 592.789 70.0 2.07 0.24
582 592.899 80.2 2.09 0.17
583 593.902 66.6 2.06 0.33
584 595.452 88.7 2.00 0.45
585 595.677 81.9 1.98 0.46
586 596.947 88.7 2.02 0.34
587 597.930 73.4 2.08 0.32
588 600.360 58.0 2.07 0.30
589 603.023 80.2 1.97 0.30
590 603.364 75.1 2.08 0.39
591 603.855 119.5 1.98 0.36
592 606.115 81.9 2.13 0.32
593 606.709 76.8 2.19 0.38
594 606.886 68.3 2.20 0.19
595 609.057 88.7 2.05 0.32
596 609.160 81.9 2.17 0.35
597 609.576 58.0 2.08 0.29
598 610.798 56.3 2.12 0.27
599 612.593 78.5 2.14 0.26
600 613.781 90.5 2.13 0.27
601 615.768 68.3 1.98 0.12
602 616.751 80.2 2.03 0.11
603 617.789 78.5 2.00 0.19
604 618.437 88.7 1.90 0.16
605 619.325 73.4 1.92 0.18
606 620.622 63.1 1.95 0.21
607 621.059 68.3 1.97 0.25
608 621.359 64.9 1.98 0.24
609 621.652 71.7 1.99 0.18
610 621.946 88.7 1.91 0.21
611 623.441 66.6 1.93 0.28
612 623.912 99.0 1.96 0.21
613 626.704 49.5 1.97 0.12
614 629.585 56.3 2.05 0.31
615 630.650 83.6 1.97 0.25
616 631.961 23.9 2.06 0.24
617 632.261 47.8 2.08 0.25
618 633.381 75.1 2.12 0.27
619 633.531 64.9 2.06 0.28
620 634.664 80.2 1.96 0.14
621 635.190 87.0 1.99 0.23
622 635.422 83.6 2.05 0.27
623 638.180 68.3 2.06 0.18
624 638.282 71.7 2.04 0.24
625 638.371 61.4 2.01 0.23
626 639.600 80.2 2.06 0.19
627 640.603 75.1 2.00 0.24
628 640.726 75.1 2.01 0.22
629 645.621 76.8 1.88 0.29
630 645.778 78.5 1.92 0.27
631 650.140 41.0 2.03 0.15
632 650.481 102.4 1.97 0.12
633 654.025 80.2 2.00 0.07
634 654.339 71.7 1.94 -0.08
635 655.151 95.6 1.87 -0.00
636 656.571 71.7 1.98 0.12
637 658.510 78.5 1.95 0.23
638 658.831 102.4 1.97 0.07
639 659.718 122.9 1.93 0.08
640 660.851 88.7 1.98 0.05
641 663.268 81.9 1.99 0.10
642 664.067 78.5 2.03 0.09
643 664.401 80.2 2.05 0.03
644 667.985 30.7 1.98 0.10
645 669.309 88.7 2.08 0.15
646 669.780 64.9 2.00 0.21
647 670.033 114.3 2.04 0.18
648 672.368 78.5 1.99 0.33
649 672.839 83.6 1.91 0.25
650 673.931 68.3 1.95 0.26
651 674.559 32.4 1.92 0.26
652 676.559 64.9 1.96 0.21
653 680.539 109.2 1.90 0.18
654 680.819 56.3 1.90 0.15
655 681.167 81.9 1.94 0.13
656 681.666 76.8 1.91 0.16
657 684.321 75.1 2.01 0.10
658 684.485 95.6 1.99 0.11
659 687.967 97.3 1.95 0.07
660 688.486 102.4 2.09 0.17
661 689.994 75.1 1.95 0.28
662 690.117 76.8 1.96 0.28
663 691.517 87.0 2.21 0.32
664 691.796 58.0 2.07 0.19
665 692.370 133.1 2.25 0.28
666 693.155 75.1 1.96 0.08
667 693.899 47.8 2.09 0.19
668 695.128 70.0 2.09 0.24
669 696.343 83.6 1.98 0.18
670 696.432 73.4 1.96 0.18
671 697.824 68.3 2.16 0.28
672 699.231 68.3 2.08 0.25
673 702.508 93.9 2.10 0.30
674 705.129 95.6 1.96 0.14
675 705.429 88.7 1.90 0.16
676 706.044 93.9 1.69 0.04
677 706.959 88.7 1.82 0.15
678 707.184 139.9 1.89 0.15
679 707.812 102.4 1.85 0.04
680 708.010 95.6 1.89 -0.01
681 708.235 78.5 1.81 0.14
682 708.331 54.6 1.83 0.17
683 709.498 71.7 1.96 0.23
684 710.078 52.9 1.94 0.16
685 710.529 92.2 1.92 0.04
686 710.816 58.0 2.00 0.09
687 711.457 80.2 1.93 0.27
688 712.311 78.5 1.82 0.20
689 714.113 88.7 1.93 0.13
690 714.522 97.3 1.91 0.10
691 715.178 95.6 1.89 0.00
692 718.393 64.9 1.97 0.18
693 718.537 58.0 1.97 0.20
694 719.199 81.9 1.94 0.21
695 721.759 59.7 1.97 0.15
696 724.660 54.6 1.85 0.13
697 726.257 68.3 1.90 0.24
698 728.026 102.4 1.89 0.04
699 729.138 100.7 1.84 0.05
700 730.558 81.9 1.76 0.11
701 731.186 75.1 1.78 0.11
702 732.149 52.9 1.79 0.18
703 732.265 68.3 1.89 0.08
704 732.436 68.3 1.78 0.17
705 732.907 116.1 1.80 0.03
706 733.623 37.5 1.79 0.19
707 734.975 68.3 1.78 0.07
708 735.637 81.9 1.74 0.14
709 736.006 64.9 1.79 0.13
710 736.859 116.1 1.80 -0.03
711 737.276 102.4 1.79 0.05
712 737.986 66.6 1.79 0.13
713 738.170 59.7 1.68 0.09
714 741.549 76.8 1.78 0.11
715 742.266 92.2 1.81 0.03
716 742.969 78.5 1.78 0.07
717 746.034 88.7 1.84 0.07
718 746.444 92.2 1.90 0.05
719 746.963 81.9 1.72 0.11
720 748.103 88.7 1.63 0.05
721 748.239 59.7 1.63 0.11
722 754.028 78.5 1.76 0.02
723 754.308 81.9 1.84 0.06
724 755.312 81.9 1.98 0.01
725 755.667 59.7 1.94 0.26
726 756.745 56.3 1.76 -0.10
727 758.438 54.6 1.72 -0.16
728 759.196 64.9 1.70 -0.12
729 759.715 61.4 1.67 0.30
730 760.166 76.8 1.57 -0.08
731 760.903 102.4 1.56 0.07
732 764.303 81.9 1.62 0.01
733 765.402 42.7 1.54 0.00
734 765.777 75.1 1.53 -0.05
735 766.651 100.7 1.59 0.05
736 766.951 75.1 1.42 0.01
737 767.299 122.9 1.52 -0.03
738 767.654 58.0 1.57 -0.08
739 767.962 71.7 1.48 -0.03
740 769.068 81.9 1.60 -0.03
741 772.945 75.1 1.93 -0.03
742 773.546 75.1 1.89 -0.09
743 774.734 75.1 1.83 -0.11
744 776.536 88.7 1.83 -0.04
745 779.717 122.9 1.55 0.21
746 780.448 88.7 1.48 0.20
747 780.789 114.3 1.80 0.04
748 781.431 88.7 1.46 0.12
749 782.932 81.9 1.68 0.02
750 786.189 88.7 2.13 -0.06
751 786.653 61.4 1.58 0.04
752 787.042 119.5 2.07 -0.05
753 787.855 52.9 2.03 -0.06
754 788.012 52.9 2.03 -0.01
755 788.326 76.8 2.03 -0.10
756 788.803 105.8 2.08 -0.17
757 789.363 73.4 2.04 -0.07
758 790.305 58.0 2.14 -0.06
759 793.043 102.4 2.06 0.05
760 793.357 66.6 2.15 0.06
761 794.244 81.9 2.14 -0.05
762 796.907 116.1 2.03 -0.07
763 797.023 99.0 1.94 -0.07
764 801.528 66.6 2.13 -0.10
765 802.586 66.6 2.08 -0.09
766 803.276 71.7 2.16 -0.08
767 803.672 85.3 2.18 -0.03
768 805.160 49.5 2.13 -0.13
769 806.273 75.1 2.26 -0.11
770 807.386 68.3 2.22 -0.14
771 807.536 73.4 2.18 -0.14
772 808.819 71.7 2.09 0.01
773 808.969 47.8 2.01 0.00
774 810.096 75.1 2.08 0.05
775 811.359 75.1 2.03 0.06
776 811.748 68.3 2.09 0.04
777 814.103 64.9 2.16 -0.04
778 814.328 76.8 1.88 0.07
779 815.031 88.7 2.14 -0.11
780 816.008 80.2 1.86 -0.01
781 817.086 75.1 2.11 0.03
782 818.144 58.0 1.97 0.04
783 820.670 81.9 2.13 -0.11
784 821.537 95.6 2.13 -0.02
785 822.800 81.9 2.17 -0.04
786 824.302 56.3 2.08 -0.00
787 824.616 146.8 2.09 -0.09
788 827.176 80.2 2.08 0.20
789 829.101 46.1 2.01 0.06
790 831.702 90.5 2.15 0.11
791 833.218 61.4 2.03 0.15
792 833.361 105.8 2.04 0.12
793 834.358 63.1 1.93 0.13
794 834.897 68.3 1.84 0.24
795 835.327 54.6 1.83 0.32
796 836.317 37.5 2.01 0.31
797 836.768 129.7 2.03 0.33
798 837.273 81.9 2.09 0.25
799 838.331 75.1 2.07 0.27
800 838.433 76.8 2.04 0.27
801 838.652 61.4 2.01 0.30
802 839.184 100.7 2.12 0.20
803 840.276 51.2 2.07 0.26
804 840.570 32.4 2.11 0.18
805 843.751 59.7 2.05 0.16
806 843.854 81.9 2.08 0.15
807 845.622 75.1 2.15 0.16
808 846.202 52.9 2.10 0.14
809 847.533 104.1 2.14 0.21
810 848.448 75.1 2.01 0.18
811 851.097 75.1 2.04 0.19
812 851.199 95.6 2.15 0.19
813 851.459 41.0 2.15 0.18
814 853.486 102.4 2.09 0.24
815 853.759 71.7 2.11 0.20
816 853.848 59.7 2.02 0.26
817 853.943 81.9 2.07 0.18
818 855.780 119.5 2.01 0.12
819 856.128 95.6 2.08 0.08
820 856.736 70.0 1.93 0.09
821 858.080 88.7 1.99 -0.09
822 862.313 87.0 2.22 0.09
823 862.859 87.0 2.18 0.13
824 863.542 58.0 2.21 0.08
825 865.842 95.6 2.21 0.23
826 866.416 44.4 2.18 0.24
827 866.470 39.3 2.14 0.22
828 867.180 80.2 2.23 0.19
829 867.761 61.4 2.11 0.25
830 867.904 58.0 2.13 0.22
831 869.959 116.1 2.01 0.18
832 871.147 102.4 2.14 0.20
833 871.481 116.1 2.16 0.25
834 872.573 42.7 2.17 0.27
835 872.635 32.4 2.22 0.24
836 873.556 56.3 2.10 0.18
837 875.256 78.5 2.05 0.04
838 875.891 58.0 2.02 0.15
839 875.987 59.7 2.04 0.15
840 877.734 68.3 2.05 0.08
841 879.810 66.6 2.11 0.13
842 880.957 100.7 2.07 0.13
843 881.236 121.2 2.10 0.20
844 881.789 56.3 2.06 0.21
845 882.274 81.9 2.07 0.18
846 882.841 143.4 2.02 0.20
847 884.732 42.7 2.18 0.18
848 886.630 81.9 2.14 0.21
849 886.800 81.9 2.14 0.28
850 887.005 104.1 2.11 0.22
851 888.234 59.7 2.16 0.17
852 888.398 76.8 2.15 0.17
853 888.650 66.6 2.16 0.13
854 888.759 71.7 2.10 0.13
855 889.087 78.5 2.13 0.17
856 889.981 93.9 2.12 0.11
857 890.125 78.5 2.12 0.11
858 891.627 75.1 2.16 0.13
859 891.770 80.2 2.18 0.20
860 892.159 78.5 2.04 0.18
861 894.269 63.1 2.21 0.18
862 898.262 81.9 2.09 0.16
863 898.965 129.7 2.17 0.12
864 900.221 75.1 2.12 0.18
865 900.733 68.3 2.14 0.21
866 901.778 81.9 2.11 0.24
867 902.310 88.7 2.09 0.20
868 902.556 80.2 2.08 0.25
869 904.113 64.9 2.12 0.20
870 904.201 68.3 2.17 0.23
871 904.652 155.3 2.14 0.25
872 905.341 61.4 2.18 0.14
873 905.519 61.4 2.24 0.11
874 906.215 92.2 2.10 0.12
875 906.898 116.1 2.15 0.18
876 908.134 80.2 2.13 0.23
877 910.298 95.6 2.05 0.21
878 910.455 59.7 2.02 0.18
879 910.659 88.7 2.02 0.18
880 915.226 75.1 2.05 0.10
881 915.493 58.0 2.06 0.13
882 920.128 81.9 1.87 0.20
883 920.312 68.3 1.96 0.18
884 922.039 64.9 2.09 0.22
885 923.575 88.7 1.90 0.37
886 926.190 76.8 2.02 0.14
887 926.347 99.0 2.17 0.12
888 928.620 68.3 2.05 0.21
889 931.501 68.3 2.07 0.19
890 931.740 75.1 2.18 0.15
891 934.532 56.3 2.19 0.22
892 936.737 41.0 2.20 0.34
893 936.894 90.5 2.11 0.34
894 938.246 59.7 2.29 0.19
895 938.731 87.0 2.20 0.24
896 940.280 46.1 2.19 0.18
897 941.134 88.7 2.18 0.25
898 941.482 109.2 2.13 0.23
899 942.581 61.4 2.16 0.16
900 944.247 58.0 2.21 0.22
901 945.312 56.3 2.22 0.21
902 945.407 71.7 2.23 0.22
903 945.551 109.2 2.20 0.22
904 945.933 102.4 2.22 0.22
905 946.998 61.4 2.18 0.24
906 948.520 64.9 2.17 0.24
907 949.223 41.0 2.19 0.19
908 950.452 85.3 2.17 0.14
909 952.138 99.0 2.27 0.10
910 953.196 73.4 2.23 0.14
911 954.910 61.4 2.22 0.21
912 957.722 116.1 2.20 0.03
913 960.282 81.9 2.15 0.07
914 961.156 41.0 2.15 0.20
915 962.023 95.6 2.04 0.14
916 965.792 73.4 2.16 0.05
917 965.867 63.1 2.19 0.09
918 966.310 68.3 2.25 0.17
919 967.164 52.9 2.22 0.30
920 967.328 47.8 2.18 0.15
921 967.587 58.0 2.12 0.27
922 968.024 34.1 2.06 0.19
923 970.236 39.3 2.12 0.17
924 970.379 56.3 2.11 0.17
925 972.263 75.1 2.12 0.09
926 973.007 87.0 2.19 0.06
927 974.052 64.9 1.99 -0.05
928 974.400 75.1 2.09 -0.01
929 976.154 49.5 2.21 0.17
930 976.680 78.5 2.15 0.16
931 978.523 68.3 2.26 0.13
932 983.698 175.8 1.97 0.09
933 984.073 51.2 1.91 0.22
934 985.521 81.9 1.96 0.39
935 985.725 150.2 2.03 0.19
936 986.627 73.4 1.92 0.13
937 987.166 105.8 2.03 0.23
938 987.323 71.7 1.97 0.11
939 990.245 81.9 2.06 0.33
940 991.002 66.6 2.03 0.19
941 991.692 85.3 2.03 0.10
942 992.170 75.1 1.88 0.06
943 993.699 136.5 1.95 0.11
944 994.334 107.5 1.93 0.16
945 996.996 95.6 1.89 0.15
946 997.918 116.1 1.86 0.18
947 998.560 109.2 1.87 0.16
948 1001.318 71.7 1.80 0.12
949 1001.393 42.7 1.92 0.13
950 1003.482 75.1 1.92 0.18
951 1004.895 64.9 2.05 0.15
952 1006.342 73.4 2.12 0.26
953 1007.543 75.1 2.05 -0.07
954 1007.817 81.9 2.00 -0.06
955 1008.984 78.5 1.93 0.19
956 1010.725 68.3 2.03 0.08
957 1010.854 75.1 2.08 0.08
958 1011.114 81.9 1.99 0.14
959 1011.339 66.6 2.05 0.19
960 1011.906 87.0 2.05 0.16
961 1014.186 78.5 2.12 0.19
962 1016.678 133.1 2.05 0.16
963 1017.708 35.8 1.98 0.23
964 1018.261 75.1 2.10 0.18
965 1020.398 51.2 2.14 0.14
966 1021.784 56.3 2.23 0.26
967 1022.132 68.3 2.10 0.14
968 1022.323 81.9 2.14 0.17
969 1024.160 81.9 1.96 0.25
970 1024.487 75.1 2.03 0.19
971 1025.969 68.3 1.97 0.08
972 1028.037 110.9 1.60 -0.05
973 1028.795 100.7 1.93 0.16
974 1030.652 97.3 1.97 0.14
975 1032.372 81.9 1.93 0.03
976 1032.754 105.8 1.98 0.11
977 1034.850 44.4 2.00 0.10
978 1035.396 73.4 1.96 0.13
979 1035.901 81.9 1.92 0.12
980 1036.079 85.3 1.97 0.12
981 1037.915 75.1 1.99 0.15
982 1038.455 88.7 2.03 0.10
983 1038.687 64.9 2.00 0.21
984 1038.912 44.4 2.00 0.24
985 1041.131 81.9 2.04 0.15
986 1041.677 88.7 2.05 0.20
987 1042.339 75.1 2.01 0.12
988 1042.783 78.5 2.06 0.15
989 1044.052 191.1 2.02 0.20
990 1045.220 39.3 2.02 0.15
991 1045.377 81.9 2.01 0.13
992 1046.722 88.7 2.15 0.14
993 1048.401 42.7 2.07 0.19
994 1050.545 88.7 2.00 0.05
995 1050.947 61.4 1.94 0.14
996 1052.811 93.9 1.95 0.28
997 1055.030 61.4 1.97 0.21
998 1057.412 71.7 2.08 0.19
999 1059.802 39.3 2.01 0.27
1000 1060.204 59.7 2.01 0.30
1001 1061.017 199.7 2.09 0.14
1002 1061.385 75.1 2.03 0.16
1003 1061.822 52.9 2.09 0.12
1004 1062.471 81.9 1.99 -0.01
1005 1062.949 70.0 2.00 0.07
1006 1063.181 75.1 2.06 0.10
1007 1063.891 75.1 2.14 0.04
1008 1064.034 80.2 2.13 0.00
1009 1064.785 81.9 2.02 0.11
1010 1065.222 81.9 2.02 0.12
1011 1067.584 58.0 1.92 0.20
1012 1068.424 47.8 1.99 0.18
1013 1068.512 54.6 1.96 0.18
1014 1069.475 49.5 1.97 0.18
1015 1071.516 56.3 1.99 0.25
1016 1072.301 88.7 1.92 0.16
1017 1075.530 66.6 2.16 0.27
1018 1079.101 59.7 2.15 0.27
1019 1081.012 76.8 2.02 0.14
1020 1081.101 63.1 2.05 0.15
1021 1081.504 63.1 2.08 0.16
1022 1082.500 88.7 2.06 0.22
1023 1083.845 68.3 2.12 0.15
1024 1085.286 102.4 1.98 0.10
1025 1085.845 95.6 1.97 0.10
1026 1086.057 124.6 2.06 0.15
1027 1086.965 85.3 2.08 0.22
1028 1087.095 88.7 2.06 0.22
1029 1087.415 88.7 2.10 0.22
1030 1089.047 95.6 2.08 0.18
1031 1089.170 68.3 2.07 0.21
1032 1090.344 49.5 2.06 0.19
1033 1090.945 85.3 2.03 0.20
1034 1091.709 122.9 2.06 0.22
1035 1092.051 104.1 2.06 0.28
1036 1093.314 73.4 2.10 0.18
1037 1093.996 42.7 2.00 0.33
1038 1094.631 75.1 1.94 0.13
1039 1095.205 71.7 1.98 0.14
1040 1097.068 73.4 1.99 0.09
1041 1099.280 71.7 2.14 0.14
1042 1099.478 49.5 2.07 0.12
1043 1099.881 37.5 2.10 0.14
1044 1101.690 51.2 2.15 0.02
1045 1102.461 61.4 2.20 0.07
1046 1102.687 54.6 2.18 0.06
1047 1103.356 68.3 2.16 0.05
1048 1103.929 42.7 2.21 0.07
1049 1104.625 51.2 2.17 -0.03
1050 1111.439 63.1 2.10 0.20
1051 1112.340 46.1 2.19 -0.02
1052 1112.647 110.9 1.90 0.02
1053 1114.961 59.7 2.15 -0.09
1054 1115.773 49.5 2.07 -0.10
1055 1115.951 47.8 2.04 -0.10
1056 1117.528 64.9 2.03 -0.15
1057 1117.978 71.7 2.08 -0.03
1058 1119.644 109.2 1.97 0.09
1059 1120.668 54.6 2.07 0.11
1060 1121.501 78.5 2.03 0.14
1061 1123.119 102.4 1.81 0.09
1062 1124.580 58.0 1.91 -0.05
1063 1126.423 75.1 1.98 0.05
1064 1126.921 37.5 2.11 -0.06
1065 1127.317 85.3 1.98 -0.08
1066 1127.577 75.1 2.00 -0.03
1067 1129.434 81.9 2.04 -0.02
1068 1129.720 49.5 2.01 -0.05
1069 1131.973 75.1 1.98 0.04
1070 1132.110 71.7 1.98 0.04
1071 1132.301 81.9 1.99 0.04
1072 1134.096 66.6 2.09 0.06
1073 1135.318 78.5 2.04 0.01
1074 1136.131 64.9 2.02 0.02
1075 1138.090 68.3 2.03 0.07
1076 1140.097 88.7 2.00 0.07
1077 1140.759 97.3 1.84 0.10
1078 1141.237 116.1 1.92 -0.06
1079 1141.667 37.5 1.89 -0.06
1080 1142.657 81.9 1.81 0.02
1081 1143.251 71.7 1.70 -0.02
1082 1143.408 51.2 1.75 0.03
1083 1145.428 182.6 1.78 0.18
1084 1146.398 143.4 1.82 -0.02
1085 1147.121 112.6 1.68 0.22
1086 1148.152 88.7 1.80 0.09
1087 1148.541 75.1 1.62 0.13
1088 1150.958 75.1 1.96 -0.04
1089 1151.811 64.9 1.96 -0.04
1090 1156.658 70.0 1.67 0.03
1091 1157.143 68.3 1.66 -0.04
1092 1159.382 186.0 1.85 -0.05
1093 1160.543 93.9 1.82 -0.00
1094 1160.891 100.7 1.82 -0.08
1095 1161.082 75.1 1.90 -0.11
1096 1162.010 99.0 1.73 -0.11
1097 1162.987 88.7 1.77 0.11
1098 1165.048 95.6 1.63 0.14
1099 1165.178 78.5 1.66 0.14
1100 1166.980 44.4 1.53 0.03
1101 1167.076 80.2 1.59 0.03
1102 1168.455 92.2 1.77 -0.00
1103 1170.223 68.3 1.69 -0.19
1104 1170.708 68.3 1.98 -0.07
1105 1173.459 81.9 1.86 0.06
1106 1173.991 88.7 2.01 -0.01
1107 1176.456 95.6 1.86 -0.04
1108 1179.514 59.7 1.91 0.06
1109 1183.173 42.7 1.96 0.08
1110 1183.439 54.6 1.93 0.14
1111 1183.480 25.6 1.94 0.14
1112 1184.108 170.7 1.91 0.08
1113 1185.562 88.7 2.08 0.12
1114 1185.706 80.2 1.99 0.12
1115 1186.129 112.6 2.01 0.14
1116 1186.491 92.2 1.94 0.15
1117 1187.071 63.1 1.98 0.10
1118 1187.174 68.3 2.00 0.10
1119 1187.522 64.9 1.86 0.20
1120 1189.119 64.9 2.04 0.15
1121 1189.679 180.9 2.01 0.19
1122 1190.799 68.3 2.08 0.21
1123 1191.024 49.5 2.11 0.05
1124 1192.812 122.9 1.96 0.21
1125 1193.167 95.6 2.17 0.16
1126 1193.509 73.4 2.17 0.20
1127 1193.686 66.6 2.20 0.18
1128 1194.867 81.9 1.81 0.24
1129 1195.727 64.9 2.01 0.14
1130 1196.915 88.7 2.11 0.16
1131 1198.349 71.7 1.95 0.18
1132 1198.417 34.1 2.20 0.15
1133 1199.516 100.7 2.18 0.16
1134 1200.158 81.9 2.11 0.25
1135 1203.189 93.9 2.13 0.19
1136 1203.441 66.6 2.13 0.22
1137 1203.824 81.9 2.04 0.23
1138 1204.855 85.3 2.08 0.20
1139 1205.087 68.3 2.00 0.21
1140 1206.432 41.0 2.01 0.19
1141 1206.882 68.3 2.05 0.19
1142 1207.251 95.6 2.13 0.17
1143 1208.323 71.7 2.06 0.21
1144 1208.998 35.8 2.07 0.16
1145 1209.524 66.6 2.05 0.15
1146 1209.934 59.7 2.05 0.17
1147 1210.452 71.7 2.07 0.11
1148 1210.767 93.9 1.95 0.10
1149 1211.238 71.7 2.05 0.13
1150 1211.497 75.1 2.06 0.09
1151 1211.647 81.9 2.07 0.11
1152 1213.811 99.0 2.07 0.10
1153 1214.303 63.1 2.06 0.12
1154 1214.596 58.0 2.03 0.18
1155 1219.764 75.1 2.08 0.20
1156 1221.757 105.8 1.96 0.27
1157 1222.515 58.0 2.03 0.21
1158 1223.164 44.4 2.05 0.19
1159 1223.218 25.6 2.06 0.19
1160 1223.348 88.7 2.00 0.19
1161 1224.945 88.7 1.97 0.12
1162 1227.205 81.9 1.94 0.08
1163 1227.417 95.6 1.91 0.20
1164 1227.874 68.3 1.99 0.11
1165 1227.997 78.5 1.87 0.11
1166 1228.454 75.1 2.00 0.09
1167 1230.598 88.7 1.85 0.18
1168 1232.332 81.9 1.83 0.05
1169 1233.035 85.3 1.78 0.08
1170 1236.237 49.5 1.87 -0.03
1171 1237.193 119.5 1.95 0.14
1172 1237.745 75.1 1.98 0.23
1173 1239.077 68.3 2.02 0.15
1174 1239.213 95.6 2.01 0.10
1175 1240.394 80.2 2.00 0.05
1176 1241.876 51.2 1.95 0.11
1177 1244.497 122.9 1.87 0.21
1178 1245.528 97.3 1.90 0.05
1179 1245.623 70.0 1.96 0.05
1180 1245.726 47.8 1.91 0.01
1181 1248.982 92.2 2.07 0.05
1182 1249.924 102.4 2.03 0.06
1183 1250.095 78.5 2.01 0.06
1184 1250.593 85.3 2.08 0.13
1185 1254.143 59.7 1.97 0.04
1186 1255.386 75.1 2.07 0.12
1187 1258.335 75.1 2.14 0.22
1188 1259.195 32.4 0.98 0.13
1189 1260.055 49.5 1.99 0.15
1190 1260.745 81.9 2.06 0.22
1191 1261.734 112.6 2.10 0.10
1192 1261.980 58.0 1.94 0.12
1193 1262.656 81.9 2.03 0.08
1194 1262.902 95.6 2.01 0.07
1195 1263.810 81.9 2.01 0.22
1196 1265.230 99.0 2.16 0.25
1197 1266.479 46.1 2.10 0.21
1198 1266.841 81.9 2.11 0.19
1199 1268.657 93.9 2.10 0.10
1200 1268.834 81.9 1.97 0.18
1201 1269.578 85.3 1.98 0.20
1202 1270.882 99.0 2.12 0.20
1203 1271.380 68.3 1.95 0.19
1204 1271.578 64.9 1.86 0.13
1205 1272.152 58.0 2.02 0.08
1206 1272.568 245.8 2.06 0.12
1207 1273.203 68.3 2.13 0.13
1208 1275.552 78.5 1.99 0.17
1209 1275.913 71.7 1.99 0.17
1210 1276.029 85.3 1.98 0.17
1211 1276.937 87.0 2.05 0.26
1212 1279.607 61.4 2.06 0.26
1213 1279.859 81.9 2.04 0.31
1214 1281.580 87.0 2.08 0.17
1215 1284.447 80.2 1.98 0.22
1216 1285.983 58.0 1.90 0.24
1217 1286.345 56.3 1.88 0.20
1218 1286.652 92.2 1.89 0.18
1219 1290.912 93.9 1.95 -0.11
1220 1291.362 81.9 1.85 0.02
1221 1291.656 90.5 2.00 -0.11
1222 1292.611 71.7 1.84 -0.16
1223 1297.049 102.4 1.67 0.16
1224 1297.595 81.9 1.85 -0.03
1225 1297.772 63.1 1.78 -0.04
1226 1299.028 80.2 2.09 0.08
1227 1299.445 80.2 1.83 0.08
1228 1299.773 78.5 2.13 0.03
1229 1300.551 136.5 2.05 -0.03
1230 1300.749 109.2 2.06 -0.03
1231 1300.940 75.1 2.00 -0.05
1232 1303.377 80.2 2.09 0.06
1233 1308.879 56.3 1.98 0.06
1234 1310.886 95.6 2.08 0.11
1235 1311.945 99.0 2.04 -0.00
1236 1313.078 119.5 1.85 0.09
1237 1313.733 85.3 1.87 0.08
1238 1316.136 78.5 1.96 0.16
1239 1316.641 122.9 1.98 0.07
1240 1319.556 71.7 1.89 0.14
1241 1320.150 78.5 1.97 0.01
1242 1320.307 66.6 1.95 -0.02
1243 1320.928 81.9 2.00 0.08
1244 1325.693 105.8 1.98 0.09
1245 1328.458 78.5 2.04 0.07
1246 1328.677 141.7 1.98 0.03
1247 1328.909 143.4 1.97 0.03
1248 1330.615 51.2 1.97 0.15
1249 1331.373 95.6 1.99 0.09
1250 1334.500 56.3 1.94 0.15
1251 1336.671 153.6 1.93 0.13
1252 1337.510 44.4 1.88 -0.02
1253 1339.517 81.9 1.87 -0.04
1254 1340.460 81.9 2.00 -0.06
1255 1341.914 83.6 1.87 -0.08
1256 1342.344 64.9 2.02 -0.04
1257 1343.566 58.0 1.92 -0.03
1258 1344.726 68.3 1.89 0.04
1259 1345.423 105.8 1.87 0.05
1260 1346.644 213.3 1.82 0.03
1261 1347.156 68.3 1.90 0.14
1262 1347.771 75.1 1.84 0.15
1263 1348.652 88.7 1.95 0.08
1264 1349.955 81.9 1.65 0.07
1265 1350.160 80.2 1.91 0.11
1266 1350.536 143.4 1.76 0.01
1267 1351.171 95.6 1.83 0.11
1268 1351.485 64.9 1.99 0.02
1269 1351.846 102.4 1.96 0.01
1270 1354.584 51.2 1.97 -0.08
1271 1354.707 66.6 2.10 -0.08
1272 1355.253 63.1 1.88 -0.06
1273 1359.062 85.3 1.97 -0.00
1274 1360.311 71.7 2.12 0.08
1275 1362.448 157.0 2.11 0.11
1276 1363.145 112.6 2.12 0.03
1277 1363.438 81.9 2.13 0.08
1278 1364.585 68.3 2.16 0.19
1279 1364.769 37.5 2.16 0.17
1280 1365.356 73.4 2.07 0.18
1281 1365.732 99.0 2.06 0.02
1282 1366.196 56.3 2.04 0.08
1283 1366.674 71.7 2.19 0.08
1284 1367.903 58.0 1.99 -0.04
1285 1370.176 44.4 1.93 0.13
1286 1372.313 97.3 2.01 0.05
1287 1373.378 68.3 2.01 0.00
1288 1374.088 122.9 2.01 0.05
1289 1374.695 88.7 2.03 0.09
1290 1376.818 81.9 2.00 0.00
1291 1377.044 80.2 2.01 0.00
1292 1378.088 85.3 1.98 -0.03
1293 1378.361 90.5 1.96 -0.06
1294 1378.545 150.2 1.97 -0.05
1295 1379.344 95.6 2.12 0.01
1296 1379.474 56.3 1.93 -0.06
1297 1379.679 75.1 2.10 -0.00
1298 1379.979 100.7 2.03 0.01
1299 1380.334 90.5 2.10 -0.01
1300 1380.532 75.1 2.08 -0.04
1301 1385.004 78.5 2.14 0.04
1302 1385.427 81.9 2.09 0.15
1303 1386.096 68.3 2.02 0.08
1304 1386.369 68.3 2.05 0.05
1305 1386.731 54.6 2.02 0.05
1306 1388.239 80.2 2.15 0.05
1307 1388.553 76.8 2.12 0.06
1308 1389.024 81.9 2.09 0.08
1309 1389.495 68.3 2.18 0.06
1310 1390.472 78.5 2.11 0.06
1311 1393.250 59.7 2.04 0.14
1312 1394.144 194.6 2.00 0.14
1313 1394.575 71.7 2.04 0.13
1314 1395.175 35.8 2.06 0.12
1315 1395.346 76.8 2.06 0.16
1316 1396.506 88.7 1.97 0.14
1317 1396.916 35.8 2.01 0.08
1318 1397.517 46.1 2.00 0.17
1319 1397.926 177.5 1.99 0.10
1320 1398.985 73.4 1.93 0.09
1321 1399.162 105.8 1.98 0.09
1322 1399.510 148.5 1.97 0.01
1323 1399.701 95.6 2.02 0.03
1324 1399.872 95.6 2.04 0.01
1325 1403.613 75.1 2.09 0.16
1326 1404.999 78.5 2.00 0.05
1327 1405.791 61.4 1.93 0.12
1328 1406.705 68.3 2.10 0.14
1329 1407.511 92.2 2.07 0.09
1330 1408.132 61.4 2.13 0.13
1331 1408.228 61.4 2.15 0.12
1332 1409.648 85.3 1.94 0.04
1333 1409.757 107.5 2.11 0.16
1334 1410.549 80.2 2.02 0.10
1335 1410.986 63.1 1.97 0.03
1336 1411.122 75.1 2.01 0.06
1337 1411.484 81.9 2.07 0.12
1338 1411.703 54.6 2.04 0.20
1339 1412.849 61.4 2.16 0.27
1340 1413.512 68.3 2.19 0.25
1341 1413.614 42.7 1.78 0.29
1342 1417.881 37.5 2.22 0.12
1343 1418.154 78.5 2.21 0.20
1344 1418.666 76.8 2.18 0.11
1345 1418.912 97.3 2.01 -0.02
1346 1419.260 78.5 2.19 0.02
1347 1419.690 75.1 1.92 0.03
1348 1421.444 88.7 2.05 0.15
1349 1424.899 68.3 1.99 0.12
1350 1425.144 80.2 1.97 0.09
1351 1426.585 75.1 1.98 0.07
1352 1427.773 56.3 2.07 0.09
1353 1429.711 75.1 2.14 0.04
1354 1431.718 75.1 1.97 -0.01
1355 1431.978 116.1 1.97 0.05
1356 1432.094 66.6 1.82 -0.05
1357 1432.620 119.5 2.01 0.06
1358 1433.364 174.1 1.97 0.06
1359 1434.005 71.7 2.01 0.11
1360 1434.149 59.7 2.07 -0.01
1361 1434.865 75.1 2.04 0.14
1362 1435.992 81.9 1.80 0.23
1363 1436.675 128.0 1.93 0.07
1364 1437.589 70.0 1.91 -0.03
1365 1438.634 110.9 1.91 0.13
1366 1439.876 68.3 1.97 0.06
1367 1440.293 83.6 1.98 0.03
1368 1440.880 68.3 1.96 0.18
1369 1441.214 76.8 1.99 0.13
1370 1442.286 70.0 2.17 0.20
1371 1442.382 68.3 2.16 0.20
1372 1445.133 71.7 2.09 0.23
1373 1445.426 63.1 2.12 0.20
1374 1447.338 59.7 2.11 0.20
1375 1448.689 52.9 2.06 0.11
1376 1452.731 51.2 2.02 0.14
1377 1454.765 95.6 2.03 0.00
1378 1455.598 75.1 1.89 0.08
1379 1457.127 81.9 1.91 0.13
1380 1459.994 70.0 1.88 0.09
1381 1461.148 73.4 1.93 -0.02
1382 1461.735 63.1 1.97 -0.01
1383 1464.473 59.7 2.11 0.03
1384 1466.780 52.9 1.94 -0.03
1385 1467.374 87.0 2.18 0.07
1386 1467.900 54.6 2.07 0.11
1387 1469.859 66.6 1.97 0.09
1388 1473.750 58.0 2.06 0.19
1389 1474.153 88.7 2.03 0.11
1390 1476.051 99.0 2.06 0.18
1391 1476.228 81.9 2.10 0.12
1392 1476.829 71.7 2.03 0.10
1393 1477.170 78.5 2.01 0.09
1394 1477.662 83.6 1.97 0.08
1395 1477.880 109.2 1.94 0.07
1396 1478.918 88.7 2.05 0.13
1397 1479.819 64.9 1.89 0.20
1398 1481.935 73.4 2.07 0.25
1399 1482.215 56.3 1.99 0.24
1400 1483.103 99.0 1.98 0.18
1401 1484.727 170.7 2.11 0.19
1402 1486.339 80.2 2.01 0.17
1403 1487.636 70.0 1.92 0.09
1404 1492.326 100.7 2.00 0.02
1405 1497.753 80.2 1.80 0.11
1406 1498.825 68.3 1.79 0.09
1407 1500.832 81.9 1.77 0.15
1408 1501.780 75.1 2.01 0.26
1409 1501.951 116.1 1.96 0.25
1410 1503.330 73.4 1.97 0.21
1411 1509.433 88.7 1.90 0.06
1412 1510.641 75.1 1.94 0.08
1413 1512.082 47.8 1.91 0.11
1414 1512.894 129.7 1.90 0.05
1415 1513.563 92.2 1.86 0.16
1416 1513.795 68.3 1.89 0.25
1417 1514.601 100.7 1.73 0.09
1418 1515.045 71.7 1.81 0.30
1419 1515.366 88.7 1.79 0.38
1420 1515.980 71.7 1.77 0.15
1421 1517.530 109.2 1.83 0.09
1422 1517.755 75.1 1.87 -0.05
1423 1517.830 59.7 1.78 -0.04
1424 1518.554 129.7 1.77 0.09
1425 1519.741 88.7 1.89 0.01
1426 1520.677 66.6 1.82 0.01
1427 1521.243 68.3 1.85 0.08
1428 1523.121 81.9 1.92 0.13
1429 1523.298 41.0 1.86 0.16
1430 1523.605 119.5 1.96 0.10
1431 1524.582 92.2 2.12 0.10
1432 1524.766 41.0 2.11 0.08
1433 1527.674 68.3 2.07 0.18
1434 1529.442 121.2 1.95 0.23
1435 1529.845 105.8 1.89 0.27
1436 1530.132 73.4 1.94 0.18
1437 1532.145 75.1 1.86 0.09
1438 1535.033 88.7 1.73 0.01
1439 1535.729 75.1 1.84 0.04
1440 1537.477 75.1 1.81 0.06
1441 1537.873 75.1 1.75 0.05
1442 1539.307 85.3 1.89 0.14
1443 1539.573 76.8 1.66 0.07
1444 1540.119 71.7 1.79 0.18
1445 1540.624 88.7 1.90 0.13
1446 1540.890 49.5 1.89 0.14
1447 1542.884 81.9 1.74 0.05
1448 1543.362 68.3 1.88 0.09
1449 1544.918 78.5 1.90 0.13
1450 1547.383 68.3 1.74 0.09
1451 1547.826 81.9 1.89 0.11
1452 1549.827 133.1 1.89 0.10
1453 1552.619 66.6 1.70 0.08
1454 1552.817 81.9 1.81 0.06
1455 1553.411 56.3 1.76 0.02
1456 1553.759 105.8 1.74 0.09
1457 1555.916 63.1 1.79 0.19
1458 1556.940 95.6 1.73 0.13
1459 1557.336 102.4 1.73 0.18
1460 1560.367 58.0 1.84 0.11
1461 1561.589 64.9 1.74 0.01
1462 1562.504 71.7 1.64 -0.14
1463 1563.248 76.8 1.84 -0.03
1464 1564.716 95.6 2.11 0.24
1465 1565.187 80.2 1.76 0.12
1466 1565.815 75.1 1.79 0.19
1467 1565.985 99.0 1.77 0.16
1468 1566.490 63.1 1.82 0.11
1469 1568.723 95.6 1.76 0.16
1470 1569.119 189.4 1.87 -0.02
1471 1574.560 81.9 1.99 0.18
1472 1575.276 56.3 2.01 0.15
1473 1576.280 143.4 1.81 0.19
1474 1576.799 68.3 1.99 0.17
1475 1579.584 81.9 1.96 0.10
1476 1581.093 88.7 1.83 -0.11
1477 1582.752 71.7 1.98 -0.07
1478 1585.701 75.1 1.99 -0.05
1479 1586.977 81.9 1.85 0.03
1480 1587.134 75.1 1.90 -0.03
1481 1587.837 64.9 1.87 -0.06
1482 1587.919 75.1 1.92 -0.05
1483 1588.506 90.5 1.89 -0.01
1484 1591.340 133.1 1.80 0.01
1485 1591.920 56.3 1.74 0.05
1486 1592.261 191.1 1.70 0.00
1487 1594.323 88.7 1.70 0.05
1488 1594.555 95.6 1.79 0.05
1489 1594.732 54.6 1.77 -0.03
1490 1595.988 81.9 1.72 0.16
1491 1596.350 68.3 1.84 0.01
1492 1597.490 68.3 1.89 -0.02
1493 1598.467 95.6 1.93 0.01
1494 1598.999 68.3 1.79 0.07
1495 1599.613 81.9 1.87 0.02
1496 1600.433 99.0 1.91 -0.04
1497 1600.713 68.3 1.98 -0.07
1498 1601.737 71.7 1.83 0.06
1499 1602.918 121.2 1.81 0.05
1500 1604.256 49.5 1.79 0.10
1501 1604.310 44.4 1.79 0.10
1502 1604.570 95.6 1.82 -0.15
1503 1606.761 85.3 1.94 -0.03
1504 1607.962 117.8 2.06 -0.11
1505 1608.468 56.3 2.08 -0.01
1506 1609.423 68.3 1.81 0.07
1507 1610.434 42.7 2.06 -0.08
1508 1612.359 95.6 1.92 -0.00
1509 1613.929 95.6 1.96 -0.05
1510 1615.356 56.3 1.90 0.05
1511 1615.431 64.9 1.89 0.02
1512 1615.881 75.1 1.88 0.04
1513 1617.035 61.4 1.90 0.09
1514 1617.936 71.7 1.89 -0.12
1515 1619.752 90.5 1.94 -0.06
1516 1620.046 66.6 1.86 -0.10
1517 1621.022 119.5 1.86 0.04
1518 1621.623 88.7 1.84 -0.02
1519 1622.906 70.0 1.95 -0.06
1520 1623.206 75.1 1.94 -0.08
1521 1623.664 121.2 1.94 0.05
1522 1624.667 75.1 1.92 0.06
1523 1627.364 75.1 1.84 -0.02
1524 1627.719 102.4 1.85 -0.07
1525 1628.238 71.7 1.82 0.04
1526 1629.043 88.7 1.92 -0.01
1527 1630.252 102.4 1.94 -0.08
1528 1630.955 95.6 1.93 -0.09
1529 1631.706 64.9 1.91 0.02
1530 1632.777 81.9 1.98 -0.05
1531 1633.160 88.7 1.94 0.01
1532 1633.781 70.0 1.94 0.01
1533 1635.822 136.5 2.04 0.13
1534 1636.546 46.1 2.20 -0.06
1535 1636.675 81.9 2.18 0.12
1536 1637.597 85.3 2.13 0.08
1537 1638.164 56.3 2.25 0.17
1538 1638.990 66.6 2.17 0.16
1539 1639.153 95.6 2.23 0.15
1540 1639.529 54.6 2.21 0.12
1541 1640.007 61.4 2.22 0.18
1542 1641.659 75.1 2.18 0.17
1543 1642.068 49.5 2.02 0.39
1544 1642.198 44.4 2.12 0.39
1545 1642.273 56.3 1.96 0.19
1546 1642.649 76.8 1.91 0.16
1547 1643.031 81.9 2.01 0.24
1548 1643.236 88.7 2.03 0.11
1549 1646.219 88.7 1.86 -0.00
1550 1646.799 68.3 1.97 -0.07
1551 1647.284 85.3 2.01 -0.16
1552 1648.417 95.6 1.76 0.04
1553 1649.032 64.9 1.97 0.10
1554 1650.192 124.6 1.89 0.01
1555 1651.892 102.4 2.04 0.10
1556 1652.534 102.4 1.94 0.12
1557 1653.687 35.8 2.04 0.23
1558 1653.961 63.1 1.98 0.30
1559 1656.077 64.9 2.12 0.22
1560 1659.415 88.7 2.05 0.20
1561 1660.555 88.7 2.07 0.21
1562 1660.869 75.1 1.96 0.12
1563 1661.060 71.7 2.06 0.14
1564 1661.340 44.4 2.06 0.08
1565 1661.443 61.4 2.05 0.08
1566 1661.729 78.5 2.00 0.11
1567 1663.627 64.9 1.90 0.08
1568 1663.764 109.2 2.03 0.08
1569 1664.132 61.4 1.94 0.09
1570 1665.812 66.6 2.13 0.23
1571 1666.119 58.0 2.10 0.24
1572 1666.392 102.4 2.13 0.19
1573 1667.798 66.6 2.06 0.19
1574 1669.928 68.3 1.96 0.17
1575 1670.345 85.3 1.89 0.24
1576 1671.293 66.6 1.85 0.20
1577 1673.000 110.9 2.04 0.07
1578 1673.116 81.9 2.01 0.03
1579 1673.662 117.8 2.17 0.03
1580 1675.847 73.4 2.08 0.07
1581 1675.977 70.0 2.13 0.07
1582 1676.215 76.8 2.17 0.08
1583 1676.953 109.2 2.17 0.09
1584 1677.827 68.3 2.20 0.09
1585 1678.762 117.8 2.22 0.19
1586 1680.912 58.0 2.11 0.14
1587 1682.516 105.8 2.05 0.19
1588 1683.274 83.6 1.96 0.21
1589 1685.152 61.4 2.01 0.26
1590 1687.124 88.7 2.01 0.23
1591 1687.275 76.8 2.02 0.23
1592 1688.531 81.9 2.07 0.38
1593 1688.715 81.9 2.06 0.30
1594 1689.302 88.7 2.06 0.35
1595 1690.128 81.9 2.04 0.22
1596 1692.627 109.2 2.02 0.09
1597 1693.214 29.0 2.06 0.13
1598 1694.388 58.0 1.93 0.16
1599 1694.880 78.5 1.96 0.13
1600 1695.235 70.0 1.94 0.10
1601 1695.405 75.1 1.93 0.05
1602 1697.078 109.2 1.90 -0.03
1603 1697.474 75.1 1.93 0.04
1604 1698.532 52.9 1.84 0.10
1605 1699.017 66.6 1.92 0.11
1606 1699.310 68.3 1.90 0.15
1607 1701.194 83.6 1.95 0.08
1608 1703.447 87.0 1.88 0.19
1609 1704.177 63.1 1.93 0.22
1610 1704.341 68.3 1.99 0.22
1611 1704.498 71.7 1.97 0.25
1612 1704.922 78.5 1.93 0.20
1613 1707.168 109.2 1.98 0.28
1614 1709.577 81.9 1.88 0.24
1615 1709.980 78.5 1.83 0.29
1616 1714.540 63.1 2.08 0.27
1617 1715.005 83.6 1.95 0.14
1618 1715.168 76.8 1.98 0.26
1619 1716.636 95.6 1.98 0.30
1620 1718.193 63.1 1.93 0.33
1621 1718.316 68.3 1.95 0.33
1622 1719.879 54.6 1.86 0.14
1623 1720.002 61.4 1.98 0.14
1624 1721.203 78.5 1.82 0.27
1625 1722.657 80.2 1.88 0.25
1626 1723.374 81.9 1.81 0.17
1627 1723.750 88.7 1.95 0.39
1628 1724.023 88.7 1.98 0.22
1629 1724.746 32.4 1.80 0.28
1630 1726.391 68.3 1.96 0.14
1631 1726.528 52.9 1.98 0.14
1632 1727.306 70.0 1.90 0.08
1633 1727.832 78.5 1.90 -0.01
1634 1728.399 102.4 1.76 0.02
1635 1729.334 80.2 1.79 0.08
1636 1730.139 75.1 1.57 0.04
1637 1731.293 78.5 1.89 0.22
1638 1731.935 109.2 1.75 0.04
1639 1733.061 68.3 1.87 0.26
1640 1733.689 61.4 1.90 0.33
1641 1734.194 68.3 1.94 0.28
1642 1734.317 56.3 1.88 0.34
1643 1736.024 78.5 1.81 0.25
1644 1736.311 104.1 1.76 0.21
1645 1736.857 17.1 1.91 0.00
1646 1737.041 81.9 1.89 0.10
1647 1737.314 75.1 1.85 0.08
1648 1738.154 129.7 1.81 0.25
1649 1738.905 75.1 1.85 0.28
1650 1739.069 88.7 1.78 0.28
1651 1739.929 129.7 1.69 0.24
1652 1741.212 88.7 1.77 0.27
1653 1741.390 51.2 1.79 0.28
1654 1743.670 64.9 1.87 0.17
1655 1744.380 97.3 1.91 0.17
1656 1746.346 54.6 2.08 0.18
1657 1747.500 68.3 2.15 -0.01
1658 1748.216 81.9 1.98 -0.01
1659 1748.824 99.0 1.99 0.00
1660 1751.712 139.9 1.85 0.00
1661 1756.074 61.4 2.19 0.15
1662 1756.183 75.1 2.16 0.15
1663 1759.965 51.2 2.05 0.22
1664 1760.238 95.6 1.98 0.20
1665 1760.463 81.9 1.99 0.17
1666 1762.170 85.3 2.18 0.25
1667 1762.498 71.7 2.09 0.16
1668 1765.972 54.6 2.12 0.29
1669 1766.901 56.3 2.13 0.21
1670 1767.734 61.4 2.12 0.29
1671 1768.007 59.7 2.18 0.17
1672 1768.444 51.2 1.89 0.39
1673 1768.969 47.8 2.11 0.12
1674 1769.420 88.7 2.10 0.15
1675 1772.676 81.9 2.10 0.10
1676 1773.885 81.9 2.04 0.27
1677 1776.233 61.4 1.91 0.26
1678 1777.448 88.7 1.94 0.07
1679 1779.134 68.3 2.00 0.10
1680 1780.117 58.0 1.93 -0.06
1681 1780.937 66.6 2.08 -0.01
1682 1781.674 78.5 2.14 0.11
1683 1781.851 148.5 2.13 0.17
1684 1782.479 66.6 2.14 0.21
1685 1783.148 39.3 2.04 0.27
1686 1784.391 66.6 2.02 0.17
1687 1784.541 76.8 2.00 0.17
1688 1784.910 88.7 2.01 0.14
1689 1785.783 61.4 2.02 0.16
1690 1787.415 68.3 2.11 0.14
1691 1788.398 68.3 2.09 0.10
1692 1788.883 64.9 2.06 0.11
1693 1791.491 95.6 2.09 0.16
1694 1791.600 70.0 2.04 0.16
1695 1792.815 42.7 2.07 0.18
1696 1793.935 75.1 2.08 0.12
1697 1794.590 68.3 2.01 0.17
1698 1796.556 81.9 2.09 0.01
1699 1796.713 75.1 2.15 -0.01
1700 1796.904 18.8 2.11 0.00
1701 1797.983 61.4 2.16 0.14
1702 1799.519 73.4 2.14 -0.02
1703 1800.119 81.9 2.14 -0.00
1704 1800.543 64.9 2.11 0.04
1705 1800.741 73.4 2.10 0.12
1706 1800.836 87.0 2.12 0.02
1707 1800.939 78.5 2.06 0.10
1708 1801.307 54.6 2.06 0.04
1709 1801.881 58.0 2.05 0.04
1710 1803.833 68.3 2.02 0.11
1711 1806.161 85.3 1.98 0.07
1712 1807.171 63.1 2.07 0.11
1713 1807.629 88.7 2.06 0.16
1714 1808.086 81.9 2.02 0.09
1715 1808.387 80.2 2.11 0.12
1716 1808.516 64.9 2.11 0.14
1717 1809.226 68.3 2.08 0.12
1718 1810.476 71.7 2.00 0.09
1719 1810.899 92.2 1.96 0.10
1720 1811.411 78.5 1.96 0.07
1721 1814.510 81.9 2.00 0.01
1722 1816.620 73.4 1.94 0.06
1723 1818.237 58.0 1.94 0.10
1724 1819.514 122.9 1.98 0.12
1725 1819.780 64.9 1.96 0.21
1726 1820.716 81.9 1.96 0.17
1727 1821.009 25.6 2.03 0.07
1728 1821.139 54.6 1.96 0.07
1729 1821.596 68.3 2.01 0.07
1730 1821.794 99.0 1.97 0.07
1731 1822.320 83.6 2.05 0.09
1732 1822.716 66.6 2.08 0.12
1733 1823.501 70.0 2.02 0.13
1734 1824.538 150.2 2.00 0.19
1735 1825.050 81.9 1.96 0.19
1736 1827.269 61.4 2.12 0.17
1737 1829.297 88.7 1.93 0.10
1738 1832.314 61.4 1.99 0.10
1739 1832.546 88.7 2.05 0.13
1740 1832.928 68.3 2.06 0.12
1741 1833.154 64.9 2.08 -0.04
1742 1833.468 70.0 2.00 0.08
1743 1833.918 80.2 1.96 0.22
1744 1836.608 46.1 2.10 0.12
1745 1836.915 81.9 2.08 0.15
1746 1839.905 61.4 2.06 0.18
1747 1841.441 66.6 1.95 -0.05
1748 1842.377 85.3 1.86 -0.07
1749 1842.923 46.1 2.18 0.13
1750 1843.599 81.9 2.14 0.15
1751 1847.128 70.0 1.96 0.13
1752 1850.869 85.3 2.19 0.08
1753 1851.593 66.6 2.20 0.17
1754 1852.623 68.3 2.05 0.16
1755 1855.948 71.7 2.12 0.33
1756 1856.078 70.0 2.13 0.33
1757 1856.201 71.7 2.10 0.30
1758 1856.323 68.3 2.12 0.30
1759 1858.665 68.3 2.04 0.30
1760 1859.177 78.5 2.01 0.29
1761 1860.692 39.3 2.03 0.29
1762 1862.385 88.7 2.07 0.31
1763 1862.918 68.3 2.08 0.40
1764 1864.672 59.7 1.86 0.12
1765 1868.031 102.4 2.00 0.19
1766 1868.147 68.3 1.80 0.27
1767 1870.857 66.6 2.04 0.32
1768 1871.506 80.2 1.75 0.22
1769 1872.796 81.9 1.90 0.25
1770 1873.035 54.6 1.82 0.13
1771 1873.233 63.1 1.67 0.08
1772 1874.039 51.2 1.87 0.39
1773 1875.861 88.7 2.05 0.32
1774 1876.612 81.9 1.99 0.25
1775 1876.838 95.6 1.78 0.13
1776 1877.964 64.9 1.76 0.21
1777 1878.476 81.9 1.78 0.33
1778 1878.845 61.4 1.85 0.32
1779 1881.309 117.8 1.91 0.28
1780 1881.446 117.8 1.82 0.28
1781 1882.681 39.3 1.66 0.12
1782 1883.309 61.4 1.73 0.16
1783 1884.169 116.1 1.70 0.20
1784 1885.548 95.6 1.58 0.19
1785 1888.716 81.9 1.92 0.32
1786 1889.050 64.9 1.98 0.29
1787 1889.221 68.3 1.59 0.11
1788 1889.938 44.4 1.72 0.38
1789 1890.750 155.3 1.92 0.26
1790 1890.921 41.0 2.00 0.40
1791 1891.228 59.7 1.90 0.31
1792 1892.942 59.7 2.05 0.31
1793 1896.444 107.5 1.93 0.37
1794 1896.771 85.3 1.90 0.30
1795 1897.154 75.1 1.90 0.16
1796 1897.529 92.2 1.82 0.34
1797 1897.720 75.1 1.96 0.41
1798 1900.219 87.0 1.85 0.28
1799 1900.376 80.2 1.89 0.28
1800 1901.229 63.1 2.00 0.10
1801 1901.987 78.5 1.84 0.27
1802 1903.066 47.8 1.88 0.37
1803 1903.830 126.3 1.76 0.25
1804 1905.510 71.7 1.76 0.35
1805 1906.486 75.1 1.76 0.14
1806 1909.708 51.2 1.78 0.10
1807 1911.421 102.4 1.86 0.28
1808 1913.012 66.6 1.90 0.24
1809 1913.347 70.0 1.83 0.18
1810 1913.497 88.7 1.85 0.18
1811 1915.026 85.3 1.92 0.24
1812 1915.975 95.6 1.99 0.32
1813 1916.091 78.5 1.93 0.32
1814 1917.852 129.7 1.82 0.26
1815 1920.084 107.5 1.93 0.13
1816 1920.999 46.1 1.90 0.11
1817 1921.218 37.5 1.84 0.12
1818 1923.184 122.9 1.66 0.24
1819 1925.061 66.6 1.70 0.10
1820 1925.293 88.7 1.84 0.24
1821 1925.437 100.7 1.70 0.24
1822 1925.798 68.3 1.59 0.20
1823 1926.092 88.7 1.83 0.09
1824 1928.208 68.3 1.76 0.25
1825 1928.672 95.6 1.83 0.28
1826 1929.580 76.8 1.71 0.18
1827 1931.901 85.3 1.68 0.03
1828 1932.809 81.9 1.65 0.03
1829 1934.195 68.3 1.52 -0.02
1830 1935.342 81.9 1.61 0.13
1831 1935.813 63.1 1.61 0.20
1832 1938.953 128.0 1.73 -0.03
1833 1939.984 122.9 1.66 -0.06
1834 1940.209 68.3 1.70 0.03
1835 1942.544 95.6 2.06 -0.08
1836 1943.124 47.8 1.99 -0.17
1837 1943.432 81.9 1.95 -0.03
1838 1944.845 100.7 1.71 0.24
1839 1945.609 85.3 1.86 0.30
1840 1947.384 81.9 1.70 0.36
1841 1950.265 75.1 1.95 -0.19
1842 1951.822 68.3 1.97 -0.18
1843 1952.409 71.7 1.71 0.04
1844 1952.532 134.8 1.75 0.05
1845 1953.221 102.4 1.85 0.10
1846 1953.795 64.9 1.87 0.16
1847 1957.078 81.9 1.86 0.04
1848 1957.235 81.9 1.79 0.04
1849 1957.440 107.5 1.78 -0.06
1850 1957.870 59.7 1.77 -0.17
1851 1958.723 102.4 1.82 -0.23
1852 1961.126 117.8 1.53 0.13
1853 1961.959 92.2 1.54 0.15
1854 1962.062 87.0 1.73 0.03
1855 1964.205 68.3 1.61 0.11
1856 1964.314 81.9 1.96 -0.06
1857 1964.915 85.3 1.97 -0.03
1858 1965.782 102.4 2.05 0.01
1859 1967.243 64.9 1.78 -0.18
1860 1967.694 112.6 1.83 -0.06
1861 1967.946 80.2 1.89 -0.04
1862 1970.329 90.5 1.89 -0.09
1863 1971.496 78.5 2.08 0.02
1864 1971.708 109.2 2.04 -0.08
1865 1971.953 78.5 1.86 -0.15
1866 1972.097 102.4 2.06 0.04
1867 1974.104 63.1 1.86 0.27
1868 1974.309 129.7 1.87 0.01
1869 1975.578 68.3 1.84 -0.13
1870 1976.602 81.9 1.95 -0.14
1871 1977.852 80.2 1.99 0.02
1872 1978.801 71.7 2.02 0.06
1873 1978.978 143.4 2.14 -0.01
1874 1982.822 47.8 1.84 0.04
1875 1982.903 54.6 1.80 0.04
1876 1984.139 52.9 1.88 0.10
1877 1988.993 64.9 1.81 0.18
1878 1989.143 68.3 1.66 0.18
1879 1990.932 95.6 1.66 0.33
1880 1994.229 58.0 1.65 0.16
1881 1994.331 56.3 1.63 0.16
1882 1996.332 56.3 1.61 0.13
1883 1996.570 97.3 1.64 0.10
1884 1996.707 99.0 1.65 0.10
1885 1997.151 68.3 1.64 0.19
1886 1997.922 64.9 1.87 0.14
1887 2000.004 136.5 2.02 0.25
1888 2000.298 119.5 1.84 0.29
1889 2001.513 81.9 2.06 0.33
1890 2001.854 61.4 2.06 0.37
1891 2002.148 64.9 2.04 0.31
1892 2002.653 109.2 1.97 0.27
1893 2002.899 75.1 1.96 0.30
1894 2003.554 76.8 1.86 0.36
1895 2006.558 46.1 1.98 0.12
1896 2007.049 51.2 2.02 0.11
1897 2008.708 83.6 1.98 0.19
1898 2010.456 68.3 1.93 0.24
1899 2010.715 68.3 1.82 0.32
1900 2012.087 64.9 1.86 0.30
1901 2012.948 129.7 1.89 0.37
1902 2013.064 52.9 1.94 0.36
1903 2014.217 129.7 1.96 -0.05
1904 2014.736 95.6 1.86 -0.15
1905 2015.535 44.4 1.86 0.14
1906 2015.958 95.6 1.77 0.13
1907 2016.941 61.4 1.78 0.29
1908 2018.348 95.6 1.87 0.36
1909 2018.723 90.5 1.80 0.34
1910 2021.392 68.3 1.81 0.15
1911 2022.143 68.3 1.79 0.18
1912 2023.631 88.7 1.76 0.12
1913 2025.031 70.0 1.96 0.02
1914 2025.079 58.0 1.96 0.02
1915 2025.864 64.9 1.93 0.29
1916 2026.840 78.5 1.98 0.35
1917 2027.482 46.1 2.08 0.35
1918 2028.779 44.4 1.65 0.38
1919 2029.461 75.1 1.95 0.38
1920 2029.728 93.9 1.72 0.24
1921 2030.403 61.4 1.84 0.25
1922 2030.485 70.0 1.83 0.40
1923 2030.915 83.6 1.79 0.29
1924 2032.212 136.5 1.70 0.32
1925 2033.482 76.8 1.79 0.22
1926 2035.032 85.3 1.75 0.31
1927 2035.346 61.4 1.87 0.43
1928 2035.476 75.1 1.87 0.46
1929 2038.118 75.1 1.73 0.32
1930 2039.708 68.3 1.72 0.14
1931 2040.882 88.7 1.88 0.17
1932 2041.640 87.0 1.84 0.09
1933 2042.022 88.7 1.83 0.14
1934 2042.528 81.9 1.92 0.11
1935 2043.538 37.5 1.79 0.00
1936 2044.084 75.1 1.71 0.17
1937 2045.204 81.9 1.76 0.14
1938 2045.422 80.2 1.66 0.10
1939 2045.579 51.2 1.76 0.12
1940 2047.641 81.9 1.66 0.00
1941 2048.269 88.7 1.60 -0.04
1942 2048.583 49.5 1.70 -0.13
1943 2049.190 163.8 1.67 0.12
1944 2049.327 124.6 1.55 0.12
1945 2050.214 88.7 1.58 0.08
1946 2050.583 107.5 1.61 0.13
1947 2052.187 170.7 1.50 0.08
1948 2053.341 66.6 1.50 0.18
1949 2054.024 63.1 1.45 0.06
1950 2054.659 122.9 1.53 0.12
1951 2055.075 174.1 1.51 0.07
1952 2056.140 83.6 1.58 -0.07
1953 2057.929 145.1 1.55 0.12
1954 2058.331 109.2 1.57 0.20
1955 2059.840 75.1 1.56 0.21
1956 2062.892 75.1 1.76 0.19
1957 2063.963 95.6 1.84 0.21
1958 2065.540 90.5 1.82 0.03
1959 2066.045 88.7 1.78 -0.00
1960 2066.373 66.6 1.89 0.00
1961 2066.851 75.1 1.49 0.28
1962 2068.407 81.9 1.63 0.13
1963 2068.851 157.0 1.78 0.14
1964 2069.350 68.3 1.76 0.08
1965 2070.100 208.2 1.78 0.10
1966 2073.172 81.9 1.68 -0.08
1967 2073.357 88.7 1.66 -0.02
1968 2075.589 88.7 1.66 0.32
1969 2076.128 37.5 1.76 0.39
1970 2077.569 66.6 1.68 0.12
1971 2077.705 92.2 1.69 0.17
1972 2078.675 75.1 1.76 0.18
1973 2079.392 163.8 1.73 0.10
1974 2079.760 124.6 1.67 0.10
1975 2079.931 99.0 1.65 0.10
1976 2080.689 75.1 1.67 0.12
1977 2081.139 71.7 1.64 0.25
1978 2082.737 81.9 1.56 0.06
1979 2082.928 143.4 1.55 0.07
1980 2083.296 116.1 1.55 0.08
1981 2084.696 88.7 1.68 0.20
1982 2084.819 92.2 1.67 0.20
1983 2086.607 81.9 1.78 0.18
1984 2087.515 75.1 1.64 0.19
1985 2087.836 68.3 1.67 0.06
1986 2089.638 109.2 1.82 0.10
1987 2089.836 99.0 1.82 0.13
1988 2090.751 71.7 1.71 0.07
1989 2092.335 81.9 1.80 -0.12
1990 2092.806 85.3 1.72 -0.07
1991 2095.748 76.8 1.77 0.09
1992 2097.298 75.1 1.66 0.03
1993 2098.247 75.1 1.80 0.04
1994 2098.998 88.7 1.58 -0.01
1995 2100.076 68.3 1.69 0.04
1996 2100.793 75.1 1.71 0.27
1997 2101.851 68.3 1.55 0.27
1998 2102.602 92.2 1.82 0.03
1999 2102.909 70.0 1.91 0.06
2000 2103.394 75.1 1.82 0.04
