1 0.644 37.5 1.70 0.01
2 1.163 41.0 1.73 0.00
3 1.300 46.1 1.88 0.00
4 2.931 71.7 1.70 0.20
5 3.989 104.1 1.63 0.00
6 4.474 155.3 1.49 -0.00
7 4.836 68.3 1.37 -0.01
8 6.652 70.0 1.88 0.06
9 7.273 68.3 1.62 0.00
10 11.198 184.3 1.67 -0.04
11 11.560 99.0 1.80 0.08
12 12.762 129.7 1.70 0.20
13 13.513 81.9 1.72 -0.00
14 15.554 76.8 1.55 0.01
15 16.475 49.5 1.77 -0.01
16 17.370 76.8 1.54 0.04
17 17.554 223.6 1.86 0.00
18 18.189 88.7 1.72 -0.00
19 19.575 71.7 1.55 0.00
20 21.548 92.2 1.67 0.04
21 22.312 70.0 1.68 -0.02
22 22.401 78.5 1.67 -0.01
23 25.125 58.0 1.48 -0.00
24 28.135 100.7 1.59 0.09
25 28.913 83.6 1.53 0.06
26 29.944 145.1 1.79 0.10
27 31.303 88.7 1.49 -0.05
28 34.969 70.0 1.82 -0.00
29 36.184 104.1 1.53 0.00
30 36.320 109.2 1.73 0.00
31 37.904 81.9 1.59 0.01
32 38.478 186.0 1.66 -0.03
33 38.628 52.9 1.59 -0.00
34 39.536 119.5 1.52 0.00
35 44.567 87.0 1.49 0.03
36 45.072 71.7 1.39 -0.03
37 45.168 73.4 1.40 0.00
38 48.547 90.5 1.81 0.01
39 48.704 66.6 1.84 0.01
40 48.759 37.5 1.83 -0.00
41 48.895 105.8 1.74 0.00
42 49.073 139.9 1.72 0.00
43 49.189 95.6 1.61 -0.00
44 49.421 71.7 1.80 -0.01
45 49.858 95.6 1.72 0.00
46 50.390 68.3 1.75 -0.00
47 51.353 49.5 1.70 0.01
48 51.974 73.4 1.55 -0.00
49 52.411 54.6 1.55 0.00
50 52.561 81.9 1.44 0.01
51 52.759 73.4 1.67 0.00
52 53.039 66.6 1.80 0.00
53 53.128 52.9 1.74 0.00
54 55.073 78.5 1.62 0.03
55 56.282 68.3 1.60 0.15
56 59.763 110.9 1.74 -0.24
57 60.350 93.9 1.69 0.05
58 61.586 64.9 1.69 0.01
59 64.221 64.9 1.37 -0.00
60 64.713 61.4 1.46 0.00
61 65.027 61.4 1.63 0.00
62 66.795 117.8 1.35 -0.00
63 66.986 76.8 1.31 -0.00
64 67.143 73.4 1.30 -0.00
65 67.614 110.9 1.67 -0.00
66 67.709 56.3 1.28 -0.00
67 67.901 150.2 1.02 -0.00
68 68.563 174.1 1.52 0.00
69 69.512 81.9 1.12 -0.00
70 69.853 59.7 1.50 -0.01
71 70.269 75.1 1.65 -0.00
72 70.399 52.9 1.68 -0.01
73 70.536 47.8 1.29 -0.00
74 72.003 81.9 1.46 0.00
75 72.795 75.1 1.90 -0.00
76 77.690 139.9 0.99 -0.00
77 84.599 52.9 1.90 0.16
78 84.756 75.1 1.77 0.04
79 90.265 95.6 1.76 0.00
80 91.234 109.2 1.27 0.07
81 94.033 95.6 1.72 0.05
82 96.675 61.4 1.85 0.23
83 98.197 81.9 1.88 0.26
84 100.320 78.5 1.84 0.12
85 108.260 49.5 1.37 0.24
86 109.932 54.6 1.69 0.24
87 112.608 163.8 1.64 0.00
88 113.018 76.8 1.67 0.00
89 116.718 41.0 1.67 0.08
90 117.483 141.7 1.68 0.22
91 123.661 66.6 1.60 0.00
92 126.269 81.9 1.42 -0.00
93 126.364 70.0 1.54 0.01
94 127.866 85.3 1.70 0.19
95 129.068 52.9 1.80 0.00
96 129.149 83.6 1.61 0.36
97 130.037 59.7 1.91 -0.00
98 132.754 80.2 1.94 -0.00
99 132.986 87.0 1.97 -0.00
100 133.484 112.6 1.79 0.00
101 136.079 52.9 1.57 0.09
102 136.550 83.6 1.67 0.13
103 139.751 39.3 1.84 0.31
104 142.851 70.0 1.74 0.20
105 143.308 75.1 1.69 -0.01
106 143.431 76.8 1.62 -0.00
107 144.161 46.1 1.65 0.01
108 145.056 63.1 1.76 -0.00
109 145.151 49.5 1.63 -0.00
110 145.520 78.5 1.58 0.01
111 146.066 54.6 1.78 0.00
112 146.953 95.6 1.75 0.00
113 147.820 95.6 1.74 -0.00
114 147.930 49.5 1.74 -0.00
115 148.155 54.6 1.76 -0.00
116 148.326 143.4 1.84 0.00
117 148.694 124.6 1.66 -0.01
118 149.718 61.4 1.69 -0.00
119 149.991 75.1 1.64 0.00
120 150.060 80.2 1.79 0.00
121 150.483 169.0 1.79 0.00
122 150.633 66.6 1.80 0.00
123 150.810 35.8 1.95 0.00
124 150.899 88.7 1.71 -0.00
125 151.043 35.8 1.93 -0.00
126 151.643 110.9 1.66 0.00
127 152.326 244.1 1.99 -0.00
128 152.585 104.1 1.84 -0.02
129 152.879 35.8 1.64 0.00
130 153.377 78.5 1.85 0.00
131 153.521 180.9 1.68 -0.00
132 154.531 83.6 1.65 -0.00
133 154.668 93.9 1.78 -0.00
134 155.719 35.8 1.79 -0.00
135 156.784 78.5 1.79 -0.00
136 157.275 46.1 1.66 -0.00
137 158.968 46.1 1.75 0.10
138 160.641 49.5 1.98 0.01
139 161.515 88.7 1.74 -0.01
140 162.136 119.5 1.70 -0.09
141 163.215 155.3 1.69 0.00
142 166.457 81.9 1.94 0.07
143 167.311 83.6 1.72 -0.06
144 168.792 87.0 1.46 -0.05
145 170.075 88.7 1.79 -0.01
146 170.239 85.3 1.64 -0.01
147 171.413 64.9 1.36 0.00
148 172.246 71.7 1.42 0.01
149 173.140 61.4 1.90 -0.00
150 176.042 134.8 1.98 0.06
151 181.367 71.7 1.95 0.08
152 184.275 75.1 1.78 -0.04
153 187.497 88.7 1.92 0.14
154 190.173 75.1 1.49 0.21
155 199.751 102.4 1.85 0.14
156 200.440 56.3 1.90 0.19
157 200.495 35.8 1.91 0.19
158 201.314 68.3 1.92 0.12
159 201.437 63.1 1.86 0.12
160 201.690 58.0 1.76 0.29
161 202.113 83.6 1.79 0.12
162 202.454 51.2 1.75 0.20
163 206.618 49.5 1.95 -0.01
164 207.479 92.2 1.95 0.08
165 208.516 81.9 1.86 0.12
166 209.015 61.4 1.93 0.06
167 219.337 88.7 1.73 0.01
168 219.582 41.0 1.37 0.00
169 220.654 100.7 1.67 0.00
170 220.852 41.0 1.70 -0.00
171 221.139 81.9 1.23 0.00
172 221.542 59.7 1.79 -0.00
173 222.135 122.9 1.62 0.00
174 223.064 88.7 1.59 0.01
175 224.334 151.9 1.78 -0.00
176 224.484 87.0 1.39 0.00
177 225.194 80.2 1.43 0.00
178 225.371 87.0 1.75 0.00
179 225.781 44.4 1.30 0.00
180 226.109 52.9 1.87 -0.00
181 227.160 102.4 1.60 0.00
182 227.290 80.2 1.87 0.00
183 227.522 54.6 1.54 -0.00
184 228.723 107.5 1.86 0.00
185 228.962 88.7 1.93 -0.00
186 229.433 73.4 1.77 -0.00
187 230.136 54.6 1.67 0.00
188 230.273 59.7 1.67 0.00
189 230.669 76.8 1.64 -0.00
190 231.119 49.5 1.64 -0.00
191 231.338 116.1 1.74 -0.02
192 233.693 54.6 1.78 -0.01
193 235.741 76.8 1.67 -0.01
194 235.898 146.8 1.62 -0.01
195 236.840 56.3 1.79 0.12
196 239.154 95.6 1.65 0.01
197 240.581 75.1 1.33 0.07
198 241.885 88.7 1.67 -0.01
199 243.025 105.8 1.74 -0.01
200 243.599 58.0 1.84 0.00
201 245.503 99.0 1.58 0.07
202 245.728 85.3 1.55 0.12
203 245.920 87.0 1.52 -0.13
204 246.397 52.9 1.81 -0.00
205 250.807 58.0 1.94 0.00
206 251.244 68.3 1.77 -0.00
207 254.979 107.5 1.54 0.00
208 255.122 64.9 1.58 0.00
209 256.344 104.1 1.54 0.06
210 256.897 109.2 1.58 -0.02
211 257.873 71.7 1.57 -0.00
212 259.518 81.9 1.24 0.00
213 259.648 100.7 1.56 0.00
214 259.778 104.1 1.74 -0.00
215 260.590 83.6 1.54 0.01
216 262.078 68.3 1.83 -0.00
217 262.700 131.4 1.34 0.01
218 265.212 61.4 1.82 0.01
219 265.683 71.7 1.73 0.00
220 265.772 61.4 1.84 0.07
221 265.901 81.9 1.80 0.01
222 267.628 104.1 1.72 0.00
223 267.813 112.6 1.46 0.03
224 268.461 92.2 1.69 -0.01
225 268.809 75.1 1.89 0.00
226 272.059 93.9 1.29 0.00
227 273.267 145.1 1.62 -0.00
228 273.568 99.0 1.52 0.00
229 273.936 99.0 1.26 0.00
230 274.291 104.1 1.66 0.00
231 274.667 35.8 1.27 0.00
232 274.871 76.8 1.27 0.00
233 275.124 220.2 1.24 0.00
234 275.329 49.5 1.41 0.00
235 275.752 92.2 1.56 0.01
236 278.469 93.9 1.53 -0.00
237 291.843 88.7 1.43 0.11
238 294.491 73.4 1.51 0.00
239 296.587 107.5 1.38 0.14
240 300.328 66.6 1.48 0.28
241 309.810 88.7 1.79 0.01
242 310.131 63.1 1.70 0.29
243 316.343 64.9 1.54 -0.01
244 316.507 47.8 1.47 0.00
245 316.562 47.8 1.49 0.00
246 316.739 107.5 1.38 -0.00
247 316.924 141.7 1.48 -0.00
248 318.036 63.1 1.38 -0.00
249 318.432 129.7 1.67 -0.00
250 319.504 75.1 1.46 -0.00
251 320.433 81.9 1.52 -0.19
252 320.945 75.1 1.49 -0.04
253 325.710 59.7 1.58 0.21
254 329.812 64.9 1.56 0.14
255 334.898 52.9 1.78 -0.02
256 338.947 71.7 1.86 -0.01
257 342.954 78.5 1.76 0.00
258 351.084 71.7 1.78 0.25
259 351.617 68.3 1.54 0.33
260 351.788 100.7 1.53 0.50
261 355.194 61.4 1.60 0.32
262 357.583 73.4 1.41 0.01
263 358.007 83.6 1.70 0.00
264 358.143 90.5 1.87 0.00
265 358.232 71.7 1.58 0.01
266 358.607 66.6 1.69 -0.00
267 358.812 93.9 1.48 0.00
268 361.529 99.0 1.68 0.02
269 362.294 41.0 2.08 -0.00
270 362.669 95.6 1.57 0.01
271 364.110 56.3 1.98 0.28
272 368.602 52.9 1.83 -0.00
273 373.223 61.4 1.76 -0.00
274 373.967 99.0 1.87 -0.01
275 377.469 68.3 1.83 0.47
276 377.681 25.6 1.83 -0.00
277 378.050 93.9 1.73 -0.00
278 378.145 61.4 1.96 -0.00
279 382.193 39.3 1.75 -0.00
280 382.337 93.9 1.74 -0.01
281 382.630 129.7 1.64 0.22
282 383.415 92.2 1.87 0.00
283 383.811 25.6 1.72 0.00
284 389.020 100.7 1.82 0.23
285 391.444 92.2 1.55 0.31
286 394.912 70.0 1.65 0.14
287 399.014 102.4 1.45 0.18
288 401.950 85.3 1.63 0.23
289 402.510 100.7 1.47 0.03
290 403.916 100.7 1.62 0.11
291 409.159 81.9 1.75 0.01
292 422.669 88.7 1.64 -0.00
293 425.147 95.6 1.71 0.16
294 426.594 49.5 1.85 0.11
295 428.594 47.8 1.75 0.25
296 429.018 68.3 1.85 -0.00
297 431.748 92.2 1.84 0.26
298 431.994 70.0 1.90 0.08
299 432.458 75.1 1.80 0.14
300 435.742 75.1 1.83 0.17
301 437.524 95.6 2.02 0.00
302 437.626 97.3 1.61 -0.00
303 438.124 167.3 1.57 -0.01
304 438.302 83.6 1.52 0.08
305 439.142 73.4 1.64 -0.01
306 439.374 85.3 1.76 -0.02
307 441.435 63.1 1.64 -0.00
308 442.302 73.4 1.87 -0.00
309 442.412 61.4 1.76 -0.00
310 442.917 87.0 1.62 -0.00
311 443.190 46.1 1.72 0.00
312 443.893 59.7 1.73 0.01
313 448.480 88.7 1.86 0.16
314 452.167 124.6 1.60 -0.00
315 452.768 99.0 1.67 0.00
316 455.369 49.5 1.73 -0.00
317 457.867 61.4 1.84 -0.00
318 458.311 262.8 1.42 -0.00
319 458.912 52.9 1.69 -0.00
320 459.471 47.8 1.38 -0.00
321 460.700 93.9 1.15 -0.01
322 461.246 121.2 1.56 0.00
323 461.963 187.7 1.05 -0.01
324 463.171 116.1 1.42 -0.04
325 463.281 88.7 1.93 -0.04
326 464.980 42.7 1.31 0.07
327 465.738 138.2 1.40 0.19
328 466.298 95.6 1.52 0.02
329 468.899 87.0 1.64 -0.00
330 472.189 121.2 1.66 0.24
331 479.467 75.1 1.72 0.20
332 481.262 116.1 1.80 0.01
333 483.092 87.0 1.84 0.03
334 484.908 49.5 1.84 0.16
335 485.174 138.2 1.74 -0.00
336 485.385 81.9 2.01 0.00
337 485.522 138.2 1.74 0.00
338 485.829 83.6 1.79 0.00
339 485.932 49.5 1.70 0.00
340 486.580 61.4 1.92 -0.00
341 492.233 25.6 1.77 -0.10
342 492.390 71.7 1.66 -0.10
343 496.028 121.2 1.49 0.29
344 503.742 56.3 1.69 0.01
345 504.766 102.4 1.79 0.15
346 510.992 56.3 1.52 -0.05
347 512.194 81.9 1.68 0.07
348 513.272 87.0 1.96 -0.01
349 513.525 56.3 1.80 0.00
350 514.051 81.9 1.73 0.06
351 514.631 88.7 1.59 0.00
352 515.286 88.7 1.88 -0.01
353 518.222 116.1 1.48 -0.03
354 518.857 42.7 1.72 0.03
355 521.403 163.8 1.18 0.01
356 522.802 126.3 2.13 0.01
357 523.444 100.7 1.89 0.01
358 531.349 81.9 2.08 0.17
359 531.936 54.6 1.70 0.12
360 532.687 88.7 1.92 0.00
361 539.548 58.0 1.86 0.10
362 541.091 92.2 1.83 0.11
363 542.279 138.2 1.82 -0.00
364 542.784 58.0 1.74 0.11
365 544.586 34.1 1.73 -0.01
366 545.426 107.5 1.80 0.00
367 546.409 128.0 1.72 0.14
368 547.590 75.1 1.79 0.19
369 551.454 56.3 1.75 0.06
370 553.679 75.1 1.72 0.23
371 554.082 68.3 1.78 0.15
372 565.612 88.7 2.00 0.00
373 570.719 151.9 1.71 0.00
374 571.156 139.9 1.62 0.00
375 572.016 100.7 1.45 -0.01
376 572.234 23.9 1.73 0.00
377 572.610 128.0 1.59 0.02
378 575.689 102.4 1.90 0.19
379 578.508 71.7 1.83 0.39
380 583.840 63.1 1.40 -0.00
381 585.082 81.9 1.39 0.36
382 598.230 81.9 1.55 0.00
383 600.940 51.2 1.38 0.08
384 603.186 102.4 1.55 -0.01
385 608.047 78.5 1.65 0.27
386 608.306 75.1 1.77 0.34
387 609.085 99.0 1.42 0.30
388 615.324 63.1 1.21 0.00
389 617.502 68.3 1.45 0.00
390 617.864 93.9 1.35 0.00
391 619.236 128.0 1.33 -0.00
392 619.584 66.6 1.56 0.01
393 619.898 59.7 1.88 0.00
394 619.973 37.5 1.88 0.01
395 620.717 151.9 1.71 -0.01
396 621.072 17.1 1.27 0.00
397 622.827 131.4 1.81 -0.00
398 623.455 42.7 1.64 -0.01
399 623.646 122.9 1.85 -0.00
400 623.851 112.6 1.53 -0.00
401 624.540 107.5 1.53 -0.01
402 625.441 44.4 1.66 -0.00
403 625.694 80.2 1.43 -0.00
404 625.940 39.3 1.80 0.00
405 626.035 73.4 1.37 -0.00
406 627.489 34.1 1.57 -0.01
407 632.493 75.1 1.63 0.28
408 632.814 81.9 1.08 0.11
409 635.203 85.3 1.46 0.21
410 635.729 54.6 1.40 0.00
411 640.221 112.6 1.85 0.46
412 650.516 52.9 1.66 0.06
413 654.987 61.4 1.94 0.01
414 659.179 75.1 1.88 0.08
415 659.418 102.4 1.74 0.06
416 661.131 75.1 1.82 -0.00
417 661.227 76.8 1.94 0.00
418 661.930 107.5 1.45 0.05
419 663.930 75.1 1.88 0.28
420 665.015 66.6 1.83 -0.00
421 665.377 61.4 1.61 0.22
422 666.627 117.8 1.69 0.28
423 671.883 54.6 1.64 0.27
424 673.467 112.6 1.55 0.01
425 673.617 97.3 1.72 -0.09
426 682.662 78.5 1.72 0.02
427 684.922 81.9 1.82 0.00
428 690.274 70.0 1.75 -0.00
429 692.643 46.1 1.79 -0.09
430 696.343 66.6 1.74 0.02
431 703.641 75.1 1.59 -0.00
432 704.924 32.4 1.64 -0.00
433 705.382 68.3 1.72 -0.00
434 706.870 107.5 1.75 0.08
435 717.403 88.7 1.68 -0.01
436 718.523 99.0 1.69 -0.10
437 721.547 49.5 1.29 -0.22
438 726.797 75.1 1.41 0.01
439 727.630 56.3 1.22 -0.00
440 732.210 51.2 1.10 -0.02
441 735.002 99.0 1.66 0.11
442 737.207 93.9 1.52 0.00
443 742.785 95.6 1.84 0.05
444 743.024 99.0 1.83 0.01
445 746.580 102.4 1.41 -0.01
446 747.256 88.7 1.93 -0.00
447 750.369 52.9 1.26 0.00
448 750.526 95.6 1.78 0.08
449 751.625 61.4 1.91 -0.00
450 753.653 81.9 1.77 -0.21
451 760.684 42.7 2.00 0.23
452 761.026 44.4 1.96 0.09
453 768.330 71.7 1.89 0.21
454 768.713 87.0 1.91 0.13
455 776.215 95.6 1.83 -0.00
456 776.686 104.1 1.88 0.17
457 779.833 151.9 1.96 0.27
458 787.930 37.5 1.82 0.00
459 791.643 157.0 1.68 0.46
460 793.507 54.6 1.83 0.38
461 793.958 81.9 1.86 0.40
462 796.681 68.3 1.70 0.26
463 801.897 88.7 1.48 0.25
464 811.359 90.5 1.58 0.33
465 811.591 56.3 1.42 0.40
466 815.093 68.3 1.59 0.26
467 815.400 175.8 1.64 0.29
468 815.974 128.0 1.54 0.16
469 818.117 95.6 1.58 0.18
470 820.131 99.0 1.68 0.14
471 821.530 116.1 1.64 0.05
472 825.783 63.1 1.89 0.00
473 826.173 46.1 1.78 -0.00
474 826.500 66.6 1.69 0.00
475 827.695 54.6 1.83 0.00
476 829.313 104.1 1.65 0.00
477 829.641 114.3 1.67 -0.00
478 835.047 52.9 1.80 0.12
479 835.703 58.0 1.88 0.31
480 848.707 93.9 1.81 0.20
481 851.206 99.0 1.66 -0.00
482 851.274 63.1 1.65 -0.00
483 853.862 109.2 1.62 0.17
484 854.060 102.4 1.53 0.16
485 856.838 78.5 1.71 0.21
486 859.500 126.3 1.63 0.43
487 860.791 81.9 1.53 0.25
488 866.013 34.1 2.00 0.02
489 868.116 59.7 1.88 0.15
490 876.116 88.7 1.65 0.43
491 878.349 102.4 1.64 -0.00
492 879.161 104.1 1.34 0.34
493 880.001 95.6 1.41 0.18
494 886.568 184.3 1.31 0.35
495 890.050 102.4 1.98 0.29
496 890.616 75.1 1.84 0.31
497 896.651 95.6 1.90 0.01
498 902.440 78.5 1.90 0.22
499 903.082 66.6 1.91 0.22
500 911.909 81.9 1.52 0.33
501 917.104 73.4 1.79 0.18
502 918.592 75.1 1.98 0.00
503 918.749 47.8 1.42 0.01
504 919.131 110.9 1.84 0.01
505 919.718 51.2 1.81 0.13
506 920.988 58.0 1.81 0.00
507 921.125 61.4 1.94 0.00
508 922.183 64.9 1.93 0.00
509 922.333 80.2 1.85 0.00
510 924.190 97.3 1.76 0.00
511 924.763 163.8 1.84 -0.00
512 925.555 68.3 1.66 0.35
513 926.893 76.8 1.58 0.27
514 927.528 70.0 1.75 -0.00
515 927.726 58.0 2.04 0.00
516 929.371 47.8 1.74 -0.00
517 929.801 41.0 1.71 -0.01
518 929.876 42.7 1.73 0.00
519 930.013 76.8 1.70 0.01
520 930.170 56.3 1.86 0.00
521 930.477 47.8 1.86 0.05
522 930.723 112.6 2.04 -0.01
523 930.921 95.6 2.06 -0.00
524 931.447 93.9 1.54 0.00
525 932.730 95.6 1.92 -0.00
526 932.901 63.1 1.87 -0.00
527 933.617 71.7 1.74 0.03
528 940.772 71.7 1.65 0.23
529 944.677 64.9 1.49 0.07
530 946.097 49.5 1.44 0.01
531 949.687 122.9 1.64 0.00
532 951.654 64.9 1.80 0.11
533 951.749 102.4 1.81 0.15
534 955.770 90.5 1.89 0.01
535 958.180 81.9 1.59 0.15
536 958.269 76.8 1.91 0.15
537 958.596 97.3 1.97 0.04
538 958.985 58.0 1.55 0.03
539 960.228 75.1 1.86 -0.08
540 961.586 75.1 1.63 0.19
541 962.023 122.9 1.60 -0.15
542 962.412 47.8 1.58 0.01
543 963.928 112.6 1.41 0.00
544 970.270 99.0 1.63 0.17
545 973.096 102.4 1.42 0.22
546 973.499 81.9 1.79 0.07
547 978.305 51.2 1.84 0.18
548 979.370 63.1 1.78 -0.00
549 979.814 121.2 1.78 0.21
550 989.466 85.3 1.66 -0.05
551 989.965 61.4 1.47 0.03
552 990.661 177.5 1.39 0.11
553 993.242 81.9 1.75 0.00
554 993.405 80.2 1.72 0.00
555 993.808 102.4 1.84 0.00
556 993.958 51.2 1.69 0.01
557 994.368 37.5 1.88 -0.00
558 994.743 151.9 1.81 0.11
559 994.948 109.2 1.69 0.11
560 996.928 92.2 1.76 -0.00
561 999.631 81.9 1.62 0.14
562 1001.010 81.9 1.57 -0.00
563 1002.983 46.1 1.55 -0.00
564 1005.550 114.3 1.26 -0.00
565 1005.878 75.1 1.64 -0.00
566 1006.137 133.1 1.63 -0.00
567 1010.315 42.7 2.11 0.01
568 1010.452 61.4 2.11 -0.00
569 1010.636 47.8 1.95 -0.00
570 1010.793 93.9 2.06 -0.00
571 1016.398 49.5 1.67 -0.00
572 1016.719 95.6 1.96 0.00
573 1017.428 42.7 1.97 -0.00
574 1017.504 61.4 2.02 -0.01
575 1018.644 136.5 2.17 0.02
576 1018.951 58.0 2.14 -0.00
577 1022.275 54.6 1.92 0.07
578 1024.692 105.8 1.61 0.14
579 1024.870 49.5 1.85 0.00
580 1028.310 102.4 1.72 0.09
581 1029.116 64.9 1.77 0.02
582 1030.235 87.0 1.89 -0.01
583 1034.836 75.1 1.74 -0.02
584 1036.209 88.7 1.60 0.00
585 1038.728 102.4 1.91 -0.00
586 1039.772 46.1 1.90 0.00
587 1041.725 70.0 1.74 0.01
588 1042.312 119.5 1.66 0.14
589 1045.090 63.1 1.66 0.03
590 1045.800 88.7 1.70 0.18
591 1048.340 81.9 1.78 0.32
592 1054.409 51.2 1.82 0.01
593 1062.730 63.1 1.72 0.16
594 1067.912 102.4 1.72 0.12
595 1070.820 95.6 1.65 0.11
596 1071.421 95.6 1.65 0.11
597 1080.131 109.2 1.55 0.39
598 1086.344 119.5 1.27 0.05
599 1088.549 95.6 1.57 0.06
600 1089.832 68.3 1.39 0.03
601 1094.215 100.7 1.39 0.00
602 1094.365 73.4 1.36 -0.00
603 1095.771 93.9 1.55 0.05
604 1098.243 83.6 1.31 0.00
605 1099.369 95.6 1.28 0.00
606 1099.560 68.3 1.61 -0.00
607 1102.359 83.6 1.73 -0.01
608 1102.509 73.4 1.68 0.00
609 1102.618 49.5 1.74 0.00
610 1103.028 95.6 1.15 0.23
611 1106.121 56.3 1.73 0.00
612 1106.523 107.5 1.37 -0.01
613 1107.445 85.3 1.65 0.11
614 1110.742 41.0 1.58 -0.00
615 1112.019 35.8 1.54 0.05
616 1119.043 52.9 1.68 -0.00
617 1119.528 75.1 1.69 0.01
618 1119.801 64.9 1.62 0.08
619 1120.996 88.7 1.75 0.00
620 1122.272 143.4 1.72 -0.01
621 1124.184 58.0 1.67 0.23
622 1125.413 52.9 1.91 0.00
623 1125.768 63.1 1.75 0.00
624 1128.867 148.5 1.62 -0.01
625 1134.089 88.7 1.63 0.06
626 1136.922 83.6 1.73 0.14
627 1144.302 51.2 1.66 0.25
628 1144.486 68.3 1.83 0.25
629 1148.105 117.8 1.74 -0.00
630 1155.423 97.3 1.69 0.18
631 1158.467 92.2 2.01 0.07
632 1158.590 68.3 1.87 0.07
633 1158.836 35.8 1.98 -0.00
634 1159.273 63.1 1.92 0.03
635 1159.362 54.6 1.88 0.03
636 1161.266 136.5 2.00 0.00
637 1162.652 68.3 1.93 0.18
638 1163.881 162.1 1.96 0.01
639 1165.642 75.1 2.00 -0.01
640 1166.011 54.6 1.99 -0.00
641 1166.113 59.7 2.06 0.00
642 1167.417 35.8 1.98 0.01
643 1168.250 17.1 1.92 -0.00
644 1170.933 61.4 1.83 0.05
645 1171.609 42.7 1.78 0.01
646 1174.210 54.6 1.89 -0.00
647 1176.695 95.6 1.97 -0.02
648 1177.446 109.2 1.98 -0.03
649 1177.548 54.6 1.77 0.01
650 1178.920 100.7 1.85 -0.07
651 1179.487 97.3 1.83 -0.09
652 1180.920 75.1 1.86 0.18
653 1184.655 44.4 1.61 0.06
654 1186.860 102.4 1.23 0.18
655 1187.269 85.3 1.63 -0.07
656 1189.727 75.1 1.73 0.31
657 1190.061 75.1 1.70 0.28
658 1191.481 68.3 1.84 0.07
659 1192.027 61.4 1.74 0.15
660 1192.580 58.0 1.73 0.02
661 1192.771 75.1 1.92 0.20
662 1194.423 92.2 1.54 -0.02
663 1196.690 81.9 1.75 0.09
664 1196.861 87.0 1.58 0.21
665 1197.885 92.2 1.34 0.18
666 1200.479 66.6 1.46 0.08
667 1207.340 81.9 1.65 0.08
668 1209.531 75.1 1.64 -0.01
669 1211.395 116.1 1.57 0.03
670 1212.521 83.6 1.54 -0.00
671 1212.876 46.1 1.69 0.01
672 1213.169 126.3 1.64 0.07
673 1213.484 117.8 1.57 0.08
674 1215.279 170.7 1.65 0.00
675 1217.777 88.7 1.43 0.10
676 1221.519 81.9 1.56 0.01
677 1226.673 81.9 1.63 -0.16
678 1229.458 88.7 1.56 0.10
679 1230.871 68.3 1.59 0.20
680 1230.953 51.2 1.57 0.20
681 1232.161 58.0 1.40 -0.03
682 1233.131 124.6 1.50 -0.01
683 1233.260 116.1 1.54 0.01
684 1234.667 95.6 1.74 -0.00
685 1235.069 172.4 1.63 0.00
686 1235.274 114.3 1.63 0.00
687 1235.370 95.6 1.63 -0.00
688 1236.005 131.4 1.59 -0.01
689 1238.339 122.9 1.63 -0.00
690 1238.490 121.2 1.19 -0.00
691 1239.650 88.7 1.65 0.04
692 1241.002 138.2 1.69 0.00
693 1241.152 114.3 1.85 0.00
694 1242.101 90.5 1.92 -0.00
695 1242.906 95.6 1.90 0.20
696 1244.968 63.1 1.66 0.19
697 1255.365 47.8 1.09 0.00
698 1256.212 104.1 1.82 0.01
699 1256.792 56.3 1.77 0.00
700 1256.894 44.4 1.69 0.00
701 1257.058 160.4 1.76 0.00
702 1258.683 128.0 1.80 -0.00
703 1259.311 73.4 1.73 -0.00
704 1260.471 109.2 1.80 0.24
705 1260.929 97.3 1.83 0.17
706 1263.741 88.7 1.51 0.17
707 1277.729 186.0 1.67 0.00
708 1283.819 61.4 1.53 0.02
709 1288.877 141.7 1.51 -0.08
710 1290.304 92.2 1.41 -0.10
711 1292.106 153.6 1.36 -0.07
712 1296.189 70.0 1.41 0.15
713 1298.940 151.9 1.22 0.01
714 1305.275 102.4 1.57 -0.00
715 1306.374 47.8 1.36 -0.01
716 1306.647 87.0 1.81 -0.01
717 1307.063 97.3 1.71 -0.00
718 1307.630 63.1 1.80 -0.00
719 1309.180 39.3 1.38 0.01
720 1309.385 116.1 1.32 0.00
721 1309.644 66.6 1.44 0.00
722 1311.863 102.4 1.48 -0.00
723 1313.508 100.7 1.45 -0.00
724 1314.102 71.7 1.49 -0.09
725 1315.208 61.4 1.34 0.00
726 1315.317 85.3 1.05 0.00
727 1315.870 95.6 1.87 -0.01
728 1316.566 175.8 1.43 -0.00
729 1317.058 63.1 1.63 0.00
730 1319.140 85.3 1.79 -0.01
731 1319.276 93.9 1.83 -0.00
732 1322.683 99.0 1.32 -0.00
733 1323.686 73.4 1.82 -0.00
734 1324.867 76.8 1.64 -0.00
735 1325.379 172.4 1.78 -0.01
736 1325.878 97.3 1.65 0.00
737 1325.973 97.3 1.73 -0.00
738 1326.274 81.9 1.64 -0.01
739 1326.868 143.4 1.72 0.00
740 1327.550 131.4 1.75 -0.00
741 1327.728 110.9 0.92 -0.01
742 1327.912 145.1 1.67 -0.00
743 1328.554 85.3 1.52 -0.00
744 1328.670 66.6 1.60 -0.00
745 1329.687 102.4 1.68 -0.00
746 1329.837 117.8 1.49 0.00
747 1330.424 75.1 1.69 0.00
748 1330.547 80.2 1.65 0.00
749 1332.056 448.9 1.39 -0.00
750 1332.534 70.0 1.64 -0.00
751 1332.704 138.2 1.50 0.00
752 1336.425 105.8 1.60 0.00
753 1336.841 160.4 1.57 0.00
754 1339.531 90.5 1.63 0.01
755 1341.395 143.4 1.65 0.07
756 1343.136 92.2 1.53 0.06
757 1344.173 63.1 1.47 0.11
758 1349.245 146.8 1.39 0.01
759 1352.870 102.4 1.42 0.20
760 1354.243 63.1 1.48 0.27
761 1355.465 126.3 1.27 0.35
762 1363.540 116.1 1.43 0.16
763 1365.534 107.5 1.47 0.34
764 1369.841 83.6 1.31 0.11
765 1369.999 95.6 1.46 0.01
766 1370.360 102.4 1.45 0.16
767 1373.105 63.1 1.40 0.00
768 1374.545 54.6 1.47 0.00
769 1378.136 145.1 1.42 0.00
770 1380.955 88.7 1.80 0.00
771 1381.508 46.1 1.37 -0.00
772 1381.549 37.5 1.37 -0.00
773 1381.624 70.0 1.26 0.00
774 1381.986 131.4 1.45 0.00
775 1386.710 87.0 1.15 -0.00
776 1389.270 58.0 1.28 -0.00
777 1390.670 87.0 1.60 -0.00
778 1391.257 66.6 1.48 0.00
779 1391.441 122.9 1.91 -0.00
780 1393.626 203.1 1.36 0.23
781 1395.523 83.6 1.56 -0.00
782 1396.438 70.0 1.57 0.33
783 1396.547 49.5 1.57 -0.16
784 1397.039 104.1 1.42 -0.02
785 1397.339 100.7 1.29 -0.01
786 1399.135 163.8 1.80 0.00
787 1401.039 100.7 1.74 -0.00
788 1401.428 95.6 1.26 -0.00
789 1404.432 136.5 1.76 0.30
790 1405.927 49.5 1.34 0.48
791 1406.944 95.6 1.26 0.12
792 1409.491 110.9 1.58 0.31
793 1410.167 116.1 1.72 0.37
794 1410.296 100.7 1.58 -0.00
795 1411.723 18.8 1.84 -0.00
796 1415.696 97.3 1.80 0.00
797 1417.847 100.7 1.72 -0.00
798 1418.311 88.7 1.97 0.00
799 1419.014 75.1 1.97 0.12
800 1424.161 75.1 1.84 0.19
801 1429.083 88.7 1.59 0.02
802 1432.599 81.9 1.86 -0.00
803 1435.077 83.6 1.59 0.00
804 1435.343 102.4 1.54 0.00
805 1437.658 100.7 1.83 -0.00
806 1437.821 75.1 1.76 0.00
807 1437.965 78.5 1.86 0.00
808 1440.163 102.4 1.66 0.12
809 1444.860 80.2 1.94 -0.00
810 1451.236 134.8 1.80 0.17
811 1458.991 63.1 1.57 0.16
812 1459.373 68.3 1.75 0.32
813 1459.728 71.7 1.51 0.10
814 1460.213 47.8 1.47 -0.00
815 1463.544 153.6 1.62 -0.22
816 1465.053 92.2 1.91 -0.08
817 1467.524 81.9 1.99 -0.15
818 1468.166 93.9 2.01 -0.06
819 1469.729 109.2 1.80 -0.05
820 1471.846 83.6 1.81 0.02
821 1472.713 76.8 1.52 -0.00
822 1474.044 95.6 1.56 0.16
823 1475.375 68.3 1.68 0.27
824 1475.552 32.4 1.45 0.28
825 1478.338 114.3 1.93 -0.01
826 1478.829 76.8 1.99 0.00
827 1479.177 129.7 1.80 0.00
828 1479.703 122.9 1.78 0.02
829 1480.433 76.8 1.74 0.05
830 1482.618 83.6 1.63 0.00
831 1482.898 49.5 1.83 0.01
832 1483.000 34.1 1.41 0.00
833 1483.089 95.6 2.02 0.00
834 1484.263 100.7 1.98 0.00
835 1485.253 81.9 1.93 0.01
836 1487.083 42.7 1.96 0.01
837 1487.444 42.7 1.98 -0.00
838 1489.363 46.1 1.98 -0.00
839 1489.465 78.5 1.96 -0.02
840 1489.533 35.8 1.88 0.02
841 1490.496 102.4 1.87 -0.01
842 1490.619 70.0 1.76 0.00
843 1491.827 76.8 1.76 -0.00
844 1494.271 177.5 1.94 0.09
845 1494.967 44.4 2.00 0.00
846 1495.241 59.7 1.89 0.01
847 1497.944 80.2 1.76 0.10
848 1499.063 128.0 1.89 0.07
849 1499.883 70.0 1.90 0.17
850 1501.255 41.0 1.94 -0.00
851 1503.310 47.8 1.91 0.18
852 1506.382 105.8 1.88 0.10
853 1509.392 56.3 1.65 0.16
854 1511.317 49.5 1.54 0.02
855 1516.246 63.1 1.58 -0.02
856 1516.376 75.1 1.76 -0.01
857 1526.008 75.1 1.82 0.05
858 1529.900 47.8 1.52 0.00
859 1530.063 80.2 1.69 0.00
860 1532.514 95.6 1.77 -0.00
861 1532.849 64.9 1.72 -0.01
862 1535.095 95.6 1.73 -0.00
863 1535.866 187.7 1.64 0.00
864 1537.696 64.9 1.66 -0.03
865 1538.972 68.3 1.92 0.18
866 1540.194 75.1 1.59 0.15
867 1541.819 104.1 1.54 -0.00
868 1544.119 80.2 1.49 0.00
869 1545.676 64.9 1.54 0.01
870 1546.010 76.8 1.76 0.27
871 1546.693 83.6 1.70 0.00
872 1547.260 83.6 1.61 0.00
873 1547.956 81.9 1.62 -0.00
874 1553.056 73.4 1.62 -0.00
875 1554.762 114.3 1.76 0.19
876 1554.919 100.7 1.56 0.19
877 1557.193 88.7 1.56 -0.10
878 1559.179 71.7 1.54 0.46
879 1563.903 85.3 1.74 0.14
880 1567.289 99.0 1.43 -0.00
881 1568.102 32.4 1.68 0.01
882 1569.876 63.1 1.78 -0.01
883 1571.290 99.0 1.61 0.17
884 1571.727 104.1 1.73 0.01
885 1571.822 35.8 1.54 0.00
886 1572.041 116.1 1.46 0.00
887 1575.208 95.6 1.75 0.00
888 1575.556 170.7 1.57 0.00
889 1575.993 80.2 1.49 -0.05
890 1576.669 66.6 1.60 0.12
891 1577.324 129.7 1.53 0.20
892 1581.523 30.7 1.45 -0.01
893 1584.663 85.3 1.68 0.00
894 1592.207 75.1 1.58 0.29
895 1592.445 105.8 1.71 0.07
896 1592.746 92.2 1.59 -0.00
897 1593.510 99.0 1.68 -0.00
898 1595.995 75.1 1.57 0.00
899 1598.357 54.6 1.63 0.00
900 1598.446 66.6 1.63 0.00
901 1598.548 80.2 1.70 0.00
902 1600.392 141.7 1.66 -0.00
903 1601.661 76.8 1.58 0.02
904 1602.740 39.3 1.59 0.01
905 1603.887 143.4 1.48 0.12
906 1604.583 54.6 1.76 -0.00
907 1605.116 81.9 1.58 0.23
908 1605.669 162.1 1.60 -0.00
909 1615.588 61.4 1.56 0.10
910 1621.131 114.3 1.33 0.08
911 1631.064 102.4 1.30 0.29
912 1635.788 78.5 1.29 0.19
913 1636.791 78.5 1.44 -0.02
914 1637.720 117.8 1.43 -0.01
915 1639.420 170.7 1.47 0.00
916 1640.649 83.6 1.49 0.10
917 1641.454 88.7 1.74 0.04
918 1642.697 56.3 1.83 -0.01
919 1644.977 170.7 1.74 0.26
920 1647.639 64.9 1.76 -0.02
921 1651.646 76.8 2.01 -0.00
922 1652.015 95.6 1.88 -0.00
923 1652.718 41.0 2.03 -0.00
924 1652.902 92.2 1.94 0.00
925 1653.817 73.4 1.88 0.01
926 1654.295 52.9 1.91 0.00
927 1654.404 46.1 1.90 0.00
928 1654.479 54.6 1.51 -0.00
929 1656.787 81.9 1.47 0.00
930 1657.606 136.5 1.96 -0.00
931 1659.299 70.0 1.90 -0.00
932 1667.791 80.2 1.66 0.32
933 1668.617 71.7 1.77 0.20
934 1672.038 54.6 1.84 0.19
935 1673.280 42.7 1.77 0.16
936 1679.171 129.7 1.81 0.15
937 1681.977 30.7 1.75 0.24
938 1683.063 109.2 1.30 0.26
939 1684.694 88.7 1.71 0.24
940 1689.671 81.9 1.22 0.39
941 1694.531 116.1 1.93 0.26
942 1696.566 46.1 2.14 0.00
943 1697.713 100.7 1.75 -0.00
944 1698.088 95.6 1.95 0.06
945 1698.191 95.6 1.98 0.00
946 1698.832 88.7 1.72 -0.00
947 1700.553 95.6 2.11 0.00
948 1700.682 100.7 1.68 0.00
949 1700.853 85.3 1.61 0.00
950 1703.276 30.7 1.99 0.00
951 1703.577 64.9 2.03 0.01
952 1703.686 54.6 2.05 0.00
953 1704.601 87.0 1.90 -0.00
954 1704.819 75.1 1.60 -0.00
955 1705.529 81.9 2.17 0.00
956 1705.659 102.4 1.54 0.00
957 1707.086 63.1 1.85 0.00
958 1708.369 56.3 2.10 0.24
959 1709.557 66.6 2.12 0.00
960 1722.650 41.0 2.12 0.06
961 1724.337 81.9 1.92 0.04
962 1725.825 75.1 1.90 0.02
963 1726.733 116.1 1.55 -0.12
964 1733.300 32.4 2.02 0.25
965 1733.669 75.1 2.07 0.30
966 1734.461 88.7 1.96 0.22
967 1734.577 68.3 1.94 0.22
968 1740.693 80.2 1.93 0.00
969 1741.239 90.5 1.91 0.09
970 1743.444 95.6 1.78 -0.01
971 1744.134 68.3 1.77 0.11
972 1744.591 39.3 1.88 0.22
973 1748.524 52.9 1.86 0.02
974 1749.411 49.5 1.91 -0.01
975 1750.469 76.8 1.67 -0.01
976 1752.947 58.0 1.93 0.07
977 1754.176 78.5 1.90 0.01
978 1760.108 59.7 1.87 0.02
979 1760.388 88.7 1.85 0.06
980 1768.048 88.7 1.64 0.00
981 1768.171 87.0 1.73 0.00
982 1768.751 78.5 1.66 0.01
983 1768.949 121.2 1.89 0.01
984 1770.164 116.1 1.54 0.10
985 1770.430 104.1 1.92 0.10
986 1772.990 95.6 1.92 0.18
987 1776.131 49.5 2.04 -0.00
988 1777.783 75.1 1.88 0.00
989 1782.384 92.2 1.93 -0.00
990 1783.647 126.3 1.88 0.08
991 1784.077 93.9 1.78 -0.00
992 1784.732 126.3 1.83 -0.01
993 1785.456 102.4 1.85 -0.01
994 1786.801 153.6 1.76 0.04
995 1790.153 95.6 1.08 -0.19
996 1794.590 68.3 1.88 -0.08
997 1796.836 73.4 1.67 0.09
998 1798.249 61.4 1.49 0.04
999 1801.935 68.3 1.75 -0.00
1000 1803.007 95.6 1.83 0.01
1001 1803.205 30.7 1.73 -0.00
1002 1804.400 66.6 1.79 0.00
1003 1805.799 95.6 1.52 0.31
1004 1808.236 100.7 1.72 -0.17
1005 1810.516 73.4 1.70 -0.00
1006 1811.042 71.7 1.67 -0.01
1007 1813.227 126.3 1.52 0.08
1008 1813.868 75.1 1.58 0.34
1009 1814.333 56.3 1.51 0.01
1010 1814.715 134.8 1.33 0.11
1011 1814.954 158.7 1.65 0.11
1012 1817.275 63.1 1.81 -0.00
1013 1818.115 37.5 1.48 -0.00
1014 1820.797 81.9 1.72 0.02
1015 1822.443 61.4 1.57 0.00
1016 1823.091 52.9 1.57 0.00
1017 1823.596 218.5 1.50 0.17
1018 1824.026 95.6 1.54 0.00
1019 1826.368 102.4 1.26 0.00
1020 1826.627 76.8 1.20 -0.00
1021 1827.843 121.2 1.36 0.21
1022 1828.163 64.9 1.37 0.14
1023 1829.126 157.0 1.26 0.13
1024 1832.983 83.6 1.31 0.23
1025 1840.704 143.4 2.00 0.00
1026 1840.820 105.8 1.38 0.00
1027 1842.295 175.8 1.56 -0.02
1028 1843.264 75.1 1.56 -0.00
1029 1843.380 88.7 1.84 -0.00
1030 1843.517 139.9 1.77 -0.01
1031 1843.858 68.3 1.85 0.12
1032 1846.432 122.9 2.02 0.20
1033 1849.463 121.2 1.66 -0.00
1034 1854.938 102.4 1.80 0.25
1035 1863.061 93.9 1.73 -0.00
1036 1863.212 119.5 1.75 -0.00
1037 1863.778 41.0 1.79 -0.00
1038 1866.884 122.9 1.68 0.01
1039 1868.666 37.5 1.52 0.00
1040 1868.809 73.4 1.54 -0.00
1041 1873.554 88.7 1.51 0.36
1042 1875.636 52.9 1.51 -0.01
1043 1876.960 95.6 1.27 -0.00
1044 1887.617 58.0 1.63 0.29
1045 1889.310 177.5 1.55 0.00
1046 1889.924 170.7 1.42 0.22
1047 1892.402 44.4 1.47 0.00
1048 1893.283 110.9 1.42 -0.00
1049 1894.177 122.9 1.27 0.20
1050 1894.696 68.3 1.48 0.01
1051 1895.065 71.7 1.63 0.01
1052 1895.331 76.8 1.69 0.02
1053 1895.440 87.0 1.72 0.02
1054 1895.549 109.2 1.58 0.02
1055 1897.256 85.3 1.78 -0.00
1056 1910.432 56.3 2.00 0.13
1057 1913.859 51.2 2.04 0.22
1058 1914.493 68.3 2.06 0.22
1059 1919.129 81.9 1.83 0.14
1060 1919.388 58.0 1.96 0.05
1061 1923.416 61.4 1.72 0.53
1062 1923.785 85.3 1.81 0.40
1063 1931.915 51.2 1.75 0.23
1064 1935.636 95.6 1.68 0.12
1065 1936.851 85.3 1.88 0.19
1066 1940.728 75.1 1.76 0.18
1067 1941.759 112.6 1.69 0.00
1068 1942.517 64.9 1.65 0.21
1069 1945.862 44.4 1.68 0.35
1070 1953.091 54.6 1.59 0.16
1071 1954.621 88.7 1.58 0.21
1072 1956.157 44.4 1.62 0.23
1073 1957.331 102.4 1.47 0.20
1074 1960.075 64.9 1.76 0.01
1075 1964.943 114.3 1.82 0.00
1076 1965.222 51.2 1.60 -0.01
1077 1970.151 41.0 1.90 -0.00
1078 1973.367 54.6 1.94 0.37
1079 1976.336 121.2 1.77 0.14
1080 1980.091 52.9 1.85 0.06
1081 1980.623 56.3 1.85 0.04
1082 1981.565 81.9 1.68 0.01
1083 1981.743 54.6 1.77 0.00
1084 1981.859 104.1 1.70 0.00
1085 1985.286 129.7 1.73 0.20
1086 1986.713 80.2 1.41 -0.00
1087 1988.768 110.9 1.35 0.17
1088 1989.594 75.1 1.08 0.06
1089 1991.341 30.7 1.48 -0.00
1090 1993.184 128.0 1.77 0.17
1091 1995.062 85.3 1.85 0.17
1092 1996.099 81.9 1.44 0.33
1093 1999.233 81.9 1.59 0.25
1094 2005.186 102.4 1.70 0.13
1095 2006.066 95.6 1.71 -0.01
1096 2008.278 70.0 1.76 0.25
1097 2011.821 95.6 1.58 0.02
1098 2012.763 107.5 1.65 0.13
1099 2012.859 87.0 1.66 0.13
1100 2021.529 81.9 1.83 0.23
1101 2023.017 56.3 1.70 -0.21
1102 2027.352 81.9 1.68 -0.00
1103 2027.502 110.9 1.75 -0.00
1104 2027.843 49.5 1.66 0.01
1105 2028.806 102.4 1.83 0.10
1106 2035.141 87.0 1.84 0.08
1107 2038.759 46.1 1.59 0.00
1108 2039.019 99.0 1.63 -0.01
1109 2039.101 63.1 1.58 -0.08
1110 2040.364 122.9 1.57 0.11
1111 2041.893 99.0 1.75 -0.08
1112 2044.842 88.7 1.65 -0.01
1113 2048.556 75.1 1.62 0.17
1114 2052.802 88.7 1.37 0.08
1115 2055.218 73.4 1.98 -0.09
1116 2056.297 58.0 1.39 0.01
1117 2056.679 75.1 1.76 -0.10
1118 2057.260 187.7 1.13 0.00
1119 2057.833 122.9 1.77 0.07
1120 2060.420 206.5 1.10 -0.01
1121 2061.813 88.7 1.71 0.06
1122 2062.577 104.1 1.49 -0.01
1123 2065.206 145.1 1.56 -0.02
1124 2066.093 81.9 1.79 0.24
1125 2067.677 95.6 1.70 0.22
1126 2069.363 145.1 1.83 -0.02
1127 2078.163 157.0 1.83 0.14
1128 2082.498 58.0 2.01 0.08
1129 2083.344 61.4 1.91 0.00
1130 2083.508 87.0 2.13 0.00
1131 2085.583 88.7 1.76 0.00
1132 2085.836 63.1 1.76 0.21
1133 2089.652 39.3 1.85 0.00
1134 2092.581 97.3 1.97 0.14
1135 2095.018 97.3 1.65 0.01
1136 2095.584 80.2 1.73 0.01
1137 2096.718 88.7 1.96 0.11
1138 2097.284 88.7 1.62 0.09
1139 2103.101 63.1 1.73 -0.02
1140 2103.223 63.1 1.59 -0.02
1141 2107.388 63.1 1.53 0.16
1142 2107.545 126.3 1.46 0.14
1143 2108.726 75.1 1.59 0.17
1144 2109.545 87.0 2.04 0.00
1145 2111.559 78.5 2.00 0.38
1146 2112.467 81.9 2.04 -0.00
1147 2112.624 63.1 1.92 -0.00
1148 2115.942 81.9 1.97 -0.01
1149 2116.597 87.0 1.95 0.24
1150 2118.891 95.6 1.83 0.02
1151 2129.260 109.2 1.70 0.00
1152 2133.015 81.9 1.86 0.27
1153 2138.422 73.4 1.87 0.02
1154 2139.671 87.0 1.87 0.22
1155 2141.569 63.1 1.62 0.20
1156 2150.368 42.7 1.83 0.18
1157 2156.390 141.7 1.92 -0.01
1158 2159.448 102.4 1.54 0.26
1159 2161.284 63.1 1.41 0.29
1160 2168.609 83.6 1.76 0.13
1161 2173.893 76.8 1.77 0.17
1162 2177.334 122.9 1.62 -0.00
1163 2178.064 68.3 1.52 0.00
1164 2178.173 122.9 1.51 0.00
1165 2182.024 49.5 1.71 -0.00
1166 2182.174 99.0 1.76 0.00
1167 2182.604 78.5 1.74 -0.00
1168 2186.079 90.5 1.70 -0.00
1169 2189.164 88.7 1.61 0.20
1170 2189.588 114.3 1.55 0.00
1171 2189.806 97.3 1.44 0.00
1172 2190.250 76.8 1.65 0.11
1173 2192.325 110.9 1.55 -0.00
1174 2192.974 122.9 1.68 0.00
1175 2193.663 80.2 1.82 0.00
1176 2194.844 66.6 1.67 0.00
1177 2197.172 194.6 1.58 -0.00
1178 2199.425 75.1 1.67 0.01
1179 2201.091 114.3 1.41 -0.01
1180 2205.357 73.4 1.51 -0.01
1181 2205.432 17.1 1.52 -0.00
1182 2206.538 109.2 1.85 0.14
1183 2207.856 95.6 1.72 0.23
1184 2208.450 66.6 1.67 -0.07
1185 2208.887 160.4 1.59 -0.05
1186 2209.617 63.1 1.62 0.31
1187 2212.314 61.4 1.66 0.01
1188 2212.648 81.9 1.74 0.02
1189 2216.539 112.6 1.52 0.19
1190 2216.635 80.2 1.48 0.19
1191 2222.649 128.0 1.62 -0.01
1192 2222.909 64.9 1.65 -0.01
1193 2223.482 131.4 1.61 0.08
1194 2228.704 157.0 1.70 0.12
1195 2230.479 56.3 1.55 -0.00
1196 2230.950 56.3 1.55 -0.00
1197 2232.719 46.1 1.34 -0.00
1198 2232.916 102.4 1.68 -0.00
1199 2244.099 61.4 1.39 0.03
1200 2246.044 58.0 1.59 -0.01
1201 2247.150 109.2 1.62 0.05
1202 2247.901 56.3 1.57 0.02
1203 2254.386 71.7 1.54 0.15
1204 2256.141 122.9 1.48 0.02
1205 2262.510 102.4 1.33 -0.02
1206 2263.602 23.9 1.37 0.00
1207 2264.988 107.5 1.65 0.01
1208 2266.162 70.0 1.81 0.00
1209 2267.937 76.8 1.76 0.06
1210 2271.883 56.3 1.84 0.11
1211 2274.941 92.2 1.62 -0.00
1212 2276.204 88.7 1.56 0.26
1213 2280.143 100.7 1.93 0.23
1214 2282.499 136.5 2.06 0.00
1215 2282.744 51.2 1.89 0.01
1216 2282.833 75.1 1.74 0.01
1217 2283.338 146.8 1.59 -0.00
1218 2286.554 64.9 1.86 0.26
1219 2286.724 83.6 1.91 0.26
1220 2286.881 110.9 1.89 0.20
1221 2287.516 70.0 1.95 0.00
1222 2287.857 83.6 1.89 0.00
1223 2290.424 146.8 1.73 0.16
1224 2292.725 95.6 1.79 0.24
1225 2294.329 92.2 1.75 0.05
1226 2301.443 169.0 1.71 0.10
1227 2306.754 41.0 1.81 -0.00
1228 2306.911 177.5 1.57 0.00
1229 2307.020 18.8 1.67 -0.00
1230 2307.204 73.4 1.69 0.01
1231 2307.805 68.3 1.30 -0.00
1232 2307.914 64.9 1.76 -0.00
1233 2308.017 71.7 1.38 0.01
1234 2308.679 56.3 1.49 0.01
1235 2309.682 95.6 1.58 -0.01
1236 2310.392 100.7 1.62 0.05
1237 2311.171 47.8 1.81 -0.00
1238 2315.806 78.5 1.65 -0.03
1239 2316.468 97.3 1.63 -0.06
1240 2323.998 83.6 1.58 0.24
1241 2324.619 68.3 1.79 0.12
1242 2327.118 88.7 1.69 0.01
1243 2327.548 49.5 1.88 0.00
1244 2328.722 155.3 1.38 0.07
1245 2337.310 85.3 1.78 0.15
1246 2338.846 75.1 1.68 0.04
1247 2339.064 64.9 1.67 -0.01
1248 2341.153 78.5 1.67 -0.16
1249 2342.717 85.3 1.57 -0.37
1250 2345.010 92.2 1.99 0.03
1251 2347.243 51.2 1.63 -0.24
1252 2347.857 52.9 1.32 -0.24
1253 2348.335 52.9 1.92 0.01
1254 2349.782 136.5 1.88 0.00
1255 2350.690 109.2 1.65 0.01
1256 2350.827 93.9 1.83 0.01
1257 2351.345 126.3 1.67 -0.01
1258 2351.625 42.7 1.67 -0.00
1259 2351.946 133.1 1.74 -0.00
1260 2353.516 80.2 1.70 0.01
1261 2353.769 51.2 1.75 -0.00
1262 2355.476 37.5 1.83 -0.01
1263 2356.882 70.0 1.80 -0.00
1264 2358.397 81.9 1.88 -0.00
1265 2358.561 35.8 1.50 0.00
1266 2358.752 104.1 1.87 -0.00
1267 2360.241 68.3 1.82 -0.00
1268 2360.841 85.3 1.88 -0.01
1269 2362.507 110.9 1.41 -0.00
1270 2365.647 88.7 1.98 0.10
1271 2370.959 42.7 1.86 0.08
1272 2373.751 119.5 1.76 0.13
1273 2375.280 63.1 1.60 0.09
1274 2376.345 88.7 1.59 0.05
1275 2381.895 100.7 1.56 0.20
1276 2382.516 46.1 1.47 0.01
1277 2384.523 93.9 1.45 -0.00
1278 2384.680 107.5 1.57 -0.00
1279 2388.066 92.2 1.60 0.08
1280 2389.623 116.1 1.40 0.01
1281 2390.298 68.3 1.57 0.06
1282 2392.292 88.7 1.40 0.02
1283 2398.661 109.2 1.32 0.04
1284 2399.310 126.3 1.60 -0.01
1285 2402.873 122.9 1.35 0.28
1286 2405.037 68.3 1.67 0.24
1287 2405.740 88.7 1.67 0.16
1288 2408.259 25.6 1.76 -0.00
1289 2409.161 109.2 1.74 0.13
1290 2409.481 54.6 1.43 0.32
1291 2416.103 68.3 1.57 0.01
1292 2420.534 75.1 1.45 0.08
1293 2427.777 138.2 1.32 0.06
1294 2427.900 88.7 1.23 0.06
1295 2428.064 52.9 1.29 0.01
1296 2431.375 71.7 1.38 -0.01
1297 2431.770 88.7 1.59 0.01
1298 2432.801 92.2 1.33 0.00
1299 2433.771 131.4 1.38 0.00
1300 2435.068 56.3 1.18 0.00
1301 2435.389 56.3 1.34 0.01
1302 2436.652 203.1 1.12 0.00
1303 2437.355 81.9 1.98 -0.00
1304 2438.010 107.5 1.14 -0.01
1305 2444.359 163.8 1.78 0.34
1306 2452.742 76.8 1.41 0.10
1307 2455.159 61.4 1.76 0.09
1308 2459.145 122.9 1.63 0.00
1309 2462.354 47.8 1.71 0.15
1310 2469.809 37.5 1.79 0.00
1311 2473.427 87.0 1.58 0.13
1312 2475.789 56.3 1.34 0.24
1313 2482.527 52.9 1.68 0.01
1314 2483.742 83.6 1.56 0.00
1315 2488.719 64.9 1.61 -0.00
1316 2489.401 133.1 1.82 0.29
1317 2489.852 117.8 1.75 0.24
1318 2496.269 30.7 1.58 0.00
1319 2496.808 32.4 1.57 -0.01
1320 2497.245 90.5 1.62 -0.03
1321 2504.809 56.3 1.54 -0.00
1322 2505.027 25.6 1.52 0.01
1323 2509.451 46.1 1.44 -0.00
1324 2516.571 95.6 1.41 0.11
1325 2517.042 81.9 1.55 0.17
1326 2518.394 75.1 1.61 0.28
1327 2520.326 95.6 1.81 -0.03
1328 2521.705 126.3 1.55 0.12
1329 2521.862 95.6 1.71 0.04
1330 2522.777 116.1 1.25 0.07
1331 2527.781 95.6 1.79 0.00
1332 2528.088 95.6 1.86 -0.12
1333 2531.146 110.9 2.09 0.01
1334 2537.700 150.2 1.90 0.11
1335 2545.011 73.4 2.06 0.17
1336 2545.905 131.4 1.86 0.21
1337 2546.636 97.3 1.91 -0.01
1338 2546.827 129.7 1.86 0.00
1339 2547.394 54.6 1.74 -0.00
1340 2556.296 44.4 1.81 -0.01
1341 2558.781 95.6 1.62 0.00
1342 2566.788 109.2 1.29 0.22
1343 2571.690 64.9 1.81 0.21
1344 2573.437 81.9 1.76 0.01
1345 2573.540 81.9 1.68 0.00
1346 2574.502 75.1 2.00 0.00
1347 2574.605 81.9 1.84 0.00
1348 2576.851 107.5 1.78 -0.00
1349 2577.083 41.0 1.63 0.00
1350 2578.155 138.2 1.79 0.01
1351 2578.312 141.7 1.67 -0.00
1352 2578.871 49.5 1.78 -0.00
1353 2580.803 35.8 1.84 0.00
1354 2580.926 112.6 1.77 0.00
1355 2583.213 109.2 1.73 -0.00
1356 2583.616 75.1 1.78 -0.00
1357 2583.712 83.6 1.76 -0.00
1358 2584.708 80.2 1.84 0.00
1359 2585.172 71.7 1.70 0.10
1360 2586.388 83.6 1.81 0.18
1361 2587.057 35.8 1.71 0.06
1362 2588.197 87.0 1.91 0.01
1363 2588.292 54.6 1.93 0.01
1364 2588.395 59.7 1.95 -0.00
1365 2590.327 80.2 1.93 0.01
1366 2591.119 63.1 1.81 0.01
1367 2596.239 51.2 1.92 -0.01
1368 2596.416 34.1 1.83 -0.00
1369 2596.621 80.2 1.64 0.00
1370 2597.577 46.1 1.95 0.01
1371 2597.679 64.9 1.94 0.00
1372 2598.580 136.5 1.59 0.00
1373 2598.894 35.8 1.52 0.00
1374 2599.904 73.4 1.95 0.00
1375 2600.014 71.7 1.31 -0.01
1376 2603.120 85.3 1.68 0.32
1377 2604.116 70.0 1.81 -0.00
1378 2604.792 107.5 1.71 -0.01
1379 2605.161 61.4 1.65 -0.00
1380 2613.326 70.0 1.59 -0.00
1381 2614.507 88.7 1.89 0.24
1382 2625.525 88.7 1.95 0.33
1383 2631.881 95.6 1.79 0.27
1384 2632.065 93.9 2.01 0.27
1385 2633.539 88.7 1.89 0.22
1386 2636.475 64.9 1.94 0.20
1387 2638.782 73.4 1.90 0.19
1388 2645.213 83.6 1.79 0.00
1389 2645.418 54.6 1.86 0.00
1390 2645.848 138.2 1.88 0.08
1391 2648.094 49.5 1.92 0.00
1392 2648.278 81.9 1.90 -0.00
1393 2648.975 102.4 1.76 -0.01
1394 2650.353 75.1 1.84 -0.00
1395 2650.490 141.7 1.78 0.00
1396 2650.627 56.3 1.83 -0.00
1397 2652.729 81.9 1.74 0.00
1398 2653.268 102.4 1.89 0.25
1399 2655.398 61.4 1.88 0.00
1400 2656.600 51.2 1.86 0.34
1401 2657.173 76.8 1.91 0.22
1402 2658.109 68.3 1.96 0.21
1403 2661.665 87.0 1.89 -0.01
1404 2662.478 85.3 1.45 0.00
1405 2664.621 63.1 1.76 -0.00
1406 2665.222 49.5 1.87 0.00
1407 2666.342 128.0 1.79 0.14
1408 2669.673 109.2 1.69 0.00
1409 2670.055 58.0 1.77 0.25
1410 2671.762 92.2 1.62 0.16
1411 2672.793 39.3 1.50 0.00
1412 2675.592 41.0 1.81 0.12
1413 2675.796 42.7 1.81 0.30
1414 2678.814 129.7 1.48 0.13
1415 2681.913 93.9 1.69 0.13
1416 2684.637 87.0 1.78 0.00
1417 2685.886 70.0 1.83 0.26
1418 2688.603 81.9 1.66 0.00
1419 2689.648 58.0 1.63 0.23
1420 2690.501 35.8 1.64 0.14
1421 2696.256 64.9 1.56 0.38
1422 2696.488 99.0 1.54 0.18
1423 2697.314 92.2 1.62 0.00
1424 2698.072 73.4 1.53 0.02
1425 2700.147 124.6 1.56 0.00
1426 2701.219 46.1 1.47 0.11
1427 2702.202 30.7 1.44 -0.00
1428 2704.373 80.2 1.33 0.00
1429 2705.301 129.7 1.63 0.00
1430 2708.797 119.5 1.50 0.06
1431 2715.575 81.9 1.38 0.06
1432 2718.333 107.5 1.53 0.18
1433 2722.068 56.3 1.67 0.00
1434 2722.784 58.0 1.50 0.13
1435 2725.877 146.8 1.72 0.14
1436 2726.887 95.6 1.72 0.12
1437 2728.806 99.0 1.56 0.10
1438 2738.499 93.9 1.64 0.05
1439 2739.858 63.1 1.39 -0.20
1440 2743.012 64.9 1.48 0.01
1441 2743.333 110.9 1.49 0.22
1442 2744.957 75.1 1.60 0.27
1443 2746.357 158.7 1.65 -0.00
1444 2747.395 107.5 1.70 0.00
1445 2750.002 34.1 1.66 0.01
1446 2750.378 68.3 1.58 0.01
1447 2751.764 52.9 1.41 0.00
1448 2751.975 68.3 1.64 0.00
1449 2753.272 81.9 1.86 0.02
1450 2753.388 61.4 1.75 -0.00
1451 2753.696 78.5 1.99 0.00
1452 2753.982 122.9 1.74 -0.00
1453 2754.132 104.1 1.83 -0.00
1454 2754.344 75.1 1.68 0.00
1455 2754.733 100.7 1.65 -0.00
1456 2755.409 133.1 2.03 0.01
1457 2756.419 85.3 1.87 0.00
1458 2756.522 75.1 1.40 0.00
1459 2757.430 95.6 1.55 0.00
1460 2758.058 75.1 1.74 0.00
1461 2758.331 88.7 1.86 -0.00
1462 2759.375 186.0 1.48 -0.01
1463 2759.532 104.1 1.58 0.16
1464 2759.696 109.2 2.00 0.01
1465 2759.915 150.2 1.65 0.01
1466 2760.474 88.7 1.51 -0.00
1467 2762.604 81.9 1.39 -0.01
1468 2762.946 93.9 1.57 -0.00
1469 2763.096 54.6 1.58 0.00
1470 2763.410 97.3 0.87 -0.00
1471 2768.544 47.8 1.64 -0.00
1472 2772.319 76.8 1.68 -0.01
1473 2772.653 70.0 1.55 -0.00
1474 2775.964 32.4 1.79 0.46
1475 2777.350 68.3 2.05 0.30
1476 2781.780 75.1 1.71 0.17
1477 2782.641 64.9 1.84 0.27
1478 2785.733 75.1 1.91 0.47
1479 2787.146 81.9 1.90 0.28
1480 2791.024 61.4 1.81 0.24
1481 2797.748 46.1 1.94 0.27
1482 2797.796 30.7 1.97 0.27
1483 2801.612 44.4 1.92 0.00
1484 2804.930 61.4 1.61 -0.00
1485 2808.862 58.0 1.74 0.00
1486 2818.447 68.3 1.76 0.31
1487 2826.447 46.1 1.79 -0.00
1488 2827.089 64.9 1.75 -0.00
1489 2827.458 121.2 1.46 -0.00
1490 2827.683 61.4 1.89 -0.01
1491 2827.908 41.0 1.81 -0.01
1492 2828.222 71.7 1.61 0.00
1493 2834.353 104.1 1.66 -0.05
1494 2837.472 141.7 1.52 0.00
1495 2841.329 68.3 1.58 0.14
1496 2845.057 68.3 1.66 0.07
1497 2845.924 92.2 1.49 0.14
1498 2846.135 39.3 1.56 0.01
1499 2854.648 128.0 1.30 0.22
1500 2856.109 88.7 1.48 0.10
1501 2864.820 83.6 1.40 -0.02
1502 2867.155 116.1 1.56 0.15
1503 2867.510 81.9 1.48 -0.01
1504 2867.933 52.9 1.49 -0.12
1505 2869.571 139.9 1.42 -0.12
1506 2869.817 169.0 1.58 0.04
1507 2871.483 51.2 1.70 0.01
1508 2875.046 68.3 1.80 0.27
1509 2876.412 39.3 1.91 -0.00
1510 2876.487 51.2 1.89 -0.00
1511 2876.562 52.9 1.84 -0.00
1512 2877.026 68.3 1.84 0.00
1513 2877.320 18.8 1.75 -0.01
1514 2880.180 88.7 1.79 0.42
1515 2883.532 81.9 1.68 0.34
1516 2894.980 44.4 1.60 -0.00
1517 2895.663 93.9 1.50 0.00
1518 2897.213 160.4 1.17 0.03
1519 2900.537 56.3 1.40 0.00
1520 2900.885 81.9 1.39 0.22
1521 2903.930 81.9 1.59 0.13
1522 2911.624 78.5 1.41 -0.04
1523 2912.279 97.3 1.44 -0.11
1524 2918.498 75.1 1.46 0.00
1525 2921.666 95.6 1.42 0.05
1526 2922.239 58.0 1.56 -0.00
1527 2923.427 87.0 1.41 -0.01
1528 2923.796 68.3 1.45 -0.01
1529 2924.314 75.1 1.51 0.00
1530 2924.512 75.1 1.43 0.00
1531 2925.291 64.9 1.53 -0.01
1532 2925.386 44.4 1.52 0.00
1533 2925.932 110.9 1.75 0.00
1534 2926.246 81.9 1.66 0.00
1535 2926.356 80.2 1.83 0.00
1536 2927.905 109.2 1.78 0.13
1537 2930.383 81.9 1.86 -0.00
1538 2930.629 104.1 2.03 0.00
1539 2932.670 47.8 1.45 0.07
1540 2933.844 85.3 1.58 0.17
1541 2934.001 34.1 1.42 0.14
1542 2938.862 126.3 1.49 -0.00
1543 2939.067 136.5 1.49 0.00
1544 2939.620 102.4 1.26 -0.01
1545 2945.894 134.8 1.62 0.06
1546 2946.447 81.9 1.74 0.01
1547 2949.143 126.3 1.61 0.09
1548 2953.369 81.9 1.41 -0.00
1549 2954.461 75.1 1.49 0.00
1550 2955.642 75.1 1.88 -0.02
1551 2955.799 81.9 1.43 -0.02
1552 2956.837 66.6 1.53 -0.09
1553 2961.902 64.9 1.99 0.06
1554 2962.885 70.0 1.90 0.08
1555 2963.001 64.9 1.88 0.09
1556 2963.308 95.6 2.00 0.01
1557 2969.009 75.1 1.54 -0.02
1558 2969.193 58.0 1.68 -0.04
1559 2969.384 100.7 1.59 0.01
1560 2972.661 95.6 1.89 0.19
1561 2974.661 83.6 1.78 0.14
1562 2974.798 87.0 1.86 0.14
1563 2978.334 54.6 1.84 -0.00
1564 2978.784 99.0 1.82 0.01
1565 2980.860 136.5 1.79 -0.01
1566 2983.338 71.7 1.63 0.04
1567 2984.000 88.7 1.59 0.17
1568 2987.516 81.9 1.69 -0.12
1569 2993.810 109.2 1.50 -0.00
1570 2995.605 56.3 1.87 0.00
1571 2996.063 110.9 1.93 0.10
1572 2997.189 150.2 1.75 0.19
1573 2998.862 63.1 1.83 -0.01
1574 2998.991 61.4 1.86 -0.01
1575 2999.135 97.3 2.09 -0.01
1576 3000.800 70.0 1.84 -0.01
1577 3002.821 85.3 1.64 0.10
1578 3005.197 56.3 1.74 0.02
1579 3012.966 76.8 1.62 0.19
1580 3013.669 83.6 1.51 0.14
1581 3015.935 70.0 1.49 -0.01
1582 3016.208 131.4 1.52 -0.01
1583 3017.198 75.1 1.51 -0.00
1584 3017.758 116.1 1.43 -0.03
1585 3018.154 116.1 1.46 -0.00
1586 3021.997 51.2 1.64 -0.01
1587 3022.127 129.7 1.27 -0.01
1588 3023.786 70.0 1.60 0.13
1589 3026.837 51.2 1.64 0.28
1590 3030.496 80.2 1.66 0.17
1591 3032.162 76.8 1.54 0.21
1592 3032.667 87.0 1.73 0.24
1593 3036.265 73.4 1.50 0.00
1594 3037.071 109.2 1.54 0.00
1595 3040.593 41.0 1.50 0.01
1596 3040.730 54.6 1.53 0.01
1597 3043.139 42.7 1.14 -0.00
1598 3043.255 63.1 1.44 -0.00
1599 3043.815 114.3 1.78 -0.00
1600 3044.279 119.5 1.38 -0.00
1601 3044.901 105.8 1.19 0.00
1602 3045.030 90.5 1.33 0.00
1603 3045.187 105.8 1.63 0.00
1604 3045.303 90.5 1.06 -0.00
1605 3048.396 97.3 1.43 0.01
1606 3053.181 75.1 1.83 0.01
1607 3058.868 112.6 1.59 0.14
1608 3066.234 88.7 1.39 -0.04
1609 3067.825 76.8 2.05 0.00
1610 3067.927 47.8 1.91 -0.00
1611 3068.357 54.6 1.79 0.00
1612 3068.746 51.2 0.98 0.00
1613 3069.395 49.5 2.04 0.00
1614 3070.569 81.9 1.35 0.00
1615 3070.890 92.2 1.93 -0.01
1616 3071.463 102.4 1.88 -0.00
1617 3071.791 75.1 1.64 -0.00
1618 3072.637 110.9 1.88 -0.00
1619 3072.767 109.2 1.87 -0.00
1620 3074.767 208.2 1.62 -0.00
1621 3074.986 134.8 1.43 -0.00
1622 3076.447 18.8 1.54 -0.00
1623 3076.556 95.6 1.47 -0.00
1624 3077.423 46.1 1.95 -0.00
1625 3077.778 155.3 1.42 -0.00
1626 3083.123 39.3 1.85 0.00
1627 3083.185 44.4 1.56 0.00
1628 3085.724 78.5 1.74 0.44
1629 3085.929 42.7 1.78 0.00
1630 3086.059 52.9 1.57 -0.00
1631 3086.393 131.4 1.83 0.01
1632 3086.537 85.3 1.50 0.00
1633 3088.189 49.5 1.89 0.00
1634 3088.339 97.3 1.84 -0.00
1635 3088.503 117.8 1.89 0.30
1636 3089.404 112.6 1.62 0.00
1637 3090.004 68.3 1.52 0.00
1638 3090.080 32.4 1.77 -0.00
1639 3091.343 150.2 1.83 -0.00
1640 3091.513 129.7 1.46 -0.00
1641 3091.636 61.4 1.90 -0.00
1642 3092.919 87.0 1.87 -0.00
1643 3093.063 59.7 1.88 -0.01
1644 3094.128 116.1 1.94 -0.00
1645 3095.527 51.2 1.86 0.25
1646 3096.981 201.4 1.40 -0.01
1647 3099.248 58.0 1.73 0.18
1648 3099.896 75.1 1.90 0.27
1649 3102.149 81.9 1.69 0.24
1650 3103.897 68.3 1.73 0.15
1651 3105.009 44.4 1.86 0.27
1652 3109.105 83.6 1.76 0.18
1653 3109.208 63.1 1.65 0.18
1654 3110.580 97.3 1.80 0.24
1655 3111.024 95.6 1.81 0.11
1656 3112.430 68.3 1.59 0.18
1657 3125.128 70.0 1.65 0.13
1658 3127.230 220.2 1.75 0.00
1659 3127.374 30.7 1.77 0.00
1660 3128.295 117.8 1.81 0.01
1661 3128.609 129.7 1.31 0.01
1662 3129.360 124.6 1.57 0.00
1663 3131.285 32.4 1.91 0.00
1664 3131.620 100.7 1.42 0.27
1665 3134.214 102.4 1.69 -0.01
1666 3134.528 116.1 1.82 0.00
1667 3135.231 54.6 1.69 0.00
1668 3136.576 88.7 1.97 0.00
1669 3137.218 102.4 1.89 0.00
1670 3138.501 85.3 1.95 0.17
1671 3138.638 47.8 1.95 0.30
1672 3139.307 88.7 1.87 -0.00
1673 3144.536 131.4 1.90 0.05
1674 3145.833 116.1 1.82 0.00
1675 3145.990 99.0 1.92 0.00
1676 3150.339 71.7 1.79 0.12
1677 3152.844 107.5 1.62 -0.00
1678 3154.018 124.6 1.66 -0.08
1679 3155.438 81.9 1.64 0.01
1680 3156.230 134.8 1.60 0.04
1681 3163.842 76.8 1.71 0.01
1682 3167.999 75.1 1.66 0.02
1683 3170.696 63.1 2.02 0.08
1684 3171.051 75.1 1.81 0.01
1685 3172.573 88.7 1.67 -0.02
1686 3178.253 100.7 1.95 -0.07
1687 3178.464 70.0 1.88 0.00
1688 3178.690 59.7 1.93 -0.01
1689 3178.772 68.3 1.89 0.00
1690 3179.502 61.4 1.83 0.01
1691 3180.062 93.9 1.82 -0.06
1692 3180.376 109.2 1.71 0.01
1693 3180.867 56.3 1.69 -0.00
1694 3181.277 35.8 1.76 0.00
1695 3181.434 95.6 1.74 -0.00
1696 3182.055 34.1 1.64 -0.01
1697 3182.158 56.3 1.54 -0.01
1698 3183.687 109.2 1.70 0.13
1699 3183.782 75.1 1.42 0.13
1700 3183.892 49.5 1.31 0.00
1701 3185.148 93.9 1.65 -0.08
1702 3185.271 54.6 1.66 0.27
1703 3187.121 66.6 1.73 0.06
1704 3187.223 78.5 1.77 0.01
1705 3187.585 39.3 1.76 -0.00
1706 3187.646 56.3 1.73 0.00
1707 3188.343 85.3 1.58 -0.02
1708 3189.135 109.2 1.58 -0.30
1709 3194.555 68.3 1.63 0.01
1710 3194.691 81.9 1.55 0.06
1711 3198.835 70.0 1.43 -0.17
1712 3204.501 109.2 1.90 0.09
1713 3207.758 42.7 2.06 -0.01
1714 3208.986 68.3 2.11 0.00
1715 3209.096 75.1 2.09 0.00
1716 3209.328 47.8 1.64 0.00
1717 3209.403 54.6 1.61 0.00
1718 3209.758 63.1 2.16 0.00
1719 3209.874 32.4 2.15 0.00
1720 3211.376 41.0 2.03 0.00
1721 3211.895 59.7 1.97 0.00
1722 3211.963 52.9 1.16 0.00
1723 3212.564 63.1 1.92 -0.00
1724 3213.922 95.6 2.02 0.02
1725 3214.482 47.8 2.00 0.01
1726 3214.851 85.3 2.03 -0.00
1727 3215.076 66.6 2.05 -0.01
1728 3215.178 88.7 1.92 0.00
1729 3215.772 92.2 2.07 0.04
1730 3216.428 76.8 1.67 -0.01
1731 3217.281 56.3 1.66 -0.00
1732 3217.383 81.9 1.97 -0.00
1733 3217.916 122.9 1.86 -0.00
1734 3218.278 68.3 1.69 -0.01
1735 3218.353 70.0 1.95 -0.01
1736 3218.544 97.3 1.96 -0.00
1737 3218.749 119.5 2.01 -0.01
1738 3219.779 88.7 2.12 -0.06
1739 3223.391 35.8 2.02 0.05
1740 3224.060 116.1 2.03 0.01
1741 3224.237 68.3 1.92 -0.01
1742 3224.517 61.4 1.98 -0.04
1743 3224.899 81.9 1.83 0.01
1744 3226.913 75.1 1.96 0.02
1745 3227.043 80.2 2.01 0.02
1746 3229.692 76.8 2.08 0.01
1747 3230.381 81.9 1.99 0.01
1748 3230.463 56.3 1.94 0.01
1749 3231.412 105.8 1.71 -0.02
1750 3231.781 81.9 2.05 -0.00
1751 3232.416 76.8 1.96 0.00
1752 3233.194 52.9 2.07 0.00
1753 3233.303 54.6 2.02 0.00
1754 3233.385 54.6 2.07 0.00
1755 3233.535 66.6 1.65 0.00
1756 3233.726 59.7 2.04 0.00
1757 3233.999 87.0 2.09 0.00
1758 3234.115 88.7 2.09 0.00
1759 3234.778 117.8 2.04 0.00
1760 3236.293 66.6 2.07 0.05
1761 3237.781 63.1 1.99 -0.00
1762 3237.863 52.9 2.05 -0.00
1763 3238.273 46.1 2.02 -0.01
1764 3238.464 76.8 1.98 -0.00
1765 3239.775 92.2 1.95 -0.00
1766 3240.867 49.5 1.94 -0.00
1767 3241.215 73.4 1.90 -0.00
1768 3243.802 49.5 1.84 0.00
1769 3244.826 102.4 2.00 0.01
1770 3252.151 116.1 1.91 0.06
1771 3255.619 70.0 1.84 -0.04
1772 3256.678 52.9 1.92 0.03
1773 3257.176 35.8 1.87 0.02
1774 3258.534 129.7 1.66 0.00
1775 3258.671 30.7 1.61 0.00
1776 3260.582 75.1 1.73 0.00
1777 3261.456 90.5 1.98 -0.07
1778 3261.955 39.3 1.94 -0.00
1779 3262.726 49.5 1.77 -0.00
1780 3262.835 41.0 1.71 -0.00
1781 3262.931 46.1 1.51 -0.00
1782 3263.020 73.4 1.84 0.00
1783 3263.532 73.4 1.86 0.23
1784 3264.153 116.1 1.86 -0.00
1785 3265.634 58.0 1.81 0.03
1786 3265.730 35.8 1.79 0.00
1787 3269.402 90.5 1.67 -0.01
1788 3270.761 88.7 1.67 0.05
1789 3272.174 54.6 1.73 0.08
1790 3273.553 71.7 1.97 0.11
1791 3276.748 73.4 1.71 0.07
1792 3278.318 88.7 1.52 0.36
1793 3283.725 95.6 1.60 -0.05
1794 3283.848 75.1 1.52 -0.05
1795 3285.240 102.4 1.37 0.17
1796 3287.425 46.1 1.51 -0.00
1797 3289.132 194.6 1.52 0.00
1798 3289.971 61.4 1.90 -0.00
1799 3290.995 198.0 1.48 -0.00
1800 3291.234 92.2 1.63 0.00
1801 3291.773 76.8 1.50 -0.01
1802 3291.862 30.7 1.65 -0.00
1803 3292.941 81.9 1.44 -0.01
1804 3297.016 81.9 1.58 0.19
1805 3297.638 75.1 1.99 0.19
1806 3300.969 75.1 2.01 0.27
1807 3301.181 117.8 1.96 0.29
1808 3302.287 99.0 1.69 0.13
1809 3305.058 49.5 1.49 -0.00
1810 3307.639 97.3 1.78 0.00
1811 3307.761 109.2 1.80 0.00
1812 3307.878 104.1 1.63 -0.00
1813 3309.195 116.1 1.84 0.07
1814 3310.096 119.5 1.67 0.12
1815 3310.636 78.5 1.30 0.15
1816 3311.004 110.9 1.62 0.01
1817 3311.912 102.4 1.56 -0.02
1818 3314.138 88.7 1.47 -0.00
1819 3314.704 34.1 1.38 -0.00
1820 3316.001 68.3 1.84 0.23
1821 3316.636 75.1 1.55 0.07
1822 3317.237 88.7 1.63 0.19
1823 3317.804 63.1 1.52 0.11
1824 3321.545 59.7 1.81 0.00
1825 3325.395 95.6 1.55 0.02
1826 3325.668 75.1 1.59 0.06
1827 3326.344 128.0 1.58 0.12
1828 3329.655 78.5 1.55 0.09
1829 3331.150 155.3 1.17 -0.00
1830 3331.942 110.9 1.54 0.01
1831 3332.221 184.3 1.43 0.00
1832 3332.365 49.5 1.55 0.00
1833 3332.638 169.0 1.54 -0.00
1834 3332.809 41.0 1.58 0.01
1835 3332.890 68.3 1.79 0.00
1836 3333.170 124.6 1.49 0.00
1837 3335.724 76.8 1.79 0.25
1838 3335.894 163.8 1.84 0.13
1839 3347.390 104.1 1.66 -0.01
1840 3347.479 44.4 1.62 -0.00
1841 3348.046 88.7 1.60 -0.01
1842 3348.189 46.1 1.60 0.01
1843 3348.551 42.7 1.59 0.08
1844 3348.701 51.2 1.51 0.06
1845 3351.070 102.4 1.52 0.00
1846 3351.869 54.6 1.58 -0.01
1847 3351.944 61.4 1.43 0.01
1848 3358.490 56.3 1.36 0.01
1849 3359.248 58.0 1.52 -0.11
1850 3359.405 70.0 1.67 -0.11
1851 3360.962 104.1 1.21 0.20
1852 3364.095 46.1 1.79 0.00
1853 3367.570 41.0 1.86 0.28
1854 3368.649 71.7 1.83 0.27
1855 3372.076 102.4 1.82 0.21
1856 3374.110 102.4 1.76 0.34
1857 3374.874 83.6 1.74 0.13
1858 3380.971 85.3 1.55 0.12
1859 3383.217 105.8 1.86 0.00
1860 3384.814 184.3 1.67 0.00
1861 3385.981 100.7 1.81 -0.01
1862 3386.207 102.4 1.79 -0.00
1863 3386.466 95.6 1.88 0.00
1864 3386.691 102.4 1.83 0.00
1865 3387.197 49.5 1.73 -0.00
1866 3389.245 97.3 1.65 0.00
1867 3389.798 184.3 1.85 -0.00
1868 3390.589 49.5 1.72 0.01
1869 3390.644 34.1 1.80 0.01
1870 3391.320 63.1 1.90 -0.00
1871 3391.620 61.4 1.74 -0.00
1872 3391.968 47.8 1.78 -0.00
1873 3392.917 117.8 1.62 -0.01
1874 3393.245 182.6 1.64 0.00
1875 3393.518 95.6 1.61 0.00
1876 3394.146 59.7 1.73 0.00
1877 3395.812 66.6 1.76 -0.00
1878 3395.996 61.4 1.78 -0.00
1879 3397.669 88.7 1.54 -0.00
1880 3398.085 95.6 1.65 -0.00
1881 3400.147 78.5 1.73 0.17
1882 3400.911 73.4 1.61 0.29
1883 3402.700 59.7 1.90 0.02
1884 3404.386 105.8 1.45 0.30
1885 3404.768 68.3 1.36 0.16
1886 3409.267 75.1 1.82 0.29
1887 3413.377 76.8 1.78 0.19
1888 3416.524 75.1 1.44 0.10
1889 3421.767 58.0 1.59 0.25
1890 3422.395 90.5 1.72 0.15
1891 3429.365 70.0 1.96 0.04
1892 3431.952 81.9 1.89 0.02
1893 3445.435 51.2 2.04 -0.00
1894 3447.483 122.9 1.62 -0.00
1895 3447.619 81.9 1.85 -0.00
1896 3447.974 66.6 1.77 -0.00
1897 3448.323 95.6 1.75 -0.00
1898 3448.514 46.1 1.80 -0.00
1899 3454.016 175.8 1.37 0.01
1900 3455.859 59.7 1.86 -0.00
1901 3456.951 151.9 1.72 -0.01
1902 3457.832 83.6 1.25 -0.01
1903 3457.928 71.7 1.22 0.00
1904 3458.706 92.2 1.39 -0.01
1905 3458.808 73.4 1.66 0.01
1906 3459.457 75.1 1.21 0.00
1907 3459.607 70.0 1.87 0.00
1908 3460.890 227.0 1.79 -0.00
1909 3462.174 80.2 2.01 0.00
1910 3466.427 66.6 1.69 0.10
1911 3468.502 141.7 1.48 -0.01
1912 3469.533 116.1 1.70 -0.00
1913 3472.899 95.6 1.34 0.11
1914 3473.875 157.0 1.54 0.00
1915 3481.015 68.3 1.90 0.12
1916 3487.255 81.9 2.08 0.24
1917 3493.153 95.6 1.91 0.29
1918 3493.713 56.3 1.87 -0.09
1919 3502.950 61.4 1.82 0.00
1920 3505.236 136.5 1.78 0.12
1921 3506.615 75.1 1.51 0.00
1922 3508.752 92.2 1.49 -0.00
1923 3509.012 73.4 1.37 -0.00
1924 3509.298 116.1 1.42 0.00
1925 3510.486 104.1 1.73 -0.01
1926 3510.636 58.0 1.66 0.21
1927 3513.012 170.7 1.73 -0.00
1928 3514.336 32.4 1.68 -0.00
1929 3514.425 102.4 1.74 -0.00
1930 3514.644 109.2 1.74 -0.01
1931 3518.828 93.9 1.50 0.00
1932 3527.642 107.5 1.58 0.08
1933 3528.051 85.3 1.71 0.00
1934 3531.601 99.0 1.60 0.01
1935 3533.533 66.6 1.61 0.00
1936 3534.461 143.4 1.42 0.13
1937 3534.653 104.1 1.47 0.13
1938 3538.455 83.6 1.57 0.15
1939 3539.322 68.3 1.61 0.28
1940 3540.312 88.7 1.65 0.12
1941 3542.544 70.0 1.03 0.05
1942 3544.244 99.0 1.48 0.01
1943 3545.603 145.1 1.32 0.00
1944 3546.244 47.8 1.44 0.12
1945 3548.347 88.7 1.56 0.00
1946 3551.828 100.7 1.32 -0.00
1947 3551.924 70.0 1.54 -0.00
1948 3553.180 99.0 1.39 -0.00
1949 3555.508 162.1 1.38 -0.00
1950 3558.860 97.3 1.15 -0.01
1951 3561.188 158.7 1.36 0.20
1952 3561.522 61.4 1.39 0.18
1953 3567.400 41.0 1.48 -0.00
1954 3567.537 73.4 1.62 -0.00
1955 3568.021 133.1 1.52 -0.00
1956 3570.363 81.9 1.66 0.15
1957 3571.141 76.8 1.43 -0.00
1958 3571.244 70.0 1.43 -0.00
1959 3572.425 39.3 1.54 -0.01
1960 3574.411 124.6 1.42 0.00
1961 3575.080 169.0 1.53 0.01
1962 3576.247 107.5 1.43 -0.00
1963 3577.224 54.6 1.74 -0.02
1964 3578.009 70.0 1.76 -0.01
1965 3581.920 83.6 1.74 0.34
1966 3588.085 102.4 1.81 0.33
1967 3589.204 81.9 1.67 0.16
1968 3591.642 70.0 1.59 0.41
1969 3593.553 75.1 1.78 -0.00
1970 3593.669 75.1 1.75 -0.00
1971 3595.362 75.1 1.77 -0.00
1972 3597.458 56.3 1.53 0.01
1973 3598.223 37.5 1.66 0.15
1974 3601.411 80.2 1.78 0.03
1975 3603.704 136.5 1.48 0.16
1976 3605.220 75.1 1.80 0.10
1977 3611.849 75.1 1.68 0.01
1978 3613.658 136.5 1.64 0.00
1979 3614.764 49.5 1.96 -0.00
1980 3614.886 30.7 1.62 0.00
1981 3614.989 90.5 1.52 0.00
1982 3615.699 47.8 2.01 -0.01
1983 3615.917 30.7 1.62 0.01
1984 3618.334 58.0 1.76 0.00
1985 3619.802 75.1 1.86 0.21
1986 3627.120 64.9 1.85 0.00
1987 3631.748 35.8 1.28 0.19
1988 3636.438 68.3 1.67 0.00
1989 3636.513 52.9 1.74 0.00
1990 3639.312 58.0 1.50 0.01
1991 3642.132 117.8 2.05 -0.00
1992 3642.869 35.8 2.01 0.00
1993 3642.951 35.8 2.00 0.00
1994 3651.129 129.7 1.73 0.37
1995 3656.454 81.9 1.79 0.32
1996 3662.844 42.7 1.89 0.00
1997 3663.963 68.3 1.91 0.00
1998 3664.591 32.4 1.88 0.01
1999 3668.640 18.8 1.68 -0.00
2000 3669.070 59.7 1.64 0.00
