1 2.508 56.3 2.02 -0.01
2 4.713 49.5 2.08 0.02
3 5.928 71.7 1.93 0.01
4 6.338 102.4 2.09 -0.12
5 7.082 49.5 1.95 0.05
6 8.085 102.4 1.96 -0.08
7 8.420 81.9 1.95 0.03
8 8.816 95.6 1.99 0.00
9 10.161 56.3 1.98 0.06
10 10.611 104.1 2.04 0.02
11 11.601 63.1 1.97 0.04
12 12.529 63.1 1.94 -0.00
13 14.188 51.2 2.05 -0.07
14 15.124 95.6 2.13 -0.04
15 17.663 64.9 1.98 -0.03
16 18.633 102.4 1.97 -0.03
17 18.831 88.7 1.99 0.05
18 19.479 110.9 1.89 0.07
19 19.554 32.4 1.94 0.01
20 20.141 64.9 1.89 0.02
21 20.660 143.4 1.86 0.00
22 21.766 87.0 1.93 0.01
23 23.002 100.7 1.90 0.02
24 23.370 46.1 1.96 0.04
25 25.507 88.7 1.95 -0.04
26 26.128 131.4 1.91 -0.01
27 27.207 85.3 1.88 0.01
28 27.760 88.7 1.94 -0.07
29 28.258 81.9 1.91 -0.03
30 29.883 88.7 1.89 0.09
31 30.525 95.6 1.97 0.12
32 31.603 88.7 1.97 0.10
33 32.108 81.9 2.09 -0.06
34 33.153 71.7 2.09 0.04
35 33.740 102.4 2.01 -0.03
36 35.610 63.1 2.10 -0.02
37 36.211 76.8 2.04 0.02
38 37.638 58.0 2.03 -0.02
39 37.699 18.8 2.01 0.00
40 38.710 119.5 1.99 -0.03
41 38.853 109.2 1.93 -0.07
42 40.253 85.3 1.99 0.02
43 40.956 70.0 1.99 0.04
44 42.649 83.6 2.13 -0.02
45 43.782 81.9 2.14 0.03
46 43.891 56.3 2.10 0.05
47 43.973 85.3 2.08 0.06
48 44.383 58.0 2.09 0.09
49 44.512 75.1 2.08 0.09
50 45.202 75.1 2.09 0.10
51 45.577 64.9 2.06 0.09
52 47.974 75.1 2.06 0.17
53 48.622 68.3 2.03 0.11
54 52.097 64.9 2.12 0.15
55 52.445 54.6 2.04 0.12
56 53.967 52.9 2.11 0.05
57 55.340 75.1 2.09 0.08
58 58.992 44.4 2.05 0.08
59 60.330 124.6 2.08 0.03
60 60.767 112.6 2.06 0.03
61 61.367 92.2 2.06 0.07
62 65.361 44.4 2.01 0.05
63 65.450 63.1 1.97 0.02
64 66.720 61.4 1.93 0.11
65 70.201 109.2 2.06 0.11
66 70.372 102.4 2.05 0.08
67 70.829 78.5 2.01 0.06
68 71.266 177.5 1.98 0.06
69 72.317 81.9 2.01 0.09
70 72.495 34.1 1.98 0.05
71 72.843 63.1 2.01 0.02
72 73.062 51.2 2.04 -0.04
73 73.471 59.7 2.06 -0.01
74 76.625 68.3 2.01 -0.02
75 76.741 68.3 2.05 0.00
76 79.561 64.9 2.00 0.06
77 80.291 78.5 2.01 0.03
78 80.687 46.1 2.09 0.09
79 80.899 157.0 1.99 0.10
80 81.076 88.7 2.01 0.15
81 81.465 46.1 2.16 0.15
82 81.895 42.7 2.09 0.17
83 81.950 37.5 2.10 0.15
84 83.063 49.5 2.09 0.09
85 83.377 61.4 2.16 0.06
86 83.500 88.7 2.11 0.05
87 84.169 116.1 2.03 0.13
88 84.442 78.5 2.02 0.10
89 87.780 150.2 2.10 0.07
90 88.865 78.5 1.95 0.06
91 89.207 71.7 1.95 0.04
92 89.766 114.3 1.98 0.08
93 90.101 64.9 1.90 0.10
94 90.497 105.8 1.95 0.08
95 90.736 95.6 1.94 0.10
96 91.261 64.9 1.94 0.04
97 91.685 80.2 1.94 0.01
98 91.876 81.9 1.95 0.04
99 92.743 70.0 2.08 0.01
100 92.948 81.9 1.99 0.03
101 93.760 76.8 2.07 0.09
102 94.668 54.6 2.11 0.07
103 94.839 129.7 2.07 0.07
104 95.699 54.6 2.16 0.04
105 96.497 88.7 2.16 0.07
106 99.610 63.1 2.01 0.05
107 100.088 78.5 2.03 0.19
108 101.187 169.0 2.09 0.11
109 101.522 81.9 1.95 0.00
110 102.560 44.4 2.02 0.06
111 103.939 92.2 2.06 0.05
112 104.253 126.3 1.99 0.01
113 104.355 81.9 2.03 0.01
114 104.983 54.6 1.93 0.11
115 105.106 63.1 2.02 0.11
116 105.393 68.3 1.96 0.10
117 108.089 35.8 2.08 0.01
118 108.185 64.9 2.08 0.01
119 108.499 75.1 2.10 0.07
120 110.656 56.3 1.93 0.05
121 112.288 88.7 2.05 0.11
122 113.530 71.7 2.13 -0.02
123 113.981 61.4 2.11 0.05
124 116.534 68.3 2.13 0.03
125 117.094 70.0 2.07 0.04
126 120.029 68.3 2.22 0.04
127 121.456 56.3 2.06 0.01
128 122.528 81.9 2.03 -0.08
129 122.903 42.7 2.01 -0.07
130 123.456 42.7 1.96 -0.08
131 124.944 78.5 1.96 -0.02
132 125.258 85.3 2.01 0.05
133 126.453 93.9 2.06 -0.01
134 127.368 97.3 2.04 0.06
135 128.351 133.1 2.03 0.02
136 128.692 51.2 2.11 0.04
137 129.170 68.3 2.09 0.03
138 129.798 121.2 2.07 0.04
139 132.215 88.7 1.98 -0.05
140 135.328 35.8 1.96 0.08
141 137.055 54.6 1.90 0.06
142 137.471 88.7 1.93 0.01
143 138.352 54.6 1.89 0.03
144 139.915 52.9 1.94 -0.02
145 140.652 81.9 1.99 -0.06
146 142.448 75.1 2.11 0.01
147 142.898 54.6 2.11 -0.01
148 143.308 107.5 2.00 -0.01
149 144.892 81.9 2.05 -0.03
150 145.759 70.0 2.05 -0.04
151 145.998 71.7 1.95 -0.04
152 146.844 102.4 2.14 -0.11
153 147.151 39.3 2.21 -0.10
154 147.718 88.7 2.12 -0.05
155 147.868 68.3 2.11 -0.05
156 149.172 73.4 2.12 -0.06
157 151.343 75.1 2.12 0.17
158 152.415 66.6 2.04 0.09
159 153.637 42.7 2.11 0.14
160 154.210 70.0 2.08 0.08
161 154.606 59.7 2.10 0.18
162 154.804 68.3 2.08 0.17
163 155.302 85.3 2.11 0.22
164 156.395 112.6 2.30 -0.01
165 156.681 41.0 2.19 0.01
166 157.111 102.4 2.18 -0.10
167 157.289 81.9 2.00 -0.06
168 157.480 71.7 2.10 -0.15
169 158.245 75.1 2.13 0.01
170 159.125 81.9 2.13 0.09
171 159.665 75.1 2.07 0.10
172 160.272 92.2 2.07 0.14
173 160.395 71.7 2.13 0.15
174 161.528 75.1 2.07 0.09
175 163.610 88.7 2.08 0.06
176 165.030 90.5 2.13 0.14
177 165.119 64.9 2.11 0.14
178 165.959 81.9 2.11 0.16
179 166.635 75.1 2.10 0.11
180 166.874 88.7 2.09 0.09
181 167.345 95.6 2.09 0.11
182 171.209 81.9 2.17 0.04
183 171.905 75.1 2.18 0.02
184 173.338 68.3 2.12 0.01
185 173.605 46.1 2.08 0.02
186 174.035 88.7 2.12 0.04
187 174.233 102.4 2.07 0.10
188 174.622 81.9 2.07 0.11
189 175.530 63.1 2.09 0.05
190 175.680 34.1 2.08 0.05
191 176.090 68.3 2.11 0.10
192 176.772 70.0 2.04 0.18
193 177.953 63.1 2.04 0.19
194 178.281 46.1 2.04 0.17
195 179.141 70.0 2.11 0.15
196 179.380 102.4 2.15 0.15
197 179.537 68.3 2.10 0.17
198 180.889 52.9 2.06 0.04
199 181.107 75.1 2.09 0.06
200 181.612 61.4 2.05 0.08
201 181.926 75.1 1.99 0.06
202 184.630 80.2 2.23 0.08
203 186.480 81.9 2.31 0.07
204 187.128 51.2 2.26 0.07
205 188.289 68.3 2.22 0.10
206 189.019 73.4 2.18 0.13
207 191.750 102.4 2.14 0.13
208 192.726 70.0 2.05 0.12
209 192.794 59.7 2.14 0.12
210 193.156 88.7 2.11 0.06
211 193.327 68.3 2.13 0.03
212 195.088 90.5 2.12 0.05
213 195.573 56.3 2.02 0.04
214 196.488 63.1 2.09 0.10
215 196.925 30.7 2.08 0.09
216 196.979 37.5 2.12 0.09
217 197.252 88.7 2.08 0.13
218 197.621 39.3 2.11 0.05
219 198.024 37.5 2.08 0.12
220 198.119 61.4 2.14 0.12
221 198.351 88.7 2.06 0.14
222 200.952 66.6 2.08 0.12
223 201.410 104.1 2.05 0.15
224 201.990 85.3 2.11 0.15
225 202.946 58.0 2.02 0.26
226 203.403 68.3 1.96 0.26
227 203.997 102.4 2.02 0.28
228 205.717 81.9 1.95 0.16
229 206.072 61.4 1.97 0.20
230 206.482 81.9 2.05 0.23
231 206.605 37.5 2.12 0.17
232 206.837 88.7 2.12 0.15
233 207.854 68.3 2.05 0.21
234 209.240 75.1 2.15 0.13
235 209.595 95.6 2.12 0.14
236 210.660 73.4 2.14 0.17
237 210.892 97.3 2.16 0.12
238 212.653 138.2 2.12 0.20
239 213.431 85.3 1.98 0.14
240 213.595 71.7 2.02 0.14
241 213.957 58.0 2.00 0.24
242 214.435 92.2 2.01 0.21
243 214.715 75.1 2.00 0.27
244 215.514 70.0 2.10 0.09
245 216.005 68.3 2.12 0.34
246 216.346 68.3 2.06 0.11
247 217.691 68.3 2.03 0.18
248 219.664 102.4 2.08 0.08
249 220.251 88.7 2.08 0.04
250 220.374 44.4 2.03 0.05
251 222.784 78.5 2.12 0.18
252 222.900 71.7 2.10 0.13
253 224.771 61.4 2.07 0.16
254 227.884 71.7 2.05 0.23
255 228.751 81.9 2.01 0.13
256 229.631 58.0 2.06 0.22
257 231.911 75.1 2.07 0.15
258 233.673 87.0 2.08 0.13
259 234.915 109.2 2.12 -0.01
260 235.297 112.6 2.18 0.02
261 235.994 87.0 2.16 0.08
262 236.540 165.5 2.10 0.09
263 237.093 83.6 2.08 0.10
264 238.328 117.8 2.17 0.11
265 239.598 81.9 2.13 0.16
266 243.414 39.3 1.99 0.18
267 244.384 56.3 2.06 0.19
268 244.964 99.0 2.01 0.11
269 246.254 100.7 2.05 0.07
270 247.135 76.8 2.05 0.05
271 248.616 76.8 2.07 0.07
272 249.852 88.7 2.09 0.02
273 252.125 58.0 2.13 0.15
274 252.234 54.6 2.18 0.18
275 252.733 81.9 2.01 0.09
276 254.166 42.7 1.97 0.14
277 254.228 56.3 2.01 0.14
278 254.583 75.1 2.00 0.07
279 255.177 75.1 1.96 0.04
280 255.729 68.3 2.00 0.12
281 256.241 75.1 2.11 0.11
282 256.829 95.6 2.11 0.02
283 258.419 75.1 2.13 0.09
284 259.621 61.4 2.05 0.10
285 259.703 37.5 2.00 0.09
286 259.894 88.7 2.05 0.10
287 260.071 95.6 2.02 0.11
288 260.215 35.8 1.96 0.10
289 260.774 58.0 1.99 0.10
290 261.607 109.2 2.19 0.08
291 261.996 64.9 2.15 0.08
292 264.406 78.5 2.08 0.03
293 265.007 75.1 2.07 0.08
294 265.457 122.9 2.12 0.04
295 266.372 88.7 2.05 0.08
296 268.052 42.7 2.07 0.12
297 268.830 78.5 2.12 0.14
298 271.827 68.3 2.05 0.02
299 272.455 75.1 1.93 -0.03
300 272.728 68.3 2.05 -0.05
301 273.042 70.0 2.13 -0.05
302 273.295 92.2 2.18 -0.02
303 274.271 59.7 2.11 0.18
304 274.414 68.3 2.01 0.18
305 274.728 58.0 2.05 0.15
306 275.875 83.6 2.12 0.13
307 278.148 105.8 1.99 0.02
308 280.544 100.7 2.07 0.05
309 280.681 59.7 2.02 0.05
310 282.954 49.5 2.06 -0.04
311 284.019 61.4 2.09 -0.02
312 285.466 88.7 2.07 0.01
313 285.569 56.3 2.02 0.09
314 286.006 71.7 1.96 0.03
315 288.518 75.1 2.10 -0.04
316 288.989 42.7 2.10 -0.04
317 289.979 129.7 2.14 0.10
318 290.184 64.9 2.14 0.10
319 290.272 61.4 2.07 0.10
320 291.672 97.3 2.11 0.09
321 294.614 78.5 2.08 0.03
322 295.502 104.1 2.14 -0.01
323 295.809 78.5 2.13 -0.06
324 296.833 64.9 2.11 0.04
325 297.058 129.7 2.10 0.07
326 298.874 85.3 2.05 0.10
327 299.564 70.0 2.13 0.07
328 300.028 92.2 2.05 -0.01
329 300.157 70.0 2.08 -0.01
330 300.314 61.4 2.06 0.01
331 300.690 37.5 2.10 0.02
332 301.325 80.2 2.08 0.03
333 302.226 83.6 2.07 0.03
334 302.752 95.6 2.00 0.02
335 303.448 61.4 2.10 0.07
336 305.114 68.3 2.16 0.06
337 306.063 70.0 2.11 0.01
338 306.718 35.8 2.15 0.00
339 307.544 78.5 2.09 0.09
340 307.776 59.7 2.12 0.10
341 308.322 88.7 2.04 0.04
342 308.930 104.1 2.20 -0.01
343 309.708 68.3 2.13 0.05
344 310.261 75.1 2.14 -0.00
345 311.394 37.5 2.12 0.22
346 311.572 71.7 2.18 0.21
347 312.172 61.4 2.20 0.22
348 312.944 59.7 2.19 0.21
349 313.749 95.6 2.21 0.20
350 314.405 56.3 2.10 0.18
351 314.480 41.0 2.10 0.18
352 315.019 68.3 2.04 0.13
353 317.169 92.2 2.03 0.23
354 317.258 66.6 2.14 0.19
355 317.941 68.3 2.17 0.19
356 320.344 81.9 1.97 0.20
357 320.829 87.0 2.00 0.19
358 321.388 75.1 1.97 0.22
359 322.289 90.5 2.04 0.20
360 322.849 95.6 2.06 0.18
361 323.307 109.2 2.05 0.07
362 327.505 76.8 2.03 0.09
363 328.509 68.3 1.94 0.02
364 328.638 88.7 1.99 0.02
365 329.635 63.1 1.97 0.20
366 330.679 87.0 1.92 0.11
367 330.987 88.7 1.98 0.07
368 331.915 112.6 1.95 0.13
369 332.489 88.7 1.99 0.09
370 332.925 78.5 2.06 0.04
371 333.253 68.3 2.07 0.06
372 333.403 78.5 2.07 0.09
373 334.687 61.4 2.09 0.11
374 335.834 66.6 2.04 0.13
375 336.113 88.7 2.03 0.08
376 336.243 81.9 2.04 0.08
377 337.397 81.9 2.00 0.01
378 337.909 56.3 2.03 0.10
379 339.500 64.9 1.96 0.16
380 340.469 88.7 2.07 0.09
381 341.309 107.5 2.00 0.12
382 342.776 63.1 1.96 0.18
383 343.015 141.7 1.98 0.10
384 345.091 70.0 1.97 -0.02
385 345.487 63.1 1.96 -0.07
386 345.568 73.4 1.99 -0.09
387 345.684 75.1 1.95 -0.06
388 346.319 56.3 2.00 -0.03
389 346.831 153.6 2.00 -0.02
390 347.200 71.7 2.00 0.03
391 349.002 75.1 2.06 0.05
392 350.272 92.2 2.06 0.21
393 352.559 75.1 2.08 0.08
394 354.259 116.1 2.01 0.09
395 357.146 68.3 1.93 0.15
396 359.706 52.9 2.01 0.10
397 359.959 68.3 2.00 0.04
398 360.253 68.3 1.94 0.05
399 366.144 116.1 2.08 0.07
400 368.684 88.7 2.03 0.01
401 369.585 76.8 2.01 0.07
402 371.421 56.3 2.00 0.11
403 371.858 42.7 1.96 0.07
404 372.568 75.1 1.99 0.05
405 372.855 64.9 1.93 0.14
406 373.585 102.4 1.94 0.05
407 373.763 88.7 1.96 0.04
408 373.885 95.6 1.99 0.04
409 375.462 88.7 2.01 0.10
410 375.749 75.1 2.04 0.13
411 378.924 95.6 2.11 0.10
412 379.907 85.3 2.05 0.11
413 381.292 61.4 1.98 0.15
414 382.391 177.5 1.99 0.06
415 383.272 66.6 2.01 0.11
416 383.375 71.7 2.09 0.11
417 383.572 73.4 2.03 0.14
418 384.241 102.4 2.15 0.09
419 384.453 75.1 1.98 0.11
420 385.170 99.0 2.02 0.09
421 385.463 95.6 2.10 0.11
422 385.743 81.9 2.10 0.08
423 386.801 78.5 1.96 0.09
424 387.040 68.3 2.00 0.07
425 387.518 41.0 2.02 0.13
426 388.228 109.2 1.91 0.00
427 388.440 61.4 1.90 0.09
428 389.375 64.9 1.80 0.11
429 390.181 95.6 1.92 0.07
430 390.884 83.6 1.90 0.16
431 391.491 92.2 1.88 0.16
432 392.195 71.7 1.85 0.09
433 392.959 160.4 1.77 0.11
434 393.198 102.4 1.80 0.11
435 394.318 126.3 1.78 -0.01
436 394.529 85.3 1.79 0.00
437 394.816 121.2 1.77 0.07
438 395.369 51.2 1.80 0.10
439 395.574 81.9 1.80 0.10
440 396.250 131.4 1.73 0.04
441 396.673 68.3 1.89 0.05
442 397.062 116.1 1.86 0.08
443 399.759 35.8 1.92 0.08
444 400.393 83.6 1.93 0.12
445 400.557 75.1 1.94 0.05
446 401.301 100.7 2.00 0.08
447 402.284 66.6 1.96 0.12
448 402.394 68.3 1.97 0.14
449 404.360 46.1 1.97 0.09
450 404.960 73.4 2.02 0.03
451 407.145 34.1 2.09 -0.05
452 408.169 81.9 2.03 0.01
453 409.466 49.5 2.04 0.03
454 409.821 68.3 2.02 -0.01
455 412.497 122.9 2.08 0.10
456 415.808 49.5 1.95 0.14
457 416.156 51.2 2.09 0.22
458 416.934 80.2 2.07 0.27
459 417.911 99.0 2.08 0.13
460 418.293 97.3 2.07 0.12
461 420.211 80.2 2.01 0.08
462 420.628 58.0 2.12 0.17
463 421.966 75.1 2.09 0.08
464 422.089 71.7 2.04 0.08
465 424.860 110.9 2.01 0.24
466 425.877 85.3 1.89 0.10
467 426.383 75.1 1.89 -0.01
468 427.017 85.3 1.91 -0.00
469 429.311 81.9 1.99 0.01
470 432.151 81.9 2.07 -0.00
471 433.776 64.9 2.01 0.05
472 435.940 68.3 1.89 0.25
473 439.203 61.4 2.07 0.11
474 440.063 75.1 1.98 0.07
475 440.691 61.4 2.01 0.11
476 441.572 88.7 2.06 0.05
477 442.691 177.5 2.01 0.04
478 443.326 81.9 2.01 0.11
479 443.791 75.1 2.07 0.10
480 444.350 59.7 2.08 0.12
481 444.500 66.6 2.07 0.08
482 445.743 58.0 2.02 0.05
483 447.375 87.0 2.00 0.04
484 447.579 102.4 1.93 0.08
485 450.904 97.3 1.95 -0.03
486 453.505 75.1 1.95 0.03
487 453.635 75.1 2.04 -0.01
488 454.133 170.7 2.02 0.08
489 454.577 68.3 2.03 0.11
490 458.072 66.6 1.97 0.01
491 459.348 44.4 2.07 0.13
492 459.424 66.6 2.14 0.12
493 460.058 76.8 1.87 0.10
494 460.345 68.3 2.06 0.02
495 460.884 95.6 2.03 0.00
496 461.458 83.6 2.15 0.04
497 463.055 122.9 2.14 0.09
498 463.588 70.0 2.14 0.11
499 464.557 68.3 2.06 0.17
500 465.636 47.8 2.11 0.24
501 466.216 129.7 2.11 0.17
502 466.462 35.8 2.08 0.14
503 467.848 95.6 2.01 0.22
504 469.370 63.1 2.03 0.20
505 469.431 25.6 2.04 0.19
506 469.629 64.9 2.04 0.26
507 469.875 75.1 2.11 0.22
508 471.329 87.0 2.00 0.10
509 472.524 75.1 2.11 0.09
510 472.790 78.5 2.10 0.16
511 473.405 54.6 2.04 0.17
512 477.678 68.3 2.03 0.17
513 478.333 54.6 2.13 0.19
514 479.665 70.0 2.09 0.18
515 480.750 64.9 2.07 0.22
516 482.354 61.4 2.16 -0.03
517 482.648 180.9 2.06 -0.07
518 482.750 100.7 2.13 -0.07
519 482.941 114.3 2.12 0.03
520 484.061 63.1 2.17 0.04
521 484.703 102.4 2.12 0.09
522 485.105 59.7 2.17 0.08
523 486.819 42.7 2.08 0.09
524 487.625 85.3 2.10 0.21
525 488.710 35.8 2.10 0.22
526 490.028 109.2 2.09 0.12
527 490.867 102.4 2.07 0.12
528 490.983 68.3 2.16 0.05
529 491.639 44.4 2.16 0.12
530 492.110 61.4 2.19 0.18
531 493.782 75.1 2.14 0.25
532 496.643 88.7 2.17 0.27
533 496.950 81.9 1.93 0.35
534 497.312 71.7 2.08 0.31
535 499.967 131.4 2.02 0.15
536 500.220 42.7 1.98 0.19
537 500.527 81.9 2.06 0.14
538 500.807 51.2 2.08 0.09
539 502.957 54.6 2.06 0.30
540 503.271 75.1 2.03 0.27
541 503.681 88.7 2.07 0.06
542 506.111 75.1 2.13 0.32
543 507.197 129.7 2.04 0.27
544 509.654 64.9 1.99 0.26
545 510.132 71.7 1.99 0.23
546 511.040 109.2 2.07 0.24
547 511.798 75.1 2.06 0.22
548 514.945 75.1 2.03 0.20
549 516.802 49.5 2.03 0.28
550 517.198 63.1 2.03 0.27
551 519.546 102.4 2.09 0.14
552 521.075 80.2 2.12 0.07
553 524.024 51.2 2.13 0.13
554 524.721 75.1 2.14 0.15
555 525.513 81.9 2.17 0.13
556 526.714 63.1 2.07 0.11
557 527.786 78.5 2.12 0.22
558 530.721 58.0 2.16 0.10
559 531.622 92.2 2.10 0.15
560 532.681 75.1 2.13 0.12
561 532.783 64.9 2.13 0.10
562 533.302 49.5 2.16 0.08
563 533.582 81.9 2.17 0.11
564 534.688 78.5 2.16 0.10
565 535.193 81.9 2.13 0.09
566 535.322 58.0 2.17 0.14
567 535.561 95.6 2.12 0.13
568 535.807 75.1 2.17 0.19
569 536.183 116.1 2.17 0.10
570 537.172 244.1 2.15 0.14
571 537.896 105.8 2.16 0.12
572 538.108 80.2 2.14 0.14
573 538.906 71.7 2.10 0.11
574 541.378 71.7 2.22 0.15
575 541.521 83.6 2.21 0.15
576 542.197 52.9 2.26 0.10
577 543.576 58.0 2.16 0.02
578 543.747 30.7 2.12 0.16
579 544.798 52.9 2.12 0.20
580 545.378 58.0 2.08 0.20
581 548.785 70.0 1.96 0.15
582 549.167 75.1 1.99 0.18
583 549.884 66.6 2.01 0.25
584 551.420 46.1 2.02 0.18
585 553.556 80.2 2.15 0.20
586 553.693 71.7 2.12 0.20
587 554.239 68.3 2.09 0.23
588 554.935 75.1 2.11 0.18
589 555.953 39.3 2.12 0.26
590 556.444 68.3 2.05 0.24
591 557.687 88.7 2.07 0.20
592 563.715 75.1 2.01 0.13
593 563.899 71.7 2.01 0.15
594 564.356 59.7 2.02 0.11
595 564.745 88.7 2.02 0.13
596 566.807 116.1 1.96 0.16
597 568.323 75.1 1.99 0.09
598 569.476 78.5 1.95 0.16
599 570.043 61.4 1.98 0.17
600 572.692 51.2 1.94 0.11
601 574.296 56.3 1.88 0.10
602 574.473 78.5 1.92 0.12
603 574.863 88.7 1.96 0.13
604 575.060 78.5 1.97 0.15
605 576.644 81.9 1.99 0.05
606 576.979 75.1 1.94 0.09
607 578.453 75.1 1.93 0.16
608 579.778 49.5 1.94 0.19
609 581.676 75.1 1.96 0.20
610 582.781 68.3 2.00 0.18
611 583.205 64.9 2.07 0.17
612 586.406 64.9 1.94 0.18
613 586.488 23.9 1.88 0.18
614 587.601 81.9 2.07 0.10
615 587.738 78.5 2.02 0.13
616 588.632 70.0 2.03 0.18
617 589.130 93.9 1.96 0.21
618 589.519 95.6 1.98 0.14
619 589.649 81.9 1.97 0.14
620 590.025 59.7 1.97 0.13
621 590.325 75.1 1.96 0.15
622 590.509 80.2 2.02 0.16
623 591.130 136.5 1.96 0.20
624 591.451 81.9 2.02 0.09
625 592.352 35.8 2.06 0.12
626 592.550 64.9 1.99 0.13
627 594.906 75.1 2.01 0.14
628 595.274 75.1 2.01 0.12
629 595.732 88.7 1.98 0.17
630 596.257 95.6 1.94 0.16
631 597.466 88.7 1.96 0.15
632 598.701 71.7 1.99 0.21
633 599.459 107.5 1.91 0.15
634 601.555 102.4 2.12 0.23
635 601.964 41.0 2.03 0.20
636 602.217 75.1 2.05 0.28
637 604.975 157.0 2.00 0.18
638 605.712 44.4 2.01 0.17
639 606.729 63.1 1.97 0.15
640 607.125 81.9 1.90 0.15
641 607.719 88.7 1.85 0.07
642 609.269 68.3 2.05 -0.01
643 610.040 81.9 2.04 0.04
644 610.976 81.9 2.20 0.00
645 611.406 64.9 2.20 0.03
646 612.648 95.6 2.15 0.13
647 613.317 58.0 2.18 0.06
648 613.809 81.9 2.18 0.15
649 614.321 66.6 2.20 0.19
650 615.085 68.3 2.17 0.12
651 616.580 102.4 2.12 0.16
652 616.696 81.9 2.11 0.15
653 617.201 75.1 2.12 0.20
654 617.987 58.0 2.17 0.16
655 619.495 83.6 2.15 0.10
656 620.082 75.1 2.15 0.14
657 620.444 75.1 2.13 0.15
658 621.373 99.0 2.07 0.10
659 623.086 259.4 2.04 0.07
660 623.714 56.3 2.04 0.01
661 625.544 44.4 2.16 0.10
662 625.728 68.3 2.16 0.10
663 626.117 102.4 2.17 0.08
664 626.438 68.3 2.14 0.07
665 627.933 88.7 2.20 0.10
666 628.349 92.2 2.16 0.14
667 630.234 63.1 2.12 0.15
668 630.356 64.9 2.10 0.16
669 631.326 51.2 2.14 0.14
670 632.002 25.6 2.20 0.17
671 632.596 23.9 2.12 0.17
672 633.278 81.9 2.25 0.15
673 634.077 95.6 2.22 0.13
674 634.773 58.0 2.19 0.08
675 635.388 75.1 2.18 0.10
676 635.504 75.1 2.14 0.09
677 635.770 87.0 2.20 0.11
678 636.753 49.5 2.24 0.02
679 638.248 85.3 2.15 0.02
680 639.545 88.7 2.09 -0.06
681 640.788 61.4 2.03 0.03
682 644.085 75.1 2.08 0.17
683 644.911 68.3 2.11 0.13
684 646.495 56.3 2.09 0.19
685 647.314 76.8 2.15 0.19
686 647.935 80.2 2.12 0.21
687 648.092 42.7 2.10 0.17
688 648.174 71.7 2.14 0.20
689 648.870 29.0 2.17 0.18
690 649.103 88.7 2.14 0.17
691 649.799 75.1 2.12 0.19
692 650.058 68.3 2.12 0.16
693 650.522 99.0 2.01 0.16
694 652.277 68.3 2.07 0.16
695 652.441 88.7 2.12 0.14
696 653.690 68.3 1.96 0.24
697 654.386 73.4 2.00 0.13
698 655.554 76.8 2.02 0.20
699 655.663 78.5 2.03 0.19
700 655.854 64.9 2.00 0.20
701 657.643 102.4 2.04 0.09
702 658.202 102.4 2.02 0.16
703 658.660 81.9 2.05 0.13
704 660.189 124.6 2.11 0.11
705 660.578 56.3 2.17 0.13
706 660.803 73.4 2.16 0.10
707 661.213 63.1 2.07 0.02
708 661.937 54.6 2.03 -0.06
709 663.698 68.3 1.93 0.10
710 663.828 80.2 1.98 0.10
711 664.695 52.9 2.03 0.05
712 665.507 81.9 2.02 0.16
713 665.589 52.9 2.07 0.16
714 667.432 71.7 2.07 0.15
715 668.777 63.1 2.02 0.23
716 670.142 88.7 2.06 0.06
717 670.921 88.7 2.03 0.12
718 671.644 71.7 2.00 0.12
719 672.136 68.3 2.01 0.08
720 673.330 75.1 2.02 0.13
721 673.836 104.1 2.05 0.16
722 674.641 88.7 2.03 0.11
723 678.867 37.5 1.92 0.09
724 678.983 66.6 2.07 0.09
725 684.403 54.6 2.11 0.15
726 685.352 81.9 2.09 0.14
727 685.536 58.0 2.17 0.15
728 687.250 73.4 2.08 0.03
729 687.400 85.3 2.10 0.10
730 688.957 88.7 2.12 0.11
731 689.667 75.1 2.21 0.09
732 690.745 71.7 2.15 0.12
733 690.854 80.2 2.09 0.15
734 691.517 49.5 2.06 0.12
735 692.233 61.4 2.12 0.14
736 692.527 29.0 2.10 0.13
737 692.568 35.8 2.11 0.11
738 698.091 88.7 2.07 0.06
739 698.500 88.7 2.11 0.04
740 702.787 61.4 2.11 0.09
741 703.074 76.8 2.16 0.11
742 703.607 100.7 2.14 0.08
743 704.726 75.1 2.07 0.11
744 704.917 61.4 2.06 0.08
745 705.682 61.4 2.01 0.10
746 706.665 47.8 1.94 0.08
747 707.409 109.2 2.00 0.08
748 709.327 68.3 2.00 0.07
749 710.788 68.3 2.02 0.10
750 711.000 81.9 2.01 0.11
751 711.314 110.9 2.07 0.07
752 711.587 109.2 2.10 0.06
753 711.764 85.3 2.09 0.07
754 712.891 88.7 2.08 0.10
755 715.676 64.9 2.12 0.19
756 716.250 95.6 2.13 0.10
757 716.461 81.9 2.14 0.13
758 716.598 80.2 2.20 0.08
759 716.796 95.6 2.19 0.09
760 718.229 114.3 2.07 0.19
761 719.492 107.5 2.02 0.16
762 720.851 75.1 2.01 0.13
763 721.069 73.4 2.08 0.25
764 722.933 105.8 2.06 0.09
765 724.558 63.1 2.10 0.08
766 725.472 59.7 2.14 -0.02
767 725.575 83.6 2.12 -0.03
768 725.657 64.9 2.08 -0.01
769 726.544 68.3 2.04 -0.05
770 728.838 75.1 1.98 -0.03
771 729.132 68.3 2.00 -0.02
772 729.302 93.9 1.94 -0.01
773 729.452 88.7 1.93 0.03
774 730.797 88.7 1.94 -0.02
775 731.063 56.3 1.94 -0.04
776 732.265 88.7 1.88 -0.03
777 732.586 81.9 1.88 0.03
778 733.105 80.2 1.88 0.03
779 733.528 109.2 1.88 0.06
780 734.217 58.0 1.89 -0.01
781 735.904 75.1 1.82 0.06
782 736.061 75.1 1.82 0.06
783 736.238 88.7 1.79 -0.01
784 736.402 92.2 1.84 -0.01
785 737.385 66.6 1.85 -0.05
786 738.013 42.7 1.93 0.11
787 738.293 81.9 1.89 0.04
788 739.283 102.4 1.84 -0.02
789 740.102 73.4 1.90 -0.14
790 742.246 76.8 1.95 0.01
791 742.614 116.1 1.92 0.03
792 745.645 88.7 1.89 0.11
793 746.389 58.0 1.83 0.11
794 747.209 51.2 1.87 0.04
795 747.366 58.0 1.90 0.08
796 747.639 70.0 1.94 0.04
797 748.874 68.3 1.96 0.17
798 752.165 70.0 1.97 0.14
799 754.192 64.9 1.95 0.14
800 754.404 95.6 1.93 0.17
801 755.988 41.0 1.94 0.15
802 756.479 68.3 1.89 0.17
803 756.657 116.1 1.96 0.16
804 757.421 75.1 2.00 0.23
805 757.571 75.1 1.95 0.12
806 759.647 68.3 2.03 0.04
807 759.872 41.0 1.98 0.08
808 760.002 75.1 1.95 0.15
809 760.261 81.9 2.00 0.15
810 760.480 64.9 1.88 0.14
811 762.070 64.9 1.84 -0.07
812 762.664 68.3 1.93 -0.02
813 765.217 105.8 1.90 0.06
814 766.671 68.3 1.87 -0.01
815 767.989 116.1 1.87 0.04
816 772.358 70.0 1.88 0.04
817 773.355 87.0 1.87 0.08
818 773.996 83.6 1.92 0.09
819 774.147 58.0 1.91 0.09
820 774.426 81.9 1.90 0.05
821 776.413 75.1 1.90 -0.06
822 777.847 88.7 1.90 0.09
823 781.130 97.3 1.94 0.04
824 781.390 51.2 1.93 0.10
825 781.813 97.3 1.95 0.08
826 782.427 81.9 1.95 0.09
827 783.772 56.3 2.04 0.07
828 784.557 80.2 1.99 0.09
829 786.803 75.1 1.96 0.11
830 787.261 78.5 1.95 0.07
831 789.459 102.4 1.98 0.25
832 789.602 97.3 1.96 0.25
833 790.312 54.6 1.97 0.20
834 790.387 47.8 2.04 0.20
835 791.124 68.3 1.89 0.17
836 791.391 30.7 2.01 0.14
837 791.514 81.9 1.94 0.11
838 791.780 75.1 1.96 0.14
839 792.155 71.7 1.99 0.07
840 792.708 81.9 1.94 -0.00
841 793.487 75.1 2.02 0.12
842 793.712 68.3 2.08 0.03
843 795.739 80.2 2.08 0.16
844 795.814 56.3 2.05 0.12
845 796.838 88.7 2.02 -0.08
846 797.200 80.2 2.02 -0.09
847 797.316 63.1 1.97 -0.13
848 797.849 109.2 1.97 -0.17
849 798.443 68.3 1.91 -0.09
850 799.869 88.7 1.93 0.02
851 800.805 129.7 1.90 0.03
852 801.248 95.6 1.97 0.00
853 801.494 76.8 2.04 0.01
854 801.781 102.4 2.00 -0.03
855 802.723 81.9 2.01 -0.05
856 803.843 85.3 2.10 0.06
857 804.334 70.0 2.13 -0.03
858 804.457 68.3 2.11 -0.01
859 807.447 78.5 2.05 0.11
860 807.549 75.1 2.10 0.11
861 807.638 58.0 2.06 0.10
862 808.164 37.5 2.07 0.15
863 808.580 64.9 2.02 0.11
864 810.478 68.3 2.10 0.15
865 810.976 102.4 2.07 0.10
866 813.243 95.6 2.09 0.05
867 814.349 68.3 2.20 0.13
868 814.731 95.6 2.24 0.15
869 815.025 68.3 2.16 0.18
870 815.434 143.4 2.14 0.15
871 817.428 54.6 2.14 0.12
872 817.639 81.9 2.12 0.07
873 817.967 61.4 2.11 0.04
874 818.711 121.2 2.04 -0.04
875 820.506 47.8 2.09 0.02
876 820.561 18.8 2.08 0.01
877 820.868 88.7 2.06 0.04
878 821.892 109.2 2.00 0.13
879 822.377 61.4 1.98 0.15
880 822.957 66.6 2.05 0.12
881 823.114 88.7 2.04 0.13
882 824.480 81.9 2.01 0.15
883 824.780 81.9 2.09 0.15
884 825.579 81.9 2.00 0.22
885 827.422 68.3 2.15 0.13
886 828.214 95.6 2.16 0.16
887 828.514 51.2 2.18 0.18
888 829.299 63.1 2.09 0.15
889 829.620 64.9 2.16 0.07
890 830.112 68.3 2.19 0.13
891 831.996 133.1 2.19 0.11
892 832.310 85.3 2.13 0.16
893 833.907 68.3 2.20 0.15
894 834.576 71.7 2.16 0.14
895 835.313 75.1 2.21 0.08
896 836.105 68.3 2.23 0.24
897 836.802 88.7 2.23 0.20
898 837.430 46.1 2.33 0.21
899 838.802 68.3 2.27 0.16
900 839.833 88.7 2.21 0.19
901 841.348 52.9 2.25 0.20
902 841.621 63.1 2.27 0.15
903 842.420 42.7 2.24 0.16
904 844.932 70.0 2.32 0.12
905 845.553 75.1 2.36 0.21
906 845.683 85.3 2.20 0.21
907 846.851 42.7 2.33 0.24
908 847.991 75.1 2.21 0.13
909 849.711 117.8 2.33 0.10
910 850.844 102.4 2.20 0.12
911 851.008 80.2 2.25 0.12
912 852.612 59.7 2.20 0.23
913 854.025 58.0 2.07 0.21
914 854.572 54.6 2.13 0.11
915 854.667 75.1 2.09 0.15
916 857.022 75.1 2.16 0.09
917 857.452 81.9 2.23 0.13
918 860.026 64.9 2.26 0.16
919 864.026 99.0 2.17 0.25
920 864.907 81.9 2.23 0.22
921 865.139 66.6 2.20 0.16
922 866.586 87.0 2.31 0.15
923 868.300 95.6 2.17 0.16
924 869.167 75.1 2.22 0.12
925 869.802 112.6 2.15 0.10
926 870.464 42.7 2.16 0.16
927 870.539 51.2 2.12 0.16
928 871.201 88.7 2.15 0.20
929 872.553 100.7 2.19 0.14
930 873.058 44.4 2.18 0.14
931 874.710 213.3 2.22 0.13
932 875.031 63.1 2.20 0.08
933 875.509 42.7 2.21 0.11
934 876.253 39.3 2.16 0.09
935 877.741 68.3 2.23 0.03
936 878.260 87.0 2.22 0.07
937 878.417 71.7 2.20 0.07
938 879.127 64.9 2.18 0.10
939 880.636 87.0 2.17 0.07
940 881.387 68.3 2.23 0.02
941 881.946 37.5 2.09 0.05
942 882.636 68.3 2.19 0.03
943 884.363 58.0 2.17 0.07
944 885.216 81.9 2.17 0.03
945 885.817 100.7 2.17 0.10
946 886.800 68.3 2.19 0.11
947 889.128 81.9 2.10 0.14
948 890.261 78.5 2.02 0.09
949 891.422 54.6 2.14 0.11
950 892.453 42.7 2.12 0.09
951 894.835 100.7 2.04 0.07
952 895.409 116.1 2.09 0.17
953 895.832 88.7 2.07 0.18
954 897.259 92.2 2.16 0.09
955 897.593 68.3 2.17 0.08
956 899.006 95.6 2.23 0.20
957 900.242 75.1 2.22 0.25
958 901.307 71.7 2.21 0.25
959 903.089 75.1 2.16 0.17
960 904.734 49.5 2.14 0.16
961 905.717 44.4 2.10 0.19
962 908.045 61.4 2.12 0.13
963 909.315 81.9 2.12 0.08
964 909.895 75.1 2.16 0.06
965 911.062 75.1 2.06 0.09
966 911.315 75.1 2.13 0.03
967 911.847 64.9 2.12 0.10
968 912.550 93.9 2.08 0.06
969 912.694 81.9 2.11 0.08
970 914.551 63.1 2.10 0.12
971 915.527 54.6 2.11 0.04
972 915.889 61.4 2.23 0.12
973 916.305 59.7 2.18 0.17
974 917.500 56.3 2.14 0.07
975 918.374 42.7 2.17 0.03
976 918.722 112.6 2.16 0.08
977 919.753 81.9 2.11 0.05
978 921.732 54.6 2.09 0.15
979 922.483 58.0 2.07 0.18
980 923.555 88.7 2.11 0.08
981 926.320 109.2 2.07 0.10
982 928.218 109.2 2.09 -0.00
983 930.627 75.1 2.05 0.06
984 931.030 75.1 2.04 0.03
985 931.242 81.9 2.10 0.04
986 931.645 78.5 2.04 0.03
987 932.218 81.9 2.10 -0.01
988 933.795 116.1 2.07 0.00
989 933.932 88.7 2.07 0.00
990 934.184 110.9 2.04 0.01
991 934.464 81.9 2.14 0.08
992 935.392 92.2 2.08 0.10
993 937.215 49.5 2.08 0.03
994 938.075 85.3 2.11 0.02
995 939.386 143.4 2.14 0.10
996 939.584 66.6 2.20 0.03
997 940.212 80.2 2.09 0.09
998 940.799 80.2 2.06 0.10
999 941.257 49.5 2.04 0.10
1000 941.823 32.4 2.04 0.06
1001 942.171 88.7 2.03 0.09
1002 942.601 64.9 2.09 0.03
1003 943.270 44.4 2.13 -0.12
1004 943.796 73.4 2.10 -0.07
1005 943.898 42.7 2.06 -0.05
1006 944.724 56.3 2.05 -0.07
1007 945.871 75.1 2.02 0.02
1008 946.069 41.0 2.02 -0.01
1009 949.319 75.1 1.98 0.08
1010 949.647 46.1 1.97 0.06
1011 949.926 58.0 1.95 0.08
1012 950.179 88.7 1.97 0.08
1013 951.749 81.9 1.87 -0.00
1014 952.104 107.5 1.85 0.00
1015 953.654 75.1 1.89 0.03
1016 953.913 63.1 1.92 0.02
1017 954.336 122.9 1.97 -0.09
1018 954.650 88.7 1.95 -0.08
1019 955.354 75.1 2.03 0.00
1020 957.231 81.9 2.05 -0.08
1021 957.736 71.7 1.91 -0.08
1022 958.733 95.6 2.09 -0.18
1023 959.375 64.9 1.99 -0.17
1024 959.504 117.8 2.06 -0.16
1025 959.634 58.0 2.06 -0.14
1026 960.310 97.3 2.02 0.00
1027 961.805 54.6 1.91 0.02
1028 962.877 146.8 1.91 0.22
1029 963.170 122.9 1.90 -0.10
1030 964.351 58.0 1.97 0.06
1031 965.218 68.3 2.05 -0.08
1032 968.659 81.9 1.98 0.12
1033 968.761 102.4 1.95 0.11
1034 970.051 63.1 1.95 0.10
1035 971.280 95.6 2.05 0.14
1036 971.751 81.9 2.03 -0.04
1037 972.366 63.1 2.00 0.04
1038 972.891 68.3 2.02 -0.05
1039 974.509 68.3 1.96 -0.17
1040 975.499 87.0 1.87 0.04
1041 976.571 109.2 2.01 0.13
1042 979.008 102.4 1.98 -0.05
1043 979.431 44.4 2.01 -0.00
1044 981.056 81.9 2.05 0.01
1045 981.575 102.4 2.04 0.08
1046 982.845 133.1 1.97 0.06
1047 983.302 75.1 1.93 0.07
1048 984.701 95.6 2.01 0.08
1049 985.213 191.1 1.98 0.09
1050 985.555 56.3 1.98 0.08
1051 986.715 97.3 2.08 0.11
1052 987.876 68.3 1.97 0.13
1053 988.163 81.9 1.93 0.12
1054 989.255 49.5 1.91 0.16
1055 989.309 17.1 2.02 0.16
1056 990.040 95.6 1.99 0.17
1057 990.852 59.7 2.02 0.21
1058 990.941 68.3 1.97 0.18
1059 991.344 49.5 2.01 0.23
1060 991.631 81.9 2.01 0.20
1061 992.463 81.9 1.98 0.19
1062 993.091 75.1 1.93 0.21
1063 994.300 81.9 1.98 0.26
1064 994.580 37.5 1.99 0.25
1065 994.764 143.4 1.98 0.24
1066 996.116 58.0 2.11 0.17
1067 996.198 49.5 2.12 0.17
1068 997.734 100.7 2.08 0.13
1069 998.102 51.2 2.06 0.23
1070 998.280 29.0 2.15 0.25
1071 999.904 49.5 2.10 0.18
1072 1001.461 58.0 2.07 0.23
1073 1002.287 71.7 2.07 0.20
1074 1003.823 39.3 2.04 0.37
1075 1003.932 75.1 1.97 0.07
1076 1004.035 88.7 2.03 0.34
1077 1006.281 75.1 1.97 0.18
1078 1006.724 68.3 1.88 0.07
1079 1006.868 102.4 1.95 -0.01
1080 1007.229 70.0 1.94 -0.03
1081 1008.567 81.9 2.05 -0.15
1082 1009.148 122.9 2.00 -0.01
1083 1011.312 88.7 1.92 -0.04
1084 1012.698 68.3 1.95 0.09
1085 1013.018 75.1 1.97 0.06
1086 1013.312 87.0 1.93 0.02
1087 1013.749 88.7 1.98 0.01
1088 1013.974 81.9 1.97 0.05
1089 1016.705 81.9 1.99 -0.11
1090 1017.033 75.1 2.01 -0.05
1091 1019.934 66.6 1.87 -0.17
1092 1020.364 95.6 1.96 -0.23
1093 1021.716 81.9 1.88 -0.22
1094 1025.054 95.6 1.95 -0.07
1095 1025.368 88.7 1.97 -0.17
1096 1025.559 95.6 2.01 -0.11
1097 1025.777 75.1 2.05 -0.07
1098 1025.921 64.9 2.00 -0.07
1099 1027.832 75.1 1.92 -0.17
1100 1028.945 92.2 1.91 -0.10
1101 1030.263 68.3 1.84 -0.09
1102 1031.928 81.9 1.93 -0.23
1103 1032.932 88.7 2.04 -0.14
1104 1034.714 143.4 2.04 -0.10
1105 1035.014 64.9 1.79 -0.01
1106 1036.017 102.4 1.99 -0.13
1107 1036.632 90.5 1.82 -0.05
1108 1037.745 116.1 1.81 0.06
1109 1038.216 122.9 1.83 0.04
1110 1039.124 134.8 1.85 -0.23
1111 1039.997 75.1 1.92 -0.02
1112 1040.339 81.9 1.94 -0.09
1113 1040.987 66.6 1.99 0.04
1114 1042.298 78.5 1.94 0.13
1115 1042.598 95.6 1.87 0.09
1116 1042.769 71.7 1.95 0.06
1117 1045.158 122.9 1.74 -0.14
1118 1045.882 68.3 1.76 -0.15
1119 1046.496 95.6 1.73 -0.03
1120 1046.995 88.7 1.84 0.10
1121 1047.582 81.9 1.80 -0.08
1122 1047.691 58.0 1.83 -0.08
1123 1048.176 88.7 1.85 0.03
1124 1048.674 92.2 1.79 -0.04
1125 1048.756 58.0 1.77 0.08
1126 1049.971 92.2 1.87 0.05
1127 1050.497 66.6 1.82 -0.03
1128 1050.695 93.9 1.84 -0.02
1129 1052.081 88.7 1.77 -0.01
1130 1052.777 136.5 1.83 0.04
1131 1052.961 124.6 1.88 0.03
1132 1053.378 112.6 1.75 0.07
1133 1053.951 88.7 1.79 0.15
1134 1054.265 75.1 1.76 0.02
1135 1054.504 81.9 1.73 0.11
1136 1055.521 78.5 1.74 0.00
1137 1055.904 78.5 1.73 0.00
1138 1056.470 95.6 1.73 -0.03
1139 1058.156 73.4 1.98 0.16
1140 1058.423 76.8 1.75 0.15
1141 1058.511 59.7 1.93 0.16
1142 1060.027 70.0 1.80 -0.06
1143 1060.914 51.2 1.65 -0.10
1144 1061.017 71.7 1.66 -0.11
1145 1061.706 68.3 1.85 -0.14
1146 1063.024 59.7 1.76 0.03
1147 1063.645 64.9 1.68 -0.10
1148 1063.809 75.1 1.69 -0.16
1149 1064.307 116.1 1.60 -0.10
1150 1065.195 68.3 1.83 -0.13
1151 1065.516 81.9 1.92 -0.11
1152 1066.990 99.0 1.73 -0.11
1153 1068.349 119.5 1.91 0.13
1154 1068.540 54.6 1.92 0.13
1155 1069.318 81.9 1.98 0.17
1156 1070.513 58.0 1.93 0.02
1157 1071.496 39.3 2.03 0.16
1158 1071.912 95.6 1.82 0.06
1159 1072.090 95.6 1.91 0.11
1160 1072.308 93.9 1.96 0.17
1161 1075.264 66.6 1.98 0.19
1162 1077.237 61.4 2.13 0.18
1163 1081.592 70.0 1.76 0.03
1164 1081.688 63.1 1.73 0.03
1165 1082.609 44.4 1.83 -0.05
1166 1085.647 105.8 1.94 0.03
1167 1085.825 76.8 1.98 0.03
1168 1086.016 75.1 1.98 -0.01
1169 1086.146 59.7 2.05 0.02
1170 1088.699 35.8 1.97 0.11
1171 1088.767 59.7 1.97 0.08
1172 1088.986 75.1 2.02 0.18
1173 1090.016 59.7 2.06 0.07
1174 1090.440 64.9 2.10 0.16
1175 1090.801 85.3 2.10 0.18
1176 1091.580 56.3 2.05 0.16
1177 1092.037 68.3 2.04 0.13
1178 1093.027 71.7 2.01 0.18
1179 1093.798 66.6 2.12 0.13
1180 1094.529 99.0 2.15 0.04
1181 1095.607 95.6 2.01 0.02
1182 1095.990 90.5 2.20 0.01
1183 1096.836 136.5 2.13 0.14
1184 1097.587 71.7 2.13 0.07
1185 1099.683 76.8 2.09 0.15
1186 1101.779 75.1 1.94 0.15
1187 1101.936 75.1 2.12 0.05
1188 1103.226 90.5 2.03 0.09
1189 1103.615 75.1 2.10 0.18
1190 1105.199 64.9 2.01 0.17
1191 1105.506 58.0 1.94 0.02
1192 1105.888 66.6 1.98 0.13
1193 1106.544 68.3 2.07 0.07
1194 1107.104 122.9 2.05 0.11
1195 1107.534 109.2 2.07 0.14
1196 1108.960 85.3 2.01 0.05
1197 1110.135 75.1 1.97 -0.03
1198 1110.257 105.8 1.97 -0.05
1199 1111.022 68.3 2.10 0.05
1200 1111.152 35.8 2.09 0.09
1201 1111.466 85.3 2.06 0.06
1202 1111.964 75.1 2.06 0.11
1203 1112.592 44.4 2.09 -0.02
1204 1112.865 63.1 2.21 -0.11
1205 1113.630 64.9 2.21 -0.02
1206 1114.115 68.3 2.22 -0.02
1207 1116.634 109.2 2.18 -0.02
1208 1116.791 92.2 2.13 -0.02
1209 1116.866 63.1 2.09 -0.03
1210 1117.146 90.5 2.04 -0.03
1211 1117.466 41.0 2.05 0.06
1212 1117.562 90.5 2.03 0.04
1213 1118.764 56.3 2.02 -0.03
1214 1118.866 71.7 2.05 -0.05
1215 1120.115 29.0 1.98 0.02
1216 1121.419 64.9 2.07 0.04
1217 1121.549 78.5 2.03 0.07
1218 1121.876 42.7 1.99 0.18
1219 1122.976 68.3 2.03 0.13
1220 1123.563 61.4 1.98 0.16
1221 1123.829 92.2 2.15 0.14
1222 1124.041 109.2 2.00 0.16
1223 1124.593 88.7 2.13 0.06
1224 1124.853 32.4 2.05 0.05
1225 1126.082 64.9 2.12 0.08
1226 1127.113 88.7 2.04 0.03
1227 1127.720 51.2 1.99 0.02
1228 1128.041 81.9 1.98 0.01
1229 1131.256 75.1 1.92 0.13
1230 1131.809 107.5 2.06 0.07
1231 1132.246 81.9 2.02 0.09
1232 1134.096 88.7 1.95 0.06
1233 1134.526 58.0 2.03 0.07
1234 1137.250 104.1 2.06 0.09
1235 1137.339 46.1 2.01 0.13
1236 1137.803 85.3 2.06 0.16
1237 1138.547 68.3 2.02 0.14
1238 1140.090 95.6 1.98 0.10
1239 1140.882 85.3 1.97 0.06
1240 1141.244 129.7 1.99 -0.04
1241 1143.374 90.5 1.97 0.09
1242 1143.968 30.7 2.04 0.04
1243 1144.125 73.4 2.04 0.00
1244 1144.452 68.3 2.07 0.01
1245 1144.951 76.8 2.10 0.06
1246 1145.128 44.4 2.08 0.10
1247 1145.633 63.1 2.18 0.09
1248 1146.357 102.4 2.17 0.06
1249 1146.671 93.9 2.19 0.01
1250 1148.931 70.0 2.15 -0.10
1251 1149.279 102.4 2.21 -0.01
1252 1149.402 71.7 2.20 -0.04
1253 1150.589 27.3 2.23 -0.06
1254 1151.422 81.9 2.25 -0.09
1255 1151.593 61.4 2.22 -0.07
1256 1151.757 59.7 2.22 -0.06
1257 1153.033 78.5 2.26 -0.01
1258 1154.030 116.1 2.22 0.01
1259 1154.249 88.7 2.20 0.01
1260 1156.938 56.3 2.14 -0.03
1261 1158.713 64.9 2.17 -0.12
1262 1158.870 81.9 2.17 -0.08
1263 1160.795 76.8 2.23 -0.05
1264 1162.195 75.1 2.18 -0.04
1265 1163.983 68.3 2.16 0.00
1266 1165.704 112.6 2.06 0.05
1267 1166.468 109.2 2.09 0.05
1268 1168.052 78.5 2.04 0.02
1269 1169.062 95.6 2.13 0.13
1270 1169.178 93.9 2.08 0.13
1271 1169.759 70.0 2.01 0.14
1272 1170.141 131.4 2.02 0.02
1273 1171.008 73.4 2.06 0.01
1274 1172.066 95.6 1.94 0.03
1275 1173.780 70.0 2.02 0.04
1276 1174.019 162.1 2.04 0.06
1277 1175.056 97.3 2.06 0.05
1278 1176.032 68.3 2.11 0.01
1279 1177.370 102.4 2.07 0.10
1280 1177.923 58.0 2.05 0.05
1281 1181.289 59.7 2.17 0.06
1282 1181.862 88.7 2.18 0.08
1283 1182.272 56.3 2.14 0.14
1284 1182.422 81.9 2.16 0.14
1285 1182.566 73.4 2.13 0.12
1286 1184.866 75.1 2.07 0.16
1287 1186.191 81.9 2.10 0.18
1288 1186.743 61.4 2.12 0.11
1289 1188.095 75.1 2.04 0.07
1290 1188.710 95.6 2.03 0.13
1291 1190.225 105.8 2.07 0.07
1292 1190.491 70.0 2.05 0.07
1293 1190.764 68.3 2.08 0.09
1294 1191.447 71.7 2.15 0.06
1295 1196.751 92.2 2.01 0.06
1296 1197.222 83.6 1.93 0.12
1297 1197.905 73.4 2.00 0.05
1298 1198.089 87.0 1.98 0.02
1299 1198.274 81.9 1.95 0.02
1300 1198.649 148.5 1.96 0.06
1301 1198.840 88.7 1.96 0.07
1302 1199.134 59.7 1.90 0.11
1303 1199.735 70.0 2.05 0.09
1304 1200.724 95.6 1.97 0.03
1305 1201.530 157.0 2.00 0.11
1306 1201.926 71.7 2.01 0.13
1307 1202.035 71.7 1.99 0.13
1308 1202.575 97.3 1.96 0.10
1309 1206.882 78.5 1.94 -0.07
1310 1207.947 95.6 1.84 -0.07
1311 1208.725 99.0 1.89 -0.05
1312 1209.620 81.9 1.90 -0.02
1313 1210.678 81.9 1.89 -0.06
1314 1211.053 63.1 1.91 0.03
1315 1212.535 95.6 1.97 -0.00
1316 1212.821 119.5 1.90 0.01
1317 1212.944 39.3 1.94 -0.02
1318 1214.665 34.1 2.07 -0.23
1319 1217.081 88.7 2.11 -0.02
1320 1218.563 70.0 2.17 -0.03
1321 1222.454 80.2 2.04 -0.00
1322 1222.938 56.3 1.92 0.04
1323 1223.505 75.1 1.85 0.12
1324 1224.754 58.0 1.95 0.08
1325 1225.901 81.9 1.95 0.05
1326 1228.113 75.1 2.06 0.00
1327 1229.315 39.3 2.00 0.01
1328 1230.025 64.9 2.05 -0.03
1329 1230.223 68.3 2.05 0.02
1330 1230.898 105.8 2.00 0.01
1331 1231.875 64.9 1.82 -0.12
1332 1235.179 75.1 2.01 -0.06
1333 1235.547 39.3 2.04 -0.06
1334 1238.053 124.6 2.03 -0.10
1335 1238.462 68.3 2.08 0.03
1336 1238.790 81.9 2.02 0.01
1337 1241.172 71.7 2.02 -0.06
1338 1242.210 81.9 2.06 -0.08
1339 1242.927 76.8 2.07 0.01
1340 1243.453 64.9 2.11 0.06
1341 1243.787 81.9 2.11 0.08
1342 1244.306 71.7 2.07 0.06
1343 1245.719 73.4 2.11 0.05
1344 1245.958 52.9 2.07 0.06
1345 1247.084 71.7 2.11 0.07
1346 1248.443 85.3 2.12 0.04
1347 1249.310 80.2 2.09 0.02
1348 1249.651 83.6 2.10 0.12
1349 1251.057 68.3 2.15 0.06
1350 1251.884 88.7 2.28 0.09
1351 1253.433 75.1 2.03 0.32
1352 1253.563 81.9 2.02 0.32
1353 1255.413 87.0 2.09 -0.03
1354 1255.720 46.1 2.09 -0.07
1355 1258.164 109.2 2.01 0.05
1356 1258.983 78.5 2.02 0.10
1357 1260.690 129.7 1.95 0.34
1358 1261.455 61.4 2.08 0.33
1359 1262.424 59.7 1.92 0.21
1360 1262.820 75.1 2.01 0.14
1361 1264.574 66.6 1.88 0.14
1362 1264.697 64.9 1.86 0.11
1363 1264.820 51.2 1.93 0.14
1364 1265.305 35.8 1.94 0.15
1365 1266.923 75.1 2.03 0.01
1366 1267.455 198.0 2.00 0.06
1367 1268.076 39.3 1.99 -0.01
1368 1270.186 87.0 2.01 0.11
1369 1270.595 122.9 2.00 0.09
1370 1271.162 73.4 2.03 0.09
1371 1271.476 61.4 2.03 0.14
1372 1271.592 73.4 2.03 0.14
1373 1272.049 95.6 2.02 0.19
1374 1273.401 30.7 2.09 0.20
1375 1274.452 88.7 2.01 0.05
1376 1275.654 75.1 2.05 0.12
1377 1277.367 70.0 2.09 0.10
1378 1277.531 47.8 2.11 0.08
1379 1277.941 59.7 2.05 0.09
1380 1278.214 81.9 2.03 0.06
1381 1279.859 64.9 2.03 0.05
1382 1279.968 109.2 2.03 0.06
1383 1280.241 49.5 1.98 0.09
1384 1284.617 71.7 2.00 -0.01
1385 1284.809 75.1 2.15 0.03
1386 1287.102 68.3 2.01 -0.01
1387 1290.249 44.4 2.15 0.04
1388 1290.645 88.7 1.92 0.01
1389 1290.761 68.3 2.21 -0.05
1390 1291.492 102.4 1.99 -0.03
1391 1291.942 75.1 2.05 0.08
1392 1292.632 102.4 2.03 0.14
1393 1294.202 85.3 2.09 0.23
1394 1294.352 68.3 1.99 0.23
1395 1296.619 73.4 1.96 0.10
1396 1297.697 78.5 1.91 0.10
1397 1299.288 76.8 1.95 0.04
1398 1300.073 129.7 1.91 0.11
1399 1300.824 51.2 1.85 0.01
1400 1301.664 71.7 2.10 -0.04
1401 1304.981 78.5 2.06 0.16
1402 1306.517 75.1 2.05 -0.02
1403 1307.767 47.8 2.07 0.01
1404 1308.395 71.7 2.05 0.12
1405 1308.634 59.7 2.04 -0.01
1406 1310.784 136.5 1.85 0.04
1407 1311.992 78.5 1.92 0.31
1408 1312.723 75.1 1.90 0.24
1409 1313.965 56.3 1.96 0.23
1410 1316.116 64.9 1.96 0.21
1411 1316.744 90.5 2.02 0.15
1412 1317.747 78.5 1.90 0.12
1413 1318.696 109.2 1.83 0.12
1414 1318.853 78.5 2.03 -0.02
1415 1320.922 109.2 1.95 0.23
1416 1321.536 61.4 1.99 0.15
1417 1322.130 109.2 2.11 0.27
1418 1322.287 88.7 2.14 0.27
1419 1322.874 68.3 2.12 0.26
1420 1323.011 102.4 2.13 0.22
1421 1324.615 78.5 2.01 0.21
1422 1325.352 71.7 2.09 0.26
1423 1326.451 56.3 2.03 0.27
1424 1328.595 58.0 2.12 0.06
1425 1329.161 61.4 2.24 0.11
1426 1330.711 81.9 2.08 0.20
1427 1331.844 75.1 2.12 0.18
1428 1332.322 59.7 2.08 0.18
1429 1332.418 71.7 2.08 0.18
1430 1332.527 68.3 2.05 0.10
1431 1332.691 150.2 2.00 0.15
1432 1332.875 81.9 1.97 0.11
1433 1335.749 136.5 2.12 0.13
1434 1335.892 102.4 2.08 0.12
1435 1336.391 95.6 2.01 0.19
1436 1340.746 71.7 2.00 0.19
1437 1341.142 105.8 2.06 0.21
1438 1341.381 51.2 2.08 0.20
1439 1344.276 75.1 2.14 0.12
1440 1344.596 42.7 2.14 0.12
1441 1345.040 95.6 2.14 0.15
1442 1345.429 102.4 2.07 0.14
1443 1346.201 81.9 2.03 0.09
1444 1346.959 107.5 1.96 0.13
1445 1348.208 95.6 2.02 -0.01
1446 1348.378 64.9 2.03 -0.01
1447 1348.979 71.7 1.92 0.16
1448 1350.638 61.4 2.00 0.08
1449 1352.734 99.0 2.00 0.09
1450 1353.116 58.0 2.04 0.08
1451 1353.369 76.8 2.02 0.19
1452 1353.628 100.7 1.99 0.18
1453 1355.915 64.9 1.86 0.02
1454 1357.745 76.8 2.11 0.15
1455 1358.461 64.9 2.17 0.21
1456 1360.284 63.1 1.99 0.07
1457 1360.400 83.6 2.06 0.07
1458 1360.851 68.3 2.13 0.16
1459 1362.762 139.9 2.06 0.12
1460 1364.592 81.9 2.08 0.22
1461 1365.397 75.1 2.11 0.23
1462 1366.592 71.7 2.19 0.18
1463 1367.111 75.1 2.03 0.31
1464 1367.561 51.2 2.02 0.19
1465 1369.562 75.1 2.14 0.16
1466 1370.606 68.3 2.10 0.19
1467 1371.091 88.7 2.03 0.14
1468 1371.391 81.9 2.04 0.13
1469 1371.726 41.0 2.08 0.13
1470 1371.794 58.0 2.05 0.13
1471 1372.729 88.7 2.06 0.09
1472 1373.036 75.1 2.04 0.14
1473 1373.589 70.0 1.94 0.17
1474 1374.026 97.3 2.03 0.15
1475 1374.190 117.8 2.05 0.07
1476 1375.289 93.9 1.97 0.02
1477 1376.061 61.4 2.05 0.11
1478 1377.952 83.6 2.04 0.04
1479 1378.402 95.6 1.99 0.00
1480 1378.682 81.9 2.01 0.00
1481 1380.955 75.1 2.05 -0.05
1482 1381.071 93.9 2.07 -0.03
1483 1384.007 76.8 2.10 -0.02
1484 1384.150 83.6 2.13 0.04
1485 1384.758 51.2 2.05 0.06
1486 1385.427 58.0 2.09 -0.04
1487 1386.273 56.3 2.04 -0.04
1488 1386.888 95.6 2.17 0.03
1489 1387.557 61.4 2.14 0.03
1490 1388.000 90.5 2.06 0.02
1491 1388.273 71.7 2.14 0.01
1492 1390.738 66.6 1.98 0.04
1493 1390.950 90.5 1.94 0.05
1494 1391.393 58.0 2.08 -0.00
1495 1392.069 70.0 1.97 0.04
1496 1392.158 49.5 2.04 0.04
1497 1392.950 88.7 2.07 0.04
1498 1393.175 70.0 2.06 0.01
1499 1394.015 105.8 2.02 -0.06
1500 1394.117 70.0 2.06 -0.06
1501 1394.718 83.6 2.02 0.07
1502 1395.093 63.1 2.01 0.03
1503 1395.981 68.3 2.03 0.11
1504 1396.302 64.9 1.97 0.12
1505 1396.465 102.4 1.96 0.14
1506 1396.691 87.0 1.93 0.06
1507 1397.025 92.2 1.97 0.03
1508 1400.261 81.9 2.01 -0.07
1509 1401.012 116.1 2.00 -0.09
1510 1401.968 81.9 1.98 -0.09
1511 1402.282 78.5 1.99 -0.08
1512 1404.405 78.5 1.96 -0.04
1513 1405.791 100.7 1.91 -0.11
1514 1406.665 88.7 1.88 -0.11
1515 1407.299 85.3 1.85 -0.12
1516 1407.852 66.6 1.85 -0.06
1517 1409.395 75.1 1.84 0.06
1518 1411.259 42.7 1.92 0.03
1519 1412.337 66.6 1.91 0.05
1520 1412.570 112.6 1.89 0.06
1521 1413.334 102.4 2.00 0.07
1522 1413.723 75.1 2.03 0.08
1523 1414.065 81.9 2.04 0.02
1524 1414.188 76.8 1.99 0.02
1525 1414.365 81.9 2.00 0.01
1526 1414.515 88.7 1.89 0.08
1527 1415.915 95.6 1.98 -0.06
1528 1416.085 126.3 1.94 -0.06
1529 1417.894 95.6 1.94 -0.12
1530 1418.140 102.4 1.94 -0.12
1531 1418.468 61.4 1.99 -0.03
1532 1418.727 92.2 1.97 -0.08
1533 1420.311 63.1 2.09 -0.11
1534 1421.151 64.9 1.99 -0.01
1535 1422.434 75.1 1.91 -0.08
1536 1422.830 85.3 1.91 -0.15
1537 1423.253 198.0 1.96 -0.08
1538 1423.813 75.1 1.96 -0.12
1539 1424.134 64.9 1.94 -0.14
1540 1424.550 68.3 2.07 -0.02
1541 1425.124 56.3 1.98 0.04
1542 1427.383 76.8 2.00 0.00
1543 1427.465 71.7 2.03 0.00
1544 1428.066 75.1 1.97 -0.04
1545 1428.626 75.1 2.09 -0.17
1546 1428.838 52.9 2.06 -0.15
1547 1429.131 102.4 2.11 -0.07
1548 1429.950 128.0 2.07 -0.11
1549 1430.872 49.5 1.96 -0.08
1550 1430.933 34.1 2.09 -0.08
1551 1431.363 92.2 1.89 -0.01
1552 1431.520 87.0 1.90 -0.05
1553 1432.237 83.6 2.05 -0.09
1554 1432.340 75.1 2.04 -0.11
1555 1432.524 68.3 1.87 -0.10
1556 1432.899 68.3 2.00 -0.06
1557 1433.992 107.5 1.97 -0.02
1558 1434.217 76.8 2.02 -0.03
1559 1434.654 81.9 1.99 0.01
1560 1435.118 75.1 1.96 -0.07
1561 1435.521 81.9 1.94 -0.07
1562 1436.893 59.7 2.06 0.04
1563 1438.579 58.0 1.99 -0.04
1564 1440.559 85.3 2.10 -0.02
1565 1442.307 88.7 2.16 0.06
1566 1442.450 68.3 2.19 0.06
1567 1442.880 110.9 2.09 0.04
1568 1443.965 88.7 2.13 0.02
1569 1444.157 87.0 2.06 0.10
1570 1444.464 88.7 2.08 0.12
1571 1444.771 66.6 2.02 0.13
1572 1445.003 75.1 2.04 0.04
1573 1445.297 54.6 2.04 0.05
1574 1445.399 63.1 2.12 0.13
1575 1445.959 105.8 2.06 0.06
1576 1447.153 61.4 2.07 0.10
1577 1449.079 81.9 2.02 -0.12
1578 1449.802 51.2 2.13 -0.16
1579 1452.308 100.7 1.83 -0.19
1580 1452.499 76.8 1.88 -0.21
1581 1452.717 116.1 1.94 -0.21
1582 1454.629 112.6 1.86 -0.04
1583 1454.936 71.7 1.98 -0.10
1584 1455.325 102.4 1.93 0.03
1585 1456.779 59.7 2.10 -0.01
1586 1457.981 78.5 2.12 0.14
1587 1458.820 81.9 2.08 0.09
1588 1459.039 88.7 2.11 0.07
1589 1461.148 58.0 1.92 0.08
1590 1461.367 95.6 2.03 0.13
1591 1461.879 102.4 1.89 0.16
1592 1464.486 85.3 1.97 0.08
1593 1464.589 73.4 1.95 0.08
1594 1465.353 157.0 1.94 0.12
1595 1465.756 68.3 1.94 0.11
1596 1466.152 58.0 1.95 0.09
1597 1466.999 66.6 1.95 0.09
1598 1472.808 70.0 2.07 0.08
1599 1474.262 68.3 2.11 -0.01
1600 1475.163 83.6 2.13 0.01
1601 1475.361 70.0 2.14 -0.03
1602 1475.491 92.2 2.12 -0.06
1603 1475.750 66.6 2.18 -0.13
1604 1475.914 112.6 2.14 -0.12
1605 1477.396 76.8 2.11 -0.02
1606 1477.628 68.3 2.06 0.08
1607 1478.645 109.2 2.07 0.01
1608 1478.850 191.1 2.05 0.03
1609 1479.915 64.9 2.31 -0.06
1610 1481.157 54.6 2.16 0.01
1611 1481.457 70.0 2.10 0.01
1612 1481.594 102.4 2.24 -0.01
1613 1481.833 80.2 2.24 -0.01
1614 1482.598 109.2 2.04 0.03
1615 1482.966 59.7 2.20 -0.04
1616 1483.560 75.1 2.23 -0.08
1617 1484.284 66.6 2.12 -0.09
1618 1484.372 56.3 2.21 -0.06
1619 1485.929 95.6 2.20 -0.02
1620 1486.134 81.9 2.09 0.05
1621 1486.270 81.9 2.23 -0.02
1622 1486.605 81.9 2.18 -0.03
1623 1487.956 71.7 2.07 -0.02
1624 1488.482 68.3 2.13 -0.13
1625 1488.585 51.2 2.13 -0.13
1626 1489.561 61.4 2.02 -0.09
1627 1489.916 75.1 2.02 -0.13
1628 1493.384 85.3 2.04 -0.06
1629 1493.950 61.4 1.99 -0.06
1630 1494.046 81.9 1.95 -0.05
1631 1494.483 75.1 1.96 -0.03
1632 1495.957 71.7 2.04 -0.05
1633 1496.251 81.9 2.02 0.01
1634 1496.346 75.1 2.03 0.01
1635 1496.456 71.7 2.03 0.00
1636 1498.722 61.4 2.12 0.03
1637 1500.306 41.0 2.13 0.01
1638 1500.401 47.8 2.13 0.01
1639 1501.057 75.1 2.08 -0.02
1640 1502.299 78.5 2.09 0.01
1641 1502.647 75.1 1.98 0.04
1642 1502.941 97.3 1.94 0.14
1643 1503.228 105.8 1.94 0.11
1644 1504.279 129.7 1.86 0.05
1645 1504.429 109.2 1.89 0.05
1646 1504.736 61.4 1.90 0.10
1647 1505.037 105.8 1.98 0.09
1648 1505.364 46.1 1.93 0.06
1649 1506.470 47.8 2.04 0.15
1650 1507.337 78.5 2.06 0.19
1651 1507.481 88.7 2.01 0.15
1652 1507.713 87.0 2.11 0.21
1653 1508.307 64.9 1.98 0.07
1654 1508.396 78.5 2.05 0.08
1655 1509.856 59.7 2.09 -0.03
1656 1511.222 92.2 2.09 0.08
1657 1512.587 81.9 2.03 -0.04
1658 1512.915 100.7 1.97 -0.07
1659 1513.789 61.4 1.95 0.11
1660 1515.768 81.9 2.07 0.19
1661 1516.294 44.4 1.98 0.17
1662 1516.785 58.0 1.85 0.15
1663 1518.035 58.0 1.91 0.18
1664 1519.721 85.3 2.01 0.18
1665 1521.564 68.3 2.00 0.21
1666 1521.639 73.4 2.00 0.24
1667 1522.875 95.6 1.95 0.18
1668 1523.414 63.1 2.01 0.04
1669 1524.411 112.6 2.01 0.18
1670 1525.804 129.7 2.04 0.27
1671 1526.814 68.3 1.88 0.18
1672 1527.107 83.6 1.98 0.23
1673 1527.804 78.5 1.84 0.18
1674 1528.582 66.6 1.89 0.19
1675 1528.712 78.5 1.93 0.20
1676 1529.545 102.4 1.90 0.13
1677 1530.132 61.4 1.84 0.16
1678 1530.937 68.3 1.87 0.16
1679 1532.507 61.4 1.80 0.16
1680 1532.664 80.2 1.85 0.07
1681 1533.033 81.9 1.87 0.06
1682 1533.402 52.9 1.85 0.03
1683 1535.600 88.7 1.88 0.15
1684 1536.699 73.4 1.87 0.13
1685 1537.020 102.4 1.87 0.08
1686 1537.614 109.2 1.81 0.09
1687 1537.982 105.8 1.80 0.13
1688 1539.634 71.7 1.75 -0.01
1689 1540.153 35.8 1.72 0.04
1690 1541.061 61.4 1.76 0.02
1691 1541.218 63.1 1.73 -0.00
1692 1541.341 54.6 1.78 0.05
1693 1542.488 61.4 1.72 -0.02
1694 1543.382 109.2 1.72 0.02
1695 1544.536 75.1 1.79 0.02
1696 1544.795 63.1 1.87 -0.03
1697 1545.027 126.3 1.82 -0.07
1698 1545.171 151.9 1.80 -0.07
1699 1546.434 63.1 1.72 -0.19
1700 1546.864 58.0 1.80 -0.15
1701 1548.557 81.9 1.85 -0.05
1702 1549.431 58.0 1.78 -0.01
1703 1549.724 49.5 1.73 -0.08
1704 1550.345 102.4 1.80 -0.06
1705 1550.625 136.5 1.71 0.00
1706 1550.789 88.7 1.76 0.04
1707 1551.356 73.4 1.75 -0.00
1708 1553.841 37.5 1.83 0.01
1709 1553.970 148.5 1.89 0.01
1710 1556.114 70.0 1.82 -0.08
1711 1556.271 46.1 1.81 -0.03
1712 1557.274 88.7 1.76 0.06
1713 1557.431 87.0 1.71 0.07
1714 1558.053 95.6 1.75 0.01
1715 1558.162 92.2 1.78 0.01
1716 1559.193 75.1 1.79 0.17
1717 1559.800 116.1 1.75 0.16
1718 1560.326 75.1 1.85 0.10
1719 1560.681 88.7 1.83 -0.06
1720 1562.674 75.1 1.80 -0.14
1721 1563.705 75.1 1.75 -0.07
1722 1566.115 66.6 1.88 -0.16
1723 1566.258 63.1 1.75 -0.15
1724 1567.856 85.3 1.80 -0.03
1725 1569.815 88.7 1.75 0.12
1726 1571.385 133.1 1.68 -0.02
1727 1571.863 68.3 1.85 0.23
1728 1572.396 88.7 1.90 0.01
1729 1573.146 75.1 1.74 -0.10
1730 1574.020 81.9 1.88 -0.18
1731 1574.444 119.5 2.03 -0.11
1732 1574.614 124.6 2.05 -0.11
1733 1575.481 100.7 2.08 -0.15
1734 1576.437 81.9 2.10 0.03
1735 1576.744 71.7 2.11 0.01
1736 1577.004 68.3 2.16 0.02
1737 1579.816 42.7 2.08 0.01
1738 1580.553 81.9 2.12 -0.08
1739 1580.710 92.2 2.00 -0.08
1740 1582.356 63.1 1.99 -0.10
1741 1583.223 158.7 2.06 -0.07
1742 1583.728 64.9 2.07 -0.03
1743 1584.069 81.9 2.14 -0.07
1744 1585.789 88.7 2.11 -0.12
1745 1585.919 99.0 2.12 -0.12
1746 1587.223 133.1 2.19 -0.06
1747 1588.035 99.0 2.11 -0.11
1748 1588.780 88.7 2.06 -0.02
1749 1590.008 88.7 2.01 -0.06
1750 1590.206 150.2 2.03 0.00
1751 1590.889 64.9 2.01 -0.01
1752 1591.012 75.1 1.99 0.01
1753 1591.387 104.1 2.06 -0.03
1754 1591.633 116.1 2.06 -0.03
1755 1591.763 88.7 2.05 -0.05
1756 1592.377 56.3 2.09 -0.01
1757 1593.824 66.6 2.19 0.08
1758 1594.398 47.8 2.14 -0.00
1759 1594.521 52.9 2.14 0.05
1760 1594.753 95.6 2.11 0.06
1761 1595.019 47.8 2.14 0.04
1762 1596.105 61.4 2.07 0.12
1763 1596.282 90.5 2.15 0.18
1764 1596.500 54.6 2.12 0.24
1765 1597.169 58.0 2.03 0.19
1766 1598.665 78.5 2.12 0.11
1767 1600.078 88.7 2.07 0.05
1768 1601.272 75.1 1.92 0.18
1769 1601.723 88.7 1.96 0.09
1770 1603.887 34.1 1.96 0.35
1771 1604.925 44.4 1.94 0.25
1772 1607.594 88.7 2.17 0.16
1773 1608.106 46.1 2.06 0.18
1774 1609.157 42.7 2.00 0.16
1775 1611.069 68.3 1.90 0.13
1776 1611.178 68.3 2.03 0.13
1777 1611.294 68.3 1.99 0.28
1778 1612.291 81.9 1.87 0.07
1779 1612.448 102.4 1.93 0.07
1780 1615.868 87.0 1.97 0.26
1781 1616.045 32.4 1.92 0.24
1782 1617.574 180.9 1.95 0.19
1783 1617.970 30.7 2.02 0.23
1784 1619.028 39.3 2.00 0.15
1785 1619.165 68.3 2.02 0.15
1786 1621.302 52.9 1.97 0.14
1787 1622.155 56.3 2.07 0.15
1788 1625.323 68.3 2.05 0.17
1789 1625.452 71.7 2.01 0.17
1790 1626.217 95.6 1.98 0.13
1791 1627.384 81.9 1.93 0.14
1792 1628.695 64.9 2.02 0.20
1793 1628.954 41.0 2.04 0.18
1794 1633.986 83.6 2.02 0.18
1795 1635.795 116.1 2.01 0.10
1796 1636.716 64.9 2.01 0.15
1797 1637.242 41.0 1.98 0.12
1798 1640.853 75.1 1.98 0.09
1799 1641.188 37.5 1.96 0.10
1800 1642.287 88.7 2.05 0.07
1801 1642.403 66.6 2.01 0.04
1802 1644.185 64.9 2.01 0.09
1803 1644.403 92.2 2.01 0.17
1804 1645.605 68.3 1.95 0.17
1805 1645.707 54.6 2.00 0.14
1806 1645.967 81.9 2.00 0.08
1807 1646.151 54.6 1.96 0.06
1808 1647.960 71.7 1.86 0.01
1809 1648.465 165.5 1.88 -0.09
1810 1649.735 138.2 1.85 -0.16
1811 1652.520 88.7 1.95 -0.15
1812 1654.650 73.4 2.01 -0.16
1813 1655.695 75.1 2.00 -0.04
1814 1658.903 81.9 2.04 0.07
1815 1659.053 80.2 2.06 0.07
1816 1660.562 70.0 2.05 -0.07
1817 1660.937 63.1 2.08 -0.04
1818 1661.777 68.3 2.15 -0.00
1819 1661.893 88.7 2.05 -0.03
1820 1662.501 109.2 2.09 -0.00
1821 1662.685 58.0 2.05 0.02
1822 1663.354 122.9 2.06 0.06
1823 1663.709 119.5 2.07 0.07
1824 1664.460 56.3 2.06 0.11
1825 1665.573 42.7 2.03 0.10
1826 1666.501 54.6 2.08 0.06
1827 1666.986 116.1 2.15 0.06
1828 1668.727 54.6 2.13 -0.09
1829 1668.829 61.4 2.16 -0.11
1830 1669.655 80.2 2.18 -0.12
1831 1670.222 88.7 2.16 -0.22
1832 1671.887 41.0 1.96 -0.05
1833 1671.935 85.3 1.95 0.05
1834 1672.290 109.2 2.08 0.09
1835 1672.843 100.7 1.95 0.02
1836 1673.498 73.4 2.08 0.12
1837 1674.065 81.9 2.11 0.16
1838 1674.946 70.0 2.09 0.11
1839 1675.048 68.3 2.10 0.10
1840 1677.192 75.1 2.05 -0.00
1841 1677.376 52.9 2.04 -0.03
1842 1677.765 56.3 1.97 0.04
1843 1678.216 68.3 2.02 0.19
1844 1679.567 81.9 2.12 0.14
1845 1680.455 59.7 2.06 0.11
1846 1680.619 88.7 2.10 0.13
1847 1682.264 92.2 1.96 0.07
1848 1682.476 68.3 1.94 0.08
1849 1683.759 63.1 2.05 0.15
1850 1684.960 51.2 1.96 0.12
1851 1685.131 102.4 1.96 0.14
1852 1687.281 88.7 2.03 0.19
1853 1687.923 58.0 2.01 0.18
1854 1688.797 88.7 1.98 0.09
1855 1690.265 81.9 1.91 0.16
1856 1690.401 73.4 1.99 0.16
1857 1691.391 61.4 1.95 0.15
1858 1692.060 68.3 1.99 0.07
1859 1692.818 81.9 2.01 0.12
1860 1692.927 100.7 2.01 0.14
1861 1693.077 85.3 1.94 0.20
1862 1693.262 97.3 2.02 0.16
1863 1693.917 81.9 2.06 0.15
1864 1694.238 88.7 2.06 0.16
1865 1694.613 30.7 2.09 0.21
1866 1694.907 102.4 2.11 0.09
1867 1695.132 59.7 2.16 0.20
1868 1698.293 41.0 2.14 0.16
1869 1699.296 85.3 2.12 0.12
1870 1699.645 44.4 2.13 0.19
1871 1700.853 75.1 2.11 0.22
1872 1701.167 70.0 2.07 0.15
1873 1701.734 75.1 2.08 0.18
1874 1701.863 61.4 2.13 0.12
1875 1704.410 30.7 2.06 0.12
1876 1704.771 81.9 2.03 0.14
1877 1705.481 58.0 2.02 0.14
1878 1706.362 81.9 1.97 0.13
1879 1706.553 51.2 2.00 0.18
1880 1707.878 70.0 2.04 0.18
1881 1708.724 71.7 2.11 0.19
1882 1710.328 70.0 1.99 0.08
1883 1710.444 92.2 2.02 0.12
1884 1712.090 88.7 2.03 0.15
1885 1715.728 85.3 2.04 0.02
1886 1718.432 59.7 2.04 0.18
1887 1719.845 68.3 2.03 0.25
1888 1719.961 61.4 1.99 0.20
1889 1720.377 75.1 2.00 0.18
1890 1720.678 61.4 1.97 0.20
1891 1721.968 75.1 1.97 0.10
1892 1722.377 99.0 2.01 0.17
1893 1723.586 61.4 1.99 0.14
1894 1724.774 85.3 2.01 0.19
1895 1725.067 59.7 2.04 0.17
1896 1726.043 81.9 1.95 0.08
1897 1726.316 81.9 1.88 0.09
1898 1729.313 83.6 1.98 0.06
1899 1729.907 71.7 2.06 0.05
1900 1731.054 71.7 2.07 0.08
1901 1731.450 90.5 2.08 -0.00
1902 1732.276 78.5 2.05 0.02
1903 1733.648 61.4 2.07 -0.01
1904 1734.331 105.8 2.03 0.00
1905 1734.918 102.4 2.02 0.05
1906 1735.164 76.8 1.99 0.05
1907 1735.737 83.6 2.01 -0.01
1908 1736.167 71.7 1.94 -0.01
1909 1737.505 95.6 2.04 0.02
1910 1739.055 80.2 2.04 0.11
1911 1740.755 49.5 2.01 0.05
1912 1741.239 66.6 2.09 0.09
1913 1741.349 56.3 2.07 0.09
1914 1741.656 88.7 2.13 0.12
1915 1744.653 110.9 2.07 0.15
1916 1745.049 64.9 2.08 0.13
1917 1745.786 61.4 1.98 0.11
1918 1745.902 81.9 2.03 0.16
1919 1747.663 68.3 1.96 0.18
1920 1748.128 116.1 2.25 0.17
1921 1749.568 64.9 2.05 0.16
1922 1749.909 51.2 2.10 0.18
1923 1753.555 109.2 1.99 0.07
1924 1753.657 49.5 2.01 0.09
1925 1753.903 78.5 1.98 0.02
1926 1754.353 66.6 2.08 0.01
1927 1755.671 129.7 2.01 -0.04
1928 1755.937 61.4 2.03 0.05
1929 1756.231 78.5 1.98 0.00
1930 1757.139 81.9 2.10 -0.09
1931 1757.323 64.9 2.10 -0.01
1932 1757.542 71.7 2.01 -0.06
1933 1757.610 49.5 2.10 -0.01
1934 1760.368 85.3 2.12 -0.02
1935 1760.757 88.7 2.14 -0.01
1936 1761.399 87.0 2.18 -0.04
1937 1761.576 64.9 2.22 -0.10
1938 1761.672 35.8 2.10 -0.03
1939 1763.604 121.2 2.13 0.08
1940 1764.150 75.1 2.13 0.15
1941 1764.279 78.5 2.16 0.15
1942 1765.078 75.1 2.10 0.07
1943 1765.706 75.1 2.09 0.02
1944 1766.587 71.7 2.04 0.05
1945 1766.764 61.4 2.09 0.09
1946 1766.949 59.7 2.10 0.07
1947 1767.351 66.6 2.06 0.08
1948 1767.529 56.3 2.09 0.08
1949 1768.423 75.1 2.01 0.02
1950 1768.655 76.8 2.01 0.08
1951 1769.495 81.9 1.98 0.06
1952 1770.314 75.1 1.96 0.10
1953 1772.390 81.9 1.96 0.11
1954 1773.263 95.6 2.05 0.07
1955 1773.646 97.3 1.99 0.08
1956 1774.007 75.1 2.01 0.06
1957 1774.151 95.6 1.98 0.04
1958 1774.308 75.1 1.97 0.12
1959 1776.131 42.7 2.03 0.07
1960 1776.643 54.6 2.07 0.05
1961 1776.704 32.4 2.11 0.02
1962 1777.298 56.3 2.05 0.02
1963 1777.728 104.1 2.09 0.01
1964 1778.015 129.7 2.09 0.05
1965 1778.322 75.1 2.06 0.07
1966 1778.964 68.3 2.10 0.03
1967 1779.298 68.3 2.05 0.03
1968 1779.387 56.3 2.06 0.02
1969 1780.029 58.0 2.03 0.05
1970 1782.077 66.6 2.08 0.05
1971 1782.445 85.3 2.07 0.02
1972 1782.623 58.0 2.05 -0.01
1973 1783.176 81.9 2.00 0.10
1974 1783.408 51.2 1.99 0.11
1975 1783.756 80.2 2.07 0.12
1976 1784.568 66.6 1.93 0.15
1977 1785.087 42.7 1.92 0.02
1978 1788.111 68.3 2.15 0.05
1979 1788.289 122.9 2.02 0.01
1980 1790.030 58.0 1.95 -0.13
1981 1791.675 42.7 2.03 0.15
1982 1793.743 87.0 2.00 0.08
1983 1794.972 73.4 2.04 0.13
1984 1795.279 88.7 2.04 0.12
1985 1795.948 56.3 2.02 0.06
1986 1798.966 71.7 2.06 0.13
1987 1799.280 88.7 2.00 0.14
1988 1801.662 75.1 2.02 0.03
1989 1802.570 47.8 2.07 -0.04
1990 1802.700 66.6 2.03 -0.04
1991 1802.809 68.3 2.08 -0.01
1992 1803.867 99.0 2.11 0.10
1993 1804.980 70.0 2.17 0.04
1994 1805.301 37.5 2.14 -0.00
1995 1805.861 58.0 2.14 0.07
1996 1806.414 88.7 2.07 0.03
1997 1807.103 143.4 2.06 0.06
1998 1807.608 63.1 2.11 0.12
1999 1808.216 81.9 2.10 0.09
2000 1809.772 93.9 2.07 0.08
