1 1.866 68.3 2.07 0.12
2 2.644 92.2 2.05 0.10
3 4.679 58.0 2.06 0.07
4 7.157 81.9 2.03 0.19
5 9.539 88.7 1.92 0.11
6 10.202 59.7 2.09 0.14
7 10.789 59.7 2.07 0.09
8 12.175 88.7 2.08 0.09
9 12.441 61.4 2.05 0.04
10 13.369 76.8 2.05 0.07
11 13.690 66.6 2.10 0.03
12 14.018 56.3 2.07 0.04
13 15.854 41.0 2.13 0.18
14 16.236 63.1 2.04 0.11
15 17.561 63.1 1.87 0.25
16 19.213 81.9 1.87 0.20
17 20.476 81.9 1.85 0.33
18 20.879 68.3 1.81 0.32
19 22.292 75.1 1.95 0.24
20 22.824 68.3 1.95 0.22
21 23.322 66.6 1.94 0.23
22 25.405 51.2 1.98 0.15
23 25.862 68.3 1.92 0.19
24 26.886 64.9 1.91 0.21
25 29.193 70.0 2.02 0.03
26 30.013 88.7 1.99 0.22
27 30.695 102.4 1.91 0.20
28 31.467 75.1 1.93 0.11
29 31.876 66.6 1.94 0.10
30 32.518 47.8 1.89 0.15
31 33.351 23.9 1.86 0.12
32 33.747 75.1 1.90 0.09
33 36.198 66.6 1.88 0.04
34 37.699 75.1 1.92 -0.01
35 38.853 81.9 1.99 -0.05
36 39.495 23.9 1.94 0.00
37 40.082 145.1 1.95 0.14
38 40.382 116.1 1.97 0.16
39 41.720 78.5 1.92 0.07
40 42.034 129.7 1.83 0.06
41 42.512 78.5 1.90 0.03
42 43.475 63.1 1.97 0.05
43 44.103 52.9 1.94 0.13
44 44.226 88.7 1.92 0.01
45 44.342 88.7 1.91 0.07
46 44.547 51.2 1.86 0.07
47 44.990 107.5 1.84 0.08
48 45.120 63.1 1.81 0.05
49 45.721 88.7 1.74 -0.00
50 46.362 81.9 1.78 0.00
51 46.922 76.8 1.85 -0.06
52 47.270 83.6 1.84 -0.06
53 49.216 122.9 1.83 0.05
54 50.028 56.3 1.74 0.06
55 50.322 162.1 1.77 0.05
56 50.513 85.3 1.77 0.05
57 50.656 75.1 1.83 0.10
58 50.759 71.7 1.75 0.07
59 51.011 75.1 1.80 0.09
60 51.100 78.5 1.77 0.10
61 51.646 81.9 1.83 -0.08
62 52.534 78.5 1.85 -0.07
63 53.728 87.0 1.91 -0.15
64 55.258 63.1 1.79 -0.21
65 55.947 85.3 1.75 -0.22
66 57.073 51.2 1.85 -0.02
67 58.173 99.0 1.82 -0.08
68 58.719 75.1 1.80 -0.19
69 58.992 76.8 1.90 -0.18
70 59.367 42.7 1.95 -0.18
71 59.729 88.7 2.08 0.08
72 64.187 75.1 2.09 -0.01
73 65.068 81.9 2.01 0.04
74 66.365 61.4 1.94 -0.04
75 66.433 56.3 1.89 -0.04
76 66.979 81.9 1.88 -0.06
77 67.054 54.6 1.93 -0.04
78 67.873 75.1 2.00 0.02
79 68.153 58.0 1.95 0.04
80 68.440 109.2 1.90 -0.01
81 68.727 78.5 1.92 0.05
82 70.065 112.6 2.03 -0.10
83 70.611 70.0 1.89 -0.07
84 70.775 71.7 1.87 -0.07
85 71.109 75.1 1.91 0.04
86 72.433 73.4 1.88 0.04
87 73.587 68.3 1.97 -0.23
88 77.062 112.6 1.86 0.04
89 77.396 71.7 1.84 0.13
90 77.663 100.7 1.78 0.02
91 77.963 81.9 1.76 0.09
92 79.028 105.8 1.64 0.04
93 79.342 116.1 1.62 0.06
94 82.380 81.9 1.79 0.28
95 83.520 51.2 2.03 0.11
96 83.936 121.2 2.04 0.06
97 84.831 75.1 2.15 0.08
98 85.240 64.9 2.20 0.06
99 85.575 39.3 2.19 0.07
100 87.650 78.5 2.14 -0.04
101 87.862 68.3 2.05 0.03
102 88.456 54.6 2.19 -0.02
103 88.927 54.6 2.16 -0.04
104 89.241 39.3 2.08 -0.06
105 89.316 61.4 2.15 -0.06
106 89.814 81.9 2.08 0.01
107 90.401 109.2 2.13 0.02
108 90.852 68.3 2.11 0.08
109 91.801 95.6 2.12 0.10
110 92.593 80.2 2.10 0.07
111 92.948 47.8 2.06 0.08
112 93.309 58.0 2.10 0.13
113 93.664 64.9 2.12 0.04
114 94.019 109.2 2.14 0.04
115 94.224 61.4 2.14 -0.02
116 95.508 68.3 2.15 0.06
117 97.023 63.1 2.21 0.11
118 97.344 68.3 2.14 0.12
119 97.467 81.9 2.10 0.15
120 98.750 73.4 2.12 -0.05
121 99.037 59.7 2.07 -0.06
122 99.672 102.4 2.08 -0.01
123 100.409 105.8 2.14 -0.12
124 100.669 99.0 2.15 -0.05
125 101.706 35.8 2.16 -0.02
126 102.082 68.3 2.19 -0.02
127 102.594 81.9 2.12 0.01
128 102.969 73.4 2.19 -0.03
129 104.963 66.6 2.07 0.10
130 105.495 73.4 2.01 0.05
131 106.048 85.3 2.00 -0.01
132 106.662 71.7 2.07 0.01
133 107.270 78.5 2.06 0.00
134 109.147 68.3 2.03 0.10
135 109.837 63.1 2.12 0.03
136 111.543 61.4 2.28 0.13
137 111.851 81.9 2.30 0.03
138 112.759 61.4 2.20 0.23
139 113.475 61.4 2.17 0.18
140 114.929 75.1 2.18 0.17
141 116.363 76.8 2.11 0.23
142 117.298 102.4 2.19 0.18
143 120.131 75.1 2.00 0.29
144 121.039 80.2 2.04 0.22
145 121.743 87.0 1.93 0.18
146 122.241 64.9 1.89 0.18
147 122.787 105.8 2.09 -0.08
148 122.917 102.4 1.97 -0.02
149 126.009 70.0 2.13 0.24
150 129.013 68.3 2.17 0.24
151 130.214 88.7 1.92 0.31
152 130.972 110.9 2.23 0.29
153 132.105 75.1 2.30 0.23
154 132.549 75.1 2.22 0.29
155 132.897 83.6 2.19 0.24
156 134.160 81.9 1.94 0.36
157 136.345 64.9 2.16 0.26
158 137.608 75.1 2.16 0.20
159 137.826 63.1 2.22 0.28
160 138.113 80.2 2.17 0.27
161 139.226 44.4 2.09 0.24
162 139.581 52.9 2.08 0.22
163 142.728 97.3 2.11 0.23
164 143.690 68.3 2.13 0.28
165 144.052 81.9 2.09 0.25
166 144.680 75.1 2.05 0.24
167 145.178 68.3 2.04 0.15
168 145.547 56.3 1.98 0.21
169 146.332 122.9 2.01 0.19
170 146.489 58.0 2.06 0.18
171 147.752 116.1 2.02 0.16
172 148.626 80.2 2.03 0.10
173 149.998 39.3 1.98 0.14
174 151.916 92.2 1.93 0.13
175 152.975 80.2 1.99 0.08
176 153.159 100.7 1.97 0.08
177 153.766 88.7 2.18 0.15
178 154.558 87.0 2.08 0.03
179 154.975 129.7 1.98 0.26
180 155.302 52.9 1.96 0.24
181 160.040 68.3 2.10 0.24
182 161.986 85.3 2.03 0.22
183 163.563 88.7 2.06 0.39
184 164.136 88.7 2.04 0.38
185 165.467 81.9 1.98 0.39
186 166.348 81.9 2.05 0.30
187 166.990 58.0 2.13 0.32
188 167.734 78.5 2.14 0.28
189 170.137 61.4 2.03 0.12
190 171.092 49.5 1.96 0.22
191 171.209 51.2 2.01 0.19
192 171.884 92.2 2.02 0.18
193 172.321 81.9 2.01 0.16
194 174.260 85.3 2.08 0.15
195 174.356 97.3 2.12 0.14
196 175.605 66.6 2.06 0.16
197 175.700 58.0 2.10 0.16
198 178.035 76.8 2.07 0.23
199 178.588 75.1 2.05 0.10
200 178.684 88.7 1.99 0.10
201 180.124 81.9 1.84 0.19
202 180.923 136.5 1.85 0.23
203 181.817 78.5 1.91 0.10
204 182.821 59.7 2.03 0.16
205 183.408 75.1 1.90 0.26
206 185.920 198.0 2.03 0.32
207 186.118 34.1 2.04 0.33
208 186.698 119.5 2.00 0.38
209 186.869 75.1 2.04 0.35
210 188.617 92.2 2.03 0.25
211 190.207 56.3 2.08 0.31
212 190.569 109.2 2.03 0.28
213 191.177 75.1 2.07 0.35
214 191.470 73.4 2.03 0.26
215 191.572 78.5 2.04 0.30
216 192.576 58.0 2.05 0.36
217 192.678 64.9 2.07 0.37
218 192.767 54.6 2.07 0.38
219 192.972 102.4 2.08 0.37
220 193.136 93.9 2.10 0.39
221 194.583 66.6 2.07 0.31
222 195.313 61.4 2.05 0.35
223 196.037 116.1 2.03 0.31
224 196.160 75.1 2.08 0.31
225 196.911 58.0 1.99 0.33
226 198.140 81.9 2.10 0.28
227 201.300 46.1 2.06 0.29
228 201.423 75.1 2.11 0.29
229 203.164 95.6 2.14 0.27
230 203.335 61.4 2.13 0.32
231 203.628 71.7 2.07 0.28
232 203.963 64.9 2.17 0.24
233 205.513 75.1 2.11 0.29
234 206.284 59.7 2.08 0.31
235 206.960 51.2 2.08 0.31
236 207.308 66.6 2.10 0.22
237 207.438 64.9 2.11 0.27
238 209.895 61.4 2.10 0.27
239 211.643 68.3 2.18 0.35
240 212.039 52.9 2.11 0.23
241 212.162 39.3 2.14 0.22
242 212.756 56.3 2.15 0.26
243 212.995 81.9 2.18 0.26
244 213.206 71.7 2.16 0.23
245 214.155 42.7 2.20 0.27
246 214.401 110.9 2.21 0.28
247 215.555 81.9 2.20 0.21
248 218.586 56.3 2.15 0.27
249 220.067 71.7 2.14 0.21
250 221.446 58.0 2.24 0.21
251 221.596 63.1 2.19 0.20
252 224.812 75.1 2.27 0.24
253 225.917 88.7 2.33 0.22
254 229.153 93.9 2.22 0.20
255 229.952 70.0 2.17 0.22
256 231.679 114.3 2.15 0.18
257 232.608 61.4 2.23 0.22
258 233.700 95.6 2.25 0.21
259 236.376 59.7 2.20 0.17
260 237.140 95.6 2.19 0.20
261 237.297 85.3 2.24 0.22
262 237.932 66.6 2.23 0.23
263 238.376 85.3 2.19 0.22
264 239.066 56.3 2.21 0.19
265 239.168 81.9 2.16 0.18
266 242.069 81.9 2.23 0.18
267 242.923 88.7 2.29 0.19
268 244.977 104.1 2.15 0.18
269 245.858 25.6 2.19 0.27
270 246.118 66.6 2.16 0.29
271 248.357 54.6 2.14 0.13
272 249.859 75.1 2.18 0.22
273 250.050 71.7 2.20 0.18
274 251.265 81.9 2.29 0.13
275 251.524 51.2 2.29 0.15
276 251.893 58.0 2.20 0.19
277 253.238 61.4 2.16 0.25
278 254.043 68.3 2.12 0.24
279 255.238 56.3 2.15 0.24
280 255.286 46.1 2.09 0.25
281 255.566 88.7 2.08 0.26
282 257.156 75.1 2.20 0.23
283 257.839 95.6 2.19 0.24
284 259.464 68.3 2.22 0.14
285 259.962 92.2 2.20 0.19
286 260.160 61.4 2.18 0.19
287 261.771 61.4 2.25 0.14
288 264.072 75.1 2.12 0.08
289 265.888 71.7 2.15 0.13
290 267.396 85.3 2.09 0.04
291 267.860 104.1 2.05 0.07
292 268.297 56.3 2.09 0.10
293 269.553 61.4 2.11 0.10
294 269.676 68.3 2.10 0.09
295 270.127 80.2 2.18 0.02
296 270.632 68.3 2.13 0.00
297 270.871 61.4 2.08 0.03
298 272.441 75.1 2.07 0.01
299 273.035 68.3 2.08 -0.00
300 273.151 68.3 2.06 0.04
301 276.387 177.5 2.03 0.18
302 276.708 80.2 2.06 0.13
303 276.967 42.7 2.05 0.12
304 278.674 68.3 2.07 0.11
305 279.015 63.1 2.13 0.12
306 279.377 87.0 2.16 0.14
307 279.664 63.1 2.17 0.11
308 281.678 97.3 2.17 0.07
309 283.937 58.0 2.10 0.13
310 284.060 64.9 2.06 0.13
311 284.661 68.3 2.07 0.05
312 285.111 68.3 2.16 0.13
313 285.658 64.9 2.11 0.18
314 286.156 41.0 2.04 0.16
315 287.576 71.7 2.06 0.11
316 287.897 66.6 2.11 0.11
317 288.777 68.3 2.04 0.11
318 290.252 95.6 2.08 0.14
319 290.388 76.8 2.11 0.10
320 290.955 81.9 2.03 0.24
321 292.170 93.9 2.07 0.13
322 292.696 58.0 2.07 0.16
323 293.181 75.1 2.06 0.19
324 293.597 80.2 2.08 0.21
325 295.147 81.9 2.11 0.10
326 295.577 68.3 2.08 0.08
327 298.075 73.4 2.14 0.07
328 302.601 54.6 2.10 0.15
329 302.670 44.4 2.09 0.15
330 303.229 81.9 2.14 0.08
331 303.782 70.0 2.05 0.15
332 304.649 75.1 2.07 0.07
333 308.076 68.3 2.12 0.25
334 308.554 64.9 2.16 0.27
335 308.991 93.9 2.17 0.22
336 310.336 78.5 2.18 0.18
337 310.868 68.3 2.17 0.19
338 312.561 39.3 2.15 0.15
339 313.176 61.4 2.12 0.10
340 313.579 81.9 2.04 0.19
341 315.067 87.0 2.09 0.07
342 317.804 81.9 2.08 0.10
343 319.258 59.7 2.00 0.08
344 319.709 71.7 2.00 0.10
345 321.375 81.9 2.06 0.12
346 321.866 160.4 1.97 0.06
347 322.406 102.4 2.01 0.07
348 323.020 75.1 2.03 0.07
349 324.112 42.7 1.90 0.07
350 324.836 64.9 2.00 0.12
351 325.054 88.7 1.90 0.13
352 325.491 46.1 1.88 0.10
353 327.027 83.6 1.93 0.13
354 327.246 41.0 1.92 0.10
355 327.382 163.8 1.89 0.11
356 327.928 46.1 1.79 0.15
357 328.092 85.3 1.90 0.14
358 328.215 81.9 1.99 0.09
359 328.358 81.9 1.97 0.13
360 329.178 54.6 1.91 0.14
361 329.635 92.2 1.86 0.12
362 331.191 85.3 1.98 0.17
363 333.629 100.7 1.98 0.01
364 334.653 112.6 2.01 0.05
365 335.260 49.5 1.99 0.17
366 335.861 42.7 1.97 0.16
367 337.943 73.4 1.93 0.19
368 344.606 88.7 1.82 0.06
369 345.015 64.9 1.88 0.03
370 345.289 52.9 1.93 0.06
371 345.562 78.5 1.87 0.13
372 345.992 73.4 1.87 0.09
373 346.435 95.6 1.87 0.06
374 347.678 102.4 1.89 0.03
375 349.637 58.0 1.93 0.04
376 349.890 122.9 1.87 0.09
377 350.333 59.7 1.87 0.02
378 350.579 81.9 1.92 0.05
379 351.521 81.9 1.87 -0.03
380 351.678 88.7 1.90 -0.06
381 354.088 102.4 1.86 -0.05
382 354.354 59.7 1.95 -0.06
383 355.535 160.4 2.12 -0.00
384 356.232 68.3 1.98 0.03
385 356.382 75.1 1.91 0.10
386 358.273 76.8 2.00 -0.05
387 358.880 61.4 2.06 -0.09
388 358.969 59.7 2.07 -0.12
389 360.321 47.8 1.99 0.06
390 361.611 63.1 2.02 -0.02
391 362.000 75.1 1.92 -0.09
392 362.621 104.1 1.94 -0.06
393 363.564 73.4 1.97 0.04
394 364.826 81.9 1.89 -0.01
395 365.093 63.1 2.00 -0.10
396 366.554 52.9 1.98 -0.06
397 366.615 47.8 1.96 -0.06
398 367.264 126.3 1.98 0.05
399 369.551 88.7 1.91 -0.08
400 370.868 78.5 1.93 -0.01
401 372.937 87.0 1.89 -0.07
402 374.111 75.1 1.83 0.15
403 374.909 68.3 1.87 0.10
404 376.077 39.3 1.80 -0.02
405 376.166 107.5 1.85 -0.06
406 376.732 88.7 1.82 -0.04
407 377.661 64.9 1.89 -0.01
408 378.364 47.8 2.08 0.10
409 379.988 88.7 1.88 -0.07
410 381.388 76.8 2.02 -0.08
411 381.702 105.8 2.01 0.05
412 382.569 88.7 1.98 -0.09
413 382.938 191.1 1.89 -0.09
414 383.538 75.1 1.78 -0.13
415 383.661 85.3 1.86 -0.13
416 384.392 71.7 1.92 -0.07
417 385.293 88.7 1.92 0.07
418 385.457 81.9 1.79 -0.04
419 386.754 64.9 1.81 0.02
420 391.758 81.9 1.99 0.29
421 392.870 70.0 2.08 -0.01
422 394.468 102.4 1.79 0.29
423 396.120 99.0 1.85 0.07
424 397.219 88.7 1.79 -0.05
425 398.741 95.6 1.78 0.07
426 400.687 116.1 1.83 0.07
427 402.557 95.6 1.81 0.07
428 402.865 121.2 2.15 0.09
429 403.076 76.8 2.06 0.14
430 404.196 104.1 2.15 0.09
431 405.991 46.1 2.08 0.08
432 406.087 54.6 1.95 0.15
433 406.769 117.8 2.04 0.13
434 407.425 109.2 2.07 0.13
435 408.988 54.6 2.07 0.18
436 409.063 54.6 2.04 0.18
437 409.446 52.9 2.11 0.21
438 410.033 104.1 2.07 0.19
439 410.278 58.0 2.04 0.19
440 410.463 68.3 2.11 0.18
441 412.169 63.1 2.06 0.18
442 412.743 112.6 2.03 0.19
443 414.777 136.5 2.04 0.14
444 415.084 129.7 2.10 0.14
445 415.596 133.1 2.03 0.18
446 415.740 114.3 2.02 0.21
447 416.054 56.3 2.07 0.19
448 416.416 59.7 2.07 0.19
449 416.934 75.1 2.11 0.18
450 417.344 122.9 2.05 0.16
451 417.569 136.5 2.02 0.17
452 419.290 66.6 1.98 0.12
453 420.375 92.2 2.04 0.06
454 421.078 75.1 2.08 0.10
455 421.215 95.6 2.16 0.17
456 423.508 71.7 2.13 0.20
457 423.904 81.9 2.13 0.22
458 424.894 68.3 2.13 0.07
459 425.638 102.4 2.14 0.18
460 427.864 81.9 2.09 0.20
461 429.140 81.9 2.02 0.24
462 429.967 88.7 2.02 0.20
463 430.438 80.2 1.98 0.21
464 430.786 88.7 1.90 0.19
465 431.728 71.7 2.08 0.19
466 432.581 172.4 2.16 0.21
467 436.199 90.5 1.89 0.19
468 437.749 61.4 1.90 0.08
469 438.316 46.1 1.92 0.09
470 439.968 61.4 1.94 0.13
471 441.606 81.9 1.92 0.26
472 445.531 51.2 2.02 0.24
473 447.026 75.1 2.00 0.25
474 447.136 66.6 2.02 0.25
475 450.706 61.4 1.98 0.23
476 450.829 35.8 1.95 0.26
477 451.122 75.1 2.00 0.25
478 452.652 88.7 2.03 0.19
479 454.385 116.1 2.12 0.10
480 454.693 75.1 2.08 0.09
481 454.836 122.9 2.06 0.13
482 455.532 49.5 2.06 0.19
483 456.044 61.4 1.98 0.25
484 456.509 102.4 1.91 0.20
485 457.157 133.1 1.97 0.12
486 457.751 34.1 1.88 0.14
487 460.721 81.9 1.96 0.19
488 461.321 66.6 2.01 0.26
489 462.673 75.1 2.12 -0.00
490 463.615 87.0 2.10 -0.01
491 464.721 61.4 2.10 0.09
492 466.032 80.2 2.00 0.04
493 467.670 64.9 2.03 0.09
494 468.797 88.7 1.88 0.18
495 469.131 81.9 2.00 0.20
496 469.950 75.1 2.04 0.10
497 471.124 73.4 1.93 0.03
498 471.889 136.5 1.92 0.09
499 473.425 136.5 2.00 0.17
500 473.821 95.6 1.97 0.19
501 474.449 58.0 1.91 0.24
502 475.323 88.7 1.98 0.08
503 475.814 52.9 2.02 0.17
504 476.333 196.3 2.07 0.22
505 478.525 167.3 1.87 0.20
506 478.866 81.9 1.92 0.18
507 481.091 64.9 1.88 0.14
508 481.556 95.6 1.90 0.16
509 481.849 122.9 1.93 0.09
510 482.259 64.9 1.89 0.06
511 483.904 93.9 1.85 0.17
512 485.215 102.4 1.96 0.25
513 487.863 75.1 1.91 0.01
514 488.307 59.7 1.86 -0.05
515 488.744 78.5 1.77 0.07
516 489.010 37.5 1.90 0.11
517 490.225 70.0 1.81 0.04
518 491.905 95.6 1.85 -0.08
519 492.710 141.7 1.83 0.03
520 493.140 116.1 1.80 0.07
521 493.803 81.9 1.73 0.14
522 495.564 92.2 1.75 0.17
523 495.721 81.9 1.76 0.16
524 497.489 70.0 1.76 0.06
525 497.967 32.4 1.91 0.03
526 498.151 90.5 1.76 0.09
527 503.319 95.6 1.66 0.10
528 504.357 122.9 1.71 0.20
529 505.237 61.4 1.71 0.18
530 505.360 83.6 1.81 0.18
531 505.510 63.1 1.79 0.04
532 507.238 81.9 1.84 0.04
533 508.801 109.2 1.74 -0.01
534 509.204 44.4 1.81 -0.10
535 509.251 34.1 1.72 -0.10
536 509.504 56.3 1.77 -0.04
537 509.702 51.2 1.61 0.06
538 510.275 85.3 1.79 -0.06
539 511.252 58.0 1.82 -0.08
540 512.788 76.8 1.71 -0.07
541 513.709 68.3 1.68 0.05
542 516.399 81.9 1.64 0.06
543 518.713 58.0 1.64 0.07
544 519.355 88.7 1.63 0.04
545 520.707 47.8 1.74 -0.11
546 520.782 63.1 1.70 -0.11
547 522.604 85.3 1.72 0.00
548 523.649 81.9 1.59 0.14
549 524.734 92.2 1.49 0.11
550 525.246 97.3 1.51 0.11
551 525.670 68.3 1.63 0.09
552 530.994 95.6 1.72 -0.03
553 531.172 97.3 1.81 -0.03
554 532.585 52.9 1.81 0.06
555 534.701 63.1 1.87 -0.01
556 534.763 47.8 1.72 -0.01
557 535.691 70.0 1.76 -0.06
558 538.272 64.9 2.13 0.17
559 540.511 75.1 2.09 0.16
560 540.982 76.8 2.10 0.22
561 541.753 78.5 2.06 0.23
562 543.904 81.9 1.97 0.23
563 544.996 61.4 2.16 0.26
564 545.337 75.1 2.19 0.22
565 545.556 75.1 2.17 0.25
566 546.498 81.9 2.15 0.22
567 547.057 49.5 2.07 0.27
568 547.167 37.5 1.99 0.28
569 547.713 88.7 2.24 0.21
570 549.706 85.3 2.09 0.19
571 550.102 70.0 1.99 0.04
572 552.655 59.7 1.86 0.04
573 552.806 63.1 1.79 -0.05
574 553.038 90.5 1.87 -0.08
575 554.335 73.4 2.00 -0.14
576 555.741 78.5 1.87 -0.13
577 555.837 51.2 1.84 0.09
578 556.321 102.4 1.98 0.05
579 558.130 80.2 1.96 0.05
580 558.895 112.6 1.90 0.25
581 559.332 92.2 2.08 0.29
582 561.387 68.3 2.23 0.12
583 561.619 83.6 2.20 0.14
584 561.735 35.8 2.15 0.17
585 561.783 52.9 2.26 0.20
586 563.298 47.8 2.24 0.18
587 563.373 66.6 2.28 0.19
588 563.585 52.9 2.30 0.20
589 565.810 34.1 2.20 0.25
590 566.623 75.1 2.18 0.24
591 567.012 70.0 2.15 0.27
592 567.606 83.6 2.04 0.15
593 568.316 129.7 2.01 0.12
594 568.521 116.1 2.07 0.01
595 570.507 81.9 2.14 0.13
596 570.650 88.7 2.05 -0.01
597 571.306 64.9 2.25 0.13
598 571.756 81.9 2.23 0.11
599 572.842 126.3 2.22 0.23
600 574.146 70.0 2.13 0.11
601 574.255 68.3 2.19 0.11
602 574.910 95.6 2.12 0.10
603 576.330 73.4 2.27 0.24
604 576.501 54.6 2.19 0.23
605 577.341 49.5 2.26 0.24
606 577.511 44.4 2.14 0.19
607 578.631 75.1 2.16 0.20
608 579.662 68.3 2.08 0.28
609 580.372 58.0 2.13 0.31
610 581.293 68.3 2.16 0.27
611 582.556 61.4 2.19 0.29
612 583.082 90.5 2.19 0.24
613 584.283 37.5 2.22 0.20
614 586.789 49.5 2.15 0.14
615 586.857 63.1 2.16 0.12
616 587.492 87.0 2.13 0.14
617 587.622 71.7 2.12 0.29
618 587.874 63.1 2.14 0.28
619 590.714 37.5 2.20 0.26
620 591.247 75.1 2.15 0.30
621 592.796 64.9 2.20 0.26
622 593.520 52.9 2.22 0.23
623 596.203 150.2 2.00 0.03
624 597.711 56.3 2.12 0.07
625 598.831 75.1 2.07 0.07
626 599.056 37.5 2.08 0.08
627 599.589 139.9 2.11 0.12
628 600.387 61.4 2.14 0.10
629 601.132 75.1 2.16 0.14
630 601.869 73.4 2.18 0.14
631 602.947 59.7 2.18 0.15
632 604.210 51.2 2.18 0.16
633 604.470 56.3 2.17 0.17
634 605.985 95.6 2.27 0.22
635 606.183 87.0 2.23 0.22
636 608.545 56.3 2.13 0.05
637 611.453 95.6 2.15 0.11
638 611.856 68.3 2.21 0.05
639 612.225 63.1 2.26 0.09
640 612.457 54.6 2.24 0.05
641 612.587 75.1 2.21 0.05
642 614.935 81.9 2.13 0.05
643 615.317 59.7 2.14 0.05
644 616.096 75.1 2.22 0.05
645 616.580 54.6 2.14 0.12
646 617.085 150.2 2.10 0.05
647 618.546 73.4 2.11 0.03
648 619.734 88.7 2.21 0.11
649 620.820 81.9 2.18 0.01
650 622.868 88.7 2.20 0.16
651 623.107 88.7 2.19 0.18
652 625.325 81.9 2.29 0.09
653 627.421 47.8 2.08 0.20
654 628.138 59.7 2.11 0.22
655 629.230 88.7 2.11 0.15
656 631.114 35.8 2.13 -0.02
657 631.346 93.9 2.13 0.04
658 631.558 66.6 2.16 0.14
659 632.159 105.8 2.24 0.16
660 632.486 104.1 2.19 0.12
661 633.087 88.7 2.17 0.14
662 634.794 81.9 2.16 0.10
663 634.964 68.3 2.12 0.06
664 636.241 75.1 2.11 0.11
665 636.569 58.0 2.11 0.13
666 637.142 90.5 2.08 0.12
667 637.791 58.0 2.10 0.08
668 639.136 75.1 2.08 0.01
669 639.477 64.9 2.11 0.00
670 640.590 58.0 2.06 0.04
671 640.863 81.9 2.07 0.03
672 641.040 81.9 2.10 -0.02
673 642.044 68.3 2.13 0.00
674 642.890 71.7 2.16 0.06
675 644.003 122.9 2.11 0.12
676 644.754 198.0 2.11 0.12
677 645.696 95.6 2.13 0.10
678 648.099 95.6 2.06 0.04
679 648.447 71.7 2.03 0.06
680 649.062 49.5 2.06 0.05
681 649.655 109.2 2.12 0.04
682 649.894 75.1 2.16 0.06
683 650.058 81.9 2.15 0.04
684 650.263 58.0 2.15 0.09
685 650.441 76.8 2.23 0.08
686 651.410 75.1 2.22 0.11
687 652.570 44.4 2.21 0.12
688 653.212 81.9 2.18 0.11
689 653.417 37.5 2.16 0.06
690 653.601 75.1 2.20 0.12
691 653.799 143.4 2.19 0.16
692 654.045 49.5 2.18 0.14
693 655.035 121.2 2.19 0.14
694 655.404 75.1 2.19 0.17
695 655.499 71.7 2.20 0.15
696 658.284 116.1 2.13 0.11
697 658.407 95.6 2.09 0.13
698 659.513 75.1 2.19 0.16
699 659.670 71.7 2.19 0.16
700 660.025 46.1 2.17 0.12
701 660.285 81.9 2.21 0.11
702 660.660 119.5 2.18 0.15
703 660.947 66.6 2.12 0.19
704 663.056 90.5 2.08 0.10
705 664.824 63.1 2.06 0.08
706 665.746 92.2 2.08 0.07
707 666.572 75.1 2.09 0.09
708 668.087 68.3 1.94 0.11
709 670.238 116.1 2.04 0.07
710 673.590 58.0 2.09 0.16
711 673.986 85.3 2.12 0.17
712 674.361 81.9 2.13 0.19
713 674.948 81.9 1.97 0.12
714 675.283 102.4 2.05 0.14
715 675.624 68.3 2.14 0.20
716 676.054 64.9 2.13 0.14
717 678.553 68.3 2.10 0.09
718 678.778 102.4 2.05 0.09
719 679.468 75.1 2.06 0.11
720 679.904 73.4 2.07 0.20
721 680.669 97.3 2.06 0.04
722 680.956 63.1 2.07 -0.00
723 681.092 44.4 2.04 0.01
724 681.249 97.3 2.06 -0.05
725 681.980 114.3 2.07 -0.06
726 682.901 44.4 2.00 0.03
727 683.618 70.0 2.05 0.02
728 684.915 92.2 1.97 0.08
729 685.154 56.3 1.96 -0.01
730 685.584 88.7 1.91 -0.01
731 685.919 75.1 2.02 -0.00
732 687.223 66.6 1.92 0.02
733 687.612 83.6 2.06 0.16
734 688.841 81.9 1.90 0.08
735 690.131 61.4 1.95 0.05
736 690.465 76.8 1.93 0.05
737 690.889 63.1 1.91 0.06
738 691.967 95.6 1.84 0.06
739 693.025 75.1 1.87 0.02
740 693.141 63.1 1.92 0.09
741 693.271 75.1 1.94 0.10
742 693.449 44.4 2.01 0.01
743 694.828 39.3 2.05 0.12
744 695.271 61.4 2.03 0.10
745 696.814 75.1 2.02 0.08
746 696.910 68.3 2.05 0.12
747 698.480 75.1 2.02 0.11
748 701.395 97.3 1.85 -0.10
749 701.798 76.8 1.75 -0.05
750 701.927 75.1 1.75 -0.05
751 702.439 54.6 1.68 -0.00
752 703.757 95.6 1.81 0.17
753 703.914 81.9 1.79 0.17
754 704.542 64.9 1.91 0.12
755 705.068 88.7 1.92 0.18
756 706.146 136.5 1.96 0.10
757 707.532 119.5 1.89 0.08
758 707.791 80.2 1.88 0.09
759 709.430 95.6 1.75 -0.14
760 709.962 71.7 1.81 -0.02
761 710.645 87.0 1.91 0.08
762 711.014 59.7 1.97 0.18
763 713.539 81.9 2.02 0.06
764 713.874 122.9 2.11 0.10
765 714.454 54.6 2.11 0.05
766 715.608 85.3 2.10 0.02
767 718.031 61.4 2.00 0.01
768 718.127 56.3 2.15 0.14
769 719.533 81.9 2.14 0.14
770 721.998 73.4 2.09 0.12
771 722.196 66.6 2.07 0.09
772 723.001 102.4 2.05 0.08
773 723.397 102.4 2.11 0.07
774 725.520 76.8 2.08 0.15
775 725.595 58.0 2.07 0.15
776 726.817 80.2 2.09 0.11
777 726.933 109.2 2.07 0.12
778 727.834 78.5 2.04 0.14
779 728.920 73.4 1.95 -0.07
780 729.780 78.5 1.88 -0.09
781 729.882 78.5 1.96 -0.07
782 730.176 68.3 1.94 -0.08
783 730.859 63.1 2.02 -0.02
784 732.347 88.7 2.15 0.07
785 733.999 81.9 2.13 0.16
786 735.658 80.2 2.07 0.20
787 736.825 46.1 2.01 0.18
788 736.969 39.3 2.00 0.15
789 737.146 58.0 2.03 0.10
790 738.580 117.8 2.11 0.12
791 739.262 76.8 2.08 0.13
792 739.508 102.4 2.03 0.05
793 739.836 81.9 1.97 0.07
794 740.198 51.2 1.99 0.07
795 740.279 59.7 1.96 0.10
796 743.351 141.7 2.08 0.07
797 744.239 30.7 2.08 0.02
798 748.198 95.6 2.12 0.10
799 748.594 95.6 2.08 0.13
800 748.833 49.5 2.13 0.10
801 749.195 42.7 2.08 0.11
802 749.250 23.9 2.08 0.10
803 749.953 58.0 2.18 0.19
804 751.646 92.2 2.19 0.10
805 751.885 66.6 2.16 0.12
806 752.288 64.9 2.16 0.06
807 752.486 71.7 2.21 0.09
808 752.963 56.3 2.17 0.12
809 753.387 73.4 2.14 0.12
810 753.762 49.5 2.17 0.18
811 753.865 68.3 2.16 0.18
812 754.336 42.7 2.16 0.18
813 755.496 49.5 2.11 0.20
814 755.783 75.1 2.04 0.20
815 756.008 68.3 2.15 0.19
816 756.561 88.7 2.09 0.16
817 757.367 71.7 2.07 0.26
818 758.370 23.9 2.10 0.24
819 758.418 30.7 2.10 0.22
820 758.944 44.4 2.03 0.14
821 761.149 121.2 2.07 0.15
822 761.340 116.1 2.05 0.17
823 761.565 105.8 2.12 0.16
824 762.186 49.5 2.06 0.16
825 763.688 78.5 2.05 0.11
826 764.767 63.1 2.09 0.08
827 766.514 78.5 2.10 0.15
828 766.746 64.9 2.14 0.15
829 767.791 97.3 2.07 0.04
830 769.764 49.5 2.06 0.11
831 772.358 70.0 2.12 0.06
832 773.416 286.7 2.13 0.09
833 776.809 95.6 2.13 0.10
834 777.526 58.0 2.08 0.22
835 778.311 58.0 2.12 0.17
836 778.905 64.9 2.18 0.12
837 779.267 70.0 2.15 0.09
838 779.854 68.3 2.16 0.17
839 780.844 143.4 2.13 0.13
840 781.199 66.6 2.10 0.15
841 781.642 92.2 2.14 0.16
842 782.994 46.1 2.16 0.13
843 784.851 58.0 2.16 0.15
844 787.540 75.1 2.09 0.11
845 787.916 75.1 2.09 0.12
846 788.483 145.1 2.14 0.13
847 788.988 75.1 2.08 0.07
848 790.203 75.1 2.03 0.10
849 790.879 97.3 2.08 0.07
850 791.807 75.1 2.14 0.14
851 792.415 78.5 2.21 0.09
852 793.241 88.7 2.14 0.07
853 795.248 63.1 2.13 0.04
854 795.541 58.0 2.08 0.05
855 795.616 61.4 2.15 0.06
856 796.811 75.1 2.16 0.01
857 797.439 35.8 2.11 -0.05
858 799.105 85.3 2.01 0.20
859 799.344 56.3 2.01 0.16
860 800.852 54.6 1.94 0.09
861 801.044 51.2 2.00 0.17
862 802.634 167.3 1.96 0.22
863 803.959 95.6 1.98 0.22
864 804.976 93.9 1.99 0.16
865 807.850 75.1 2.00 0.15
866 808.171 97.3 1.98 0.05
867 808.853 63.1 1.94 0.11
868 810.062 102.4 1.91 0.01
869 810.594 75.1 1.91 0.24
870 811.079 93.9 1.91 0.12
871 812.615 85.3 1.81 0.20
872 814.895 68.3 1.86 0.18
873 817.783 68.3 1.90 0.07
874 818.923 107.5 2.00 0.18
875 819.694 92.2 1.79 0.20
876 819.981 88.7 1.96 0.12
877 820.568 81.9 2.01 0.09
878 820.889 93.9 2.05 0.04
879 822.527 66.6 2.01 0.05
880 824.384 136.5 2.17 0.11
881 824.534 88.7 2.04 0.11
882 825.715 95.6 1.97 0.10
883 826.575 54.6 1.96 0.21
884 828.569 75.1 1.97 0.13
885 829.381 99.0 1.99 0.05
886 833.122 75.1 2.02 0.16
887 835.238 110.9 1.95 0.20
888 836.324 102.4 1.87 0.08
889 837.191 64.9 1.91 0.10
890 839.409 102.4 1.83 0.18
891 839.560 81.9 1.87 0.17
892 840.556 75.1 1.86 0.16
893 840.741 71.7 1.93 0.19
894 842.222 88.7 1.81 0.25
895 843.888 81.9 1.69 0.25
896 844.714 88.7 1.66 0.10
897 848.960 70.0 1.86 0.08
898 850.223 157.0 1.76 0.04
899 851.117 136.5 1.59 0.13
900 851.493 71.7 1.55 0.05
901 851.950 78.5 1.72 0.36
902 852.510 87.0 1.55 0.28
903 854.278 44.4 1.55 0.21
904 854.353 63.1 1.52 0.21
905 854.790 119.5 1.66 0.19
906 855.848 71.7 1.72 0.27
907 857.015 99.0 1.70 0.17
908 857.507 75.1 1.72 0.05
909 858.367 95.6 1.73 0.16
910 858.702 68.3 1.74 0.08
911 860.388 68.3 1.81 0.13
912 861.234 68.3 1.69 0.25
913 861.931 81.9 1.71 0.28
914 863.562 102.4 1.72 0.25
915 864.033 75.1 1.77 0.14
916 864.614 78.5 1.89 -0.02
917 865.815 88.7 1.74 0.10
918 866.791 75.1 1.71 0.09
919 867.303 25.6 1.85 0.12
920 867.645 70.0 1.74 0.19
921 868.150 85.3 1.85 0.12
922 869.611 58.0 1.79 0.32
923 870.082 81.9 1.97 0.25
924 872.335 75.1 1.94 0.30
925 873.085 61.4 1.77 0.23
926 874.628 85.3 1.78 0.30
927 875.912 51.2 1.86 0.31
928 877.741 71.7 1.98 0.24
929 878.765 102.4 2.03 0.16
930 879.496 61.4 1.88 0.12
931 879.700 83.6 1.87 0.11
932 880.151 104.1 1.78 0.25
933 880.602 42.7 1.90 0.30
934 883.080 63.1 1.80 0.46
935 883.387 76.8 1.98 0.36
936 883.953 75.1 2.10 0.12
937 884.506 68.3 2.09 -0.17
938 889.981 122.9 1.92 0.29
939 890.118 68.3 1.87 0.28
940 892.180 95.6 1.62 0.37
941 892.651 88.7 1.83 0.47
942 893.538 81.9 1.87 0.36
943 894.091 81.9 2.00 0.31
944 894.262 80.2 2.01 0.31
945 894.576 61.4 1.94 0.29
946 894.801 75.1 1.95 0.38
947 897.655 88.7 1.91 0.28
948 897.907 76.8 1.96 0.34
949 897.996 76.8 1.95 0.34
950 898.146 64.9 1.91 0.34
951 898.447 150.2 1.99 0.21
952 899.921 75.1 1.97 0.18
953 901.621 61.4 1.99 0.13
954 902.966 66.6 2.00 0.13
955 905.055 109.2 1.87 0.11
956 906.188 64.9 2.08 0.20
957 906.864 81.9 2.03 0.27
958 906.987 75.1 2.06 0.27
959 909.902 88.7 1.78 0.29
960 911.786 105.8 2.01 0.23
961 912.230 58.0 1.98 0.38
962 913.260 102.4 1.96 0.19
963 914.605 100.7 1.87 0.19
964 915.028 64.9 1.88 0.12
965 915.513 56.3 1.94 0.28
966 915.752 88.7 1.98 0.13
967 916.230 92.2 1.98 0.10
968 916.858 70.0 1.99 0.02
969 918.046 35.8 1.90 0.03
970 918.217 88.7 1.85 0.13
971 918.913 109.2 2.00 0.20
972 919.575 51.2 2.04 0.20
973 920.224 66.6 2.04 0.25
974 920.360 76.8 2.03 0.16
975 920.620 37.5 1.98 0.32
976 922.620 143.4 1.81 -0.01
977 923.439 81.9 1.87 0.07
978 923.808 73.4 1.82 0.03
979 924.436 97.3 1.81 0.07
980 925.057 63.1 1.85 -0.05
981 925.118 46.1 1.87 -0.04
982 925.664 68.3 1.73 0.02
983 925.842 85.3 1.73 -0.01
984 927.200 47.8 1.85 0.03
985 927.357 136.5 1.89 0.13
986 928.013 81.9 1.96 0.05
987 929.194 80.2 1.94 -0.14
988 929.692 129.7 1.81 -0.10
989 930.825 56.3 1.80 -0.14
990 931.051 95.6 1.83 0.02
991 932.846 75.1 1.90 -0.01
992 933.624 71.7 1.85 0.08
993 933.911 88.7 1.68 -0.05
994 934.546 46.1 1.76 0.08
995 935.290 47.8 1.84 -0.16
996 935.433 75.1 1.75 -0.09
997 935.809 78.5 1.78 -0.07
998 937.393 104.1 1.69 -0.05
999 938.171 162.1 1.74 0.03
1000 938.710 75.1 1.69 -0.07
1001 938.806 78.5 1.71 -0.14
1002 942.103 145.1 1.70 0.12
1003 942.997 88.7 2.00 -0.13
1004 944.055 121.2 2.10 -0.12
1005 944.697 75.1 2.16 -0.12
1006 945.298 68.3 2.08 -0.09
1007 945.714 119.5 1.92 -0.11
1008 946.479 61.4 2.01 -0.09
1009 947.305 71.7 2.06 -0.04
1010 947.517 64.9 2.01 -0.07
1011 949.073 81.9 2.01 -0.07
1012 949.367 68.3 2.20 -0.10
1013 949.810 81.9 2.11 -0.15
1014 950.322 88.7 2.00 -0.03
1015 950.432 88.7 2.14 -0.03
1016 950.855 92.2 2.08 -0.05
1017 953.831 85.3 1.95 -0.05
1018 954.091 85.3 1.98 -0.00
1019 954.862 99.0 2.05 -0.04
1020 955.005 81.9 1.96 0.07
1021 955.197 49.5 2.11 -0.08
1022 955.961 68.3 2.01 -0.06
1023 956.466 81.9 2.03 0.05
1024 956.944 78.5 1.93 0.13
1025 957.402 88.7 2.06 0.03
1026 959.511 73.4 1.97 -0.10
1027 961.265 71.7 1.73 0.25
1028 962.139 138.2 1.65 0.27
1029 969.225 97.3 1.75 0.14
1030 969.628 76.8 1.66 0.06
1031 970.427 58.0 1.72 -0.12
1032 970.884 68.3 1.75 -0.04
1033 970.987 68.3 1.81 0.01
1034 971.226 95.6 1.84 -0.01
1035 971.703 68.3 1.82 -0.07
1036 974.052 75.1 1.89 0.08
1037 976.462 61.4 1.87 0.17
1038 976.728 81.9 1.85 0.19
1039 977.417 56.3 1.97 0.10
1040 978.489 122.9 1.92 0.16
1041 978.680 61.4 1.95 0.11
1042 979.281 68.3 2.07 0.22
1043 979.411 70.0 1.97 0.24
1044 979.895 110.9 2.00 0.24
1045 980.387 116.1 2.03 0.19
1046 982.169 95.6 2.10 0.22
1047 985.841 81.9 1.92 -0.05
1048 987.098 75.1 1.94 0.14
1049 992.047 73.4 2.15 0.25
1050 993.078 80.2 2.12 0.30
1051 995.078 88.7 2.11 0.32
1052 995.959 41.0 2.00 0.31
1053 996.771 81.9 2.06 0.19
1054 999.638 71.7 2.14 0.37
1055 1000.792 136.5 1.97 0.34
1056 1003.106 122.9 2.09 0.41
1057 1003.304 32.4 2.13 0.44
1058 1003.584 85.3 2.15 0.42
1059 1004.157 64.9 2.13 0.35
1060 1005.113 85.3 2.20 0.40
1061 1005.243 64.9 1.88 0.33
1062 1006.526 68.3 2.21 0.25
1063 1008.274 81.9 2.11 0.32
1064 1008.963 66.6 2.11 0.36
1065 1009.912 75.1 2.18 0.31
1066 1010.752 61.4 2.20 0.30
1067 1011.319 88.7 2.20 0.26
1068 1012.213 46.1 2.28 0.25
1069 1012.520 44.4 2.18 0.25
1070 1012.827 61.4 2.23 0.24
1071 1013.394 51.2 2.19 0.25
1072 1013.503 61.4 2.23 0.25
1073 1014.991 73.4 2.13 0.29
1074 1015.817 63.1 2.23 0.23
1075 1016.015 61.4 2.22 0.26
1076 1016.234 64.9 2.26 0.26
1077 1016.848 129.7 2.22 0.23
1078 1016.992 68.3 2.22 0.37
1079 1019.340 46.1 2.20 0.34
1080 1019.463 64.9 2.21 0.38
1081 1019.872 59.7 2.23 0.33
1082 1020.330 78.5 2.20 0.31
1083 1020.473 56.3 2.23 0.28
1084 1020.842 75.1 2.22 0.30
1085 1021.443 88.7 2.10 0.32
1086 1022.002 66.6 2.18 0.37
1087 1024.351 68.3 2.08 0.27
1088 1025.477 68.3 2.12 0.25
1089 1026.283 102.4 2.04 0.23
1090 1026.467 63.1 2.09 0.23
1091 1027.320 88.7 2.08 0.28
1092 1027.443 56.3 2.10 0.24
1093 1028.809 64.9 2.03 0.25
1094 1029.839 92.2 2.09 0.36
1095 1030.631 56.3 2.19 0.33
1096 1031.362 37.5 2.18 0.35
1097 1032.085 59.7 2.19 0.32
1098 1032.550 56.3 2.16 0.41
1099 1032.952 73.4 2.16 0.39
1100 1034.679 54.6 2.23 0.45
1101 1036.072 39.3 2.12 0.33
1102 1036.475 81.9 2.09 0.29
1103 1036.611 58.0 2.04 0.28
1104 1037.581 52.9 2.06 0.25
1105 1039.308 71.7 2.05 0.21
1106 1039.397 70.0 2.10 0.17
1107 1039.888 180.9 2.05 0.34
1108 1040.284 75.1 2.10 0.26
1109 1040.428 81.9 2.29 0.28
1110 1040.994 87.0 2.26 0.19
1111 1043.527 70.0 2.02 0.25
1112 1044.373 81.9 2.15 0.24
1113 1045.049 143.4 2.17 0.19
1114 1045.309 76.8 2.16 0.24
1115 1045.391 73.4 2.15 0.24
1116 1046.585 99.0 2.16 0.19
1117 1047.459 75.1 2.14 0.20
1118 1048.456 68.3 2.10 0.20
1119 1049.623 49.5 2.09 0.23
1120 1050.190 64.9 2.05 0.32
1121 1051.268 109.2 2.12 0.26
1122 1052.197 64.9 2.09 0.25
1123 1052.668 58.0 2.12 0.26
1124 1052.900 47.8 2.14 0.21
1125 1053.077 116.1 2.17 0.23
1126 1053.323 68.3 2.13 0.21
1127 1053.583 41.0 2.14 0.20
1128 1053.815 59.7 2.14 0.20
1129 1056.600 75.1 2.06 0.22
1130 1057.549 61.4 2.19 0.15
1131 1059.310 85.3 2.16 0.23
1132 1060.423 42.7 2.11 0.06
1133 1060.696 68.3 2.09 0.09
1134 1061.010 42.7 2.22 0.11
1135 1061.140 64.9 2.10 0.11
1136 1061.938 75.1 2.19 0.14
1137 1062.976 75.1 2.22 0.13
1138 1063.918 136.5 2.22 0.08
1139 1064.307 30.7 2.15 0.03
1140 1064.416 75.1 2.19 0.12
1141 1065.652 61.4 2.26 0.18
1142 1067.338 59.7 2.09 0.19
1143 1068.956 68.3 2.12 0.13
1144 1070.595 51.2 2.15 0.09
1145 1070.731 93.9 2.11 0.09
1146 1071.352 87.0 2.13 0.09
1147 1073.551 81.9 2.11 0.09
1148 1075.476 68.3 2.08 0.08
1149 1077.619 52.9 1.96 0.14
1150 1078.234 80.2 2.19 0.04
1151 1079.968 52.9 2.11 0.02
1152 1080.814 88.7 2.11 -0.02
1153 1081.026 56.3 2.08 -0.01
1154 1081.463 70.0 2.15 0.00
1155 1083.572 81.9 1.98 -0.01
1156 1084.111 68.3 2.08 -0.02
1157 1084.357 162.1 2.08 -0.03
1158 1084.630 88.7 2.03 0.04
1159 1084.815 90.5 2.01 -0.03
1160 1086.084 66.6 2.05 -0.02
1161 1087.866 75.1 2.06 0.06
1162 1088.747 102.4 2.05 0.10
1163 1089.989 129.7 2.06 0.12
1164 1091.238 75.1 2.06 0.13
1165 1093.382 68.3 2.00 0.02
1166 1093.498 68.3 1.93 0.05
1167 1094.249 80.2 1.99 0.01
1168 1094.679 32.4 2.03 0.07
1169 1095.123 73.4 1.99 0.07
1170 1095.744 51.2 1.95 0.03
1171 1095.908 102.4 2.01 0.03
1172 1096.509 68.3 2.05 -0.04
1173 1099.362 88.7 2.09 -0.03
1174 1101.499 42.7 2.02 -0.00
1175 1101.615 97.3 2.07 -0.03
1176 1102.263 75.1 2.02 0.08
1177 1103.001 71.7 2.04 -0.04
1178 1103.158 73.4 2.05 -0.02
1179 1103.902 58.0 2.02 -0.08
1180 1104.823 105.8 2.04 -0.02
1181 1105.097 63.1 2.04 -0.05
1182 1105.909 88.7 1.96 -0.09
1183 1107.766 95.6 2.08 -0.05
1184 1108.271 58.0 2.01 -0.10
1185 1108.633 78.5 2.02 -0.09
1186 1108.988 51.2 1.98 -0.07
1187 1110.114 81.9 2.01 -0.14
1188 1111.418 68.3 2.13 -0.11
1189 1113.097 95.6 2.02 0.16
1190 1113.691 68.3 2.08 0.10
1191 1115.111 107.5 2.14 0.08
1192 1115.869 88.7 2.05 0.05
1193 1117.562 47.8 1.94 0.02
1194 1118.409 41.0 1.88 -0.08
1195 1118.620 68.3 1.91 -0.16
1196 1119.651 81.9 2.09 0.06
1197 1120.887 35.8 2.14 -0.09
1198 1122.272 66.6 2.01 0.19
1199 1123.092 71.7 1.97 0.08
1200 1123.174 44.4 1.96 0.12
1201 1123.815 95.6 1.92 0.13
1202 1125.351 116.1 1.93 0.10
1203 1128.567 80.2 1.93 0.10
1204 1130.594 54.6 2.09 0.19
1205 1131.932 81.9 2.05 0.22
1206 1132.983 75.1 2.01 0.19
1207 1134.485 61.4 2.04 0.12
1208 1134.738 75.1 2.03 0.10
1209 1135.086 150.2 2.01 0.08
1210 1135.598 71.7 1.99 0.18
1211 1138.643 70.0 1.95 0.23
1212 1139.250 71.7 2.01 0.08
1213 1139.578 75.1 1.96 0.12
1214 1140.261 88.7 1.95 0.09
1215 1140.629 81.9 1.94 0.07
1216 1140.964 58.0 1.98 -0.00
1217 1141.974 70.0 2.10 0.05
1218 1143.087 88.7 2.11 0.09
1219 1143.578 58.0 2.13 0.09
1220 1146.821 112.6 1.97 0.10
1221 1148.057 109.2 2.01 0.30
1222 1149.443 75.1 1.97 0.06
1223 1152.999 52.9 2.03 0.11
1224 1153.395 64.9 2.06 0.12
1225 1155.375 75.1 2.07 0.07
1226 1156.419 75.1 2.08 0.09
1227 1157.013 81.9 2.05 0.06
1228 1157.757 42.7 2.11 0.17
1229 1159.007 81.9 2.08 0.13
1230 1162.263 63.1 2.03 0.14
1231 1162.516 42.7 2.00 0.17
1232 1163.164 75.1 1.93 0.17
1233 1164.011 51.2 2.04 0.22
1234 1164.304 58.0 2.08 0.05
1235 1164.803 95.6 2.06 0.03
1236 1164.994 109.2 2.02 0.08
1237 1165.615 78.5 2.01 0.17
1238 1167.492 42.7 1.94 0.08
1239 1167.595 83.6 1.98 0.08
1240 1170.237 116.1 1.89 0.16
1241 1170.407 81.9 1.85 0.15
1242 1170.544 104.1 1.87 0.12
1243 1170.728 139.9 1.84 0.10
1244 1172.312 68.3 1.86 0.20
1245 1174.872 51.2 1.82 0.15
1246 1175.739 75.1 1.90 0.15
1247 1176.879 71.7 1.88 0.04
1248 1177.309 85.3 1.91 0.12
1249 1177.739 90.5 1.91 0.04
1250 1182.381 73.4 1.83 0.33
1251 1183.712 75.1 1.99 0.01
1252 1183.828 78.5 1.99 0.01
1253 1184.443 88.7 1.99 0.11
1254 1187.412 92.2 2.02 0.18
1255 1188.061 46.1 2.04 0.08
1256 1188.634 102.4 2.03 0.09
1257 1192.621 75.1 2.01 0.35
1258 1194.116 75.1 2.12 0.19
1259 1194.396 51.2 2.11 0.22
1260 1195.181 68.3 1.86 0.25
1261 1196.895 78.5 2.14 0.28
1262 1198.212 63.1 2.03 0.30
1263 1199.127 66.6 2.06 0.31
1264 1200.738 54.6 2.10 0.32
1265 1200.950 73.4 2.11 0.30
1266 1201.810 87.0 2.06 0.28
1267 1202.008 68.3 2.13 0.27
1268 1202.991 97.3 2.12 0.23
1269 1203.551 75.1 1.99 0.21
1270 1205.817 124.6 2.02 0.25
1271 1208.398 58.0 2.09 0.28
1272 1208.473 51.2 2.09 0.27
1273 1209.968 63.1 2.21 0.20
1274 1211.265 44.4 2.15 0.20
1275 1212.186 71.7 2.18 0.19
1276 1214.002 63.1 2.15 0.25
1277 1215.060 85.3 2.09 0.23
1278 1216.091 58.0 2.07 0.23
1279 1216.228 71.7 2.15 0.23
1280 1219.484 68.3 2.03 0.27
1281 1219.873 88.7 2.11 0.29
1282 1222.153 61.4 2.09 0.21
1283 1223.123 66.6 2.01 0.04
1284 1223.485 61.4 2.04 0.09
1285 1223.751 58.0 2.07 0.27
1286 1224.290 95.6 2.05 0.21
1287 1224.693 90.5 2.12 0.23
1288 1225.055 66.6 2.03 0.19
1289 1225.171 47.8 2.09 0.20
1290 1227.970 88.7 2.14 0.18
1291 1230.905 80.2 2.13 0.22
1292 1232.380 29.0 2.15 0.23
1293 1232.851 85.3 2.18 0.17
1294 1233.083 54.6 2.22 0.20
1295 1233.943 64.9 2.18 0.24
1296 1236.831 63.1 2.16 0.22
1297 1237.623 25.6 2.09 0.19
1298 1238.537 46.1 2.08 0.14
1299 1239.302 61.4 2.09 0.11
1300 1239.398 61.4 2.16 0.11
1301 1240.114 83.6 2.05 0.16
1302 1240.722 51.2 2.04 0.17
1303 1241.644 78.5 2.02 0.16
1304 1243.207 68.3 2.08 0.09
1305 1244.927 75.1 2.07 0.10
1306 1245.255 93.9 1.98 0.02
1307 1245.740 129.7 2.04 0.04
1308 1245.937 75.1 2.10 0.11
1309 1246.729 68.3 2.12 0.17
1310 1247.774 68.3 2.07 0.17
1311 1248.457 71.7 2.10 0.16
1312 1248.771 95.6 2.06 0.19
1313 1249.576 87.0 2.04 0.11
1314 1249.719 117.8 2.06 0.10
1315 1250.996 75.1 2.18 0.20
1316 1251.249 64.9 2.18 0.21
1317 1251.556 85.3 2.21 0.19
1318 1252.218 71.7 2.17 0.17
1319 1252.368 61.4 2.12 0.22
1320 1253.611 68.3 2.13 0.13
1321 1254.020 81.9 2.13 0.18
1322 1254.682 68.3 2.13 0.17
1323 1255.201 54.6 2.08 0.15
1324 1256.096 73.4 2.04 0.18
1325 1257.522 61.4 2.06 0.14
1326 1257.843 78.5 2.02 0.15
1327 1258.075 75.1 2.14 0.15
1328 1258.512 128.0 2.06 0.19
1329 1259.413 47.8 2.04 0.16
1330 1259.570 119.5 2.01 0.16
1331 1259.878 81.9 2.14 0.12
1332 1260.649 71.7 2.11 0.26
1333 1260.990 68.3 2.00 0.24
1334 1263.660 68.3 2.11 0.19
1335 1267.066 87.0 2.07 0.09
1336 1267.223 75.1 2.08 0.15
1337 1268.206 64.9 2.12 0.05
1338 1270.828 116.1 2.08 0.00
1339 1271.005 80.2 2.03 0.06
1340 1271.428 68.3 2.06 0.09
1341 1271.613 54.6 2.05 0.08
1342 1271.968 88.7 2.10 0.08
1343 1274.746 17.1 2.07 0.03
1344 1276.644 81.9 2.20 0.01
1345 1276.931 75.1 2.16 0.06
1346 1278.207 75.1 2.11 0.06
1347 1278.753 54.6 2.10 0.04
1348 1279.798 87.0 2.13 0.02
1349 1281.088 59.7 2.08 0.01
1350 1281.641 73.4 2.09 0.10
1351 1282.433 75.1 2.07 0.19
1352 1282.590 75.1 2.08 0.17
1353 1283.703 88.7 2.07 0.17
1354 1283.935 75.1 2.12 0.18
1355 1284.344 68.3 2.10 0.22
1356 1286.583 73.4 2.16 0.18
1357 1287.607 112.6 2.11 0.11
1358 1288.631 68.3 2.11 0.13
1359 1288.959 73.4 2.10 0.10
1360 1290.591 88.7 2.09 0.07
1361 1290.946 75.1 2.01 0.08
1362 1293.704 81.9 2.07 0.05
1363 1296.707 81.9 2.11 0.13
1364 1297.779 81.9 2.04 -0.00
1365 1298.045 64.9 2.01 0.10
1366 1298.400 102.4 1.98 0.04
1367 1299.977 46.1 2.01 0.23
1368 1301.739 58.0 1.88 0.17
1369 1303.568 92.2 1.89 0.23
1370 1305.097 75.1 1.73 0.02
1371 1305.186 42.7 1.70 0.03
1372 1305.766 81.9 1.81 0.17
1373 1306.319 68.3 1.88 0.23
1374 1308.401 61.4 1.93 0.18
1375 1309.200 52.9 2.04 0.31
1376 1310.238 81.9 1.95 0.22
1377 1310.361 68.3 1.93 0.22
1378 1310.804 68.3 1.95 0.20
1379 1312.436 75.1 1.91 0.19
1380 1313.003 44.4 1.94 0.17
1381 1314.184 76.8 2.04 0.17
1382 1314.518 85.3 1.93 0.15
1383 1315.686 68.3 1.93 0.17
1384 1315.788 81.9 1.84 0.20
1385 1316.273 76.8 1.99 0.08
1386 1317.140 78.5 1.86 0.18
1387 1317.385 61.4 1.89 0.20
1388 1317.529 56.3 1.86 0.20
1389 1317.583 30.7 1.97 0.19
1390 1318.471 68.3 1.90 0.15
1391 1319.181 75.1 1.84 0.14
1392 1319.488 68.3 1.88 0.11
1393 1319.631 81.9 1.85 0.11
1394 1319.986 46.1 1.87 0.18
1395 1320.130 66.6 1.87 0.18
1396 1320.717 41.0 1.90 0.19
1397 1320.983 68.3 1.85 0.18
1398 1322.499 97.3 1.84 0.05
1399 1324.622 76.8 1.84 0.08
1400 1325.072 73.4 1.89 0.11
1401 1325.489 85.3 1.83 0.13
1402 1326.226 76.8 1.87 0.05
1403 1326.431 136.5 1.88 0.07
1404 1327.025 61.4 1.82 0.12
1405 1327.243 160.4 1.85 0.11
1406 1327.366 95.6 1.83 0.11
1407 1328.322 124.6 1.82 0.10
1408 1328.745 143.4 1.83 0.02
1409 1329.045 73.4 1.81 0.01
1410 1330.124 78.5 1.71 0.09
1411 1330.834 63.1 1.72 0.05
1412 1331.039 76.8 1.75 0.05
1413 1332.384 88.7 1.71 0.09
1414 1332.582 95.6 1.75 0.04
1415 1333.230 75.1 1.94 -0.04
1416 1333.414 64.9 1.90 -0.10
1417 1334.916 88.7 2.00 -0.01
1418 1336.855 64.9 2.14 0.18
1419 1337.033 126.3 2.11 0.18
1420 1337.237 117.8 2.04 0.19
1421 1337.449 102.4 2.04 0.08
1422 1337.613 88.7 2.01 0.08
1423 1338.691 78.5 2.13 0.09
1424 1339.436 71.7 2.13 0.06
1425 1339.688 109.2 2.11 0.05
1426 1341.088 75.1 2.12 0.01
1427 1342.132 87.0 2.12 0.10
1428 1344.282 80.2 2.06 0.13
1429 1345.129 104.1 1.98 0.19
1430 1346.371 71.7 2.07 0.03
1431 1347.334 68.3 2.04 0.03
1432 1347.566 76.8 1.99 0.01
1433 1350.618 110.9 1.95 -0.08
1434 1351.014 56.3 2.05 -0.03
1435 1352.003 76.8 2.03 0.05
1436 1352.324 56.3 2.06 0.11
1437 1352.447 54.6 2.05 0.11
1438 1354.836 81.9 1.94 -0.05
1439 1356.175 138.2 1.84 -0.15
1440 1357.731 78.5 1.95 0.13
1441 1359.950 44.4 2.07 0.08
1442 1360.100 61.4 2.09 0.08
1443 1360.762 23.9 2.00 -0.03
1444 1360.967 66.6 1.99 0.01
1445 1361.083 68.3 1.93 0.01
1446 1362.380 83.6 1.96 0.01
1447 1362.742 105.8 1.96 0.03
1448 1363.097 75.1 1.91 0.00
1449 1364.066 75.1 2.00 -0.04
1450 1365.063 81.9 2.04 -0.04
1451 1365.220 80.2 2.03 -0.03
1452 1365.923 146.8 2.04 -0.10
1453 1366.080 88.7 2.06 0.02
1454 1367.671 71.7 2.08 0.01
1455 1368.285 71.7 1.92 0.13
1456 1371.159 191.1 1.87 0.20
1457 1371.883 122.9 1.74 0.07
1458 1372.067 81.9 1.83 0.07
1459 1375.671 150.2 1.92 0.01
1460 1375.883 116.1 2.05 0.01
1461 1377.358 68.3 1.73 -0.01
1462 1377.679 63.1 1.78 0.14
1463 1378.825 75.1 1.73 0.12
1464 1379.324 39.3 1.91 0.16
1465 1379.617 90.5 1.87 0.14
1466 1379.802 78.5 1.88 0.20
1467 1380.382 88.7 2.06 0.14
1468 1382.833 85.3 2.01 0.21
1469 1383.904 63.1 2.02 0.10
1470 1384.956 63.1 2.08 0.14
1471 1388.280 88.7 1.91 0.09
1472 1388.758 73.4 1.94 0.14
1473 1389.386 73.4 2.01 0.15
1474 1390.219 42.7 1.97 0.10
1475 1393.953 75.1 2.00 0.10
1476 1394.049 71.7 1.95 0.10
1477 1394.117 56.3 1.99 0.11
1478 1395.114 51.2 2.01 0.08
1479 1395.810 41.0 1.95 0.12
1480 1395.926 75.1 2.00 0.17
1481 1396.151 95.6 1.95 0.15
1482 1397.769 58.0 1.94 0.17
1483 1400.309 75.1 2.17 0.04
1484 1401.183 59.7 2.12 -0.03
1485 1401.538 88.7 2.06 -0.03
1486 1402.350 44.4 2.11 0.01
1487 1403.067 75.1 2.03 0.01
1488 1404.562 75.1 2.09 0.00
1489 1405.879 83.6 2.05 0.02
1490 1406.767 68.3 2.05 0.10
1491 1407.217 49.5 2.06 -0.02
1492 1407.340 61.4 2.05 -0.02
1493 1407.477 71.7 2.05 0.11
1494 1408.323 102.4 2.07 0.12
1495 1408.999 88.7 1.88 0.08
1496 1409.108 68.3 1.89 0.06
1497 1409.286 64.9 1.88 0.05
1498 1409.457 95.6 1.89 0.07
1499 1412.467 81.9 2.01 0.07
1500 1412.590 52.9 1.93 0.08
1501 1413.853 61.4 1.96 0.02
1502 1415.328 58.0 2.03 -0.01
1503 1416.140 88.7 2.03 -0.02
1504 1417.055 119.5 1.94 0.14
1505 1417.260 112.6 2.00 0.14
1506 1418.202 99.0 2.02 0.11
1507 1419.021 93.9 1.89 0.16
1508 1419.226 109.2 1.93 0.16
1509 1419.703 68.3 1.99 0.09
1510 1420.837 128.0 2.03 0.16
1511 1421.001 88.7 2.03 0.16
1512 1421.096 61.4 1.94 0.19
1513 1422.004 71.7 1.92 0.10
1514 1422.939 85.3 1.92 0.26
1515 1424.093 167.3 1.76 0.26
1516 1427.404 68.3 1.65 0.14
1517 1427.554 71.7 1.67 0.14
1518 1428.114 54.6 1.80 0.26
1519 1428.250 78.5 1.57 0.23
1520 1428.988 64.9 1.73 0.12
1521 1429.493 102.4 1.63 0.12
1522 1430.749 95.6 1.82 0.19
1523 1431.302 68.3 1.90 0.23
1524 1431.684 68.3 1.86 0.22
1525 1431.910 81.9 1.85 0.24
1526 1433.377 105.8 1.76 0.25
1527 1435.043 54.6 1.85 0.27
1528 1435.166 76.8 1.84 0.27
1529 1435.582 71.7 1.85 0.24
1530 1435.678 73.4 1.88 0.27
1531 1436.995 76.8 1.80 0.18
1532 1437.671 75.1 1.71 0.08
1533 1438.449 54.6 1.68 -0.04
1534 1438.518 47.8 1.70 -0.04
1535 1438.743 131.4 1.79 -0.00
1536 1439.125 68.3 1.83 0.06
1537 1440.648 109.2 1.84 0.15
1538 1445.577 49.5 1.74 0.09
1539 1446.450 102.4 1.74 0.15
1540 1448.369 70.0 1.85 0.08
1541 1449.987 64.9 1.80 0.14
1542 1450.669 71.7 1.85 0.15
1543 1450.908 68.3 1.83 0.15
1544 1452.048 59.7 1.97 -0.04
1545 1454.465 129.7 1.71 0.22
1546 1455.202 97.3 1.74 0.22
1547 1456.404 71.7 1.74 0.21
1548 1457.339 78.5 1.80 0.18
1549 1457.953 51.2 1.84 0.21
1550 1459.639 71.7 1.97 0.32
1551 1461.100 80.2 1.99 0.23
1552 1462.193 68.3 2.16 0.26
1553 1464.227 78.5 2.01 0.44
1554 1464.329 64.9 2.01 0.44
1555 1467.101 81.9 1.91 0.11
1556 1468.992 64.9 1.72 0.05
1557 1469.272 85.3 1.69 0.03
1558 1472.665 58.0 1.70 -0.03
1559 1473.750 47.8 1.74 0.00
1560 1474.767 75.1 1.72 0.12
1561 1475.341 61.4 1.65 0.17
1562 1475.757 75.1 1.63 0.25
1563 1477.703 109.2 1.61 0.22
1564 1478.372 102.4 1.68 0.05
1565 1479.034 75.1 1.57 0.07
1566 1479.341 88.7 1.54 0.05
1567 1480.283 122.9 1.51 0.03
1568 1482.072 71.7 1.68 0.24
1569 1482.789 51.2 1.75 0.08
1570 1482.864 70.0 1.66 0.25
1571 1484.209 184.3 1.67 0.10
1572 1485.786 88.7 1.66 -0.07
1573 1490.421 99.0 1.70 -0.07
1574 1491.759 126.3 1.59 0.12
1575 1492.926 95.6 1.57 0.05
1576 1493.807 85.3 1.62 0.02
1577 1494.558 99.0 1.75 0.02
1578 1496.435 68.3 1.65 0.19
1579 1496.647 184.3 1.75 0.11
1580 1497.350 81.9 1.69 0.16
1581 1500.258 66.6 1.83 0.20
1582 1501.501 70.0 1.53 0.08
1583 1502.211 68.3 1.68 0.10
1584 1503.214 71.7 1.69 0.16
1585 1503.869 75.1 2.00 0.26
1586 1507.665 58.0 1.78 0.12
1587 1508.239 56.3 1.81 0.16
1588 1508.368 61.4 1.89 0.21
1589 1511.515 102.4 1.74 0.04
1590 1512.369 88.7 1.79 -0.04
1591 1513.399 162.1 1.77 0.03
1592 1514.826 71.7 1.75 0.15
1593 1516.533 122.9 1.84 0.18
1594 1516.902 81.9 1.73 0.13
1595 1517.188 87.0 1.76 0.09
1596 1517.325 78.5 1.80 0.14
1597 1517.707 71.7 1.83 0.15
1598 1518.137 42.7 1.79 0.14
1599 1518.212 59.7 1.88 0.14
1600 1520.131 66.6 1.94 0.20
1601 1520.929 107.5 1.95 0.21
1602 1522.493 71.7 1.80 0.16
1603 1522.779 64.9 2.00 0.19
1604 1523.455 68.3 1.80 0.18
1605 1524.186 85.3 1.77 0.16
1606 1524.520 61.4 1.80 0.17
1607 1524.977 75.1 1.69 0.16
1608 1525.872 76.8 1.73 0.16
1609 1526.193 75.1 1.88 0.15
1610 1526.582 81.9 1.84 0.17
1611 1527.333 102.4 1.82 0.14
1612 1527.749 109.2 1.81 0.19
1613 1528.329 75.1 1.82 0.14
1614 1528.957 75.1 1.91 -0.02
1615 1529.715 105.8 1.87 0.19
1616 1529.981 58.0 1.87 0.05
1617 1530.063 90.5 1.80 -0.00
1618 1530.500 88.7 1.86 0.05
1619 1530.760 68.3 1.86 0.11
1620 1531.319 213.3 1.92 0.13
1621 1532.070 85.3 1.84 0.13
1622 1532.275 88.7 1.84 0.16
1623 1532.569 116.1 1.83 0.04
1624 1533.552 81.9 1.81 0.06
1625 1534.166 112.6 1.65 -0.04
1626 1535.095 102.4 1.80 0.06
1627 1536.009 92.2 1.73 0.01
1628 1536.221 85.3 1.66 0.02
1629 1536.678 104.1 1.80 0.10
1630 1537.470 75.1 1.74 0.07
1631 1540.180 88.7 1.78 -0.00
1632 1540.454 88.7 1.68 -0.04
1633 1541.164 63.1 1.85 0.02
1634 1542.099 39.3 1.94 0.10
1635 1545.219 49.5 1.95 0.03
1636 1545.840 107.5 1.78 0.01
1637 1548.031 75.1 1.82 0.30
1638 1550.557 122.9 1.80 0.08
1639 1551.308 131.4 1.76 -0.07
1640 1551.970 114.3 1.76 -0.05
1641 1553.144 88.7 1.85 -0.07
1642 1553.711 99.0 1.98 0.08
1643 1554.974 71.7 1.84 0.05
1644 1555.486 100.7 1.80 -0.07
1645 1556.790 104.1 1.80 -0.00
1646 1557.281 92.2 1.85 -0.07
1647 1557.479 93.9 1.89 -0.03
1648 1559.159 63.1 1.80 -0.01
1649 1559.636 81.9 1.74 0.09
1650 1560.817 68.3 1.91 -0.04
1651 1563.862 64.9 1.54 0.24
1652 1566.647 78.5 1.71 0.03
1653 1567.132 59.7 1.64 0.03
1654 1569.262 80.2 1.68 0.04
1655 1569.385 88.7 1.68 0.04
1656 1569.924 191.1 1.85 -0.12
1657 1570.225 92.2 1.63 -0.14
1658 1570.491 83.6 1.86 -0.13
1659 1570.655 97.3 1.77 -0.18
1660 1570.784 78.5 1.83 -0.11
1661 1571.795 76.8 2.03 -0.02
1662 1572.484 37.5 2.09 0.03
1663 1575.665 104.1 1.74 0.15
1664 1576.225 88.7 1.92 0.05
1665 1577.973 75.1 1.93 0.02
1666 1579.345 44.4 1.88 0.07
1667 1580.280 71.7 1.92 0.07
1668 1580.396 71.7 1.96 0.07
1669 1581.543 88.7 1.81 -0.01
1670 1584.376 63.1 1.85 0.16
1671 1584.527 78.5 1.89 0.16
1672 1584.731 162.1 1.83 -0.02
1673 1587.175 76.8 1.89 0.06
1674 1587.988 109.2 1.86 0.03
1675 1589.687 122.9 1.81 0.06
1676 1590.432 73.4 1.89 0.15
1677 1591.066 71.7 1.94 0.12
1678 1591.537 63.1 1.91 0.20
1679 1594.528 70.0 2.03 0.21
1680 1594.732 61.4 2.06 0.20
1681 1597.163 73.4 1.83 0.34
1682 1597.292 78.5 1.77 0.34
1683 1599.129 76.8 1.77 0.09
1684 1599.907 88.7 1.92 -0.01
1685 1600.419 95.6 1.83 0.01
1686 1601.033 44.4 1.88 0.10
1687 1601.880 61.4 1.91 0.25
1688 1602.583 129.7 2.01 0.41
1689 1603.204 116.1 1.74 0.34
1690 1605.252 81.9 1.88 0.36
1691 1605.361 61.4 1.99 0.28
1692 1607.464 75.1 2.03 0.13
1693 1608.386 85.3 2.07 0.14
1694 1608.529 81.9 2.05 0.17
1695 1613.233 95.6 2.02 0.24
1696 1615.943 75.1 2.09 0.24
1697 1617.547 81.9 1.99 0.27
1698 1617.929 54.6 1.97 0.25
1699 1618.312 51.2 1.98 0.24
1700 1618.817 56.3 1.99 0.09
1701 1620.728 35.8 2.14 0.24
1702 1620.844 59.7 2.05 0.22
1703 1621.315 66.6 2.04 0.21
1704 1621.391 68.3 2.03 0.21
1705 1623.179 81.9 2.09 0.34
1706 1623.275 59.7 2.07 0.34
1707 1624.483 78.5 2.17 0.32
1708 1624.613 78.5 2.01 0.32
1709 1625.480 81.9 2.08 0.28
1710 1626.176 75.1 2.12 0.28
1711 1627.384 56.3 2.08 0.25
1712 1627.664 95.6 1.98 0.24
1713 1629.931 88.7 2.06 0.42
1714 1630.320 68.3 2.05 0.46
1715 1630.600 114.3 2.08 0.40
1716 1631.187 145.1 1.94 0.40
1717 1632.361 95.6 1.97 0.37
1718 1632.586 68.3 1.89 0.45
1719 1634.293 95.6 2.06 0.39
1720 1636.286 56.3 2.04 0.46
1721 1636.628 75.1 1.93 0.26
1722 1637.003 64.9 1.98 0.33
1723 1638.990 76.8 2.05 0.30
1724 1640.724 81.9 1.92 0.22
1725 1645.181 52.9 1.95 0.26
1726 1647.898 78.5 1.99 0.14
1727 1650.117 95.6 1.86 0.12
1728 1650.274 59.7 1.91 0.11
1729 1651.592 80.2 2.01 0.11
1730 1652.261 88.7 1.79 0.10
1731 1652.834 78.5 2.01 0.12
1732 1653.421 42.7 1.95 0.06
1733 1654.548 102.4 1.87 0.13
1734 1654.862 81.9 1.81 0.11
1735 1655.196 75.1 1.96 0.07
1736 1660.780 75.1 1.87 0.11
1737 1661.169 54.6 1.96 -0.02
1738 1662.050 41.0 1.90 -0.00
1739 1662.125 32.4 1.91 -0.00
1740 1664.685 143.4 1.92 0.14
1741 1667.286 61.4 1.86 0.13
1742 1668.604 73.4 1.65 0.07
1743 1669.484 116.1 1.72 0.12
1744 1671.177 68.3 1.88 0.16
1745 1671.642 88.7 1.74 0.17
1746 1672.304 81.9 1.86 0.08
1747 1672.447 88.7 1.73 0.04
1748 1673.403 124.6 1.73 0.13
1749 1674.645 81.9 1.79 0.07
1750 1674.898 76.8 1.81 0.08
1751 1676.291 99.0 1.85 0.13
1752 1677.076 75.1 1.86 0.15
1753 1677.403 102.4 1.85 0.15
1754 1678.557 75.1 1.81 0.15
1755 1681.001 68.3 1.88 0.10
1756 1681.431 129.7 1.90 0.20
1757 1683.076 75.1 1.95 0.11
1758 1686.066 81.9 1.76 0.08
1759 1687.008 129.7 1.84 0.16
1760 1687.541 68.3 1.81 0.14
1761 1687.841 41.0 1.85 0.10
1762 1689.650 81.9 1.86 0.01
1763 1691.412 99.0 1.76 -0.05
1764 1693.098 68.3 1.76 0.21
1765 1694.436 61.4 1.71 0.18
1766 1694.661 59.7 1.67 -0.02
1767 1695.644 102.4 1.75 -0.17
1768 1695.965 93.9 1.74 -0.09
1769 1700.075 71.7 1.71 0.02
1770 1700.614 126.3 1.79 0.04
1771 1702.327 81.9 1.72 0.23
1772 1702.682 58.0 1.67 0.00
1773 1703.802 92.2 1.69 -0.01
1774 1703.993 78.5 1.59 -0.02
1775 1705.666 73.4 1.68 -0.06
1776 1706.130 73.4 1.68 0.04
1777 1706.294 66.6 1.67 0.05
1778 1707.564 76.8 1.68 -0.01
1779 1707.987 81.9 1.71 -0.06
1780 1708.212 104.1 1.74 -0.08
1781 1708.922 143.4 1.75 0.01
1782 1709.127 85.3 1.63 -0.00
1783 1710.397 109.2 1.66 -0.00
1784 1711.134 64.9 1.66 0.06
1785 1713.926 81.9 1.54 0.10
1786 1714.042 54.6 1.59 0.11
1787 1715.421 107.5 1.57 0.05
1788 1715.783 68.3 1.60 0.11
1789 1716.274 85.3 1.58 0.17
1790 1717.271 199.7 1.58 0.10
1791 1718.343 109.2 1.58 0.06
1792 1718.595 93.9 1.72 0.07
1793 1720.166 78.5 1.72 0.09
1794 1721.374 73.4 1.81 0.16
1795 1722.111 61.4 1.68 -0.04
1796 1722.760 93.9 1.78 0.00
1797 1723.545 71.7 1.66 0.03
1798 1724.623 78.5 1.67 -0.06
1799 1725.804 204.8 1.86 -0.08
1800 1727.197 68.3 1.77 -0.08
1801 1727.443 81.9 1.82 -0.14
1802 1728.405 102.4 1.72 -0.05
1803 1728.979 70.0 1.81 -0.05
1804 1730.911 75.1 1.85 -0.17
1805 1731.600 88.7 1.85 -0.10
1806 1732.071 64.9 1.95 0.04
1807 1736.092 49.5 1.77 0.10
1808 1736.734 138.2 1.78 0.12
1809 1737.205 81.9 1.87 -0.01
1810 1738.522 93.9 1.80 -0.17
1811 1740.898 71.7 1.69 -0.14
1812 1741.117 49.5 1.57 -0.03
1813 1741.840 41.0 1.53 -0.11
1814 1742.079 136.5 1.55 0.12
1815 1742.550 102.4 1.48 -0.11
1816 1743.827 88.7 1.68 0.09
1817 1744.059 150.2 1.70 0.05
1818 1744.236 116.1 1.73 0.05
1819 1744.666 51.2 1.84 0.15
1820 1745.288 109.2 1.77 0.10
1821 1748.319 51.2 2.01 0.12
1822 1748.483 75.1 2.06 0.05
1823 1749.452 75.1 1.82 -0.15
1824 1750.503 170.7 1.87 0.00
1825 1751.609 64.9 2.03 0.01
1826 1751.998 35.8 2.05 0.01
1827 1752.265 64.9 2.09 -0.01
1828 1755.521 68.3 2.07 0.09
1829 1757.412 63.1 2.00 0.10
1830 1758.531 58.0 1.96 -0.03
1831 1758.975 87.0 2.04 0.10
1832 1760.286 81.9 2.16 0.13
1833 1760.784 102.4 2.07 0.14
1834 1761.255 143.4 2.11 0.15
1835 1761.733 78.5 2.11 0.15
1836 1762.989 59.7 2.00 0.13
1837 1763.399 73.4 2.06 0.17
1838 1764.320 64.9 2.10 0.16
1839 1766.232 71.7 2.11 0.14
1840 1766.287 17.1 2.12 0.14
1841 1766.641 64.9 2.13 0.19
1842 1766.758 81.9 2.12 0.15
1843 1766.969 80.2 2.09 0.17
1844 1767.898 88.7 2.08 0.06
1845 1769.229 58.0 2.09 0.05
1846 1769.761 75.1 2.05 0.03
1847 1770.212 64.9 2.01 0.01
1848 1770.642 51.2 2.04 0.06
1849 1777.209 71.7 2.07 0.21
1850 1777.926 78.5 2.01 0.25
1851 1778.486 54.6 2.03 0.13
1852 1778.902 75.1 1.98 0.13
1853 1779.052 88.7 2.07 0.14
1854 1779.496 129.7 2.01 0.07
1855 1781.517 78.5 2.09 0.17
1856 1782.595 126.3 2.01 0.15
1857 1784.152 63.1 2.08 0.16
1858 1784.548 68.3 2.04 0.07
1859 1784.719 88.7 2.08 0.12
1860 1785.237 81.9 2.07 0.12
1861 1786.275 61.4 2.11 0.14
1862 1786.555 99.0 2.08 0.17
1863 1788.241 75.1 1.97 0.16
1864 1788.924 75.1 1.97 0.21
1865 1789.927 68.3 2.00 0.20
1866 1790.548 68.3 1.89 0.16
1867 1790.958 54.6 2.05 0.13
1868 1794.187 92.2 2.11 0.08
1869 1794.863 78.5 2.12 0.10
1870 1795.552 97.3 2.09 0.11
1871 1795.928 61.4 2.07 0.13
1872 1796.399 68.3 2.02 0.17
1873 1796.501 68.3 2.07 0.17
1874 1797.116 81.9 2.10 0.16
1875 1799.778 112.6 2.09 0.11
1876 1800.017 150.2 2.06 0.11
1877 1800.276 70.0 2.03 0.07
1878 1801.137 87.0 2.13 0.04
1879 1801.478 34.1 2.05 0.16
1880 1801.696 71.7 2.14 0.10
1881 1801.908 56.3 2.12 0.12
1882 1804.680 61.4 2.16 0.20
1883 1805.437 59.7 2.10 0.24
1884 1806.106 56.3 2.14 0.24
1885 1806.789 90.5 2.09 0.14
1886 1806.980 75.1 2.08 0.12
1887 1807.574 68.3 2.12 0.16
1888 1807.799 47.8 2.05 0.15
1889 1808.066 75.1 2.04 0.18
1890 1810.626 68.3 2.20 0.27
1891 1811.179 186.0 2.13 0.20
1892 1812.803 68.3 2.17 0.22
1893 1812.899 68.3 2.24 0.25
1894 1813.206 71.7 2.11 0.28
1895 1813.773 81.9 2.16 0.22
1896 1814.169 75.1 2.19 0.20
1897 1815.329 56.3 2.08 0.26
1898 1817.862 75.1 2.05 0.24
1899 1818.190 78.5 2.15 0.21
1900 1818.756 56.3 2.15 0.03
1901 1820.586 64.9 2.12 0.20
1902 1820.832 46.1 2.15 0.34
1903 1821.255 71.7 2.10 0.12
1904 1821.924 75.1 1.98 0.10
1905 1824.122 58.0 1.99 0.33
1906 1825.009 83.6 2.02 0.27
1907 1827.713 56.3 1.91 0.25
1908 1828.068 88.7 1.99 0.23
1909 1828.341 71.7 1.97 0.20
1910 1829.242 95.6 1.99 0.17
1911 1829.433 68.3 1.97 0.14
1912 1830.669 37.5 1.91 0.21
1913 1830.710 18.8 1.85 0.22
1914 1831.297 75.1 1.94 -0.02
1915 1831.686 88.7 1.86 0.01
1916 1831.898 88.7 1.87 0.04
1917 1832.792 63.1 1.85 0.10
1918 1833.044 129.7 1.81 0.06
1919 1833.946 70.0 1.82 0.18
1920 1834.021 52.9 1.89 0.19
1921 1834.150 66.6 1.81 0.19
1922 1834.601 95.6 1.89 -0.06
1923 1835.468 128.0 1.82 0.16
1924 1835.618 80.2 1.85 0.25
1925 1835.959 88.7 1.84 0.18
1926 1836.267 68.3 1.81 0.11
1927 1836.376 75.1 1.83 0.19
1928 1836.499 95.6 1.85 0.26
1929 1837.011 75.1 1.92 0.14
1930 1842.991 68.3 1.85 0.03
1931 1844.684 95.6 1.85 0.05
1932 1844.971 39.3 1.87 0.07
1933 1845.844 90.5 1.92 0.17
1934 1848.043 75.1 1.79 0.14
1935 1848.445 83.6 1.85 0.28
1936 1848.780 157.0 1.89 0.14
1937 1849.196 71.7 1.92 -0.03
1938 1849.401 73.4 1.96 0.02
1939 1849.763 56.3 1.93 0.10
1940 1850.207 95.6 1.98 0.20
1941 1851.681 143.4 2.04 0.23
1942 1851.907 75.1 2.06 0.23
1943 1852.275 75.1 2.03 0.20
1944 1853.518 81.9 2.00 0.21
1945 1855.525 122.9 1.92 0.18
1946 1856.112 81.9 1.98 0.24
1947 1857.156 81.9 1.92 0.24
1948 1858.276 81.9 1.92 0.18
1949 1858.965 90.5 2.00 0.19
1950 1861.266 99.0 1.92 0.15
1951 1862.119 109.2 2.00 0.12
1952 1862.249 100.7 2.01 0.12
1953 1862.959 80.2 2.00 0.18
1954 1864.488 78.5 1.98 0.11
1955 1868.960 75.1 1.84 -0.10
1956 1870.106 56.3 1.86 -0.02
1957 1871.683 88.7 2.08 0.15
1958 1872.421 42.7 2.05 0.19
1959 1872.646 83.6 2.05 0.20
1960 1873.520 68.3 2.17 0.15
1961 1874.598 73.4 2.22 0.18
1962 1876.489 78.5 2.11 0.04
1963 1878.087 81.9 2.07 0.17
1964 1878.831 44.4 2.09 0.27
1965 1880.292 88.7 2.12 0.25
1966 1880.415 68.3 2.11 0.19
1967 1881.807 70.0 2.13 0.16
1968 1882.094 126.3 2.10 0.14
1969 1885.125 81.9 2.15 0.20
1970 1885.248 68.3 2.16 0.22
1971 1885.507 68.3 2.21 0.18
1972 1886.484 95.6 2.14 0.23
1973 1887.719 68.3 2.18 0.16
1974 1888.716 81.9 1.91 0.18
1975 1890.027 102.4 2.05 0.18
1976 1890.498 68.3 2.05 0.19
1977 1892.819 80.2 1.99 0.11
1978 1895.085 139.9 1.99 0.16
1979 1895.597 92.2 2.03 0.17
1980 1895.939 58.0 2.04 0.11
1981 1896.744 75.1 2.02 0.16
1982 1897.106 78.5 2.01 0.13
1983 1897.270 95.6 2.02 0.13
1984 1898.888 75.1 2.05 0.09
1985 1901.953 54.6 2.05 0.27
1986 1902.192 46.1 2.02 0.24
1987 1902.595 66.6 2.01 0.23
1988 1902.765 81.9 2.01 0.16
1989 1904.540 58.0 1.99 0.13
1990 1905.134 81.9 2.04 0.15
1991 1905.339 88.7 2.05 0.10
1992 1905.981 42.7 2.08 0.12
1993 1907.093 68.3 1.98 0.03
1994 1908.698 42.7 2.07 0.08
1995 1909.954 42.7 1.97 0.14
1996 1910.063 80.2 2.04 0.12
1997 1912.637 116.1 1.91 0.09
1998 1912.971 56.3 1.95 0.13
1999 1913.333 32.4 1.98 0.07
2000 1913.647 75.1 1.95 0.08
