1 5.007 78.5 2.02 0.36
2 5.716 75.1 2.17 0.40
3 6.071 88.7 2.17 0.39
4 6.624 88.7 2.00 0.40
5 8.652 68.3 2.14 0.42
6 8.843 70.0 2.12 0.39
7 9.096 68.3 2.15 0.36
8 10.324 68.3 2.17 0.41
9 12.127 102.4 2.17 0.39
10 12.332 64.9 2.13 0.45
11 12.618 64.9 2.12 0.41
12 12.789 99.0 2.15 0.44
13 14.769 76.8 2.17 0.41
14 16.489 56.3 2.22 0.44
15 17.308 58.0 2.24 0.46
16 19.595 63.1 2.21 0.41
17 19.691 54.6 2.25 0.36
18 19.773 58.0 2.29 0.35
19 22.776 136.5 2.12 0.32
20 26.190 47.8 2.14 0.33
21 28.244 37.5 2.08 0.33
22 28.292 23.9 2.08 0.33
23 28.654 42.7 2.10 0.39
24 29.453 68.3 2.02 0.30
25 29.644 80.2 2.04 0.34
26 32.457 85.3 2.04 0.38
27 32.771 78.5 2.02 0.39
28 33.426 51.2 2.02 0.39
29 33.603 85.3 2.11 0.37
30 34.559 81.9 2.08 0.38
31 35.556 99.0 1.89 0.47
32 36.628 68.3 2.05 0.38
33 37.167 83.6 2.08 0.36
34 38.211 63.1 2.08 0.41
35 40.075 75.1 2.05 0.39
36 40.621 71.7 2.02 0.31
37 40.976 46.1 2.06 0.42
38 41.229 68.3 2.03 0.35
39 41.447 68.3 2.03 0.38
40 42.744 58.0 2.00 0.38
41 43.516 100.7 2.07 0.38
42 43.802 63.1 1.98 0.34
43 44.028 52.9 1.99 0.36
44 45.509 92.2 2.03 0.30
45 49.093 58.0 2.01 0.35
46 49.380 44.4 2.02 0.41
47 50.172 88.7 2.04 0.29
48 51.223 73.4 2.04 0.32
49 51.776 71.7 2.09 0.32
50 52.179 61.4 2.01 0.31
51 52.452 75.1 1.98 0.31
52 52.650 143.4 1.95 0.25
53 53.496 81.9 2.05 0.37
54 54.234 63.1 1.92 0.30
55 59.190 63.1 2.03 0.22
56 60.139 49.5 2.06 0.36
57 60.815 107.5 2.01 0.32
58 60.999 59.7 2.07 0.25
59 61.504 59.7 2.01 0.25
60 61.593 68.3 2.01 0.27
61 61.791 49.5 2.02 0.30
62 62.528 80.2 2.03 0.38
63 62.651 51.2 1.97 0.37
64 62.972 90.5 2.00 0.35
65 63.088 80.2 2.18 0.39
66 63.177 71.7 1.99 0.33
67 63.729 58.0 2.06 0.37
68 64.617 58.0 2.14 0.26
69 66.720 88.7 2.09 0.29
70 67.791 85.3 2.21 0.35
71 68.140 52.9 2.13 0.37
72 68.925 71.7 2.12 0.31
73 69.853 68.3 2.20 0.31
74 70.065 51.2 2.20 0.35
75 70.754 75.1 1.94 0.23
76 71.014 58.0 2.16 0.33
77 71.102 54.6 2.16 0.32
78 73.232 44.4 2.11 0.27
79 74.024 71.7 2.05 0.36
80 76.031 46.1 2.10 0.20
81 76.099 51.2 2.16 0.20
82 76.789 39.3 2.08 0.24
83 77.758 68.3 2.16 0.20
84 79.008 52.9 2.05 0.24
85 79.793 63.1 2.11 0.27
86 80.045 90.5 2.00 0.27
87 81.486 61.4 2.09 0.20
88 81.670 58.0 1.95 0.37
89 82.578 81.9 2.07 0.24
90 84.080 58.0 2.11 0.20
91 86.681 41.0 1.89 0.34
92 86.872 129.7 2.05 0.19
93 88.797 52.9 2.12 0.18
94 89.261 162.1 2.13 0.22
95 89.534 54.6 2.18 0.24
96 89.657 148.5 2.17 0.20
97 90.470 32.4 2.18 0.15
98 91.930 104.1 2.16 0.15
99 94.190 56.3 2.05 0.20
100 95.651 68.3 2.09 0.12
101 96.668 66.6 2.10 0.16
102 96.996 44.4 2.11 0.13
103 97.781 124.6 2.06 0.06
104 99.515 51.2 2.25 0.07
105 99.761 59.7 2.31 0.13
106 101.133 76.8 2.26 0.04
107 101.276 59.7 2.18 0.09
108 102.635 76.8 2.00 0.05
109 102.819 211.6 1.95 0.07
110 103.065 54.6 2.02 0.16
111 103.447 56.3 1.98 0.22
112 104.191 104.1 1.94 0.25
113 104.928 81.9 2.20 0.01
114 105.154 97.3 2.19 -0.02
115 105.440 75.1 2.22 0.12
116 106.021 41.0 1.76 0.16
117 106.246 23.9 2.15 0.06
118 107.338 122.9 2.12 0.08
119 109.366 85.3 2.17 0.12
120 109.830 119.5 2.19 0.13
121 110.431 73.4 1.92 0.20
122 111.161 66.6 1.86 0.10
123 112.410 58.0 1.96 0.20
124 112.731 75.1 1.94 0.19
125 113.079 92.2 1.72 0.25
126 114.008 61.4 2.05 0.20
127 115.407 81.9 1.93 0.09
128 116.247 81.9 2.00 0.17
129 116.370 68.3 2.00 0.16
130 116.834 71.7 1.91 0.10
131 118.316 71.7 2.01 -0.01
132 119.633 78.5 2.02 -0.03
133 119.899 47.8 1.98 -0.01
134 119.974 54.6 1.98 0.01
135 121.060 102.4 2.14 -0.03
136 121.667 64.9 2.11 -0.05
137 124.405 63.1 2.03 0.02
138 125.163 59.7 1.93 0.01
139 125.531 95.6 2.08 0.05
140 126.453 110.9 1.99 0.05
141 127.013 80.2 2.03 0.03
142 130.815 78.5 2.02 0.18
143 131.430 167.3 1.97 0.19
144 133.491 102.4 2.01 0.13
145 133.833 100.7 2.02 0.15
146 134.392 81.9 2.02 0.14
147 135.212 153.6 1.99 0.13
148 135.341 71.7 2.00 0.09
149 135.737 81.9 1.99 0.03
150 136.420 81.9 2.02 0.01
151 136.959 81.9 1.93 0.02
152 137.649 83.6 1.98 0.06
153 137.744 54.6 1.94 0.06
154 139.185 109.2 1.97 0.18
155 140.318 88.7 2.04 0.20
156 140.639 83.6 1.91 0.18
157 141.485 150.2 1.97 0.10
158 141.908 41.0 1.99 0.09
159 142.182 59.7 2.03 0.16
160 143.117 116.1 1.97 0.10
161 143.670 83.6 1.98 0.09
162 143.799 51.2 1.97 0.07
163 144.264 92.2 1.97 0.06
164 145.486 34.1 2.01 0.02
165 145.677 78.5 1.98 -0.01
166 146.503 42.7 1.97 0.15
167 146.633 52.9 1.89 0.15
168 147.069 122.9 1.94 0.15
169 148.332 80.2 1.92 0.17
170 150.039 71.7 1.89 0.17
171 151.309 85.3 1.94 0.07
172 151.479 71.7 1.91 0.04
173 151.664 66.6 1.88 0.02
174 151.766 83.6 1.91 0.07
175 152.114 112.6 1.91 0.06
176 153.029 81.9 1.96 0.12
177 153.227 75.1 1.94 0.11
178 153.364 88.7 1.93 0.08
179 153.937 66.6 1.95 0.13
180 154.231 88.7 1.93 0.18
181 154.790 109.2 1.94 0.13
182 155.111 80.2 1.94 0.16
183 155.637 81.9 2.06 0.18
184 155.903 66.6 1.94 0.15
185 157.985 49.5 2.07 0.20
186 158.176 73.4 1.95 0.17
187 158.702 70.0 2.06 0.24
188 158.873 75.1 2.03 0.24
189 159.112 56.3 2.07 0.25
190 162.416 80.2 2.04 0.12
191 162.846 71.7 1.97 0.20
192 164.669 61.4 2.02 0.21
193 166.478 29.0 2.18 0.20
194 166.621 75.1 2.11 0.09
195 166.894 68.3 2.18 0.11
196 168.246 61.4 2.01 0.14
197 168.457 35.8 2.04 0.08
198 168.703 109.2 2.04 0.14
199 172.116 70.0 2.04 0.01
200 172.540 76.8 2.06 0.08
201 173.188 56.3 2.07 0.05
202 173.243 37.5 2.03 0.04
203 173.379 78.5 2.07 0.11
204 173.953 81.9 2.02 0.11
205 174.260 68.3 2.07 0.07
206 174.369 63.1 1.99 0.05
207 176.950 88.7 2.03 0.12
208 179.694 85.3 1.95 0.20
209 179.872 95.6 1.92 0.13
210 180.554 81.9 1.87 0.23
211 180.663 73.4 1.84 0.22
212 180.868 88.7 1.93 0.17
213 181.155 64.9 1.87 0.08
214 182.937 64.9 1.79 0.15
215 183.196 85.3 1.97 0.18
216 183.421 66.6 1.96 0.17
217 184.118 81.9 1.88 0.18
218 184.951 76.8 1.78 0.13
219 185.114 66.6 1.78 0.14
220 185.824 88.7 2.01 0.23
221 186.159 42.7 1.96 0.19
222 188.077 83.6 1.95 0.12
223 189.668 37.5 1.94 0.18
224 189.722 42.7 1.99 0.17
225 192.665 68.3 2.01 0.16
226 193.115 63.1 2.09 0.22
227 193.614 56.3 2.05 0.01
228 194.692 80.2 1.97 0.11
229 195.901 85.3 1.98 0.02
230 196.303 88.7 1.93 0.08
231 199.758 59.7 1.95 0.11
232 200.010 68.3 1.87 0.01
233 202.584 61.4 1.89 0.11
234 202.727 64.9 2.18 0.11
235 203.601 64.9 2.15 0.12
236 206.161 68.3 2.10 0.16
237 206.414 85.3 2.10 0.23
238 206.625 109.2 2.13 0.19
239 207.656 83.6 2.16 0.01
240 208.120 112.6 2.14 0.02
241 209.711 41.0 2.06 0.07
242 212.087 81.9 2.11 0.16
243 212.189 81.9 2.12 0.16
244 214.135 70.0 1.91 0.19
245 215.015 66.6 1.93 0.08
246 215.814 88.7 2.05 0.08
247 216.961 47.8 2.04 0.07
248 219.466 71.7 2.20 0.37
249 219.855 81.9 2.12 0.32
250 220.354 58.0 2.19 0.44
251 220.490 78.5 2.18 0.28
252 220.593 75.1 2.17 0.29
253 221.507 117.8 2.20 0.19
254 222.204 78.5 2.17 0.17
255 223.078 49.5 1.89 0.15
256 224.559 59.7 2.04 0.20
257 225.248 163.8 2.21 0.28
258 225.849 32.4 2.20 0.18
259 227.139 100.7 2.20 0.25
260 227.727 80.2 2.30 0.25
261 227.856 100.7 2.30 0.24
262 228.341 68.3 2.14 0.17
263 229.324 58.0 2.18 0.17
264 229.897 66.6 2.22 0.22
265 231.037 46.1 2.17 0.26
266 232.628 64.9 2.14 0.33
267 234.970 59.7 2.16 0.36
268 235.734 83.6 2.12 0.34
269 236.035 75.1 2.12 0.39
270 237.045 52.9 2.13 0.35
271 238.171 75.1 2.13 0.41
272 238.485 68.3 2.04 0.48
273 238.608 51.2 2.07 0.39
274 238.922 81.9 2.09 0.47
275 240.438 78.5 2.08 0.38
276 242.506 64.9 2.01 0.31
277 242.916 52.9 2.13 0.33
278 244.274 80.2 2.12 0.25
279 245.626 59.7 2.14 0.22
280 246.657 75.1 2.09 0.36
281 247.305 68.3 2.05 0.35
282 247.565 109.2 2.07 0.24
283 248.561 88.7 2.04 0.09
284 251.476 37.5 1.96 0.16
285 256.016 71.7 2.25 0.14
286 257.313 102.4 2.27 0.09
287 259.730 75.1 1.99 0.01
288 260.058 61.4 2.21 0.08
289 261.962 73.4 2.13 0.16
290 262.604 75.1 2.19 0.23
291 263.505 75.1 1.96 0.32
292 264.222 92.2 1.98 0.18
293 264.618 80.2 2.07 0.20
294 264.898 75.1 2.08 0.22
295 267.096 85.3 2.14 0.22
296 267.799 68.3 2.14 0.15
297 267.908 61.4 2.12 0.15
298 269.847 76.8 2.18 0.22
299 273.288 102.4 2.18 0.15
300 274.359 117.8 2.10 0.11
301 276.285 37.5 2.11 0.12
302 276.653 75.1 2.16 0.20
303 277.247 102.4 2.18 0.20
304 279.288 83.6 2.18 0.18
305 279.411 73.4 2.11 0.14
306 280.476 122.9 2.18 0.21
307 281.978 68.3 2.11 0.15
308 283.234 58.0 2.03 0.12
309 283.405 63.1 1.99 0.15
310 283.937 58.0 2.07 0.12
311 284.101 58.0 2.03 0.18
312 286.190 66.6 2.01 0.13
313 286.798 66.6 2.07 0.21
314 287.119 64.9 2.11 0.15
315 287.951 61.4 2.21 0.15
316 289.160 68.3 2.20 0.12
317 289.917 71.7 2.11 0.22
318 290.047 83.6 2.11 0.22
319 290.825 58.0 2.08 0.14
320 295.297 78.5 2.18 0.27
321 295.543 61.4 2.11 0.25
322 295.863 63.1 2.19 0.18
323 296.273 83.6 1.98 0.16
324 297.092 75.1 2.10 0.30
325 299.065 102.4 2.07 0.23
326 299.857 90.5 2.11 0.21
327 300.342 56.3 2.05 0.20
328 300.424 58.0 2.08 0.20
329 301.147 170.7 2.04 0.23
330 301.325 75.1 2.07 0.24
331 301.543 95.6 2.12 0.25
332 302.328 75.1 2.10 0.19
333 302.513 71.7 2.11 0.20
334 302.636 34.1 2.10 0.17
335 302.690 37.5 2.16 0.17
336 303.639 75.1 2.08 0.14
337 304.554 56.3 2.01 0.17
338 304.752 78.5 1.96 0.20
339 304.827 66.6 1.98 0.15
340 305.830 61.4 2.06 0.16
341 306.199 46.1 2.09 0.20
342 306.684 99.0 1.99 0.16
343 306.759 35.8 2.02 0.16
344 306.957 110.9 2.08 0.20
345 307.571 64.9 2.08 0.24
346 307.776 88.7 2.11 0.24
347 309.435 68.3 2.21 0.22
348 310.247 90.5 2.02 0.21
349 310.609 93.9 2.13 0.21
350 311.258 68.3 2.25 0.18
351 313.900 56.3 2.11 0.23
352 314.862 99.0 2.08 0.20
353 316.630 54.6 2.08 0.24
354 316.685 59.7 2.01 0.24
355 317.231 49.5 2.06 0.20
356 317.292 83.6 2.01 0.19
357 317.443 81.9 2.02 0.26
358 318.460 102.4 2.01 0.18
359 318.589 128.0 2.09 0.27
360 318.944 64.9 2.06 0.31
361 319.648 59.7 2.10 0.18
362 319.989 81.9 1.85 0.17
363 320.651 136.5 1.95 0.31
364 323.088 134.8 2.16 0.17
365 323.962 87.0 2.14 0.19
366 325.157 63.1 2.09 0.16
367 325.273 88.7 2.13 0.15
368 326.140 75.1 2.08 0.06
369 326.631 73.4 2.09 0.10
370 326.795 68.3 2.05 0.06
371 327.990 63.1 2.02 0.13
372 328.468 42.7 2.04 0.20
373 328.604 56.3 2.08 0.19
374 328.809 88.7 2.11 0.20
375 329.826 76.8 2.04 0.14
376 331.116 136.5 1.95 0.27
377 332.925 95.6 1.97 0.07
378 333.492 110.9 2.02 0.14
379 333.881 68.3 1.91 0.14
380 334.188 61.4 2.03 0.15
381 335.233 61.4 1.95 0.13
382 335.629 78.5 2.02 0.18
383 336.045 88.7 2.06 0.25
384 341.527 163.8 2.04 0.11
385 342.237 70.0 2.00 0.12
386 342.640 95.6 1.98 0.08
387 343.084 56.3 2.04 0.11
388 343.944 105.8 2.08 -0.03
389 344.783 37.5 2.08 -0.05
390 346.039 68.3 2.13 -0.00
391 346.394 81.9 2.07 0.01
392 346.545 70.0 2.11 0.01
393 346.681 54.6 2.12 0.02
394 346.777 68.3 2.07 0.02
395 346.927 63.1 2.14 0.04
396 347.091 95.6 2.09 -0.06
397 348.047 88.7 2.04 0.12
398 348.681 92.2 1.98 -0.05
399 349.658 78.5 1.98 0.04
400 352.648 102.4 1.87 0.10
401 352.764 85.3 1.78 0.10
402 353.972 95.6 1.87 -0.08
403 354.498 35.8 1.82 0.08
404 355.529 64.9 1.80 -0.06
405 356.477 75.1 1.70 0.17
406 360.676 105.8 1.96 0.21
407 360.935 70.0 1.96 0.16
408 361.966 70.0 1.76 0.20
409 363.604 88.7 1.74 -0.05
410 364.519 81.9 1.77 -0.02
411 364.895 81.9 1.90 0.09
412 366.376 61.4 1.84 -0.14
413 367.311 71.7 1.76 -0.08
414 368.083 95.6 1.67 -0.17
415 368.724 109.2 1.68 -0.03
416 369.004 100.7 1.76 0.04
417 370.179 95.6 1.72 -0.05
418 370.308 71.7 1.75 0.00
419 372.042 150.2 1.81 -0.01
420 372.220 68.3 1.62 -0.06
421 372.759 97.3 1.70 -0.14
422 375.135 90.5 1.88 -0.07
423 375.797 102.4 1.74 0.17
424 376.459 75.1 1.76 -0.17
425 379.251 81.9 1.68 -0.02
426 379.879 68.3 2.01 0.14
427 381.238 126.3 1.55 0.03
428 382.665 116.1 1.65 0.00
429 382.883 81.9 1.56 -0.08
430 384.562 75.1 1.62 -0.16
431 386.167 68.3 1.93 0.14
432 386.808 68.3 2.10 -0.15
433 388.146 97.3 2.08 0.01
434 388.686 95.6 1.98 -0.02
435 390.003 61.4 2.17 0.15
436 390.877 68.3 2.08 0.37
437 391.068 52.9 2.06 0.41
438 391.143 71.7 2.00 0.28
439 392.618 78.5 2.09 0.14
440 392.973 54.6 2.04 0.22
441 393.546 68.3 1.98 0.24
442 394.420 109.2 2.03 0.15
443 394.529 68.3 1.97 0.18
444 397.233 46.1 2.01 -0.00
445 399.963 105.8 2.04 0.16
446 400.189 112.6 2.02 0.13
447 400.714 88.7 2.00 0.18
448 402.469 66.6 2.22 0.13
449 403.486 41.0 2.00 0.25
450 403.554 63.1 1.92 0.25
451 403.684 85.3 2.11 0.22
452 404.223 61.4 2.11 0.17
453 405.561 63.1 2.08 0.18
454 406.865 78.5 2.11 0.12
455 407.281 63.1 2.03 0.21
456 407.507 81.9 2.03 0.04
457 407.636 64.9 2.10 0.06
458 408.387 93.9 2.06 0.05
459 411.623 68.3 2.00 0.09
460 413.753 88.7 1.94 0.14
461 413.965 122.9 2.00 0.07
462 414.668 80.2 2.04 0.29
463 415.282 75.1 1.92 0.30
464 416.211 85.3 1.85 0.39
465 417.883 204.8 1.83 0.16
466 421.597 100.7 2.16 0.23
467 421.918 75.1 2.18 0.27
468 422.505 68.3 2.26 0.18
469 423.085 71.7 2.09 0.38
470 423.727 71.7 2.14 0.26
471 424.635 68.3 2.20 0.35
472 425.038 44.4 2.07 0.26
473 426.144 83.6 2.06 0.43
474 427.195 47.8 1.97 0.27
475 428.342 61.4 2.06 0.39
476 430.847 87.0 1.83 0.38
477 432.301 88.7 1.88 0.38
478 432.724 83.6 1.88 0.37
479 433.414 75.1 1.79 0.44
480 433.803 54.6 1.75 0.32
481 434.506 75.1 1.73 0.27
482 435.230 75.1 1.75 0.16
483 438.568 81.9 1.74 0.19
484 438.998 128.0 1.65 0.31
485 439.865 63.1 1.77 0.27
486 440.541 61.4 1.92 0.14
487 442.336 105.8 2.03 0.16
488 444.371 95.6 1.95 0.26
489 444.589 63.1 1.91 0.27
490 444.965 85.3 1.91 0.34
491 445.982 35.8 1.98 0.22
492 446.357 90.5 1.91 0.21
493 447.313 61.4 1.88 0.29
494 447.477 66.6 1.89 0.29
495 447.927 110.9 1.94 0.23
496 448.139 81.9 1.97 0.23
497 450.508 170.7 1.88 0.36
498 451.771 102.4 1.87 0.32
499 452.877 68.3 1.93 0.26
500 454.740 88.7 1.94 0.18
501 456.276 85.3 2.01 0.47
502 457.000 41.0 1.97 0.27
503 458.024 87.0 2.08 0.43
504 458.359 71.7 1.95 0.41
505 458.877 81.9 1.98 0.35
506 460.386 80.2 1.99 0.42
507 460.884 99.0 1.92 0.45
508 461.246 44.4 2.00 0.51
509 461.642 81.9 2.02 0.34
510 461.908 80.2 1.95 0.36
511 462.209 92.2 1.96 0.30
512 462.980 73.4 1.94 0.36
513 463.718 81.9 2.11 0.34
514 464.550 64.9 2.12 0.31
515 464.987 68.3 2.00 0.29
516 465.909 71.7 2.01 0.25
517 466.073 187.7 2.08 0.31
518 467.035 95.6 2.10 0.35
519 468.175 59.7 2.16 0.32
520 470.176 73.4 2.13 0.31
521 470.415 76.8 2.02 0.35
522 470.503 71.7 2.05 0.32
523 471.008 68.3 2.10 0.23
524 472.599 143.4 2.22 0.20
525 473.002 95.6 2.18 0.20
526 474.169 46.1 2.12 0.17
527 474.442 80.2 2.18 0.07
528 474.661 109.2 2.17 0.13
529 475.889 75.1 2.08 -0.02
530 477.364 81.9 1.90 0.02
531 478.013 59.7 2.06 0.15
532 480.259 73.4 2.11 0.07
533 481.399 64.9 2.07 0.31
534 481.672 61.4 2.03 0.27
535 483.433 56.3 2.17 0.15
536 483.583 78.5 2.07 0.15
537 484.791 59.7 2.00 0.32
538 485.092 85.3 2.00 0.32
539 485.699 99.0 1.96 0.20
540 486.314 88.7 2.00 0.04
541 486.689 88.7 2.02 0.03
542 486.867 70.0 2.08 0.02
543 487.392 83.6 2.07 -0.00
544 487.884 76.8 1.97 -0.04
545 488.116 128.0 2.04 -0.00
546 488.560 71.7 1.87 -0.03
547 488.894 39.3 1.86 -0.02
548 489.584 102.4 1.86 0.10
549 492.355 158.7 2.07 0.18
550 493.236 39.3 2.11 0.25
551 494.001 76.8 2.16 0.17
552 494.240 75.1 2.14 0.21
553 495.516 75.1 2.12 0.09
554 496.854 59.7 2.08 0.15
555 496.998 61.4 2.10 0.15
556 497.564 75.1 2.08 0.14
557 498.254 85.3 2.04 0.11
558 499.503 90.5 2.11 0.13
559 499.571 17.1 2.11 0.10
560 501.148 41.0 2.00 0.12
561 501.524 39.3 2.13 0.22
562 503.292 95.6 2.22 0.17
563 503.974 44.4 2.00 0.25
564 504.384 80.2 2.04 0.20
565 505.114 58.0 2.11 0.16
566 505.251 61.4 2.12 0.16
567 505.476 99.0 2.12 0.20
568 505.606 56.3 2.08 0.20
569 506.603 73.4 2.15 0.21
570 506.951 68.3 2.10 0.26
571 507.354 85.3 2.10 0.30
572 507.422 18.8 2.16 0.29
573 507.838 146.8 2.12 0.27
574 508.535 52.9 2.13 0.19
575 509.559 49.5 2.06 0.21
576 509.996 61.4 2.16 0.11
577 510.781 85.3 2.12 0.05
578 511.409 59.7 1.98 0.16
579 513.252 66.6 2.06 0.16
580 513.593 68.3 1.99 0.28
581 513.846 153.6 2.05 0.26
582 515.156 54.6 2.07 0.16
583 516.092 63.1 2.05 0.10
584 517.716 63.1 1.88 0.46
585 518.174 71.7 1.90 0.34
586 518.556 32.4 1.89 0.25
587 519.095 81.9 1.97 0.12
588 519.730 75.1 2.06 0.14
589 520.003 32.4 2.05 0.18
590 520.324 81.9 2.00 0.22
591 520.652 58.0 2.13 0.09
592 522.270 35.8 2.06 0.12
593 522.816 87.0 2.10 0.07
594 525.123 85.3 2.02 0.21
595 525.519 83.6 2.00 -0.07
596 525.827 76.8 1.94 -0.06
597 526.257 80.2 1.81 0.08
598 527.438 75.1 1.78 0.30
599 528.161 64.9 1.93 0.40
600 529.970 81.9 1.84 0.40
601 530.523 102.4 1.89 0.41
602 530.783 68.3 1.91 0.40
603 531.131 109.2 1.98 0.22
604 535.206 70.0 2.09 0.31
605 535.841 70.0 2.19 0.43
606 537.029 139.9 2.12 0.42
607 537.596 87.0 2.13 0.44
608 537.719 85.3 2.17 0.30
609 538.012 75.1 2.14 0.33
610 538.156 64.9 2.17 0.34
611 538.497 68.3 2.21 0.39
612 538.982 56.3 2.13 0.31
613 539.159 58.0 2.23 0.38
614 540.627 73.4 2.03 0.46
615 543.323 47.8 1.86 0.27
616 548.163 56.3 2.03 0.25
617 548.771 75.1 2.01 0.36
618 552.000 116.1 2.05 0.27
619 552.369 51.2 2.07 0.27
620 553.604 68.3 2.05 0.24
621 554.253 88.7 2.03 0.18
622 556.731 64.9 2.06 0.25
623 556.806 52.9 1.93 0.25
624 557.489 42.7 1.99 0.22
625 558.526 42.7 2.01 0.27
626 558.581 30.7 2.15 0.27
627 559.598 128.0 2.02 0.25
628 559.994 75.1 2.16 0.29
629 560.827 75.1 2.12 0.30
630 563.448 93.9 2.07 0.21
631 563.653 71.7 2.09 0.23
632 566.227 64.9 2.13 0.24
633 566.623 52.9 1.99 0.28
634 567.148 92.2 2.07 0.25
635 567.708 66.6 2.07 0.38
636 568.596 68.3 2.01 0.30
637 569.845 71.7 2.04 0.25
638 571.142 102.4 2.07 0.27
639 571.818 76.8 2.06 0.24
640 572.091 64.9 2.04 0.24
641 572.548 68.3 2.10 0.26
642 573.245 99.0 2.14 0.19
643 573.675 68.3 2.01 0.20
644 574.262 78.5 2.00 0.37
645 576.364 75.1 2.01 0.19
646 576.706 68.3 2.09 0.20
647 577.306 88.7 2.05 0.21
648 577.866 73.4 2.09 0.20
649 579.600 204.8 2.09 0.18
650 579.983 128.0 2.08 0.17
651 580.549 83.6 2.18 0.26
652 581.321 141.7 2.15 0.24
653 584.379 61.4 2.13 0.19
654 584.939 58.0 2.10 0.19
655 585.621 88.7 2.11 0.25
656 585.819 41.0 2.10 0.23
657 586.830 68.3 2.14 0.23
658 588.468 68.3 1.97 0.17
659 589.199 41.0 2.07 0.18
660 589.465 122.9 2.05 0.29
661 590.987 56.3 2.03 0.16
662 591.165 37.5 2.06 0.16
663 592.591 59.7 2.14 0.11
664 593.690 61.4 2.09 0.02
665 594.523 71.7 2.08 0.14
666 595.001 92.2 2.04 0.27
667 595.336 81.9 2.00 0.23
668 596.189 75.1 2.06 0.12
669 596.257 59.7 2.06 0.12
670 596.599 63.1 1.99 0.20
671 597.629 46.1 1.99 0.18
672 598.128 81.9 2.13 0.18
673 599.507 81.9 1.86 0.30
674 599.643 92.2 1.89 0.30
675 601.917 41.0 2.06 0.21
676 604.627 81.9 2.17 0.25
677 605.903 66.6 2.06 0.19
678 608.928 81.9 2.02 0.23
679 609.562 95.6 1.95 0.29
680 609.931 68.3 2.06 0.25
681 611.535 80.2 1.92 0.22
682 613.460 70.0 2.04 0.31
683 614.805 71.7 2.08 0.33
684 615.836 56.3 2.13 0.31
685 616.287 100.7 2.15 0.36
686 617.427 71.7 2.10 0.36
687 617.591 75.1 2.07 0.35
688 617.693 70.0 2.04 0.32
689 617.864 75.1 2.01 0.30
690 618.642 75.1 2.10 0.27
691 619.079 73.4 2.08 0.25
692 620.519 87.0 2.04 0.38
693 620.751 109.2 1.97 0.34
694 620.915 54.6 1.94 0.35
695 621.625 81.9 2.04 0.28
696 622.431 87.0 2.04 0.31
697 622.874 81.9 2.02 0.28
698 623.345 68.3 2.09 0.28
699 624.916 70.0 2.02 0.45
700 626.520 85.3 1.93 0.41
701 628.179 81.9 2.01 0.39
702 628.302 85.3 2.22 0.38
703 629.182 75.1 1.82 0.33
704 629.339 61.4 2.03 0.25
705 629.503 68.3 2.08 0.23
706 631.142 136.5 1.89 0.16
707 631.537 70.0 1.99 0.21
708 632.207 95.6 1.76 0.15
709 634.971 102.4 1.72 0.39
710 637.757 75.1 1.77 0.26
711 638.822 150.2 1.97 0.39
712 643.976 81.9 2.04 0.37
713 644.180 75.1 2.07 0.33
714 644.290 71.7 2.05 0.35
715 645.430 112.6 1.79 0.28
716 646.897 78.5 2.08 0.30
717 647.430 58.0 2.05 0.31
718 649.191 76.8 1.82 0.31
719 650.161 75.1 1.68 0.11
720 650.891 85.3 1.97 0.55
721 651.253 88.7 2.16 0.31
722 652.379 51.2 1.86 0.39
723 652.536 68.3 1.97 0.39
724 652.666 88.7 1.96 0.39
725 655.431 71.7 2.06 0.36
726 656.393 47.8 2.06 0.25
727 658.305 47.8 2.04 0.36
728 660.428 25.6 2.04 0.39
729 661.145 61.4 2.03 0.35
730 661.343 88.7 2.06 0.37
731 662.005 64.9 2.11 0.35
732 662.285 88.7 2.06 0.39
733 662.660 93.9 2.08 0.45
734 663.452 61.4 2.02 0.38
735 663.527 56.3 2.08 0.38
736 663.821 71.7 2.06 0.37
737 664.217 71.7 1.99 0.37
738 665.603 78.5 2.17 0.28
739 665.739 56.3 2.07 0.28
740 666.278 39.3 2.04 0.45
741 666.517 95.6 2.09 0.33
742 668.074 81.9 2.00 0.21
743 669.193 97.3 1.98 0.26
744 670.504 54.6 2.18 0.23
745 670.811 83.6 2.11 0.11
746 672.893 81.9 2.00 0.28
747 674.163 61.4 2.13 0.20
748 677.563 68.3 1.99 0.12
749 677.699 105.8 2.08 0.12
750 679.304 87.0 1.95 0.05
751 681.830 61.4 1.90 0.27
752 682.471 75.1 1.86 0.18
753 682.983 35.8 1.85 0.23
754 683.147 56.3 1.94 0.24
755 683.372 70.0 2.03 0.25
756 685.557 85.3 1.98 0.25
757 685.967 81.9 1.98 0.19
758 689.865 68.3 2.02 0.21
759 691.394 191.1 1.92 0.21
760 691.592 133.1 2.06 0.21
761 692.698 59.7 2.07 0.24
762 693.094 76.8 2.00 0.25
763 694.356 68.3 1.81 0.01
764 694.848 76.8 1.84 -0.04
765 695.237 99.0 1.86 -0.05
766 696.357 88.7 1.81 0.05
767 697.046 75.1 1.90 0.15
768 697.388 61.4 1.89 0.13
769 697.811 95.6 1.85 -0.09
770 698.302 88.7 1.90 -0.03
771 699.552 95.6 1.80 0.02
772 700.029 63.1 1.89 -0.23
773 701.804 109.2 1.65 -0.04
774 702.705 49.5 1.72 -0.08
775 706.733 75.1 1.71 0.07
776 707.334 85.3 1.76 0.18
777 707.730 81.9 1.67 0.06
778 708.433 107.5 1.64 0.02
779 709.259 70.0 1.76 0.11
780 709.873 75.1 1.92 0.14
781 711.287 75.1 1.92 -0.03
782 711.580 70.0 2.02 0.03
783 713.574 49.5 1.73 0.05
784 715.744 88.7 1.87 0.09
785 716.093 63.1 1.79 0.15
786 716.482 80.2 1.80 0.09
787 718.263 58.0 1.78 0.11
788 718.537 70.0 1.72 0.14
789 718.905 102.4 1.61 0.05
790 721.574 85.3 1.85 -0.05
791 721.670 81.9 1.73 -0.05
792 721.820 95.6 1.76 0.13
793 722.319 99.0 1.90 -0.03
794 722.783 100.7 1.94 0.03
795 722.906 107.5 1.79 0.03
796 725.650 75.1 1.87 -0.17
797 726.592 75.1 2.00 -0.09
798 727.002 128.0 2.02 -0.16
799 727.193 76.8 1.85 -0.10
800 728.292 85.3 1.77 -0.11
801 728.640 92.2 1.74 -0.22
802 728.947 78.5 1.96 -0.21
803 729.118 56.3 1.98 -0.11
804 729.760 49.5 1.86 -0.06
805 730.886 59.7 1.85 -0.04
806 731.596 87.0 1.78 0.00
807 732.251 75.1 1.75 -0.04
808 734.026 35.8 1.77 0.01
809 734.354 44.4 1.79 -0.01
810 734.654 143.4 1.79 -0.19
811 735.740 99.0 1.81 0.07
812 736.805 81.9 1.94 0.05
813 737.330 88.7 1.97 0.00
814 737.494 58.0 1.95 0.01
815 737.747 75.1 1.84 -0.05
816 738.798 88.7 1.88 0.10
817 741.617 73.4 1.91 -0.07
818 742.860 97.3 1.92 -0.06
819 743.406 99.0 1.91 -0.01
820 743.645 66.6 1.76 -0.09
821 744.771 56.3 1.86 0.03
822 744.942 59.7 1.84 -0.00
823 745.324 95.6 1.81 0.11
824 745.816 61.4 1.74 0.20
825 746.417 88.7 1.75 0.14
826 746.710 179.2 1.37 0.02
827 747.434 42.7 1.65 -0.06
828 749.257 102.4 1.55 -0.00
829 749.366 75.1 1.56 -0.04
830 750.376 110.9 1.75 -0.25
831 751.311 63.1 1.59 -0.01
832 751.960 177.5 1.76 -0.09
833 752.117 78.5 1.71 -0.11
834 753.168 177.5 1.79 -0.07
835 754.288 87.0 1.80 0.06
836 755.039 39.3 1.86 -0.09
837 758.493 81.9 1.98 -0.20
838 758.780 133.1 1.91 -0.15
839 760.282 109.2 1.93 -0.01
840 760.568 75.1 2.00 -0.06
841 761.231 85.3 1.90 0.02
842 762.903 88.7 1.85 0.15
843 763.026 81.9 1.76 0.15
844 763.784 75.1 1.83 0.05
845 763.954 73.4 1.81 0.05
846 769.463 47.8 1.82 0.15
847 769.682 71.7 1.71 0.17
848 769.832 61.4 1.82 0.09
849 771.300 75.1 1.95 0.10
850 772.133 116.1 2.21 0.29
851 773.314 78.5 1.82 0.31
852 773.423 90.5 1.80 0.31
853 773.662 81.9 1.65 0.14
854 774.085 88.7 1.97 0.17
855 774.283 76.8 1.89 0.42
856 776.113 70.0 2.08 0.21
857 777.485 61.4 1.91 -0.01
858 779.328 102.4 1.88 0.26
859 781.881 42.7 1.75 0.22
860 784.810 88.7 2.00 0.36
861 785.813 102.4 2.03 0.30
862 790.285 68.3 1.81 0.15
863 791.384 83.6 1.94 0.13
864 792.428 81.9 1.84 0.29
865 792.606 68.3 1.90 0.32
866 792.756 64.9 1.93 0.32
867 792.940 81.9 1.95 0.28
868 793.172 32.4 1.97 0.25
869 794.292 83.6 2.09 0.17
870 794.968 66.6 2.06 0.28
871 795.364 75.1 2.01 0.24
872 795.978 93.9 2.04 0.21
873 796.197 58.0 2.06 0.17
874 796.395 56.3 2.09 0.17
875 797.296 95.6 1.87 0.12
876 797.466 88.7 1.92 0.24
877 797.767 68.3 1.87 0.13
878 798.135 81.9 1.74 0.07
879 798.620 51.2 1.89 0.25
880 798.839 75.1 1.88 0.22
881 799.549 88.7 1.86 0.27
882 799.910 68.3 1.87 0.22
883 800.177 102.4 1.88 0.17
884 800.265 71.7 1.94 0.05
885 801.037 105.8 2.01 0.09
886 801.283 109.2 1.90 0.12
887 802.218 73.4 1.76 0.18
888 802.505 95.6 1.87 0.21
889 803.064 66.6 1.71 0.33
890 803.180 75.1 1.64 0.11
891 805.194 87.0 1.67 0.25
892 805.542 52.9 1.71 0.24
893 805.802 64.9 1.53 0.24
894 808.894 52.9 1.80 0.17
895 809.120 78.5 1.91 0.20
896 809.215 51.2 1.85 0.20
897 810.239 75.1 1.91 0.17
898 811.557 105.8 1.83 0.17
899 812.854 102.4 1.88 0.19
900 813.018 95.6 1.83 0.26
901 815.735 109.2 2.09 0.12
902 815.898 83.6 2.05 0.12
903 816.527 100.7 2.15 0.15
904 816.690 61.4 2.07 0.15
905 817.803 68.3 1.97 -0.09
906 819.121 56.3 2.16 0.13
907 820.493 58.0 2.20 0.09
908 821.292 97.3 2.07 0.02
909 821.387 61.4 2.27 0.04
910 821.899 66.6 2.09 -0.02
911 822.268 61.4 2.06 0.17
912 822.425 104.1 2.08 0.17
913 822.636 75.1 2.03 0.10
914 823.176 54.6 2.07 0.19
915 824.841 85.3 2.01 0.11
916 825.572 34.1 1.94 0.11
917 826.091 92.2 2.05 0.06
918 827.449 81.9 2.01 0.06
919 827.565 92.2 1.93 0.11
920 827.674 68.3 1.93 0.24
921 827.900 68.3 1.89 0.27
922 830.344 59.7 1.86 0.08
923 834.194 70.0 1.81 0.14
924 834.276 51.2 1.91 0.14
925 835.150 143.4 1.87 0.15
926 835.593 85.3 1.88 0.15
927 835.942 64.9 1.80 0.23
928 836.918 68.3 1.75 0.10
929 838.932 114.3 1.90 0.22
930 840.925 54.6 1.92 0.20
931 841.048 73.4 1.92 0.20
932 841.273 80.2 1.91 0.13
933 841.526 122.9 1.92 0.13
934 841.785 66.6 1.88 0.12
935 842.359 68.3 1.97 0.05
936 842.741 64.9 1.88 0.01
937 843.608 63.1 1.88 0.06
938 843.799 116.1 1.85 0.06
939 843.990 76.8 1.84 -0.00
940 849.144 41.0 1.94 -0.14
941 850.510 70.0 1.79 -0.05
942 850.714 102.4 1.83 0.14
943 851.779 75.1 1.79 0.32
944 852.401 121.2 1.59 0.19
945 853.691 85.3 1.79 0.18
946 854.517 59.7 1.99 0.21
947 856.367 81.9 1.94 0.21
948 858.838 37.5 1.98 0.13
949 859.036 81.9 2.01 0.13
950 859.985 81.9 2.00 0.09
951 860.722 46.1 1.98 0.08
952 861.118 59.7 2.05 0.15
953 861.412 97.3 1.96 0.10
954 861.651 99.0 1.99 0.14
955 861.828 70.0 1.95 0.12
956 862.429 73.4 1.92 0.15
957 862.743 100.7 1.92 0.15
958 863.364 75.1 1.80 0.07
959 863.760 76.8 1.90 0.10
960 864.026 105.8 1.93 0.10
961 864.532 70.0 1.87 0.09
962 865.317 102.4 1.92 0.13
963 867.426 64.9 1.88 0.13
964 867.849 87.0 1.88 0.05
965 868.252 71.7 1.89 -0.07
966 869.495 68.3 1.95 0.17
967 870.607 87.0 1.80 0.10
968 871.037 75.1 1.87 0.03
969 871.536 95.6 1.80 0.10
970 872.614 42.7 1.81 0.02
971 873.229 90.5 1.87 0.11
972 873.932 78.5 1.81 0.06
973 874.137 42.7 1.86 0.10
974 874.567 75.1 1.93 0.11
975 877.509 83.6 1.88 0.08
976 878.417 75.1 1.80 0.04
977 880.212 64.9 1.90 0.02
978 881.216 56.3 1.86 -0.01
979 882.172 85.3 1.89 -0.01
980 883.087 109.2 1.90 0.14
981 885.647 109.2 1.76 0.12
982 885.892 116.1 1.80 0.18
983 886.124 81.9 1.72 0.09
984 886.787 117.8 1.81 0.00
985 887.066 109.2 1.78 0.05
986 888.268 155.3 1.75 -0.05
987 889.469 68.3 1.75 0.03
988 890.016 52.9 1.72 -0.03
989 890.111 95.6 1.74 0.02
990 891.995 90.5 1.83 0.14
991 892.753 88.7 1.74 0.13
992 893.006 83.6 1.81 0.08
993 895.020 75.1 1.92 -0.05
994 895.893 75.1 1.85 0.04
995 897.177 150.2 1.79 -0.07
996 897.702 56.3 1.75 -0.03
997 900.467 88.7 1.84 0.16
998 901.191 68.3 1.82 0.10
999 902.242 116.1 1.70 -0.05
1000 905.266 52.9 1.87 -0.13
1001 906.324 59.7 1.76 0.22
1002 908.127 81.9 1.82 0.01
1003 908.577 80.2 1.74 0.04
1004 909.868 105.8 1.65 0.01
1005 910.291 102.4 1.67 0.15
1006 911.868 102.4 1.79 0.12
1007 912.243 52.9 1.79 0.16
1008 913.800 85.3 1.71 0.12
1009 913.923 99.0 1.70 0.12
1010 914.899 90.5 1.70 0.05
1011 915.076 110.9 1.71 0.05
1012 915.616 88.7 1.71 -0.09
1013 918.537 46.1 1.96 0.05
1014 919.254 71.7 1.89 0.01
1015 920.299 78.5 1.95 -0.20
1016 920.660 51.2 1.81 -0.01
1017 921.111 95.6 1.86 -0.12
1018 921.930 119.5 1.95 0.02
1019 922.695 95.6 1.65 -0.14
1020 923.937 97.3 1.64 -0.14
1021 924.190 109.2 1.90 0.22
1022 925.002 95.6 2.00 0.10
1023 926.709 92.2 1.64 0.24
1024 930.068 117.8 1.77 -0.14
1025 930.866 102.4 1.87 -0.02
1026 931.139 92.2 1.89 -0.06
1027 931.556 44.4 1.98 0.12
1028 932.921 58.0 2.01 0.01
1029 933.884 81.9 1.95 0.11
1030 934.239 51.2 1.89 0.18
1031 935.891 71.7 1.95 0.24
1032 938.888 51.2 1.83 0.12
1033 939.529 71.7 1.88 0.13
1034 939.987 95.6 1.83 0.17
1035 941.448 78.5 1.97 0.15
1036 942.328 71.7 1.89 0.17
1037 943.680 73.4 1.96 0.14
1038 944.841 68.3 1.90 0.21
1039 945.810 163.8 1.93 0.01
1040 946.015 71.7 1.77 0.01
1041 946.233 68.3 1.91 0.19
1042 947.155 35.8 1.82 0.11
1043 948.206 73.4 1.87 0.04
1044 948.663 81.9 1.78 0.07
1045 950.227 56.3 1.84 0.09
1046 950.377 56.3 1.82 0.12
1047 950.746 78.5 1.98 0.18
1048 950.991 81.9 1.88 0.14
1049 952.200 71.7 2.03 0.08
1050 954.084 78.5 1.68 0.07
1051 955.722 150.2 1.77 0.13
1052 955.838 68.3 1.82 0.11
1053 956.084 75.1 1.87 0.12
1054 956.589 81.9 1.53 0.17
1055 960.740 78.5 1.79 0.14
1056 961.416 112.6 1.92 0.00
1057 961.675 93.9 1.93 0.05
1058 962.064 81.9 1.90 0.05
1059 962.221 44.4 1.93 0.08
1060 964.017 75.1 2.07 0.20
1061 964.843 117.8 1.60 0.14
1062 965.382 81.9 1.63 0.14
1063 965.594 71.7 1.58 0.17
1064 965.873 85.3 1.49 0.17
1065 966.372 95.6 1.61 0.10
1066 967.273 81.9 1.65 0.08
1067 967.908 81.9 1.80 0.18
1068 968.317 88.7 1.82 0.18
1069 970.830 88.7 1.70 0.16
1070 972.884 81.9 1.85 0.01
1071 973.151 64.9 1.79 0.11
1072 974.414 129.7 1.90 0.05
1073 974.973 92.2 1.69 0.03
1074 976.953 85.3 1.95 0.22
1075 978.667 87.0 1.96 0.15
1076 978.899 100.7 1.97 0.19
1077 979.220 75.1 1.95 0.21
1078 980.510 75.1 1.97 0.03
1079 981.097 63.1 1.94 0.07
1080 983.302 75.1 1.79 0.28
1081 983.596 75.1 1.84 0.27
1082 983.834 71.7 1.86 0.28
1083 984.012 71.7 1.79 0.28
1084 984.927 81.9 1.67 0.14
1085 986.572 76.8 1.86 0.12
1086 986.790 88.7 1.89 0.10
1087 988.961 64.9 1.91 0.10
1088 989.965 61.4 1.97 0.18
1089 990.374 73.4 2.05 0.23
1090 991.712 85.3 1.96 0.23
1091 992.259 75.1 2.09 0.29
1092 993.781 75.1 1.92 0.29
1093 994.873 93.9 1.97 0.26
1094 995.105 39.3 1.96 0.17
1095 997.522 83.6 1.87 0.23
1096 997.788 32.4 1.91 0.05
1097 998.826 71.7 1.92 0.13
1098 1000.976 76.8 1.87 0.14
1099 1002.109 97.3 1.84 0.12
1100 1002.273 83.6 1.89 0.08
1101 1002.635 75.1 1.90 0.22
1102 1003.645 102.4 1.88 0.21
1103 1004.000 75.1 1.90 0.18
1104 1004.342 136.5 1.86 0.16
1105 1004.895 100.7 1.76 0.03
1106 1006.212 81.9 1.74 -0.01
1107 1006.799 75.1 1.71 0.04
1108 1008.192 80.2 1.75 0.06
1109 1010.254 64.9 1.89 0.11
1110 1010.390 100.7 1.92 0.12
1111 1010.697 76.8 1.82 -0.06
1112 1010.984 122.9 1.88 0.00
1113 1012.063 75.1 1.84 0.07
1114 1017.572 70.0 1.81 -0.08
1115 1017.729 116.1 1.89 0.01
1116 1018.132 73.4 1.98 0.01
1117 1018.412 81.9 1.76 0.01
1118 1018.896 153.6 1.70 -0.00
1119 1019.115 59.7 1.86 -0.13
1120 1022.036 88.7 1.95 -0.06
1121 1023.129 81.9 1.95 -0.12
1122 1024.187 129.7 1.95 0.07
1123 1025.047 58.0 2.00 0.09
1124 1025.225 78.5 2.05 0.12
1125 1025.327 88.7 2.06 0.15
1126 1028.686 109.2 1.92 0.13
1127 1029.027 85.3 1.99 0.03
1128 1031.000 41.0 1.91 0.11
1129 1031.764 68.3 1.98 -0.01
1130 1037.219 71.7 2.09 0.16
1131 1038.516 58.0 2.07 0.14
1132 1039.656 109.2 1.65 0.18
1133 1041.356 64.9 1.86 0.14
1134 1041.506 88.7 2.06 0.14
1135 1042.155 66.6 1.91 0.10
1136 1042.578 44.4 1.88 0.05
1137 1042.933 174.1 1.76 0.27
1138 1043.684 70.0 1.91 0.11
1139 1044.196 68.3 1.94 0.06
1140 1044.346 63.1 1.94 0.06
1141 1045.022 78.5 1.85 0.09
1142 1045.882 58.0 1.74 0.02
1143 1046.169 83.6 1.77 0.07
1144 1046.401 109.2 1.73 0.07
1145 1047.022 78.5 1.77 0.03
1146 1048.906 105.8 1.95 0.04
1147 1049.295 81.9 2.02 0.08
1148 1049.582 119.5 1.99 0.21
1149 1049.746 78.5 2.01 0.21
1150 1050.292 88.7 1.85 0.14
1151 1050.538 81.9 1.89 0.02
1152 1050.831 51.2 2.01 -0.07
1153 1051.418 56.3 1.95 -0.14
1154 1052.354 87.0 1.72 -0.08
1155 1054.456 81.9 1.84 0.10
1156 1054.593 85.3 1.82 0.10
1157 1055.392 129.7 1.85 0.11
1158 1055.958 63.1 1.89 0.09
1159 1056.381 90.5 1.83 0.05
1160 1057.945 119.5 1.73 0.01
1161 1058.184 95.6 2.02 -0.06
1162 1058.600 81.9 2.04 0.01
1163 1058.743 73.4 1.99 -0.05
1164 1059.208 100.7 1.98 -0.03
1165 1061.235 87.0 1.91 0.09
1166 1061.952 81.9 1.99 -0.02
1167 1062.655 52.9 2.11 -0.11
1168 1063.188 85.3 1.96 0.00
1169 1064.253 68.3 2.01 0.14
1170 1065.181 107.5 2.08 0.04
1171 1065.481 63.1 2.09 0.03
1172 1066.929 75.1 2.10 0.17
1173 1067.338 75.1 2.10 0.24
1174 1067.468 49.5 1.97 0.21
1175 1068.157 56.3 1.92 0.18
1176 1068.246 54.6 2.11 0.15
1177 1068.355 85.3 1.95 0.22
1178 1070.308 85.3 2.00 0.12
1179 1073.182 61.4 1.96 -0.05
1180 1073.516 92.2 1.99 -0.02
1181 1074.329 64.9 2.02 0.02
1182 1076.001 49.5 2.15 0.06
1183 1076.097 59.7 2.16 0.06
1184 1076.616 80.2 2.22 0.12
1185 1077.742 87.0 2.19 0.10
1186 1079.278 63.1 2.33 0.12
1187 1079.367 68.3 2.12 0.12
1188 1080.978 66.6 2.33 0.19
1189 1081.210 95.6 2.26 0.11
1190 1081.374 95.6 2.26 0.20
1191 1085.641 76.8 2.12 0.12
1192 1085.729 85.3 2.11 0.11
1193 1086.084 64.9 2.16 0.16
1194 1086.965 51.2 2.07 0.01
1195 1087.108 75.1 2.10 0.02
1196 1088.282 75.1 2.01 0.14
1197 1088.706 59.7 2.00 0.14
1198 1089.320 54.6 2.01 0.13
1199 1089.832 97.3 2.08 0.21
1200 1090.795 81.9 2.04 0.19
1201 1091.587 75.1 1.97 0.20
1202 1093.027 68.3 2.00 0.17
1203 1093.792 47.8 1.86 0.14
1204 1094.126 68.3 1.91 0.20
1205 1094.925 105.8 1.86 0.08
1206 1095.341 88.7 1.84 -0.01
1207 1095.601 68.3 1.80 0.02
1208 1097.321 49.5 1.77 -0.15
1209 1097.696 78.5 1.71 -0.10
1210 1098.256 75.1 1.84 0.11
1211 1098.427 85.3 1.85 0.05
1212 1102.550 122.9 2.00 0.18
1213 1102.898 78.5 2.00 0.21
1214 1103.485 47.8 2.00 0.26
1215 1105.411 56.3 2.13 0.27
1216 1107.288 85.3 1.80 0.02
1217 1108.175 75.1 1.97 0.21
1218 1108.919 99.0 2.06 0.24
1219 1109.425 68.3 2.12 0.20
1220 1109.561 58.0 2.09 0.27
1221 1110.251 46.1 2.16 0.27
1222 1110.804 73.4 2.12 0.28
1223 1110.906 51.2 2.07 0.23
1224 1111.193 68.3 2.10 0.27
1225 1111.691 51.2 2.11 0.23
1226 1112.442 88.7 2.14 0.24
1227 1113.002 59.7 2.16 0.21
1228 1113.350 250.9 2.14 0.13
1229 1113.671 30.7 2.18 0.18
1230 1113.780 37.5 2.10 0.20
1231 1113.876 47.8 2.16 0.19
1232 1115.350 52.9 2.13 0.26
1233 1115.732 81.9 2.10 0.27
1234 1115.917 73.4 2.12 0.28
1235 1116.797 95.6 2.18 0.18
1236 1117.890 87.0 2.22 0.21
1237 1118.095 102.4 2.11 0.27
1238 1121.822 87.0 2.04 0.25
1239 1122.450 59.7 2.07 0.32
1240 1122.614 42.7 2.08 0.23
1241 1123.392 46.1 2.09 0.30
1242 1123.658 51.2 2.10 0.26
1243 1124.696 58.0 2.09 0.19
1244 1127.242 122.9 1.99 0.03
1245 1128.894 81.9 1.92 0.10
1246 1129.413 66.6 1.95 0.08
1247 1129.734 85.3 1.99 0.04
1248 1130.697 56.3 2.06 0.11
1249 1131.188 92.2 2.11 0.07
1250 1132.431 105.8 1.99 0.11
1251 1133.018 75.1 2.04 0.06
1252 1133.461 29.0 1.99 0.06
1253 1135.953 80.2 1.89 0.10
1254 1137.114 59.7 2.06 0.17
1255 1137.264 59.7 1.98 0.13
1256 1139.162 37.5 2.07 0.12
1257 1139.230 35.8 2.07 0.11
1258 1140.220 68.3 1.97 -0.02
1259 1141.298 66.6 2.16 0.30
1260 1141.435 81.9 2.18 0.29
1261 1141.537 64.9 2.06 0.30
1262 1143.128 68.3 2.04 0.29
1263 1145.900 66.6 2.04 0.10
1264 1146.302 68.3 2.08 0.15
1265 1148.739 80.2 1.93 -0.00
1266 1149.654 141.7 1.91 0.04
1267 1150.903 58.0 1.95 0.07
1268 1151.545 88.7 1.91 -0.01
1269 1151.661 116.1 1.93 0.02
1270 1153.545 46.1 1.91 0.18
1271 1153.641 64.9 1.91 0.13
1272 1155.491 59.7 1.96 0.05
1273 1155.921 68.3 1.90 0.13
1274 1156.228 61.4 1.98 0.16
1275 1157.211 47.8 1.90 0.13
1276 1159.020 73.4 1.98 0.12
1277 1159.143 75.1 2.07 0.11
1278 1159.348 88.7 1.87 0.02
1279 1160.345 88.7 1.97 0.01
1280 1161.007 153.6 1.95 -0.01
1281 1161.594 58.0 2.00 0.10
1282 1161.833 116.1 1.95 0.03
1283 1162.311 112.6 1.91 0.08
1284 1163.383 133.1 1.97 0.13
1285 1163.854 64.9 2.05 0.17
1286 1164.953 68.3 2.17 0.23
1287 1165.089 58.0 2.14 0.18
1288 1165.260 71.7 2.10 0.11
1289 1166.161 64.9 2.05 0.08
1290 1166.345 64.9 2.04 0.05
1291 1167.977 58.0 1.97 0.14
1292 1168.045 54.6 2.05 0.13
1293 1168.284 63.1 1.98 0.11
1294 1168.366 46.1 2.00 0.09
1295 1168.564 63.1 2.01 0.13
1296 1169.492 75.1 2.03 0.24
1297 1171.145 68.3 1.94 0.22
1298 1171.923 87.0 1.94 0.15
1299 1173.063 52.9 1.88 0.20
1300 1174.974 102.4 1.84 0.16
1301 1175.807 83.6 1.96 0.20
1302 1177.480 78.5 2.01 0.20
1303 1178.060 88.7 1.91 0.24
1304 1180.087 64.9 1.87 0.13
1305 1180.197 64.9 1.87 0.16
1306 1180.613 81.9 1.85 0.09
1307 1181.275 109.2 1.91 0.08
1308 1181.849 70.0 1.91 0.04
1309 1183.296 80.2 1.97 0.04
1310 1185.651 95.6 1.81 -0.08
1311 1186.047 102.4 1.87 -0.16
1312 1186.696 81.9 1.81 -0.18
1313 1187.283 162.1 1.84 -0.09
1314 1188.334 88.7 1.79 -0.12
1315 1188.532 99.0 1.76 -0.10
1316 1189.781 95.6 1.73 -0.01
1317 1189.986 75.1 1.74 -0.04
1318 1190.116 95.6 1.72 -0.01
1319 1191.113 114.3 1.72 -0.00
1320 1191.966 68.3 1.74 0.09
1321 1192.191 88.7 1.73 0.02
1322 1192.375 175.8 1.70 0.01
1323 1194.608 92.2 1.79 0.07
1324 1198.308 56.3 1.98 0.11
1325 1198.567 64.9 1.96 0.10
1326 1199.598 88.7 2.02 0.19
1327 1205.462 170.7 1.97 -0.01
1328 1205.974 97.3 2.04 -0.03
1329 1206.118 87.0 2.06 -0.05
1330 1209.121 54.6 2.00 0.06
1331 1209.333 61.4 2.22 0.12
1332 1210.186 75.1 1.86 0.16
1333 1211.975 64.9 2.13 0.10
1334 1212.855 81.9 2.37 0.16
1335 1214.159 73.4 2.32 0.07
1336 1214.453 121.2 2.32 0.07
1337 1216.385 78.5 2.17 0.06
1338 1216.911 109.2 2.09 0.12
1339 1217.723 42.7 2.10 0.11
1340 1218.412 64.9 2.12 0.12
1341 1218.767 64.9 2.03 0.18
1342 1219.034 88.7 2.09 0.18
1343 1226.004 75.1 1.96 0.22
1344 1226.481 95.6 2.00 0.23
1345 1231.219 46.1 1.92 0.17
1346 1231.520 30.7 0.84 0.20
1347 1232.038 80.2 1.86 0.26
1348 1232.742 61.4 1.95 0.26
1349 1234.141 64.9 1.84 0.24
1350 1236.756 92.2 1.93 0.23
1351 1237.090 85.3 1.96 0.23
1352 1237.343 61.4 1.97 0.28
1353 1238.046 61.4 1.95 0.33
1354 1238.715 66.6 1.98 0.38
1355 1239.534 80.2 1.97 0.26
1356 1240.674 85.3 1.96 0.22
1357 1241.773 68.3 1.82 0.24
1358 1243.296 58.0 1.91 0.22
1359 1243.507 88.7 1.86 0.26
1360 1244.470 54.6 1.95 0.36
1361 1249.132 88.7 1.97 0.40
1362 1250.648 75.1 2.04 0.22
1363 1251.010 64.9 1.91 0.22
1364 1251.849 75.1 2.08 0.47
1365 1253.768 75.1 2.06 0.30
1366 1255.440 71.7 2.02 0.39
1367 1255.754 81.9 2.06 0.21
1368 1256.608 47.8 2.04 0.32
1369 1257.249 68.3 2.07 0.32
1370 1258.601 75.1 1.97 0.07
1371 1258.874 75.1 1.93 0.09
1372 1259.188 44.4 1.91 0.44
1373 1260.635 163.8 1.83 0.37
1374 1260.888 95.6 1.81 0.39
1375 1261.079 95.6 1.84 0.39
1376 1263.195 70.0 1.89 0.23
1377 1263.441 90.5 1.92 0.19
1378 1263.598 73.4 1.89 0.17
1379 1265.052 80.2 1.93 0.32
1380 1265.359 95.6 1.91 0.34
1381 1266.902 78.5 2.03 0.26
1382 1267.100 78.5 2.11 0.27
1383 1267.448 64.9 2.06 0.27
1384 1267.926 73.4 2.03 0.27
1385 1268.111 107.5 2.02 0.27
1386 1268.971 61.4 2.07 0.25
1387 1269.278 71.7 2.06 0.25
1388 1270.718 56.3 2.15 0.25
1389 1270.868 87.0 2.16 0.25
1390 1271.995 105.8 2.19 0.28
1391 1273.401 109.2 2.14 0.33
1392 1273.893 87.0 2.09 0.29
1393 1275.115 78.5 1.95 0.36
1394 1275.238 85.3 2.19 0.32
1395 1275.674 58.0 2.13 0.39
1396 1276.139 73.4 2.07 0.37
1397 1276.262 68.3 2.08 0.34
1398 1276.698 88.7 2.08 0.26
1399 1277.654 64.9 2.07 0.34
1400 1279.013 63.1 2.00 0.28
1401 1279.668 52.9 2.09 0.36
1402 1280.016 87.0 2.16 0.44
1403 1281.839 75.1 1.99 0.51
1404 1282.644 121.2 2.16 0.25
1405 1283.587 88.7 2.11 0.32
1406 1284.215 58.0 2.07 0.31
1407 1284.781 83.6 2.11 0.30
1408 1285.321 61.4 2.04 0.24
1409 1285.450 75.1 2.09 0.20
1410 1285.628 88.7 1.96 0.29
1411 1285.764 49.5 2.03 0.26
1412 1286.850 64.9 2.01 0.31
1413 1287.901 75.1 2.10 0.23
1414 1288.795 138.2 2.06 0.30
1415 1289.690 81.9 1.86 0.30
1416 1290.236 136.5 2.10 0.29
1417 1290.379 95.6 1.88 0.27
1418 1291.499 61.4 2.09 0.26
1419 1291.642 61.4 2.11 0.26
1420 1293.082 66.6 2.07 0.29
1421 1293.431 58.0 2.06 0.23
1422 1293.915 78.5 2.03 0.10
1423 1296.216 41.0 2.16 0.25
1424 1296.475 88.7 2.15 0.17
1425 1297.233 102.4 2.06 0.12
1426 1297.424 97.3 1.99 0.12
1427 1297.820 76.8 1.97 0.09
1428 1298.619 87.0 2.07 0.08
1429 1299.622 102.4 1.89 0.09
1430 1300.851 61.4 1.97 0.15
1431 1303.029 95.6 1.95 0.16
1432 1303.145 92.2 2.10 0.16
1433 1304.271 109.2 1.98 0.10
1434 1305.213 76.8 2.05 0.19
1435 1306.620 42.7 2.08 0.25
1436 1307.186 75.1 2.03 0.25
1437 1307.412 102.4 1.94 0.31
1438 1308.920 61.4 2.02 0.26
1439 1309.371 88.7 1.98 0.15
1440 1309.767 81.9 1.84 0.12
1441 1310.852 148.5 1.83 0.11
1442 1312.074 146.8 1.89 0.18
1443 1312.320 102.4 2.03 0.08
1444 1312.702 100.7 1.93 0.15
1445 1313.173 68.3 1.97 0.07
1446 1314.621 75.1 2.03 0.05
1447 1316.198 81.9 1.90 0.09
1448 1316.600 88.7 1.91 0.09
1449 1316.969 95.6 2.03 0.16
1450 1317.153 122.9 1.89 0.10
1451 1318.573 66.6 2.10 0.30
1452 1318.737 70.0 1.88 0.33
1453 1318.874 58.0 1.95 0.20
1454 1321.324 76.8 2.03 0.21
1455 1322.219 109.2 2.04 0.08
1456 1322.724 88.7 2.02 0.06
1457 1323.290 75.1 2.06 0.11
1458 1324.192 95.6 2.01 0.11
1459 1325.270 88.7 1.99 0.06
1460 1325.673 76.8 1.98 0.02
1461 1326.199 51.2 1.95 0.01
1462 1326.704 81.9 1.86 0.09
1463 1327.202 75.1 1.85 0.04
1464 1327.694 46.1 1.88 0.10
1465 1329.578 71.7 1.98 0.08
1466 1331.380 64.9 1.99 0.15
1467 1332.186 68.3 1.89 0.16
1468 1333.162 35.8 1.98 0.08
1469 1333.988 59.7 1.96 0.15
1470 1334.268 63.1 1.96 0.19
1471 1334.350 64.9 1.96 0.14
1472 1335.012 68.3 2.01 0.14
1473 1335.708 92.2 2.02 0.16
1474 1336.295 95.6 1.96 0.15
1475 1337.811 100.7 1.83 0.13
1476 1340.343 68.3 2.16 0.16
1477 1340.610 88.7 2.17 0.14
1478 1342.364 63.1 2.01 0.07
1479 1342.910 93.9 2.00 -0.00
1480 1343.572 70.0 2.01 0.13
1481 1343.975 68.3 2.05 0.09
1482 1344.050 66.6 1.99 0.07
1483 1345.511 126.3 2.07 0.16
1484 1345.702 109.2 1.87 0.17
1485 1346.010 49.5 2.08 0.18
1486 1346.624 75.1 1.84 0.33
1487 1350.911 64.9 1.93 0.15
1488 1354.905 59.7 1.92 -0.08
1489 1355.171 71.7 1.92 0.18
1490 1355.669 58.0 1.92 0.13
1491 1356.966 87.0 1.88 0.10
1492 1357.553 54.6 1.91 0.15
1493 1357.902 76.8 1.92 0.17
1494 1359.608 61.4 1.89 0.21
1495 1362.912 41.0 1.92 0.09
1496 1362.974 49.5 1.98 0.09
1497 1363.083 100.7 1.96 0.12
1498 1363.213 42.7 2.04 0.14
1499 1365.008 81.9 1.94 0.14
1500 1368.101 92.2 1.92 0.06
1501 1370.272 80.2 1.94 0.17
1502 1372.900 59.7 2.00 0.14
1503 1373.528 68.3 2.06 0.22
1504 1373.719 56.3 1.97 0.18
1505 1374.415 78.5 2.07 0.22
1506 1375.050 75.1 2.02 0.03
1507 1377.658 80.2 1.94 0.15
1508 1378.423 59.7 1.93 0.11
1509 1378.621 58.0 1.92 0.06
1510 1378.696 73.4 2.07 0.05
1511 1378.791 64.9 2.08 0.01
1512 1379.494 85.3 1.90 0.06
1513 1379.904 71.7 1.96 0.04
1514 1380.027 64.9 1.87 -0.00
1515 1380.641 51.2 1.98 0.04
1516 1380.703 58.0 1.97 0.03
1517 1381.993 110.9 1.76 0.05
1518 1382.471 58.0 1.85 0.05
1519 1382.751 129.7 1.88 0.08
1520 1383.857 81.9 1.93 -0.17
1521 1384.519 122.9 1.81 -0.10
1522 1384.785 88.7 1.81 -0.05
1523 1385.133 56.3 1.80 0.06
1524 1385.556 81.9 1.95 -0.05
1525 1386.171 64.9 1.91 0.01
1526 1386.526 54.6 1.91 0.10
1527 1387.092 99.0 1.98 -0.01
1528 1387.755 63.1 1.94 0.01
1529 1388.103 71.7 1.98 -0.10
1530 1388.902 64.9 1.74 0.02
1531 1389.434 42.7 1.83 0.04
1532 1390.199 102.4 1.86 0.13
1533 1393.312 88.7 1.81 0.08
1534 1393.776 42.7 1.83 0.09
1535 1393.967 52.9 1.90 0.06
1536 1395.660 119.5 1.98 0.03
1537 1397.599 64.9 2.00 0.15
1538 1399.196 88.7 1.83 -0.25
1539 1399.735 75.1 2.01 -0.16
1540 1401.681 64.9 1.98 -0.09
1541 1401.797 64.9 1.97 -0.00
1542 1402.104 70.0 1.90 -0.00
1543 1403.818 122.9 1.88 -0.07
1544 1404.384 143.4 1.83 -0.05
1545 1405.955 88.7 1.76 0.26
1546 1406.480 71.7 1.78 0.05
1547 1406.705 47.8 1.75 0.12
1548 1407.286 90.5 1.74 -0.02
1549 1409.184 81.9 1.90 0.09
1550 1409.559 95.6 1.86 0.10
1551 1409.709 87.0 1.87 0.10
1552 1411.361 105.8 1.81 0.01
1553 1411.580 116.1 1.71 -0.00
1554 1413.259 81.9 1.76 -0.22
1555 1413.635 78.5 1.73 -0.09
1556 1414.276 102.4 1.88 -0.15
1557 1414.590 41.0 1.80 -0.20
1558 1415.491 126.3 1.90 -0.05
1559 1415.778 109.2 1.92 0.03
1560 1416.174 85.3 1.92 -0.03
1561 1416.604 112.6 1.88 0.07
1562 1417.833 47.8 1.96 -0.01
1563 1418.891 58.0 1.85 0.10
1564 1419.437 64.9 1.79 0.20
1565 1422.025 68.3 1.80 0.11
1566 1423.629 68.3 2.11 0.10
1567 1423.786 64.9 2.13 0.10
1568 1427.015 85.3 2.09 -0.01
1569 1427.977 93.9 2.19 0.15
1570 1428.100 87.0 2.17 0.15
1571 1428.954 71.7 1.98 0.11
1572 1429.438 102.4 2.00 0.11
1573 1430.121 71.7 2.11 -0.09
1574 1430.387 63.1 2.06 -0.12
1575 1433.077 126.3 2.07 -0.04
1576 1433.234 102.4 2.11 -0.04
1577 1433.336 66.6 2.13 0.01
1578 1433.637 66.6 2.14 0.03
1579 1434.360 41.0 2.12 0.05
1580 1435.780 75.1 2.13 0.10
1581 1436.565 58.0 2.18 0.07
1582 1437.425 56.3 2.06 -0.01
1583 1439.876 73.4 1.81 -0.09
1584 1440.661 122.9 1.88 -0.02
1585 1443.071 58.0 1.77 0.00
1586 1447.611 30.7 1.96 0.11
1587 1449.174 47.8 2.05 0.22
1588 1449.215 18.8 2.10 0.21
1589 1450.963 66.6 2.14 0.14
1590 1451.154 49.5 1.98 0.14
1591 1452.881 64.9 2.11 0.06
1592 1453.291 61.4 2.03 0.02
1593 1453.516 81.9 2.20 0.07
1594 1453.734 85.3 2.18 0.05
1595 1453.919 44.4 2.19 0.04
1596 1454.403 81.9 2.15 0.05
1597 1455.912 116.1 2.10 0.01
1598 1456.731 88.7 2.07 -0.01
1599 1456.957 35.8 2.00 0.01
1600 1459.947 116.1 2.18 0.06
1601 1460.629 49.5 2.22 0.06
1602 1462.534 88.7 2.28 0.07
1603 1463.981 68.3 2.23 -0.03
1604 1464.500 68.3 2.26 0.01
1605 1464.766 85.3 2.22 0.12
1606 1465.053 64.9 2.23 0.15
1607 1465.777 104.1 2.13 0.10
1608 1467.408 51.2 2.12 0.01
1609 1468.644 81.9 2.17 0.08
1610 1469.347 64.9 2.16 0.10
1611 1469.627 52.9 2.15 0.12
1612 1470.822 114.3 2.21 0.03
1613 1471.375 129.7 2.12 0.11
1614 1471.743 68.3 2.16 0.11
1615 1472.084 75.1 2.06 0.20
1616 1472.358 46.1 2.07 0.11
1617 1472.446 59.7 2.09 0.10
1618 1474.590 117.8 2.16 0.13
1619 1474.740 68.3 2.13 0.13
1620 1477.300 95.6 2.11 0.21
1621 1477.566 75.1 2.13 0.28
1622 1477.710 95.6 2.03 0.36
1623 1478.112 107.5 1.94 0.35
1624 1478.263 78.5 1.98 0.23
1625 1479.792 64.9 2.08 0.27
1626 1481.021 71.7 2.00 0.19
1627 1481.362 58.0 2.00 0.18
1628 1483.116 87.0 1.84 0.09
1629 1483.417 87.0 1.78 0.04
1630 1484.011 80.2 1.83 0.06
1631 1484.721 47.8 1.85 0.03
1632 1485.786 76.8 1.89 0.10
1633 1488.291 64.9 1.69 0.05
1634 1491.527 78.5 1.76 -0.00
1635 1491.704 95.6 1.77 0.04
1636 1492.360 109.2 1.91 0.04
1637 1492.988 116.1 1.78 0.12
1638 1494.763 116.1 1.68 0.13
1639 1494.947 141.7 1.84 0.13
1640 1495.268 78.5 1.81 0.02
1641 1495.862 58.0 1.96 0.21
1642 1496.026 49.5 2.15 0.21
1643 1496.538 63.1 2.07 0.22
1644 1497.616 63.1 1.95 -0.02
1645 1497.684 51.2 2.10 -0.02
1646 1499.057 75.1 1.98 0.26
1647 1500.217 59.7 2.04 0.13
1648 1500.415 68.3 1.98 0.04
1649 1502.429 87.0 1.99 0.15
1650 1503.849 88.7 1.87 0.18
1651 1505.399 61.4 2.03 0.25
1652 1506.143 116.1 1.93 0.25
1653 1506.313 102.4 1.96 0.24
1654 1507.139 75.1 1.94 0.21
1655 1507.706 92.2 1.71 0.20
1656 1507.870 99.0 1.92 0.20
1657 1509.365 83.6 1.75 0.18
1658 1509.870 122.9 1.83 0.03
1659 1510.519 80.2 1.86 0.13
1660 1511.570 95.6 1.85 0.01
1661 1512.655 46.1 1.95 -0.11
1662 1515.837 88.7 1.98 -0.11
1663 1516.663 49.5 1.99 -0.01
1664 1517.373 85.3 1.94 0.07
1665 1519.229 102.4 1.91 0.12
1666 1519.830 88.7 2.02 -0.01
1667 1524.595 70.0 2.23 0.13
1668 1524.711 59.7 2.18 0.13
1669 1525.387 109.2 2.17 0.20
1670 1526.609 61.4 2.12 0.16
1671 1531.633 73.4 1.88 -0.12
1672 1532.958 76.8 2.05 0.07
1673 1533.224 78.5 2.01 0.13
1674 1533.415 80.2 1.87 -0.04
1675 1534.398 88.7 1.99 0.21
1676 1534.897 83.6 1.97 0.21
1677 1534.985 56.3 1.97 0.21
1678 1535.723 87.0 1.94 0.10
1679 1535.921 80.2 1.95 0.04
1680 1536.146 75.1 1.81 0.09
1681 1536.972 23.9 1.97 0.10
1682 1538.242 83.6 2.08 0.07
1683 1538.685 73.4 2.00 0.11
1684 1538.849 93.9 2.01 0.03
1685 1539.116 23.9 2.06 0.03
1686 1539.273 61.4 2.01 0.09
1687 1540.488 63.1 1.86 -0.00
1688 1542.706 119.5 1.95 0.03
1689 1543.764 92.2 2.06 0.03
1690 1544.038 81.9 2.13 0.07
1691 1544.208 68.3 2.17 0.07
1692 1544.468 41.0 2.03 0.06
1693 1546.161 75.1 2.08 -0.01
1694 1546.591 73.4 2.08 0.01
1695 1546.666 64.9 2.06 0.06
1696 1547.328 52.9 2.03 0.09
1697 1548.024 76.8 2.05 0.09
1698 1548.939 95.6 2.10 0.08
1699 1550.147 83.6 2.03 -0.03
1700 1551.547 81.9 2.08 0.05
1701 1555.404 68.3 2.04 0.01
1702 1555.984 61.4 2.04 0.06
1703 1556.155 59.7 2.08 0.06
1704 1556.721 44.4 2.06 0.01
1705 1557.629 64.9 1.86 -0.03
1706 1557.998 47.8 1.90 0.02
1707 1559.718 83.6 1.88 0.08
1708 1560.838 63.1 1.86 -0.02
1709 1560.927 75.1 1.92 -0.05
1710 1562.115 95.6 2.03 -0.00
1711 1562.429 136.5 1.74 -0.12
1712 1562.579 102.4 2.04 -0.12
1713 1563.528 93.9 1.96 0.06
1714 1568.122 51.2 2.06 0.09
1715 1569.412 109.2 1.94 0.12
1716 1569.556 88.7 1.97 0.12
1717 1571.822 99.0 1.69 0.01
1718 1572.416 66.6 1.99 -0.00
1719 1573.426 80.2 1.99 0.08
1720 1573.679 102.4 2.14 0.12
1721 1573.843 99.0 1.88 0.13
1722 1575.249 61.4 2.03 0.08
1723 1575.570 134.8 1.93 0.05
1724 1576.867 63.1 1.97 0.10
1725 1577.577 117.8 2.04 0.11
1726 1577.993 78.5 1.95 0.14
1727 1578.239 73.4 1.99 0.13
1728 1579.079 88.7 1.90 0.11
1729 1579.536 56.3 1.87 0.12
1730 1580.683 88.7 1.99 0.05
1731 1582.021 102.4 1.93 0.05
1732 1582.636 42.7 2.00 0.13
1733 1584.076 59.7 2.07 0.18
1734 1584.806 157.0 2.00 0.09
1735 1585.796 88.7 1.92 0.07
1736 1586.629 109.2 1.95 -0.01
1737 1586.813 37.5 2.00 -0.02
1738 1586.970 51.2 2.04 -0.09
1739 1587.517 64.9 2.12 -0.01
1740 1588.124 32.4 2.02 -0.00
1741 1588.677 107.5 2.14 -0.00
1742 1589.298 68.3 2.03 0.07
1743 1590.227 54.6 1.98 0.05
1744 1591.080 63.1 2.10 0.04
1745 1592.589 107.5 2.19 -0.01
1746 1593.708 61.4 2.16 0.05
1747 1594.057 105.8 1.98 0.13
1748 1595.251 63.1 2.01 -0.17
1749 1595.517 66.6 2.08 0.03
1750 1596.350 59.7 2.09 0.13
1751 1599.538 119.5 1.98 0.07
1752 1600.166 163.8 2.00 0.00
1753 1600.371 78.5 2.05 -0.06
1754 1600.521 58.0 1.97 0.12
1755 1601.156 95.6 2.01 0.12
1756 1601.737 73.4 2.01 0.02
1757 1602.371 71.7 2.02 0.04
1758 1604.262 107.5 2.09 -0.08
1759 1607.068 116.1 2.07 0.04
1760 1608.174 71.7 2.01 -0.04
1761 1611.048 54.6 2.14 -0.01
1762 1611.874 73.4 2.16 -0.00
1763 1613.813 58.0 2.05 -0.01
1764 1615.342 81.9 2.12 -0.12
1765 1615.636 186.0 2.20 -0.01
1766 1616.926 76.8 2.02 0.06
1767 1617.288 92.2 2.09 0.04
1768 1617.438 88.7 2.07 0.00
1769 1618.810 64.9 2.03 -0.03
1770 1618.933 71.7 2.12 0.02
1771 1619.247 63.1 2.03 -0.11
1772 1622.155 73.4 2.09 0.17
1773 1622.858 76.8 2.15 -0.01
1774 1623.247 37.5 2.07 0.01
1775 1623.384 56.3 2.08 0.00
1776 1624.333 88.7 2.14 0.00
1777 1624.852 68.3 2.15 0.04
1778 1625.329 59.7 2.09 0.07
1779 1632.040 73.4 2.08 0.06
1780 1632.143 73.4 2.20 -0.01
1781 1633.030 95.6 2.09 0.06
1782 1634.607 39.3 2.03 -0.01
1783 1635.651 54.6 2.01 -0.02
1784 1637.017 88.7 2.06 -0.01
1785 1638.095 46.1 2.14 0.08
1786 1638.246 75.1 2.08 0.08
1787 1638.717 61.4 2.09 0.15
1788 1638.846 71.7 2.04 -0.00
1789 1639.584 85.3 2.09 0.04
1790 1639.918 71.7 2.13 0.14
1791 1640.539 64.9 2.12 0.12
1792 1641.727 97.3 2.12 -0.05
1793 1643.106 75.1 2.06 -0.04
1794 1643.304 109.2 2.15 0.18
1795 1644.123 64.9 2.18 0.20
1796 1645.734 44.4 2.13 0.10
1797 1646.321 78.5 2.09 0.06
1798 1647.605 78.5 2.01 0.16
1799 1647.980 102.4 2.02 0.02
1800 1650.063 71.7 2.02 0.04
1801 1650.800 85.3 1.97 0.09
1802 1651.223 102.4 1.89 0.08
1803 1653.455 138.2 2.04 0.03
1804 1653.660 114.3 2.07 0.00
1805 1655.101 70.0 2.13 0.01
1806 1656.213 61.4 2.09 0.25
1807 1656.650 46.1 2.10 0.12
1808 1657.422 59.7 1.84 0.06
1809 1657.954 37.5 2.02 -0.11
1810 1659.948 41.0 2.11 0.14
1811 1660.152 143.4 2.05 0.08
1812 1660.405 95.6 2.11 0.09
1813 1661.798 59.7 2.08 0.04
1814 1661.920 134.8 2.13 0.02
1815 1662.467 102.4 2.11 0.05
1816 1663.443 68.3 1.97 0.18
1817 1663.955 92.2 2.00 0.16
1818 1664.399 42.7 2.00 0.10
1819 1664.556 92.2 2.04 0.21
1820 1664.753 66.6 2.24 0.10
1821 1665.498 63.1 1.83 0.12
1822 1667.744 52.9 1.99 0.09
1823 1668.733 78.5 2.12 0.14
1824 1669.839 59.7 1.94 0.04
1825 1670.379 75.1 2.14 0.06
1826 1672.727 71.7 2.04 0.10
1827 1673.041 88.7 1.97 0.03
1828 1673.765 117.8 2.08 0.22
1829 1674.891 92.2 2.11 0.28
1830 1675.000 88.7 2.14 0.25
1831 1676.127 107.5 2.09 0.14
1832 1676.400 44.4 2.02 0.16
1833 1676.482 75.1 2.03 0.13
1834 1676.721 64.9 2.10 0.13
1835 1676.850 75.1 2.06 0.13
1836 1677.663 81.9 2.02 0.13
1837 1678.980 41.0 2.05 -0.00
1838 1679.895 68.3 2.01 -0.01
1839 1680.769 68.3 2.14 0.04
1840 1680.905 59.7 2.17 0.02
1841 1681.049 68.3 2.18 0.04
1842 1682.168 68.3 2.11 -0.08
1843 1682.462 59.7 2.18 0.09
1844 1682.871 76.8 2.04 0.28
1845 1686.769 70.0 2.01 -0.06
1846 1687.118 52.9 2.02 -0.05
1847 1689.172 107.5 2.02 0.05
1848 1689.329 70.0 2.06 0.05
1849 1689.473 112.6 1.98 0.04
1850 1689.841 75.1 1.94 0.01
1851 1690.121 54.6 2.12 0.19
1852 1690.729 119.5 2.10 0.09
1853 1690.947 73.4 2.15 0.07
1854 1692.408 61.4 1.96 -0.11
1855 1697.105 87.0 2.08 -0.13
1856 1698.109 68.3 1.92 -0.15
1857 1700.628 90.5 2.04 -0.07
1858 1700.860 75.1 2.09 -0.07
1859 1701.119 102.4 2.06 -0.09
1860 1701.338 83.6 2.03 -0.11
1861 1703.816 81.9 2.04 0.04
1862 1706.854 129.7 2.01 -0.14
1863 1707.106 68.3 2.07 -0.15
1864 1708.246 64.9 1.94 -0.02
1865 1709.707 68.3 2.03 0.12
1866 1711.352 76.8 1.88 0.27
1867 1712.199 102.4 1.82 -0.04
1868 1713.387 88.7 1.76 0.10
1869 1714.834 211.6 1.84 0.12
1870 1715.325 70.0 1.80 0.14
1871 1717.066 64.9 1.76 0.05
1872 1717.558 75.1 1.74 0.22
1873 1717.715 68.3 1.77 0.13
1874 1722.555 70.0 1.91 0.10
1875 1725.081 59.7 2.16 0.35
1876 1725.777 102.4 1.54 0.24
1877 1726.036 70.0 2.27 0.31
1878 1734.986 56.3 2.18 0.17
1879 1735.232 47.8 2.19 0.20
1880 1735.792 64.9 2.18 0.15
1881 1737.219 75.1 2.18 0.25
1882 1738.652 71.7 2.16 0.17
1883 1738.946 146.8 2.17 0.18
1884 1739.205 71.7 2.11 0.17
1885 1740.113 76.8 2.03 0.21
1886 1740.297 78.5 2.06 0.18
1887 1741.499 116.1 2.08 0.10
1888 1741.956 99.0 2.12 0.13
1889 1742.216 37.5 2.12 0.14
1890 1742.448 88.7 2.13 0.13
1891 1743.008 102.4 2.10 0.17
1892 1743.226 75.1 2.15 0.17
1893 1743.547 49.5 2.20 0.18
1894 1744.585 64.9 2.16 0.15
1895 1744.707 102.4 2.17 0.17
1896 1745.274 56.3 2.10 0.17
1897 1745.363 71.7 2.12 0.18
1898 1746.564 95.6 2.09 0.09
1899 1746.667 63.1 2.03 0.15
1900 1748.483 66.6 2.14 0.12
1901 1749.507 109.2 2.11 0.10
1902 1749.848 109.2 2.06 0.14
1903 1750.060 92.2 2.10 0.18
1904 1750.647 61.4 2.11 0.22
1905 1752.585 68.3 2.08 0.16
1906 1753.179 100.7 1.87 0.16
1907 1755.255 126.3 2.01 0.13
1908 1755.869 68.3 2.05 0.12
1909 1757.111 61.4 1.96 0.09
1910 1760.245 157.0 2.05 0.20
1911 1760.470 73.4 2.04 0.20
1912 1760.757 88.7 2.08 0.22
1913 1761.228 68.3 2.15 0.26
1914 1761.801 116.1 1.98 0.30
1915 1762.709 61.4 2.07 0.29
1916 1763.938 68.3 1.99 0.19
1917 1764.027 68.3 1.96 0.19
1918 1765.256 81.9 2.06 0.25
1919 1765.672 68.3 2.09 0.07
1920 1765.932 68.3 2.14 0.12
1921 1766.089 75.1 2.04 0.19
1922 1767.413 39.3 1.95 0.14
1923 1769.270 138.2 1.92 0.26
1924 1770.724 70.0 2.01 0.20
1925 1771.461 66.6 2.02 0.24
1926 1771.966 116.1 2.07 0.21
1927 1775.025 97.3 1.94 0.29
1928 1775.120 58.0 1.95 0.34
1929 1775.578 58.0 1.96 0.36
1930 1775.748 95.6 1.92 0.35
1931 1778.718 73.4 1.88 0.33
1932 1779.571 49.5 2.00 0.34
1933 1779.667 78.5 1.96 0.35
1934 1781.312 59.7 1.95 0.27
1935 1783.797 63.1 1.84 0.11
1936 1784.514 59.7 2.01 0.14
1937 1784.637 68.3 1.95 0.10
1938 1784.773 78.5 1.96 0.14
1939 1788.323 85.3 1.92 0.18
1940 1788.644 63.1 1.94 0.27
1941 1789.681 56.3 1.87 0.29
1942 1789.845 58.0 1.93 0.31
1943 1790.699 81.9 1.96 0.26
1944 1792.119 88.7 2.10 0.34
1945 1793.839 88.7 1.96 0.33
1946 1794.208 54.6 2.01 0.32
1947 1794.897 68.3 1.91 0.33
1948 1795.102 73.4 2.02 0.34
1949 1796.201 75.1 1.97 0.25
1950 1799.246 71.7 2.19 0.43
1951 1800.433 35.8 2.05 0.32
1952 1800.768 97.3 2.06 0.25
1953 1801.417 87.0 1.99 0.27
1954 1801.819 58.0 1.97 0.32
1955 1802.953 95.6 1.88 0.43
1956 1803.533 73.4 2.10 0.30
1957 1804.598 58.0 2.12 0.31
1958 1805.356 66.6 2.16 0.35
1959 1805.499 66.6 2.18 0.31
1960 1805.922 90.5 2.01 0.34
1961 1806.229 47.8 2.16 0.37
1962 1806.673 78.5 2.14 0.30
1963 1806.762 58.0 2.06 0.36
1964 1811.923 184.3 1.92 0.28
1965 1813.513 71.7 2.06 0.17
1966 1814.374 51.2 2.15 0.20
1967 1814.565 64.9 2.12 0.23
1968 1815.514 56.3 2.18 0.25
1969 1816.654 81.9 2.08 0.32
1970 1817.487 75.1 2.06 0.27
1971 1818.586 92.2 2.15 0.30
1972 1818.790 104.1 2.08 0.34
1973 1820.490 75.1 2.06 0.28
1974 1821.214 122.9 2.12 0.34
1975 1821.460 56.3 1.97 0.33
1976 1824.695 68.3 2.16 0.21
1977 1827.631 61.4 2.14 0.52
1978 1828.539 66.6 2.10 0.33
1979 1830.512 61.4 2.13 0.21
1980 1831.447 92.2 2.14 0.21
1981 1831.584 88.7 2.09 0.21
1982 1833.133 58.0 2.08 0.29
1983 1833.591 64.9 2.12 0.25
1984 1833.693 54.6 2.10 0.25
1985 1834.929 61.4 2.06 0.34
1986 1835.802 52.9 2.05 0.24
1987 1839.045 102.4 2.09 0.32
1988 1839.625 90.5 2.05 0.27
1989 1840.096 49.5 2.09 0.24
1990 1840.602 64.9 2.05 0.24
1991 1840.670 49.5 2.04 0.24
1992 1840.895 58.0 2.10 0.23
1993 1841.619 61.4 2.13 0.24
1994 1842.110 68.3 2.09 0.32
1995 1842.738 83.6 2.09 0.29
1996 1843.387 78.5 1.95 0.24
1997 1843.940 70.0 2.10 0.34
1998 1844.247 78.5 2.20 0.34
1999 1847.340 68.3 2.08 0.34
2000 1848.855 39.3 2.03 0.29
