1 1.960 120.6 0.97 0.08
2 4.846 118.3 1.01 0.05
3 7.558 163.8 0.98 0.06
4 7.840 154.7 0.98 0.06
5 9.470 254.9 0.97 0.01
6 12.137 91.0 1.01 0.09
7 12.528 109.2 1.03 -0.02
8 13.375 109.2 1.05 -0.02
9 13.821 86.5 1.01 0.02
10 14.203 109.2 1.05 -0.04
11 14.676 150.2 1.04 -0.08
12 15.140 159.3 1.03 -0.07
13 15.823 91.0 1.04 -0.05
14 18.135 152.5 1.01 -0.03
15 19.746 34.1 1.00 0.02
16 19.901 145.6 1.01 0.01
17 20.465 118.3 0.96 0.01
18 20.948 188.9 0.99 -0.00
19 21.157 136.5 0.99 0.00
20 21.976 150.2 0.93 -0.03
21 22.377 145.6 1.03 -0.03
22 24.616 136.5 1.00 -0.02
23 25.899 320.9 0.92 0.01
24 26.218 227.6 0.96 0.02
25 27.328 145.6 0.96 0.01
26 27.492 122.9 0.93 0.01
27 28.311 47.8 0.90 0.02
28 28.448 45.5 0.91 0.02
29 28.976 136.5 0.91 0.03
30 30.742 116.1 0.91 0.02
31 31.115 182.0 0.93 0.01
32 31.361 129.7 0.93 -0.02
33 31.797 109.2 0.91 -0.01
34 32.152 289.0 0.94 -0.01
35 34.364 136.5 1.04 0.05
36 36.239 72.8 0.97 -0.04
37 40.235 159.3 0.97 -0.04
38 41.819 227.6 0.98 -0.08
39 45.487 200.2 0.89 0.02
40 45.697 157.0 0.86 0.02
41 45.815 81.9 0.90 0.01
42 47.599 136.5 0.85 -0.03
43 51.094 300.4 1.04 -0.10
44 53.506 127.4 0.87 -0.08
45 57.174 109.2 0.89 -0.04
46 59.177 122.9 0.89 -0.06
47 60.788 107.0 0.90 -0.04
48 61.243 141.1 0.92 -0.05
49 62.135 136.5 0.95 -0.03
50 64.757 166.1 0.98 -0.05
51 65.721 241.2 1.02 -0.02
52 66.295 154.7 0.98 -0.07
53 68.134 136.5 0.99 -0.02
54 69.845 134.3 0.98 0.01
55 70.163 157.0 1.00 -0.03
56 70.318 134.3 0.96 -0.03
57 70.409 77.4 1.02 0.01
58 71.802 191.1 1.03 -0.00
59 71.975 134.3 1.03 -0.00
60 72.767 63.7 0.99 -0.03
61 72.885 97.8 1.02 0.01
62 73.112 72.8 0.97 -0.00
63 73.558 97.8 1.03 -0.01
64 73.704 118.3 1.02 -0.03
65 74.150 129.7 1.03 -0.02
66 74.441 134.3 0.96 -0.02
67 74.906 109.2 1.04 -0.01
68 77.645 163.8 1.06 -0.00
69 80.558 291.3 1.05 -0.09
70 81.377 191.1 1.08 -0.07
71 82.178 182.0 0.97 -0.08
72 83.671 254.9 1.03 -0.00
73 84.117 132.0 1.00 0.03
74 84.863 172.9 1.08 -0.00
75 85.064 168.4 0.98 -0.01
76 85.710 284.4 1.09 -0.01
77 88.204 150.2 1.13 -0.03
78 88.777 127.4 0.95 -0.05
79 89.378 163.8 0.98 -0.04
80 89.861 145.6 0.97 -0.06
81 90.798 177.5 1.09 -0.03
82 91.572 150.2 1.00 -0.04
83 91.881 172.9 1.13 -0.01
84 93.219 159.3 1.12 0.00
85 93.374 107.0 1.06 -0.00
86 94.093 145.6 1.07 0.00
87 95.167 118.3 1.10 0.05
88 95.522 125.2 1.08 0.01
89 97.170 163.8 1.10 -0.04
90 97.925 136.5 1.06 -0.03
91 98.408 127.4 1.06 -0.03
92 98.744 136.5 1.05 -0.04
93 99.891 150.2 1.04 0.00
94 100.665 154.7 1.02 0.02
95 100.911 127.4 1.04 0.01
96 102.149 166.1 0.98 0.04
97 102.768 66.0 1.01 0.02
98 102.931 209.4 1.03 0.00
99 105.216 109.2 1.04 -0.01
100 107.619 200.2 1.07 0.01
101 107.856 100.1 1.07 0.01
102 108.429 172.9 1.05 0.01
103 109.130 141.1 1.09 0.04
104 110.231 136.5 1.09 0.08
105 110.513 118.3 1.00 0.05
106 110.696 138.8 1.00 0.02
107 111.351 191.1 1.05 0.13
108 112.434 172.9 1.08 0.05
109 114.163 127.4 1.08 0.02
110 114.819 100.1 1.05 0.03
111 115.247 109.2 1.06 0.03
112 116.130 127.4 1.06 0.02
113 116.621 129.7 1.06 0.03
114 117.167 109.2 1.07 0.04
115 117.458 129.7 1.06 0.04
116 117.622 159.3 1.08 0.03
117 119.634 118.3 1.04 0.04
118 120.125 218.5 1.04 -0.00
119 122.528 159.3 1.03 0.01
120 123.120 191.1 1.08 0.01
121 124.021 127.4 1.08 0.01
122 124.904 100.1 1.04 0.01
123 126.042 136.5 1.07 -0.03
124 126.269 122.9 1.09 -0.03
125 126.825 109.2 1.08 -0.04
126 127.262 118.3 1.10 -0.06
127 128.782 127.4 1.10 -0.04
128 129.009 245.8 1.09 -0.02
129 129.346 104.7 1.13 -0.04
130 131.267 95.6 1.09 -0.03
131 131.622 132.0 1.06 -0.00
132 132.213 107.0 1.09 -0.02
133 132.468 109.2 1.06 0.02
134 134.634 270.8 1.09 0.02
135 134.898 66.0 1.08 0.01
136 135.690 118.3 1.10 0.01
137 135.863 118.3 1.08 0.01
138 136.291 104.7 1.08 -0.01
139 136.710 132.0 1.06 -0.03
140 136.864 127.4 1.09 -0.00
141 138.075 136.5 1.06 0.01
142 138.648 102.4 1.06 -0.02
143 140.050 161.6 1.09 -0.04
144 140.642 109.2 1.05 0.01
145 142.153 145.6 1.05 0.04
146 143.027 79.6 1.05 -0.02
147 143.600 104.7 1.04 0.05
148 145.484 191.1 1.04 0.06
149 146.686 275.3 1.01 0.01
150 148.934 129.7 1.06 0.03
151 149.735 172.9 1.06 0.01
152 150.035 184.3 1.01 0.03
153 150.973 154.7 1.04 0.01
154 151.346 93.3 1.05 0.01
155 152.001 336.8 1.05 0.01
156 152.784 132.0 1.05 0.02
157 153.085 177.5 1.05 0.03
158 153.694 154.7 1.03 0.02
159 154.022 159.3 1.04 0.05
160 154.304 218.5 1.03 0.06
161 156.216 236.7 0.98 0.03
162 156.880 227.6 1.03 -0.00
163 160.412 182.0 0.98 0.02
164 160.849 154.7 1.01 0.02
165 161.095 152.5 0.99 0.00
166 163.789 118.3 0.99 0.02
167 164.371 202.5 0.98 0.01
168 165.937 264.0 1.02 0.03
169 167.484 136.5 1.07 0.00
170 167.994 134.3 1.06 -0.01
171 168.731 136.5 1.08 -0.01
172 169.551 191.1 1.07 -0.01
173 169.705 93.3 1.08 0.05
174 170.015 100.1 1.10 0.03
175 171.498 138.8 1.11 0.05
176 171.690 75.1 1.08 0.04
177 174.620 147.9 1.04 0.04
178 175.840 150.2 1.06 0.06
179 176.414 109.2 1.08 0.07
180 177.797 118.3 1.04 0.04
181 178.862 70.5 1.04 0.03
182 179.126 91.0 1.05 0.04
183 179.463 93.3 1.05 0.06
184 179.654 127.4 1.05 0.01
185 180.337 145.6 1.06 -0.04
186 180.519 77.4 1.08 -0.01
187 181.638 109.2 1.06 -0.02
188 181.875 234.4 1.06 0.04
189 182.212 63.7 1.12 0.01
190 184.433 145.6 1.06 0.08
191 184.642 136.5 1.12 0.08
192 185.316 54.6 1.07 0.03
193 186.672 132.0 1.10 0.05
194 187.345 136.5 1.09 0.03
195 188.010 120.6 0.95 0.04
196 189.985 66.0 1.03 0.06
197 191.287 127.4 1.02 0.05
198 191.496 154.7 1.02 0.04
199 192.925 236.7 1.00 0.04
200 195.219 273.1 1.00 -0.01
201 195.701 159.3 1.01 0.01
202 196.083 209.4 1.01 0.01
203 197.203 250.3 1.02 0.01
204 197.877 93.3 1.07 0.01
205 199.588 97.8 1.12 0.00
206 200.680 109.2 1.13 -0.01
207 201.936 86.5 1.09 0.01
208 202.419 188.9 1.08 -0.01
209 206.096 186.6 1.09 0.01
210 206.724 91.0 1.07 0.02
211 207.088 127.4 1.11 0.02
212 208.481 141.1 1.14 0.03
213 209.309 184.3 1.07 0.04
214 210.001 145.6 1.10 0.05
215 212.140 132.0 1.11 0.01
216 212.604 93.3 1.09 0.01
217 212.841 81.9 1.11 -0.00
218 213.005 157.0 1.07 -0.00
219 213.423 95.6 1.12 0.03
220 213.642 118.3 1.13 0.03
221 214.770 116.1 1.05 0.04
222 215.590 132.0 1.08 0.00
223 216.782 91.0 1.12 0.00
224 217.428 25.0 1.13 0.01
225 219.349 184.3 1.12 0.01
226 219.531 100.1 1.11 0.02
227 220.031 211.6 1.11 0.00
228 221.424 145.6 1.13 0.05
229 226.448 145.6 1.06 0.07
230 227.304 129.7 1.05 0.04
231 227.559 116.1 1.05 0.06
232 227.723 109.2 1.09 0.03
233 228.196 88.7 1.06 0.03
234 230.044 127.4 1.06 -0.04
235 230.372 52.3 1.07 -0.03
236 230.554 111.5 1.04 -0.02
237 230.863 150.2 1.06 -0.03
238 231.154 100.1 1.06 -0.04
239 231.646 309.5 1.04 -0.01
240 232.028 179.8 1.03 -0.04
241 232.738 147.9 1.05 -0.04
242 234.468 97.8 1.04 0.02
243 235.505 177.5 1.03 0.01
244 235.906 154.7 1.04 0.06
245 236.952 161.6 1.01 0.02
246 237.289 163.8 1.02 0.00
247 237.753 104.7 1.06 -0.01
248 239.246 170.7 1.01 0.05
249 240.839 100.1 1.00 0.06
250 241.094 150.2 1.05 0.06
251 241.540 91.0 1.05 0.03
252 241.649 59.2 1.05 0.03
253 242.068 134.3 1.01 0.04
254 242.286 109.2 1.04 0.03
255 243.415 72.8 1.03 0.03
256 244.735 50.1 1.06 0.04
257 245.782 213.9 1.04 0.02
258 246.319 134.3 0.99 0.05
259 246.564 127.4 1.07 0.05
260 247.092 220.7 1.04 0.05
261 247.857 273.1 1.02 0.02
262 248.230 127.4 1.04 0.01
263 248.749 177.5 1.05 0.01
264 249.759 152.5 1.08 -0.03
265 252.171 141.1 1.07 -0.03
266 252.508 100.1 1.06 -0.04
267 252.827 100.1 1.05 -0.04
268 255.749 109.2 1.11 -0.01
269 256.022 122.9 1.11 -0.02
270 256.741 172.9 1.05 0.02
271 258.015 52.3 1.04 0.04
272 258.525 125.2 1.13 0.02
273 258.707 127.4 1.08 -0.01
274 259.153 127.4 1.05 -0.01
275 260.646 159.3 1.06 -0.03
276 260.828 141.1 1.06 -0.03
277 261.210 91.0 1.06 -0.02
278 263.731 209.4 1.10 -0.05
279 264.778 56.9 1.08 0.00
280 264.860 50.1 1.08 -0.00
281 265.870 118.3 1.06 -0.06
282 266.826 88.7 1.05 -0.05
283 271.049 159.3 1.10 0.02
284 272.397 145.6 1.08 0.02
285 272.688 113.8 1.06 -0.06
286 272.934 179.8 1.13 -0.07
287 273.917 191.1 1.11 0.06
288 274.836 291.3 1.09 -0.02
289 275.619 213.9 1.10 -0.01
290 276.520 150.2 1.08 -0.01
291 276.665 127.4 1.07 -0.01
292 276.775 88.7 1.07 0.02
293 277.111 72.8 1.07 0.02
294 277.494 200.2 1.09 0.02
295 278.759 177.5 1.07 0.01
296 279.087 95.6 1.08 0.01
297 279.806 154.7 1.04 0.02
298 280.070 132.0 1.06 0.01
299 280.224 118.3 1.06 0.02
300 282.291 182.0 1.05 -0.02
301 282.755 86.5 1.07 -0.02
302 283.210 209.4 1.03 -0.02
303 283.456 184.3 1.03 -0.02
304 283.911 223.0 1.04 0.00
305 284.366 81.9 1.05 0.01
306 284.876 113.8 1.03 0.01
307 285.768 104.7 1.12 0.02
308 286.405 134.3 1.07 0.01
309 288.571 277.6 1.07 0.00
310 288.890 200.2 1.10 0.00
311 290.191 145.6 1.10 0.01
312 290.501 129.7 1.08 0.00
313 290.901 300.4 1.10 0.01
314 291.420 47.8 1.00 0.00
315 291.630 102.4 1.06 0.00
316 292.367 118.3 1.08 -0.01
317 293.059 100.1 1.00 -0.02
318 293.313 134.3 1.05 -0.01
319 293.523 95.6 1.07 0.00
320 295.489 77.4 1.06 0.01
321 298.392 118.3 1.12 0.01
322 298.848 61.4 1.09 -0.01
323 299.193 136.5 1.07 -0.02
324 299.639 229.8 1.08 0.01
325 300.613 109.2 1.13 0.00
326 301.496 118.3 1.10 0.00
327 303.981 172.9 1.05 -0.00
328 305.246 118.3 1.07 0.00
329 305.574 172.9 1.10 0.01
330 306.539 145.6 1.04 -0.02
331 307.595 138.8 1.06 -0.04
332 307.932 193.4 1.06 -0.04
333 308.833 109.2 1.06 -0.06
334 310.325 191.1 1.04 -0.04
335 310.553 159.3 1.05 -0.04
336 310.771 88.7 1.02 -0.04
337 311.600 129.7 1.04 0.03
338 312.173 163.8 1.04 0.05
339 314.685 195.7 1.03 0.12
340 315.241 132.0 1.05 0.12
341 317.953 100.1 0.98 0.12
342 318.563 125.2 0.96 0.06
343 318.818 236.7 0.92 0.05
344 323.870 91.0 1.00 0.09
345 324.661 147.9 0.95 0.09
346 324.880 223.0 0.95 0.08
347 329.203 134.3 1.03 0.08
348 331.825 118.3 1.05 0.07
349 332.307 218.5 1.04 0.06
350 334.091 163.8 0.97 0.09
351 334.519 97.8 1.00 0.05
352 336.039 154.7 0.95 0.00
353 336.422 154.7 0.95 -0.02
354 337.559 141.1 0.99 -0.02
355 340.199 136.5 0.99 -0.02
356 340.845 118.3 0.96 -0.03
357 341.182 100.1 0.95 -0.04
358 341.419 118.3 0.94 0.08
359 342.256 95.6 0.98 0.02
360 344.067 204.8 0.92 -0.04
361 344.714 145.6 0.91 0.09
362 345.560 159.3 0.91 0.03
363 346.762 182.0 0.95 0.01
364 348.009 182.0 0.92 0.02
365 349.856 198.0 0.90 0.04
366 350.448 143.4 0.86 0.02
367 350.994 122.9 0.90 -0.02
368 351.932 102.4 0.87 -0.01
369 353.898 104.7 0.90 0.01
370 355.318 72.8 0.91 -0.01
371 356.355 81.9 0.92 -0.02
372 360.297 132.0 0.99 0.04
373 360.897 391.4 0.99 0.04
374 361.216 238.9 0.95 0.04
375 362.499 154.7 1.02 0.02
376 362.945 79.6 0.98 -0.00
377 363.255 172.9 1.01 0.04
378 363.492 141.1 0.92 0.04
379 365.895 209.4 0.98 0.13
380 366.313 68.3 1.03 0.12
381 366.723 127.4 0.88 0.08
382 368.807 145.6 0.99 0.08
383 369.836 113.8 0.93 0.02
384 372.830 252.6 1.03 -0.00
385 373.768 227.6 0.95 0.03
386 374.369 122.9 0.93 0.09
387 377.491 102.4 1.00 0.01
388 378.082 104.7 0.97 0.00
389 378.264 182.0 0.99 -0.00
390 379.439 200.2 0.97 -0.03
391 381.587 200.2 0.92 0.08
392 382.087 209.4 0.91 0.10
393 382.488 127.4 0.94 0.11
394 382.788 50.1 0.95 0.05
395 382.970 129.7 0.93 0.05
396 384.472 81.9 0.96 0.08
397 385.291 136.5 0.92 0.06
398 385.574 172.9 0.90 0.06
399 386.775 113.8 0.90 0.02
400 388.350 211.6 0.96 0.01
401 388.523 116.1 0.97 0.01
402 389.396 209.4 0.93 0.04
403 390.097 154.7 0.94 0.07
404 393.110 345.9 0.99 0.07
405 393.401 109.2 1.01 0.07
406 394.658 91.0 0.93 0.05
407 394.849 154.7 0.94 0.03
408 395.786 68.3 0.94 0.07
409 396.487 227.6 0.95 0.02
410 397.079 145.6 0.93 0.02
411 399.363 136.5 0.93 0.00
412 403.541 136.5 0.88 0.10
413 403.915 109.2 0.95 0.03
414 404.461 136.5 0.95 0.05
415 406.563 129.7 0.93 0.12
416 406.773 172.9 0.95 0.11
417 407.956 309.5 0.89 0.02
418 409.021 22.8 0.90 0.04
419 409.130 95.6 0.92 0.04
420 409.576 118.3 0.91 -0.01
421 410.159 41.0 0.91 -0.01
422 410.404 225.3 0.91 -0.02
423 412.725 118.3 0.91 0.01
424 413.035 172.9 0.90 0.01
425 413.763 127.4 0.88 0.01
426 414.446 282.2 0.89 0.01
427 414.874 159.3 0.89 -0.01
428 415.238 218.5 0.87 0.02
429 415.675 191.1 0.88 0.02
430 416.275 209.4 0.94 0.04
431 419.170 163.8 0.93 0.03
432 419.807 100.1 0.95 0.02
433 420.745 97.8 0.91 0.01
434 421.072 127.4 0.93 0.01
435 422.164 218.5 0.94 0.05
436 423.894 100.1 0.90 0.03
437 424.376 127.4 0.97 -0.03
438 424.668 118.3 0.97 -0.03
439 426.242 145.6 1.01 0.02
440 426.816 136.5 1.03 0.00
441 427.198 182.0 1.02 -0.01
442 427.717 136.5 1.04 -0.00
443 429.965 79.6 1.14 0.02
444 430.265 88.7 0.99 0.04
445 430.866 122.9 0.99 0.04
446 431.321 136.5 1.04 -0.01
447 431.631 175.2 1.01 -0.00
448 431.968 109.2 0.98 0.06
449 432.332 95.6 1.02 -0.04
450 432.550 191.1 1.03 0.06
451 433.278 122.9 0.99 0.04
452 433.497 109.2 1.00 0.05
453 435.135 100.1 1.05 0.04
454 435.581 168.4 1.02 0.06
455 437.083 118.3 1.05 0.07
456 437.301 136.5 1.04 0.05
457 437.766 198.0 1.06 0.08
458 439.932 125.2 1.14 -0.03
459 440.260 127.4 1.09 0.01
460 440.970 241.2 1.07 -0.01
461 441.570 136.5 1.09 -0.00
462 442.262 127.4 1.10 -0.00
463 443.081 136.5 1.06 0.04
464 445.220 138.8 1.09 0.07
465 445.384 150.2 1.08 0.07
466 446.085 154.7 1.05 0.06
467 449.034 56.9 0.95 0.10
468 449.180 136.5 0.92 -0.06
469 449.498 200.2 0.92 -0.06
470 450.600 88.7 0.93 -0.06
471 451.392 291.3 0.96 -0.00
472 451.747 182.0 0.94 0.00
473 452.083 100.1 1.00 0.04
474 452.420 127.4 1.03 0.03
475 452.966 175.2 1.00 0.05
476 454.887 147.9 1.06 0.07
477 455.087 107.0 1.05 -0.02
478 455.897 59.2 0.97 0.05
479 458.564 118.3 1.08 0.09
480 459.083 218.5 1.08 0.06
481 459.311 186.6 0.97 0.06
482 461.705 207.1 1.07 0.03
483 462.797 118.3 1.09 0.09
484 464.417 402.8 1.08 0.03
485 465.973 109.2 1.09 0.06
486 467.239 109.2 0.95 0.00
487 467.949 172.9 1.08 0.05
488 469.223 191.1 1.05 0.05
489 470.024 163.8 1.02 0.06
490 470.579 77.4 1.04 0.05
491 470.798 97.8 1.05 0.05
492 471.799 161.6 0.99 0.06
493 472.099 56.9 1.00 0.04
494 472.172 47.8 1.02 0.04
495 474.084 245.8 1.06 0.08
496 474.493 163.8 0.99 0.01
497 474.621 102.4 0.97 0.01
498 475.303 102.4 1.08 0.04
499 476.268 154.7 1.04 -0.01
500 476.632 113.8 0.93 0.02
501 478.999 248.0 0.96 0.01
502 479.281 118.3 0.98 0.00
503 479.508 132.0 0.95 0.02
504 479.936 141.1 0.97 0.01
505 480.692 118.3 0.95 0.01
506 481.074 145.6 0.95 0.01
507 481.666 172.9 0.99 0.05
508 482.895 245.8 0.98 -0.01
509 483.186 127.4 0.98 -0.02
510 484.615 125.2 0.98 0.01
511 484.997 136.5 0.96 -0.03
512 487.136 127.4 0.95 -0.00
513 488.146 47.8 0.96 -0.05
514 488.210 41.0 0.91 -0.05
515 488.938 127.4 0.97 -0.03
516 489.994 195.7 0.98 -0.05
517 490.131 61.4 0.98 -0.04
518 490.777 209.4 0.99 -0.02
519 492.479 127.4 1.02 0.01
520 493.271 122.9 0.95 0.02
521 493.471 132.0 0.96 0.02
522 494.054 143.4 1.03 0.01
523 494.236 118.3 0.99 0.02
524 497.194 191.1 1.07 -0.03
525 497.449 75.1 1.05 -0.05
526 499.706 54.6 1.08 -0.07
527 500.189 163.8 1.07 -0.02
528 503.238 168.4 1.02 -0.03
529 503.429 136.5 1.04 -0.04
530 503.620 122.9 1.00 -0.04
531 503.857 136.5 1.01 -0.03
532 504.367 159.3 1.00 -0.03
533 505.459 118.3 1.08 -0.01
534 506.023 179.8 1.00 -0.04
535 506.506 163.8 1.01 -0.00
536 506.852 127.4 1.01 0.01
537 507.161 191.1 1.04 -0.04
538 508.208 93.3 1.06 -0.04
539 508.508 145.6 1.08 -0.01
540 509.000 127.4 1.08 -0.03
541 509.200 107.0 1.07 0.04
542 510.019 111.5 1.03 -0.04
543 510.784 145.6 1.04 -0.01
544 511.039 52.3 1.03 -0.04
545 512.304 168.4 1.00 -0.01
546 512.795 145.6 1.06 0.00
547 513.360 172.9 1.04 0.02
548 515.198 136.5 1.04 0.01
549 515.581 104.7 1.07 0.02
550 516.864 213.9 1.07 0.03
551 517.264 109.2 1.02 -0.01
552 521.943 172.9 1.02 -0.00
553 522.917 150.2 1.02 -0.00
554 524.537 93.3 1.01 0.03
555 525.193 100.1 1.06 0.04
556 525.511 236.7 1.05 0.04
557 526.012 81.9 1.03 0.01
558 528.770 93.3 1.04 0.06
559 529.516 198.0 1.01 0.05
560 531.327 134.3 1.00 0.05
561 533.721 163.8 1.02 0.03
562 534.622 163.8 1.06 -0.02
563 534.923 154.7 0.98 0.06
564 535.860 259.4 0.99 0.02
565 536.133 84.2 1.04 0.01
566 536.234 43.2 1.02 -0.01
567 537.508 93.3 1.03 0.01
568 538.536 118.3 1.02 0.03
569 538.819 100.1 1.05 0.03
570 539.847 118.3 1.06 0.02
571 543.197 172.9 1.01 -0.02
572 543.588 154.7 1.00 -0.01
573 544.407 202.5 0.97 0.00
574 545.481 172.9 0.95 0.00
575 546.273 168.4 0.97 0.05
576 547.830 254.9 0.91 0.01
577 548.676 163.8 0.90 0.04
578 550.178 436.9 0.94 0.03
579 550.542 300.4 0.97 0.03
580 552.253 91.0 0.94 -0.03
581 553.191 500.6 1.03 -0.00
582 553.546 300.4 1.02 -0.00
583 553.901 145.6 1.04 0.02
584 554.456 204.8 1.04 -0.01
585 555.002 282.2 1.04 -0.06
586 555.439 109.2 1.00 -0.06
587 557.997 122.9 1.05 0.02
588 558.179 136.5 1.02 0.08
589 559.981 241.2 1.00 0.07
590 563.822 109.2 1.02 0.01
591 564.004 154.7 0.98 0.03
592 564.696 136.5 1.03 0.06
593 566.080 254.9 1.03 0.03
594 567.645 145.6 0.99 0.01
595 567.909 273.1 1.03 -0.02
596 570.085 91.0 1.10 -0.01
597 570.376 154.7 1.03 -0.01
598 570.904 100.1 1.08 -0.00
599 571.432 111.5 1.08 -0.01
600 571.932 204.8 1.05 -0.00
601 572.415 100.1 1.10 0.03
602 572.606 118.3 1.10 0.04
603 575.337 100.1 1.06 0.03
604 577.731 54.6 1.13 0.07
605 577.831 70.5 1.12 0.07
606 579.779 79.6 1.09 0.07
607 580.325 129.7 1.10 0.07
608 580.516 122.9 1.13 0.07
609 581.462 143.4 1.10 0.06
610 581.927 91.0 1.06 0.03
611 582.163 177.5 1.07 0.03
612 582.591 56.9 1.06 0.05
613 582.728 150.2 1.03 0.07
614 584.266 97.8 1.06 0.09
615 584.830 77.4 1.10 0.10
616 585.504 195.7 1.10 0.09
617 585.695 125.2 1.08 0.08
618 586.387 100.1 1.14 0.06
619 586.578 118.3 1.10 0.08
620 588.244 109.2 1.08 0.02
621 590.110 154.7 1.06 -0.00
622 593.814 145.6 1.08 0.02
623 594.178 104.7 1.10 0.03
624 596.117 109.2 1.06 0.06
625 597.282 61.4 1.10 0.06
626 597.810 186.6 1.11 0.06
627 598.092 227.6 1.13 0.12
628 598.693 93.3 1.13 0.09
629 599.148 100.1 1.13 0.13
630 599.621 145.6 1.11 0.09
631 599.876 93.3 1.10 0.09
632 600.677 200.2 1.10 0.07
633 601.405 223.0 1.07 0.08
634 601.961 182.0 1.09 0.06
635 602.206 163.8 1.07 0.06
636 602.816 138.8 1.06 0.06
637 603.372 154.7 1.08 0.06
638 604.273 100.1 1.10 0.06
639 604.609 59.2 1.14 0.08
640 605.938 118.3 1.15 0.09
641 606.093 75.1 1.12 0.11
642 607.349 109.2 1.12 0.12
643 608.569 172.9 1.15 0.16
644 610.635 84.2 1.12 0.20
645 610.881 81.9 1.10 0.17
646 611.545 111.5 1.06 0.14
647 611.782 136.5 1.11 0.14
648 615.514 75.1 1.02 0.18
649 616.069 127.4 1.04 0.21
650 617.425 136.5 1.05 0.22
651 618.354 118.3 1.08 0.08
652 619.137 268.5 1.04 0.06
653 620.629 127.4 1.09 0.12
654 621.239 88.7 1.07 0.09
655 622.049 204.8 1.11 0.10
656 623.032 188.9 1.10 0.08
657 623.733 191.1 1.08 0.05
658 625.490 264.0 1.06 0.10
659 627.492 143.4 1.13 0.13
660 627.702 118.3 1.11 0.13
661 628.712 327.7 1.06 0.09
662 629.131 132.0 1.06 0.07
663 632.016 163.8 0.96 0.03
664 634.638 147.9 1.07 0.04
665 634.801 79.6 1.11 0.06
666 635.420 129.7 1.04 0.02
667 636.021 195.7 1.13 0.15
668 638.725 172.9 1.03 0.15
669 639.080 150.2 1.04 0.17
670 639.780 100.1 1.08 0.12
671 640.381 125.2 1.00 0.08
672 641.037 154.7 1.04 0.08
673 641.346 145.6 1.07 0.10
674 641.838 172.9 1.02 0.07
675 642.302 127.4 1.03 0.07
676 642.866 118.3 1.04 0.09
677 643.230 122.9 1.08 0.11
678 643.794 118.3 1.05 0.12
679 644.614 232.1 1.01 0.09
680 645.742 227.6 1.04 0.10
681 646.061 152.5 1.04 0.07
682 646.498 107.0 1.08 0.08
683 646.607 68.3 1.01 0.08
684 647.099 127.4 1.05 0.09
685 647.945 88.7 1.05 0.08
686 648.928 182.0 1.06 0.04
687 650.184 170.7 1.07 0.03
688 650.867 172.9 1.10 0.03
689 652.624 159.3 1.08 0.06
690 652.851 125.2 1.11 0.05
691 653.106 163.8 1.08 0.05
692 654.025 161.6 1.11 0.03
693 654.344 145.6 1.12 0.05
694 654.963 100.1 1.08 0.03
695 655.327 204.8 1.09 0.06
696 655.864 145.6 1.11 0.03
697 659.168 264.0 1.14 0.05
698 661.007 127.4 1.19 0.08
699 661.189 118.3 1.12 0.07
700 662.281 229.8 1.12 0.07
701 664.111 118.3 1.06 0.10
702 664.584 211.6 1.08 0.01
703 666.441 118.3 1.08 -0.03
704 667.387 154.7 1.06 0.03
705 668.999 109.2 1.09 0.16
706 669.490 264.0 1.11 0.12
707 669.891 109.2 1.10 0.12
708 670.628 43.2 1.09 0.08
709 671.219 91.0 1.07 0.08
710 671.301 31.9 1.05 0.08
711 671.620 97.8 1.02 0.10
712 673.650 154.7 1.11 0.07
713 675.652 59.2 1.12 0.04
714 675.889 138.8 1.15 0.01
715 676.299 100.1 1.12 0.03
716 677.618 136.5 1.12 0.04
717 679.657 191.1 1.14 0.08
718 680.240 168.4 1.12 0.09
719 680.950 95.6 1.11 0.07
720 683.617 136.5 1.10 0.03
721 684.327 264.0 1.12 0.04
722 685.373 122.9 1.09 0.07
723 686.329 118.3 1.13 0.09
724 686.875 95.6 1.08 0.07
725 686.966 79.6 1.09 0.09
726 687.221 141.1 1.10 0.08
727 687.576 254.9 1.11 0.08
728 688.040 120.6 1.14 0.07
729 689.388 122.9 1.13 0.11
730 689.606 120.6 1.15 0.11
731 690.671 95.6 1.12 0.09
732 690.953 100.1 1.11 0.10
733 693.174 136.5 1.12 0.09
734 694.166 77.4 1.08 0.10
735 694.931 77.4 1.06 0.08
736 695.532 127.4 1.06 0.09
737 696.323 109.2 1.05 0.07
738 697.143 175.2 1.09 0.08
739 697.798 97.8 1.09 0.06
740 701.020 109.2 1.05 0.08
741 702.340 77.4 1.04 0.07
742 702.649 81.9 1.06 0.04
743 706.991 186.6 1.07 0.02
744 708.193 218.5 1.09 0.02
745 708.484 191.1 1.06 0.01
746 710.022 159.3 1.06 0.02
747 710.514 154.7 1.06 0.03
748 710.750 147.9 1.10 0.04
749 711.916 132.0 1.06 0.03
750 712.216 113.8 1.05 0.02
751 712.780 102.4 1.07 0.03
752 712.926 109.2 1.04 0.06
753 713.672 163.8 1.09 0.07
754 717.532 172.9 1.10 0.05
755 717.978 109.2 1.09 0.08
756 718.278 109.2 1.08 0.03
757 718.797 132.0 1.05 0.06
758 719.115 138.8 1.06 0.06
759 719.379 145.6 1.05 0.03
760 719.643 102.4 1.04 0.04
761 719.789 34.1 1.04 -0.00
762 720.435 95.6 1.05 0.02
763 720.699 127.4 1.09 -0.02
764 721.027 100.1 1.10 0.01
765 722.028 136.5 1.05 -0.03
766 723.002 136.5 1.10 -0.02
767 724.413 136.5 1.08 -0.01
768 724.822 138.8 1.09 -0.03
769 724.995 122.9 1.10 -0.03
770 725.451 132.0 1.10 -0.04
771 726.024 200.2 1.10 -0.05
772 726.652 109.2 1.08 -0.04
773 728.172 127.4 1.14 -0.05
774 728.527 91.0 1.13 -0.04
775 728.682 109.2 1.10 -0.04
776 730.630 147.9 1.10 -0.01
777 731.331 163.8 1.13 -0.05
778 731.494 150.2 1.14 -0.05
779 732.195 136.5 1.13 -0.04
780 734.243 100.1 1.08 0.03
781 738.913 166.1 1.07 -0.03
782 740.478 118.3 1.06 0.01
783 740.688 107.0 1.06 0.01
784 741.771 59.2 1.03 0.03
785 741.835 45.5 1.04 0.03
786 742.799 154.7 1.05 0.02
787 744.538 154.7 1.06 0.05
788 744.993 316.3 1.05 0.06
789 745.494 109.2 1.05 0.10
790 745.667 136.5 1.03 0.09
791 747.396 93.3 1.05 0.09
792 748.907 232.1 1.00 0.05
793 749.271 91.0 1.03 0.04
794 751.073 182.0 0.98 0.02
795 751.392 77.4 0.95 0.03
796 753.058 109.2 0.95 0.01
797 754.159 136.5 1.05 0.06
798 754.978 113.8 1.05 0.06
799 755.342 209.4 1.05 0.06
800 755.652 172.9 1.06 0.08
801 756.899 91.0 1.06 0.10
802 757.090 84.2 1.07 0.10
803 757.800 204.8 1.10 0.10
804 758.637 75.1 1.04 0.11
805 758.810 138.8 1.14 0.10
806 760.922 198.0 1.13 0.10
807 762.160 118.3 1.06 0.10
808 763.216 188.9 1.11 0.05
809 763.562 154.7 1.14 0.11
810 770.188 127.4 1.02 0.11
811 771.007 213.9 1.02 0.09
812 771.799 198.0 1.00 0.07
813 772.746 86.5 1.03 0.12
814 772.891 109.2 0.99 0.12
815 774.275 175.2 1.03 0.03
816 776.560 79.6 1.00 0.02
817 776.660 77.4 1.01 0.02
818 776.887 204.8 1.04 0.06
819 777.907 168.4 1.05 0.06
820 778.171 97.8 1.02 0.04
821 779.600 41.0 1.05 0.05
822 780.765 184.3 1.06 0.12
823 784.651 127.4 1.06 0.08
824 787.282 209.4 1.04 0.04
825 788.065 159.3 1.02 0.05
826 788.502 154.7 1.01 0.06
827 789.148 132.0 1.03 0.08
828 789.366 109.2 1.03 0.08
829 789.630 118.3 1.04 0.06
830 789.903 109.2 1.03 0.08
831 791.678 109.2 1.01 0.05
832 791.979 127.4 1.01 0.07
833 792.698 179.8 1.03 0.06
834 793.326 200.2 1.02 0.05
835 794.200 136.5 1.03 0.05
836 794.882 141.1 1.01 0.05
837 795.083 145.6 1.01 0.04
838 796.166 122.9 1.07 0.06
839 796.794 100.1 1.06 0.07
840 797.103 172.9 1.05 0.04
841 797.950 145.6 1.06 0.06
842 798.632 163.8 1.06 0.06
843 799.497 125.2 1.05 0.08
844 799.852 127.4 1.04 0.07
845 799.989 118.3 1.05 0.07
846 800.207 129.7 1.04 0.09
847 800.717 122.9 1.03 0.09
848 800.853 102.4 1.04 0.09
849 801.900 129.7 1.02 0.06
850 802.437 145.6 1.06 0.08
851 803.092 97.8 1.05 0.10
852 804.112 109.2 0.97 0.09
853 805.159 182.0 1.08 0.13
854 806.242 198.0 1.07 0.11
855 808.126 209.4 1.08 0.08
856 808.690 91.0 1.07 0.06
857 808.982 198.0 1.05 0.02
858 811.084 91.0 1.04 0.07
859 813.232 177.5 1.02 0.14
860 814.270 132.0 1.04 0.16
861 814.461 122.9 1.05 0.16
862 815.117 100.1 0.95 0.17
863 815.735 104.7 1.02 0.12
864 816.664 104.7 1.01 0.13
865 818.266 154.7 1.02 0.14
866 818.557 243.5 1.05 0.13
867 819.185 79.6 1.05 0.03
868 819.531 122.9 1.03 0.14
869 819.631 61.4 1.06 0.05
870 820.860 218.5 1.05 0.10
871 821.352 314.0 1.04 0.13
872 822.699 161.6 1.04 0.07
873 826.567 145.6 1.01 0.18
874 826.767 127.4 1.08 0.15
875 829.899 154.7 0.98 0.15
876 831.437 116.1 1.01 0.11
877 835.269 152.5 1.01 0.09
878 835.760 47.8 1.04 0.08
879 835.988 168.4 1.01 0.08
880 836.461 109.2 1.01 0.10
881 838.318 254.9 1.04 0.09
882 839.829 145.6 1.03 0.08
883 840.148 227.6 1.01 0.09
884 840.412 111.5 1.01 0.10
885 840.885 100.1 0.99 0.07
886 841.722 122.9 1.00 0.07
887 842.232 150.2 1.06 0.07
888 843.761 109.2 1.02 0.11
889 843.971 113.8 0.97 0.10
890 844.180 66.0 0.98 0.06
891 844.480 77.4 1.03 0.11
892 844.544 43.2 1.00 0.11
893 845.045 186.6 1.04 0.10
894 845.664 154.7 1.01 0.09
895 846.892 102.4 1.00 0.06
896 847.357 118.3 1.00 0.06
897 848.403 464.2 1.03 0.08
898 852.190 145.6 1.07 0.14
899 852.363 136.5 1.08 0.14
900 853.637 129.7 1.08 0.09
901 854.566 84.2 1.01 0.13
902 856.295 66.0 1.00 0.11
903 856.750 202.5 1.01 0.12
904 858.097 195.7 1.03 0.12
905 859.062 127.4 1.01 0.11
906 861.747 273.1 1.00 0.04
907 865.661 31.9 0.95 0.06
908 865.825 209.4 0.99 0.06
909 867.727 177.5 1.03 -0.02
910 868.210 202.5 1.01 -0.05
911 868.392 97.8 1.01 -0.04
912 868.674 282.2 1.01 -0.05
913 869.775 150.2 0.99 -0.05
914 870.312 116.1 1.02 -0.05
915 870.640 118.3 1.00 -0.05
916 871.241 172.9 1.01 -0.05
917 872.406 122.9 1.07 -0.01
918 872.697 109.2 1.07 0.02
919 874.099 102.4 1.07 -0.02
920 875.310 172.9 0.99 -0.01
921 875.501 150.2 1.04 -0.01
922 875.674 113.8 1.03 -0.01
923 876.593 200.2 1.05 0.01
924 877.203 100.1 1.04 -0.01
925 877.976 134.3 1.02 0.01
926 879.988 127.4 1.01 0.08
927 880.179 118.3 0.96 0.08
928 880.680 227.6 0.93 -0.05
929 881.044 79.6 0.98 0.02
930 881.317 134.3 0.99 -0.01
931 881.854 136.5 0.96 -0.06
932 882.373 66.0 1.04 0.01
933 883.174 382.3 0.97 -0.01
934 884.849 218.5 0.89 -0.00
935 885.176 182.0 0.91 0.02
936 885.422 100.1 1.03 0.02
937 886.168 218.5 1.01 0.01
938 886.478 145.6 1.02 0.04
939 887.761 154.7 0.97 0.05
940 888.590 86.5 0.99 0.05
941 888.662 107.0 1.01 0.07
942 890.137 91.0 0.98 0.03
943 890.547 81.9 0.98 0.03
944 891.766 132.0 0.98 0.05
945 891.912 109.2 0.90 0.05
946 892.877 227.6 0.96 0.01
947 894.743 163.8 0.97 0.02
948 896.008 172.9 0.99 -0.03
949 896.718 129.7 0.99 -0.04
950 898.047 84.2 0.98 0.01
951 898.602 109.2 1.00 -0.02
952 899.403 88.7 1.04 -0.02
953 899.640 154.7 1.05 0.00
954 901.333 182.0 1.04 0.02
955 902.152 200.2 1.03 -0.00
956 902.434 220.7 1.01 -0.00
957 902.689 118.3 1.02 -0.01
958 905.984 132.0 1.01 0.03
959 907.204 100.1 1.01 0.02
960 908.014 70.5 0.99 -0.04
961 908.287 136.5 1.01 -0.04
962 908.524 163.8 1.03 -0.03
963 908.687 109.2 1.01 -0.01
964 909.443 163.8 1.00 -0.01
965 911.136 218.5 0.99 0.07
966 914.668 268.5 0.99 0.06
967 914.877 31.9 0.92 -0.01
968 915.705 198.0 0.93 -0.02
969 917.744 282.2 0.95 -0.01
970 919.173 163.8 0.89 -0.01
971 919.492 172.9 0.81 -0.00
972 921.367 109.2 0.85 -0.06
973 922.113 132.0 0.83 0.00
974 926.236 132.0 0.94 -0.07
975 926.346 86.5 0.99 -0.05
976 928.203 141.1 1.01 -0.05
977 928.539 118.3 1.03 -0.01
978 928.985 127.4 1.00 -0.02
979 929.459 59.2 1.01 -0.01
980 929.604 118.3 1.02 -0.00
981 930.505 118.3 0.99 -0.01
982 930.797 136.5 0.98 0.04
983 931.598 132.0 0.96 0.05
984 932.062 172.9 1.01 0.07
985 932.699 109.2 0.95 0.06
986 932.854 127.4 1.01 0.05
987 933.163 122.9 0.92 0.05
988 934.064 207.1 1.03 0.09
989 934.365 63.7 1.03 0.07
990 935.284 102.4 1.05 0.07
991 936.358 100.1 1.03 0.05
992 936.759 136.5 1.04 0.05
993 937.023 163.8 1.03 0.05
994 937.368 163.8 1.04 0.07
995 939.325 127.4 1.02 0.04
996 940.955 118.3 1.01 0.00
997 943.003 172.9 0.99 0.04
998 945.151 168.4 1.04 0.06
999 945.342 100.1 1.04 0.06
1000 945.943 143.4 1.06 0.06
1001 946.917 132.0 1.07 0.05
1002 947.226 170.7 1.07 0.03
1003 948.983 118.3 1.03 0.01
1004 949.147 109.2 1.04 0.02
1005 950.030 150.2 0.96 0.03
1006 952.433 182.0 1.00 0.03
1007 953.634 161.6 1.02 0.08
1008 953.871 100.1 0.98 0.09
1009 954.681 127.4 1.00 0.05
1010 954.963 243.5 0.98 0.08
1011 956.793 122.9 0.97 0.02
1012 957.311 111.5 1.09 -0.04
1013 957.466 141.1 1.04 0.01
1014 958.731 200.2 1.05 -0.02
1015 961.407 56.9 1.06 -0.02
1016 961.553 145.6 1.02 -0.03
1017 963.965 298.1 1.04 -0.04
1018 967.506 132.0 1.05 -0.03
1019 968.817 170.7 1.07 -0.03
1020 969.217 47.8 1.08 -0.03
1021 969.636 136.5 1.07 -0.04
1022 970.246 182.0 1.05 -0.03
1023 970.555 118.3 1.04 -0.03
1024 975.152 195.7 1.05 -0.04
1025 976.544 163.8 0.97 -0.01
1026 978.110 116.1 0.99 0.01
1027 979.730 127.4 1.00 0.02
1028 981.341 145.6 0.93 0.01
1029 981.560 177.5 1.03 0.01
1030 982.069 104.7 1.06 0.04
1031 982.834 104.7 1.11 0.02
1032 985.911 136.5 1.07 0.06
1033 986.175 109.2 1.06 0.05
1034 986.857 136.5 1.05 0.02
1035 987.431 154.7 1.08 -0.02
1036 988.350 175.2 1.09 -0.01
1037 988.923 172.9 1.06 -0.00
1038 989.470 138.8 1.08 0.01
1039 990.252 132.0 1.11 -0.05
1040 991.945 163.8 1.04 -0.02
1041 992.164 100.1 1.06 -0.05
1042 992.437 241.2 1.03 -0.04
1043 993.110 79.6 1.07 -0.03
1044 993.265 127.4 1.03 -0.04
1045 993.575 195.7 1.08 -0.01
1046 994.667 145.6 1.02 -0.01
1047 995.523 282.2 1.03 -0.02
1048 996.078 38.7 1.07 -0.02
1049 996.424 245.8 1.01 -0.02
1050 997.880 254.9 1.07 -0.00
1051 998.754 127.4 1.11 -0.03
1052 999.382 116.1 1.17 -0.04
1053 1001.111 95.6 1.10 -0.02
1054 1002.358 136.5 1.16 -0.02
1055 1002.932 168.4 1.12 -0.03
1056 1003.077 127.4 1.09 -0.04
1057 1004.861 118.3 1.10 0.03
1058 1005.535 118.3 1.10 0.01
1059 1008.912 193.4 1.05 -0.02
1060 1009.640 111.5 1.03 -0.04
1061 1012.061 70.5 1.02 -0.01
1062 1012.362 68.3 1.08 -0.03
1063 1012.644 100.1 1.07 -0.02
1064 1014.674 154.7 1.04 0.10
1065 1016.585 223.0 1.03 0.06
1066 1017.140 136.5 1.05 0.03
1067 1019.006 166.1 0.98 0.04
1068 1019.361 104.7 1.03 0.02
1069 1020.690 232.1 1.02 0.01
1070 1021.846 132.0 0.97 0.02
1071 1023.120 79.6 1.04 0.03
1072 1024.440 163.8 1.05 -0.05
1073 1027.799 127.4 0.99 -0.01
1074 1028.436 86.5 1.02 0.03
1075 1028.919 116.1 1.05 0.04
1076 1029.101 118.3 1.02 0.04
1077 1030.257 207.1 1.00 0.04
1078 1032.678 154.7 0.97 -0.00
1079 1032.878 136.5 1.03 -0.00
1080 1033.087 150.2 1.01 0.02
1081 1033.916 204.8 1.00 0.03
1082 1035.682 236.7 1.04 0.01
1083 1036.373 254.9 0.99 0.01
1084 1037.593 157.0 0.97 -0.01
1085 1037.784 113.8 0.95 -0.01
1086 1039.796 104.7 0.96 -0.01
1087 1040.469 107.0 0.96 0.01
1088 1042.017 72.8 1.00 0.03
1089 1044.720 127.4 0.97 0.01
1090 1046.541 304.9 0.91 -0.00
1091 1049.326 182.0 0.98 -0.04
1092 1049.663 209.4 0.97 -0.04
1093 1050.919 154.7 0.93 -0.20
1094 1053.067 127.4 1.07 0.02
1095 1053.768 198.0 1.05 -0.01
1096 1054.414 145.6 1.02 -0.03
1097 1055.306 186.6 1.05 -0.03
1098 1055.706 111.5 1.03 -0.04
1099 1055.852 127.4 1.03 -0.04
1100 1057.345 113.8 1.05 -0.03
1101 1057.654 109.2 1.06 -0.04
1102 1058.519 166.1 1.03 -0.02
1103 1059.202 186.6 1.02 -0.04
1104 1061.350 109.2 1.07 -0.00
1105 1061.769 59.2 1.04 -0.03
1106 1062.324 245.8 1.08 -0.01
1107 1062.906 109.2 0.99 0.00
1108 1063.298 136.5 1.06 -0.01
1109 1065.828 163.8 1.11 0.02
1110 1066.256 154.7 1.09 0.02
1111 1067.030 209.4 1.10 0.04
1112 1068.959 129.7 1.08 0.04
1113 1069.442 136.5 1.06 0.03
1114 1073.438 43.2 1.06 0.02
1115 1074.767 113.8 1.01 0.02
1116 1074.958 109.2 1.02 0.02
1117 1076.587 186.6 1.04 0.01
1118 1077.406 102.4 1.03 0.02
1119 1077.670 157.0 1.02 0.02
1120 1077.852 161.6 1.05 -0.03
1121 1078.462 170.7 1.03 0.02
1122 1079.227 147.9 1.01 0.03
1123 1079.545 127.4 1.03 -0.01
1124 1080.292 193.4 1.00 0.01
1125 1082.849 77.4 1.01 -0.00
1126 1084.142 163.8 1.07 -0.00
1127 1084.743 132.0 1.08 -0.00
1128 1085.216 109.2 1.10 -0.00
1129 1085.753 172.9 1.06 0.00
1130 1086.563 68.3 1.06 -0.00
1131 1087.100 122.9 1.14 0.02
1132 1087.519 172.9 1.08 0.03
1133 1088.265 120.6 1.05 0.01
1134 1090.377 145.6 1.12 0.05
1135 1091.132 122.9 1.12 0.04
1136 1091.414 91.0 1.10 0.06
1137 1092.743 163.8 1.17 0.06
1138 1093.954 118.3 1.13 0.05
1139 1095.365 116.1 1.11 0.04
1140 1096.230 136.5 1.14 0.04
1141 1096.475 202.5 1.11 0.02
1142 1097.549 100.1 1.18 0.04
1143 1097.959 191.1 1.10 0.06
1144 1098.942 88.7 1.15 0.06
1145 1099.288 163.8 1.16 0.05
1146 1099.916 213.9 1.07 0.04
1147 1100.080 63.7 1.17 0.06
1148 1100.371 232.1 1.17 0.04
1149 1101.008 175.2 1.06 0.07
1150 1101.172 72.8 1.06 0.01
1151 1101.536 132.0 1.09 0.00
1152 1101.873 200.2 1.10 0.04
1153 1102.692 91.0 1.09 0.01
1154 1102.838 100.1 1.10 0.01
1155 1103.857 107.0 1.12 0.07
1156 1106.388 120.6 1.04 0.08
1157 1107.343 109.2 1.08 0.07
1158 1108.308 79.6 1.12 0.09
1159 1109.164 136.5 1.09 0.06
1160 1109.473 145.6 1.09 0.06
1161 1110.256 100.1 1.09 0.05
1162 1110.438 136.5 1.10 0.04
1163 1110.839 172.9 1.09 0.03
1164 1112.814 66.0 1.08 0.10
1165 1113.360 100.1 1.11 0.06
1166 1113.733 154.7 1.11 0.09
1167 1113.979 72.8 1.11 0.12
1168 1114.115 116.1 1.10 0.05
1169 1114.507 154.7 1.10 0.13
1170 1114.944 95.6 1.09 0.11
1171 1117.957 116.1 1.07 0.07
1172 1118.648 129.7 1.06 0.04
1173 1119.249 79.6 1.05 0.08
1174 1121.315 122.9 1.10 0.03
1175 1122.398 86.5 1.09 0.00
1176 1122.635 100.1 1.12 0.02
1177 1122.826 182.0 1.11 0.04
1178 1123.181 182.0 1.09 0.04
1179 1123.682 191.1 1.09 0.04
1180 1124.010 93.3 1.09 0.02
1181 1124.519 175.2 1.10 0.02
1182 1124.692 127.4 1.03 0.05
1183 1124.938 68.3 1.06 0.01
1184 1125.247 122.9 1.06 0.01
1185 1126.877 157.0 1.09 -0.02
1186 1127.259 109.2 1.13 -0.01
1187 1128.834 113.8 1.07 0.01
1188 1129.871 127.4 1.06 0.00
1189 1130.791 136.5 1.03 -0.01
1190 1131.646 109.2 1.09 0.00
1191 1132.957 145.6 1.03 -0.01
1192 1133.166 127.4 1.01 -0.01
1193 1135.597 104.7 0.99 -0.03
1194 1136.216 145.6 1.03 0.01
1195 1136.370 29.6 1.04 0.01
1196 1138.600 186.6 1.02 0.03
1197 1139.966 111.5 1.00 0.02
1198 1140.330 154.7 1.02 0.01
1199 1140.885 186.6 1.02 -0.01
1200 1141.076 154.7 1.03 -0.01
1201 1141.222 127.4 1.01 -0.00
1202 1142.314 143.4 1.01 -0.02
1203 1142.696 163.8 1.02 -0.04
1204 1143.834 56.9 1.03 -0.01
1205 1145.664 118.3 0.95 -0.04
1206 1147.084 109.2 1.01 0.05
1207 1148.485 86.5 0.98 0.01
1208 1149.177 127.4 1.03 -0.01
1209 1149.350 113.8 1.04 -0.01
1210 1149.587 172.9 1.06 -0.01
1211 1150.106 248.0 1.04 -0.02
1212 1150.370 107.0 1.03 0.02
1213 1151.016 188.9 1.02 -0.01
1214 1151.298 145.6 1.04 -0.02
1215 1151.790 50.1 1.01 -0.03
1216 1152.008 100.1 1.05 -0.00
1217 1152.172 161.6 1.06 -0.02
1218 1154.775 175.2 0.95 0.03
1219 1155.931 118.3 1.06 0.05
1220 1156.623 200.2 1.03 0.04
1221 1157.879 172.9 1.03 -0.04
1222 1158.070 177.5 1.00 -0.01
1223 1158.907 193.4 1.05 -0.02
1224 1159.317 95.6 1.03 -0.02
1225 1159.481 184.3 1.07 -0.03
1226 1161.192 120.6 1.06 0.03
1227 1162.284 193.4 1.07 -0.01
1228 1162.831 175.2 1.10 0.05
1229 1163.395 109.2 1.08 0.05
1230 1164.187 91.0 1.09 0.03
1231 1165.661 84.2 1.02 0.05
1232 1165.825 207.1 1.04 0.03
1233 1166.062 136.5 1.07 0.04
1234 1167.218 84.2 1.03 0.01
1235 1167.882 182.0 1.01 -0.01
1236 1168.993 100.1 1.00 -0.03
1237 1169.384 147.9 0.98 -0.04
1238 1169.848 186.6 1.00 -0.03
1239 1170.531 200.2 0.99 -0.05
1240 1170.777 163.8 1.01 -0.06
1241 1171.532 93.3 0.97 -0.01
1242 1171.641 88.7 0.98 -0.02
1243 1172.124 236.7 1.00 -0.04
1244 1173.935 152.5 0.98 -0.06
1245 1174.318 163.8 0.98 -0.05
1246 1174.509 136.5 0.98 -0.06
1247 1176.739 125.2 0.97 -0.01
1248 1176.821 34.1 0.94 -0.02
1249 1176.975 147.9 1.00 -0.02
1250 1177.121 113.8 0.95 -0.02
1251 1177.449 145.6 0.99 0.01
1252 1177.995 38.7 0.96 0.03
1253 1178.878 141.1 0.96 -0.00
1254 1179.105 136.5 0.96 -0.01
1255 1179.497 95.6 1.00 0.03
1256 1180.452 136.5 0.98 0.01
1257 1181.526 118.3 0.99 -0.00
1258 1182.100 127.4 0.98 0.01
1259 1182.692 145.6 1.02 0.08
1260 1183.574 209.4 0.99 0.07
1261 1183.984 170.7 1.01 0.09
1262 1185.395 163.8 1.02 0.09
1263 1186.833 43.2 1.03 0.08
1264 1187.306 118.3 1.04 0.10
1265 1187.716 227.6 1.03 0.08
1266 1191.084 120.6 1.02 -0.01
1267 1191.175 66.0 1.06 -0.01
1268 1192.522 191.1 1.00 0.03
1269 1193.032 59.2 1.06 0.00
1270 1193.441 125.2 1.03 -0.01
1271 1194.006 129.7 1.00 0.01
1272 1194.579 163.8 1.00 -0.01
1273 1194.825 209.4 1.00 -0.02
1274 1196.846 152.5 1.00 0.01
1275 1200.195 104.7 1.08 0.08
1276 1200.359 136.5 1.09 0.09
1277 1200.823 138.8 1.09 0.12
1278 1201.479 86.5 1.07 0.09
1279 1201.843 200.2 1.09 0.04
1280 1202.189 86.5 1.08 0.07
1281 1202.917 182.0 1.08 0.00
1282 1203.536 118.3 1.05 0.03
1283 1204.091 172.9 1.05 0.08
1284 1204.819 138.8 1.05 0.11
1285 1206.330 91.0 1.07 0.14
1286 1206.940 72.8 1.09 0.15
1287 1207.122 136.5 1.08 0.15
1288 1209.580 198.0 1.09 0.11
1289 1209.825 177.5 1.10 0.11
1290 1210.208 118.3 1.07 0.13
1291 1212.310 200.2 1.08 0.10
1292 1213.958 200.2 0.98 -0.01
1293 1214.486 191.1 1.00 0.01
1294 1215.396 113.8 1.05 -0.02
1295 1215.532 88.7 1.03 -0.02
1296 1215.596 54.6 0.97 -0.01
1297 1216.206 118.3 1.05 -0.01
1298 1216.870 136.5 1.00 -0.01
1299 1217.935 118.3 0.99 -0.03
1300 1219.474 100.1 0.97 0.02
1301 1220.766 109.2 0.98 0.00
1302 1221.640 136.5 0.96 0.05
1303 1222.414 145.6 0.98 0.08
1304 1223.834 54.6 0.98 0.06
1305 1224.607 38.7 0.98 0.08
1306 1224.899 45.5 0.96 0.06
1307 1225.772 182.0 0.90 0.14
1308 1227.602 113.8 0.91 0.12
1309 1228.703 113.8 0.99 0.18
1310 1229.095 109.2 1.02 0.13
1311 1229.322 104.7 1.01 0.09
1312 1229.486 161.6 0.98 0.13
1313 1232.171 145.6 0.99 0.07
1314 1233.273 191.1 0.97 0.07
1315 1234.747 175.2 1.03 0.03
1316 1235.521 127.4 1.04 0.03
1317 1236.049 59.2 1.00 0.08
1318 1237.660 159.3 0.97 0.06
1319 1238.115 86.5 0.96 0.05
1320 1238.943 127.4 0.98 0.02
1321 1239.580 129.7 1.01 0.05
1322 1239.708 70.5 1.02 0.06
1323 1241.801 236.7 1.05 0.03
1324 1242.803 84.2 1.10 -0.00
1325 1242.921 22.8 1.07 -0.00
1326 1243.585 157.0 1.11 0.02
1327 1244.614 118.3 1.08 0.00
1328 1244.896 116.1 1.10 0.02
1329 1245.078 122.9 1.08 -0.01
1330 1245.251 159.3 1.12 0.00
1331 1245.552 79.6 1.07 -0.03
1332 1245.906 111.5 1.08 -0.05
1333 1246.134 132.0 1.10 -0.06
1334 1246.908 118.3 1.10 -0.03
1335 1249.183 161.6 1.07 -0.04
1336 1250.558 136.5 1.13 -0.06
1337 1250.922 163.8 1.09 -0.07
1338 1251.077 138.8 1.11 -0.07
1339 1251.222 91.0 1.12 -0.07
1340 1251.404 122.9 1.12 -0.05
1341 1252.524 127.4 1.12 -0.04
1342 1252.669 47.8 1.09 -0.06
1343 1253.334 116.1 1.13 -0.07
1344 1253.807 127.4 1.13 -0.10
1345 1254.444 163.8 1.08 -0.07
1346 1255.327 157.0 1.07 -0.08
1347 1256.429 163.8 1.08 -0.07
1348 1256.738 125.2 1.09 -0.05
1349 1257.148 132.0 1.07 -0.04
1350 1257.885 182.0 1.09 -0.07
1351 1258.249 136.5 1.11 -0.08
1352 1259.851 145.6 1.11 -0.04
1353 1259.997 100.1 1.07 -0.04
1354 1261.007 70.5 1.09 0.07
1355 1261.653 161.6 1.10 -0.02
1356 1262.645 109.2 1.03 0.05
1357 1262.818 127.4 1.10 -0.04
1358 1266.723 145.6 1.06 -0.02
1359 1268.862 200.2 1.10 -0.05
1360 1269.581 138.8 1.08 -0.04
1361 1270.264 152.5 1.03 -0.03
1362 1271.156 79.6 1.07 -0.01
1363 1271.384 147.9 1.04 -0.04
1364 1272.176 93.3 1.06 -0.05
1365 1274.178 166.1 1.05 -0.05
1366 1275.143 213.9 1.05 -0.05
1367 1276.754 154.7 1.00 -0.06
1368 1278.110 138.8 0.99 -0.06
1369 1278.547 118.3 0.98 -0.07
1370 1279.048 100.1 1.03 -0.06
1371 1282.425 127.4 0.99 0.00
1372 1284.418 136.5 0.99 0.01
1373 1285.547 152.5 1.04 -0.00
1374 1286.639 127.4 1.08 -0.02
1375 1287.504 72.8 1.03 -0.05
1376 1287.813 77.4 0.99 -0.04
1377 1287.959 122.9 1.00 0.05
1378 1288.905 72.8 0.99 -0.06
1379 1289.934 100.1 1.05 -0.02
1380 1290.207 136.5 0.96 -0.09
1381 1293.566 257.1 0.98 -0.02
1382 1294.485 109.2 0.96 0.00
1383 1296.460 191.1 0.84 -0.05
1384 1300.283 264.0 0.95 -0.02
1385 1301.685 127.4 0.99 -0.02
1386 1302.768 59.2 0.97 -0.06
1387 1305.772 56.9 0.87 0.13
1388 1306.646 163.8 0.91 0.06
1389 1307.847 227.6 0.90 0.00
1390 1308.812 170.7 0.93 0.00
1391 1310.723 77.4 0.90 0.02
1392 1312.335 364.1 0.89 0.06
1393 1313.063 118.3 0.90 0.05
1394 1313.318 254.9 0.88 0.07
1395 1313.545 132.0 0.93 -0.01
1396 1315.748 136.5 0.99 0.03
1397 1316.685 127.4 1.03 0.04
1398 1317.769 195.7 1.00 0.01
1399 1318.642 118.3 1.02 0.04
1400 1319.161 163.8 1.00 0.05
1401 1319.434 141.1 1.02 0.05
1402 1320.417 172.9 0.95 0.06
1403 1321.409 109.2 0.94 0.06
1404 1321.764 77.4 0.92 0.10
1405 1321.928 88.7 0.96 0.08
1406 1322.201 175.2 0.95 0.07
1407 1323.021 81.9 0.95 -0.00
1408 1323.230 122.9 0.91 -0.00
1409 1324.240 95.6 0.90 0.08
1410 1324.896 116.1 0.94 0.12
1411 1329.428 136.5 0.93 -0.04
1412 1329.856 163.8 0.95 -0.01
1413 1330.102 147.9 0.96 -0.01
1414 1330.430 170.7 0.93 0.01
1415 1330.666 182.0 0.93 0.03
1416 1331.913 202.5 0.90 0.01
1417 1332.259 127.4 0.86 -0.01
1418 1332.541 145.6 0.85 -0.01
1419 1333.060 150.2 0.82 -0.02
1420 1333.834 245.8 0.86 -0.03
1421 1335.154 154.7 0.89 0.01
1422 1335.327 109.2 0.96 0.01
1423 1335.973 72.8 0.86 0.00
1424 1337.347 59.2 1.01 -0.02
1425 1337.666 136.5 0.97 -0.04
1426 1338.294 177.5 1.01 -0.00
1427 1339.514 163.8 1.00 -0.01
1428 1340.297 200.2 0.96 -0.02
1429 1340.961 163.8 0.96 0.03
1430 1341.234 177.5 0.97 -0.00
1431 1343.182 159.3 0.92 0.02
1432 1343.619 100.1 0.91 0.03
1433 1344.056 200.2 0.97 0.02
1434 1344.911 159.3 0.98 0.01
1435 1345.958 145.6 0.95 0.05
1436 1347.251 191.1 0.95 0.14
1437 1347.769 104.7 0.93 0.09
1438 1348.698 154.7 0.94 -0.02
1439 1349.781 109.2 0.91 0.02
1440 1350.318 182.0 0.96 -0.03
1441 1351.256 152.5 0.94 -0.03
1442 1351.975 154.7 0.98 -0.06
1443 1354.287 111.5 0.95 0.03
1444 1355.525 241.2 0.88 -0.02
1445 1356.826 168.4 0.95 0.01
1446 1358.137 113.8 1.02 -0.01
1447 1360.167 223.0 1.00 0.05
1448 1361.232 172.9 1.01 0.08
1449 1361.605 91.0 0.86 -0.01
1450 1362.652 172.9 0.95 0.07
1451 1363.362 154.7 1.03 0.02
1452 1363.753 141.1 0.96 0.05
1453 1364.973 134.3 0.96 0.03
1454 1365.173 147.9 0.94 0.03
1455 1365.992 127.4 0.95 0.01
1456 1366.356 145.6 0.91 0.03
1457 1368.723 100.1 0.95 0.03
1458 1369.660 179.8 0.94 -0.05
1459 1370.179 145.6 0.92 -0.05
1460 1370.343 132.0 0.93 -0.05
1461 1371.508 186.6 0.93 0.07
1462 1371.890 86.5 0.91 0.06
1463 1372.100 182.0 0.91 0.09
1464 1372.782 216.2 0.91 0.09
1465 1373.529 111.5 0.91 0.09
1466 1374.239 154.7 0.90 0.11
1467 1375.977 145.6 0.96 0.11
1468 1379.764 145.6 0.91 0.07
1469 1380.010 141.1 0.90 0.07
1470 1380.528 184.3 0.93 0.11
1471 1381.111 54.6 0.88 0.07
1472 1381.184 63.7 1.04 0.07
1473 1382.240 163.8 0.86 0.09
1474 1382.922 264.0 0.90 0.12
1475 1383.778 254.9 0.90 0.15
1476 1384.024 118.3 0.98 0.18
1477 1384.907 168.4 0.93 0.19
1478 1385.070 86.5 0.88 0.20
1479 1385.216 166.1 0.90 0.19
1480 1386.144 56.9 0.89 0.19
1481 1386.290 152.5 0.94 0.17
1482 1386.700 229.8 0.92 0.14
1483 1387.382 145.6 0.89 0.10
1484 1389.476 236.7 0.96 -0.02
1485 1390.923 200.2 0.91 0.01
1486 1392.844 182.0 0.93 0.01
1487 1393.426 154.7 0.91 -0.00
1488 1393.663 109.2 0.86 0.00
1489 1393.954 182.0 0.93 0.01
1490 1399.397 216.2 0.88 0.05
1491 1399.616 109.2 1.04 0.10
1492 1404.376 127.4 0.92 0.11
1493 1404.968 218.5 0.87 0.07
1494 1405.650 236.7 1.01 -0.01
1495 1407.243 116.1 0.90 -0.03
1496 1408.472 200.2 0.91 0.04
1497 1410.821 227.6 0.93 0.08
1498 1412.049 75.1 0.89 0.10
1499 1413.087 136.5 0.97 0.12
1500 1413.251 141.1 1.07 0.12
1501 1414.452 52.3 0.96 0.10
1502 1414.835 118.3 0.98 0.04
1503 1415.144 91.0 1.03 0.03
1504 1416.127 91.0 0.97 -0.00
1505 1416.282 59.2 1.00 -0.00
1506 1416.391 125.2 0.96 -0.03
1507 1416.746 136.5 0.94 0.01
1508 1419.522 163.8 1.08 0.04
1509 1419.732 138.8 1.08 0.04
1510 1420.951 136.5 1.01 -0.06
1511 1421.325 132.0 1.03 -0.00
1512 1422.062 236.7 1.06 0.01
1513 1423.991 241.2 1.07 0.01
1514 1424.201 152.5 1.05 0.01
1515 1424.365 79.6 1.05 0.00
1516 1424.447 68.3 1.03 0.01
1517 1425.466 93.3 1.11 0.04
1518 1426.404 134.3 1.10 0.03
1519 1426.950 134.3 1.11 0.04
1520 1427.123 100.1 1.11 0.03
1521 1427.651 91.0 1.10 0.02
1522 1429.016 261.7 1.10 0.07
1523 1432.247 59.2 1.08 -0.03
1524 1432.730 138.8 1.11 0.03
1525 1432.893 132.0 1.15 0.03
1526 1435.451 79.6 1.09 0.00
1527 1437.062 229.8 1.08 0.04
1528 1437.454 61.4 1.04 0.03
1529 1437.517 22.8 1.06 0.04
1530 1438.082 56.9 1.06 0.01
1531 1439.474 127.4 0.97 0.06
1532 1442.305 163.8 0.98 -0.03
1533 1444.217 147.9 0.95 -0.04
1534 1444.390 147.9 1.02 -0.04
1535 1445.464 72.8 1.02 -0.01
1536 1446.319 91.0 1.03 0.05
1537 1446.610 109.2 1.11 0.06
1538 1447.066 154.7 1.11 0.07
1539 1447.666 109.2 1.13 0.07
1540 1447.867 145.6 1.16 0.06
1541 1450.397 122.9 1.17 -0.00
1542 1452.409 118.3 1.18 0.07
1543 1452.682 318.6 1.18 -0.01
1544 1453.200 145.6 1.13 0.10
1545 1454.220 136.5 1.18 0.01
1546 1454.484 109.2 1.18 0.02
1547 1455.267 163.8 1.16 0.01
1548 1455.786 100.1 1.12 0.03
1549 1456.059 118.3 1.13 0.04
1550 1457.979 122.9 1.05 0.01
1551 1458.935 43.2 1.03 0.05
1552 1459.144 113.8 1.10 0.06
1553 1459.745 191.1 1.05 0.03
1554 1460.064 86.5 1.05 0.02
1555 1460.792 95.6 1.05 0.03
1556 1462.221 259.4 1.03 0.02
1557 1462.512 227.6 1.04 0.04
1558 1463.113 95.6 1.03 0.03
1559 1463.459 186.6 1.04 -0.00
1560 1463.732 177.5 1.05 -0.00
1561 1464.305 113.8 1.03 0.03
1562 1464.496 147.9 1.03 -0.01
1563 1467.491 177.5 1.11 -0.04
1564 1467.901 172.9 1.11 -0.02
1565 1468.447 100.1 1.14 0.02
1566 1468.565 102.4 1.15 0.02
1567 1469.084 77.4 1.11 0.01
1568 1469.612 120.6 1.12 0.01
1569 1470.003 132.0 1.09 -0.01
1570 1470.322 86.5 1.11 -0.01
1571 1470.649 209.4 1.10 -0.01
1572 1471.077 95.6 1.12 -0.00
1573 1471.250 100.1 1.12 -0.00
1574 1471.551 172.9 1.13 -0.02
1575 1472.870 145.6 1.11 -0.01
1576 1474.336 200.2 1.13 0.01
1577 1475.037 56.9 1.10 -0.00
1578 1475.929 264.0 1.12 0.00
1579 1477.713 200.2 1.10 -0.01
1580 1478.951 102.4 1.10 -0.01
1581 1479.078 59.2 1.09 -0.00
1582 1479.324 127.4 1.09 -0.01
1583 1480.134 41.0 1.12 -0.01
1584 1481.508 127.4 1.09 -0.00
1585 1482.819 118.3 1.06 0.01
1586 1484.621 68.3 1.09 0.01
1587 1485.677 191.1 1.08 0.03
1588 1486.069 227.6 1.08 0.03
1589 1491.257 120.6 1.10 0.08
1590 1492.395 38.7 1.13 0.06
1591 1492.477 54.6 1.10 0.06
1592 1493.177 136.5 1.09 0.07
1593 1493.396 182.0 1.07 0.07
1594 1496.163 138.8 1.05 0.06
1595 1497.810 136.5 1.04 0.05
1596 1498.402 154.7 1.04 0.03
1597 1499.185 84.2 1.06 0.04
1598 1499.758 134.3 1.07 0.04
1599 1501.024 52.3 1.01 0.00
1600 1501.251 145.6 1.03 0.00
1601 1501.715 191.1 1.05 0.00
1602 1503.117 127.4 1.05 0.01
1603 1503.754 132.0 1.07 0.03
1604 1504.346 109.2 1.00 0.01
1605 1504.537 193.4 1.10 0.02
1606 1504.674 59.2 1.08 0.04
1607 1505.584 241.2 1.07 0.02
1608 1506.749 127.4 1.03 0.04
1609 1507.395 47.8 1.02 0.03
1610 1509.043 264.0 1.05 0.08
1611 1509.270 127.4 1.06 0.08
1612 1510.790 111.5 1.08 0.06
1613 1511.036 275.3 1.07 0.04
1614 1513.685 154.7 1.06 0.07
1615 1513.894 77.4 1.06 0.06
1616 1515.651 291.3 1.05 0.05
1617 1517.571 127.4 1.10 0.04
1618 1517.990 100.1 1.08 0.01
1619 1519.601 120.6 1.13 0.05
1620 1519.765 93.3 1.10 0.05
1621 1522.832 125.2 1.07 0.01
1622 1523.078 122.9 1.05 0.00
1623 1524.061 198.0 1.07 -0.01
1624 1524.371 127.4 1.08 -0.03
1625 1524.689 127.4 1.08 -0.03
1626 1525.108 207.1 1.12 -0.01
1627 1527.283 186.6 1.06 0.01
1628 1527.739 79.6 1.10 0.02
1629 1528.321 248.0 1.06 0.00
1630 1528.776 154.7 1.08 -0.03
1631 1529.714 191.1 1.09 -0.05
1632 1530.542 200.2 1.05 -0.02
1633 1531.298 191.1 1.04 -0.03
1634 1532.117 138.8 1.05 -0.00
1635 1533.873 182.0 1.04 0.02
1636 1534.866 154.7 1.06 -0.04
1637 1535.039 118.3 1.07 -0.04
1638 1535.894 200.2 1.11 -0.05
1639 1536.258 172.9 1.12 -0.06
1640 1536.941 38.7 1.09 -0.05
1641 1537.196 141.1 1.08 -0.06
1642 1538.716 177.5 1.07 -0.04
1643 1538.943 93.3 1.11 -0.02
1644 1539.444 145.6 1.11 -0.03
1645 1541.428 145.6 1.02 -0.05
1646 1542.420 154.7 1.09 -0.05
1647 1543.440 191.1 1.10 -0.03
1648 1545.415 141.1 1.06 -0.01
1649 1546.617 134.3 1.05 -0.04
1650 1548.874 143.4 1.04 -0.04
1651 1550.667 100.1 1.01 -0.04
1652 1551.878 132.0 1.02 0.02
1653 1552.233 118.3 1.00 0.01
1654 1552.897 109.2 1.02 0.01
1655 1554.645 111.5 1.03 -0.00
1656 1555.136 163.8 1.03 -0.02
1657 1556.675 236.7 1.05 0.01
1658 1557.002 159.3 1.02 -0.00
1659 1557.448 191.1 1.00 0.01
1660 1558.395 188.9 1.05 0.01
1661 1559.187 86.5 1.03 -0.00
1662 1560.616 136.5 1.07 -0.02
1663 1561.590 84.2 1.05 -0.02
1664 1562.327 81.9 1.04 0.01
1665 1563.583 127.4 1.04 0.05
1666 1564.539 122.9 1.07 0.07
1667 1565.413 111.5 1.06 0.05
1668 1565.604 163.8 1.06 0.05
1669 1567.224 184.3 1.04 0.03
1670 1567.397 141.1 1.06 0.03
1671 1567.834 136.5 1.07 0.04
1672 1569.327 109.2 1.07 0.02
1673 1572.949 118.3 1.06 -0.05
1674 1574.597 132.0 1.04 0.09
1675 1574.988 127.4 1.04 0.10
1676 1576.244 152.5 1.01 0.09
1677 1576.900 209.4 1.03 0.03
1678 1577.164 193.4 0.98 0.10
1679 1578.838 118.3 0.92 0.06
1680 1579.239 136.5 1.03 0.07
1681 1580.422 145.6 1.03 0.04
1682 1584.072 113.8 1.09 0.07
1683 1584.691 186.6 1.13 0.04
1684 1585.392 141.1 1.16 0.08
1685 1585.674 209.4 1.15 0.07
1686 1585.874 100.1 1.13 0.08
1687 1586.730 111.5 1.16 0.07
1688 1589.561 95.6 1.11 0.08
1689 1590.143 86.5 1.12 0.07
1690 1590.653 81.9 1.11 0.07
1691 1590.863 93.3 1.09 0.05
1692 1591.536 186.6 1.13 0.08
1693 1592.000 127.4 1.15 0.07
1694 1593.848 97.8 1.09 0.04
1695 1595.851 109.2 1.12 0.08
1696 1598.381 172.9 1.11 0.06
1697 1599.610 100.1 1.12 0.09
1698 1600.274 95.6 1.12 0.10
1699 1601.658 129.7 1.13 0.11
1700 1601.922 97.8 1.11 0.06
1701 1602.377 154.7 1.11 0.06
1702 1604.798 113.8 1.12 0.05
1703 1605.963 132.0 1.17 0.11
1704 1606.455 100.1 1.09 0.11
1705 1607.128 109.2 1.10 0.12
1706 1611.233 118.3 1.09 0.11
1707 1612.853 138.8 1.10 0.07
1708 1615.074 172.9 1.13 0.11
1709 1616.858 127.4 1.12 0.10
1710 1618.069 118.3 1.12 0.13
1711 1618.379 102.4 1.11 0.13
1712 1618.642 163.8 1.11 0.15
1713 1619.052 355.0 1.10 0.13
1714 1621.027 109.2 1.11 0.14
1715 1622.101 109.2 1.08 0.09
1716 1622.875 100.1 1.07 0.14
1717 1623.840 95.6 1.08 0.10
1718 1624.586 109.2 1.04 0.11
1719 1626.152 318.6 1.11 0.11
1720 1626.480 109.2 1.08 0.10
1721 1627.945 81.9 1.15 0.08
1722 1628.063 66.0 1.10 0.06
1723 1628.182 170.7 1.13 0.09
1724 1632.514 54.6 1.06 0.05
1725 1632.742 72.8 1.06 0.04
1726 1634.863 120.6 1.07 0.07
1727 1635.281 186.6 1.10 0.07
1728 1636.246 245.8 1.10 0.07
1729 1637.466 93.3 1.08 0.05
1730 1638.039 91.0 1.08 0.03
1731 1638.167 122.9 1.06 0.05
1732 1638.376 154.7 1.08 0.04
1733 1639.077 154.7 1.10 0.02
1734 1640.297 154.7 1.08 0.02
1735 1640.479 100.1 1.10 0.03
1736 1640.652 147.9 1.11 0.05
1737 1641.535 127.4 1.12 0.03
1738 1642.154 84.2 1.19 0.02
1739 1642.800 95.6 1.15 0.01
1740 1643.746 68.3 1.14 0.01
1741 1643.865 107.0 1.14 0.02
1742 1645.376 116.1 1.14 0.06
1743 1645.685 200.2 1.07 0.09
1744 1649.617 129.7 1.08 0.07
1745 1649.799 118.3 1.15 -0.02
1746 1650.072 157.0 1.09 -0.02
1747 1650.200 66.0 1.10 0.03
1748 1651.037 125.2 1.08 0.05
1749 1651.511 163.8 1.10 -0.03
1750 1652.366 132.0 1.07 0.00
1751 1654.678 225.3 1.06 0.00
1752 1656.599 268.5 1.10 0.02
1753 1657.336 113.8 1.11 0.02
1754 1657.636 154.7 1.14 0.02
1755 1657.973 132.0 1.14 0.04
1756 1658.101 107.0 1.16 0.03
1757 1658.228 116.1 1.14 0.06
1758 1659.311 191.1 1.14 0.02
1759 1659.857 213.9 1.11 0.00
1760 1660.576 93.3 1.17 0.02
1761 1660.722 104.7 1.20 0.00
1762 1661.314 118.3 1.12 0.02
1763 1664.154 154.7 1.17 0.00
1764 1664.472 152.5 1.15 -0.00
1765 1664.791 159.3 1.13 -0.00
1766 1664.973 134.3 1.13 -0.02
1767 1668.240 59.2 1.15 -0.01
1768 1668.304 61.4 1.17 0.02
1769 1669.324 136.5 1.20 0.03
1770 1669.579 200.2 1.18 0.03
1771 1670.097 141.1 1.17 0.02
1772 1670.671 234.4 1.19 0.03
1773 1671.845 188.9 1.19 0.03
1774 1672.937 145.6 1.15 0.03
1775 1673.147 113.8 1.19 0.00
1776 1673.356 118.3 1.17 0.03
1777 1673.529 136.5 1.17 -0.00
1778 1675.286 109.2 1.16 -0.00
1779 1675.986 163.8 1.16 0.00
1780 1676.706 122.9 1.18 -0.02
1781 1677.752 91.0 1.20 -0.00
1782 1677.980 95.6 1.16 -0.00
1783 1678.135 100.1 1.16 -0.00
1784 1678.417 122.9 1.18 0.01
1785 1680.001 86.5 1.16 0.03
1786 1681.248 109.2 1.13 0.05
1787 1683.104 100.1 1.10 0.07
1788 1685.544 234.4 1.11 0.03
1789 1686.117 229.8 1.10 0.10
1790 1686.390 163.8 1.13 0.09
1791 1686.818 175.2 1.11 0.03
1792 1687.464 213.9 1.11 -0.00
1793 1688.775 118.3 1.04 0.01
1794 1689.203 191.1 1.08 0.04
1795 1690.186 141.1 1.05 0.04
1796 1690.860 359.5 1.12 0.00
1797 1691.806 113.8 1.11 0.01
1798 1692.225 154.7 1.09 0.03
1799 1693.363 68.3 1.11 0.06
1800 1693.909 120.6 1.09 0.07
1801 1695.675 113.8 1.10 0.08
1802 1696.084 84.2 1.07 0.06
1803 1697.267 179.8 1.10 0.07
1804 1697.686 88.7 1.09 0.06
1805 1698.706 252.6 1.09 0.06
1806 1698.860 52.3 1.09 0.05
1807 1699.361 159.3 1.05 0.05
1808 1699.552 70.5 1.08 0.05
1809 1700.644 125.2 1.08 0.01
1810 1701.081 200.2 1.01 0.00
1811 1702.601 88.7 1.10 -0.00
1812 1703.949 88.7 1.08 0.05
1813 1707.553 159.3 1.04 -0.00
1814 1707.981 213.9 1.03 -0.00
1815 1708.390 147.9 1.04 -0.00
1816 1708.663 152.5 1.05 -0.00
1817 1709.865 191.1 1.04 0.03
1818 1711.312 136.5 1.06 0.05
1819 1711.858 79.6 1.12 0.07
1820 1712.860 129.7 1.10 0.00
1821 1714.698 145.6 1.08 0.03
1822 1715.709 154.7 1.06 0.05
1823 1715.954 136.5 1.11 0.05
1824 1717.320 93.3 1.05 0.08
1825 1722.071 93.3 0.95 -0.11
1826 1723.145 113.8 1.04 -0.06
1827 1723.436 100.1 1.05 0.00
1828 1725.530 63.7 1.02 -0.01
1829 1728.024 143.4 1.04 0.03
1830 1730.163 81.9 1.06 0.04
1831 1731.182 182.0 1.00 0.09
1832 1733.585 134.3 1.01 -0.01
1833 1734.823 136.5 1.04 -0.02
1834 1735.470 147.9 1.05 0.00
1835 1735.715 186.6 1.08 0.00
1836 1736.016 161.6 1.06 -0.02
1837 1736.252 104.7 1.07 0.01
1838 1736.762 104.7 1.05 -0.01
1839 1737.354 129.7 1.08 -0.07
1840 1739.675 127.4 1.07 -0.03
1841 1741.468 68.3 1.08 0.01
1842 1741.932 141.1 0.97 -0.04
1843 1742.651 118.3 1.05 -0.04
1844 1743.179 91.0 1.02 -0.03
1845 1743.652 154.7 1.02 -0.05
1846 1745.254 150.2 1.02 -0.07
1847 1745.518 97.8 1.07 -0.01
1848 1747.812 50.1 1.08 -0.04
1849 1747.985 127.4 1.09 0.00
1850 1749.232 113.8 1.11 0.05
1851 1750.088 211.6 1.12 0.04
1852 1750.415 75.1 1.11 0.02
1853 1752.354 136.5 1.15 0.04
1854 1752.591 166.1 1.14 0.04
1855 1754.111 127.4 1.13 0.03
1856 1754.948 141.1 1.13 0.03
1857 1755.704 120.6 1.13 0.03
1858 1756.960 198.0 1.11 0.02
1859 1757.861 125.2 1.12 0.02
1860 1759.472 273.1 1.14 0.03
1861 1759.718 163.8 1.14 0.02
1862 1759.991 141.1 1.12 0.01
1863 1760.382 56.9 1.14 0.02
1864 1760.583 136.5 1.10 0.04
1865 1761.456 118.3 1.11 0.04
1866 1762.294 86.5 1.13 0.06
1867 1762.448 95.6 1.12 0.06
1868 1765.206 179.8 1.11 0.04
1869 1766.053 225.3 1.11 0.04
1870 1766.344 116.1 1.12 0.04
1871 1767.400 127.4 1.15 0.07
1872 1769.876 113.8 1.12 0.07
1873 1771.942 154.7 1.12 0.02
1874 1773.235 150.2 1.14 0.04
1875 1773.489 172.9 1.15 0.03
1876 1773.826 91.0 1.15 -0.00
1877 1776.084 145.6 1.17 -0.05
1878 1776.557 295.8 1.17 -0.00
1879 1777.231 179.8 1.14 -0.02
1880 1777.667 136.5 1.14 -0.02
1881 1777.968 172.9 1.13 0.01
1882 1778.587 318.6 1.12 -0.00
1883 1779.106 154.7 1.14 0.01
1884 1779.797 143.4 1.14 0.02
1885 1781.126 191.1 1.13 0.05
1886 1781.982 125.2 1.14 -0.00
1887 1782.801 88.7 1.12 0.03
1888 1783.511 227.6 1.14 0.02
1889 1785.304 141.1 1.12 0.02
1890 1786.032 154.7 1.11 0.02
1891 1786.214 86.5 1.10 0.00
1892 1786.670 127.4 1.09 -0.00
1893 1787.179 182.0 1.11 0.01
1894 1789.136 88.7 1.07 0.04
1895 1790.010 154.7 1.08 0.04
1896 1790.383 61.4 1.08 0.02
1897 1791.557 56.9 1.08 0.03
1898 1791.949 129.7 1.09 0.05
1899 1792.768 223.0 1.07 0.02
1900 1793.132 109.2 1.11 0.03
1901 1793.505 154.7 1.08 0.02
1902 1793.715 100.1 1.09 0.01
1903 1793.869 79.6 1.10 0.03
1904 1794.379 118.3 1.06 0.01
1905 1795.162 122.9 1.09 -0.01
1906 1795.271 75.1 1.06 0.01
1907 1796.017 264.0 1.02 0.01
1908 1796.618 172.9 1.01 -0.00
1909 1797.465 116.1 1.06 -0.01
1910 1799.322 136.5 1.10 0.00
1911 1799.986 138.8 1.10 -0.03
1912 1800.123 116.1 1.15 -0.03
1913 1801.406 264.0 1.12 -0.01
1914 1803.081 95.6 1.10 0.06
1915 1803.263 95.6 1.16 0.06
1916 1803.536 132.0 1.13 0.04
1917 1803.773 166.1 1.15 0.04
1918 1805.247 109.2 1.15 0.05
1919 1805.702 100.1 1.10 0.00
1920 1806.631 127.4 1.10 0.02
1921 1806.758 125.2 1.13 0.02
1922 1806.922 113.8 1.11 0.04
1923 1807.222 175.2 1.10 0.04
1924 1808.642 95.6 1.13 0.02
1925 1810.099 91.0 1.11 0.02
1926 1810.699 63.7 1.12 0.03
1927 1812.420 145.6 1.11 0.03
1928 1812.911 100.1 1.09 -0.01
1929 1814.167 116.1 1.18 0.09
1930 1814.823 109.2 1.15 0.05
1931 1815.988 227.6 1.12 0.11
1932 1817.790 127.4 1.11 0.08
1933 1820.056 79.6 1.15 0.07
1934 1821.522 200.2 1.14 0.07
1935 1822.314 102.4 1.17 0.07
1936 1822.478 107.0 1.13 0.06
1937 1822.651 184.3 1.09 0.07
1938 1823.288 52.3 1.12 0.06
1939 1823.442 163.8 1.08 0.08
1940 1824.535 109.2 1.09 0.04
1941 1825.336 227.6 1.07 0.10
1942 1827.666 136.5 1.13 0.13
1943 1827.912 109.2 1.12 0.13
1944 1828.248 182.0 1.17 0.10
1945 1828.485 118.3 1.09 0.11
1946 1828.977 175.2 1.19 0.10
1947 1829.960 127.4 1.17 0.11
1948 1830.224 118.3 1.16 0.10
1949 1831.534 223.0 1.14 0.07
1950 1832.099 138.8 1.12 0.04
1951 1832.963 100.1 1.12 0.06
1952 1833.928 118.3 1.13 0.06
1953 1834.265 77.4 1.10 0.07
1954 1834.465 234.4 1.12 0.06
1955 1835.776 120.6 1.10 0.05
1956 1836.868 79.6 1.11 0.04
1957 1837.132 168.4 1.14 0.04
1958 1838.980 186.6 1.15 0.07
1959 1842.512 70.5 1.12 -0.02
1960 1842.994 170.7 1.12 0.01
1961 1844.059 141.1 1.09 0.02
1962 1844.541 161.6 1.10 0.05
1963 1845.725 50.1 1.12 0.05
1964 1845.925 122.9 1.07 0.04
1965 1846.216 145.6 1.10 0.03
1966 1848.100 122.9 1.11 0.04
1967 1849.429 50.1 1.08 0.00
1968 1851.760 120.6 1.07 0.04
1969 1854.290 86.5 1.10 0.02
1970 1854.426 77.4 1.09 0.02
1971 1854.545 93.3 1.10 0.01
1972 1856.201 200.2 1.07 0.04
1973 1858.377 118.3 1.07 0.03
1974 1859.078 113.8 1.08 0.04
1975 1859.669 95.6 1.04 0.06
1976 1859.888 116.1 1.10 0.08
1977 1860.161 172.9 1.12 0.08
1978 1862.700 66.0 1.16 0.05
1979 1862.800 81.9 1.14 0.06
1980 1863.665 136.5 1.17 0.06
1981 1865.040 136.5 1.15 0.06
1982 1865.731 122.9 1.15 0.07
1983 1866.214 113.8 1.13 0.08
1984 1866.787 122.9 1.12 0.05
1985 1868.280 93.3 1.10 0.08
1986 1868.562 250.3 1.14 0.08
1987 1869.518 154.7 1.13 0.07
1988 1870.009 81.9 1.10 0.05
1989 1871.002 100.1 1.12 0.07
1990 1872.176 100.1 1.11 0.08
1991 1872.494 95.6 1.14 0.09
1992 1873.687 84.2 1.16 0.09
1993 1873.969 118.3 1.17 0.09
1994 1875.107 172.9 1.15 0.08
1995 1876.290 150.2 1.14 0.07
1996 1876.973 127.4 1.16 0.08
1997 1877.810 136.5 1.13 0.05
1998 1878.092 122.9 1.15 0.13
1999 1879.913 145.6 1.14 0.09
2000 1880.823 100.1 1.13 0.07
