1 9428.185 41.0 0.94 0.01
2 9428.358 302.6 0.96 -0.00
3 9428.786 97.8 0.92 -0.00
4 9429.542 350.4 0.96 -0.00
5 9430.179 302.6 1.00 -0.00
6 9434.293 293.5 0.93 -0.00
7 9434.748 120.6 0.92 -0.00
8 9435.631 168.4 0.94 -0.00
9 9436.559 234.4 0.86 -0.00
10 9436.678 104.7 0.83 -0.00
11 9437.224 145.6 0.93 0.00
12 9438.744 245.8 0.90 0.00
13 9441.465 264.0 0.66 0.00
14 9442.039 54.6 1.01 0.00
15 9443.331 143.4 1.00 0.00
16 9443.686 327.7 0.91 -0.00
17 9444.050 300.4 0.90 -0.00
18 9446.153 464.2 0.61 -0.00
19 9446.417 300.4 0.90 -0.00
20 9446.645 141.1 0.91 -0.00
21 9446.863 216.2 0.85 -0.00
22 9447.901 300.4 0.86 -0.00
23 9448.238 323.1 0.87 -0.00
24 9448.702 120.6 0.90 0.00
25 9448.829 68.3 0.87 -0.00
26 9449.630 154.7 0.83 0.00
27 9450.486 63.7 0.85 0.00
28 9451.478 175.2 0.84 0.00
29 9451.796 527.9 0.83 0.00
30 9455.984 730.5 0.83 0.00
31 9457.349 894.3 0.73 0.00
32 9458.541 1169.6 0.70 0.00
33 9459.861 514.3 0.65 -0.00
34 9465.768 441.5 0.80 -0.00
35 9469.573 339.1 0.81 -0.00
36 9469.892 298.1 0.85 -0.00
37 9474.051 289.0 0.77 0.00
38 9474.734 257.1 0.94 -0.00
39 9474.962 186.6 0.90 -0.00
40 9475.772 111.5 0.92 0.00
41 9476.882 323.1 0.95 0.00
42 9477.301 120.6 0.91 0.00
43 9478.229 213.9 0.93 0.00
44 9479.367 350.4 0.90 0.00
45 9480.341 266.2 0.94 0.00
46 9483.845 873.8 0.76 -0.00
47 9484.419 539.3 0.82 -0.00
48 9487.550 284.4 0.84 -0.00
49 9487.787 234.4 0.81 -0.00
50 9488.060 179.8 0.84 -0.00
51 9490.308 946.6 0.67 0.00
52 9490.872 125.2 0.75 0.00
53 9492.411 361.8 0.53 0.00
54 9493.876 157.0 0.89 0.00
55 9494.495 421.0 0.83 0.00
56 9495.970 439.2 0.93 0.00
57 9496.516 1012.6 0.53 0.00
58 9499.101 270.8 0.87 0.00
59 9499.246 127.4 0.86 0.00
60 9499.720 254.9 0.85 0.00
61 9500.785 1160.5 0.75 0.00
62 9502.396 773.7 0.66 0.00
63 9506.355 534.8 0.86 -0.00
64 9506.938 257.1 0.91 -0.00
65 9508.276 136.5 0.86 -0.00
66 9508.658 170.7 0.97 -0.00
67 9509.505 141.1 0.87 -0.00
68 9510.879 225.3 0.97 -0.00
69 9511.298 268.5 0.85 -0.00
70 9511.716 195.7 0.92 -0.00
71 9512.153 425.5 0.93 0.00
72 9512.681 477.9 0.89 0.00
73 9513.482 257.1 0.92 0.00
74 9519.071 737.3 0.71 0.00
75 9520.009 304.9 0.91 0.00
76 9521.192 455.1 0.78 0.00
77 9522.020 223.0 0.84 0.00
78 9522.320 202.5 0.92 0.00
79 9524.450 735.0 0.93 -0.00
80 9525.488 1035.4 0.79 -0.00
81 9531.987 100.1 0.93 -0.00
82 9533.653 407.3 0.90 0.00
83 9534.836 416.4 0.94 0.00
84 9536.183 225.3 0.90 0.00
85 9538.786 163.8 0.98 0.00
86 9539.742 152.5 0.89 0.01
87 9540.516 77.4 0.90 0.00
88 9541.135 273.1 0.96 0.00
89 9541.872 54.6 0.99 0.00
90 9543.902 132.0 0.74 -0.00
91 9546.532 546.1 0.93 -0.00
92 9548.071 120.6 1.01 -0.00
93 9548.717 339.1 0.49 -0.00
94 9553.040 100.1 0.96 -0.00
95 9553.750 341.3 0.91 -0.00
96 9553.960 111.5 0.97 -0.00
97 9555.562 764.6 0.78 -0.00
98 9556.390 382.3 0.77 -0.00
99 9556.791 380.0 0.97 -0.00
100 9557.610 184.3 1.07 -0.00
101 9558.320 170.7 0.96 0.00
102 9559.494 207.1 0.95 0.00
103 9560.723 327.7 0.48 0.00
104 9561.915 175.2 1.00 0.00
105 9562.625 179.8 0.99 0.00
106 9562.916 72.8 0.99 -0.00
107 9563.026 91.0 0.97 -0.00
108 9563.499 172.9 0.91 0.00
109 9563.663 236.7 1.00 0.00
110 9563.827 154.7 0.99 -0.00
111 9564.846 56.9 0.92 0.00
112 9565.456 268.5 0.96 -0.00
113 9565.683 159.3 0.95 0.00
114 9568.833 562.1 0.95 -0.00
115 9570.043 150.2 0.93 0.00
116 9570.389 279.9 0.47 0.00
117 9571.645 295.8 0.96 0.00
118 9571.982 248.0 0.88 -0.00
119 9572.383 175.2 0.94 0.00
120 9572.492 70.5 0.92 -0.00
121 9574.485 266.2 0.95 -0.00
122 9575.059 584.8 0.74 -0.00
123 9576.497 616.7 0.71 -0.00
124 9579.100 907.9 0.90 0.00
125 9583.351 632.6 0.71 -0.00
126 9585.253 134.3 0.87 0.00
127 9586.418 500.6 0.71 0.00
128 9586.828 391.4 0.67 0.00
129 9587.074 339.1 0.86 -0.00
130 9595.976 564.3 0.69 -0.00
131 9598.015 220.7 0.97 -0.00
132 9601.191 694.0 0.86 0.00
133 9602.056 487.0 0.86 0.00
134 9603.221 803.3 0.67 -0.00
135 9607.226 600.7 0.78 -0.00
136 9610.494 172.9 0.92 0.00
137 9611.013 168.4 1.00 0.00
138 9611.477 227.6 0.92 0.00
139 9611.686 143.4 0.79 -0.00
140 9613.452 107.0 0.98 -0.00
141 9614.007 259.4 0.87 -0.00
142 9616.674 95.6 0.91 0.00
143 9619.168 323.1 0.94 0.00
144 9620.888 75.1 1.08 0.00
145 9620.998 91.0 1.02 0.00
146 9621.089 79.6 0.69 0.00
147 9622.791 320.9 0.85 0.00
148 9624.429 304.9 0.97 -0.00
149 9624.720 170.7 0.81 0.00
150 9625.048 81.9 1.04 0.00
151 9625.558 107.0 0.93 -0.00
152 9627.196 318.6 0.99 0.00
153 9627.715 223.0 0.98 0.00
154 9628.161 143.4 0.99 0.00
155 9629.199 241.2 1.00 -0.00
156 9629.481 125.2 0.98 -0.00
157 9629.608 134.3 0.98 -0.00
158 9631.665 279.9 0.97 -0.00
159 9633.859 418.7 0.92 -0.00
160 9634.396 159.3 0.95 -0.00
161 9636.544 407.3 0.86 -0.00
162 9637.036 489.2 0.85 0.00
163 9640.759 218.5 0.96 0.00
164 9640.995 293.5 0.84 0.00
165 9641.997 279.9 0.84 0.00
166 9645.200 122.9 0.91 -0.00
167 9646.748 457.4 0.84 0.00
168 9647.112 341.3 0.80 0.00
169 9647.358 223.0 0.86 0.00
170 9649.515 109.2 0.87 0.00
171 9652.764 459.7 0.87 -0.00
172 9653.229 168.4 0.89 -0.00
173 9653.629 182.0 0.89 -0.00
174 9653.875 236.7 0.84 -0.00
175 9654.093 211.6 0.83 -0.00
176 9654.448 152.5 0.95 -0.00
177 9654.594 84.2 0.93 -0.00
178 9655.149 145.6 0.96 -0.00
179 9656.542 860.2 0.89 -0.00
180 9657.106 546.1 0.95 -0.00
181 9657.370 172.9 0.95 -0.00
182 9657.543 150.2 0.95 -0.00
183 9658.235 311.8 0.89 -0.00
184 9659.600 336.8 0.87 0.00
185 9659.728 93.3 0.87 0.00
186 9660.802 218.5 0.95 -0.00
187 9661.275 455.1 0.65 -0.00
188 9664.297 266.2 0.80 0.00
189 9665.052 375.5 0.80 -0.00
190 9666.054 457.4 0.86 -0.00
191 9666.536 459.7 0.60 -0.00
192 9669.239 1633.8 0.78 0.00
193 9670.687 512.0 0.75 0.00
194 9671.215 471.0 0.75 0.00
195 9671.715 764.6 0.67 -0.00
196 9672.289 541.6 0.78 -0.00
197 9679.206 341.3 0.78 0.00
198 9680.763 591.6 0.74 0.00
199 9681.373 596.2 0.86 0.00
200 9682.774 250.3 0.79 0.00
201 9683.457 386.8 0.84 0.00
202 9683.930 409.6 0.76 0.00
203 9684.295 355.0 0.82 -0.00
204 9693.652 145.6 0.93 0.00
205 9694.598 464.2 0.94 0.00
206 9695.827 350.4 0.95 0.00
207 9698.239 289.0 0.89 0.00
208 9698.540 293.5 0.86 0.00
209 9699.805 512.0 0.87 0.00
210 9700.542 177.5 0.80 0.00
211 9701.234 259.4 0.87 0.00
212 9701.607 304.9 0.83 0.00
213 9703.254 386.8 0.89 0.00
214 9703.473 204.8 0.82 0.00
215 9704.401 104.7 0.92 -0.00
216 9704.629 182.0 0.88 0.00
217 9707.833 141.1 0.92 -0.00
218 9711.173 664.5 0.78 0.00
219 9713.130 1938.8 0.65 0.00
220 9714.223 1085.4 0.58 0.00
221 9718.464 937.5 0.66 -0.00
222 9720.394 771.4 0.46 -0.00
223 9723.716 860.2 0.72 -0.00
224 9726.911 537.0 0.90 -0.00
225 9728.923 377.7 0.86 -0.00
226 9732.800 257.1 0.75 -0.00
227 9733.893 557.5 0.87 -0.00
228 9735.695 948.9 0.85 -0.00
229 9736.250 548.4 0.96 -0.00
230 9736.396 122.9 0.94 0.00
231 9737.133 316.3 0.93 -0.00
232 9737.543 118.3 0.96 -0.00
233 9738.243 275.3 0.88 -0.00
234 9738.771 81.9 0.97 0.00
235 9740.146 393.7 0.90 0.00
236 9740.364 63.7 0.98 0.00
237 9740.637 154.7 0.88 0.00
238 9741.720 357.3 0.86 0.00
239 9743.313 730.5 0.90 0.00
240 9748.092 238.9 0.93 -0.00
241 9751.314 225.3 0.96 0.00
242 9752.097 79.6 0.97 0.00
243 9752.224 97.8 0.93 -0.00
244 9752.953 182.0 0.95 0.00
245 9753.126 264.0 0.84 0.00
246 9753.872 402.8 0.88 -0.00
247 9755.283 236.7 0.85 -0.00
248 9756.885 320.9 0.84 0.00
249 9758.141 304.9 0.83 -0.00
250 9762.319 973.9 0.85 0.00
251 9764.230 111.5 0.85 -0.00
252 9766.269 716.8 0.81 0.00
253 9769.227 609.8 0.77 -0.00
254 9769.446 204.8 0.89 0.00
255 9770.429 1181.0 0.77 0.00
256 9771.485 275.3 0.75 0.00
257 9771.985 475.6 0.77 0.00
258 9788.306 4016.4 0.75 -0.00
259 9791.501 159.3 0.82 0.00
260 9793.630 735.0 0.66 0.00
261 9794.568 903.4 0.73 -0.00
262 9800.129 523.4 0.79 -0.00
263 9802.724 978.5 0.70 -0.00
264 9804.498 1228.8 0.72 -0.00
265 9805.199 127.4 0.80 -0.00
266 9805.864 1165.1 0.83 -0.00
267 9807.275 277.6 0.84 0.00
268 9809.568 964.8 0.75 0.00
269 9812.299 2698.8 0.74 0.00
270 9819.098 56.9 0.85 0.00
271 9819.890 521.1 0.69 -0.00
272 9821.110 623.5 0.70 0.00
273 9825.197 179.8 0.77 -0.00
274 9825.716 505.2 0.78 -0.00
275 9831.669 1793.1 0.72 0.00
276 9833.180 477.9 0.69 0.00
277 9833.334 138.8 0.91 -0.00
278 9834.217 432.4 0.78 -0.00
279 9836.147 309.5 0.86 -0.00
280 9837.130 491.5 0.84 -0.00
281 9837.631 198.0 0.86 0.00
282 9840.634 109.2 0.75 -0.00
283 9842.427 355.0 0.72 0.00
284 9846.760 1854.6 0.65 -0.00
285 9851.967 541.6 0.70 0.00
286 9852.358 282.2 0.77 0.00
287 9857.756 166.1 0.99 -0.00
288 9857.965 129.7 0.98 0.00
289 9858.238 68.3 0.94 0.00
290 9859.376 395.9 0.76 0.00
291 9859.749 293.5 0.76 0.00
292 9860.577 944.4 0.53 0.00
293 9862.580 229.8 0.88 0.00
294 9863.335 373.2 0.69 0.00
295 9863.845 498.3 0.65 0.00
296 9866.530 525.7 0.54 0.00
297 9867.076 801.0 0.57 0.00
298 9867.850 198.0 0.96 0.00
299 9869.962 204.8 0.93 0.00
300 9870.817 446.0 0.83 0.00
301 9871.900 548.4 0.93 0.00
302 9872.638 370.9 0.89 0.00
303 9873.020 264.0 0.90 0.00
304 9873.293 266.2 0.95 -0.00
305 9875.678 304.9 0.85 -0.00
306 9875.933 218.5 0.85 -0.00
307 9876.142 200.2 0.90 -0.00
308 9882.150 512.0 0.75 -0.00
309 9888.603 95.6 0.93 0.00
310 9890.897 327.7 0.87 0.00
311 9891.834 448.3 0.89 -0.00
312 9892.053 198.0 0.92 -0.00
313 9893.800 254.9 0.75 -0.00
314 9894.246 318.6 0.85 -0.00
315 9896.713 207.1 0.90 -0.00
316 9897.086 343.6 0.80 -0.00
317 9897.478 377.7 0.90 -0.00
318 9897.769 266.2 0.86 -0.00
319 9898.606 498.3 0.91 -0.00
320 9899.881 359.5 0.76 0.00
321 9901.173 264.0 0.80 -0.00
322 9903.121 446.0 0.71 0.00
323 9903.403 229.8 0.83 0.00
324 9906.380 616.7 0.90 0.00
325 9906.498 97.8 0.87 0.00
326 9907.135 345.9 0.71 0.00
327 9907.781 279.9 0.94 0.00
328 9908.519 129.7 0.93 0.00
329 9909.493 318.6 0.88 0.00
330 9910.512 464.2 0.87 0.00
331 9911.258 384.6 0.87 0.00
332 9911.532 254.9 0.96 0.00
333 9911.786 270.8 0.86 0.00
334 9912.014 136.5 1.05 0.01
335 9912.451 254.9 0.27 0.00
336 9914.162 136.5 0.72 -0.00
337 9916.720 100.1 0.92 -0.00
338 9922.172 223.0 0.92 -0.00
339 9922.818 348.2 0.92 -0.00
340 9923.100 79.6 0.89 -0.00
341 9923.228 63.7 0.93 0.00
342 9924.994 229.8 0.89 0.00
343 9926.059 266.2 0.85 0.00
344 9927.014 314.0 0.85 0.00
345 9928.207 268.5 0.89 0.00
346 9929.891 582.5 0.82 0.00
347 9931.920 63.7 1.02 0.00
348 9934.041 248.0 0.99 -0.00
349 9934.942 152.5 1.01 -0.00
350 9935.033 75.1 0.99 0.00
351 9936.963 102.4 0.87 -0.00
352 9937.901 1071.8 0.71 -0.00
353 9938.738 200.2 0.89 -0.00
354 9939.575 393.7 0.85 -0.00
355 9940.686 421.0 0.58 -0.00
356 9942.297 72.8 0.96 -0.00
357 9943.480 539.3 0.86 -0.00
358 9946.520 291.3 0.92 -0.00
359 9947.367 430.1 0.89 -0.00
360 9947.713 318.6 0.75 -0.00
361 9950.653 120.6 0.95 0.00
362 9952.209 334.5 0.85 0.00
363 9952.391 286.7 0.74 0.00
364 9952.655 291.3 0.85 0.00
365 9952.874 63.7 0.98 0.00
366 9953.566 628.1 0.88 0.00
367 9954.039 116.1 0.91 -0.00
368 9954.421 298.1 0.79 -0.00
369 9954.967 516.6 0.80 -0.00
370 9955.331 350.4 0.82 -0.00
371 9955.559 166.1 0.74 -0.00
372 9956.287 314.0 0.82 -0.00
373 9956.788 150.2 0.87 -0.00
374 9957.980 320.9 0.68 -0.00
375 9959.336 202.5 0.77 -0.00
376 9959.473 120.6 0.82 -0.00
377 9959.974 325.4 0.76 -0.00
378 9960.938 355.0 0.82 0.00
379 9961.776 309.5 0.92 0.00
380 9963.005 136.5 0.94 -0.00
381 9964.279 104.7 0.86 0.00
382 9965.107 382.3 0.90 0.00
383 9967.019 93.3 0.86 0.00
384 9967.902 136.5 0.95 0.00
385 9968.211 116.1 0.97 0.00
386 9968.521 56.9 0.99 0.00
387 9968.994 188.9 0.88 -0.00
388 9969.212 186.6 0.98 0.00
389 9970.250 195.7 0.93 0.00
390 9970.441 107.0 0.87 0.00
391 9971.806 302.6 0.93 0.00
392 9973.026 166.1 0.90 0.00
393 9974.965 860.2 0.84 -0.00
394 9978.469 104.7 0.87 -0.00
395 9978.852 157.0 0.96 -0.00
396 9979.762 200.2 0.94 -0.00
397 9981.136 63.7 0.89 0.00
398 9981.965 118.3 0.93 -0.00
399 9982.847 384.6 0.90 0.00
400 9983.084 107.0 1.03 0.00
401 9985.159 391.4 0.77 -0.00
402 9985.715 118.3 0.93 -0.00
403 9986.343 150.2 1.05 -0.00
404 9990.102 655.4 0.80 0.00
405 9990.712 596.2 0.88 0.00
406 9993.852 154.7 0.88 -0.00
407 9996.428 684.9 0.79 -0.00
408 9997.438 457.4 0.75 -0.00
409 9998.039 234.4 0.71 -0.00
410 10001.198 696.3 0.68 -0.00
411 10001.744 175.2 0.72 -0.00
412 10002.008 452.8 0.91 0.00
413 10007.596 345.9 0.84 0.00
414 10007.806 286.7 0.99 0.00
415 10008.443 91.0 1.01 0.00
416 10008.725 177.5 0.99 0.00
417 10009.326 75.1 0.97 0.00
418 10010.518 220.7 0.97 -0.00
419 10012.193 675.8 0.96 0.00
420 10012.985 45.5 0.80 0.00
421 10013.740 236.7 1.01 0.00
422 10013.959 202.5 1.07 0.00
423 10014.887 234.4 0.86 -0.00
424 10015.033 118.3 0.85 0.00
425 10016.098 216.2 0.84 -0.00
426 10017.017 427.8 0.77 -0.00
427 10017.345 330.0 0.72 -0.00
428 10018.628 452.8 0.90 0.00
429 10019.866 411.9 0.88 0.00
430 10020.057 127.4 0.91 -0.00
431 10020.813 248.0 0.92 0.00
432 10021.659 264.0 0.87 0.00
433 10023.216 705.4 0.84 0.00
434 10023.407 184.3 0.79 0.00
435 10023.744 129.7 0.69 0.00
436 10026.383 257.1 0.85 -0.00
437 10026.893 120.6 0.86 -0.00
438 10028.577 184.3 0.94 0.00
439 10029.169 191.1 0.76 0.00
440 10030.552 81.9 0.82 0.00
441 10032.145 157.0 0.80 0.00
442 10033.155 366.4 0.88 0.00
443 10035.012 138.8 0.92 0.00
444 10035.285 252.6 0.90 0.00
445 10036.077 311.8 0.78 -0.00
446 10037.315 525.7 0.93 -0.00
447 10037.524 127.4 0.91 -0.00
448 10037.961 225.3 0.89 0.00
449 10038.535 193.4 0.88 0.00
450 10040.719 291.3 0.85 -0.00
451 10041.757 270.8 0.83 -0.00
452 10042.057 122.9 0.79 -0.00
453 10042.194 593.9 0.83 -0.00
454 10044.460 289.0 0.90 -0.00
455 10044.906 314.0 0.89 -0.00
456 10045.471 270.8 0.87 -0.00
457 10045.762 138.8 0.91 -0.01
458 10049.876 236.7 0.94 0.00
459 10051.624 578.0 0.84 -0.00
460 10052.452 152.5 0.70 -0.00
461 10052.625 152.5 0.86 0.00
462 10053.535 944.4 0.84 0.00
463 10054.837 434.6 0.91 0.00
464 10058.105 794.2 0.71 -0.00
465 10058.851 669.0 0.67 0.00
466 10060.253 730.5 0.64 0.00
467 10060.999 1101.4 0.72 0.00
468 10063.256 202.5 0.85 -0.00
469 10065.059 418.7 0.80 -0.00
470 10065.250 168.4 0.90 -0.00
471 10066.069 452.8 0.91 -0.00
472 10070.793 907.9 0.79 0.00
473 10072.013 600.7 0.79 0.00
474 10072.550 534.8 0.80 0.00
475 10074.225 534.8 0.70 0.00
476 10074.834 277.6 0.82 0.00
477 10075.080 216.2 0.81 0.00
478 10075.508 364.1 0.83 0.00
479 10080.705 1410.8 0.87 0.00
480 10083.163 801.0 0.76 -0.00
481 10085.084 1906.9 0.71 -0.00
482 10093.694 673.6 0.84 0.00
483 10094.969 136.5 0.82 0.00
484 10097.180 1049.0 0.78 0.00
485 10099.656 118.3 0.77 0.00
486 10100.011 270.8 0.82 0.00
487 10104.599 1010.3 0.70 -0.00
488 10105.891 568.9 0.64 -0.00
489 10106.337 416.4 0.62 -0.00
490 10107.065 689.5 0.69 -0.00
491 10109.514 4435.1 0.64 -0.00
492 10121.611 760.0 0.85 0.00
493 10122.876 309.5 0.88 -0.00
494 10123.249 350.4 0.84 -0.00
495 10124.724 264.0 0.77 -0.00
496 10126.062 785.1 0.32 -0.00
497 10134.399 739.6 0.73 -0.00
498 10136.684 416.4 0.82 -0.00
499 10136.884 138.8 0.88 -0.00
500 10138.040 191.1 0.85 -0.00
501 10138.741 248.0 1.00 -0.00
502 10139.733 332.2 0.32 0.00
503 10140.025 232.1 0.98 0.00
504 10141.208 104.7 1.01 0.00
505 10141.326 132.0 0.97 0.00
506 10142.009 236.7 0.94 0.00
507 10143.210 84.2 0.95 0.00
508 10143.729 200.2 0.89 0.00
509 10144.448 336.8 0.95 -0.00
510 10144.548 136.5 0.90 -0.00
511 10145.468 152.5 0.96 -0.00
512 10147.825 1253.8 0.35 -0.00
513 10148.426 236.7 0.90 -0.00
514 10149.081 482.4 0.89 -0.00
515 10150.073 134.3 0.88 0.00
516 10150.656 232.1 0.83 0.00
517 10150.956 138.8 0.85 0.00
518 10152.222 787.3 0.75 0.00
519 10153.887 760.0 0.79 -0.00
520 10157.446 593.9 0.78 -0.00
521 10158.047 384.6 0.72 -0.00
522 10159.066 1001.2 0.70 -0.00
523 10160.040 409.6 0.82 0.00
524 10161.897 325.4 0.86 0.00
525 10162.443 436.9 0.81 0.00
526 10167.814 1451.8 0.75 0.00
527 10171.791 589.4 0.50 0.00
528 10174.267 107.0 0.84 -0.00
529 10174.440 141.1 1.09 -0.00
530 10174.740 125.2 0.86 -0.00
531 10176.115 168.4 1.10 -0.00
532 10176.898 257.1 0.96 0.00
533 10177.571 200.2 1.04 0.00
534 10178.108 63.7 0.97 0.00
535 10178.272 70.5 1.04 0.00
536 10178.818 45.5 0.99 0.00
537 10180.420 102.4 0.98 0.00
538 10181.312 430.1 1.05 0.00
539 10181.904 223.0 1.02 0.00
540 10182.204 77.4 1.03 0.00
541 10182.423 93.3 0.95 0.00
542 10182.732 143.4 0.98 0.00
543 10182.896 120.6 0.96 0.00
544 10183.060 145.6 0.97 0.00
545 10185.172 261.7 0.92 0.00
546 10186.373 223.0 0.93 -0.00
547 10186.719 175.2 0.81 -0.00
548 10187.848 439.2 0.85 -0.00
549 10190.342 291.3 0.80 0.00
550 10194.838 461.9 0.79 -0.00
551 10196.841 782.8 0.80 -0.00
552 10199.080 432.4 0.80 0.00
553 10199.289 416.4 0.81 0.00
554 10201.237 225.3 0.89 0.00
555 10201.401 161.6 0.85 0.00
556 10201.547 118.3 0.87 0.00
557 10202.402 238.9 0.83 0.00
558 10202.657 250.3 0.85 0.00
559 10202.921 234.4 0.89 -0.00
560 10203.394 359.5 0.84 0.00
561 10203.749 318.6 0.83 0.00
562 10204.423 261.7 0.78 -0.00
563 10204.923 150.2 0.99 -0.00
564 10205.360 150.2 1.02 -0.00
565 10207.663 268.5 1.03 -0.00
566 10207.936 152.5 0.93 -0.00
567 10208.091 145.6 0.93 -0.00
568 10208.455 311.8 1.00 -0.00
569 10209.893 125.2 0.95 -0.00
570 10210.339 170.7 0.91 -0.00
571 10210.840 193.4 0.96 -0.00
572 10210.949 193.4 0.96 -0.00
573 10211.104 118.3 0.96 -0.00
574 10211.513 286.7 0.97 -0.00
575 10212.833 225.3 0.91 -0.00
576 10213.179 609.8 0.96 -0.00
577 10213.598 79.6 0.89 -0.00
578 10214.108 516.6 0.87 -0.00
579 10215.091 193.4 0.92 -0.00
580 10215.264 159.3 0.92 -0.00
581 10215.846 389.1 0.90 -0.00
582 10216.975 266.2 0.85 -0.00
583 10219.196 812.4 0.78 0.00
584 10220.179 232.1 0.88 0.00
585 10221.271 698.6 0.84 0.00
586 10222.172 707.7 0.35 0.00
587 10222.600 405.0 1.05 0.00
588 10223.392 184.3 1.07 0.00
589 10224.275 725.9 0.85 0.00
590 10225.322 132.0 0.82 0.00
591 10225.513 179.8 0.85 0.00
592 10226.241 457.4 0.80 -0.00
593 10226.468 127.4 0.87 -0.00
594 10226.605 107.0 0.92 -0.00
595 10227.788 175.2 0.85 -0.00
596 10228.189 193.4 0.92 0.00
597 10228.662 468.8 0.78 0.00
598 10229.090 407.3 0.96 -0.00
599 10230.128 104.7 1.03 -0.00
600 10230.965 468.8 0.70 -0.00
601 10232.267 66.0 1.01 -0.00
602 10232.558 122.9 0.83 -0.00
603 10232.740 161.6 1.02 0.00
604 10233.459 332.2 1.02 -0.00
605 10233.905 127.4 1.06 0.00
606 10234.078 125.2 1.00 0.00
607 10234.324 216.2 0.49 0.00
608 10236.044 782.8 0.44 -0.00
609 10236.617 553.0 0.80 -0.00
610 10237.346 238.9 1.03 0.00
611 10237.600 111.5 1.07 0.00
612 10240.395 361.8 0.98 0.00
613 10240.595 138.8 0.89 0.00
614 10242.097 152.5 0.96 0.00
615 10242.233 79.6 0.96 0.00
616 10242.479 134.3 0.89 0.00
617 10244.372 482.4 0.91 0.00
618 10244.910 259.4 0.92 -0.00
619 10245.765 120.6 0.92 -0.00
620 10246.065 200.2 0.83 -0.00
621 10246.275 186.6 0.91 -0.00
622 10247.076 225.3 0.97 -0.00
623 10247.340 172.9 0.98 -0.00
624 10248.068 118.3 0.96 0.00
625 10249.269 188.9 0.77 0.00
626 10249.697 125.2 0.91 -0.00
627 10250.116 150.2 1.00 0.00
628 10250.398 100.1 1.02 0.00
629 10251.072 644.0 1.02 -0.00
630 10252.728 152.5 1.02 -0.00
631 10253.584 198.0 0.92 0.00
632 10254.658 107.0 0.94 -0.00
633 10256.642 644.0 0.94 -0.00
634 10257.798 86.5 0.93 -0.00
635 10258.190 150.2 0.97 0.00
636 10259.828 175.2 0.95 0.00
637 10260.711 803.3 0.86 -0.00
638 10262.349 293.5 0.58 -0.00
639 10262.559 195.7 0.90 -0.00
640 10263.405 352.7 0.80 0.00
641 10263.833 120.6 0.98 -0.00
642 10265.162 284.4 0.89 -0.00
643 10267.319 323.1 0.88 -0.00
644 10267.538 213.9 0.85 -0.00
645 10269.640 213.9 0.84 0.00
646 10271.233 293.5 0.81 -0.00
647 10272.580 694.0 0.83 -0.00
648 10274.783 425.5 0.72 -0.00
649 10275.921 591.6 0.70 0.00
650 10276.613 245.8 0.79 -0.00
651 10277.678 188.9 0.81 0.00
652 10277.905 154.7 0.89 0.00
653 10278.642 145.6 0.83 0.00
654 10281.728 546.1 0.70 0.00
655 10285.023 336.8 0.68 0.00
656 10285.251 213.9 1.00 0.00
657 10285.569 145.6 1.02 0.00
658 10286.152 86.5 0.98 -0.00
659 10287.936 291.3 0.96 -0.00
660 10288.191 414.2 0.59 -0.00
661 10288.728 118.3 1.03 -0.00
662 10290.184 145.6 1.01 -0.00
663 10290.493 188.9 0.75 0.00
664 10292.396 491.5 0.60 0.00
665 10294.553 127.4 0.97 0.00
666 10294.872 300.4 0.81 -0.00
667 10295.545 175.2 1.04 0.00
668 10295.864 295.8 0.48 -0.00
669 10296.346 432.4 1.01 -0.00
670 10297.074 209.4 1.03 -0.00
671 10298.330 79.6 1.02 0.00
672 10300.406 118.3 0.99 0.00
673 10301.189 382.3 1.05 0.00
674 10301.999 147.9 0.97 0.00
675 10303.801 193.4 0.87 -0.00
676 10305.457 873.8 0.71 -0.00
677 10309.781 780.5 0.67 -0.00
678 10310.054 184.3 0.90 0.00
679 10312.248 4294.0 0.71 0.00
680 10314.860 2685.2 0.66 0.00
681 10320.749 2341.5 0.75 0.00
682 10322.024 1212.9 0.75 0.00
683 10324.745 384.6 0.83 -0.00
684 10324.818 59.2 0.85 -0.00
685 10325.255 334.5 0.77 -0.00
686 10326.875 257.1 0.83 0.00
687 10327.166 195.7 0.86 0.00
688 10332.418 837.4 0.39 0.00
689 10335.832 1529.2 0.84 -0.00
690 10337.734 1028.6 0.84 0.00
691 10338.180 418.7 0.80 0.00
692 10339.518 129.7 0.94 -0.00
693 10340.128 243.5 0.51 -0.00
694 10343.914 141.1 0.91 0.00
695 10344.643 325.4 0.59 -0.00
696 10346.308 154.7 1.00 -0.00
697 10348.902 361.8 1.00 -0.00
698 10349.321 111.5 0.93 -0.00
699 10355.502 487.0 0.90 -0.00
700 10360.107 336.8 0.94 0.00
701 10361.536 352.7 0.91 0.00
702 10361.909 361.8 0.82 0.00
703 10362.856 436.9 0.82 0.00
704 10365.077 928.4 1.00 -0.00
705 10365.732 320.9 1.01 -0.00
706 10366.952 434.6 0.76 -0.00
707 10370.202 616.7 0.98 -0.00
708 10370.966 100.1 0.96 -0.00
709 10371.458 227.6 0.98 -0.00
710 10372.168 352.7 0.99 -0.00
711 10373.205 289.0 1.06 0.00
712 10373.606 79.6 0.95 0.00
713 10373.742 102.4 0.99 0.00
714 10373.979 81.9 1.01 -0.00
715 10374.452 200.2 0.97 -0.00
716 10376.027 68.3 0.91 -0.00
717 10376.209 166.1 0.92 -0.00
718 10376.400 182.0 0.88 -0.00
719 10376.992 264.0 0.94 -0.00
720 10377.347 172.9 0.96 0.00
721 10378.712 184.3 0.93 0.00
722 10378.894 118.3 0.97 0.00
723 10382.499 350.4 0.87 0.00
724 10384.756 159.3 0.85 -0.00
725 10387.296 471.0 0.77 -0.00
726 10388.151 345.9 0.71 -0.00
727 10388.825 591.6 0.63 -0.00
728 10392.775 1365.3 0.75 -0.00
729 10397.053 286.7 0.94 -0.00
730 10397.481 630.3 0.86 -0.00
731 10399.757 525.7 0.85 0.00
732 10400.112 259.4 0.79 0.00
733 10406.028 523.4 0.75 -0.00
734 10408.294 1051.3 0.78 -0.00
735 10409.268 175.2 0.74 0.00
736 10409.742 227.6 0.79 -0.00
737 10413.137 282.2 0.88 -0.00
738 10413.328 177.5 0.81 -0.00
739 10413.464 102.4 0.87 -0.00
740 10415.294 430.1 0.86 -0.00
741 10416.732 134.3 0.95 -0.00
742 10418.152 405.0 0.86 -0.00
743 10419.126 168.4 0.88 -0.00
744 10419.217 161.6 0.88 -0.00
745 10420.100 659.9 0.89 0.00
746 10420.874 136.5 0.88 0.00
747 10422.166 168.4 0.83 0.00
748 10422.339 54.6 0.91 0.00
749 10424.378 282.2 0.80 0.00
750 10428.774 1549.7 0.92 -0.00
751 10429.057 266.2 0.74 0.00
752 10429.666 553.0 0.75 0.00
753 10432.088 575.7 0.78 -0.00
754 10435.119 1112.7 0.74 -0.00
755 10448.399 336.8 0.84 0.00
756 10451.812 147.9 0.95 -0.00
757 10453.059 675.8 0.51 -0.00
758 10454.079 395.9 0.79 -0.00
759 10454.443 47.8 0.92 -0.00
760 10456.973 218.5 0.73 0.00
761 10460.177 1297.1 0.59 -0.00
762 10467.177 109.2 0.81 0.00
763 10468.014 639.4 0.80 -0.00
764 10470.636 393.7 0.68 0.00
765 10471.928 584.8 0.79 0.00
766 10479.638 714.5 0.83 0.00
767 10480.156 691.8 0.83 0.00
768 10481.895 1995.7 0.49 0.00
769 10482.878 1322.1 0.65 0.00
770 10484.280 937.5 0.66 -0.00
771 10486.064 264.0 0.95 0.00
772 10488.449 147.9 0.94 -0.00
773 10489.423 409.6 0.89 0.00
774 10491.097 284.4 0.87 0.00
775 10493.473 826.0 0.82 -0.00
776 10494.401 443.7 0.48 -0.00
777 10495.394 250.3 0.90 -0.00
778 10495.940 243.5 0.93 -0.00
779 10498.152 525.7 0.87 -0.00
780 10498.816 234.4 0.92 0.00
781 10499.044 225.3 0.79 -0.00
782 10499.799 323.1 0.91 -0.00
783 10501.210 113.8 0.79 0.00
784 10504.778 705.4 0.63 -0.00
785 10507.354 1240.2 0.87 -0.00
786 10508.910 694.0 0.94 -0.00
787 10511.887 179.8 0.84 0.00
788 10513.380 204.8 0.93 0.00
789 10514.062 377.7 0.91 -0.00
790 10515.291 634.9 0.86 -0.00
791 10515.746 245.8 0.80 -0.00
792 10516.247 684.9 0.86 -0.00
793 10517.075 250.3 0.94 -0.00
794 10517.403 134.3 0.95 0.00
795 10517.630 184.3 0.91 0.00
796 10519.624 127.4 0.93 0.00
797 10519.733 97.8 0.88 0.00
798 10521.126 691.8 0.87 0.00
799 10522.136 241.2 0.88 0.00
800 10522.345 168.4 0.90 0.00
801 10523.219 193.4 0.84 0.00
802 10524.857 266.2 0.88 -0.00
803 10525.085 216.2 0.88 -0.00
804 10525.258 161.6 0.87 -0.00
805 10526.132 1126.4 0.89 -0.00
806 10531.411 1151.4 0.56 0.00
807 10534.570 3590.8 0.77 -0.00
808 10536.672 273.1 0.82 -0.00
809 10538.848 416.4 0.81 -0.00
810 10539.075 207.1 0.82 -0.00
811 10539.658 298.1 0.78 0.00
812 10542.634 175.2 0.71 0.00
813 10546.211 696.3 0.79 -0.00
814 10546.912 669.0 0.77 -0.00
815 10550.626 355.0 0.77 0.00
816 10551.991 1146.9 0.78 0.00
817 10557.644 1820.4 0.76 0.00
818 10560.829 641.7 0.76 -0.00
819 10571.679 407.3 0.93 -0.00
820 10571.880 191.1 0.81 -0.00
821 10573.108 737.3 0.68 0.00
822 10574.364 937.5 0.86 -0.00
823 10574.638 1142.3 0.83 -0.00
824 10575.384 259.4 0.82 -0.00
825 10577.223 450.6 0.86 -0.00
826 10577.851 175.2 0.93 0.00
827 10579.498 380.0 0.79 0.00
828 10580.117 573.4 0.69 0.00
829 10580.554 395.9 0.78 0.00
830 10581.455 446.0 0.91 0.00
831 10582.001 213.9 0.91 0.00
832 10583.339 182.0 0.92 -0.00
833 10583.448 91.0 0.81 0.00
834 10583.785 316.3 0.91 0.00
835 10584.532 238.9 0.83 0.00
836 10584.905 177.5 0.82 -0.00
837 10589.001 193.4 0.73 -0.00
838 10589.511 502.9 0.75 -0.00
839 10590.312 789.6 0.72 0.00
840 10592.305 871.5 0.75 0.00
841 10595.664 580.3 0.72 -0.00
842 10598.476 805.5 0.72 -0.00
843 10610.964 459.7 0.84 0.00
844 10611.984 377.7 0.87 -0.00
845 10612.239 91.0 0.86 -0.00
846 10615.270 1722.6 0.82 -0.00
847 10616.799 147.9 0.85 -0.00
848 10617.291 211.6 0.87 -0.00
849 10619.602 168.4 0.85 -0.00
850 10620.504 425.5 0.94 -0.00
851 10621.833 361.8 0.52 -0.00
852 10622.306 398.2 0.47 -0.00
853 10623.344 421.0 0.81 -0.00
854 10623.626 245.8 0.79 -0.00
855 10624.081 439.2 0.77 -0.00
856 10624.773 628.1 0.78 -0.00
857 10628.960 293.5 0.77 0.00
858 10629.224 243.5 0.73 0.00
859 10632.027 2214.1 0.63 0.00
860 10634.567 300.4 0.84 0.00
861 10638.881 2275.6 0.58 -0.00
862 10650.423 648.5 0.87 0.00
863 10651.042 364.1 0.89 0.00
864 10651.697 188.9 0.81 0.00
865 10655.511 141.1 1.10 0.00
866 10656.621 107.0 1.18 0.00
867 10657.622 154.7 0.96 -0.00
868 10660.681 832.9 0.92 0.00
869 10661.063 350.4 0.85 0.00
870 10665.323 514.3 0.81 -0.00
871 10665.596 264.0 0.82 -0.00
872 10666.260 653.1 0.58 -0.00
873 10670.347 443.7 0.89 0.00
874 10673.014 593.9 0.90 0.00
875 10673.278 195.7 0.87 0.00
876 10682.472 279.9 0.89 -0.00
877 10682.626 88.7 0.92 0.00
878 10683.118 252.6 0.78 0.00
879 10683.336 209.4 0.93 -0.00
880 10683.427 193.4 0.94 -0.00
881 10683.846 421.0 0.52 -0.00
882 10684.283 430.1 0.83 -0.00
883 10684.438 480.1 0.94 -0.00
884 10685.020 261.7 0.84 -0.00
885 10686.213 682.7 0.82 -0.00
886 10687.077 188.9 0.90 0.00
887 10688.625 295.8 0.62 0.00
888 10690.336 218.5 1.04 0.00
889 10691.046 339.1 0.91 0.00
890 10691.374 307.2 0.95 0.00
891 10692.448 118.3 1.02 -0.00
892 10693.021 229.8 1.06 0.00
893 10693.403 182.0 0.87 0.00
894 10695.770 177.5 1.01 0.00
895 10695.925 141.1 0.95 0.00
896 10696.544 213.9 1.03 0.00
897 10696.753 291.3 0.49 0.00
898 10696.935 54.6 1.02 0.00
899 10697.326 68.3 1.02 0.00
900 10698.337 88.7 0.95 0.00
901 10698.673 314.0 0.78 -0.00
902 10699.038 341.3 0.97 0.00
903 10699.429 134.3 1.01 -0.00
904 10699.702 113.8 0.82 -0.00
905 10702.187 282.2 1.01 0.00
906 10702.815 250.3 0.97 -0.00
907 10703.871 254.9 0.95 -0.00
908 10704.244 120.6 0.92 0.00
909 10704.726 81.9 0.87 -0.00
910 10706.265 127.4 0.90 -0.00
911 10706.829 218.5 0.90 -0.00
912 10706.984 84.2 0.87 0.00
913 10707.503 639.4 0.82 0.00
914 10709.924 195.7 0.78 0.00
915 10710.616 304.9 0.83 0.00
916 10712.117 691.8 0.81 0.00
917 10714.420 1078.6 0.79 0.00
918 10717.597 555.2 0.82 0.00
919 10719.108 200.2 0.98 -0.00
920 10719.636 125.2 0.96 -0.00
921 10720.865 122.9 0.96 -0.00
922 10721.948 159.3 0.97 0.00
923 10724.160 327.7 0.82 -0.00
924 10725.070 47.8 0.89 -0.00
925 10725.580 268.5 0.90 -0.00
926 10726.271 207.1 0.87 -0.00
927 10726.399 120.6 0.90 -0.00
928 10726.608 54.6 0.91 -0.00
929 10727.691 257.1 0.81 0.00
930 10727.810 95.6 0.93 0.00
931 10729.421 473.3 0.87 0.00
932 10732.616 917.0 0.91 0.00
933 10735.738 107.0 0.89 -0.00
934 10736.639 91.0 1.01 0.00
935 10737.103 223.0 0.96 -0.00
936 10738.041 95.6 0.88 -0.00
937 10739.060 357.3 0.80 0.00
938 10741.672 204.8 0.86 0.00
939 10742.164 132.0 0.94 -0.00
940 10742.355 184.3 0.84 -0.00
941 10743.311 457.4 0.82 -0.00
942 10743.711 391.4 0.94 -0.00
943 10746.779 298.1 0.96 -0.00
944 10747.088 145.6 0.82 -0.00
945 10747.343 250.3 0.83 -0.00
946 10749.628 675.8 0.78 0.00
947 10753.041 111.5 0.82 -0.00
948 10755.135 343.6 0.77 0.00
949 10758.120 921.6 0.79 0.00
950 10758.684 557.5 0.75 0.00
951 10759.130 423.3 0.79 0.00
952 10760.596 1030.8 0.71 0.00
953 10761.370 757.8 0.70 0.00
954 10764.473 302.6 0.58 0.00
955 10764.847 334.5 0.90 -0.00
956 10765.393 364.1 0.56 0.00
957 10769.325 910.2 0.91 0.00
958 10770.008 1199.2 0.71 0.00
959 10772.347 894.3 0.68 0.00
960 10774.622 628.1 0.81 -0.00
961 10774.996 81.9 0.84 -0.00
962 10775.423 684.9 0.26 -0.00
963 10775.988 168.4 0.84 -0.00
964 10776.780 873.8 0.70 -0.00
965 10777.517 509.7 0.34 -0.00
966 10777.836 47.8 0.91 -0.00
967 10779.328 339.1 0.91 0.00
968 10780.020 273.1 0.87 0.00
969 10780.703 213.9 0.86 -0.00
970 10786.446 120.6 0.88 -0.00
971 10786.619 145.6 0.82 -0.00
972 10787.256 109.2 0.84 -0.00
973 10788.212 389.1 0.60 -0.00
974 10788.412 179.8 0.88 0.00
975 10789.668 805.5 0.65 0.00
976 10790.442 616.7 0.63 0.00
977 10791.653 107.0 0.97 -0.00
978 10792.017 373.2 0.73 -0.00
979 10792.836 270.8 0.73 -0.00
980 10793.637 680.4 0.65 -0.00
981 10796.222 141.1 0.85 -0.00
982 10796.750 593.9 0.60 -0.00
983 10797.515 719.1 0.61 -0.00
984 10798.807 384.6 0.67 0.00
985 10799.553 282.2 0.96 0.00
986 10799.899 377.7 0.65 0.00
987 10800.664 157.0 0.66 0.00
988 10801.183 198.0 0.58 0.00
989 10803.203 816.9 0.57 -0.00
990 10803.695 477.9 0.87 -0.00
991 10805.970 97.8 0.93 -0.00
992 10806.608 289.0 0.87 -0.00
993 10808.847 582.5 0.80 0.00
994 10811.232 88.7 0.84 0.01
995 10812.888 345.9 0.91 0.00
996 10814.181 926.2 0.87 0.00
997 10816.010 116.1 0.87 -0.00
998 10817.995 434.6 0.76 0.00
999 10818.213 207.1 0.85 -0.00
1000 10818.386 134.3 0.93 -0.00
1001 10818.968 207.1 0.89 0.00
1002 10819.205 125.2 0.92 0.00
1003 10820.780 475.6 0.95 0.00
1004 10821.444 138.8 0.88 -0.00
1005 10821.836 275.3 0.75 0.00
1006 10822.409 175.2 0.97 -0.00
1007 10822.682 241.2 0.77 -0.00
1008 10822.955 241.2 1.00 -0.00
1009 10824.739 120.6 0.92 -0.00
1010 10824.940 186.6 0.90 -0.00
1011 10825.194 248.0 0.84 -0.00
1012 10827.770 446.0 0.86 -0.00
1013 10829.500 1128.7 0.83 -0.00
1014 10829.809 942.1 0.89 -0.00
1015 10829.982 136.5 0.86 0.00
1016 10830.701 298.1 0.82 0.00
1017 10831.175 170.7 0.92 0.00
1018 10831.338 102.4 0.80 0.00
1019 10831.748 184.3 0.82 0.00
1020 10832.376 541.6 0.83 0.00
1021 10833.286 268.5 0.77 0.00
1022 10833.614 172.9 0.81 0.00
1023 10835.325 648.5 0.87 0.00
1024 10835.462 100.1 0.90 0.00
1025 10839.922 107.0 0.87 0.00
1026 10843.108 229.8 0.98 -0.00
1027 10843.444 168.4 0.93 -0.00
1028 10844.901 555.2 0.83 -0.00
1029 10845.693 193.4 0.71 -0.00
1030 10846.284 218.5 0.71 0.00
1031 10846.512 209.4 0.94 -0.00
1032 10847.067 366.4 0.59 -0.00
1033 10850.881 207.1 0.93 0.00
1034 10851.318 434.6 0.92 0.00
1035 10852.547 227.6 0.90 0.00
1036 10854.112 145.6 0.87 -0.00
1037 10855.860 81.9 0.88 0.00
1038 10856.369 248.0 0.88 0.00
1039 10856.552 166.1 0.88 -0.00
1040 10856.779 216.2 0.87 -0.00
1041 10857.025 384.6 0.81 -0.00
1042 10858.681 266.2 0.85 -0.00
1043 10860.502 839.7 0.85 -0.00
1044 10861.840 109.2 0.90 0.00
1045 10866.464 530.2 0.87 -0.00
1046 10866.910 236.7 0.90 0.00
1047 10868.539 755.5 0.96 0.00
1048 10871.698 229.8 0.84 0.00
1049 10873.136 414.2 0.84 0.00
1050 10875.593 134.3 0.89 -0.00
1051 10877.341 311.8 0.82 -0.00
1052 10883.094 129.7 0.82 0.00
1053 10884.277 56.9 0.98 -0.00
1054 10886.152 163.8 0.98 -0.00
1055 10886.643 439.2 0.75 -0.00
1056 10887.754 291.3 0.78 -0.00
1057 10888.027 311.8 0.83 -0.00
1058 10888.355 207.1 0.94 0.00
1059 10888.874 259.4 0.82 0.00
1060 10889.174 102.4 1.07 0.00
1061 10891.422 275.3 0.83 0.00
1062 10891.659 198.0 0.84 0.00
1063 10893.106 70.5 1.04 0.00
1064 10893.525 127.4 1.06 0.00
1065 10894.262 593.9 0.68 0.00
1066 10898.422 741.8 0.93 0.00
1067 10898.941 316.3 0.49 0.00
1068 10899.614 211.6 0.95 0.00
1069 10900.743 461.9 0.90 -0.00
1070 10901.808 291.3 1.00 -0.00
1071 10902.154 220.7 0.90 -0.00
1072 10902.973 341.3 1.00 -0.00
1073 10903.164 97.8 1.04 -0.00
1074 10904.001 182.0 0.99 -0.00
1075 10904.966 430.1 1.07 -0.00
1076 10908.006 161.6 0.90 0.00
1077 10909.836 134.3 0.88 0.00
1078 10910.064 159.3 0.88 0.00
1079 10910.664 327.7 0.84 0.00
1080 10911.247 248.0 0.90 0.00
1081 10911.993 179.8 0.92 0.00
1082 10913.322 762.3 0.77 0.00
1083 10916.390 1121.8 0.83 -0.00
1084 10917.828 484.7 0.80 0.00
1085 10920.149 334.5 0.77 0.00
1086 10923.526 498.3 0.81 0.00
1087 10928.031 1563.3 0.77 -0.00
1088 10929.269 530.2 0.56 -0.00
1089 10929.642 370.9 0.70 -0.00
1090 10930.835 125.2 0.81 -0.00
1091 10931.481 314.0 0.74 -0.00
1092 10933.693 386.8 0.63 0.00
1093 10934.703 521.1 0.86 0.00
1094 10937.079 386.8 0.61 0.00
1095 10938.999 184.3 0.85 0.00
1096 10939.628 163.8 0.92 0.00
1097 10941.949 311.8 0.89 0.00
1098 10942.404 109.2 0.96 0.00
1099 10943.068 225.3 0.97 -0.00
1100 10943.432 161.6 0.90 0.00
1101 10944.397 113.8 0.98 -0.00
1102 10945.398 100.1 1.01 -0.00
1103 10945.817 170.7 1.00 -0.00
1104 10946.008 216.2 0.95 -0.00
1105 10946.964 166.1 0.97 -0.00
1106 10949.695 238.9 0.93 -0.00
1107 10949.849 141.1 0.94 -0.00
1108 10950.259 172.9 0.92 -0.00
1109 10952.179 236.7 0.92 0.00
1110 10952.680 141.1 0.94 0.00
1111 10953.536 298.1 0.96 0.00
1112 10954.555 163.8 0.96 -0.00
1113 10955.420 150.2 0.96 -0.00
1114 10956.448 527.9 0.86 -0.00
1115 10957.659 129.7 0.91 0.00
1116 10958.305 145.6 0.83 0.00
1117 10958.587 107.0 0.94 0.00
1118 10958.870 107.0 0.89 0.00
1119 10958.988 157.0 0.92 0.00
1120 10959.443 132.0 0.92 0.00
1121 10960.790 154.7 0.89 0.00
1122 10961.045 202.5 0.95 -0.00
1123 10961.719 309.5 0.89 0.00
1124 10961.983 84.2 0.85 0.00
1125 10964.058 118.3 0.88 0.00
1126 10965.988 835.1 0.93 -0.00
1127 10966.998 509.7 0.38 -0.00
1128 10967.935 284.4 0.89 -0.00
1129 10968.791 557.5 0.88 -0.00
1130 10969.510 623.5 0.47 -0.00
1131 10972.350 191.1 0.99 0.00
1132 10973.151 223.0 0.99 0.00
1133 10973.460 138.8 0.99 -0.00
1134 10973.834 136.5 1.02 0.00
1135 10973.906 125.2 1.03 0.00
1136 10974.089 77.4 1.00 -0.00
1137 10974.771 541.6 0.67 0.00
1138 10976.100 141.1 0.91 0.00
1139 10977.138 248.0 0.92 -0.00
1140 10977.283 207.1 0.94 0.00
1141 10977.966 70.5 1.04 -0.00
1142 10978.549 136.5 1.02 0.00
1143 10979.304 225.3 1.02 0.00
1144 10979.732 143.4 1.04 0.00
1145 10981.179 97.8 0.97 0.00
1146 10982.490 172.9 1.02 0.00
1147 10984.438 113.8 1.02 0.00
1148 10985.093 284.4 0.92 -0.00
1149 10985.475 200.2 0.91 -0.00
1150 10985.912 211.6 0.61 0.00
1151 10986.904 434.6 0.94 -0.00
1152 10987.505 136.5 0.97 -0.00
1153 10987.979 286.7 0.48 -0.00
1154 10989.954 198.0 0.97 -0.00
1155 10990.418 202.5 0.97 -0.00
1156 10990.991 100.1 0.97 0.00
1157 10992.348 487.0 0.94 0.00
1158 10993.112 377.7 0.93 -0.00
1159 10993.913 293.5 0.94 -0.00
1160 10994.341 236.7 0.96 -0.00
1161 10994.987 213.9 0.86 -0.00
1162 10996.598 298.1 0.95 -0.00
1163 10996.908 578.0 0.62 -0.00
1164 10998.018 195.7 0.90 -0.00
1165 10999.484 195.7 0.95 -0.00
1166 11002.924 102.4 0.95 0.00
1167 11003.088 113.8 0.92 0.00
1168 11003.407 209.4 0.90 -0.00
1169 11003.825 63.7 0.95 -0.00
1170 11004.854 505.2 0.89 -0.00
1171 11005.082 218.5 0.87 0.00
1172 11005.564 200.2 0.88 -0.00
1173 11005.919 88.7 0.82 0.00
1174 11006.128 93.3 1.07 0.00
1175 11006.283 154.7 0.82 0.00
1176 11007.084 314.0 0.81 -0.00
1177 11007.293 193.4 1.07 -0.00
1178 11007.475 93.3 0.85 -0.00
1179 11007.803 227.6 0.93 -0.00
1180 11008.377 120.6 0.86 -0.00
1181 11009.014 234.4 0.85 -0.00
1182 11009.560 127.4 0.86 -0.00
1183 11009.751 170.7 0.82 -0.00
1184 11009.924 159.3 0.95 0.00
1185 11010.370 143.4 1.05 -0.00
1186 11011.499 118.3 1.03 0.00
1187 11012.209 213.9 0.82 0.00
1188 11012.882 200.2 1.05 -0.00
1189 11013.720 270.8 0.97 -0.00
1190 11014.493 143.4 1.12 0.00
1191 11014.639 43.2 1.08 -0.00
1192 11014.839 113.8 0.86 -0.00
1193 11015.604 127.4 0.80 0.00
1194 11016.059 72.8 1.01 0.00
1195 11019.226 355.0 0.98 0.00
1196 11020.228 184.3 0.90 0.00
1197 11020.856 209.4 1.11 0.00
1198 11022.567 343.6 0.97 0.00
1199 11023.241 93.3 0.86 -0.00
1200 11023.377 125.2 0.93 -0.00
1201 11023.614 132.0 0.93 -0.00
1202 11024.560 282.2 0.86 -0.00
1203 11026.663 107.0 0.79 0.00
1204 11026.781 109.2 0.91 -0.00
1205 11027.391 471.0 0.82 0.00
1206 11028.019 243.5 0.79 -0.00
1207 11029.339 213.9 0.99 -0.00
1208 11032.716 268.5 1.02 0.00
1209 11034.045 93.3 0.81 -0.00
1210 11035.483 70.5 0.91 -0.00
1211 11039.088 487.0 0.85 0.00
1212 11039.452 286.7 0.82 0.00
1213 11040.589 416.4 0.87 0.00
1214 11040.890 175.2 0.81 0.00
1215 11041.327 86.5 0.90 0.00
1216 11041.481 232.1 0.40 0.00
1217 11055.144 314.0 0.87 -0.00
1218 11056.846 275.3 0.88 0.00
1219 11057.365 195.7 0.84 0.00
1220 11062.207 339.1 0.78 0.00
1221 11075.906 316.3 0.85 -0.00
1222 11077.098 682.7 0.66 -0.00
1223 11078.145 352.7 0.71 0.00
1224 11078.992 264.0 0.96 0.00
1225 11079.720 380.0 0.95 0.00
1226 11080.839 175.2 0.70 -0.00
1227 11085.827 282.2 0.81 0.00
1228 11086.255 405.0 0.85 0.00
1229 11088.740 939.8 0.73 0.00
1230 11089.323 571.2 0.81 0.00
1231 11089.650 309.5 0.83 0.00
1232 11089.969 291.3 0.81 0.00
1233 11090.488 225.3 0.84 0.00
1234 11091.453 684.9 0.77 0.00
1235 11108.028 691.8 0.64 0.00
1236 11110.840 3813.8 0.59 0.00
1237 11122.546 507.4 0.79 -0.00
1238 11123.674 448.3 0.77 0.00
1239 11124.576 364.1 0.90 0.00
1240 11124.858 136.5 0.87 0.00
1241 11129.855 141.1 0.97 0.00
1242 11134.033 1033.1 0.65 -0.00
1243 11137.155 172.9 0.82 -0.00
1244 11137.291 122.9 0.87 -0.00
1245 11137.728 318.6 0.87 -0.00
1246 11138.311 132.0 0.92 0.00
1247 11138.939 270.8 0.85 0.00
1248 11139.294 95.6 0.88 0.00
1249 11140.004 88.7 0.89 0.00
1250 11140.259 127.4 0.94 -0.00
1251 11140.486 289.0 0.97 0.00
1252 11140.768 254.9 0.81 -0.00
1253 11143.654 184.3 0.64 -0.00
1254 11144.309 257.1 0.85 0.00
1255 11145.156 830.6 0.82 0.00
1256 11151.819 760.0 0.87 -0.00
1257 11155.223 1185.6 0.72 -0.00
1258 11157.780 523.4 0.83 -0.00
1259 11161.230 498.3 0.63 0.00
1260 11164.370 593.9 0.83 0.00
1261 11164.607 516.6 0.83 0.00
1262 11164.917 298.1 0.77 -0.00
1263 11166.209 409.6 0.77 0.00
1264 11167.092 794.2 0.57 0.00
1265 11167.838 145.6 0.76 -0.00
1266 11168.785 191.1 0.70 0.00
1267 11173.509 88.7 0.82 -0.00
1268 11173.673 125.2 0.80 -0.00
1269 11175.129 193.4 0.77 -0.00
1270 11175.439 81.9 1.02 -0.00
1271 11175.949 243.5 1.02 -0.00
1272 11177.223 534.8 1.02 -0.00
1273 11178.297 500.6 0.48 -0.00
1274 11179.116 304.9 0.25 -0.00
1275 11179.999 350.4 1.01 0.00
1276 11185.369 603.0 0.89 -0.00
1277 11185.724 61.4 0.88 0.00
1278 11186.334 97.8 0.87 0.00
1279 11188.437 580.3 0.76 0.00
1280 11188.937 143.4 0.85 0.00
1281 11189.129 161.6 0.81 0.00
1282 11192.651 427.8 0.77 -0.00
1283 11193.652 172.9 0.89 -0.00
1284 11193.980 104.7 1.02 -0.00
1285 11195.618 264.0 1.06 -0.00
1286 11196.192 302.6 0.75 -0.00
1287 11196.410 172.9 1.07 -0.00
1288 11198.176 161.6 0.99 -0.00
1289 11199.514 129.7 0.99 -0.00
1290 11199.769 97.8 0.97 -0.00
1291 11200.424 97.8 1.01 -0.00
1292 11200.643 122.9 1.09 0.00
1293 11201.271 88.7 0.96 0.00
1294 11202.582 120.6 1.04 -0.01
1295 11202.727 104.7 1.02 -0.00
1296 11203.583 455.1 0.81 -0.00
1297 11204.120 527.9 0.76 -0.00
1298 11204.793 193.4 0.81 -0.00
1299 11205.221 411.9 0.87 0.00
1300 11207.943 245.8 0.86 0.00
1301 11208.443 484.7 0.85 0.00
1302 11209.144 694.0 0.78 0.00
1303 11210.519 405.0 0.85 0.00
1304 11211.156 334.5 0.91 0.00
1305 11211.748 118.3 0.88 0.00
1306 11212.458 61.4 0.97 0.00
1307 11212.876 188.9 0.97 0.00
1308 11213.076 113.8 1.02 0.00
1309 11214.178 72.8 1.04 -0.00
1310 11214.933 134.3 1.03 -0.00
1311 11215.134 81.9 1.01 -0.00
1312 11216.226 541.6 0.98 -0.00
1313 11216.790 318.6 0.55 -0.00
1314 11218.064 534.8 0.58 0.00
1315 11219.512 184.3 1.02 0.00
1316 11220.859 136.5 0.89 -0.00
1317 11221.396 382.3 0.77 0.00
1318 11221.642 234.4 1.01 0.00
1319 11222.761 687.2 0.75 0.00
1320 11223.435 653.1 1.03 0.00
1321 11224.800 175.2 0.76 0.00
1322 11225.510 227.6 1.02 -0.00
1323 11226.703 127.4 1.03 -0.00
1324 11227.476 186.6 1.01 -0.00
1325 11228.259 109.2 1.01 0.00
1326 11228.368 86.5 0.99 0.00
1327 11229.488 147.9 1.08 0.00
1328 11229.934 86.5 0.93 0.00
1329 11230.835 436.9 0.86 0.00
1330 11231.563 61.4 1.02 0.00
1331 11231.672 93.3 1.02 0.00
1332 11232.810 159.3 1.05 0.00
1333 11233.065 95.6 0.99 0.00
1334 11233.629 159.3 0.98 0.00
1335 11234.348 182.0 1.06 -0.00
1336 11235.513 145.6 0.97 -0.00
1337 11236.151 161.6 1.00 0.00
1338 11236.424 81.9 1.02 -0.00
1339 11237.043 289.0 1.02 -0.00
1340 11237.744 359.5 0.98 0.00
1341 11238.508 186.6 0.96 0.00
1342 11240.128 54.6 1.05 0.00
1343 11241.221 318.6 1.13 0.00
1344 11242.386 54.6 0.91 0.00
1345 11245.307 318.6 1.03 -0.00
1346 11246.236 261.7 0.98 -0.00
1347 11247.183 270.8 1.05 -0.00
1348 11248.812 446.0 1.02 0.00
1349 11249.112 150.2 1.00 -0.00
1350 11250.314 304.9 1.03 -0.00
1351 11252.262 109.2 1.01 0.00
1352 11252.981 284.4 1.00 0.00
1353 11253.554 295.8 1.04 0.00
1354 11254.473 436.9 1.02 -0.00
1355 11256.594 100.1 0.99 0.00
1356 11258.478 304.9 0.99 0.00
1357 11258.660 134.3 0.99 0.00
1358 11258.970 141.1 0.98 0.00
1359 11259.270 118.3 0.96 -0.00
1360 11260.781 54.6 0.94 0.00
1361 11261.664 63.7 1.02 0.00
1362 11262.165 200.2 0.97 0.00
1363 11263.193 134.3 0.94 0.00
1364 11263.903 304.9 0.96 0.00
1365 11264.349 252.6 0.89 0.00
1366 11264.631 223.0 0.96 0.00
1367 11265.696 238.9 0.95 -0.00
1368 11265.869 118.3 0.96 -0.00
1369 11266.115 93.3 0.89 0.00
1370 11266.406 132.0 0.92 -0.00
1371 11266.862 218.5 0.87 -0.00
1372 11268.491 84.2 0.91 0.00
1373 11268.600 79.6 0.86 -0.00
1374 11269.838 637.2 0.83 0.00
1375 11270.093 184.3 0.83 0.00
1376 11270.393 120.6 0.87 -0.00
1377 11270.848 364.1 0.70 -0.00
1378 11271.731 238.9 0.68 0.00
1379 11272.113 307.2 0.81 0.00
1380 11272.705 571.2 0.75 -0.00
1381 11273.543 257.1 0.81 0.00
1382 11275.654 801.0 0.78 -0.00
1383 11276.082 395.9 0.82 -0.00
1384 11276.328 332.2 0.86 -0.00
1385 11278.576 282.2 0.87 0.00
1386 11278.785 207.1 0.94 0.00
1387 11279.204 118.3 0.92 0.00
1388 11279.450 138.8 0.82 0.00
1389 11279.932 236.7 0.94 0.00
1390 11282.690 120.6 0.87 0.00
1391 11283.054 295.8 0.52 -0.00
1392 11284.037 157.0 0.79 -0.00
1393 11284.629 523.4 0.84 0.00
1394 11289.517 211.6 0.92 0.00
1395 11289.927 161.6 0.89 0.00
1396 11290.409 225.3 0.85 0.00
1397 11290.536 109.2 0.84 0.00
1398 11291.492 188.9 0.88 0.00
1399 11291.765 238.9 0.79 0.00
1400 11294.851 200.2 0.79 -0.00
1401 11295.952 484.7 0.80 -0.00
1402 11297.072 575.7 0.81 -0.00
1403 11298.747 309.5 0.76 0.00
1404 11302.333 516.6 0.85 -0.00
1405 11304.244 157.0 0.72 0.00
1406 11304.426 166.1 0.69 0.00
1407 11306.165 386.8 0.80 -0.00
1408 11306.465 286.7 0.79 -0.00
1409 11306.656 188.9 0.80 -0.00
1410 11307.330 395.9 0.79 -0.00
1411 11311.053 216.2 1.00 0.00
1412 11311.763 113.8 1.03 0.00
1413 11312.063 125.2 1.00 0.00
1414 11312.345 129.7 1.03 -0.00
1415 11314.639 91.0 1.03 -0.00
1416 11315.385 336.8 1.07 -0.00
1417 11316.651 216.2 0.91 -0.00
1418 11317.124 270.8 0.66 -0.00
1419 11317.379 229.8 1.04 -0.00
1420 11317.879 63.7 1.01 -0.00
1421 11318.662 245.8 0.86 -0.00
1422 11319.400 220.7 0.98 -0.00
1423 11319.809 188.9 0.92 -0.00
1424 11320.355 229.8 1.00 -0.00
1425 11321.429 143.4 0.92 0.00
1426 11321.812 125.2 0.98 -0.00
1427 11321.994 118.3 0.94 -0.00
1428 11323.568 136.5 0.88 -0.00
1429 11324.251 147.9 0.75 0.00
1430 11324.433 118.3 0.99 0.00
1431 11324.706 100.1 0.73 0.00
1432 11325.871 254.9 0.87 0.00
1433 11326.244 186.6 0.85 0.00
1434 11326.690 373.2 0.81 0.00
1435 11328.930 125.2 0.93 0.00
1436 11330.441 202.5 0.95 0.00
1437 11330.759 116.1 1.03 0.00
1438 11331.059 145.6 0.85 0.00
1439 11331.897 343.6 0.88 0.00
1440 11332.552 152.5 0.91 0.00
1441 11335.510 234.4 0.84 0.00
1442 11335.793 266.2 0.87 0.00
1443 11336.739 200.2 0.65 -0.00
1444 11337.440 293.5 0.90 -0.00
1445 11338.168 109.2 0.86 -0.00
1446 11338.496 154.7 0.96 0.00
1447 11342.064 225.3 0.73 0.00
1448 11344.786 277.6 0.96 -0.00
1449 11346.051 229.8 0.91 0.00
1450 11347.789 236.7 0.92 0.00
1451 11348.436 91.0 0.93 0.00
1452 11348.618 138.8 0.89 0.00
1453 11348.772 138.8 0.90 0.00
1454 11350.138 157.0 0.89 0.00
1455 11352.459 860.2 0.90 0.00
1456 11354.261 382.3 0.91 -0.00
1457 11354.698 318.6 0.89 -0.00
1458 11356.391 168.4 0.92 0.00
1459 11359.850 641.7 0.85 -0.00
1460 11362.144 848.8 0.81 -0.00
1461 11363.145 955.7 0.92 -0.00
1462 11365.038 125.2 0.95 0.00
1463 11365.548 88.7 0.98 -0.00
1464 11366.321 468.8 0.79 -0.00
1465 11366.686 327.7 0.99 -0.00
1466 11366.904 93.3 0.93 -0.00
1467 11367.232 122.9 0.96 -0.00
1468 11368.970 238.9 0.78 -0.00
1469 11369.243 264.0 0.88 0.00
1470 11369.507 252.6 0.64 -0.00
1471 11369.780 259.4 0.93 0.00
1472 11371.801 466.5 0.99 0.00
1473 11373.012 430.1 1.00 0.00
1474 11374.969 391.4 0.93 -0.00
1475 11376.161 163.8 0.99 -0.00
1476 11380.039 887.5 0.49 -0.00
1477 11380.803 757.8 0.90 -0.00
1478 11381.832 223.0 0.90 -0.00
1479 11383.470 436.9 0.45 -0.00
1480 11385.691 145.6 0.90 0.00
1481 11385.928 120.6 0.85 -0.00
1482 11386.301 357.3 0.79 0.00
1483 11386.647 334.5 0.86 -0.00
1484 11386.938 241.2 0.86 -0.00
1485 11387.484 186.6 0.87 0.00
1486 11387.684 154.7 0.86 -0.00
1487 11387.803 109.2 0.88 -0.00
1488 11387.976 170.7 0.90 0.00
1489 11388.276 207.1 0.90 -0.00
1490 11389.614 95.6 0.88 -0.00
1491 11389.769 120.6 0.89 0.00
1492 11390.497 129.7 0.91 0.00
1493 11391.753 446.0 0.90 0.00
1494 11393.128 159.3 0.93 0.00
1495 11393.801 86.5 0.96 0.00
1496 11394.538 248.0 0.88 -0.00
1497 11394.993 252.6 0.92 -0.00
1498 11395.385 175.2 0.89 0.00
1499 11398.725 113.8 0.99 0.00
1500 11399.299 216.2 0.89 -0.00
1501 11400.391 109.2 0.92 -0.00
1502 11401.392 104.7 0.94 -0.00
1503 11402.202 182.0 0.91 -0.00
1504 11402.430 200.2 0.92 0.00
1505 11403.195 766.9 0.80 -0.00
1506 11403.859 107.0 0.77 -0.00
1507 11406.672 521.1 1.01 -0.00
1508 11407.118 175.2 0.85 -0.00
1509 11409.848 1617.9 0.73 -0.00
1510 11411.942 737.3 0.68 0.00
1511 11412.807 1759.0 0.84 0.00
1512 11417.922 848.8 0.74 0.00
1513 11418.086 791.9 0.91 0.00
1514 11418.404 152.5 0.96 0.00
1515 11419.278 446.0 0.71 0.00
1516 11419.551 266.2 0.86 0.00
1517 11421.381 366.4 0.93 0.00
1518 11424.112 307.2 0.77 -0.00
1519 11425.013 309.5 0.80 -0.00
1520 11425.195 175.2 0.87 -0.00
1521 11425.395 193.4 0.81 -0.00
1522 11425.996 555.2 0.70 -0.00
1523 11426.833 680.4 0.85 -0.00
1524 11427.088 209.4 0.80 -0.00
1525 11427.579 179.8 0.83 -0.00
1526 11429.172 735.0 0.81 -0.00
1527 11429.527 309.5 0.82 -0.00
1528 11430.802 548.4 0.84 -0.00
1529 11432.458 234.4 0.79 0.00
1530 11432.768 129.7 0.84 0.00
1531 11433.041 250.3 0.88 0.00
1532 11434.916 427.8 0.95 0.00
1533 11435.071 100.1 0.84 0.00
1534 11435.817 111.5 0.92 0.00
1535 11435.981 102.4 0.83 -0.00
1536 11436.536 63.7 0.93 0.00
1537 11436.663 93.3 0.92 0.00
1538 11436.955 66.0 0.89 0.00
1539 11437.583 241.2 0.68 0.00
1540 11438.238 268.5 0.80 0.00
1541 11438.821 223.0 0.91 0.00
1542 11439.012 145.6 0.83 0.00
1543 11439.376 141.1 0.80 0.00
1544 11440.759 673.6 0.96 0.00
1545 11442.990 209.4 0.87 -0.00
1546 11445.693 1333.5 0.85 0.00
1547 11448.596 521.1 0.87 0.00
1548 11451.709 735.0 0.74 0.00
1549 11454.467 1162.8 0.88 0.00
1550 11460.420 452.8 0.67 0.00
1551 11465.454 1242.5 0.76 -0.00
1552 11468.922 1274.3 0.85 -0.00
1553 11471.507 63.7 0.90 0.00
1554 11479.144 889.7 0.67 -0.00
1555 11480.281 1128.7 0.79 -0.00
1556 11483.349 293.5 0.70 -0.00
1557 11485.215 182.0 0.86 -0.00
1558 11485.734 211.6 0.82 0.00
1559 11486.544 448.3 0.85 0.00
1560 11486.917 332.2 0.81 0.00
1561 11487.645 343.6 0.81 0.00
1562 11488.036 243.5 0.79 0.00
1563 11488.200 147.9 0.80 -0.00
1564 11488.528 216.2 0.83 0.00
1565 11491.104 398.2 0.84 0.00
1566 11491.504 609.8 0.84 0.00
1567 11493.288 314.0 0.83 0.00
1568 11498.604 880.6 0.76 0.00
1569 11500.880 1183.3 0.83 0.00
1570 11505.276 512.0 0.92 -0.00
1571 11505.704 129.7 0.95 -0.00
1572 11506.314 225.3 0.92 -0.00
1573 11506.978 188.9 0.93 -0.00
1574 11507.233 193.4 0.93 -0.00
1575 11508.152 182.0 0.77 -0.00
1576 11508.389 216.2 0.89 -0.00
1577 11508.607 198.0 0.89 0.00
1578 11509.445 150.2 0.92 0.00
1579 11509.572 125.2 0.86 0.00
1580 11511.238 311.8 0.87 0.00
1581 11512.185 423.3 0.78 0.00
1582 11513.395 243.5 0.82 -0.00
1583 11517.209 291.3 0.76 -0.00
1584 11518.483 264.0 0.77 0.00
1585 11522.698 484.7 0.87 -0.00
1586 11525.683 703.1 0.73 0.00
1587 11526.293 307.2 0.81 -0.00
1588 11526.684 81.9 0.82 -0.00
1589 11528.660 976.2 0.92 -0.00
1590 11529.288 307.2 0.88 -0.00
1591 11531.381 211.6 0.84 0.00
1592 11531.618 223.0 0.82 0.00
1593 11532.182 236.7 0.80 -0.00
1594 11532.437 243.5 0.77 -0.00
1595 11532.692 270.8 0.80 -0.00
1596 11538.290 282.2 0.80 0.00
1597 11540.174 434.6 0.80 0.00
1598 11543.396 1665.7 0.65 0.00
1599 11545.881 1617.9 0.70 -0.00
1600 11557.168 2548.6 0.53 -0.00
1601 11561.510 992.1 0.81 0.00
1602 11562.083 568.9 0.83 0.00
1603 11563.494 477.9 0.77 -0.00
1604 11564.977 179.8 0.96 0.00
1605 11568.664 209.4 0.82 0.00
1606 11570.229 2833.1 0.67 0.00
1607 11571.640 1570.1 0.83 0.00
1608 11574.553 455.1 0.88 -0.00
1609 11576.483 282.2 0.79 0.00
1610 11580.105 1984.3 0.67 0.00
1611 11581.780 1665.7 0.81 -0.00
1612 11583.282 248.0 0.89 0.00
1613 11583.382 61.4 0.88 -0.00
1614 11583.783 184.3 0.86 -0.00
1615 11584.047 136.5 0.83 -0.00
1616 11584.966 653.1 0.84 -0.00
1617 11585.867 195.7 1.03 -0.00
1618 11589.007 867.0 0.75 0.00
1619 11590.263 309.5 0.91 0.00
1620 11591.210 225.3 0.36 0.00
1621 11591.392 236.7 0.90 0.00
1622 11592.202 125.2 0.81 0.00
1623 11593.213 498.3 0.75 0.00
1624 11593.713 459.7 0.79 0.00
1625 11595.725 243.5 0.69 -0.00
1626 11597.272 141.1 1.02 -0.00
1627 11597.472 91.0 1.02 0.00
1628 11598.519 523.4 0.89 0.00
1629 11598.674 127.4 0.84 0.00
1630 11598.756 134.3 0.91 0.00
1631 11598.901 63.7 0.96 0.00
1632 11599.575 81.9 0.92 -0.00
1633 11599.957 159.3 1.02 -0.00
1634 11600.658 502.9 0.92 -0.00
1635 11602.606 204.8 0.90 0.00
1636 11603.271 236.7 0.98 0.00
1637 11604.053 63.7 1.00 0.00
1638 11605.455 386.8 0.82 -0.00
1639 11605.901 207.1 0.84 -0.00
1640 11606.438 223.0 0.87 -0.00
1641 11606.711 345.9 0.66 -0.00
1642 11607.093 275.3 0.83 -0.00
1643 11607.339 184.3 0.82 0.00
1644 11607.567 254.9 0.82 0.00
1645 11607.740 72.8 0.90 0.00
1646 11608.304 241.2 0.84 0.00
1647 11610.589 345.9 0.85 0.00
1648 11613.547 837.4 0.72 0.00
1649 11615.040 482.4 0.72 -0.00
1650 11616.633 757.8 1.00 -0.00
1651 11617.197 175.2 0.84 -0.00
1652 11619.627 516.6 0.74 0.00
1653 11621.102 311.8 0.81 -0.00
1654 11622.094 234.4 0.87 0.00
1655 11623.022 152.5 1.05 -0.00
1656 11624.260 229.8 1.06 -0.00
1657 11625.262 143.4 1.08 -0.00
1658 11626.072 395.9 1.02 -0.00
1659 11626.991 109.2 1.01 -0.00
1660 11628.374 248.0 0.95 -0.00
1661 11628.593 81.9 0.95 0.00
1662 11628.657 47.8 0.96 0.00
1663 11628.811 120.6 0.97 -0.00
1664 11629.194 145.6 1.00 0.00
1665 11629.348 134.3 0.97 0.00
1666 11629.722 184.3 0.98 0.00
1667 11629.995 198.0 0.98 0.00
1668 11631.424 145.6 1.06 -0.00
1669 11631.642 170.7 0.71 -0.00
1670 11632.516 113.8 1.03 0.00
1671 11632.634 109.2 0.64 -0.00
1672 11633.144 236.7 0.90 0.00
1673 11634.974 284.4 0.59 -0.00
1674 11636.039 200.2 0.86 -0.00
1675 11636.921 268.5 0.87 -0.00
1676 11637.122 132.0 1.01 -0.00
1677 11637.413 136.5 0.86 0.00
1678 11637.641 182.0 0.82 -0.00
1679 11637.859 175.2 0.83 -0.00
1680 11638.478 200.2 0.89 0.00
1681 11639.206 193.4 1.09 0.00
1682 11639.834 161.6 0.86 0.00
1683 11639.943 43.2 1.05 0.00
1684 11640.845 407.3 0.97 0.00
1685 11642.010 100.1 1.03 0.00
1686 11644.576 66.0 0.98 -0.00
1687 11644.977 186.6 1.07 -0.00
1688 11646.652 66.0 1.08 -0.00
1689 11647.225 259.4 1.06 -0.00
1690 11648.372 161.6 1.04 0.00
1691 11648.527 138.8 1.04 -0.00
1692 11648.891 107.0 0.96 0.00
1693 11650.475 136.5 0.86 0.00
1694 11652.350 136.5 1.01 0.00
1695 11652.841 204.8 1.02 0.00
1696 11653.051 86.5 0.98 0.00
1697 11654.789 102.4 0.98 0.00
1698 11655.790 427.8 0.97 0.00
1699 11656.082 95.6 0.98 -0.00
1700 11657.028 218.5 0.95 -0.00
1701 11658.867 650.8 0.90 0.00
1702 11659.513 648.5 0.93 0.00
1703 11659.777 245.8 0.93 0.00
1704 11660.669 266.2 0.84 0.00
1705 11662.672 252.6 0.92 -0.00
1706 11662.872 184.3 0.85 -0.00
1707 11663.991 179.8 0.85 -0.00
1708 11665.475 100.1 0.89 -0.00
1709 11666.440 509.7 1.01 -0.00
1710 11667.004 81.9 1.01 -0.00
1711 11667.168 104.7 0.99 -0.00
1712 11668.260 182.0 0.99 0.00
1713 11668.561 61.4 1.01 0.00
1714 11669.526 191.1 0.99 0.00
1715 11670.345 168.4 1.02 0.00
1716 11672.575 411.9 1.04 0.00
1717 11673.221 127.4 1.04 -0.00
1718 11673.867 104.7 0.97 0.00
1719 11674.477 295.8 0.99 -0.00
1720 11676.179 70.5 1.01 -0.00
1721 11676.398 116.1 0.98 -0.00
1722 11676.917 182.0 1.00 -0.00
1723 11677.026 68.3 1.05 -0.00
1724 11677.272 120.6 1.06 -0.00
1725 11681.377 216.2 1.00 0.00
1726 11681.595 100.1 0.95 0.00
1727 11682.869 56.9 0.93 -0.00
1728 11684.044 539.3 0.53 -0.00
1729 11685.118 421.0 0.36 -0.00
1730 11686.820 125.2 1.00 -0.00
1731 11688.486 111.5 1.08 -0.00
1732 11688.640 93.3 1.07 0.00
1733 11689.505 268.5 1.06 0.00
1734 11689.596 68.3 1.08 -0.00
1735 11691.680 234.4 1.04 0.00
1736 11691.817 77.4 1.01 -0.00
1737 11693.064 72.8 0.92 0.00
1738 11693.328 138.8 0.97 -0.00
1739 11693.483 143.4 0.91 -0.00
1740 11694.120 166.1 0.83 0.00
1741 11694.293 125.2 1.06 0.00
1742 11695.139 61.4 1.05 0.00
1743 11695.458 154.7 0.79 0.00
1744 11696.177 291.3 1.03 -0.00
1745 11696.359 75.1 0.86 -0.00
1746 11697.114 245.8 0.94 -0.00
1747 11697.715 134.3 0.96 -0.00
1748 11698.088 163.8 0.93 -0.00
1749 11698.307 118.3 0.82 -0.00
1750 11698.962 357.3 0.95 -0.00
1751 11699.181 166.1 0.96 0.00
1752 11699.727 118.3 0.95 0.00
1753 11700.264 172.9 0.98 0.00
1754 11700.865 72.8 0.96 0.00
1755 11700.983 66.0 0.96 0.00
1756 11701.229 86.5 0.96 -0.00
1757 11701.474 88.7 0.90 0.00
1758 11702.485 179.8 0.81 -0.00
1759 11702.940 63.7 1.00 -0.00
1760 11703.632 279.9 0.86 -0.00
1761 11703.850 179.8 0.87 -0.00
1762 11704.706 47.8 1.06 -0.00
1763 11706.098 147.9 1.00 -0.00
1764 11707.109 168.4 0.79 -0.00
1765 11707.345 343.6 0.91 -0.00
1766 11707.600 295.8 0.98 -0.00
1767 11708.092 154.7 0.87 -0.00
1768 11709.530 195.7 0.90 -0.00
1769 11710.850 382.3 0.87 -0.00
1770 11711.278 147.9 0.89 0.00
1771 11714.154 204.8 0.85 -0.00
1772 11714.918 345.9 0.87 0.00
1773 11715.191 254.9 0.91 0.00
1774 11718.477 209.4 0.89 -0.00
1775 11721.044 386.8 0.87 0.00
1776 11724.840 641.7 0.49 -0.00
1777 11725.522 673.6 0.83 -0.00
1778 11726.688 264.0 0.86 -0.00
1779 11728.881 555.2 0.79 -0.00
1780 11729.673 186.6 0.77 0.00
1781 11731.548 999.0 0.84 0.00
1782 11733.642 234.4 0.78 0.00
1783 11733.887 229.8 0.94 -0.00
1784 11734.561 553.0 0.45 0.00
1785 11735.389 184.3 0.89 0.00
1786 11735.635 211.6 0.74 -0.00
1787 11737.556 855.6 0.85 0.00
1788 11737.710 116.1 0.92 0.00
1789 11737.911 113.8 0.72 0.00
1790 11738.056 116.1 1.04 0.00
1791 11738.611 207.1 0.95 0.00
1792 11739.176 548.4 0.75 0.00
1793 11739.695 448.3 0.93 0.00
1794 11740.304 289.0 0.81 0.00
1795 11742.271 154.7 0.87 0.00
1796 11742.717 357.3 0.69 0.00
1797 11743.363 639.4 0.74 0.00
1798 11745.429 191.1 0.85 0.00
1799 11746.976 1190.1 0.80 -0.00
1800 11748.360 229.8 0.86 -0.00
1801 11750.781 637.2 0.97 -0.00
1802 11753.694 537.0 0.96 -0.00
1803 11753.867 138.8 0.95 -0.00
1804 11754.149 170.7 0.95 -0.00
1805 11754.540 66.0 0.96 -0.00
1806 11755.205 218.5 0.99 -0.00
1807 11755.305 218.5 0.96 -0.00
1808 11755.769 268.5 0.97 -0.00
1809 11755.969 109.2 0.98 -0.00
1810 11756.752 129.7 0.97 0.00
1811 11758.746 134.3 0.85 -0.00
1812 11763.242 177.5 0.82 0.00
1813 11763.770 52.3 0.96 -0.00
1814 11764.289 323.1 0.81 -0.00
1815 11765.217 227.6 0.80 -0.00
1816 11765.427 138.8 1.08 -0.00
1817 11766.091 188.9 0.80 -0.00
1818 11766.583 184.3 1.05 -0.00
1819 11767.047 91.0 0.98 0.00
1820 11767.120 63.7 0.99 0.00
1821 11767.302 100.1 1.03 0.00
1822 11768.039 107.0 1.02 0.00
1823 11768.176 118.3 0.86 0.00
1824 11768.312 125.2 1.00 0.00
1825 11768.649 132.0 0.98 0.00
1826 11770.169 375.5 0.91 0.00
1827 11770.751 514.3 0.91 0.00
1828 11771.971 318.6 0.89 0.00
1829 11772.781 147.9 0.96 0.00
1830 11773.336 100.1 0.93 -0.00
1831 11774.065 170.7 0.94 -0.00
1832 11775.239 471.0 0.94 -0.00
1833 11775.658 95.6 0.94 -0.00
1834 11776.249 104.7 0.90 -0.00
1835 11776.422 118.3 0.91 -0.00
1836 11777.587 782.8 0.37 -0.00
1837 11778.170 566.6 0.92 -0.00
1838 11778.370 147.9 0.90 -0.00
1839 11778.953 621.2 0.74 -0.00
1840 11781.410 480.1 0.37 0.00
1841 11785.197 223.0 0.82 -0.00
1842 11787.054 254.9 0.88 -0.00
1843 11787.163 289.0 0.82 -0.00
1844 11788.018 295.8 0.99 0.00
1845 11790.139 659.9 0.66 0.00
1846 11790.831 682.7 0.89 -0.00
1847 11793.043 145.6 1.02 0.00
1848 11793.225 93.3 0.88 0.00
1849 11793.416 168.4 0.90 -0.00
1850 11794.545 264.0 0.69 -0.00
1851 11795.009 220.7 0.94 -0.00
1852 11795.692 104.7 0.98 -0.00
1853 11795.901 143.4 0.97 -0.00
1854 11797.466 195.7 0.99 -0.00
1855 11798.987 118.3 0.98 0.00
1856 11799.396 118.3 1.00 0.00
1857 11800.370 134.3 0.96 -0.00
1858 11801.007 220.7 0.93 0.00
1859 11801.444 70.5 0.97 0.00
1860 11802.473 129.7 1.05 -0.00
1861 11802.609 113.8 0.76 0.00
1862 11803.092 107.0 0.95 0.00
1863 11805.686 145.6 0.77 -0.00
1864 11806.505 316.3 0.72 -0.00
1865 11808.007 482.4 0.82 0.00
1866 11808.480 452.8 0.90 0.00
1867 11809.035 163.8 0.95 0.00
1868 11809.909 398.2 0.90 0.00
1869 11810.373 132.0 0.94 0.00
1870 11811.830 204.8 0.94 0.00
1871 11812.585 359.5 0.92 0.00
1872 11812.940 166.1 0.95 0.00
1873 11814.169 191.1 0.93 0.00
1874 11814.733 93.3 0.95 0.00
1875 11814.934 345.9 0.55 -0.00
1876 11815.534 113.8 0.92 -0.00
1877 11816.053 355.0 0.61 -0.00
1878 11816.472 411.9 0.93 -0.00
1879 11821.187 689.5 0.75 0.00
1880 11821.824 138.8 0.84 0.00
1881 11821.970 223.0 0.84 0.00
1882 11822.771 452.8 0.85 0.00
1883 11823.171 320.9 0.89 0.00
1884 11824.090 286.7 0.80 0.00
1885 11824.300 186.6 0.84 0.00
1886 11824.555 111.5 0.90 -0.00
1887 11825.966 266.2 0.87 -0.00
1888 11826.220 193.4 0.90 -0.00
1889 11828.951 225.3 0.76 0.00
1890 11829.088 127.4 0.80 0.00
1891 11829.215 193.4 0.99 0.00
1892 11830.562 168.4 1.00 0.00
1893 11830.771 277.6 0.73 0.00
1894 11831.136 104.7 1.03 0.00
1895 11831.937 320.9 0.63 0.00
1896 11834.039 209.4 0.56 0.00
1897 11834.230 145.6 0.86 0.00
1898 11834.877 282.2 0.62 -0.00
1899 11836.688 152.5 0.91 -0.00
1900 11839.300 553.0 0.25 0.00
1901 11840.265 116.1 0.87 0.00
1902 11841.539 523.4 0.87 0.00
1903 11841.776 125.2 0.90 0.00
1904 11842.978 211.6 0.86 -0.00
1905 11844.434 111.5 0.96 -0.00
1906 11844.661 61.4 1.04 0.00
1907 11845.572 63.7 0.99 -0.00
1908 11845.690 102.4 0.86 -0.00
1909 11846.000 307.2 0.72 0.00
1910 11846.291 270.8 0.95 -0.00
1911 11846.400 84.2 1.01 -0.00
1912 11847.074 77.4 0.92 -0.00
1913 11847.592 116.1 0.95 -0.00
1914 11849.285 213.9 0.88 -0.00
1915 11850.059 339.1 0.93 0.00
1916 11851.042 172.9 0.87 0.00
1917 11851.798 134.3 0.84 -0.00
1918 11853.400 202.5 0.93 -0.00
1919 11853.609 102.4 0.84 -0.00
1920 11854.647 138.8 0.90 -0.00
1921 11855.839 95.6 0.82 -0.00
1922 11855.939 116.1 0.82 0.00
1923 11856.531 232.1 0.86 -0.00
1924 11858.734 179.8 0.93 -0.00
1925 11860.745 446.0 0.49 0.00
1926 11861.391 145.6 0.53 0.00
1927 11861.755 127.4 0.85 -0.00
1928 11862.092 300.4 0.46 -0.00
1929 11862.502 304.9 0.85 -0.00
1930 11863.002 109.2 0.98 -0.00
1931 11863.485 218.5 1.02 -0.00
1932 11865.451 136.5 0.78 -0.00
1933 11866.361 107.0 0.95 -0.00
1934 11866.561 216.2 0.92 -0.00
1935 11866.980 343.6 0.91 -0.00
1936 11867.326 330.0 0.28 -0.00
1937 11867.736 125.2 0.88 0.00
1938 11869.274 204.8 0.95 0.00
1939 11871.285 273.1 0.95 0.00
1940 11871.640 63.7 0.85 -0.00
1941 11872.432 147.9 0.97 0.00
1942 11873.288 154.7 0.69 0.00
1943 11873.871 482.4 0.74 -0.00
1944 11874.890 100.1 0.91 -0.00
1945 11875.900 177.5 0.98 0.00
1946 11876.720 120.6 0.94 -0.00
1947 11878.003 302.6 0.89 -0.00
1948 11878.321 304.9 0.86 -0.00
1949 11878.886 152.5 0.91 -0.00
1950 11879.004 163.8 0.94 -0.00
1951 11879.614 211.6 0.92 -0.00
1952 11880.306 320.9 0.94 0.00
1953 11881.262 236.7 0.93 0.00
1954 11881.808 134.3 0.95 0.00
1955 11882.581 56.9 0.92 -0.00
1956 11883.310 145.6 0.83 -0.00
1957 11883.583 275.3 0.88 -0.00
1958 11887.569 175.2 0.75 0.00
1959 11891.028 434.6 0.73 0.00
1960 11893.286 289.0 0.86 -0.00
1961 11893.531 250.3 0.88 -0.00
1962 11895.097 466.5 0.95 -0.00
1963 11896.371 266.2 0.84 -0.00
1964 11901.423 564.3 0.93 0.00
1965 11901.578 546.1 0.88 0.00
1966 11902.379 227.6 0.91 0.00
1967 11902.788 248.0 0.53 0.00
1968 11903.316 448.3 0.86 0.00
1969 11904.436 532.5 0.54 -0.00
1970 11905.428 548.4 0.81 0.00
1971 11906.429 455.1 0.81 0.00
1972 11908.750 184.3 0.65 0.00
1973 11909.214 446.0 0.82 0.00
1974 11909.979 744.1 0.80 0.00
1975 11911.089 345.9 0.80 0.00
1976 11913.702 1067.2 0.27 0.00
1977 11915.404 434.6 0.85 -0.00
1978 11915.568 482.4 0.86 -0.00
1979 11916.250 284.4 0.82 0.00
1980 11919.163 937.5 0.86 -0.00
1981 11920.001 398.2 0.88 -0.00
1982 11920.365 234.4 0.85 -0.00
1983 11920.501 179.8 0.91 0.00
1984 11923.851 261.7 0.86 -0.00
1985 11925.307 293.5 0.89 -0.00
1986 11926.409 225.3 0.87 0.00
1987 11926.527 100.1 0.85 0.00
1988 11926.600 122.9 0.91 0.00
1989 11926.927 223.0 0.92 0.00
1990 11928.338 279.9 0.79 0.00
1991 11932.698 2259.6 0.78 0.00
1992 11934.837 343.6 0.82 -0.00
1993 11935.219 514.3 0.83 -0.00
1994 11940.080 127.4 0.92 -0.00
1995 11942.747 134.3 0.88 0.00
1996 11943.011 275.3 0.85 0.00
1997 11943.330 304.9 0.91 0.00
1998 11943.794 343.6 0.82 0.00
1999 11944.140 316.3 0.78 -0.00
2000 11944.340 188.9 0.72 -0.00
