1 1417.556 489.2 0.87 -0.00
2 1418.048 389.1 0.86 0.00
3 1422.490 819.2 0.82 -0.00
4 1423.145 159.3 0.82 -0.00
5 1423.800 641.7 0.81 0.00
6 1427.314 254.9 0.80 -0.00
7 1506.421 2983.3 0.44 -0.00
8 1516.998 1217.4 0.79 0.00
9 1542.885 27955.2 0.69 0.00
10 1569.108 1347.1 0.82 -0.00
11 1578.656 5902.8 0.71 -0.00
12 1582.279 314.0 0.59 -0.00
13 1583.071 248.0 0.69 0.00
14 1584.327 211.6 0.54 -0.00
15 1585.538 860.2 0.82 0.00
16 1587.267 1547.4 0.81 0.00
17 1649.981 5033.5 0.61 -0.00
18 1660.240 10255.9 0.70 -0.00
19 1680.255 4020.9 0.96 0.00
20 1682.140 1024.0 0.89 0.00
21 1729.881 5113.2 0.79 -0.00
22 1733.030 3131.2 0.73 -0.00
23 1738.774 129.7 0.29 -0.00
24 1738.956 97.8 1.05 -0.00
25 1739.411 250.3 0.77 -0.00
26 1747.057 1838.6 0.84 0.00
27 1747.812 202.5 0.85 0.00
28 1751.298 1039.9 0.76 0.00
29 1752.609 1301.6 0.71 0.00
30 1753.364 723.6 0.74 0.00
31 1754.084 707.7 0.60 0.00
32 1755.412 1269.8 0.35 0.00
33 1759.754 5138.2 0.92 0.00
34 1763.149 4052.8 0.86 0.00
35 1814.395 159.3 0.91 -0.00
36 1818.027 2193.6 0.26 -0.00
37 1820.166 427.8 0.79 -0.00
38 1822.669 830.6 0.87 -0.00
39 1823.078 382.3 0.83 -0.00
40 1823.479 93.3 0.85 -0.00
41 1824.844 63.7 0.92 -0.00
42 1839.508 8048.6 0.60 0.00
43 1883.708 18666.4 0.93 -0.00
44 1889.761 2812.6 0.78 -0.00
45 1894.540 2899.1 0.83 -0.00
46 1899.746 314.0 0.84 -0.00
47 1900.465 637.2 0.87 -0.00
48 1903.060 327.7 0.89 -0.00
49 1903.861 409.6 0.60 -0.00
50 1905.954 1253.8 0.85 -0.00
51 1910.869 2227.8 0.85 0.00
52 1978.171 2992.4 0.70 -0.00
53 1978.890 689.5 0.48 -0.00
54 1980.793 1001.2 0.55 0.00
55 1982.640 216.2 0.93 -0.00
56 1986.509 1030.8 0.91 0.00
57 1987.019 857.9 0.92 0.00
58 1988.357 591.6 0.83 0.00
59 1995.028 491.5 0.68 0.00
60 1996.421 1399.5 0.67 0.00
61 2002.183 5750.3 0.79 0.00
62 2043.634 18040.6 0.80 -0.00
63 2045.564 17137.2 0.73 -0.00
64 2046.247 671.3 0.47 -0.00
65 2046.538 279.9 0.92 -0.00
66 2047.166 1176.5 0.79 0.00
67 2048.996 539.3 0.90 -0.00
68 2050.097 671.3 0.93 -0.00
69 2054.402 2100.3 0.73 0.00
70 2055.649 427.8 0.78 -0.00
71 2057.024 716.8 0.75 -0.00
72 2066.927 3604.5 0.72 0.00
73 2075.219 1103.6 0.87 0.00
74 2132.873 1390.4 0.78 -0.00
75 2136.013 3010.6 0.73 -0.00
76 2138.725 2698.8 0.37 0.00
77 2142.403 1181.0 0.51 0.00
78 2144.196 1802.2 0.77 0.00
79 2150.968 1877.3 0.75 0.00
80 2153.170 2173.2 0.61 0.00
81 2174.779 27955.2 0.77 0.00
82 2197.325 3085.7 0.55 -0.00
83 2199.865 2539.5 0.31 -0.00
84 2206.591 3440.6 0.79 -0.00
85 2209.823 794.2 0.90 -0.00
86 2211.288 368.6 0.83 -0.00
87 2217.997 1693.0 0.85 0.00
88 2222.093 1702.1 0.70 0.00
89 2297.095 17414.8 0.32 -0.00
90 2356.223 2109.4 0.91 -0.00
91 2356.651 195.7 0.89 -0.00
92 2357.069 188.9 0.90 -0.00
93 2361.666 6612.8 0.65 -0.00
94 2365.298 4416.9 0.57 -0.00
95 2368.547 2334.7 0.26 -0.00
96 2370.868 2391.6 0.86 -0.00
97 2375.884 1242.5 0.89 -0.00
98 2377.094 1199.2 0.75 0.01
99 2379.889 614.4 1.00 0.00
100 2514.074 2892.2 0.74 -0.00
101 2515.594 1504.1 1.02 -0.00
102 2515.976 357.3 1.04 0.00
103 2520.245 81.9 0.91 -0.00
104 2521.956 104.7 0.87 -0.00
105 2527.863 523.4 0.85 -0.00
106 2529.456 930.7 0.85 0.00
107 2532.551 669.0 0.97 0.00
108 2536.911 826.0 0.86 0.00
109 2542.081 2500.8 0.93 0.00
110 2545.149 948.9 0.79 0.00
111 2593.399 2874.0 0.65 -0.00
112 2599.261 989.9 0.79 -0.00
113 2600.344 88.7 0.97 -0.00
114 2601.328 505.2 0.94 -0.00
115 2604.377 1333.5 0.80 -0.00
116 2606.525 2129.9 0.87 -0.00
117 2618.440 464.2 0.91 0.00
118 2670.277 20436.8 0.71 -0.00
119 2689.392 1809.1 0.77 -0.00
120 2691.713 2307.4 0.73 0.00
121 2769.446 8603.9 0.82 0.00
122 2818.898 6874.5 0.78 0.00
123 2838.777 446.0 0.56 0.00
124 2842.855 4025.5 0.68 0.00
125 2851.766 4576.1 0.70 0.00
126 2904.705 2432.6 0.71 -0.00
127 2909.966 3160.7 0.73 -0.00
128 2915.855 5850.5 0.69 -0.00
129 3156.454 4783.2 0.76 -0.00
130 3167.750 1852.3 0.96 0.00
131 3171.427 1729.4 0.99 0.00
132 3171.718 268.5 1.01 -0.00
133 3172.738 225.3 0.98 -0.00
134 3172.938 175.2 1.00 0.00
135 3174.085 732.7 0.63 0.00
136 3174.622 527.9 0.92 0.00
137 3175.896 1267.5 0.59 0.00
138 3178.017 2063.9 0.79 -0.00
139 3180.238 2587.3 0.37 0.00
140 3182.950 723.6 0.83 0.00
141 3249.160 27654.8 0.68 0.00
142 3268.074 18898.5 0.94 0.00
143 3295.499 18038.3 0.79 -0.00
144 3299.878 16154.2 0.72 -0.00
145 3307.041 6844.9 0.57 0.00
146 3382.517 2701.1 0.82 -0.00
147 3383.536 1005.8 0.85 -0.00
148 3389.316 5736.7 0.35 -0.00
149 3404.016 1485.9 0.92 0.00
150 3404.908 819.2 0.91 0.00
151 3410.588 1110.5 1.07 0.00
152 3411.853 1262.9 0.68 0.00
153 3453.505 1485.9 0.84 -0.00
154 3456.381 1137.8 0.98 -0.00
155 3458.975 457.4 0.88 -0.00
156 3468.487 2378.0 0.72 -0.00
157 3469.843 1342.6 0.85 0.00
158 3476.716 3297.3 0.91 0.00
159 3488.057 546.1 1.03 0.00
160 3496.103 4207.5 0.80 0.00
161 3496.722 609.8 0.94 0.00
162 3537.964 555.2 0.89 0.00
163 3547.613 5261.1 0.63 -0.00
164 3592.924 27955.2 0.65 -0.00
165 3629.287 14720.6 0.68 -0.00
166 3647.300 4246.2 0.35 0.00
167 3680.432 20081.8 0.73 -0.00
168 3791.206 923.9 0.87 0.00
169 3800.536 4501.0 0.80 0.00
170 3847.249 2332.4 0.97 0.00
171 3884.959 236.7 0.92 0.00
172 4025.088 4050.5 0.31 -0.00
173 4040.407 118.3 0.90 0.00
174 4047.944 161.6 0.96 0.00
175 4049.218 1260.7 0.96 0.00
176 4055.954 2250.5 0.91 0.00
177 4087.557 277.6 0.91 -0.00
178 4090.160 1859.1 0.87 -0.00
179 4093.355 1260.7 0.27 -0.00
180 4096.841 1827.3 0.89 -0.00
181 4119.314 3670.5 0.69 0.00
182 4147.886 27955.2 0.58 -0.00
183 4176.485 1774.9 0.40 -0.00
184 4221.605 27955.2 0.48 -0.00
185 4248.229 1042.2 0.81 -0.00
186 4253.727 2723.8 0.97 -0.00
187 4255.210 352.7 0.87 0.00
188 4255.447 348.2 0.89 0.00
189 4321.520 91.0 0.89 -0.00
190 4321.793 409.6 0.89 0.00
191 4323.932 3859.3 0.93 -0.00
192 4334.782 2032.1 0.77 -0.00
193 4355.098 23772.7 0.24 0.00
194 4396.577 1977.5 0.86 -0.00
195 4399.317 1777.2 0.24 0.00
196 4400.882 1656.6 0.90 -0.00
197 4408.911 7406.9 0.77 -0.00
198 4417.303 1167.4 0.27 0.00
199 4421.790 1060.4 0.96 0.00
200 4488.537 116.1 0.90 -0.00
201 4490.767 1704.4 0.41 -0.00
202 4492.341 1558.8 0.95 -0.00
203 4499.833 1101.4 0.62 -0.00
204 4505.867 1465.5 0.73 0.00
205 4506.869 967.1 0.76 0.00
206 4574.616 10447.1 0.83 -0.00
207 4620.901 27955.2 0.81 -0.00
208 4730.319 4826.5 0.76 -0.00
209 4732.285 1954.7 0.91 0.00
210 4743.599 5918.7 0.79 0.00
211 4792.160 948.9 0.81 -0.00
212 4798.913 553.0 0.87 0.00
213 4800.270 1804.5 0.80 0.00
214 4815.188 1688.5 0.94 0.00
215 4816.335 889.7 0.61 0.00
216 4828.578 1891.0 1.05 0.00
217 4830.890 1231.1 1.03 0.00
218 4846.846 12356.3 0.91 0.00
219 4881.798 3722.8 0.35 0.00
220 4889.153 605.3 0.93 -0.00
221 4965.065 15603.5 0.83 -0.00
222 5033.341 18245.4 0.97 -0.00
223 5064.844 8091.9 0.69 0.00
224 5118.738 339.1 0.85 0.00
225 5124.900 11953.5 0.56 0.00
226 5206.538 4173.4 0.84 -0.00
227 5358.281 1196.9 0.95 -0.00
228 5359.811 491.5 0.86 -0.00
229 5363.115 999.0 0.75 -0.00
230 5364.316 1181.0 0.59 -0.00
231 5375.293 3811.6 0.40 0.00
232 5415.343 18108.9 0.79 0.00
233 5417.155 1806.8 0.91 -0.00
234 5444.343 13642.0 0.99 -0.00
235 5513.502 2457.6 0.82 -0.00
236 5648.305 252.6 0.94 -0.00
237 5648.724 1019.4 0.45 0.00
238 5650.035 120.6 0.97 0.00
239 5650.171 125.2 0.86 -0.00
240 5687.054 2487.2 0.71 0.00
241 5703.410 8886.0 0.28 0.00
242 5738.417 1592.9 0.90 0.00
243 5762.538 4027.7 0.68 0.00
244 5832.043 3040.1 0.83 0.00
245 5836.731 2202.7 0.52 0.00
246 5842.847 3317.8 0.90 0.00
247 5929.264 6480.8 0.77 0.00
248 5974.374 430.1 0.92 0.00
249 5980.473 4394.1 0.48 -0.00
250 6001.881 22953.5 0.65 -0.00
251 6054.419 138.8 0.90 -0.00
252 6056.658 2225.5 0.94 -0.00
253 6083.301 9065.8 0.68 -0.00
254 6102.461 23800.0 0.75 0.00
255 6175.961 11386.9 0.72 0.00
256 6192.172 24145.9 0.69 -0.00
257 6210.322 18138.5 0.78 -0.00
258 6213.699 3345.1 1.07 0.00
259 6214.054 343.6 0.74 0.00
260 6222.410 343.6 0.97 -0.00
261 6257.590 27955.2 0.73 0.00
262 6292.743 61.4 0.93 -0.00
263 6370.057 109.2 0.92 0.00
264 6370.867 534.8 0.62 -0.00
265 6401.824 559.8 0.99 0.00
266 6413.957 2302.9 0.70 0.00
267 6423.742 4876.5 0.97 0.00
268 6426.354 223.0 0.82 -0.00
269 6429.895 3659.1 0.85 -0.00
270 6444.076 5338.5 0.95 -0.00
271 6455.609 6624.1 0.75 -0.00
272 6459.668 6230.5 0.72 0.00
273 6467.952 3040.1 1.01 -0.00
274 6471.647 1920.6 0.96 0.00
275 6472.048 2678.3 0.96 -0.00
276 6476.580 2630.5 0.91 -0.00
277 6480.094 2378.0 0.24 0.00
278 6533.123 13901.4 0.89 0.00
279 6535.900 1053.6 0.90 -0.00
280 6542.899 3490.7 0.93 0.00
281 6544.265 4753.6 0.85 0.00
282 6545.657 1360.8 0.93 0.00
283 6546.267 603.0 0.82 0.00
284 6619.831 11309.5 0.79 -0.00
285 6697.956 5581.9 0.99 -0.00
286 6709.588 1360.8 0.81 0.00
287 6736.458 1385.8 0.82 -0.00
288 6751.914 3049.2 1.05 0.00
289 6772.084 705.4 0.47 -0.00
290 6777.136 8508.3 1.03 -0.00
291 6783.453 1067.2 0.92 -0.00
292 6787.194 1777.2 0.94 -0.00
293 6790.671 1793.1 0.93 0.00
294 6793.219 903.4 0.91 0.00
295 6793.902 325.4 0.91 0.00
296 6841.552 10852.1 0.95 -0.00
297 6912.140 16577.4 0.79 0.00
298 6917.701 5559.2 0.64 -0.00
299 6924.109 1103.6 0.66 -0.00
300 6937.644 100.1 1.00 0.00
301 6948.440 3800.2 0.99 -0.00
302 6991.702 257.1 0.89 -0.00
303 6997.455 5723.0 0.71 -0.00
304 7018.590 3599.9 0.94 -0.00
305 7021.467 2801.2 0.25 0.00
306 7028.020 1925.1 0.87 -0.00
307 7114.510 11041.0 0.72 -0.00
308 7164.062 1888.7 0.84 -0.00
309 7192.652 3094.8 0.88 0.00
310 7202.100 6348.8 0.89 0.00
311 7245.227 236.7 0.93 0.00
312 7248.385 2234.6 0.75 0.00
313 7252.791 3349.6 0.81 -0.00
314 7257.788 4953.9 0.73 -0.00
315 7270.221 3722.8 0.72 0.00
316 7284.348 1080.9 0.90 -0.00
317 7289.281 2676.1 0.91 0.00
318 7310.389 12017.2 0.71 0.00
319 7316.370 5952.9 0.81 -0.00
320 7326.118 1276.6 1.01 -0.00
321 7326.364 382.3 1.01 0.00
322 7328.212 198.0 0.96 0.00
323 7335.393 364.1 0.92 0.00
324 7377.127 5820.9 0.92 -0.00
325 7381.187 2018.4 0.93 -0.00
326 7387.722 4626.2 0.70 -0.00
327 7391.845 728.2 0.89 0.00
328 7397.561 1035.4 0.92 -0.00
329 7401.466 7736.9 0.96 -0.00
330 7405.508 4084.6 0.49 -0.00
331 7407.811 2291.5 0.88 -0.00
332 7413.827 541.6 0.90 0.00
333 7415.575 1706.7 0.87 0.00
334 7462.624 3681.8 0.77 -0.00
335 7474.867 5989.3 0.62 0.00
336 7484.834 4419.1 0.92 -0.00
337 7499.515 5832.2 0.76 -0.00
338 7503.630 4077.8 0.90 0.00
339 7540.011 8665.3 0.34 -0.00
340 7558.197 9475.4 0.71 0.00
341 7560.200 79.6 0.91 0.00
342 7561.401 559.8 0.95 -0.00
343 7582.892 564.3 0.97 -0.00
344 7626.410 2862.6 0.87 0.00
345 7675.407 10595.0 0.62 0.00
346 7725.369 13221.0 0.90 -0.00
347 7751.301 10529.0 0.89 -0.00
348 7793.526 10362.9 0.77 0.00
349 7811.676 4774.1 0.99 -0.00
350 7825.138 5297.5 0.82 0.00
351 7917.244 8039.5 0.85 0.00
352 7918.236 987.6 0.85 -0.00
353 7929.768 229.8 0.94 0.00
354 7929.950 400.5 0.94 -0.00
355 7933.546 1433.6 0.89 -0.00
356 7936.331 1856.9 0.34 -0.00
357 7938.033 286.7 0.93 -0.00
358 7941.665 3160.7 0.93 -0.00
359 7945.069 3379.2 0.81 -0.00
360 7973.678 19481.0 0.70 -0.00
361 7998.035 2890.0 0.92 -0.00
362 8021.400 11885.2 0.90 0.00
363 8021.583 11766.9 0.88 0.00
364 8022.402 309.5 0.96 -0.00
365 8027.645 2211.8 0.86 0.00
366 8041.562 5891.4 0.72 -0.00
367 8078.626 2498.6 0.91 -0.00
368 8080.192 762.3 0.85 -0.00
369 8087.483 2366.6 0.90 -0.00
370 8120.970 2801.2 0.98 0.00
371 8127.396 6385.2 0.71 -0.00
372 8132.748 375.5 0.94 0.00
373 8142.615 4330.4 0.91 -0.00
374 8146.374 3267.7 0.77 -0.00
375 8151.198 4796.9 0.94 0.00
376 8154.557 3320.0 0.86 0.00
377 8214.040 3650.0 0.94 0.00
378 8254.308 13075.3 0.95 -0.00
379 8315.348 27955.2 0.81 0.00
380 8495.763 3675.0 0.97 -0.00
381 8567.042 1394.9 0.81 -0.00
382 8581.569 6171.3 0.71 0.00
383 8604.088 13769.4 0.80 0.00
384 8615.985 3115.2 0.82 -0.00
385 8622.985 1383.5 1.02 0.00
386 8623.813 814.6 0.97 0.00
387 8628.064 2116.3 0.97 0.00
388 8628.783 2732.9 0.97 0.00
389 8629.529 737.3 0.94 0.00
390 8658.520 14076.6 0.72 0.00
391 8676.223 7941.7 0.95 0.00
392 8685.662 9416.2 0.78 0.00
393 8695.329 9582.4 0.88 0.00
394 8735.406 16704.9 0.46 -0.00
395 8736.862 1445.0 0.93 -0.00
396 8823.871 1977.5 0.90 -0.00
397 8899.528 4373.6 0.97 -0.00
398 8906.419 2901.3 0.65 -0.00
399 8909.104 2678.3 0.81 -0.00
400 8915.202 1454.1 0.80 0.00
401 8920.545 5331.6 0.77 0.00
402 8983.050 7944.0 0.72 0.00
403 8991.069 13880.9 0.66 0.00
404 9080.672 27955.2 0.65 -0.00
405 9092.614 1622.5 0.60 0.00
406 9094.152 3128.9 0.88 -0.00
407 9095.745 4598.9 0.80 -0.00
408 9110.682 22707.8 0.46 -0.00
409 9127.603 6781.2 0.73 -0.00
410 9144.951 719.1 0.43 -0.00
411 9196.825 4560.2 0.87 0.00
412 9199.401 2569.1 0.97 0.00
413 9205.381 4344.0 1.00 0.00
414 9220.727 2530.4 0.92 0.00
415 9266.694 923.9 0.93 0.00
416 9284.006 3884.4 0.85 0.00
417 9285.708 1683.9 0.93 0.00
418 9292.753 1631.6 0.88 -0.00
419 9294.310 398.2 0.90 -0.00
420 9294.665 639.4 0.84 -0.00
421 9298.906 760.0 0.97 0.00
422 9352.009 1506.4 0.98 -0.00
423 9375.292 10258.2 0.39 0.00
424 9376.230 926.2 0.97 -0.00
425 9394.225 8642.6 0.88 0.00
426 9405.767 5652.5 0.77 -0.00
427 9439.727 1165.1 0.59 -0.00
428 9441.547 81.9 0.96 -0.00
429 9441.848 464.2 0.32 -0.00
430 9442.203 118.3 0.93 -0.00
431 9525.088 1404.0 0.91 -0.00
432 9529.193 2182.3 0.75 0.00
433 9534.599 514.3 0.84 -0.00
434 9779.304 22662.3 0.79 -0.00
435 9823.813 6533.1 0.80 0.00
436 9922.227 3656.8 1.06 0.00
437 9946.357 7928.0 0.94 0.00
438 9989.829 5707.1 1.06 -0.00
439 10063.084 15906.1 0.80 -0.00
440 10076.236 16739.0 0.78 0.00
441 10095.724 4596.6 0.93 -0.00
442 10165.811 127.4 0.88 0.00
443 10178.554 20946.5 0.72 0.00
444 10197.596 18934.9 0.58 0.00
445 10439.042 1299.3 0.89 0.00
446 10443.793 980.8 0.91 -0.00
447 10455.116 3711.4 0.97 0.00
448 10466.976 3192.6 0.96 -0.00
449 10467.959 373.2 0.95 0.00
450 10471.173 291.3 0.93 -0.00
451 10484.298 7104.3 0.81 0.00
452 10504.960 1954.7 0.87 0.00
453 10507.408 2434.8 0.82 -0.00
454 10523.747 10554.0 0.44 0.00
455 10550.799 19258.0 0.67 0.00
456 10595.664 27955.2 0.77 0.00
457 10644.169 13095.8 0.96 -0.00
458 10669.028 26844.7 0.79 0.00
459 10687.114 17958.7 0.96 0.00
460 10695.342 8221.6 0.66 -0.00
461 10733.999 2967.3 0.85 0.00
462 10791.480 8551.5 0.89 0.00
463 10850.398 4177.9 0.75 0.00
464 10906.286 7072.4 0.88 0.00
465 10909.909 10592.7 0.78 0.00
466 10915.070 2849.0 0.97 -0.00
467 10921.250 6116.7 0.69 -0.00
468 10931.408 587.1 0.92 0.00
469 10933.402 1465.5 0.66 -0.00
470 11035.155 7090.6 0.80 0.00
471 11065.083 7313.6 0.64 0.00
472 11098.789 566.6 0.96 0.00
473 11113.926 3909.4 0.90 0.00
474 11114.081 136.5 0.91 0.00
475 11115.291 1183.3 0.71 0.00
476 11128.881 19658.5 0.80 -0.00
477 11157.325 2407.5 0.86 0.00
478 11158.163 382.3 0.85 0.00
479 11257.814 3741.0 0.76 0.00
480 11294.205 27955.2 0.83 -0.00
481 11373.758 5884.6 0.67 0.00
482 11420.107 12506.5 0.54 0.00
483 11425.568 8690.3 1.00 0.00
484 11432.722 9318.4 0.74 0.00
485 11449.853 10196.8 0.96 0.00
486 11451.054 1426.8 0.64 -0.00
487 11451.691 898.8 0.98 -0.00
488 11472.089 27955.2 0.73 -0.00
489 11519.912 13799.0 0.87 0.00
490 11624.888 5088.1 0.64 0.00
491 11630.067 2721.6 0.98 -0.00
492 11637.040 5536.4 0.43 -0.00
493 11639.871 100.1 0.94 -0.00
494 11653.988 1581.5 0.98 -0.00
495 11658.293 2000.2 0.43 -0.00
496 11668.297 2894.5 0.90 0.00
497 11720.625 11216.2 0.50 -0.00
498 11862.738 12743.1 0.98 -0.00
499 11869.146 3524.8 0.94 -0.00
500 11876.192 91.0 0.88 0.00
501 11882.372 3076.6 0.88 0.00
502 11883.765 1390.4 0.83 0.00
503 11885.330 1549.7 0.78 -0.00
504 11885.594 245.8 0.83 -0.00
505 11936.093 24323.4 0.88 0.00
506 12088.446 2100.3 0.89 0.00
507 12104.038 3825.2 0.98 -0.00
508 12209.187 634.9 0.96 0.00
509 12210.371 1176.5 0.40 0.00
510 12218.608 3222.2 0.83 0.00
511 12236.985 24842.2 0.71 0.00
512 12269.590 10281.0 0.83 0.00
513 12282.187 3513.5 0.87 0.00
514 12294.948 1397.2 0.87 -0.00
515 12299.081 2751.1 0.83 -0.00
516 12308.756 3677.3 0.85 0.00
517 12380.309 8044.1 0.88 -0.00
518 12396.438 111.5 0.88 0.00
519 12422.416 2607.8 0.97 -0.00
520 12448.985 26266.7 0.63 0.00
521 12494.551 17282.8 0.30 0.00
522 12618.633 4710.4 0.67 -0.00
523 12622.692 4137.0 0.88 0.00
524 12647.432 530.2 0.91 0.00
525 12648.506 172.9 0.88 0.00
526 12683.158 21324.2 0.58 0.00
527 12695.810 12640.7 0.82 0.00
528 12748.931 20109.1 0.76 -0.00
529 12760.072 11109.3 0.83 -0.00
530 12773.771 4567.0 0.96 0.00
531 12804.263 5427.2 1.03 0.00
532 12873.522 4767.3 0.95 0.00
533 12880.767 6285.1 0.93 0.00
534 12885.018 384.6 0.94 0.00
535 12939.386 21023.9 0.57 -0.00
536 12959.119 1788.6 0.24 0.00
537 12999.287 4059.6 0.90 -0.00
538 13008.217 4171.1 0.97 -0.00
539 13009.191 962.6 0.89 -0.00
540 13010.156 944.4 0.92 0.00
541 13034.686 978.5 0.90 -0.00
542 13041.058 4385.0 0.70 -0.00
543 13045.600 4460.1 0.76 0.00
544 13050.988 5415.8 0.68 0.00
545 13060.809 1451.8 0.88 -0.00
546 13071.368 8483.3 0.80 -0.00
547 13090.565 4382.7 0.70 0.00
548 13110.999 7668.6 0.77 -0.00
549 13129.076 3706.9 0.36 -0.00
550 13142.265 5208.7 0.94 0.00
551 13145.087 2161.8 0.89 -0.00
552 13211.242 6353.4 0.77 -0.00
553 13222.055 6881.3 0.75 0.00
554 13288.893 2484.9 0.72 -0.00
555 13290.176 66.0 0.83 0.00
556 13300.471 5163.2 0.85 0.00
557 13312.349 21160.4 0.70 0.00
558 13324.200 11892.1 0.81 0.00
559 13471.383 2157.2 0.75 -0.00
560 13473.732 812.4 0.86 -0.00
561 13475.734 546.1 0.96 -0.00
562 13499.573 7381.9 0.79 -0.00
563 13506.873 1856.9 0.80 -0.00
564 13514.655 402.8 0.92 -0.00
565 13575.003 8417.3 0.86 0.00
566 13584.032 2537.2 0.81 -0.00
567 13644.298 27955.2 0.82 -0.00
568 13693.969 1627.0 0.83 0.00
569 13708.078 8426.4 0.61 -0.00
570 13711.764 3670.5 0.96 0.00
571 13717.198 805.5 0.96 -0.00
572 13720.011 1101.4 0.90 0.00
573 13845.639 14804.8 0.53 -0.00
574 13851.765 17813.0 0.26 -0.00
575 13858.801 7013.3 0.96 -0.00
576 13913.751 7994.0 0.52 -0.00
577 13940.120 14832.1 0.58 -0.00
578 13970.831 27955.2 0.77 -0.00
579 14045.952 837.4 0.80 -0.00
580 14050.667 1301.6 0.93 -0.00
581 14098.262 3392.9 0.77 0.00
582 14112.480 7944.0 1.01 0.00
583 14129.993 6139.4 1.00 0.00
584 14146.049 1522.3 0.94 -0.00
585 14150.163 1467.7 0.88 -0.00
586 14152.393 2141.3 0.75 -0.00
587 14155.679 1542.8 0.45 -0.00
588 14159.084 1190.1 0.85 0.00
589 14159.366 266.2 0.91 0.00
590 14261.238 3235.8 0.92 0.00
591 14301.715 4740.0 0.82 -0.00
592 14323.151 2375.7 1.02 0.00
593 14348.783 27955.2 0.65 0.00
594 14379.649 10640.5 0.61 -0.00
595 14402.950 3549.9 0.41 -0.00
596 14412.071 9079.5 0.63 -0.00
597 14423.558 405.0 0.96 0.00
598 14436.155 9878.2 0.73 0.00
599 14462.670 4778.7 0.93 -0.00
600 14478.417 1781.8 0.80 0.00
601 14554.885 27955.2 0.70 0.00
602 14643.750 16440.9 0.38 -0.00
603 14758.656 2034.3 0.85 0.00
604 14761.168 3775.1 0.93 0.00
605 14768.678 912.5 0.30 -0.00
606 14773.329 3028.8 0.85 -0.00
607 14835.297 21292.4 0.58 0.00
608 14852.946 2855.8 0.91 -0.00
609 14854.730 1774.9 0.77 0.00
610 14863.723 937.5 0.98 -0.00
611 14864.988 1222.0 0.95 -0.00
612 14868.110 7345.5 0.82 -0.00
613 14876.411 29.6 0.94 0.00
614 14899.167 6722.0 0.89 -0.00
615 14918.309 27723.1 0.67 0.00
616 15042.864 14058.4 0.89 0.00
617 15045.959 1597.4 0.92 -0.00
618 15306.519 19167.0 0.55 -0.00
619 15349.281 13730.7 0.76 0.00
620 15603.333 9302.5 0.89 -0.00
621 15625.360 27955.2 0.68 -0.00
622 15647.943 1240.2 0.81 0.00
623 15721.262 2016.1 0.92 0.00
624 15721.762 489.2 0.62 0.00
625 15740.440 6260.1 0.75 0.00
626 15754.985 6301.0 0.94 0.00
627 15868.372 27955.2 0.71 -0.00
628 16208.786 5135.9 0.51 -0.00
629 16258.375 14677.3 0.89 -0.00
630 16263.963 518.8 0.82 -0.00
631 16329.335 2867.2 0.92 0.00
632 16337.983 655.4 0.79 0.00
633 16350.862 21861.3 0.34 -0.00
634 16363.705 12838.7 0.48 -0.00
635 16364.088 373.2 0.94 -0.00
636 16365.835 1852.3 0.89 0.00
637 16369.604 5431.8 0.90 0.00
638 16405.321 5875.5 0.88 0.00
639 16409.708 5183.7 0.71 0.00
640 16477.010 3977.7 0.94 -0.00
641 16482.298 5272.5 0.81 -0.00
642 16492.411 10030.6 0.77 -0.00
643 16573.066 942.1 1.03 -0.00
644 16593.527 1222.0 0.95 0.00
645 16610.667 21374.3 0.72 0.00
646 16623.446 12765.9 0.80 0.00
647 16635.325 15501.1 0.45 0.00
648 16644.518 9184.1 0.88 0.00
649 16646.011 1485.9 0.93 -0.00
650 16689.383 587.1 0.86 0.00
651 16700.715 4002.7 1.00 0.00
652 16700.925 191.1 0.98 0.00
653 16704.302 1638.4 0.94 0.00
654 16704.793 482.4 0.91 0.00
655 16871.209 4476.0 0.76 -0.00
656 16886.510 15380.5 0.52 0.00
657 16903.322 5518.2 0.94 0.00
658 16904.104 769.1 0.37 -0.00
659 16911.495 291.3 0.90 -0.00
660 16937.027 5374.9 0.73 -0.00
661 16954.895 7140.7 0.84 -0.00
662 16959.045 4150.6 1.05 0.00
663 16965.417 3126.6 0.96 -0.00
664 16968.412 2958.2 0.96 -0.00
665 16969.031 614.4 0.92 -0.00
666 16984.741 2942.3 0.88 0.00
667 16987.135 812.4 0.82 0.00
668 17062.237 4953.9 0.81 0.00
669 17069.173 1900.1 0.69 0.00
670 17072.523 880.6 0.89 -0.00
671 17073.743 416.4 0.94 -0.00
672 17078.157 8763.2 0.80 0.00
673 17130.732 27955.2 0.87 -0.00
674 17185.099 16857.3 0.87 0.00
675 17313.013 1729.4 0.94 0.00
676 17314.287 534.8 0.93 0.00
677 17322.497 4096.0 0.91 -0.00
678 17323.699 1192.4 0.28 -0.00
679 17349.167 8041.8 0.84 -0.00
680 17379.741 473.3 1.00 0.00
681 17558.864 703.1 0.72 0.00
682 17559.528 537.0 1.01 0.00
683 17560.994 976.2 0.94 -0.00
684 17573.318 1404.0 0.62 -0.00
685 17575.867 2466.7 0.78 0.00
686 17595.236 409.6 0.91 0.00
687 17607.196 9607.4 0.78 0.00
688 17614.515 7379.6 0.84 -0.00
689 17620.231 2858.1 0.98 0.00
690 17636.961 8364.9 0.85 -0.00
691 17642.650 2116.3 0.89 0.00
692 17663.912 14110.7 0.47 -0.00
693 17721.620 10103.5 0.85 -0.00
694 17724.806 2316.5 0.90 0.00
695 17734.318 1809.1 0.71 -0.00
696 17736.348 2027.5 0.63 -0.00
697 17743.402 3254.0 0.85 -0.00
698 17744.067 655.4 0.80 0.00
699 17746.624 1169.6 0.46 0.00
700 17754.525 7900.7 0.78 0.00
701 17788.158 7359.1 0.88 -0.00
702 17790.615 9732.6 0.79 -0.00
703 17848.050 20238.8 0.84 0.00
704 17906.277 7247.6 0.72 -0.00
705 17908.635 2346.1 0.88 0.00
706 17913.322 3975.4 0.50 0.00
707 17916.727 3392.9 0.97 -0.00
708 17917.009 270.8 0.85 -0.00
709 17921.141 3044.7 0.75 -0.00
710 17927.722 3961.7 0.37 0.00
711 17931.700 3973.1 0.84 0.00
712 17953.891 8283.0 0.98 0.00
713 17974.662 6348.8 0.24 -0.00
714 18027.664 9689.3 0.76 -0.00
715 18094.457 4212.1 0.85 -0.00
716 18100.500 5959.7 0.82 0.00
717 18114.736 6146.3 1.01 0.00
718 18116.275 760.0 0.94 0.00
719 18124.803 7559.4 0.75 0.00
720 18137.355 12513.3 0.56 -0.00
721 18143.135 5816.3 0.82 0.00
722 18200.370 530.2 0.92 0.00
723 18314.603 16304.4 0.96 0.00
724 18315.759 587.1 1.02 0.00
725 18323.951 143.4 0.98 -0.00
726 18324.497 543.9 0.97 -0.00
727 18325.380 218.5 0.89 -0.00
728 18327.892 1281.1 0.86 -0.00
729 18339.425 19681.3 0.80 0.00
730 18353.870 14422.5 0.33 0.00
731 18385.901 2364.3 0.80 -0.00
732 18394.138 5217.8 0.74 -0.00
733 18416.002 5386.2 0.92 -0.00
734 18427.898 23517.9 0.68 -0.00
735 18447.077 689.5 0.94 0.00
736 18474.338 766.9 0.40 -0.00
737 18481.565 3408.8 0.97 0.00
738 18590.464 27955.2 0.51 -0.00
739 18690.789 2084.4 0.96 -0.00
740 18722.537 1986.6 0.90 -0.00
741 18722.710 150.2 0.91 -0.00
742 18731.594 5934.6 0.78 0.00
743 18734.916 3283.6 0.88 0.00
744 18738.985 4020.9 0.95 -0.00
745 18744.055 4583.0 0.79 -0.00
746 18745.093 1017.2 0.74 -0.00
747 18799.988 1718.0 0.92 0.00
748 18801.080 1076.3 0.97 -0.00
749 18801.745 355.0 0.96 -0.00
750 18803.192 650.8 0.87 -0.00
751 18803.638 200.2 1.03 -0.00
752 18808.089 1196.9 0.93 0.00
753 18816.354 334.5 0.90 0.00
754 18819.931 1947.9 0.95 0.00
755 18820.377 436.9 0.99 -0.00
756 18822.298 1247.0 0.90 -0.00
757 18823.135 801.0 0.92 -0.00
758 18824.000 407.3 0.93 -0.00
759 18853.063 6640.1 0.94 -0.00
760 18952.050 1060.4 0.86 -0.00
761 18953.197 1019.4 0.86 -0.00
762 18954.307 534.8 0.86 -0.00
763 18971.246 994.4 0.96 -0.00
764 18980.986 598.5 0.91 -0.00
765 19036.336 2776.2 0.93 0.00
766 19120.741 13555.5 0.96 0.00
767 19121.324 573.4 0.92 -0.00
768 19123.508 332.2 0.93 0.00
769 19123.854 307.2 0.87 0.00
770 19142.851 20172.8 0.54 0.00
771 19205.902 27955.2 0.44 -0.00
772 19307.446 27955.2 0.75 -0.00
773 19450.506 27955.2 0.62 -0.00
774 19496.599 1549.7 0.92 -0.00
775 19498.429 1044.5 0.80 0.00
776 19568.844 24305.2 0.77 -0.00
777 19663.124 2375.7 0.78 -0.00
778 19698.796 4282.6 0.91 0.00
779 19798.274 24241.5 0.97 0.00
780 19818.181 2104.9 0.28 -0.00
781 19819.255 357.3 1.04 0.00
782 19828.676 3329.1 1.04 -0.00
783 19891.226 7254.5 0.86 0.00
784 19900.601 3176.7 0.99 -0.00
785 19905.016 2350.6 0.95 -0.00
786 19909.376 5618.3 0.92 0.00
787 19918.942 1035.4 0.96 0.00
788 19976.314 9231.9 0.88 0.00
789 19985.871 2434.8 0.91 -0.00
790 19988.857 955.7 0.89 0.00
791 19993.007 1617.9 0.87 0.00
792 19994.236 1187.8 0.35 0.00
793 20070.686 22644.1 0.59 -0.00
794 20180.959 2628.3 1.02 0.00
795 20192.355 2373.4 0.93 -0.00
796 20203.806 8139.7 0.77 0.00
797 20227.553 7684.6 0.30 0.00
798 20241.234 5745.8 0.87 0.00
799 20245.630 1961.5 0.91 -0.00
800 20291.187 7206.7 0.65 -0.00
801 20319.823 3797.9 1.01 0.00
802 20382.264 27955.2 0.84 0.00
803 20404.764 1620.2 0.43 0.00
804 20408.997 557.5 0.98 0.00
805 20410.098 1083.2 1.01 -0.00
806 20427.074 8988.4 0.82 -0.00
807 20429.322 2225.5 0.91 0.00
808 20481.906 2036.6 0.90 0.00
809 20491.682 2571.4 0.49 -0.00
810 20543.409 27955.2 0.52 0.00
811 20604.003 6157.7 0.93 -0.00
812 20604.221 157.0 0.90 0.00
813 20658.016 9209.2 0.59 -0.00
814 20702.398 27955.2 0.66 -0.00
815 20774.570 14429.3 0.63 0.00
816 20789.452 4860.6 0.86 0.00
817 20803.988 1506.4 0.89 -0.00
818 20828.236 11380.1 0.74 0.00
819 20833.406 2544.1 0.80 0.00
820 20881.867 27955.2 0.64 -0.00
821 20933.959 1957.0 0.93 -0.00
822 21034.047 27955.2 0.62 0.00
823 21175.559 496.1 1.02 -0.00
824 21221.543 122.9 0.90 -0.00
825 21221.643 93.3 0.92 0.00
826 21226.895 2086.7 0.90 0.00
827 21227.933 1024.0 0.92 0.00
828 21231.874 170.7 0.94 -0.00
829 21234.359 666.7 0.48 -0.00
830 21300.405 2009.3 0.98 0.00
831 21301.761 650.8 0.94 0.00
832 21303.072 555.2 0.78 -0.00
833 21304.992 1012.6 0.82 -0.00
834 21309.116 4109.7 0.79 0.00
835 21316.206 1702.1 0.96 -0.00
836 21318.072 3577.2 0.30 -0.00
837 21319.947 1868.2 0.98 -0.00
838 21321.568 1258.4 0.91 -0.00
839 21351.669 3279.1 1.01 0.00
840 21371.475 819.2 0.84 -0.00
841 21390.508 4041.4 0.84 0.00
842 21397.098 6580.9 0.78 0.00
843 21732.615 43.2 0.92 -0.00
844 21832.958 4082.3 0.66 -0.00
845 21844.873 11659.9 0.68 0.00
846 21853.756 8879.2 0.29 0.00
847 21871.187 93.3 0.92 -0.00
848 21920.594 13828.6 0.90 -0.00
849 21945.243 27955.2 0.85 0.00
850 21991.100 2587.3 0.93 -0.00
851 22020.427 12852.3 0.93 0.00
852 22022.821 514.3 0.91 -0.00
853 22243.841 179.8 0.93 -0.00
854 22250.923 2646.5 0.84 0.00
855 22280.605 257.1 0.91 -0.00
856 22285.720 2623.7 0.88 -0.00
857 22345.768 5934.6 0.51 0.00
858 22390.842 6526.3 0.59 -0.00
859 22400.190 12117.3 0.70 0.00
860 22420.315 7122.5 0.53 -0.00
861 22454.594 5654.8 0.83 0.00
862 22463.541 7668.6 0.65 0.00
863 22470.077 6592.3 0.89 -0.00
864 22470.978 7366.0 0.46 -0.00
865 22471.879 892.0 0.92 -0.00
866 22524.472 8954.3 0.75 0.00
867 22532.564 2257.4 0.83 -0.00
868 22543.814 3879.8 0.78 -0.00
869 22565.031 27955.2 0.70 0.00
870 22621.602 18231.8 0.75 -0.00
871 22643.256 3545.3 0.94 0.00
872 22643.593 316.3 0.93 -0.00
873 22725.804 671.3 0.86 0.00
874 22733.450 1458.6 0.91 0.00
875 22754.858 3543.0 0.97 -0.00
876 22765.171 8883.8 1.02 0.00
877 22807.041 757.8 0.99 0.00
878 22809.198 2066.2 0.71 0.00
879 22811.984 512.0 0.89 0.00
880 22822.479 2409.8 0.83 -0.00
881 22849.339 1165.1 0.72 0.00
882 22853.299 914.8 0.94 -0.00
883 22855.683 1194.7 1.00 0.00
884 22855.893 172.9 1.00 0.00
885 22877.747 1217.4 0.84 -0.00
886 22882.681 1169.6 0.92 0.00
887 22885.238 1087.7 0.89 0.00
888 22890.554 3668.2 0.92 0.00
889 22923.968 17519.5 0.69 0.00
890 22952.467 1046.8 0.88 0.00
891 22968.187 12190.2 0.63 0.00
892 23009.347 4530.6 0.95 -0.00
893 23026.259 5056.3 0.85 -0.00
894 23033.741 1511.0 0.43 -0.00
895 23039.093 2885.4 0.86 0.00
896 23040.094 994.4 0.83 0.00
897 23042.770 1326.6 0.85 -0.00
898 23067.610 1401.7 0.47 -0.00
899 23068.348 723.6 0.96 -0.00
900 23068.948 350.4 0.85 -0.00
901 23071.579 4139.2 0.79 -0.00
902 23078.424 935.3 0.89 -0.00
903 23131.435 6055.3 0.94 -0.00
904 23135.540 1875.1 0.94 0.00
905 23179.404 25110.8 0.86 0.00
906 23210.861 11011.4 0.72 0.00
907 23220.946 3954.9 0.72 0.00
908 23241.545 4965.3 0.83 0.00
909 23243.875 910.2 0.88 -0.00
910 23267.004 11439.2 0.88 0.00
911 23291.798 13287.0 0.66 0.00
912 23294.219 2405.3 0.92 -0.00
913 23301.847 1347.1 0.92 -0.00
914 23302.803 942.1 0.50 -0.00
915 23321.608 4057.3 0.91 0.00
916 23328.444 6828.9 0.66 0.00
917 23395.791 27955.2 0.43 -0.00
918 23492.129 9557.3 0.94 0.00
919 23501.013 2751.1 0.89 -0.00
920 23535.629 8804.1 0.89 -0.00
921 23543.975 8326.3 0.61 -0.00
922 23566.731 27955.2 0.59 0.00
923 23740.747 589.4 1.01 -0.00
924 23743.250 2489.5 0.97 -0.00
925 23749.267 1822.7 1.01 0.00
926 23762.811 2953.7 0.88 -0.00
927 23783.364 3784.2 0.46 0.00
928 23817.907 316.3 1.00 -0.00
929 23818.507 816.9 0.59 -0.00
930 23819.135 700.9 0.95 -0.00
931 23820.246 1656.6 0.91 -0.00
932 23839.561 8838.3 0.65 -0.00
933 23845.313 5741.2 0.94 0.00
934 23846.651 719.1 0.84 0.00
935 23903.413 7140.7 0.78 0.00
936 23914.226 2382.5 0.95 -0.00
937 23938.739 1171.9 0.80 0.00
938 23956.497 2919.5 0.93 -0.00
939 23975.621 3989.0 0.78 -0.00
940 23977.150 1513.2 0.83 0.00
941 23988.528 11250.3 0.86 0.00
942 23999.141 4844.7 0.84 -0.00
943 24090.809 27955.2 0.66 -0.00
944 24190.888 2186.8 0.85 -0.00
945 24216.411 3918.5 0.87 -0.00
946 24347.929 539.3 0.69 0.00
947 24359.170 2712.5 0.86 0.00
948 24377.848 145.6 0.88 -0.00
949 24524.585 7998.6 0.83 0.00
950 24580.081 3533.9 0.98 0.00
951 24583.467 3349.6 0.46 -0.00
952 24588.983 2521.3 0.95 -0.00
953 24592.369 3306.4 0.61 -0.00
954 24619.894 418.7 0.96 0.00
955 24623.144 1606.5 0.92 0.00
956 24633.056 27955.2 0.74 0.00
957 24781.040 21296.9 0.32 -0.00
958 24822.837 25301.9 0.79 -0.00
959 24868.940 5845.9 0.77 0.00
960 24882.958 7748.3 0.76 -0.00
961 24890.039 7061.0 0.86 0.00
962 24909.409 9664.3 0.88 -0.00
963 24917.455 1470.0 0.67 -0.00
964 24961.373 5604.7 0.86 0.00
965 25020.765 5561.5 0.87 -0.00
966 25029.321 1950.2 0.94 0.00
967 25041.209 2434.8 0.89 -0.00
968 25043.057 4180.2 0.91 -0.00
969 25057.638 2057.1 0.93 0.00
970 25070.454 514.3 0.88 0.00
971 25228.014 97.8 0.92 0.00
972 25285.422 19103.3 0.77 -0.00
973 25321.139 13330.2 0.89 -0.00
974 25358.176 5757.2 0.74 -0.00
975 25412.470 7375.1 0.93 0.00
976 25540.948 7702.8 0.56 0.00
977 25568.200 3229.0 0.85 0.00
978 25591.283 4883.3 0.91 0.00
979 25643.913 25347.4 0.37 -0.00
980 25701.939 11737.3 0.71 -0.00
981 25710.231 8947.5 0.41 -0.00
982 25791.359 3513.5 0.77 0.00
983 25814.761 5543.3 0.71 -0.00
984 25822.007 9024.9 0.86 -0.00
985 25845.882 3179.0 0.98 0.00
986 25854.802 3326.9 0.77 -0.00
987 25887.206 4844.7 0.92 -0.00
988 25891.247 823.8 0.77 0.00
989 25895.534 3347.3 0.86 0.00
990 25898.456 2905.9 0.87 0.00
991 25979.612 11427.8 0.86 0.00
992 25984.873 9814.5 0.77 0.00
993 26002.540 8103.3 0.71 0.00
994 26011.469 47.8 0.87 -0.00
995 26017.095 5302.0 0.78 -0.00
996 26198.074 15407.8 0.66 -0.00
997 26210.908 61.4 0.93 -0.00
998 26213.020 1169.6 0.89 -0.00
999 26213.175 955.7 0.89 -0.00
1000 26215.022 79.6 0.96 -0.00
1001 26230.533 4705.8 0.92 0.00
1002 26302.067 12781.8 0.77 0.00
1003 26329.428 8931.6 0.28 -0.00
1004 26347.969 10715.6 0.70 -0.00
1005 26357.090 9960.1 0.48 0.00
1006 26363.962 361.8 0.35 0.00
1007 26368.914 2712.5 1.06 0.00
1008 26371.262 771.4 1.06 0.00
1009 26374.339 1513.2 0.93 -0.00
1010 26403.429 550.7 0.92 -0.00
1011 26419.549 5227.0 0.95 0.00
1012 26433.831 5088.1 0.91 -0.00
1013 26444.972 9646.1 0.69 0.00
1014 26453.837 8842.8 0.87 -0.00
1015 26481.872 1447.3 0.84 -0.00
1016 26628.818 11239.0 0.58 -0.00
1017 26652.421 4075.5 0.99 -0.00
1018 26654.323 1802.2 1.03 -0.00
1019 26655.615 423.3 0.96 0.00
1020 26655.770 132.0 1.07 0.00
1021 26658.328 1187.8 0.97 0.00
1022 26667.011 3470.2 0.62 -0.00
1023 26672.254 1711.2 0.93 -0.00
1024 26673.456 1096.8 0.91 0.00
1025 26676.423 992.1 0.93 0.00
1026 26678.162 1001.2 0.79 0.00
1027 26681.320 5233.8 0.91 -0.00
1028 26696.839 6451.2 0.87 -0.00
1029 26697.604 172.9 0.88 0.00
1030 26746.401 9202.3 0.67 0.00
1031 26754.684 582.5 1.00 -0.00
1032 26851.477 3201.7 0.84 -0.00
1033 26889.497 416.4 0.60 0.00
1034 26889.943 395.9 0.98 -0.00
1035 26890.380 211.6 1.02 0.00
1036 26895.350 603.0 1.04 -0.00
1037 26944.957 8196.6 0.85 -0.00
1038 27030.672 27955.2 0.60 -0.00
1039 27056.250 21642.8 0.74 -0.00
1040 27103.117 3893.5 0.89 -0.00
1041 27104.173 4858.3 0.40 -0.00
1042 27151.732 1720.3 0.81 -0.00
1043 27301.618 2198.2 0.91 -0.00
1044 27306.488 1840.9 0.92 -0.00
1045 27306.670 1779.5 1.00 -0.00
1046 27318.740 3031.0 0.77 0.00
1047 27320.587 364.1 0.91 0.00
1048 27324.975 2152.7 0.95 -0.00
1049 27343.234 2641.9 0.89 -0.00
1050 27354.375 2009.3 0.80 -0.00
1051 27391.275 3153.9 0.84 -0.00
1052 27414.204 27955.2 0.83 0.00
1053 27490.699 27955.2 0.78 -0.00
1054 27527.026 8754.1 0.86 0.00
1055 27527.718 619.0 0.88 0.00
1056 27542.363 17294.2 0.87 -0.00
1057 27551.092 8715.4 0.99 -0.00
1058 27565.701 2393.9 0.90 -0.00
1059 27566.438 725.9 0.85 0.00
1060 27832.769 1460.9 0.88 -0.00
1061 28133.325 4400.9 0.92 -0.00
1062 28137.812 293.5 0.93 0.00
1063 28148.835 1583.8 0.84 0.00
1064 28162.479 1954.7 0.87 0.00
1065 28195.147 27955.2 0.82 -0.00
1066 28220.661 6262.3 0.58 -0.00
1067 28232.257 4225.7 0.62 0.00
1068 28255.304 27955.2 0.43 0.00
1069 28322.141 5934.6 0.81 0.00
1070 28432.770 27318.0 0.51 -0.00
1071 28464.673 13405.3 0.86 -0.00
1072 28495.202 2286.9 0.87 0.00
1073 28561.421 10965.9 0.81 -0.00
1074 28570.368 5650.2 0.88 -0.00
1075 28586.415 22430.2 0.87 -0.00
1076 28602.608 6164.5 0.71 -0.00
1077 28621.777 20400.4 0.35 -0.00
1078 28655.629 12754.5 0.70 -0.00
1079 28694.095 5270.2 0.28 -0.00
1080 28783.260 2667.0 0.73 0.00
1081 28785.936 6330.6 0.88 -0.00
1082 28819.587 11250.3 0.57 -0.00
1083 28867.537 21604.1 0.56 -0.00
1084 28882.902 20687.1 0.34 0.00
1085 28895.217 448.3 0.94 -0.00
1086 28898.640 1697.6 0.88 0.00
1087 28932.336 19936.1 0.74 -0.00
1088 28965.195 23891.1 0.33 0.00
1089 28988.788 6967.8 0.90 -0.00
1090 29047.388 730.5 0.76 0.00
1091 29091.725 7636.8 0.87 -0.00
1092 29103.786 4189.3 0.90 0.00
1093 29114.362 7500.2 0.84 0.00
1094 29121.680 10114.8 0.85 -0.00
1095 29151.263 4528.4 0.95 0.00
1096 29155.659 2537.2 0.88 -0.00
1097 29157.125 109.2 0.91 -0.00
1098 29177.705 21674.7 0.72 -0.00
1099 29202.663 819.2 0.92 0.00
1100 29203.555 803.3 0.91 -0.00
1101 29203.628 72.8 0.97 0.00
1102 29262.310 2487.2 0.91 0.00
1103 29265.933 5208.7 0.86 -0.00
1104 29271.303 7445.6 0.86 -0.00
1105 29344.712 100.1 0.94 0.00
1106 29354.333 3276.8 0.74 0.00
1107 29361.233 1902.4 0.87 -0.00
1108 29411.004 3270.0 0.84 -0.00
1109 29414.299 2660.1 0.97 -0.00
1110 29432.476 6883.6 0.89 0.00
1111 29436.590 3297.3 0.90 -0.00
1112 29449.142 4476.0 0.95 0.00
1113 29457.052 8456.0 0.62 0.00
1114 29470.696 1640.7 0.88 -0.00
1115 29484.131 3074.3 0.87 0.00
1116 29485.879 1654.3 0.89 0.00
1117 29490.757 9646.1 0.69 -0.00
1118 29620.500 5215.6 0.85 0.00
1119 29621.474 914.8 0.77 -0.00
1120 29627.673 6159.9 0.53 -0.00
1121 29633.062 5374.9 0.90 0.00
1122 29659.585 3675.0 0.89 -0.00
1123 29659.722 104.7 0.83 0.00
1124 29677.963 862.4 0.90 -0.00
1125 29709.083 2814.9 0.94 0.00
1126 29744.682 1326.6 0.94 -0.00
1127 29746.020 1488.2 0.50 -0.00
1128 29747.486 1458.6 1.01 0.00
1129 29765.872 22898.9 0.48 -0.00
1130 29776.076 1076.3 0.85 -0.00
1131 29782.684 3056.1 0.91 -0.00
1132 29784.868 1281.1 0.88 0.00
1133 29793.415 4528.4 0.98 0.00
1134 29794.799 930.7 0.90 0.00
1135 29800.251 714.5 0.88 0.00
1136 29816.499 4059.6 0.80 -0.00
1137 29837.670 3791.1 0.82 0.00
1138 29930.386 19763.2 0.83 -0.00
