1 0.950 245.8 1.00 -0.07
2 1.660 168.4 0.99 0.02
3 1.960 136.5 1.05 0.02
4 2.998 161.6 1.01 0.07
5 4.291 136.5 1.00 0.03
6 5.210 225.3 1.02 0.07
7 8.205 84.2 0.95 0.07
8 9.406 122.9 0.90 0.04
9 9.834 234.4 1.03 0.02
10 10.125 191.1 0.96 0.02
11 12.055 88.7 1.09 0.01
12 13.092 93.3 1.01 0.00
13 14.194 88.7 1.04 0.00
14 15.832 147.9 1.03 -0.02
15 16.296 161.6 1.03 -0.02
16 17.361 56.9 1.03 -0.01
17 19.792 145.6 1.02 0.03
18 20.092 118.3 1.02 0.01
19 20.365 84.2 1.01 0.03
20 21.840 107.0 1.04 -0.01
21 22.286 154.7 1.06 0.00
22 22.577 120.6 0.97 -0.00
23 23.323 141.1 1.04 -0.02
24 27.938 172.9 1.04 -0.03
25 29.185 84.2 0.98 -0.05
26 29.331 179.8 0.97 0.07
27 29.768 116.1 0.97 -0.02
28 30.123 95.6 0.96 0.10
29 30.851 172.9 0.95 0.04
30 31.998 168.4 0.94 -0.02
31 34.610 118.3 1.02 -0.02
32 36.021 100.1 1.03 0.03
33 36.904 170.7 0.99 0.02
34 37.222 136.5 1.04 0.07
35 37.586 152.5 0.98 0.01
36 37.705 157.0 1.01 0.09
37 38.251 75.1 0.97 0.08
38 39.798 141.1 0.92 0.01
39 40.827 204.8 1.03 0.00
40 42.019 118.3 0.92 -0.05
41 44.158 154.7 1.03 0.02
42 44.868 145.6 0.99 0.04
43 45.351 282.2 0.97 0.04
44 47.399 79.6 0.98 0.04
45 47.508 50.1 0.97 0.04
46 49.301 152.5 1.03 0.00
47 49.820 209.4 1.00 0.02
48 50.057 154.7 1.00 0.01
49 51.185 177.5 1.01 0.04
50 51.859 91.0 1.00 0.01
51 52.687 70.5 1.00 0.00
52 53.224 102.4 0.98 0.02
53 53.752 172.9 0.99 0.01
54 54.216 104.7 1.01 0.03
55 54.771 145.6 1.04 0.02
56 55.791 122.9 0.99 0.02
57 55.955 100.1 1.04 0.02
58 56.018 56.9 0.99 -0.01
59 56.401 136.5 1.02 0.00
60 57.502 109.2 1.00 -0.03
61 57.666 102.4 1.03 -0.03
62 61.016 223.0 1.03 0.07
63 61.316 218.5 1.04 0.06
64 63.209 172.9 1.01 0.03
65 63.491 118.3 0.97 0.01
66 63.746 109.2 0.99 0.01
67 63.910 113.8 1.00 0.01
68 64.074 118.3 0.97 -0.05
69 65.421 318.6 0.95 0.02
70 67.788 122.9 0.94 -0.02
71 69.881 122.9 0.97 -0.15
72 70.755 172.9 1.02 -0.10
73 71.292 141.1 1.02 -0.11
74 72.102 127.4 1.02 -0.07
75 72.330 172.9 1.03 -0.07
76 72.839 84.2 1.03 0.01
77 73.340 127.4 0.97 -0.04
78 74.578 373.2 0.96 -0.05
79 75.470 229.8 0.90 -0.11
80 79.384 168.4 1.05 0.06
81 80.085 97.8 1.01 0.08
82 80.185 84.2 1.09 0.08
83 80.777 91.0 0.97 0.08
84 82.870 109.2 1.12 -0.07
85 84.090 179.8 1.13 -0.06
86 84.627 209.4 1.12 -0.00
87 88.095 184.3 1.02 0.01
88 89.742 172.9 1.01 -0.01
89 89.997 209.4 1.07 -0.04
90 90.288 54.6 1.06 -0.06
91 90.552 220.7 1.02 -0.06
92 91.007 145.6 1.05 -0.02
93 91.581 150.2 1.04 -0.07
94 91.845 243.5 1.04 0.00
95 93.210 143.4 1.00 -0.02
96 96.705 109.2 0.96 -0.06
97 96.878 109.2 0.97 -0.06
98 97.333 54.6 0.95 -0.06
99 98.317 145.6 0.95 0.09
100 103.714 118.3 0.97 0.03
101 104.187 127.4 0.96 0.07
102 105.489 113.8 1.04 0.07
103 106.554 102.4 1.06 0.05
104 108.593 172.9 1.06 0.09
105 109.585 109.2 1.04 0.05
106 111.278 93.3 1.08 0.07
107 111.706 191.1 1.04 0.06
108 113.772 177.5 1.00 0.04
109 116.530 145.6 0.97 -0.01
110 116.812 113.8 0.97 -0.07
111 118.633 157.0 0.97 -0.01
112 119.734 81.9 0.98 0.01
113 120.399 95.6 0.98 -0.00
114 120.499 132.0 0.95 -0.00
115 120.826 61.4 0.93 -0.01
116 121.190 191.1 0.94 0.00
117 121.636 314.0 0.93 0.02
118 122.874 145.6 0.93 0.01
119 123.712 179.8 0.96 -0.10
120 125.487 136.5 0.92 -0.03
121 127.043 127.4 0.95 -0.06
122 127.216 122.9 0.85 -0.06
123 127.580 195.7 0.95 -0.05
124 130.921 109.2 0.86 -0.07
125 131.967 118.3 0.98 0.05
126 134.971 163.8 0.98 0.01
127 136.346 154.7 0.93 0.06
128 137.374 207.1 0.93 0.04
129 139.131 109.2 0.95 -0.03
130 140.869 111.5 1.05 -0.04
131 141.388 209.4 0.91 -0.06
132 141.934 145.6 0.90 -0.06
133 144.301 125.2 0.89 -0.08
134 146.504 125.2 0.93 -0.06
135 147.050 238.9 1.08 0.03
136 148.433 204.8 1.05 0.01
137 149.080 152.5 0.99 0.00
138 149.553 109.2 1.00 0.02
139 150.181 88.7 0.98 0.03
140 153.603 118.3 0.92 -0.06
141 153.958 136.5 0.92 -0.03
142 155.260 218.5 0.91 -0.02
143 156.389 163.8 0.91 0.03
144 157.699 172.9 1.03 0.02
145 158.155 95.6 1.02 0.00
146 159.083 227.6 1.06 0.03
147 159.383 95.6 1.06 0.03
148 159.675 141.1 1.08 0.05
149 160.039 141.1 1.06 0.05
150 162.223 182.0 1.05 0.06
151 162.788 207.1 1.00 0.06
152 163.407 184.3 1.06 0.07
153 165.373 113.8 1.02 0.06
154 166.893 100.1 0.85 -0.00
155 167.421 109.2 1.06 0.04
156 168.695 143.4 1.07 0.03
157 172.227 127.4 0.82 0.08
158 172.409 163.8 0.94 0.04
159 173.455 157.0 0.95 0.04
160 174.393 154.7 0.98 0.07
161 174.721 113.8 0.99 0.12
162 174.830 79.6 1.01 0.12
163 175.958 136.5 0.99 0.12
164 177.551 163.8 0.97 0.06
165 177.970 172.9 0.98 0.07
166 179.963 191.1 0.99 0.03
167 183.213 118.3 0.95 0.07
168 183.495 200.2 0.91 0.07
169 185.616 209.4 1.04 0.09
170 185.807 168.4 0.87 0.09
171 186.353 95.6 0.99 0.20
172 187.746 191.1 0.89 0.13
173 188.538 136.5 0.89 0.16
174 189.020 118.3 0.89 0.13
175 189.630 177.5 0.93 0.15
176 189.794 107.0 0.94 0.15
177 190.249 109.2 0.95 0.07
178 191.177 125.2 0.93 0.02
179 192.952 145.6 0.87 -0.08
180 194.664 118.3 0.87 0.09
181 196.065 84.2 0.82 0.13
182 198.004 163.8 0.94 0.06
183 198.841 66.0 0.89 0.09
184 198.951 75.1 0.94 0.07
185 199.406 186.6 0.94 0.08
186 200.307 59.2 0.91 0.01
187 201.190 188.9 0.82 0.02
188 202.309 232.1 0.81 -0.01
189 202.774 154.7 0.91 0.01
190 203.038 204.8 0.80 0.01
191 206.979 141.1 0.80 -0.05
192 208.417 266.2 0.78 0.01
193 211.821 81.9 0.81 -0.02
194 212.131 257.1 0.85 -0.05
195 215.171 70.5 0.96 0.02
196 216.172 118.3 0.99 -0.00
197 217.110 172.9 0.89 -0.01
198 217.374 125.2 0.83 -0.01
199 220.659 391.4 0.86 0.07
200 221.187 154.7 0.93 0.08
201 221.406 141.1 0.89 0.03
202 223.709 104.7 0.88 0.01
203 223.900 207.1 0.86 -0.01
204 224.537 161.6 0.92 0.01
205 224.792 109.2 0.93 0.01
206 226.084 218.5 0.89 0.05
207 226.822 268.5 0.88 0.08
208 230.526 229.8 0.95 0.04
209 230.799 202.5 0.94 0.02
210 231.673 61.4 0.97 0.02
211 231.919 177.5 0.98 0.01
212 232.893 122.9 0.97 0.01
213 234.540 264.0 1.00 0.03
214 234.932 86.5 0.97 0.05
215 239.410 159.3 1.07 0.08
216 239.947 161.6 0.98 0.08
217 240.311 118.3 1.15 0.05
218 240.521 132.0 0.97 0.05
219 242.350 145.6 1.05 0.05
220 242.842 245.8 1.06 0.06
221 244.307 132.0 1.09 0.10
222 245.955 248.0 1.06 0.07
223 246.109 31.9 1.03 0.06
224 248.312 66.0 1.03 0.06
225 249.450 154.7 1.01 0.05
226 249.914 59.2 1.01 0.03
227 251.416 75.1 1.00 0.08
228 252.918 177.5 1.05 0.03
229 254.201 95.6 0.95 -0.07
230 254.356 127.4 0.99 -0.07
231 255.767 289.0 1.00 -0.05
232 256.276 172.9 0.99 -0.05
233 256.959 81.9 0.92 -0.03
234 258.452 163.8 0.96 0.02
235 258.679 59.2 0.96 0.02
236 260.099 170.7 0.99 0.01
237 261.219 100.1 0.98 -0.00
238 261.419 157.0 0.98 0.00
239 261.874 145.6 0.97 -0.02
240 264.651 136.5 1.04 0.02
241 265.060 200.2 1.05 0.01
242 265.306 218.5 1.03 0.01
243 267.281 145.6 1.04 0.04
244 268.046 129.7 1.02 0.02
245 268.974 134.3 1.00 0.05
246 269.147 141.1 1.01 0.05
247 269.593 147.9 0.99 0.03
248 270.622 72.8 1.01 0.03
249 271.541 132.0 0.97 0.05
250 271.969 132.0 0.98 0.05
251 272.096 84.2 0.96 0.05
252 272.988 77.4 1.00 0.10
253 273.552 118.3 0.99 0.05
254 274.153 141.1 1.00 0.00
255 274.381 154.7 0.97 -0.00
256 276.629 166.1 1.00 0.10
257 276.866 127.4 1.00 0.10
258 276.966 81.9 1.01 0.11
259 282.008 179.8 1.06 -0.01
260 282.454 161.6 1.07 -0.01
261 283.101 163.8 1.08 0.00
262 283.965 268.5 1.08 0.00
263 284.257 41.0 1.07 0.00
264 284.803 95.6 1.03 0.02
265 286.632 134.3 1.01 0.09
266 289.126 177.5 1.04 0.09
267 289.809 179.8 1.03 0.09
268 290.073 127.4 1.05 0.06
269 291.065 154.7 1.04 0.05
270 291.393 145.6 1.02 0.06
271 293.323 175.2 1.00 0.06
272 293.495 93.3 1.02 0.06
273 294.114 93.3 1.02 0.04
274 294.287 109.2 1.02 0.04
275 294.679 172.9 1.02 0.04
276 295.953 186.6 0.97 0.03
277 296.244 213.9 0.98 0.02
278 299.749 273.1 1.04 0.06
279 300.377 161.6 1.03 0.03
280 301.515 152.5 1.06 0.07
281 301.769 118.3 1.04 0.06
282 303.062 141.1 1.05 0.06
283 303.208 97.8 1.06 0.03
284 304.072 109.2 1.07 0.05
285 304.901 109.2 1.03 0.01
286 305.920 118.3 1.01 0.04
287 306.503 75.1 0.99 0.03
288 307.422 109.2 0.97 0.04
289 307.649 154.7 1.02 0.02
290 309.716 136.5 1.06 0.03
291 310.098 136.5 1.04 0.06
292 311.117 254.9 1.01 0.09
293 311.454 41.0 1.04 0.10
294 312.556 134.3 1.04 0.05
295 312.810 150.2 0.94 0.05
296 313.311 159.3 1.00 0.06
297 314.376 79.6 0.98 0.02
298 314.440 95.6 0.98 0.02
299 315.141 136.5 1.01 0.04
300 316.779 177.5 1.05 0.01
301 317.216 200.2 1.03 0.02
302 317.398 38.7 0.97 0.08
303 318.181 218.5 1.02 0.04
304 319.491 218.5 1.01 0.09
305 320.256 136.5 1.05 0.08
306 320.738 225.3 1.04 0.09
307 321.430 141.1 1.04 0.09
308 323.487 172.9 1.03 0.10
309 324.507 191.1 1.06 0.06
310 324.916 223.0 1.05 0.11
311 326.072 104.7 1.02 0.11
312 326.837 97.8 0.98 0.07
313 327.656 172.9 1.00 0.03
314 327.893 216.2 0.99 0.03
315 328.102 68.3 1.00 0.04
316 328.621 163.8 0.98 0.01
317 329.832 127.4 0.98 0.03
318 331.579 254.9 0.95 -0.02
319 332.380 277.6 0.96 0.00
320 333.436 138.8 0.97 -0.01
321 337.587 152.5 0.93 -0.08
322 337.778 122.9 1.00 0.04
323 340.654 120.6 0.95 -0.02
324 340.818 118.3 0.91 0.03
325 341.874 191.1 1.00 -0.12
326 343.157 145.6 0.95 0.07
327 343.685 91.0 0.99 0.00
328 343.949 127.4 0.97 -0.05
329 344.759 113.8 0.85 0.07
330 344.950 104.7 0.94 0.05
331 345.287 100.1 0.94 -0.08
332 345.451 66.0 0.91 -0.00
333 346.443 86.5 0.95 -0.01
334 346.561 52.3 0.94 0.01
335 347.444 102.4 0.94 0.01
336 347.608 107.0 0.93 -0.01
337 347.972 129.7 0.89 0.02
338 349.938 200.2 0.95 0.14
339 350.284 209.4 0.86 -0.04
340 350.748 72.8 0.89 0.19
341 352.096 213.9 0.96 0.12
342 352.869 186.6 0.96 0.08
343 353.525 273.1 0.94 0.09
344 354.171 172.9 0.92 0.08
345 355.454 229.8 0.89 0.00
346 356.046 161.6 0.91 0.00
347 358.176 179.8 0.88 0.00
348 358.922 179.8 0.86 -0.07
349 359.751 145.6 0.92 0.04
350 361.016 63.7 0.96 0.05
351 361.671 241.2 0.94 0.04
352 361.926 186.6 0.94 0.04
353 363.746 104.7 0.86 -0.00
354 363.992 136.5 0.87 -0.06
355 365.640 166.1 0.87 0.04
356 367.251 120.6 0.92 -0.06
357 367.515 145.6 0.86 -0.06
358 368.625 88.7 0.91 -0.09
359 371.183 79.6 0.82 -0.08
360 372.029 147.9 0.83 -0.05
361 372.130 122.9 0.82 -0.05
362 372.630 157.0 0.79 -0.01
363 373.140 147.9 0.81 0.00
364 373.732 56.9 0.84 0.05
365 373.941 118.3 0.84 0.06
366 376.981 245.8 0.92 -0.07
367 378.856 264.0 0.84 -0.03
368 381.778 75.1 0.81 -0.02
369 381.924 145.6 0.81 0.03
370 382.242 47.8 0.82 -0.01
371 383.198 127.4 0.82 -0.07
372 383.817 109.2 0.81 0.07
373 384.035 100.1 0.77 0.05
374 385.401 125.2 0.78 0.06
375 386.211 245.8 0.79 -0.05
376 387.685 161.6 0.74 -0.10
377 388.595 182.0 0.75 -0.05
378 389.515 282.2 0.73 -0.08
379 389.833 154.7 0.73 -0.01
380 390.279 182.0 0.80 -0.02
381 391.872 282.2 0.77 -0.09
382 392.127 182.0 0.83 -0.07
383 392.409 113.8 0.81 -0.06
384 392.965 168.4 0.80 -0.08
385 393.256 191.1 0.78 -0.09
386 394.020 250.3 0.84 -0.06
387 395.895 218.5 0.84 -0.07
388 396.169 200.2 0.83 -0.01
389 397.907 145.6 0.80 -0.04
390 398.899 273.1 0.78 -0.02
391 399.172 218.5 0.77 -0.02
392 400.055 232.1 0.78 0.05
393 400.683 202.5 0.76 0.04
394 402.167 95.6 0.78 0.01
395 402.695 113.8 0.77 0.02
396 403.286 129.7 0.83 -0.02
397 405.517 177.5 0.86 -0.04
398 408.247 154.7 0.94 -0.00
399 408.875 245.8 0.94 -0.00
400 409.121 207.1 0.97 -0.03
401 409.476 259.4 0.93 -0.00
402 410.113 259.4 0.92 0.01
403 411.315 127.4 0.93 0.04
404 411.970 200.2 1.04 -0.09
405 412.525 100.1 0.99 -0.10
406 414.318 250.3 0.87 -0.05
407 415.920 188.9 0.89 0.01
408 416.439 127.4 0.94 0.13
409 416.949 209.4 0.77 -0.11
410 417.786 91.0 0.83 -0.08
411 418.068 172.9 0.94 0.02
412 418.879 118.3 0.81 -0.07
413 419.179 188.9 0.85 -0.07
414 420.126 200.2 0.86 -0.03
415 420.326 136.5 0.85 -0.01
416 424.768 100.1 0.76 -0.01
417 425.268 184.3 0.80 0.09
418 425.632 232.1 0.76 0.04
419 426.306 154.7 0.76 0.08
420 430.193 145.6 0.75 0.02
421 430.602 186.6 0.74 0.04
422 431.949 168.4 0.88 0.05
423 432.259 125.2 0.85 0.02
424 432.987 309.5 0.88 0.06
425 433.296 145.6 0.87 0.05
426 433.788 91.0 0.87 0.03
427 434.107 182.0 0.88 0.06
428 435.035 132.0 0.86 0.03
429 436.737 118.3 0.86 0.02
430 437.238 200.2 0.81 0.04
431 437.902 273.1 0.88 0.04
432 438.193 50.1 0.90 0.03
433 439.404 109.2 0.88 0.02
434 440.105 116.1 0.86 -0.01
435 440.333 145.6 0.95 -0.11
436 440.924 127.4 0.82 -0.00
437 441.971 127.4 0.96 -0.12
438 442.171 163.8 0.69 0.09
439 443.445 195.7 0.78 -0.02
440 443.637 127.4 0.77 -0.02
441 445.994 145.6 0.85 -0.17
442 449.626 266.2 0.83 0.06
443 449.908 145.6 0.83 0.04
444 454.113 241.2 0.80 -0.00
445 455.169 150.2 0.79 0.02
446 456.298 118.3 0.79 0.02
447 457.053 100.1 0.78 0.02
448 457.690 147.9 0.80 0.10
449 459.028 145.6 0.86 -0.05
450 460.048 122.9 0.83 -0.00
451 460.367 191.1 0.75 -0.00
452 460.749 127.4 0.81 0.10
453 461.268 168.4 0.77 0.05
454 462.223 154.7 0.81 -0.02
455 462.760 163.8 0.75 0.05
456 465.901 136.5 0.79 0.04
457 466.347 163.8 0.79 0.03
458 466.547 127.4 0.78 0.02
459 467.430 93.3 0.82 -0.01
460 467.539 52.3 0.77 -0.02
461 471.981 102.4 0.71 0.03
462 472.482 213.9 0.71 0.04
463 472.718 191.1 0.69 0.04
464 473.273 195.7 0.72 0.02
465 474.875 188.9 0.73 -0.09
466 475.276 157.0 0.70 -0.04
467 475.513 118.3 0.77 -0.04
468 476.514 157.0 0.79 -0.11
469 477.096 100.1 0.71 -0.04
470 479.545 264.0 0.79 -0.00
471 479.763 127.4 0.82 0.03
472 480.346 100.1 0.81 -0.01
473 481.438 150.2 0.78 0.03
474 482.712 143.4 0.82 0.07
475 483.750 93.3 0.77 0.02
476 484.050 163.8 0.90 0.09
477 485.288 209.4 0.84 0.12
478 486.481 102.4 0.93 0.06
479 486.945 170.7 0.93 0.09
480 487.646 100.1 0.91 0.19
481 488.574 268.5 0.97 0.11
482 489.894 93.3 0.90 0.12
483 490.668 259.4 0.97 0.06
484 492.616 191.1 0.85 -0.04
485 492.889 191.1 0.90 -0.03
486 493.662 254.9 0.90 -0.03
487 494.655 145.6 0.88 0.02
488 495.902 163.8 0.87 -0.00
489 496.876 177.5 0.87 0.02
490 498.086 154.7 0.85 0.03
491 498.286 118.3 0.87 0.04
492 498.532 264.0 0.89 0.06
493 499.697 150.2 0.86 0.11
494 499.952 100.1 0.82 0.14
495 501.581 227.6 0.80 0.12
496 501.964 218.5 0.84 0.09
497 503.957 134.3 0.81 0.09
498 504.394 136.5 0.83 0.09
499 505.577 154.7 0.90 0.07
500 506.569 118.3 0.86 0.01
501 509.755 104.7 0.70 -0.03
502 510.492 118.3 0.75 -0.02
503 510.866 88.7 0.74 -0.05
504 512.613 104.7 0.76 -0.02
505 512.950 127.4 0.77 -0.03
506 515.917 136.5 0.90 0.05
507 516.800 127.4 0.85 0.03
508 517.456 182.0 0.91 0.02
509 517.701 200.2 0.92 0.01
510 518.630 136.5 0.93 0.05
511 520.487 129.7 0.98 0.08
512 520.833 163.8 1.00 0.11
513 522.152 91.0 0.99 0.09
514 522.262 75.1 0.98 0.09
515 522.835 154.7 0.97 0.10
516 523.163 109.2 0.96 0.06
517 524.983 161.6 0.95 -0.01
518 529.380 127.4 1.07 0.11
519 533.102 154.7 0.86 0.10
520 533.321 150.2 0.82 0.10
521 534.641 213.9 0.84 0.07
522 534.950 120.6 0.83 0.03
523 535.660 191.1 0.81 0.01
524 537.289 86.5 0.98 0.07
525 538.637 227.6 0.98 0.05
526 541.522 163.8 0.91 0.04
527 541.795 111.5 0.95 0.06
528 542.696 186.6 0.95 0.08
529 543.006 127.4 0.90 -0.00
530 543.652 127.4 0.93 0.06
531 544.972 411.9 0.98 0.01
532 545.936 136.5 0.99 -0.01
533 547.484 127.4 0.96 -0.01
534 549.186 218.5 0.98 0.14
535 549.532 109.2 1.01 0.16
536 550.105 184.3 0.93 0.10
537 550.296 109.2 0.99 0.13
538 551.061 252.6 0.94 0.14
539 551.480 182.0 0.94 0.06
540 555.011 209.4 0.88 0.07
541 556.714 63.7 0.92 0.01
542 557.606 163.8 0.94 0.03
543 561.510 191.1 0.87 -0.07
544 561.975 61.4 0.85 -0.07
545 562.493 143.4 0.84 -0.10
546 564.541 113.8 0.84 -0.03
547 564.696 179.8 0.84 -0.05
548 565.124 218.5 0.86 -0.04
549 565.788 154.7 0.86 -0.06
550 568.747 300.4 0.86 -0.21
551 570.531 198.0 0.85 -0.04
552 571.295 254.9 0.83 -0.06
553 572.670 175.2 0.82 -0.12
554 573.207 200.2 0.81 -0.14
555 574.608 145.6 0.90 -0.14
556 575.118 159.3 0.84 -0.15
557 576.866 218.5 0.87 -0.10
558 577.175 209.4 0.87 -0.10
559 578.950 127.4 0.94 -0.07
560 579.333 145.6 0.92 -0.06
561 579.933 59.2 0.98 -0.10
562 582.100 113.8 0.88 -0.00
563 582.618 113.8 0.87 -0.06
564 583.356 136.5 0.82 0.00
565 583.638 100.1 0.79 0.04
566 583.884 218.5 0.81 -0.10
567 584.812 127.4 0.80 -0.07
568 586.205 163.8 0.78 -0.02
569 587.115 127.4 0.85 -0.04
570 590.619 136.5 1.00 0.08
571 591.957 134.3 0.95 0.09
572 592.649 143.4 0.81 0.04
573 592.913 86.5 1.02 0.06
574 594.961 86.5 1.04 -0.02
575 595.999 172.9 1.03 -0.04
576 600.568 118.3 0.96 0.03
577 601.451 145.6 1.06 0.03
578 601.760 132.0 0.97 0.01
579 604.109 254.9 1.00 0.09
580 604.919 195.7 0.98 0.05
581 606.912 93.3 1.10 0.10
582 607.304 232.1 1.07 0.10
583 607.522 170.7 1.07 0.10
584 608.159 113.8 1.09 0.07
585 608.751 147.9 1.07 0.04
586 609.670 122.9 1.02 0.02
587 609.889 134.3 1.00 0.02
588 610.599 127.4 1.04 -0.00
589 610.872 145.6 1.02 -0.00
590 611.709 191.1 0.99 0.05
591 612.565 207.1 0.98 0.03
592 613.839 100.1 0.98 -0.04
593 615.013 172.9 0.94 -0.07
594 615.368 72.8 0.99 -0.01
595 615.578 136.5 1.00 0.01
596 616.715 177.5 0.99 -0.07
597 617.644 172.9 0.99 -0.09
598 618.436 236.7 1.01 -0.07
599 619.501 132.0 1.00 -0.05
600 620.165 318.6 1.00 -0.05
601 620.884 172.9 0.95 -0.06
602 622.777 129.7 0.91 0.19
603 623.060 52.3 0.94 0.20
604 623.369 111.5 0.96 0.19
605 624.024 86.5 0.92 0.25
606 624.389 136.5 0.92 0.13
607 624.653 154.7 0.96 0.12
608 627.474 191.1 0.92 0.18
609 628.202 118.3 0.97 0.18
610 629.449 227.6 0.99 0.10
611 631.479 172.9 0.99 0.15
612 631.861 264.0 0.99 0.06
613 633.919 61.4 0.95 0.05
614 634.401 168.4 1.01 0.08
615 634.674 77.4 1.04 0.08
616 636.130 138.8 1.09 0.01
617 638.670 364.1 0.88 0.01
618 639.762 318.6 1.09 -0.05
619 640.245 150.2 1.06 -0.05
620 641.856 72.8 1.07 0.03
621 642.802 100.1 1.00 -0.05
622 643.112 129.7 0.99 -0.01
623 643.248 52.3 0.99 -0.04
624 643.731 70.5 0.98 -0.07
625 643.895 91.0 0.97 -0.09
626 645.342 159.3 0.88 0.08
627 646.225 245.8 0.97 0.10
628 647.235 141.1 0.98 0.14
629 648.837 136.5 0.97 0.13
630 649.274 122.9 0.92 0.13
631 649.729 191.1 0.97 0.13
632 650.585 145.6 0.97 0.04
633 651.104 154.7 0.93 0.16
634 653.152 172.9 0.94 -0.05
635 653.479 177.5 0.78 0.01
636 654.298 159.3 0.86 -0.01
637 654.690 138.8 1.03 -0.04
638 656.146 150.2 1.02 0.04
639 656.701 118.3 0.90 -0.07
640 658.404 218.5 0.91 0.07
641 658.777 150.2 0.84 0.04
642 659.013 141.1 0.96 0.04
643 660.779 223.0 0.89 0.08
644 666.978 232.1 0.88 -0.00
645 669.035 109.2 0.74 0.07
646 669.135 86.5 0.89 0.07
647 670.000 227.6 0.84 0.05
648 671.292 198.0 0.79 0.06
649 672.649 59.2 0.88 -0.02
650 673.468 93.3 0.99 -0.00
651 673.950 154.7 1.03 -0.01
652 675.079 198.0 1.04 -0.01
653 676.025 100.1 1.04 0.03
654 676.408 204.8 1.07 0.02
655 676.735 209.4 1.05 0.02
656 677.518 266.2 1.04 0.04
657 678.638 86.5 0.99 0.01
658 681.205 118.3 1.00 0.12
659 681.378 113.8 0.99 0.12
660 682.124 81.9 1.00 0.12
661 684.154 147.9 0.86 0.11
662 684.891 195.7 0.84 0.11
663 685.619 145.6 0.89 0.10
664 686.366 314.0 0.88 0.18
665 687.567 120.6 0.99 0.21
666 690.006 273.1 0.97 0.12
667 692.337 86.5 1.01 0.11
668 692.828 195.7 1.01 0.07
669 693.129 150.2 0.99 0.08
670 694.685 200.2 0.95 0.10
671 695.086 200.2 0.94 0.15
672 695.313 186.6 0.91 0.06
673 695.978 95.6 0.96 0.09
674 696.196 136.5 0.95 0.09
675 696.651 163.8 1.02 0.06
676 698.617 204.8 1.01 -0.02
677 698.881 31.9 0.97 -0.03
678 700.793 182.0 1.05 0.01
679 701.812 81.9 1.04 0.01
680 704.069 118.3 1.08 0.05
681 705.753 147.9 0.98 0.02
682 706.736 302.6 1.10 0.09
683 706.964 220.7 1.08 0.09
684 707.301 182.0 1.07 0.04
685 707.719 86.5 1.07 0.04
686 708.894 100.1 0.83 0.10
687 711.196 298.1 0.91 0.01
688 712.625 109.2 0.95 0.04
689 714.883 182.0 0.95 0.05
690 715.265 245.8 0.93 0.06
691 716.130 77.4 0.92 0.07
692 717.304 109.2 0.86 0.03
693 718.642 136.5 0.94 0.01
694 718.952 177.5 0.94 0.00
695 719.388 202.5 0.92 -0.01
696 720.736 132.0 0.90 -0.02
697 722.210 220.7 0.89 -0.02
698 722.483 159.3 0.89 -0.02
699 722.957 200.2 0.89 -0.06
700 724.549 282.2 0.94 -0.06
701 724.886 223.0 0.93 -0.05
702 727.280 282.2 0.94 0.01
703 727.471 79.6 0.98 0.04
704 727.817 257.1 0.96 0.01
705 728.363 122.9 0.98 0.06
706 729.756 182.0 0.95 0.03
707 730.211 118.3 0.97 0.02
708 732.104 100.1 0.91 -0.03
709 732.923 191.1 0.93 0.00
710 733.861 134.3 0.95 -0.01
711 734.398 120.6 0.93 0.02
712 736.009 136.5 0.94 -0.02
713 736.847 100.1 0.97 -0.01
714 738.057 168.4 0.95 -0.03
715 738.448 127.4 0.94 -0.03
716 738.904 177.5 0.96 -0.05
717 739.077 120.6 0.95 -0.01
718 740.442 118.3 0.96 -0.01
719 740.906 109.2 0.95 -0.00
720 741.853 122.9 0.90 -0.04
721 741.962 97.8 0.90 -0.04
722 742.408 145.6 0.87 -0.01
723 743.382 200.2 0.93 0.02
724 743.682 216.2 0.92 0.02
725 744.501 254.9 0.93 0.02
726 745.139 127.4 0.94 0.07
727 747.396 127.4 0.93 0.01
728 748.206 132.0 0.91 -0.01
729 749.125 179.8 0.89 0.01
730 751.337 186.6 0.83 0.07
731 751.683 136.5 0.97 0.07
732 752.602 186.6 0.91 0.09
733 753.194 77.4 0.91 -0.03
734 756.835 188.9 0.89 0.00
735 757.454 223.0 0.94 0.05
736 757.672 100.1 0.85 0.03
737 757.891 150.2 0.98 0.06
738 759.111 100.1 0.96 0.07
739 760.649 54.6 0.93 0.02
740 761.495 159.3 0.92 0.04
741 764.108 141.1 0.88 0.02
742 765.209 141.1 0.85 0.03
743 766.984 200.2 0.86 0.01
744 767.421 159.3 0.84 0.01
745 767.921 170.7 0.84 -0.00
746 768.204 186.6 0.86 -0.02
747 768.486 166.1 0.90 -0.02
748 769.241 104.7 0.86 -0.05
749 769.542 118.3 0.88 -0.02
750 769.696 84.2 0.88 -0.05
751 770.106 195.7 0.89 -0.06
752 770.388 127.4 0.88 -0.02
753 771.399 118.3 0.88 -0.04
754 772.545 122.9 0.91 -0.02
755 772.873 200.2 0.89 -0.01
756 775.285 125.2 1.03 0.01
757 776.032 132.0 1.07 -0.02
758 777.843 70.5 1.01 0.04
759 778.016 61.4 1.00 0.04
760 778.862 95.6 1.10 0.00
761 779.372 182.0 1.03 0.06
762 779.609 72.8 1.07 -0.02
763 781.393 109.2 0.91 -0.03
764 784.488 91.0 1.08 0.02
765 785.079 54.6 1.06 0.03
766 785.161 86.5 1.06 0.01
767 786.363 227.6 0.99 -0.03
768 787.218 143.4 1.03 0.01
769 788.702 129.7 1.05 0.05
770 791.250 159.3 0.99 0.06
771 792.406 109.2 0.97 0.06
772 793.617 81.9 0.97 0.05
773 794.063 91.0 0.99 0.04
774 794.218 100.1 0.98 0.02
775 794.728 81.9 1.01 0.03
776 794.910 177.5 0.99 0.03
777 795.073 109.2 0.99 0.01
778 795.337 172.9 0.99 0.03
779 795.865 186.6 0.99 0.04
780 796.229 170.7 0.98 0.04
781 797.158 138.8 1.08 0.06
782 797.995 150.2 1.07 0.03
783 798.159 141.1 1.08 0.03
784 800.216 109.2 1.01 -0.02
785 801.445 104.7 0.98 -0.02
786 804.849 97.8 0.97 -0.00
787 805.186 95.6 0.98 0.00
788 808.190 95.6 0.91 -0.03
789 809.255 109.2 0.96 -0.00
790 810.010 125.2 0.94 0.02
791 810.620 136.5 0.91 0.02
792 810.929 100.1 0.90 0.02
793 811.230 191.1 0.95 -0.00
794 812.158 277.6 0.93 0.06
795 812.477 188.9 0.96 0.06
796 813.232 198.0 0.93 0.12
797 816.910 145.6 1.01 0.08
798 817.428 81.9 0.97 0.04
799 819.012 129.7 0.89 -0.05
800 820.132 154.7 0.91 0.12
801 821.333 186.6 1.04 0.12
802 821.761 154.7 0.98 0.10
803 822.562 259.4 0.83 0.13
804 823.208 182.0 0.85 0.11
805 826.012 209.4 1.10 0.00
806 826.349 257.1 1.00 0.00
807 827.432 207.1 0.95 0.12
808 827.659 100.1 0.97 0.09
809 828.506 177.5 0.94 0.07
810 828.642 88.7 0.97 0.05
811 830.463 120.6 0.92 0.02
812 830.672 179.8 0.94 0.03
813 831.409 188.9 0.96 -0.02
814 834.887 188.9 0.87 0.04
815 835.396 104.7 0.90 0.08
816 835.533 132.0 0.97 0.08
817 836.143 172.9 0.97 0.10
818 837.144 182.0 0.93 0.11
819 837.836 245.8 0.97 0.11
820 838.910 172.9 0.96 0.10
821 839.811 120.6 0.95 0.09
822 839.947 107.0 0.96 0.08
823 841.040 127.4 0.96 0.09
824 841.804 50.1 0.96 0.08
825 842.387 136.5 0.90 0.09
826 844.071 113.8 0.95 0.02
827 844.362 177.5 0.97 0.04
828 845.336 127.4 0.89 -0.01
829 846.301 225.3 0.85 0.03
830 846.565 141.1 0.98 0.07
831 847.530 136.5 0.96 0.08
832 848.494 273.1 0.97 0.08
833 849.550 109.2 0.98 0.10
834 849.905 147.9 0.97 0.12
835 850.479 113.8 0.97 0.12
836 852.609 138.8 1.02 0.07
837 853.319 186.6 1.00 0.06
838 853.737 118.3 0.97 0.05
839 854.538 127.4 0.95 0.04
840 855.348 136.5 0.91 0.03
841 856.559 95.6 0.96 0.02
842 856.668 52.3 0.92 0.03
843 856.941 132.0 0.96 0.07
844 857.815 145.6 0.84 0.02
845 858.862 177.5 0.88 -0.02
846 860.482 141.1 0.92 0.00
847 861.065 145.6 0.92 0.04
848 861.620 118.3 0.96 0.02
849 861.784 109.2 0.93 0.00
850 862.930 100.1 0.93 -0.00
851 863.113 136.5 0.95 -0.02
852 865.688 200.2 0.88 -0.02
853 866.344 195.7 0.88 -0.01
854 866.890 84.2 0.92 -0.03
855 868.993 182.0 0.97 0.01
856 870.003 170.7 0.97 -0.00
857 873.307 232.1 0.93 0.11
858 873.571 127.4 0.90 0.07
859 873.935 227.6 0.90 0.01
860 874.709 218.5 0.86 -0.02
861 876.229 177.5 0.89 0.03
862 876.930 111.5 0.92 0.06
863 877.266 163.8 0.92 0.07
864 877.476 88.7 0.94 0.06
865 879.151 152.5 0.92 0.08
866 879.378 143.4 0.96 0.04
867 879.924 91.0 0.93 0.05
868 880.589 109.2 0.99 0.04
869 881.736 118.3 0.82 0.08
870 882.983 289.0 0.86 0.03
871 883.238 75.1 0.87 -0.01
872 883.301 88.7 0.86 -0.01
873 883.975 104.7 0.77 0.12
874 884.130 163.8 0.88 0.00
875 884.912 100.1 0.86 -0.05
876 885.568 138.8 0.85 -0.01
877 886.323 132.0 0.91 -0.01
878 887.170 118.3 0.90 -0.00
879 888.080 136.5 0.95 0.04
880 888.544 52.3 0.92 0.01
881 889.054 163.8 0.92 0.04
882 891.730 145.6 0.95 0.03
883 892.431 163.8 0.99 0.02
884 892.740 204.8 1.01 0.05
885 895.271 97.8 0.87 0.02
886 895.826 172.9 0.99 0.02
887 896.490 227.6 0.96 0.04
888 896.782 100.1 0.95 0.13
889 898.202 191.1 0.94 -0.01
890 898.365 154.7 0.94 -0.01
891 900.313 191.1 0.90 0.00
892 900.568 143.4 0.88 0.02
893 902.143 166.1 0.90 0.02
894 902.571 79.6 0.94 0.04
895 904.555 136.5 0.90 0.06
896 905.438 245.8 0.94 0.06
897 908.296 291.3 0.91 0.03
898 908.760 186.6 0.92 0.08
899 910.189 198.0 0.93 0.08
900 915.651 188.9 0.91 0.00
901 917.098 145.6 0.87 0.12
902 918.399 152.5 0.86 0.06
903 919.483 145.6 0.87 0.07
904 920.966 111.5 0.92 0.16
905 921.148 150.2 0.92 0.16
906 923.351 154.7 0.83 0.00
907 924.580 129.7 0.81 -0.05
908 925.354 127.4 0.96 0.02
909 926.373 122.9 0.79 -0.07
910 926.601 241.2 0.93 0.02
911 928.585 31.9 0.97 0.04
912 928.967 104.7 1.00 0.02
913 929.713 136.5 0.96 0.10
914 930.824 157.0 1.01 0.05
915 930.970 54.6 1.01 0.00
916 931.215 109.2 0.96 0.01
917 935.257 150.2 0.90 0.05
918 938.470 109.2 0.88 0.04
919 938.843 163.8 0.88 0.02
920 939.189 227.6 0.99 0.03
921 941.801 91.0 0.95 0.12
922 942.711 147.9 0.93 0.06
923 943.485 236.7 0.90 0.03
924 944.587 241.2 0.91 0.07
925 945.506 446.0 0.91 0.02
926 945.988 145.6 0.92 0.03
927 948.464 227.6 0.99 -0.01
928 948.901 47.8 0.99 0.00
929 949.056 107.0 0.98 0.00
930 949.902 86.5 0.99 0.04
931 950.166 191.1 0.98 0.03
932 950.740 182.0 0.94 0.03
933 951.632 264.0 0.98 -0.05
934 951.959 200.2 0.99 -0.05
935 952.578 129.7 0.98 0.04
936 953.570 136.5 0.92 0.00
937 954.044 61.4 0.97 0.02
938 955.955 77.4 0.94 0.01
939 956.128 38.7 0.91 0.00
940 957.293 163.8 0.94 -0.02
941 958.213 109.2 0.95 -0.02
942 959.250 113.8 0.96 0.02
943 961.708 152.5 0.93 0.06
944 961.954 145.6 0.93 0.06
945 962.190 209.4 0.94 0.03
946 963.355 177.5 0.94 0.03
947 965.949 141.1 0.95 0.07
948 966.250 122.9 1.02 -0.01
949 967.542 170.7 0.97 -0.02
950 967.806 100.1 0.93 0.01
951 968.016 218.5 0.92 -0.05
952 969.472 154.7 0.88 0.05
953 970.983 186.6 0.89 0.09
954 971.211 150.2 0.89 0.06
955 971.911 238.9 0.88 0.08
956 972.339 127.4 0.88 0.07
957 972.685 245.8 0.89 0.06
958 972.958 209.4 0.90 0.05
959 974.478 129.7 0.91 0.03
960 974.979 136.5 0.85 0.04
961 976.608 102.4 0.88 0.12
962 977.591 109.2 1.01 0.03
963 979.594 182.0 0.98 0.09
964 980.185 145.6 0.96 0.03
965 980.331 132.0 0.97 0.03
966 980.804 186.6 0.97 0.03
967 981.614 102.4 1.02 -0.01
968 982.679 172.9 1.00 -0.01
969 984.736 284.4 0.99 -0.00
970 985.028 209.4 0.94 -0.00
971 985.683 127.4 0.96 0.04
972 987.604 107.0 0.93 0.04
973 988.459 86.5 0.97 -0.02
974 988.751 68.3 0.95 -0.03
975 988.814 22.8 0.86 -0.02
976 989.424 127.4 0.94 -0.03
977 989.988 163.8 0.96 -0.01
978 992.255 207.1 0.99 -0.02
979 993.183 127.4 0.98 0.01
980 993.429 193.4 0.98 0.03
981 993.657 225.3 0.97 0.02
982 994.194 100.1 0.97 0.01
983 994.549 191.1 0.98 0.02
984 994.767 163.8 0.94 0.02
985 996.233 209.4 0.97 0.07
986 996.679 127.4 1.00 0.07
987 997.006 145.6 1.01 0.08
988 997.689 127.4 1.02 0.04
989 998.108 125.2 1.03 0.03
990 998.417 427.8 1.04 0.03
991 1000.884 127.4 0.94 0.08
992 1003.050 136.5 0.88 -0.01
993 1005.590 77.4 0.97 -0.04
994 1006.709 163.8 0.91 -0.03
995 1007.319 295.8 0.95 -0.02
996 1007.638 91.0 0.91 -0.04
997 1008.338 68.3 1.00 -0.01
998 1008.821 86.5 0.97 -0.00
999 1008.985 84.2 0.96 -0.00
1000 1009.449 209.4 0.97 0.00
1001 1009.713 179.8 0.98 0.05
1002 1011.852 170.7 0.96 -0.06
1003 1015.566 252.6 0.94 0.02
1004 1016.503 113.8 0.99 0.05
1005 1018.724 52.3 1.00 -0.01
1006 1019.288 41.0 0.99 0.02
1007 1022.611 132.0 1.01 0.05
1008 1023.029 163.8 0.96 0.11
1009 1023.585 166.1 0.98 0.00
1010 1024.404 154.7 1.08 -0.05
1011 1024.759 129.7 1.11 -0.05
1012 1024.941 127.4 1.14 -0.02
1013 1025.096 132.0 0.99 -0.04
1014 1025.269 161.6 1.07 -0.09
1015 1026.443 136.5 1.09 -0.05
1016 1026.862 127.4 1.06 -0.05
1017 1027.144 102.4 1.08 -0.06
1018 1027.653 145.6 1.01 -0.02
1019 1028.118 95.6 1.07 -0.04
1020 1028.664 157.0 1.01 0.00
1021 1029.720 134.3 1.04 0.10
1022 1029.902 122.9 1.06 0.10
1023 1030.111 150.2 1.00 0.07
1024 1032.696 118.3 0.98 0.14
1025 1033.761 95.6 0.98 0.12
1026 1036.401 161.6 0.96 0.10
1027 1036.564 138.8 0.98 0.10
1028 1036.828 177.5 0.97 0.07
1029 1037.320 195.7 0.98 0.04
1030 1042.144 175.2 0.85 0.07
1031 1043.027 145.6 0.80 0.12
1032 1043.327 150.2 0.83 0.07
1033 1043.600 136.5 0.83 0.07
1034 1044.056 184.3 0.82 0.06
1035 1044.829 145.6 0.80 0.13
1036 1045.230 31.9 0.47 0.12
1037 1046.686 61.4 0.73 0.07
1038 1046.914 154.7 0.81 0.07
1039 1047.615 175.2 0.77 0.06
1040 1051.365 204.8 0.70 0.12
1041 1053.322 145.6 0.85 0.08
1042 1054.268 209.4 0.80 0.04
1043 1054.578 195.7 0.81 0.04
1044 1056.517 113.8 0.85 0.02
1045 1058.264 277.6 0.99 -0.01
1046 1060.330 172.9 0.99 -0.05
1047 1060.694 177.5 0.96 -0.03
1048 1062.588 109.2 0.97 -0.07
1049 1062.888 200.2 0.99 0.04
1050 1063.826 47.8 0.94 0.03
1051 1065.655 209.4 0.89 0.03
1052 1066.174 132.0 0.89 0.01
1053 1067.294 154.7 0.84 0.10
1054 1068.987 100.1 0.95 0.03
1055 1070.288 91.0 1.10 0.13
1056 1070.625 113.8 0.80 0.12
1057 1071.044 254.9 0.80 0.12
1058 1072.309 245.8 0.85 0.19
1059 1074.284 152.5 0.91 0.12
1060 1075.012 127.4 0.90 0.11
1061 1075.213 145.6 0.88 0.12
1062 1075.422 186.6 1.00 0.17
1063 1076.869 172.9 1.03 0.12
1064 1077.224 100.1 1.05 0.11
1065 1077.707 107.0 1.06 0.10
1066 1078.143 134.3 0.91 0.01
1067 1079.664 81.9 1.04 0.01
1068 1080.073 307.2 1.02 0.04
1069 1080.364 157.0 1.02 0.05
1070 1080.865 172.9 1.03 0.09
1071 1084.306 209.4 0.99 0.11
1072 1085.016 118.3 1.00 0.03
1073 1085.480 91.0 0.99 0.02
1074 1086.736 68.3 1.00 -0.00
1075 1086.909 122.9 0.97 -0.00
1076 1089.084 154.7 0.94 0.05
1077 1090.950 198.0 0.89 0.08
1078 1093.290 50.1 0.92 -0.02
1079 1097.222 186.6 1.11 -0.03
1080 1097.868 127.4 1.07 -0.03
1081 1098.141 295.8 1.09 -0.01
1082 1098.733 159.3 1.07 0.00
1083 1098.924 134.3 1.05 0.02
1084 1100.872 209.4 1.05 0.05
1085 1101.281 109.2 0.93 0.04
1086 1101.573 77.4 0.98 0.04
1087 1101.654 52.3 1.02 0.04
1088 1102.820 95.6 1.01 0.00
1089 1104.003 202.5 1.09 0.08
1090 1104.267 68.3 1.06 0.04
1091 1107.052 122.9 0.89 0.03
1092 1108.836 120.6 1.08 0.08
1093 1109.064 122.9 1.08 0.11
1094 1109.218 150.2 0.84 0.09
1095 1109.856 204.8 1.07 0.09
1096 1110.174 191.1 0.92 0.08
1097 1112.750 127.4 1.07 0.03
1098 1112.959 113.8 1.09 0.03
1099 1113.487 93.3 1.05 0.05
1100 1113.979 172.9 1.05 0.04
1101 1114.480 136.5 1.06 0.05
1102 1115.490 209.4 1.08 -0.00
1103 1116.873 122.9 1.08 0.07
1104 1117.065 127.4 1.05 0.04
1105 1118.375 245.8 1.10 0.06
1106 1123.199 136.5 1.07 0.12
1107 1123.709 113.8 0.99 0.16
1108 1124.446 218.5 1.07 0.07
1109 1125.557 109.2 1.03 0.10
1110 1128.315 147.9 0.91 0.02
1111 1128.552 136.5 0.92 0.13
1112 1129.407 104.7 0.97 0.10
1113 1129.653 81.9 1.01 0.02
1114 1129.817 91.0 0.98 0.09
1115 1130.290 109.2 1.01 0.11
1116 1130.590 150.2 1.00 0.08
1117 1131.910 163.8 0.98 0.07
1118 1133.394 127.4 1.03 0.11
1119 1133.785 172.9 1.02 0.11
1120 1134.468 118.3 0.98 0.09
1121 1134.905 118.3 0.96 0.10
1122 1136.589 191.1 0.98 0.03
1123 1137.836 127.4 1.02 -0.01
1124 1138.236 143.4 1.03 -0.00
1125 1138.528 152.5 0.93 -0.03
1126 1138.682 138.8 0.86 -0.03
1127 1138.837 134.3 0.95 -0.02
1128 1139.492 118.3 1.04 -0.01
1129 1140.148 261.7 0.91 -0.05
1130 1141.604 213.9 0.89 -0.00
1131 1141.768 129.7 0.88 -0.00
1132 1142.724 245.8 0.87 -0.09
1133 1143.006 127.4 0.92 -0.02
1134 1145.746 127.4 0.91 0.03
1135 1145.946 177.5 0.94 0.03
1136 1146.219 198.0 0.97 0.01
1137 1146.592 264.0 0.95 0.04
1138 1147.275 182.0 1.02 -0.01
1139 1148.413 93.3 1.01 -0.03
1140 1149.487 81.9 1.02 0.02
1141 1149.760 109.2 1.05 0.04
1142 1152.700 127.4 1.05 0.13
1143 1152.964 125.2 1.07 0.13
1144 1157.469 145.6 1.10 0.08
1145 1158.052 225.3 1.12 0.09
1146 1159.718 191.1 1.09 0.03
1147 1161.001 109.2 1.06 0.10
1148 1162.858 127.4 0.96 0.14
1149 1165.306 129.7 0.93 0.16
1150 1166.062 100.1 0.99 0.05
1151 1167.400 100.1 0.93 0.01
1152 1168.046 182.0 0.88 0.11
1153 1169.339 79.6 0.87 0.03
1154 1170.658 127.4 1.00 0.11
1155 1171.833 122.9 0.90 0.15
1156 1173.972 93.3 1.00 0.14
1157 1174.864 122.9 1.08 0.12
1158 1175.938 111.5 0.98 0.05
1159 1176.056 97.8 1.05 0.02
1160 1176.839 136.5 0.99 0.14
1161 1178.887 109.2 0.99 -0.09
1162 1179.861 141.1 0.98 -0.01
1163 1180.161 127.4 0.99 -0.10
1164 1180.307 132.0 1.11 -0.05
1165 1181.517 200.2 0.95 0.02
1166 1182.637 182.0 0.94 0.07
1167 1183.329 109.2 0.92 0.07
1168 1183.556 229.8 0.89 0.10
1169 1183.902 138.8 0.88 0.08
1170 1184.039 88.7 0.86 0.08
1171 1184.840 145.6 0.89 0.00
1172 1186.478 207.1 0.91 0.03
1173 1187.579 182.0 0.90 0.05
1174 1189.300 182.0 0.92 -0.05
1175 1190.428 182.0 1.07 -0.02
1176 1190.838 66.0 1.06 -0.02
1177 1191.229 118.3 1.05 -0.03
1178 1191.530 150.2 1.08 0.00
1179 1191.739 107.0 1.10 0.04
1180 1191.985 132.0 1.11 0.04
1181 1192.786 127.4 1.12 0.06
1182 1192.977 93.3 1.12 0.05
1183 1193.997 147.9 1.11 0.06
1184 1197.965 204.8 1.11 0.06
1185 1199.112 59.2 1.09 0.04
1186 1200.769 104.7 1.11 0.07
1187 1201.615 50.1 1.09 0.15
1188 1201.879 111.5 1.18 0.17
1189 1202.161 157.0 1.11 0.15
1190 1202.653 127.4 1.08 0.08
1191 1203.654 91.0 1.01 0.11
1192 1205.429 113.8 1.08 0.05
1193 1207.550 125.2 1.03 0.11
1194 1208.123 168.4 1.14 0.12
1195 1209.425 186.6 1.04 0.06
1196 1210.016 122.9 0.95 0.02
1197 1213.020 56.9 1.07 0.05
1198 1213.566 125.2 1.06 0.03
1199 1214.213 136.5 1.07 0.05
1200 1215.287 47.8 1.08 0.04
1201 1217.571 118.3 1.08 0.02
1202 1217.826 111.5 1.07 0.00
1203 1219.410 118.3 1.06 0.06
1204 1220.529 86.5 1.03 0.02
1205 1221.458 161.6 1.04 0.03
1206 1221.776 209.4 1.05 0.03
1207 1223.224 163.8 1.04 -0.03
1208 1223.897 109.2 1.07 -0.01
1209 1224.580 125.2 1.09 -0.03
1210 1226.992 95.6 1.03 0.01
1211 1231.206 111.5 1.06 -0.01
1212 1231.388 61.4 1.06 0.01
1213 1232.117 172.9 1.01 -0.01
1214 1232.299 129.7 1.03 -0.01
1215 1232.453 86.5 1.01 0.01
1216 1234.310 118.3 1.00 -0.02
1217 1234.556 118.3 0.98 -0.00
1218 1234.765 118.3 1.02 0.04
1219 1235.730 143.4 0.99 0.02
1220 1237.023 200.2 1.06 0.05
1221 1237.478 127.4 1.01 0.04
1222 1237.997 113.8 1.07 0.02
1223 1238.889 184.3 1.09 0.03
1224 1239.717 152.5 1.00 0.04
1225 1240.864 136.5 1.09 0.01
1226 1241.292 95.6 1.01 0.01
1227 1241.756 127.4 1.10 -0.01
1228 1242.275 168.4 1.09 -0.01
1229 1242.630 118.3 1.04 -0.01
1230 1243.021 161.6 1.09 -0.01
1231 1244.805 163.8 1.09 -0.05
1232 1244.987 145.6 1.06 -0.05
1233 1245.533 100.1 1.13 -0.02
1234 1248.100 277.6 1.00 0.04
1235 1248.683 188.9 0.97 0.02
1236 1249.839 172.9 0.97 0.03
1237 1250.157 109.2 1.05 -0.02
1238 1250.621 113.8 0.95 0.04
1239 1252.314 145.6 1.05 0.01
1240 1252.478 100.1 1.04 0.01
1241 1253.880 202.5 1.06 0.01
1242 1254.026 52.3 1.06 0.01
1243 1254.599 75.1 1.05 0.02
1244 1254.845 136.5 1.07 0.02
1245 1255.746 159.3 1.07 -0.02
1246 1256.802 59.2 1.04 -0.01
1247 1257.175 241.2 1.10 -0.02
1248 1257.439 216.2 1.05 -0.03
1249 1257.885 122.9 1.07 -0.00
1250 1259.815 109.2 1.08 0.01
1251 1261.690 118.3 1.06 0.05
1252 1261.926 136.5 1.08 0.05
1253 1262.700 54.6 1.05 0.06
1254 1263.629 118.3 1.09 -0.00
1255 1263.993 136.5 0.94 0.12
1256 1264.821 56.9 1.00 0.05
1257 1264.939 136.5 0.98 0.00
1258 1265.331 127.4 1.04 0.05
1259 1266.259 177.5 1.00 0.07
1260 1267.652 109.2 1.10 0.05
1261 1268.617 136.5 1.11 0.01
1262 1269.044 91.0 1.12 0.01
1263 1271.729 259.4 1.02 0.03
1264 1271.902 52.3 1.04 0.02
1265 1273.632 152.5 1.00 0.01
1266 1274.469 223.0 0.93 -0.01
1267 1274.779 245.8 0.93 0.03
1268 1275.243 172.9 0.92 0.00
1269 1278.256 113.8 1.03 0.02
1270 1278.702 177.5 0.97 -0.01
1271 1279.448 134.3 1.03 -0.09
1272 1281.141 163.8 0.97 -0.01
1273 1282.115 86.5 1.00 0.01
1274 1282.379 209.4 1.02 0.02
1275 1285.756 184.3 1.04 0.01
1276 1285.947 88.7 0.94 -0.10
1277 1286.958 243.5 0.91 -0.05
1278 1288.332 154.7 0.97 -0.03
1279 1289.370 127.4 1.00 0.04
1280 1289.634 136.5 0.98 -0.00
1281 1290.134 159.3 0.98 -0.01
1282 1290.435 61.4 1.00 0.02
1283 1291.145 127.4 0.98 0.03
1284 1291.782 157.0 0.99 -0.03
1285 1292.510 102.4 0.97 0.01
1286 1292.919 136.5 0.97 0.00
1287 1294.412 172.9 1.03 -0.04
1288 1296.114 104.7 0.99 0.00
1289 1297.634 91.0 0.96 0.06
1290 1298.490 104.7 0.95 0.07
1291 1300.101 136.5 1.00 0.10
1292 1301.102 118.3 0.81 0.09
1293 1304.598 254.9 0.92 0.08
1294 1305.062 159.3 0.87 0.10
1295 1305.572 111.5 0.84 0.13
1296 1308.147 100.1 0.99 0.06
1297 1308.521 150.2 0.89 0.09
1298 1308.967 218.5 0.95 0.08
1299 1309.276 109.2 0.90 0.06
1300 1310.924 172.9 0.99 0.15
1301 1311.679 109.2 0.96 0.11
1302 1312.034 100.1 0.97 0.07
1303 1314.601 118.3 0.89 0.10
1304 1315.329 116.1 0.88 0.05
1305 1315.848 182.0 0.86 -0.02
1306 1320.490 207.1 0.88 0.02
1307 1321.610 111.5 0.90 0.06
1308 1321.974 218.5 0.91 0.11
1309 1322.638 182.0 0.93 0.15
1310 1323.048 218.5 0.90 0.11
1311 1323.585 127.4 0.91 0.18
1312 1324.222 236.7 0.86 0.13
1313 1324.968 141.1 0.87 0.18
1314 1325.360 118.3 0.89 0.18
1315 1325.924 113.8 0.96 0.13
1316 1326.061 122.9 0.95 0.12
1317 1327.253 91.0 0.89 0.11
1318 1328.045 100.1 0.89 0.11
1319 1330.539 236.7 0.93 0.16
1320 1331.959 127.4 0.87 -0.03
1321 1332.105 81.9 0.84 -0.01
1322 1333.078 172.9 0.87 0.00
1323 1333.342 118.3 0.88 0.12
1324 1333.588 191.1 0.91 0.09
1325 1334.762 122.9 0.83 -0.02
1326 1335.190 91.0 0.96 0.00
1327 1337.766 56.9 1.00 0.07
1328 1342.882 291.3 1.05 0.12
1329 1344.502 91.0 0.96 0.09
1330 1344.748 109.2 0.99 0.15
1331 1347.151 209.4 1.03 0.15
1332 1348.388 179.8 0.92 0.18
1333 1349.271 159.3 0.98 0.22
1334 1351.301 122.9 0.92 0.14
1335 1353.249 254.9 0.92 0.07
1336 1353.950 150.2 0.90 0.14
1337 1354.824 223.0 0.92 0.06
1338 1355.324 218.5 0.93 0.02
1339 1356.417 132.0 0.93 -0.00
1340 1357.645 75.1 0.90 -0.01
1341 1357.846 200.2 0.90 -0.00
1342 1359.730 100.1 0.98 -0.01
1343 1360.831 236.7 0.82 0.05
1344 1362.843 145.6 0.84 0.06
1345 1363.252 248.0 0.86 0.04
1346 1363.644 182.0 0.88 0.00
1347 1364.445 182.0 0.94 0.07
1348 1365.865 154.7 0.97 -0.04
1349 1366.384 113.8 0.95 0.03
1350 1368.495 163.8 0.90 -0.00
1351 1368.850 350.4 0.90 -0.01
1352 1369.624 109.2 0.92 -0.00
1353 1370.580 191.1 0.89 0.01
1354 1370.862 127.4 0.86 -0.03
1355 1371.153 152.5 0.91 -0.01
1356 1371.808 154.7 0.93 0.03
1357 1372.173 218.5 0.94 0.07
1358 1372.528 145.6 0.98 0.09
1359 1376.432 273.1 0.78 0.02
1360 1376.824 193.4 0.93 0.06
1361 1378.262 127.4 0.97 0.00
1362 1378.608 318.6 0.97 0.01
1363 1379.463 47.8 0.96 0.01
1364 1379.609 195.7 0.97 0.00
1365 1380.164 100.1 0.93 0.02
1366 1381.466 193.4 0.91 0.02
1367 1382.740 200.2 0.96 -0.01
1368 1383.996 234.4 0.87 0.05
1369 1385.990 193.4 0.95 0.01
1370 1386.836 277.6 0.91 0.02
1371 1387.000 152.5 0.86 0.02
1372 1387.228 200.2 0.85 -0.01
1373 1388.056 172.9 0.88 0.00
1374 1388.438 47.8 0.86 0.01
1375 1388.802 202.5 0.82 -0.00
1376 1389.066 163.8 0.83 -0.00
1377 1390.204 118.3 0.89 -0.03
1378 1390.395 154.7 0.87 -0.01
1379 1390.605 118.3 0.90 -0.07
1380 1393.517 177.5 0.85 -0.01
1381 1394.227 172.9 0.88 -0.01
1382 1396.202 207.1 0.88 -0.08
1383 1396.466 186.6 0.87 -0.08
1384 1396.657 172.9 0.86 -0.11
1385 1396.949 177.5 0.88 -0.04
1386 1399.943 136.5 0.87 0.01
1387 1400.753 200.2 0.86 -0.09
1388 1401.345 145.6 0.83 -0.13
1389 1401.727 68.3 0.82 -0.17
1390 1403.839 518.8 0.85 0.06
1391 1405.905 154.7 0.89 -0.06
1392 1407.262 172.9 0.96 -0.17
1393 1410.156 141.1 0.99 -0.03
1394 1410.566 152.5 0.84 -0.06
1395 1410.884 136.5 0.90 -0.09
1396 1411.348 284.4 0.83 -0.10
1397 1412.177 184.3 0.83 -0.03
1398 1414.307 159.3 0.90 -0.04
1399 1415.818 63.7 0.96 -0.05
1400 1416.209 166.1 0.95 -0.09
1401 1417.083 122.9 1.01 0.01
1402 1418.630 118.3 1.00 -0.01
1403 1418.894 227.6 0.93 0.00
1404 1420.542 141.1 0.95 0.01
1405 1422.007 282.2 0.98 0.04
1406 1422.826 100.1 0.96 -0.13
1407 1423.582 113.8 0.98 -0.06
1408 1423.782 122.9 0.97 0.05
1409 1424.865 188.9 0.78 -0.02
1410 1425.457 145.6 0.82 0.05
1411 1426.322 91.0 0.81 0.05
1412 1435.670 136.5 0.85 0.07
1413 1436.234 170.7 0.81 -0.08
1414 1437.208 77.4 0.84 -0.07
1415 1437.963 88.7 0.85 -0.06
1416 1438.173 154.7 0.86 -0.04
1417 1441.550 186.6 0.85 0.01
1418 1442.451 327.7 0.88 0.07
1419 1445.282 166.1 0.83 0.10
1420 1445.527 177.5 0.75 0.02
1421 1445.764 159.3 0.75 0.06
1422 1448.768 264.0 0.78 0.09
1423 1449.751 213.9 0.76 0.06
1424 1450.051 273.1 0.81 0.07
1425 1450.661 154.7 0.77 0.08
1426 1451.635 209.4 0.85 -0.09
1427 1453.819 145.6 0.73 -0.05
1428 1454.056 236.7 0.78 -0.08
1429 1454.639 186.6 0.75 -0.07
1430 1455.157 195.7 0.83 -0.04
1431 1456.923 236.7 0.84 -0.00
1432 1457.679 125.2 0.82 0.02
1433 1457.870 122.9 0.84 0.01
1434 1458.434 66.0 0.91 0.03
1435 1459.973 175.2 0.86 0.06
1436 1460.774 118.3 0.97 0.05
1437 1461.438 259.4 0.93 0.09
1438 1462.066 104.7 0.98 0.05
1439 1462.767 154.7 0.95 0.02
1440 1463.650 170.7 0.89 -0.02
1441 1465.379 150.2 0.94 0.03
1442 1466.153 61.4 0.91 0.01
1443 1467.382 250.3 0.89 0.06
1444 1467.664 213.9 0.93 0.06
1445 1468.419 154.7 0.93 0.06
1446 1468.765 118.3 0.93 0.05
1447 1469.184 127.4 0.96 0.08
1448 1469.448 100.1 0.95 0.16
1449 1469.630 161.6 0.92 0.16
1450 1470.631 127.4 0.89 0.11
1451 1470.841 132.0 0.97 0.11
1452 1471.924 154.7 0.92 0.09
1453 1476.138 191.1 0.94 -0.03
1454 1477.121 182.0 0.89 -0.03
1455 1478.031 118.3 0.87 -0.01
1456 1479.115 66.0 0.88 -0.06
1457 1481.572 172.9 0.97 -0.05
1458 1484.603 191.1 0.83 0.05
1459 1486.587 264.0 0.83 0.11
1460 1487.043 107.0 0.85 0.17
1461 1491.712 245.8 0.82 0.10
1462 1492.386 154.7 0.77 0.08
1463 1493.933 138.8 0.85 -0.01
1464 1494.133 95.6 0.87 -0.01
1465 1496.208 172.9 0.95 0.06
1466 1496.472 154.7 0.98 0.15
1467 1502.990 168.4 0.91 0.09
1468 1504.291 195.7 0.89 0.05
1469 1505.575 66.0 0.75 0.05
1470 1506.549 116.1 0.89 0.08
1471 1507.240 136.5 0.87 0.11
1472 1508.961 116.1 0.88 0.03
1473 1509.561 86.5 1.06 0.09
1474 1510.217 86.5 0.94 0.01
1475 1511.318 95.6 0.97 0.05
1476 1512.101 166.1 1.05 0.05
1477 1514.486 193.4 1.09 0.07
1478 1516.397 136.5 1.02 0.10
1479 1517.335 243.5 1.03 0.09
1480 1517.854 154.7 1.00 0.12
1481 1518.509 136.5 1.07 0.07
1482 1518.991 79.6 1.03 0.10
1483 1520.275 88.7 1.03 0.08
1484 1520.557 79.6 1.04 0.09
1485 1520.885 236.7 1.05 0.08
1486 1522.705 120.6 1.05 0.09
1487 1523.087 91.0 1.05 0.09
1488 1526.464 127.4 1.06 0.18
1489 1528.057 38.7 1.07 0.16
1490 1531.707 157.0 0.96 0.08
1491 1532.900 100.1 1.01 0.11
1492 1533.364 95.6 0.98 0.14
1493 1533.473 50.1 1.00 0.13
1494 1533.628 182.0 1.01 0.10
1495 1534.647 152.5 0.98 0.12
1496 1535.430 154.7 0.98 0.14
1497 1535.949 184.3 0.99 0.13
1498 1536.276 104.7 0.96 0.13
1499 1536.440 184.3 0.97 0.12
1500 1537.032 120.6 0.96 0.10
1501 1537.979 134.3 1.03 0.08
1502 1540.910 109.2 1.08 0.10
1503 1541.274 182.0 1.07 0.09
1504 1541.583 218.5 1.08 0.06
1505 1542.120 111.5 1.08 0.05
1506 1542.593 282.2 1.06 0.06
1507 1543.285 116.1 1.04 0.05
1508 1545.761 154.7 1.01 0.06
1509 1546.216 125.2 0.99 0.02
1510 1548.273 200.2 0.99 -0.03
1511 1548.646 109.2 0.98 -0.00
1512 1549.193 223.0 1.02 0.01
1513 1551.586 154.7 1.05 0.02
1514 1553.034 154.7 1.07 0.05
1515 1553.188 111.5 1.03 0.06
1516 1554.572 88.7 1.04 0.10
1517 1555.955 232.1 1.01 -0.08
1518 1556.420 150.2 0.99 -0.03
1519 1557.512 177.5 1.05 -0.00
1520 1559.915 136.5 0.99 -0.08
1521 1561.426 86.5 0.93 0.04
1522 1563.629 264.0 0.89 -0.02
1523 1564.011 223.0 0.96 -0.04
1524 1564.320 127.4 0.96 -0.02
1525 1565.349 109.2 0.98 0.01
1526 1565.531 127.4 0.97 0.01
1527 1565.695 118.3 0.95 0.01
1528 1567.788 227.6 0.91 -0.04
1529 1568.325 127.4 0.91 0.01
1530 1568.944 141.1 0.94 0.01
1531 1569.527 147.9 0.87 -0.01
1532 1570.137 104.7 1.03 -0.08
1533 1573.241 211.6 1.00 -0.09
1534 1575.116 54.6 1.04 -0.09
1535 1575.389 154.7 1.06 -0.09
1536 1575.625 132.0 1.05 -0.11
1537 1576.827 111.5 1.02 -0.09
1538 1577.764 152.5 1.11 -0.07
1539 1578.256 136.5 1.10 -0.11
1540 1580.968 50.1 1.08 -0.06
1541 1581.424 264.0 1.10 -0.07
1542 1587.640 172.9 1.00 -0.10
1543 1587.822 111.5 1.01 -0.10
1544 1588.250 118.3 0.99 -0.01
1545 1588.678 209.4 0.99 0.04
1546 1591.190 86.5 0.91 -0.00
1547 1592.628 145.6 0.96 -0.03
1548 1593.065 150.2 0.87 -0.01
1549 1593.284 157.0 0.97 -0.05
1550 1594.030 104.7 0.99 0.02
1551 1595.814 132.0 0.99 0.00
1552 1595.978 118.3 1.00 0.00
1553 1596.442 163.8 1.03 -0.04
1554 1597.170 118.3 0.92 -0.04
1555 1597.416 168.4 0.96 -0.04
1556 1598.053 168.4 0.91 0.08
1557 1599.127 150.2 0.98 0.04
1558 1599.673 86.5 0.99 0.06
1559 1603.742 111.5 1.00 -0.04
1560 1603.906 132.0 1.03 -0.10
1561 1604.916 54.6 1.03 -0.08
1562 1606.127 120.6 1.00 -0.11
1563 1607.520 127.4 0.98 -0.10
1564 1608.193 163.8 1.02 -0.04
1565 1608.439 172.9 0.99 -0.07
1566 1609.094 252.6 1.00 -0.06
1567 1609.367 182.0 0.99 -0.04
1568 1612.071 177.5 1.04 -0.11
1569 1613.409 118.3 1.02 -0.09
1570 1613.627 81.9 1.03 -0.05
1571 1613.937 125.2 1.06 -0.11
1572 1616.048 211.6 0.96 -0.06
1573 1617.587 81.9 1.01 0.00
1574 1618.324 91.0 1.03 -0.02
1575 1618.470 84.2 1.02 -0.02
1576 1618.642 134.3 0.98 -0.12
1577 1620.144 109.2 0.99 -0.01
1578 1621.228 122.9 0.99 -0.04
1579 1622.502 259.4 1.13 -0.01
1580 1622.729 102.4 1.11 -0.00
1581 1624.368 111.5 1.05 0.02
1582 1627.026 141.1 0.98 0.01
1583 1627.499 100.1 0.95 -0.04
1584 1627.654 118.3 1.00 -0.01
1585 1628.892 213.9 0.98 -0.00
1586 1631.376 86.5 0.91 -0.00
1587 1634.562 145.6 0.92 0.07
1588 1634.826 195.7 0.90 0.03
1589 1635.946 350.4 0.85 0.04
1590 1636.255 95.6 0.86 -0.02
1591 1637.557 182.0 0.85 0.00
1592 1637.857 273.1 0.83 0.00
1593 1639.141 284.4 0.89 0.00
1594 1639.532 172.9 0.92 -0.03
1595 1639.714 75.1 0.82 0.00
1596 1640.015 118.3 0.81 -0.02
1597 1642.536 220.7 0.89 0.01
1598 1643.655 211.6 1.03 -0.06
1599 1645.667 182.0 0.95 -0.01
1600 1646.177 109.2 0.93 -0.03
1601 1646.805 168.4 0.91 -0.07
1602 1648.070 220.7 0.88 0.03
1603 1648.898 118.3 0.83 0.02
1604 1650.719 191.1 1.06 -0.04
1605 1652.958 50.1 1.00 -0.02
1606 1654.087 125.2 1.02 0.02
1607 1654.442 145.6 1.03 0.01
1608 1655.170 134.3 1.05 -0.05
1609 1656.926 109.2 1.03 -0.01
1610 1657.618 127.4 1.07 -0.02
1611 1657.746 75.1 1.07 -0.02
1612 1659.175 116.1 1.10 -0.02
1613 1660.103 109.2 1.11 -0.01
1614 1660.586 111.5 1.06 -0.01
1615 1660.740 125.2 0.89 -0.08
1616 1663.881 141.1 1.05 -0.02
1617 1664.108 163.8 1.03 -0.02
1618 1664.663 250.3 1.06 -0.05
1619 1665.264 195.7 1.07 -0.05
1620 1667.248 118.3 0.90 -0.01
1621 1668.040 41.0 1.07 0.00
1622 1668.659 77.4 1.01 -0.05
1623 1671.545 102.4 1.05 0.00
1624 1671.936 109.2 1.06 -0.03
1625 1672.127 109.2 1.04 -0.01
1626 1673.447 120.6 1.06 0.01
1627 1674.357 254.9 1.07 0.04
1628 1675.340 91.0 1.06 0.01
1629 1675.704 127.4 1.08 0.02
1630 1676.068 111.5 1.10 0.01
1631 1677.552 118.3 1.07 0.02
1632 1677.752 122.9 1.08 0.02
1633 1678.417 109.2 1.07 0.02
1634 1679.281 134.3 1.08 -0.01
1635 1679.636 95.6 1.06 0.04
1636 1680.137 150.2 1.10 0.00
1637 1680.610 172.9 1.07 0.01
1638 1680.820 84.2 1.10 0.00
1639 1681.129 191.1 1.07 0.00
1640 1681.320 118.3 1.07 0.01
1641 1681.502 118.3 1.07 -0.01
1642 1682.322 157.0 1.04 -0.06
1643 1683.359 172.9 1.04 -0.00
1644 1684.178 145.6 1.02 -0.01
1645 1684.743 125.2 1.01 0.01
1646 1685.107 150.2 0.97 -0.02
1647 1685.699 163.8 1.00 -0.01
1648 1686.736 127.4 1.01 0.02
1649 1689.303 273.1 0.94 -0.02
1650 1689.958 88.7 0.96 -0.06
1651 1690.295 84.2 1.03 -0.05
1652 1690.386 59.2 1.05 -0.05
1653 1691.506 68.3 0.95 -0.02
1654 1692.553 191.1 0.96 0.00
1655 1693.153 136.5 1.00 -0.00
1656 1693.445 136.5 0.95 -0.00
1657 1694.701 168.4 0.97 0.06
1658 1694.874 75.1 0.96 0.05
1659 1695.019 22.8 0.98 0.05
1660 1696.503 102.4 1.01 0.06
1661 1698.332 127.4 0.99 0.06
1662 1701.236 195.7 1.00 0.08
1663 1701.600 145.6 0.99 0.03
1664 1701.773 118.3 1.01 -0.00
1665 1702.146 122.9 0.98 0.03
1666 1702.984 318.6 0.91 0.09
1667 1703.557 204.8 0.97 0.03
1668 1704.859 72.8 1.04 0.18
1669 1706.324 236.7 1.06 0.10
1670 1706.970 63.7 1.00 0.10
1671 1708.663 211.6 1.08 0.06
1672 1710.275 136.5 1.04 0.06
1673 1713.506 159.3 0.97 0.08
1674 1714.762 136.5 0.96 0.05
1675 1715.809 286.7 0.95 -0.01
1676 1716.246 200.2 0.92 0.08
1677 1717.147 127.4 0.97 -0.02
1678 1718.558 95.6 0.92 0.02
1679 1719.249 211.6 0.88 0.05
1680 1721.625 227.6 0.80 0.08
1681 1722.308 177.5 0.92 0.12
1682 1724.656 136.5 0.88 0.12
1683 1725.812 145.6 0.98 0.06
1684 1726.522 127.4 0.95 0.12
1685 1727.341 159.3 0.99 -0.02
1686 1727.523 143.4 0.95 0.06
1687 1728.015 118.3 0.95 0.06
1688 1730.481 216.2 0.85 0.03
1689 1730.809 145.6 1.00 0.10
1690 1733.039 100.1 0.93 0.11
1691 1734.086 257.1 0.95 0.03
1692 1734.423 88.7 0.92 0.01
1693 1734.860 154.7 0.93 0.11
1694 1735.788 191.1 0.91 -0.03
1695 1737.081 122.9 0.92 0.04
1696 1737.800 172.9 0.84 0.04
1697 1738.537 109.2 0.93 -0.01
1698 1739.766 127.4 0.89 0.04
1699 1740.376 191.1 0.91 -0.02
1700 1741.168 132.0 0.88 -0.01
1701 1741.677 134.3 0.89 -0.03
1702 1746.875 172.9 0.93 0.05
1703 1747.120 141.1 0.86 0.05
1704 1748.276 143.4 0.88 0.06
1705 1748.504 182.0 1.09 -0.00
1706 1749.824 104.7 1.07 0.03
1707 1750.506 136.5 1.03 0.11
1708 1751.216 159.3 1.02 0.11
1709 1751.963 84.2 0.97 0.13
1710 1752.964 109.2 0.89 0.00
1711 1754.074 170.7 0.93 0.02
1712 1754.648 75.1 0.85 -0.03
1713 1755.121 195.7 0.86 0.01
1714 1756.477 188.9 0.91 0.10
1715 1757.169 291.3 0.95 0.12
1716 1757.888 102.4 0.89 0.12
1717 1758.862 154.7 0.85 0.07
1718 1759.117 163.8 0.85 0.07
1719 1759.308 163.8 0.87 0.06
1720 1759.618 145.6 0.87 0.05
1721 1759.800 132.0 0.92 0.05
1722 1760.400 177.5 0.87 0.06
1723 1760.901 109.2 0.85 0.10
1724 1761.311 127.4 0.96 0.07
1725 1761.884 182.0 1.01 0.04
1726 1762.112 113.8 1.02 0.01
1727 1763.513 191.1 1.01 0.03
1728 1763.887 122.9 0.99 -0.00
1729 1764.296 159.3 1.02 0.03
1730 1765.480 136.5 0.99 0.06
1731 1767.182 136.5 0.93 0.04
1732 1768.820 145.6 0.98 0.06
1733 1771.205 143.4 0.97 0.02
1734 1772.188 143.4 0.85 -0.00
1735 1773.480 213.9 0.91 -0.05
1736 1773.772 132.0 1.03 -0.05
1737 1775.183 134.3 0.98 -0.02
1738 1776.093 154.7 1.00 -0.07
1739 1776.266 66.0 0.97 -0.02
1740 1778.359 127.4 0.93 -0.06
1741 1780.243 132.0 0.92 -0.09
1742 1780.844 204.8 0.90 -0.01
1743 1783.875 152.5 0.93 -0.02
1744 1784.112 220.7 0.85 -0.02
1745 1784.485 52.3 0.90 -0.06
1746 1784.549 25.0 0.84 -0.06
1747 1785.987 136.5 0.84 0.00
1748 1788.790 191.1 0.91 0.07
1749 1789.482 179.8 0.92 0.03
1750 1789.764 163.8 0.93 0.05
1751 1790.811 227.6 0.89 0.00
1752 1791.184 238.9 0.90 0.03
1753 1791.494 182.0 0.86 0.01
1754 1791.867 254.9 0.85 0.05
1755 1792.349 264.0 0.84 0.09
1756 1792.777 132.0 0.86 0.04
1757 1793.005 200.2 0.87 0.04
1758 1793.241 113.8 0.87 0.05
1759 1793.369 88.7 0.86 0.04
1760 1795.116 91.0 0.90 0.04
1761 1795.408 241.2 0.92 0.04
1762 1797.328 154.7 0.87 0.01
1763 1797.947 163.8 0.93 0.00
1764 1798.211 179.8 0.96 0.01
1765 1798.320 91.0 0.89 0.02
1766 1798.448 100.1 0.92 -0.03
1767 1800.496 129.7 0.92 -0.04
1768 1800.605 31.9 0.98 -0.03
1769 1800.887 172.9 0.93 -0.03
1770 1801.570 88.7 0.95 0.02
1771 1801.725 118.3 0.86 -0.04
1772 1802.535 182.0 0.93 -0.01
1773 1807.068 143.4 0.92 0.05
1774 1808.560 182.0 0.88 -0.05
1775 1809.461 116.1 0.89 0.06
1776 1811.054 145.6 0.90 0.02
1777 1811.455 100.1 0.88 0.05
1778 1813.576 91.0 0.88 -0.01
1779 1814.277 129.7 0.92 0.04
1780 1814.541 118.3 0.84 0.03
1781 1815.824 218.5 0.77 -0.00
1782 1816.616 200.2 0.74 -0.04
1783 1818.700 223.0 0.88 0.03
1784 1819.529 154.7 0.84 -0.02
1785 1819.920 109.2 0.85 -0.03
1786 1823.543 127.4 0.84 -0.03
1787 1824.626 163.8 0.85 0.04
1788 1825.208 145.6 0.83 0.01
1789 1827.948 157.0 0.79 0.01
1790 1828.212 118.3 0.82 0.06
1791 1828.804 163.8 0.82 0.08
1792 1830.187 218.5 0.81 0.03
1793 1830.579 136.5 0.80 0.04
1794 1832.818 100.1 0.90 0.04
1795 1834.001 91.0 0.88 0.03
1796 1834.338 143.4 0.85 0.06
1797 1836.422 198.0 0.89 0.05
1798 1836.586 145.6 0.88 0.05
1799 1839.890 191.1 0.82 -0.03
1800 1841.310 143.4 0.88 -0.05
1801 1841.829 170.7 0.86 0.00
1802 1842.075 93.3 0.86 -0.02
1803 1843.950 261.7 0.80 -0.00
1804 1844.760 154.7 0.79 -0.03
1805 1846.007 188.9 0.78 -0.07
1806 1847.946 150.2 0.79 -0.03
1807 1848.956 109.2 0.79 0.02
1808 1849.639 132.0 0.81 0.05
1809 1851.486 159.3 0.87 0.05
1810 1851.951 132.0 0.88 0.00
1811 1853.079 109.2 0.94 0.06
1812 1853.835 86.5 0.95 0.04
1813 1854.627 95.6 0.95 0.02
1814 1854.882 109.2 0.95 0.02
1815 1855.082 122.9 0.95 0.02
1816 1855.774 145.6 0.92 0.02
1817 1859.078 154.7 1.01 0.09
1818 1859.651 184.3 0.81 0.07
1819 1860.398 163.8 0.79 0.08
1820 1860.898 109.2 0.77 0.07
1821 1864.348 200.2 0.82 -0.03
1822 1864.575 154.7 0.86 -0.03
1823 1865.731 145.6 0.86 -0.09
1824 1865.941 168.4 0.83 -0.09
1825 1866.997 209.4 0.82 0.01
1826 1868.016 191.1 0.88 0.03
1827 1868.417 66.0 0.86 0.01
1828 1868.617 127.4 0.84 0.07
1829 1869.054 209.4 0.96 0.09
1830 1871.129 109.2 0.93 0.07
1831 1872.012 200.2 0.98 0.05
1832 1872.376 191.1 0.95 0.04
1833 1873.550 118.3 1.00 0.01
1834 1874.160 122.9 0.99 0.01
1835 1875.271 157.0 1.02 -0.02
1836 1876.727 138.8 1.08 0.05
1837 1876.900 93.3 1.04 0.05
1838 1877.937 84.2 1.01 0.07
1839 1878.229 136.5 1.05 0.02
1840 1878.993 161.6 1.06 0.04
1841 1879.248 172.9 1.05 -0.04
1842 1879.439 145.6 1.05 -0.02
1843 1881.533 366.4 1.03 0.04
1844 1883.526 227.6 0.97 0.02
1845 1886.821 186.6 0.91 -0.03
1846 1889.042 109.2 0.95 0.08
1847 1891.118 172.9 1.05 -0.02
1848 1895.359 93.3 0.88 0.04
1849 1896.369 182.0 0.86 -0.02
1850 1897.489 122.9 0.93 -0.06
1851 1897.799 50.1 1.14 -0.07
1852 1897.990 100.1 0.97 -0.08
1853 1898.090 107.0 1.15 -0.01
1854 1899.182 163.8 0.90 -0.10
1855 1900.247 56.9 1.10 0.04
1856 1902.577 186.6 1.06 0.21
1857 1903.369 136.5 1.04 0.12
1858 1903.688 118.3 1.04 0.07
1859 1904.470 100.1 1.06 0.06
1860 1907.347 97.8 1.10 0.02
1861 1908.184 104.7 1.06 0.00
1862 1908.967 93.3 1.05 0.04
1863 1910.451 243.5 1.10 0.06
1864 1911.197 68.3 1.12 0.06
1865 1912.462 38.7 1.08 0.05
1866 1912.653 72.8 1.10 0.06
1867 1913.609 127.4 1.11 0.06
1868 1913.973 104.7 1.12 0.04
1869 1914.292 100.1 1.09 0.03
1870 1915.047 72.8 1.07 0.07
1871 1915.639 154.7 1.09 -0.00
1872 1916.048 113.8 1.08 0.06
1873 1916.513 159.3 1.08 -0.01
1874 1917.814 147.9 1.02 0.06
1875 1918.934 245.8 1.05 0.00
1876 1919.234 118.3 1.06 0.00
1877 1921.128 102.4 1.01 -0.09
1878 1921.765 86.5 1.03 -0.04
1879 1922.893 170.7 0.95 -0.01
1880 1923.239 159.3 1.03 0.02
1881 1924.286 172.9 1.05 0.05
1882 1924.504 138.8 1.06 0.04
1883 1926.889 177.5 1.11 0.04
1884 1930.985 168.4 1.09 -0.06
1885 1932.087 207.1 0.90 -0.04
1886 1932.478 295.8 0.96 -0.04
1887 1933.916 118.3 0.89 -0.08
1888 1938.595 191.1 0.86 0.04
1889 1939.013 241.2 0.85 -0.00
1890 1940.524 163.8 0.95 0.06
1891 1942.836 145.6 0.90 0.02
1892 1943.164 95.6 0.91 0.03
1893 1943.483 56.9 0.94 0.06
1894 1943.737 154.7 0.91 -0.03
1895 1944.111 179.8 1.02 0.06
1896 1944.338 47.8 0.92 0.05
1897 1944.593 152.5 0.97 0.03
1898 1945.185 129.7 1.07 0.00
1899 1947.624 147.9 1.11 0.03
1900 1948.562 166.1 1.06 0.03
1901 1949.654 102.4 1.10 0.03
1902 1951.429 188.9 1.04 0.11
1903 1952.221 122.9 1.03 -0.01
1904 1952.730 175.2 1.05 0.02
1905 1953.004 127.4 1.11 0.00
1906 1955.634 104.7 1.15 0.00
1907 1956.799 104.7 1.13 0.01
1908 1958.465 118.3 1.10 0.02
1909 1960.868 91.0 1.09 0.02
1910 1961.733 154.7 1.10 0.02
1911 1962.980 56.9 1.08 0.04
1912 1963.198 157.0 1.12 0.05
1913 1964.199 122.9 1.12 0.06
1914 1964.627 161.6 1.12 0.07
1915 1965.938 118.3 1.14 0.06
1916 1967.276 191.1 1.14 0.05
1917 1967.594 127.4 1.13 0.07
1918 1968.550 179.8 1.07 0.06
1919 1969.952 100.1 1.13 0.10
1920 1971.308 163.8 1.12 0.08
1921 1972.009 113.8 1.06 0.04
1922 1972.910 52.3 1.07 0.08
1923 1974.121 129.7 1.07 0.08
1924 1974.248 86.5 1.06 0.09
1925 1974.694 77.4 1.05 0.09
1926 1975.249 182.0 1.09 0.07
1927 1975.522 81.9 1.02 0.10
1928 1975.923 132.0 1.09 0.06
1929 1976.842 100.1 1.09 0.08
1930 1977.179 172.9 1.08 0.09
1931 1977.443 77.4 1.05 0.07
1932 1977.634 145.6 1.12 0.10
1933 1978.490 109.2 1.12 0.08
1934 1978.827 132.0 1.15 0.06
1935 1979.637 127.4 1.15 0.09
1936 1981.894 264.0 1.06 0.07
1937 1982.613 81.9 0.95 0.11
1938 1982.786 163.8 1.11 0.09
1939 1983.787 109.2 1.08 0.06
1940 1985.644 154.7 1.08 0.09
1941 1985.817 104.7 1.04 0.08
1942 1986.299 150.2 1.08 0.11
1943 1986.991 93.3 1.05 0.10
1944 1987.164 68.3 1.05 0.05
1945 1989.604 100.1 1.06 0.12
1946 1991.406 77.4 1.08 0.08
1947 1991.624 102.4 1.07 0.08
1948 1992.362 172.9 1.07 0.09
1949 1992.862 127.4 1.06 0.08
1950 1994.009 113.8 1.06 0.09
1951 1994.655 127.4 1.10 0.06
1952 1995.047 116.1 1.08 0.07
1953 1995.420 120.6 1.09 0.08
1954 1996.312 152.5 1.10 0.09
1955 1996.667 118.3 1.05 0.06
1956 1997.104 118.3 1.03 0.05
1957 1997.868 150.2 1.09 0.10
1958 1998.251 138.8 1.03 -0.00
1959 1999.416 218.5 1.04 0.04
1960 1999.844 109.2 1.03 0.06
1961 2003.821 136.5 1.01 0.10
1962 2005.451 68.3 0.97 0.09
1963 2005.623 63.7 0.99 0.13
1964 2005.778 252.6 1.00 0.13
1965 2006.880 113.8 1.03 0.10
1966 2010.193 136.5 0.88 0.01
1967 2011.294 127.4 1.05 0.04
1968 2011.986 182.0 1.00 0.04
1969 2013.224 109.2 1.04 0.02
1970 2015.554 122.9 1.00 0.05
1971 2016.282 177.5 1.02 0.03
1972 2017.775 100.1 1.04 0.04
1973 2018.112 250.3 1.04 0.01
1974 2018.676 127.4 1.07 0.01
1975 2019.559 154.7 1.08 -0.00
1976 2020.069 127.4 1.05 0.01
1977 2021.771 198.0 1.06 -0.00
1978 2022.217 193.4 0.99 0.00
1979 2023.173 118.3 1.07 0.00
1980 2023.646 154.7 1.04 -0.03
1981 2024.019 147.9 1.08 -0.02
1982 2025.284 127.4 1.08 -0.01
1983 2025.630 38.7 1.04 -0.04
1984 2025.721 104.7 1.08 -0.05
1985 2027.314 227.6 1.06 0.00
1986 2030.864 145.6 1.03 0.11
1987 2031.592 122.9 1.08 0.05
1988 2031.801 159.3 1.01 0.06
1989 2032.011 138.8 0.97 0.05
1990 2035.688 138.8 1.08 0.02
1991 2036.362 107.0 1.02 0.05
1992 2037.800 154.7 1.01 -0.01
1993 2038.537 81.9 1.00 0.01
1994 2038.628 63.7 0.99 0.01
1995 2041.796 68.3 1.05 0.04
1996 2041.869 47.8 1.00 0.04
1997 2042.096 145.6 1.05 0.02
1998 2042.324 136.5 1.04 0.02
1999 2042.988 145.6 1.07 0.02
2000 2043.498 163.8 1.05 -0.01
