1 -0.033 22.8 1.00 -0.03
2 3.317 88.7 1.01 -0.09
3 6.266 143.4 1.05 -0.01
4 7.221 191.1 1.03 -0.04
5 7.686 129.7 0.99 -0.00
6 8.387 109.2 1.03 -0.04
7 8.960 268.5 1.00 -0.06
8 9.734 163.8 1.03 -0.05
9 10.107 163.8 1.02 -0.07
10 10.826 127.4 1.01 -0.05
11 10.981 38.7 1.01 -0.07
12 11.090 168.4 1.00 -0.05
13 11.408 213.9 0.99 -0.08
14 11.782 168.4 1.01 -0.09
15 12.546 100.1 0.96 -0.05
16 12.910 102.4 1.00 -0.04
17 14.440 154.7 1.04 -0.07
18 15.732 154.7 1.04 -0.06
19 17.170 100.1 1.04 0.01
20 18.281 132.0 1.03 0.04
21 18.636 72.8 1.06 0.04
22 18.800 61.4 1.04 0.04
23 19.610 120.6 1.06 0.05
24 19.946 170.7 1.07 0.03
25 20.201 154.7 1.05 0.03
26 20.465 154.7 1.08 0.03
27 21.193 102.4 1.07 -0.01
28 22.122 132.0 1.10 -0.00
29 22.404 195.7 1.10 0.03
30 23.068 109.2 1.07 -0.02
31 23.323 213.9 1.11 0.00
32 24.325 100.1 1.10 0.00
33 25.380 127.4 1.10 0.02
34 25.754 243.5 1.06 -0.01
35 26.527 200.2 1.08 -0.02
36 28.393 56.9 1.07 -0.09
37 28.557 168.4 1.09 -0.08
38 28.994 145.6 1.12 -0.05
39 30.013 109.2 1.11 0.00
40 30.660 91.0 1.06 -0.05
41 31.142 134.3 1.08 -0.01
42 31.242 59.2 1.08 -0.02
43 34.601 154.7 1.07 0.04
44 35.147 127.4 1.08 0.03
45 35.511 122.9 1.08 0.00
46 35.757 118.3 1.09 0.00
47 36.731 127.4 1.09 0.02
48 37.623 91.0 1.09 -0.00
49 38.633 172.9 1.07 -0.00
50 39.143 175.2 1.10 -0.01
51 39.826 118.3 1.08 -0.00
52 40.026 157.0 1.07 0.01
53 40.718 95.6 1.06 0.01
54 41.045 172.9 1.06 0.01
55 42.602 154.7 1.04 0.03
56 43.093 172.9 1.08 -0.00
57 44.513 107.0 1.05 0.06
58 44.959 75.1 1.09 0.06
59 45.205 109.2 1.14 0.06
60 45.505 136.5 1.13 0.05
61 45.797 136.5 1.13 0.06
62 46.598 254.9 1.13 0.05
63 46.916 109.2 1.11 0.02
64 46.989 86.5 1.09 0.06
65 47.581 118.3 1.14 0.06
66 48.163 138.8 1.11 0.06
67 49.884 113.8 1.11 0.00
68 50.776 104.7 1.14 -0.02
69 50.967 188.9 1.14 0.06
70 51.349 88.7 1.11 0.00
71 55.554 56.9 1.08 0.04
72 55.809 122.9 1.10 0.04
73 56.100 223.0 1.09 0.06
74 56.938 68.3 1.08 0.06
75 57.074 100.1 1.08 0.06
76 57.639 104.7 1.10 0.08
77 58.576 184.3 1.05 0.08
78 60.087 138.8 1.13 0.03
79 60.260 143.4 1.10 0.03
80 60.733 86.5 1.10 0.04
81 61.125 72.8 1.11 0.05
82 61.771 129.7 1.13 0.06
83 61.990 159.3 1.13 0.06
84 62.281 34.1 1.10 0.05
85 62.517 136.5 1.12 0.06
86 63.437 136.5 1.12 -0.02
87 64.365 145.6 1.07 0.05
88 65.357 109.2 1.07 0.06
89 65.876 120.6 1.06 0.06
90 69.590 100.1 1.07 0.02
91 69.936 182.0 1.07 0.03
92 70.436 138.8 1.07 0.05
93 71.237 134.3 1.06 0.06
94 71.793 213.9 1.06 0.08
95 72.457 120.6 1.07 0.06
96 73.777 118.3 1.10 0.07
97 75.033 141.1 1.09 0.05
98 76.344 209.4 1.09 0.02
99 77.673 136.5 1.09 0.03
100 79.284 122.9 1.08 0.02
101 79.429 41.0 1.09 0.01
102 82.115 109.2 1.08 0.05
103 82.288 95.6 1.08 0.03
104 83.362 116.1 1.06 0.02
105 84.053 150.2 1.07 0.02
106 84.481 102.4 1.09 -0.00
107 85.473 182.0 1.06 0.02
108 86.738 111.5 1.07 -0.00
109 89.114 109.2 1.05 0.01
110 89.861 125.2 1.09 0.06
111 90.734 172.9 1.03 0.02
112 91.153 122.9 1.03 0.03
113 91.453 81.9 1.07 0.01
114 91.808 91.0 1.06 0.05
115 92.081 204.8 1.08 0.03
116 92.291 143.4 1.06 0.02
117 92.892 152.5 1.09 0.03
118 93.065 136.5 1.07 0.03
119 94.421 100.1 1.08 0.03
120 95.058 172.9 1.08 0.05
121 95.367 109.2 1.06 0.05
122 96.096 213.9 1.07 0.04
123 96.478 109.2 1.09 0.00
124 96.951 359.5 1.09 0.04
125 97.479 188.9 1.06 0.04
126 97.752 154.7 1.06 0.01
127 98.499 127.4 1.09 0.03
128 99.118 223.0 1.09 0.01
129 103.286 129.7 1.07 0.03
130 104.998 209.4 1.10 0.08
131 105.189 145.6 1.12 0.08
132 105.262 52.3 1.11 0.09
133 105.844 145.6 1.10 0.08
134 106.226 111.5 1.11 0.08
135 106.381 102.4 1.09 0.08
136 107.938 86.5 1.09 0.08
137 108.038 204.8 1.10 0.08
138 109.621 191.1 1.08 0.07
139 109.876 172.9 1.10 0.03
140 110.250 138.8 1.07 0.02
141 110.750 172.9 1.10 0.03
142 111.451 154.7 1.08 0.01
143 111.724 191.1 1.09 0.02
144 112.270 159.3 1.10 0.04
145 112.725 122.9 1.09 0.03
146 113.499 100.1 1.09 0.04
147 114.773 195.7 1.10 0.08
148 115.583 229.8 1.11 0.06
149 116.257 122.9 1.12 0.01
150 116.967 132.0 1.10 0.02
151 117.213 93.3 1.09 -0.02
152 117.295 25.0 1.06 -0.02
153 118.087 300.4 1.10 -0.02
154 118.751 145.6 1.12 0.05
155 119.270 81.9 1.07 0.03
156 119.397 122.9 1.13 0.05
157 121.718 182.0 1.10 0.01
158 122.064 172.9 1.10 0.01
159 122.310 186.6 1.07 0.01
160 124.649 152.5 1.11 -0.00
161 126.178 191.1 1.10 0.02
162 126.579 136.5 1.04 0.01
163 126.816 145.6 1.05 0.00
164 127.189 150.2 1.05 0.02
165 127.890 86.5 1.07 0.05
166 128.117 163.8 1.04 0.01
167 128.408 193.4 1.06 0.01
168 129.637 177.5 1.09 0.05
169 130.038 138.8 1.08 0.04
170 130.320 127.4 1.08 0.05
171 130.811 209.4 1.09 0.08
172 131.148 209.4 1.10 0.08
173 132.304 145.6 1.10 0.04
174 134.707 127.4 1.11 0.01
175 135.190 314.0 1.11 0.02
176 136.455 109.2 1.11 0.02
177 137.037 120.6 1.14 -0.01
178 137.502 182.0 1.14 -0.00
179 138.476 184.3 1.15 -0.01
180 139.750 104.7 1.13 0.01
181 140.733 200.2 1.09 -0.01
182 141.070 172.9 1.11 -0.02
183 141.379 136.5 1.07 -0.01
184 142.735 172.9 1.07 -0.04
185 143.181 216.2 1.05 -0.03
186 143.464 138.8 1.07 -0.05
187 143.682 154.7 1.02 -0.05
188 144.128 154.7 1.02 -0.06
189 144.583 102.4 1.03 -0.07
190 144.692 95.6 0.98 -0.07
191 144.820 93.3 0.97 -0.06
192 145.411 223.0 1.02 -0.07
193 146.030 129.7 1.04 -0.07
194 148.361 154.7 1.03 0.02
195 149.689 100.1 1.04 0.00
196 150.327 136.5 1.03 -0.05
197 150.591 104.7 1.05 -0.04
198 150.900 163.8 1.06 -0.04
199 151.255 172.9 1.07 -0.01
200 151.455 136.5 1.08 -0.02
201 151.710 198.0 1.08 -0.03
202 152.311 145.6 1.10 -0.05
203 152.757 302.6 1.10 -0.00
204 153.094 91.0 1.08 0.06
205 153.558 198.0 1.11 0.03
206 154.177 95.6 1.08 0.01
207 154.322 100.1 1.08 -0.01
208 154.486 100.1 1.07 -0.02
209 154.696 136.5 1.07 -0.04
210 155.205 61.4 1.05 -0.02
211 155.478 136.5 1.08 -0.05
212 156.343 184.3 1.06 -0.06
213 156.935 109.2 1.05 0.03
214 157.099 109.2 1.07 -0.07
215 157.836 145.6 1.05 0.00
216 159.502 136.5 1.03 -0.04
217 160.121 79.6 1.05 -0.06
218 161.941 116.1 1.04 -0.02
219 162.642 145.6 1.09 0.01
220 163.261 163.8 1.08 0.01
221 164.344 41.0 1.11 -0.03
222 165.109 129.7 1.12 -0.01
223 165.482 134.3 1.12 -0.01
224 167.666 109.2 1.10 -0.02
225 168.740 232.1 1.08 -0.06
226 169.314 118.3 1.10 -0.06
227 170.297 118.3 1.07 -0.11
228 171.007 138.8 1.06 -0.09
229 171.271 70.5 1.07 -0.06
230 172.645 154.7 1.06 -0.01
231 173.164 166.1 1.07 -0.02
232 173.829 113.8 1.09 -0.01
233 174.429 91.0 1.04 -0.03
234 174.839 47.8 1.04 -0.01
235 175.167 220.7 1.06 -0.02
236 175.786 250.3 1.06 -0.02
237 177.906 209.4 1.06 -0.01
238 178.507 91.0 1.11 -0.03
239 180.209 163.8 1.09 0.02
240 181.283 284.4 1.09 0.03
241 182.157 100.1 1.09 0.00
242 182.412 125.2 1.09 0.01
243 183.031 104.7 1.08 0.02
244 183.859 100.1 1.07 -0.00
245 183.996 81.9 1.07 0.00
246 184.096 107.0 1.08 -0.00
247 184.433 172.9 1.06 -0.03
248 185.288 127.4 1.05 -0.03
249 185.543 118.3 1.05 -0.05
250 187.182 127.4 1.07 0.01
251 187.500 145.6 1.05 0.00
252 187.873 125.2 1.05 0.00
253 188.119 127.4 0.99 0.00
254 191.460 100.1 1.04 0.03
255 192.606 132.0 1.02 -0.00
256 192.898 100.1 1.01 0.02
257 193.098 109.2 1.06 0.02
258 193.954 150.2 1.04 0.06
259 194.518 109.2 1.08 0.04
260 194.782 109.2 1.07 0.03
261 195.228 102.4 1.04 0.06
262 195.719 209.4 1.05 0.03
263 195.974 145.6 1.04 0.05
264 198.314 118.3 1.04 0.00
265 198.951 134.3 1.10 0.00
266 199.187 145.6 1.09 -0.01
267 201.645 109.2 1.12 -0.02
268 203.383 182.0 1.13 -0.03
269 203.675 136.5 1.09 -0.03
270 204.894 154.7 1.07 0.00
271 207.334 182.0 1.13 -0.01
272 207.607 111.5 1.14 -0.02
273 209.209 81.9 1.12 -0.02
274 209.591 218.5 1.11 0.01
275 210.447 211.6 1.11 0.02
276 211.503 182.0 1.11 0.01
277 211.785 172.9 1.08 0.01
278 212.404 154.7 1.12 -0.01
279 212.568 127.4 1.09 -0.01
280 212.759 127.4 1.11 -0.02
281 213.587 186.6 1.11 -0.01
282 213.887 102.4 1.10 0.01
283 214.698 157.0 1.06 -0.01
284 217.110 97.8 1.12 0.03
285 218.611 118.3 1.07 -0.05
286 219.758 127.4 1.05 -0.06
287 220.095 182.0 1.07 -0.06
288 221.160 52.3 1.04 -0.04
289 223.336 122.9 1.03 -0.07
290 223.618 77.4 1.05 -0.10
291 225.047 145.6 1.03 -0.05
292 226.803 127.4 1.01 -0.04
293 226.986 118.3 1.04 -0.02
294 227.523 91.0 1.09 -0.00
295 228.888 109.2 1.15 0.00
296 229.297 122.9 1.13 0.00
297 229.962 109.2 1.15 0.00
298 230.353 91.0 1.10 0.00
299 230.808 38.7 1.13 0.01
300 230.890 34.1 1.18 0.01
301 231.528 127.4 1.15 -0.00
302 232.775 118.3 1.15 -0.01
303 233.521 93.3 1.16 -0.02
304 235.878 109.2 1.15 -0.03
305 236.925 47.8 1.14 0.01
306 237.508 166.1 1.12 0.01
307 238.573 118.3 1.11 0.02
308 239.747 127.4 1.15 0.01
309 240.602 166.1 1.10 -0.04
310 242.013 66.0 1.08 -0.05
311 242.796 127.4 1.10 -0.06
312 242.996 100.1 1.07 -0.06
313 243.433 186.6 1.11 -0.04
314 243.743 191.1 1.06 -0.04
315 243.907 41.0 1.08 -0.03
316 246.883 136.5 1.05 -0.04
317 247.074 154.7 1.10 -0.06
318 247.930 127.4 1.09 -0.01
319 248.622 104.7 1.06 0.03
320 249.878 88.7 1.09 0.04
321 252.954 77.4 1.06 0.02
322 254.329 79.6 1.05 0.07
323 255.621 154.7 1.08 0.07
324 255.849 168.4 1.06 0.06
325 256.340 166.1 1.08 0.05
326 257.587 154.7 1.10 0.01
327 257.915 109.2 1.08 0.02
328 258.916 132.0 1.02 -0.00
329 260.600 182.0 1.06 0.01
330 260.882 136.5 0.98 0.03
331 261.701 113.8 1.04 0.02
332 262.238 157.0 1.05 0.01
333 262.393 63.7 1.05 -0.03
334 263.285 291.3 1.02 -0.01
335 264.696 104.7 1.03 -0.01
336 265.342 248.0 1.03 -0.03
337 265.743 145.6 1.03 -0.03
338 267.527 220.7 1.03 -0.03
339 267.900 168.4 1.02 -0.05
340 268.291 118.3 1.01 -0.06
341 268.437 138.8 1.03 -0.06
342 268.564 45.5 1.06 -0.07
343 269.293 100.1 1.05 -0.05
344 269.666 100.1 1.05 -0.04
345 270.940 227.6 1.07 -0.00
346 271.914 145.6 1.05 0.02
347 272.606 91.0 1.06 0.01
348 272.815 209.4 1.02 -0.01
349 273.480 132.0 1.04 0.01
350 274.326 159.3 1.04 0.00
351 274.972 109.2 1.04 -0.00
352 275.610 250.3 1.01 0.01
353 275.801 157.0 1.01 0.01
354 275.946 81.9 1.02 0.01
355 276.966 122.9 1.04 -0.00
356 277.294 125.2 0.99 -0.01
357 277.448 63.7 1.03 -0.01
358 277.512 43.2 1.03 -0.00
359 279.360 136.5 1.08 0.03
360 280.807 154.7 1.09 0.07
361 281.371 100.1 1.08 0.05
362 281.845 109.2 1.10 0.08
363 283.028 147.9 1.09 0.06
364 284.066 168.4 1.05 0.06
365 284.776 41.0 1.08 0.08
366 285.859 245.8 1.02 0.08
367 286.150 136.5 1.05 0.08
368 286.805 257.1 1.05 0.08
369 287.097 129.7 1.04 0.06
370 287.470 159.3 1.06 0.06
371 287.679 118.3 1.08 0.07
372 288.471 127.4 1.03 0.07
373 290.355 113.8 1.09 0.11
374 291.657 109.2 1.09 0.08
375 293.077 223.0 1.04 0.01
376 293.395 127.4 1.04 0.03
377 294.542 136.5 1.00 0.02
378 294.742 132.0 1.02 0.02
379 296.190 86.5 1.00 0.02
380 296.372 136.5 0.99 0.02
381 296.818 182.0 0.97 -0.03
382 298.784 236.7 1.00 0.07
383 300.331 229.8 0.98 0.11
384 302.443 109.2 1.00 0.03
385 303.007 59.2 0.97 -0.02
386 303.353 118.3 1.02 -0.04
387 303.481 86.5 0.99 0.00
388 303.644 172.9 1.00 -0.03
389 305.638 172.9 1.01 -0.03
390 306.630 154.7 1.04 -0.04
391 308.014 209.4 0.99 -0.05
392 308.651 136.5 1.01 -0.01
393 308.987 136.5 1.01 -0.04
394 309.597 86.5 0.98 -0.01
395 309.852 172.9 0.96 -0.02
396 310.580 68.3 0.99 -0.03
397 311.500 227.6 0.96 -0.05
398 311.791 245.8 0.94 -0.05
399 312.383 132.0 1.02 -0.04
400 312.901 86.5 0.97 -0.03
401 313.011 72.8 0.96 -0.03
402 313.202 218.5 0.97 -0.03
403 313.548 200.2 0.97 -0.03
404 313.875 50.1 0.94 0.06
405 314.594 136.5 0.99 0.04
406 315.068 109.2 0.98 0.02
407 315.732 109.2 0.98 0.01
408 316.233 122.9 0.96 0.02
409 316.970 113.8 0.96 0.02
410 317.380 159.3 1.02 0.05
411 318.554 118.3 0.97 0.04
412 318.745 136.5 1.00 0.04
413 319.118 66.0 0.97 0.01
414 319.419 104.7 0.98 0.04
415 320.238 113.8 0.99 0.06
416 321.467 179.8 1.03 0.09
417 323.924 145.6 0.99 0.05
418 324.270 132.0 1.00 0.07
419 325.089 136.5 1.03 0.03
420 326.291 163.8 0.96 0.05
421 326.992 136.5 1.00 0.03
422 327.729 118.3 0.98 0.03
423 328.057 118.3 1.01 0.04
424 329.267 168.4 1.04 -0.00
425 330.423 81.9 1.01 -0.05
426 330.988 102.4 1.03 -0.01
427 331.424 191.1 1.00 -0.04
428 331.588 66.0 0.99 -0.02
429 332.389 241.2 0.98 0.00
430 333.573 259.4 1.02 -0.04
431 334.920 127.4 1.05 -0.00
432 335.575 100.1 1.04 0.01
433 336.103 127.4 1.07 -0.02
434 337.441 182.0 1.08 -0.01
435 339.061 236.7 1.04 -0.02
436 339.252 157.0 1.10 -0.02
437 342.183 100.1 0.96 -0.02
438 343.649 100.1 1.08 -0.06
439 344.759 238.9 1.08 -0.05
440 346.006 145.6 1.01 -0.04
441 346.580 127.4 1.04 -0.07
442 347.881 107.0 1.04 -0.07
443 348.136 172.9 1.02 -0.02
444 349.420 75.1 0.98 -0.05
445 350.594 254.9 1.04 -0.02
446 352.205 200.2 0.97 0.08
447 353.115 182.0 0.98 0.02
448 353.443 145.6 1.00 0.03
449 354.016 97.8 0.97 0.01
450 355.300 81.9 1.01 0.03
451 356.547 195.7 1.01 0.03
452 356.747 61.4 1.03 0.05
453 357.630 118.3 1.01 0.01
454 358.886 232.1 1.03 0.04
455 359.505 86.5 0.95 0.02
456 359.678 182.0 1.02 0.05
457 361.016 400.5 1.03 -0.00
458 361.926 216.2 1.05 -0.00
459 362.600 41.0 1.01 -0.03
460 365.094 163.8 0.93 0.05
461 365.549 136.5 0.94 0.05
462 366.268 391.4 0.95 0.06
463 367.032 268.5 0.94 0.03
464 368.898 191.1 0.90 -0.05
465 369.918 220.7 0.89 0.02
466 371.520 154.7 0.90 0.01
467 371.756 172.9 0.96 0.01
468 371.948 141.1 0.91 0.14
469 373.468 47.8 0.92 0.07
470 379.703 182.0 0.83 0.01
471 380.058 136.5 0.85 0.02
472 380.249 56.9 0.88 0.03
473 380.922 163.8 0.92 0.02
474 381.277 88.7 0.90 0.05
475 382.069 141.1 0.89 0.02
476 383.098 120.6 0.92 0.01
477 385.027 195.7 0.98 0.06
478 385.373 184.3 0.96 0.06
479 385.929 172.9 0.93 0.06
480 388.477 109.2 0.89 0.01
481 388.814 172.9 0.90 0.02
482 389.733 209.4 0.92 -0.04
483 390.125 154.7 1.08 -0.01
484 392.127 157.0 1.06 -0.02
485 393.875 118.3 1.13 -0.01
486 394.184 223.0 1.11 -0.01
487 395.923 154.7 1.14 -0.02
488 396.879 118.3 1.14 -0.05
489 397.798 125.2 1.14 -0.03
490 398.153 122.9 1.11 -0.02
491 399.746 109.2 1.11 -0.04
492 400.274 104.7 1.12 -0.05
493 400.583 102.4 1.11 -0.05
494 401.502 150.2 1.13 -0.05
495 402.504 66.0 1.12 -0.06
496 403.277 145.6 1.10 -0.06
497 403.660 161.6 1.11 -0.07
498 405.526 154.7 1.10 -0.03
499 406.117 116.1 1.10 -0.03
500 406.845 127.4 1.10 -0.01
501 407.055 132.0 1.10 -0.01
502 407.765 109.2 1.11 -0.02
503 408.939 91.0 1.12 -0.00
504 409.494 116.1 1.12 -0.01
505 410.778 91.0 1.11 -0.02
506 411.205 77.4 1.17 -0.01
507 411.278 41.0 1.16 -0.03
508 412.462 282.2 1.15 0.04
509 412.771 191.1 1.12 0.04
510 412.944 122.9 1.15 0.03
511 413.126 129.7 1.13 0.02
512 413.627 47.8 1.14 -0.04
513 414.792 136.5 1.11 -0.01
514 415.447 154.7 1.13 -0.03
515 415.948 168.4 1.11 -0.01
516 416.275 127.4 1.14 -0.03
517 417.104 118.3 1.10 0.00
518 417.622 268.5 1.12 -0.00
519 418.023 136.5 1.13 0.00
520 418.897 116.1 1.13 0.03
521 419.607 236.7 1.12 0.06
522 420.681 93.3 1.14 0.05
523 421.136 145.6 1.13 0.07
524 421.354 191.1 1.13 0.06
525 421.955 127.4 1.09 0.07
526 422.210 56.9 1.12 0.01
527 422.374 129.7 1.06 0.06
528 423.493 127.4 1.11 0.05
529 423.839 163.8 1.09 0.03
530 425.605 68.3 1.09 -0.00
531 425.751 111.5 1.11 -0.00
532 426.807 127.4 1.12 -0.02
533 427.298 134.3 1.11 -0.04
534 427.626 186.6 1.13 -0.01
535 428.035 136.5 1.12 -0.03
536 428.754 127.4 1.15 -0.04
537 429.483 209.4 1.10 -0.03
538 429.783 84.2 1.11 -0.06
539 430.675 102.4 1.09 -0.03
540 431.458 177.5 1.13 -0.05
541 432.641 138.8 1.09 -0.05
542 432.796 150.2 1.09 -0.08
543 433.278 136.5 1.11 -0.07
544 433.934 332.2 1.12 -0.04
545 434.334 86.5 1.10 -0.05
546 434.489 43.2 1.10 -0.05
547 434.980 145.6 1.09 -0.05
548 437.138 50.1 1.10 -0.02
549 438.048 236.7 1.13 -0.03
550 438.867 109.2 1.14 -0.03
551 439.104 127.4 1.10 -0.03
552 439.595 382.3 1.13 -0.06
553 441.124 100.1 1.05 0.01
554 442.608 332.2 1.11 -0.02
555 443.764 95.6 1.08 -0.03
556 444.028 172.9 1.13 -0.03
557 444.729 100.1 1.11 -0.02
558 444.884 88.7 1.10 -0.02
559 445.202 163.8 1.10 0.00
560 445.439 118.3 1.13 -0.03
561 445.812 136.5 1.15 -0.03
562 446.376 68.3 1.13 -0.01
563 447.824 236.7 1.08 -0.02
564 448.215 81.9 1.08 -0.02
565 449.143 154.7 1.08 -0.03
566 450.008 145.6 1.09 -0.04
567 452.047 100.1 1.09 -0.01
568 452.548 211.6 1.08 0.01
569 453.412 209.4 1.08 0.00
570 454.550 118.3 1.09 0.01
571 454.923 213.9 1.11 0.00
572 455.624 207.1 1.06 0.02
573 458.000 54.6 1.03 -0.02
574 458.209 77.4 1.07 -0.02
575 458.364 122.9 1.04 -0.02
576 458.619 145.6 1.05 -0.01
577 459.201 127.4 1.02 -0.04
578 459.447 66.0 1.01 -0.02
579 462.314 170.7 0.99 -0.01
580 462.697 93.3 1.00 0.00
581 464.854 136.5 1.00 0.07
582 465.072 136.5 0.99 0.07
583 466.756 195.7 1.00 0.06
584 467.302 91.0 0.99 0.06
585 467.958 195.7 0.99 0.03
586 469.414 138.8 1.02 0.05
587 469.887 109.2 1.02 0.07
588 470.698 182.0 0.99 0.05
589 471.062 141.1 1.01 0.04
590 471.371 163.8 1.02 0.02
591 471.571 95.6 1.02 0.01
592 472.655 145.6 1.03 0.05
593 473.537 127.4 0.99 0.06
594 476.068 77.4 1.02 0.01
595 476.459 66.0 1.02 0.02
596 476.550 86.5 1.02 0.05
597 477.060 182.0 1.00 0.05
598 477.360 200.2 0.98 0.06
599 479.945 204.8 0.99 0.15
600 480.601 109.2 0.99 0.12
601 481.866 159.3 1.04 0.09
602 482.357 125.2 1.05 0.07
603 483.659 113.8 1.00 0.06
604 485.070 132.0 1.04 0.10
605 485.935 200.2 1.02 0.07
606 487.100 163.8 1.05 0.04
607 489.821 109.2 1.06 0.01
608 490.404 50.1 1.05 0.01
609 490.486 59.2 1.02 0.01
610 493.453 118.3 1.00 0.05
611 494.336 245.8 1.02 0.10
612 494.909 202.5 1.05 0.09
613 495.537 59.2 1.00 0.09
614 496.502 111.5 1.04 0.06
615 497.085 145.6 1.01 0.06
616 498.432 50.1 1.01 0.05
617 498.550 88.7 1.01 0.10
618 498.669 122.9 1.04 0.08
619 499.051 102.4 1.01 0.07
620 500.289 147.9 0.99 0.09
621 501.026 50.1 1.00 0.10
622 501.090 61.4 1.02 0.09
623 501.463 79.6 1.00 0.10
624 501.636 145.6 1.00 0.10
625 501.982 59.2 1.04 0.09
626 502.619 68.3 1.02 0.08
627 503.156 154.7 1.04 0.10
628 503.802 127.4 1.06 0.09
629 504.458 154.7 1.04 0.06
630 504.986 157.0 0.99 0.06
631 506.360 68.3 1.03 0.05
632 507.070 127.4 1.00 0.00
633 507.480 111.5 1.01 -0.01
634 507.889 245.8 1.04 0.02
635 509.164 95.6 0.97 0.01
636 509.737 107.0 0.98 0.01
637 510.183 100.1 0.98 0.01
638 510.574 218.5 0.95 -0.00
639 510.802 154.7 0.98 -0.00
640 511.057 102.4 0.94 0.00
641 511.248 134.3 0.96 -0.00
642 514.698 91.0 1.00 -0.02
643 515.626 204.8 1.02 0.00
644 516.209 154.7 1.02 0.00
645 517.474 166.1 1.00 0.02
646 517.711 145.6 1.00 0.02
647 518.248 132.0 0.99 0.06
648 518.976 182.0 0.97 0.06
649 519.558 113.8 0.97 0.06
650 520.669 232.1 0.99 0.03
651 520.869 132.0 0.96 0.04
652 521.224 127.4 0.97 0.05
653 522.398 118.3 1.03 0.03
654 523.682 177.5 1.01 0.03
655 523.836 116.1 1.03 0.03
656 524.901 79.6 1.01 0.02
657 526.075 154.7 1.00 0.06
658 526.303 91.0 0.99 0.04
659 526.549 109.2 1.03 0.11
660 526.822 227.6 0.99 0.06
661 527.614 109.2 1.05 0.13
662 527.932 163.8 1.01 0.06
663 528.133 163.8 1.01 0.06
664 529.070 63.7 1.10 0.14
665 529.298 136.5 1.10 0.16
666 529.980 154.7 1.10 0.15
667 531.582 109.2 1.07 0.08
668 534.550 236.7 0.97 0.10
669 535.769 193.4 1.08 0.04
670 535.942 127.4 1.08 0.04
671 536.243 141.1 1.07 0.04
672 536.944 163.8 1.03 0.01
673 538.509 127.4 1.10 0.04
674 540.138 93.3 1.04 0.02
675 540.302 88.7 1.05 0.02
676 540.821 168.4 1.07 0.02
677 541.959 109.2 1.05 -0.02
678 542.560 136.5 1.03 -0.05
679 542.869 127.4 1.03 -0.05
680 543.069 81.9 0.99 -0.07
681 544.152 136.5 1.01 0.02
682 545.245 152.5 1.01 0.02
683 546.037 118.3 1.03 0.04
684 547.229 122.9 1.04 0.05
685 553.236 141.1 1.09 0.12
686 553.437 141.1 1.11 0.12
687 554.420 236.7 1.13 0.14
688 554.966 118.3 1.12 0.12
689 555.130 100.1 1.12 0.11
690 555.266 109.2 1.12 0.10
691 555.831 163.8 1.13 0.08
692 556.495 111.5 1.09 0.07
693 558.871 136.5 1.09 0.04
694 559.435 150.2 1.09 0.04
695 560.236 213.9 1.09 0.05
696 560.482 136.5 1.11 0.05
697 560.828 118.3 1.10 0.04
698 561.092 223.0 1.09 0.05
699 561.783 157.0 1.11 0.04
700 562.038 118.3 1.11 0.03
701 562.211 111.5 1.10 0.03
702 562.794 107.0 1.10 0.04
703 563.968 93.3 1.12 0.03
704 564.314 97.8 1.11 0.05
705 566.307 111.5 1.08 0.06
706 566.726 109.2 1.10 0.04
707 567.809 193.4 1.11 0.04
708 567.991 102.4 1.09 0.05
709 568.537 218.5 1.12 0.04
710 570.758 229.8 1.10 0.07
711 571.596 111.5 1.15 0.06
712 571.778 118.3 1.14 0.04
713 573.352 100.1 1.18 0.04
714 573.507 102.4 1.14 0.04
715 573.716 145.6 1.14 0.05
716 574.818 182.0 1.13 -0.01
717 576.948 109.2 1.09 0.00
718 577.712 136.5 1.12 -0.00
719 578.268 127.4 1.17 0.03
720 580.452 120.6 1.15 0.01
721 582.828 218.5 1.12 0.05
722 583.956 172.9 1.10 0.06
723 585.449 84.2 1.15 0.06
724 586.259 145.6 1.14 0.06
725 586.450 109.2 1.10 0.07
726 587.024 100.1 1.08 0.08
727 588.098 91.0 1.11 0.08
728 588.298 118.3 1.10 0.08
729 588.917 127.4 1.13 0.10
730 589.136 118.3 1.12 0.08
731 589.318 127.4 1.13 0.08
732 589.500 70.5 1.12 0.09
733 590.301 264.0 1.12 0.11
734 591.411 50.1 1.18 0.08
735 591.702 141.1 1.16 0.09
736 593.405 216.2 1.15 0.08
737 593.741 127.4 1.16 0.09
738 595.034 227.6 1.13 0.04
739 595.562 209.4 1.14 0.02
740 595.853 161.6 1.13 0.04
741 596.153 93.3 1.12 0.03
742 596.973 61.4 1.12 0.03
743 597.173 127.4 1.12 0.02
744 598.948 134.3 1.14 0.02
745 599.339 220.7 1.11 0.01
746 599.867 109.2 1.10 -0.00
747 600.586 141.1 1.10 0.04
748 601.087 109.2 1.09 -0.02
749 601.405 134.3 1.11 0.02
750 601.624 118.3 1.14 0.01
751 602.370 86.5 1.12 0.02
752 602.616 236.7 1.14 0.09
753 602.898 100.1 1.13 0.04
754 604.864 120.6 1.10 0.05
755 605.156 91.0 1.12 0.05
756 606.029 109.2 1.10 0.00
757 606.466 138.8 1.11 0.01
758 608.724 100.1 1.12 0.05
759 609.597 136.5 1.14 0.05
760 611.354 132.0 1.12 0.00
761 611.909 95.6 1.12 0.02
762 612.756 104.7 1.13 0.02
763 613.029 145.6 1.12 0.01
764 614.449 216.2 1.13 0.04
765 614.758 170.7 1.11 -0.00
766 615.323 145.6 1.12 0.01
767 617.152 163.8 1.13 0.01
768 618.044 127.4 1.09 -0.01
769 618.918 118.3 1.09 -0.02
770 619.865 118.3 1.12 -0.01
771 620.720 43.2 1.11 0.01
772 621.439 127.4 1.14 0.02
773 621.876 200.2 1.14 -0.00
774 622.960 77.4 1.13 0.05
775 623.169 91.0 1.13 0.05
776 623.779 157.0 1.12 0.02
777 624.088 100.1 1.12 0.02
778 624.989 59.2 1.10 0.01
779 625.062 61.4 1.11 0.02
780 625.417 127.4 1.12 0.01
781 626.127 127.4 1.12 0.01
782 626.764 113.8 1.12 0.00
783 627.702 109.2 1.11 0.02
784 628.175 191.1 1.11 -0.01
785 628.348 93.3 1.11 -0.00
786 629.613 102.4 1.14 0.02
787 630.396 132.0 1.11 -0.00
788 631.388 104.7 1.08 -0.00
789 631.561 95.6 1.12 -0.00
790 632.135 141.1 1.11 -0.01
791 632.399 209.4 1.14 -0.01
792 632.817 154.7 1.12 -0.01
793 633.527 152.5 1.13 0.02
794 634.419 163.8 1.12 0.02
795 634.902 118.3 1.15 0.01
796 635.056 91.0 1.09 0.01
797 635.411 172.9 1.13 -0.01
798 635.721 132.0 1.13 -0.02
799 637.678 91.0 1.10 0.00
800 637.851 111.5 1.11 0.01
801 639.180 136.5 1.14 0.04
802 639.407 163.8 1.10 0.01
803 639.908 77.4 1.11 0.00
804 640.727 143.4 1.12 0.02
805 641.965 163.8 1.10 0.05
806 642.475 52.3 1.12 0.07
807 642.857 227.6 1.08 0.07
808 643.485 191.1 1.11 0.08
809 643.749 168.4 1.12 0.08
810 644.250 136.5 1.09 0.07
811 646.935 118.3 1.09 0.04
812 647.772 154.7 1.05 0.05
813 649.320 100.1 1.09 0.04
814 650.476 136.5 1.11 0.04
815 650.639 136.5 1.11 0.06
816 651.076 145.6 1.11 0.04
817 651.641 127.4 1.08 0.03
818 653.233 172.9 1.10 0.04
819 653.543 298.1 1.08 0.09
820 654.608 147.9 1.13 0.06
821 654.908 86.5 1.10 0.07
822 655.118 209.4 1.10 0.06
823 655.500 182.0 1.11 0.05
824 655.891 150.2 1.12 0.06
825 656.183 122.9 1.04 0.05
826 656.683 209.4 1.07 0.05
827 657.275 66.0 1.13 0.08
828 658.112 127.4 1.07 0.10
829 659.960 179.8 1.11 0.07
830 660.160 109.2 1.09 0.10
831 660.743 118.3 1.10 0.07
832 661.471 109.2 1.10 0.07
833 662.463 145.6 1.08 0.05
834 662.736 150.2 1.08 0.04
835 664.065 68.3 1.10 0.05
836 664.611 236.7 1.10 0.07
837 664.848 127.4 1.10 0.04
838 665.576 264.0 1.07 0.04
839 665.804 104.7 1.08 0.04
840 666.013 125.2 1.10 0.04
841 666.231 186.6 1.08 0.02
842 666.905 182.0 1.06 0.02
843 667.224 127.4 1.12 -0.02
844 669.162 68.3 1.10 -0.01
845 669.991 136.5 1.12 -0.02
846 670.473 136.5 1.12 0.02
847 670.737 91.0 1.07 0.01
848 670.883 72.8 1.11 0.01
849 671.811 122.9 1.12 -0.02
850 672.066 152.5 1.11 -0.01
851 672.867 95.6 1.10 0.01
852 673.058 75.1 1.06 0.01
853 675.243 145.6 1.08 -0.02
854 675.434 102.4 1.10 -0.02
855 675.907 161.6 1.07 0.02
856 676.053 77.4 1.08 -0.01
857 676.553 109.2 1.09 0.00
858 677.154 191.1 1.09 -0.00
859 677.382 204.8 1.08 0.02
860 680.085 70.5 1.07 -0.01
861 681.405 127.4 1.06 0.04
862 682.725 163.8 1.07 0.02
863 684.518 138.8 1.04 0.01
864 684.955 154.7 1.04 0.02
865 685.237 109.2 1.08 0.04
866 685.446 84.2 1.08 0.00
867 686.311 168.4 1.05 0.02
868 686.866 113.8 1.01 0.00
869 687.931 138.8 1.00 -0.00
870 688.195 100.1 1.01 0.02
871 688.914 61.4 1.01 -0.01
872 690.817 304.9 1.03 0.01
873 692.573 182.0 1.05 0.04
874 692.901 100.1 1.05 0.05
875 693.565 159.3 1.03 0.04
876 694.894 150.2 1.09 0.05
877 695.149 136.5 1.09 0.05
878 695.795 107.0 1.09 0.06
879 696.906 54.6 1.16 0.08
880 697.061 136.5 1.07 0.07
881 697.516 118.3 1.07 0.07
882 698.499 161.6 1.13 0.10
883 701.657 207.1 1.12 0.10
884 703.469 107.0 1.13 0.06
885 705.417 100.1 1.10 0.04
886 706.035 129.7 1.09 0.06
887 706.145 84.2 1.14 0.06
888 706.354 161.6 1.12 0.05
889 707.738 109.2 1.13 0.04
890 709.640 163.8 1.09 0.05
891 710.314 38.7 1.10 0.07
892 710.377 41.0 1.06 0.06
893 711.115 109.2 1.07 0.03
894 711.561 154.7 1.09 0.06
895 711.888 209.4 1.08 0.04
896 712.271 141.1 1.10 0.07
897 713.181 172.9 1.07 0.07
898 713.882 61.4 1.07 0.06
899 714.373 172.9 1.09 0.05
900 714.537 109.2 1.09 0.05
901 716.403 122.9 1.08 0.05
902 716.576 77.4 1.09 0.04
903 718.560 254.9 1.09 -0.01
904 719.143 75.1 1.10 0.01
905 719.925 145.6 1.09 0.01
906 720.663 68.3 1.09 0.02
907 721.036 154.7 1.06 0.03
908 721.318 145.6 1.10 0.03
909 723.366 100.1 1.10 0.04
910 723.639 182.0 1.13 0.03
911 723.958 104.7 1.09 0.03
912 724.358 136.5 1.11 0.04
913 726.688 132.0 1.08 -0.01
914 726.889 77.4 1.07 -0.01
915 727.253 59.2 1.06 -0.01
916 727.353 91.0 1.08 0.01
917 728.500 166.1 1.06 0.04
918 728.682 122.9 1.09 0.04
919 729.101 166.1 1.09 0.02
920 729.756 195.7 1.13 0.06
921 731.931 157.0 1.09 0.10
922 732.141 193.4 1.09 0.10
923 732.632 172.9 1.10 0.06
924 733.306 145.6 1.09 0.07
925 733.897 136.5 1.09 0.05
926 734.180 227.6 1.06 0.05
927 735.345 209.4 1.07 0.02
928 735.745 145.6 1.06 0.01
929 736.000 202.5 1.06 0.01
930 737.720 52.3 1.03 0.05
931 738.084 109.2 1.06 0.05
932 740.824 52.3 1.03 0.04
933 740.952 86.5 1.01 0.04
934 741.297 127.4 1.03 0.00
935 741.489 141.1 1.01 0.00
936 742.208 175.2 1.02 0.02
937 743.792 236.7 1.02 0.01
938 744.010 109.2 1.02 0.01
939 744.174 127.4 1.02 0.03
940 745.011 168.4 1.03 0.02
941 746.367 127.4 1.03 0.04
942 746.941 145.6 1.01 0.02
943 747.542 136.5 0.97 0.01
944 748.670 143.4 0.98 0.02
945 749.171 172.9 0.99 0.02
946 750.691 172.9 1.00 0.04
947 751.392 100.1 1.02 0.03
948 753.158 154.7 0.98 0.05
949 753.558 111.5 0.98 0.02
950 754.532 109.2 0.97 0.02
951 755.734 200.2 1.00 0.02
952 756.698 116.1 1.00 0.03
953 757.927 145.6 1.03 0.03
954 758.155 127.4 0.97 0.03
955 758.492 118.3 1.03 0.03
956 759.320 118.3 0.99 0.01
957 760.503 118.3 0.97 0.02
958 761.049 145.6 0.99 0.05
959 762.269 127.4 1.00 0.05
960 762.433 109.2 1.04 0.06
961 763.043 95.6 1.02 0.05
962 763.234 150.2 1.01 0.04
963 763.452 154.7 1.01 -0.01
964 763.880 50.1 0.97 0.01
965 763.971 88.7 1.01 -0.00
966 764.144 141.1 0.99 0.02
967 765.091 143.4 1.00 0.00
968 765.628 200.2 1.01 0.02
969 766.447 129.7 1.00 0.04
970 766.829 127.4 1.04 0.05
971 767.166 152.5 1.05 0.02
972 767.357 109.2 1.05 0.01
973 767.994 170.7 1.02 0.00
974 768.313 136.5 1.04 -0.00
975 769.178 150.2 1.09 -0.07
976 770.488 154.7 1.12 -0.04
977 775.786 172.9 1.15 -0.03
978 777.215 100.1 1.04 -0.05
979 777.379 104.7 1.03 -0.05
980 777.952 125.2 1.03 -0.05
981 779.090 161.6 0.99 -0.04
982 780.237 154.7 1.07 -0.04
983 781.648 113.8 1.11 -0.03
984 783.687 102.4 0.96 -0.10
985 784.697 113.8 1.01 -0.05
986 785.662 127.4 1.04 0.05
987 786.144 282.2 1.05 0.06
988 787.118 163.8 1.09 0.02
989 787.409 154.7 1.07 0.02
990 787.728 177.5 1.06 -0.00
991 788.056 125.2 0.99 0.04
992 788.884 102.4 0.92 0.01
993 792.607 68.3 1.04 -0.01
994 793.744 150.2 1.08 -0.04
995 793.936 145.6 1.09 -0.03
996 799.415 120.6 1.09 -0.04
997 800.034 127.4 1.13 -0.06
998 800.462 207.1 1.10 0.02
999 800.726 168.4 1.06 -0.04
1000 801.809 118.3 1.08 -0.02
1001 802.137 118.3 1.07 0.01
1002 802.273 68.3 1.09 -0.01
1003 802.901 100.1 1.06 0.00
1004 803.420 177.5 1.08 0.04
1005 803.830 84.2 1.08 -0.00
1006 804.212 118.3 1.06 -0.00
1007 804.485 102.4 1.04 0.00
1008 805.095 118.3 1.07 -0.00
1009 805.341 100.1 1.08 0.02
1010 805.978 136.5 0.99 0.04
1011 808.263 223.0 1.09 0.01
1012 808.499 168.4 0.91 0.01
1013 813.542 136.5 1.06 -0.03
1014 814.325 68.3 1.06 -0.01
1015 814.461 143.4 1.03 -0.05
1016 815.526 116.1 1.02 -0.07
1017 815.836 118.3 1.06 -0.09
1018 816.318 136.5 1.05 -0.04
1019 817.337 236.7 1.04 -0.07
1020 818.366 150.2 1.01 -0.06
1021 818.675 118.3 1.04 0.05
1022 821.233 122.9 1.00 -0.13
1023 822.153 132.0 0.97 -0.13
1024 824.100 172.9 0.95 -0.06
1025 826.121 118.3 1.07 -0.03
1026 827.523 104.7 0.97 0.00
1027 829.361 109.2 1.02 0.18
1028 830.263 172.9 0.94 0.11
1029 830.490 86.5 1.01 0.06
1030 830.918 175.2 0.96 0.04
1031 831.419 111.5 1.01 0.07
1032 831.810 93.3 1.02 0.05
1033 832.201 209.4 1.01 0.09
1034 832.493 136.5 1.05 0.04
1035 833.084 145.6 1.04 0.03
1036 833.694 75.1 1.06 -0.00
1037 833.995 227.6 1.07 -0.02
1038 834.686 109.2 1.05 0.01
1039 834.877 191.1 1.04 0.05
1040 835.132 91.0 1.03 0.02
1041 836.953 284.4 1.06 -0.00
1042 837.845 188.9 1.06 -0.02
1043 838.154 154.7 1.06 -0.02
1044 839.292 81.9 1.06 0.03
1045 841.640 93.3 1.07 -0.01
1046 841.850 145.6 1.04 -0.01
1047 844.835 125.2 1.05 -0.04
1048 845.181 138.8 1.10 -0.03
1049 846.883 132.0 1.08 0.03
1050 847.165 143.4 1.07 0.03
1051 847.921 109.2 1.05 0.02
1052 848.176 118.3 1.06 0.06
1053 851.580 154.7 1.04 -0.01
1054 851.835 182.0 1.02 -0.01
1055 852.172 75.1 1.06 -0.01
1056 852.281 66.0 1.05 -0.01
1057 852.590 172.9 1.03 -0.02
1058 853.164 52.3 1.02 -0.02
1059 854.374 107.0 1.05 -0.02
1060 855.266 118.3 1.04 -0.02
1061 855.558 109.2 1.06 0.00
1062 857.405 132.0 1.06 0.02
1063 857.942 168.4 1.09 0.03
1064 858.297 182.0 1.07 -0.00
1065 858.543 104.7 1.07 0.03
1066 859.117 91.0 1.08 0.02
1067 859.262 102.4 1.08 0.03
1068 859.481 132.0 1.07 0.03
1069 860.446 154.7 1.07 -0.02
1070 861.183 122.9 1.00 -0.06
1071 861.565 163.8 1.04 -0.02
1072 864.651 175.2 1.10 -0.04
1073 864.951 118.3 1.06 -0.02
1074 865.306 145.6 1.06 -0.04
1075 865.725 107.0 1.06 -0.08
1076 866.417 63.7 1.06 -0.07
1077 866.608 100.1 1.06 -0.07
1078 866.872 109.2 1.04 -0.06
1079 867.700 100.1 1.10 -0.01
1080 868.064 95.6 1.09 0.00
1081 868.264 136.5 1.05 -0.02
1082 869.957 284.4 1.07 -0.05
1083 871.969 218.5 1.10 -0.08
1084 872.197 125.2 1.05 -0.07
1085 874.490 113.8 0.99 -0.03
1086 875.464 134.3 1.09 0.02
1087 875.592 93.3 1.05 0.02
1088 878.213 77.4 1.12 0.03
1089 879.988 118.3 1.19 0.02
1090 880.179 147.9 1.17 0.00
1091 882.009 102.4 1.21 0.03
1092 882.591 120.6 1.16 0.02
1093 882.801 125.2 1.18 0.03
1094 883.374 177.5 1.21 -0.00
1095 884.330 100.1 1.19 0.02
1096 884.912 172.9 1.25 0.01
1097 886.787 172.9 1.18 0.03
1098 887.060 154.7 1.19 0.03
1099 889.564 100.1 1.16 0.01
1100 891.047 145.6 1.17 0.06
1101 891.284 122.9 1.14 0.06
1102 892.449 109.2 1.19 0.01
1103 892.831 127.4 1.11 -0.01
1104 893.277 163.8 1.12 -0.03
1105 894.888 109.2 1.18 0.06
1106 895.435 141.1 1.19 0.06
1107 895.726 118.3 1.17 0.06
1108 897.182 79.6 1.13 0.07
1109 897.710 175.2 1.14 0.06
1110 899.330 118.3 1.10 0.08
1111 900.705 145.6 1.11 0.08
1112 901.169 100.1 1.12 0.05
1113 901.360 122.9 1.11 0.05
1114 902.461 154.7 1.15 0.06
1115 902.716 200.2 1.13 0.06
1116 903.845 107.0 1.17 0.08
1117 904.391 109.2 1.15 0.09
1118 905.356 136.5 1.16 0.07
1119 905.556 200.2 1.15 0.08
1120 906.785 177.5 1.15 0.07
1121 907.022 136.5 1.15 0.07
1122 907.477 127.4 1.14 0.06
1123 907.932 147.9 1.13 0.08
1124 908.624 122.9 1.13 0.08
1125 908.869 118.3 1.13 0.10
1126 910.408 159.3 1.14 0.06
1127 911.163 88.7 1.15 0.06
1128 912.064 68.3 1.13 0.09
1129 912.629 209.4 1.13 0.06
1130 915.587 100.1 1.16 0.07
1131 915.842 79.6 1.16 0.05
1132 915.960 61.4 1.14 0.05
1133 916.661 118.3 1.17 0.06
1134 917.489 127.4 1.15 0.01
1135 918.299 102.4 1.16 0.02
1136 918.591 195.7 1.16 0.03
1137 918.809 109.2 1.14 0.02
1138 919.874 88.7 1.13 0.00
1139 922.213 100.1 1.15 -0.01
1140 923.032 122.9 1.12 0.03
1141 923.260 132.0 1.11 0.03
1142 923.934 93.3 1.13 0.04
1143 924.443 91.0 1.12 0.04
1144 924.580 84.2 1.14 0.04
1145 924.780 175.2 1.12 0.03
1146 925.581 154.7 1.13 0.03
1147 925.818 86.5 1.11 0.02
1148 926.273 77.4 1.16 0.00
1149 926.464 47.8 1.12 0.02
1150 926.874 93.3 1.14 0.02
1151 927.128 172.9 1.12 0.02
1152 927.502 102.4 1.14 0.03
1153 927.611 95.6 1.16 0.02
1154 927.784 154.7 1.14 0.03
1155 929.459 118.3 1.15 -0.01
1156 930.269 120.6 1.11 0.01
1157 931.461 141.1 1.13 0.02
1158 933.100 118.3 1.11 0.03
1159 933.427 154.7 1.12 0.06
1160 933.864 200.2 1.12 0.03
1161 934.246 122.9 1.13 0.03
1162 936.094 120.6 1.14 0.05
1163 936.240 77.4 1.15 0.07
1164 936.777 163.8 1.12 0.07
1165 937.013 84.2 1.09 0.05
1166 937.186 134.3 1.12 0.07
1167 937.359 63.7 1.12 0.06
1168 937.933 143.4 1.11 0.08
1169 938.588 161.6 1.12 0.07
1170 938.925 100.1 1.15 0.06
1171 939.244 163.8 1.14 0.04
1172 939.489 34.1 1.09 0.03
1173 939.781 200.2 1.14 0.03
1174 941.883 84.2 1.14 0.04
1175 942.284 191.1 1.13 0.06
1176 942.839 109.2 1.11 0.05
1177 944.222 88.7 1.10 0.01
1178 944.468 109.2 1.11 0.01
1179 945.087 172.9 1.12 0.02
1180 946.243 95.6 1.16 0.04
1181 947.199 159.3 1.15 0.03
1182 947.545 182.0 1.15 0.05
1183 948.173 218.5 1.17 0.06
1184 949.729 154.7 1.13 0.08
1185 950.548 134.3 1.18 0.00
1186 951.076 93.3 1.16 0.01
1187 951.249 86.5 1.18 0.01
1188 951.322 59.2 1.17 0.04
1189 953.179 166.1 1.16 0.09
1190 953.343 120.6 1.15 0.09
1191 953.407 50.1 1.15 0.07
1192 953.798 163.8 1.17 0.06
1193 954.235 145.6 1.17 0.06
1194 955.664 127.4 1.20 0.05
1195 956.774 186.6 1.20 0.06
1196 960.170 118.3 1.15 0.06
1197 960.488 77.4 1.15 0.05
1198 960.907 161.6 1.16 0.05
1199 961.107 75.1 1.18 0.04
1200 961.781 100.1 1.20 0.01
1201 963.100 104.7 1.19 0.01
1202 963.556 159.3 1.17 0.07
1203 964.229 88.7 1.17 0.05
1204 964.830 154.7 1.13 0.02
1205 965.968 77.4 1.12 0.04
1206 966.914 134.3 1.10 0.03
1207 967.460 200.2 1.14 0.06
1208 967.806 109.2 1.09 0.05
1209 967.952 75.1 1.10 0.03
1210 968.553 154.7 1.06 0.05
1211 969.563 116.1 1.07 0.07
1212 970.473 88.7 1.10 0.07
1213 971.365 129.7 1.11 0.06
1214 971.620 59.2 1.14 0.06
1215 972.785 100.1 1.13 0.08
1216 973.532 136.5 1.13 0.07
1217 975.234 145.6 1.12 0.05
1218 975.379 91.0 1.13 0.07
1219 975.525 93.3 1.14 0.03
1220 979.312 223.0 1.12 0.08
1221 980.249 145.6 1.11 0.09
1222 981.432 145.6 1.13 0.04
1223 982.151 100.1 1.08 0.06
1224 982.315 118.3 1.15 0.05
1225 982.670 266.2 1.11 0.05
1226 982.898 107.0 1.13 0.06
1227 983.362 127.4 1.15 0.06
1228 986.803 118.3 1.12 0.01
1229 988.013 150.2 1.11 0.03
1230 989.743 66.0 1.09 0.04
1231 990.280 118.3 1.11 0.03
1232 991.172 52.3 1.07 0.01
1233 994.012 93.3 1.07 0.05
1234 994.476 177.5 1.07 0.04
1235 994.676 150.2 1.03 0.04
1236 995.777 172.9 1.04 0.05
1237 996.242 93.3 1.09 0.07
1238 997.598 286.7 1.04 0.02
1239 998.017 191.1 1.08 0.05
1240 998.708 95.6 1.09 0.06
1241 998.845 104.7 1.07 0.06
1242 998.981 111.5 1.08 0.06
1243 999.400 163.8 1.07 0.05
1244 1001.084 145.6 1.08 0.03
1245 1001.785 66.0 1.05 0.04
1246 1002.804 141.1 1.07 0.04
1247 1003.059 91.0 1.06 0.01
1248 1003.578 127.4 1.07 0.02
1249 1004.288 218.5 1.09 0.03
1250 1004.543 220.7 1.08 0.03
1251 1005.144 177.5 1.09 0.03
1252 1006.864 118.3 1.06 -0.00
1253 1007.110 127.4 1.07 0.02
1254 1008.948 327.7 1.04 -0.03
1255 1010.569 109.2 1.05 0.00
1256 1011.734 84.2 1.06 -0.01
1257 1013.008 86.5 1.06 -0.03
1258 1014.255 245.8 1.05 0.00
1259 1014.910 118.3 1.09 -0.00
1260 1015.047 127.4 1.08 -0.00
1261 1015.657 132.0 1.07 0.01
1262 1016.603 95.6 1.06 0.02
1263 1017.495 177.5 1.05 0.03
1264 1017.787 109.2 1.05 0.00
1265 1018.742 273.1 1.05 0.00
1266 1020.162 177.5 1.06 -0.01
1267 1022.083 172.9 1.10 -0.02
1268 1022.256 50.1 1.01 -0.01
1269 1022.766 182.0 1.09 -0.03
1270 1023.903 172.9 1.06 -0.02
1271 1024.085 91.0 1.05 -0.02
1272 1024.622 143.4 1.06 -0.06
1273 1025.050 120.6 1.08 -0.06
1274 1027.499 191.1 1.11 -0.05
1275 1027.754 170.7 1.09 -0.05
1276 1028.008 218.5 1.09 -0.08
1277 1030.229 102.4 1.12 -0.03
1278 1030.366 100.1 1.06 -0.03
1279 1030.612 193.4 1.10 -0.02
1280 1032.942 91.0 1.10 -0.03
1281 1033.333 223.0 1.12 -0.00
1282 1033.761 100.1 1.10 -0.01
1283 1034.899 254.9 1.14 0.01
1284 1035.609 186.6 1.12 0.01
1285 1037.356 154.7 1.09 0.01
1286 1037.984 104.7 1.09 0.00
1287 1038.594 127.4 1.07 0.03
1288 1039.723 84.2 1.11 0.05
1289 1043.792 118.3 1.10 -0.02
1290 1044.010 163.8 1.07 -0.02
1291 1044.247 188.9 1.09 -0.03
1292 1044.483 138.8 1.09 -0.02
1293 1047.314 100.1 1.08 -0.01
1294 1047.942 172.9 1.06 -0.02
1295 1048.252 136.5 1.07 -0.02
1296 1049.562 282.2 1.07 -0.02
1297 1049.808 209.4 1.06 -0.02
1298 1050.063 134.3 1.05 -0.03
1299 1050.181 136.5 1.06 -0.02
1300 1050.664 113.8 1.05 0.01
1301 1052.093 125.2 1.09 -0.04
1302 1053.358 145.6 1.05 -0.05
1303 1054.059 145.6 1.05 -0.06
1304 1055.479 127.4 1.06 -0.07
1305 1055.706 136.5 1.03 -0.07
1306 1055.961 127.4 1.10 -0.07
1307 1056.098 127.4 1.05 -0.07
1308 1056.689 157.0 1.02 -0.06
1309 1056.963 172.9 1.06 -0.10
1310 1057.472 109.2 0.99 -0.00
1311 1057.754 127.4 1.02 -0.04
1312 1058.565 66.0 1.04 -0.03
1313 1061.122 282.2 1.06 -0.02
1314 1061.814 145.6 1.06 -0.04
1315 1062.287 122.9 1.06 -0.05
1316 1064.772 191.1 1.05 -0.06
1317 1065.255 163.8 1.04 -0.04
1318 1067.021 127.4 1.08 -0.08
1319 1068.987 100.1 1.05 0.02
1320 1069.169 132.0 1.05 0.02
1321 1069.678 145.6 1.05 -0.00
1322 1070.334 238.9 1.05 -0.01
1323 1070.743 154.7 1.02 -0.00
1324 1072.300 209.4 1.07 0.02
1325 1072.646 136.5 1.09 0.00
1326 1073.465 100.1 1.04 -0.01
1327 1073.601 68.3 1.06 -0.02
1328 1073.820 81.9 1.06 -0.01
1329 1073.993 104.7 1.07 -0.02
1330 1074.430 102.4 1.06 -0.02
1331 1074.821 191.1 1.09 -0.01
1332 1075.103 91.0 1.06 -0.01
1333 1075.176 34.1 1.05 -0.01
1334 1075.294 91.0 1.10 -0.01
1335 1075.731 109.2 1.05 0.00
1336 1078.999 100.1 1.06 -0.01
1337 1080.373 104.7 1.01 0.02
1338 1080.528 122.9 1.04 0.02
1339 1081.074 95.6 1.02 0.00
1340 1082.540 154.7 1.03 -0.04
1341 1083.022 163.8 1.06 -0.03
1342 1084.369 66.0 1.00 0.00
1343 1084.661 136.5 1.01 0.00
1344 1084.879 129.7 1.01 -0.01
1345 1085.261 223.0 0.98 0.00
1346 1087.628 132.0 0.98 -0.01
1347 1087.883 168.4 1.00 0.01
1348 1088.338 81.9 0.99 0.01
1349 1089.985 191.1 0.98 0.04
1350 1090.877 138.8 1.03 0.03
1351 1091.915 227.6 1.06 0.01
1352 1092.343 136.5 1.06 0.00
1353 1092.525 132.0 1.03 -0.00
1354 1092.789 191.1 1.07 -0.00
1355 1093.371 177.5 1.07 -0.01
1356 1093.708 273.1 1.05 -0.02
1357 1093.954 100.1 1.03 0.01
1358 1095.283 113.8 1.03 -0.04
1359 1095.492 154.7 1.04 -0.01
1360 1096.730 163.8 1.03 0.04
1361 1097.176 125.2 1.03 0.03
1362 1097.258 118.3 1.03 0.03
1363 1097.659 84.2 1.03 0.07
1364 1097.768 79.6 1.03 0.08
1365 1098.023 100.1 1.07 0.09
1366 1098.569 104.7 1.05 0.08
1367 1099.033 273.1 1.08 0.09
1368 1100.052 172.9 1.08 0.04
1369 1100.681 97.8 1.10 0.05
1370 1101.973 111.5 1.08 -0.00
1371 1103.930 207.1 1.06 -0.01
1372 1104.594 264.0 1.05 -0.01
1373 1104.913 182.0 1.04 -0.00
1374 1105.232 145.6 1.05 0.00
1375 1105.778 100.1 1.02 0.01
1376 1106.715 166.1 1.03 0.07
1377 1106.870 93.3 1.03 0.03
1378 1108.081 136.5 1.02 0.06
1379 1108.454 198.0 1.03 0.07
1380 1109.528 122.9 1.03 0.07
1381 1110.766 273.1 1.04 0.09
1382 1111.157 157.0 1.04 0.08
1383 1111.785 102.4 1.03 0.04
1384 1112.641 113.8 1.06 0.07
1385 1113.333 100.1 1.02 0.10
1386 1114.980 93.3 1.15 0.17
1387 1115.117 127.4 1.15 0.16
1388 1116.345 209.4 1.09 0.17
1389 1117.001 232.1 1.10 0.13
1390 1117.747 61.4 1.08 0.12
1391 1117.838 86.5 1.08 0.13
1392 1119.686 163.8 1.03 0.04
1393 1119.977 175.2 1.02 0.03
1394 1120.323 109.2 1.04 0.01
1395 1122.653 168.4 1.03 0.09
1396 1123.154 109.2 1.02 0.06
1397 1123.709 159.3 1.02 0.07
1398 1128.360 145.6 1.10 0.01
1399 1128.852 154.7 1.10 0.00
1400 1129.052 200.2 1.10 0.01
1401 1130.081 104.7 1.12 0.02
1402 1130.235 120.6 1.09 0.03
1403 1130.581 141.1 1.07 0.00
1404 1130.936 182.0 1.09 0.03
1405 1131.191 198.0 1.09 0.03
1406 1131.692 118.3 1.09 -0.03
1407 1133.112 145.6 1.11 0.01
1408 1133.530 241.2 1.11 0.03
1409 1133.986 127.4 1.15 0.01
1410 1134.250 102.4 1.10 0.01
1411 1134.377 91.0 1.12 0.03
1412 1135.415 93.3 1.08 0.04
1413 1135.551 107.0 1.11 0.01
1414 1138.491 264.0 1.09 -0.01
1415 1139.183 107.0 1.10 -0.00
1416 1139.802 136.5 1.06 0.01
1417 1141.067 191.1 1.05 0.05
1418 1142.423 145.6 1.08 -0.03
1419 1143.142 150.2 1.11 -0.06
1420 1143.871 163.8 1.03 -0.00
1421 1144.107 172.9 1.03 -0.00
1422 1145.354 118.3 1.05 0.01
1423 1145.846 127.4 1.02 0.01
1424 1146.146 182.0 1.04 0.00
1425 1146.883 136.5 1.01 0.04
1426 1147.420 172.9 0.99 0.07
1427 1150.096 159.3 0.99 0.03
1428 1150.570 136.5 1.00 0.03
1429 1150.925 191.1 1.01 0.04
1430 1151.962 113.8 1.05 0.03
1431 1152.072 68.3 1.05 0.03
1432 1153.437 109.2 1.08 0.08
1433 1153.574 84.2 1.08 0.02
1434 1157.060 109.2 1.11 0.06
1435 1157.406 122.9 1.09 0.06
1436 1157.579 107.0 1.11 0.07
1437 1159.417 102.4 1.07 0.03
1438 1159.645 118.3 1.09 0.05
1439 1159.909 95.6 1.12 0.05
1440 1160.355 154.7 1.11 0.04
1441 1161.957 68.3 1.06 0.02
1442 1162.303 193.4 1.11 0.07
1443 1164.078 63.7 1.07 0.08
1444 1165.106 70.5 1.07 0.07
1445 1165.416 86.5 1.09 0.06
1446 1166.034 91.0 1.09 0.08
1447 1166.917 134.3 1.05 0.11
1448 1167.263 109.2 1.08 0.14
1449 1168.346 86.5 1.11 0.09
1450 1168.610 200.2 1.11 0.11
1451 1169.302 132.0 1.14 0.13
1452 1170.449 163.8 1.14 0.15
1453 1170.804 95.6 1.13 0.11
1454 1171.305 141.1 1.14 0.12
1455 1174.290 113.8 1.11 0.07
1456 1174.600 77.4 1.10 0.07
1457 1175.874 254.9 1.09 0.09
1458 1177.048 100.1 1.13 0.09
1459 1177.858 109.2 1.13 0.06
1460 1178.923 100.1 1.15 0.09
1461 1180.107 109.2 1.13 0.14
1462 1180.989 118.3 1.14 0.10
1463 1181.681 116.1 1.13 0.07
1464 1182.273 100.1 1.07 0.08
1465 1182.719 127.4 1.11 0.07
1466 1184.858 184.3 1.13 0.10
1467 1185.140 118.3 1.11 0.10
1468 1187.334 97.8 1.07 0.10
1469 1188.371 136.5 1.09 0.07
1470 1188.945 59.2 1.06 0.06
1471 1189.809 118.3 1.06 0.06
1472 1190.547 91.0 1.07 0.07
1473 1190.984 102.4 1.07 0.07
1474 1192.285 118.3 1.09 0.06
1475 1192.795 118.3 1.09 0.07
1476 1193.341 207.1 1.07 0.04
1477 1194.424 93.3 1.07 0.08
1478 1195.225 154.7 1.09 0.12
1479 1196.117 63.7 1.10 0.09
1480 1197.637 218.5 1.02 0.03
1481 1198.857 93.3 1.06 -0.00
1482 1198.994 143.4 1.08 -0.03
1483 1199.203 154.7 1.10 -0.03
1484 1202.835 182.0 1.12 0.02
1485 1203.199 154.7 1.08 0.03
1486 1203.973 236.7 1.09 0.06
1487 1205.757 118.3 1.11 0.03
1488 1206.594 84.2 1.11 0.05
1489 1208.278 100.1 1.07 -0.01
1490 1208.624 102.4 1.10 -0.01
1491 1209.316 166.1 1.10 -0.00
1492 1210.289 109.2 1.15 0.01
1493 1210.617 273.1 1.11 -0.00
1494 1211.901 86.5 1.10 0.08
1495 1212.246 81.9 1.13 0.01
1496 1212.401 118.3 1.12 0.04
1497 1213.084 141.1 1.09 -0.01
1498 1213.211 77.4 1.10 0.00
1499 1213.648 104.7 1.09 0.00
1500 1214.695 136.5 1.07 0.01
1501 1215.824 134.3 1.10 0.04
1502 1216.433 172.9 1.10 0.02
1503 1217.007 136.5 1.07 0.02
1504 1219.328 68.3 1.09 0.04
1505 1219.619 136.5 1.08 -0.01
1506 1220.147 50.1 1.10 0.01
1507 1220.293 102.4 1.10 -0.00
1508 1221.030 134.3 1.10 -0.05
1509 1222.186 261.7 1.11 0.00
1510 1222.441 182.0 1.11 -0.01
1511 1222.923 75.1 1.09 -0.01
1512 1223.315 95.6 1.12 -0.00
1513 1223.606 218.5 1.12 -0.00
1514 1225.217 143.4 1.14 0.05
1515 1225.445 66.0 1.08 -0.04
1516 1225.636 109.2 1.13 0.03
1517 1226.573 191.1 1.11 -0.02
1518 1228.321 56.9 1.11 0.02
1519 1228.922 163.8 1.13 0.04
1520 1229.959 345.9 1.09 0.06
1521 1231.716 127.4 1.11 0.04
1522 1232.062 163.8 1.13 0.05
1523 1233.810 113.8 1.08 0.02
1524 1235.639 109.2 1.10 0.01
1525 1240.582 127.4 1.10 0.08
1526 1241.565 154.7 1.11 0.05
1527 1241.965 227.6 1.11 0.06
1528 1242.284 104.7 1.09 0.06
1529 1242.748 81.9 1.13 0.04
1530 1244.204 152.5 1.11 0.03
1531 1244.887 84.2 1.11 0.03
1532 1245.051 168.4 1.09 0.05
1533 1245.333 132.0 1.10 0.03
1534 1246.143 111.5 1.08 0.05
1535 1247.090 273.1 1.10 0.07
1536 1247.791 132.0 1.14 0.03
1537 1248.510 154.7 1.17 0.04
1538 1249.475 104.7 1.17 0.04
1539 1249.993 152.5 1.15 0.04
1540 1251.386 136.5 1.15 0.01
1541 1251.978 232.1 1.14 0.01
1542 1252.524 66.0 1.16 -0.01
1543 1252.624 70.5 1.15 0.01
1544 1253.789 59.2 1.11 -0.01
1545 1254.517 59.2 1.14 0.01
1546 1254.972 145.6 1.15 -0.01
1547 1255.919 136.5 1.15 -0.01
1548 1256.383 143.4 1.12 -0.01
1549 1257.548 145.6 1.12 -0.00
1550 1258.468 104.7 1.13 -0.06
1551 1259.187 172.9 1.13 -0.06
1552 1260.051 100.1 1.11 -0.04
1553 1261.253 145.6 1.10 -0.05
1554 1264.320 200.2 1.11 -0.00
1555 1265.613 152.5 1.08 0.01
1556 1265.931 77.4 1.06 -0.02
1557 1266.478 118.3 1.10 -0.00
1558 1267.397 95.6 1.10 0.00
1559 1269.672 200.2 1.13 -0.04
1560 1269.864 109.2 1.14 -0.05
1561 1270.237 100.1 1.10 -0.06
1562 1270.501 70.5 1.16 -0.07
1563 1273.222 227.6 1.15 -0.02
1564 1273.423 109.2 1.14 -0.03
1565 1273.814 198.0 1.13 -0.04
1566 1274.005 100.1 1.17 -0.02
1567 1274.233 138.8 1.16 -0.05
1568 1275.079 84.2 1.12 -0.01
1569 1275.216 102.4 1.14 0.04
1570 1275.571 91.0 1.13 0.07
1571 1275.980 127.4 1.13 0.06
1572 1276.262 127.4 1.11 0.04
1573 1276.463 202.5 1.11 0.05
1574 1276.672 188.9 1.15 0.05
1575 1276.927 91.0 1.12 0.03
1576 1278.310 227.6 1.10 0.06
1577 1279.548 56.9 1.12 0.03
1578 1280.149 152.5 1.11 0.03
1579 1281.706 250.3 1.08 0.05
1580 1282.006 127.4 1.08 0.05
1581 1283.562 118.3 1.07 0.04
1582 1285.610 118.3 1.09 0.05
1583 1285.856 186.6 1.10 0.02
1584 1286.876 91.0 1.08 -0.00
1585 1287.404 154.7 1.09 0.03
1586 1287.613 141.1 1.08 0.02
1587 1288.414 86.5 1.06 0.02
1588 1288.760 177.5 1.09 0.02
1589 1289.497 127.4 1.10 0.01
1590 1289.788 138.8 1.07 0.03
1591 1289.979 136.5 1.08 0.03
1592 1290.080 79.6 1.10 0.03
1593 1291.090 172.9 1.09 0.01
1594 1291.581 191.1 1.07 0.00
1595 1292.109 86.5 1.06 0.03
1596 1292.419 109.2 1.07 0.02
1597 1295.350 118.3 1.08 0.11
1598 1295.568 120.6 1.09 0.11
1599 1295.832 129.7 1.11 0.10
1600 1297.025 154.7 1.11 0.06
1601 1297.289 104.7 1.11 0.07
1602 1297.926 127.4 1.11 0.05
1603 1298.335 109.2 1.08 0.05
1604 1300.165 170.7 1.05 0.00
1605 1300.547 122.9 1.06 0.01
1606 1300.875 154.7 1.02 0.01
1607 1301.630 102.4 1.05 0.02
1608 1302.003 129.7 1.05 -0.00
1609 1303.041 125.2 1.07 -0.01
1610 1303.824 118.3 1.06 -0.00
1611 1304.006 75.1 1.07 -0.01
1612 1305.171 68.3 1.04 0.00
1613 1305.262 66.0 1.05 -0.00
1614 1305.499 63.7 1.08 0.02
1615 1306.090 127.4 1.04 -0.02
1616 1307.192 227.6 1.02 0.01
1617 1307.456 218.5 1.04 0.03
1618 1307.929 175.2 1.05 0.04
1619 1308.366 56.9 1.02 0.04
1620 1308.666 138.8 1.04 0.05
1621 1311.078 127.4 1.04 0.03
1622 1311.752 113.8 1.07 0.04
1623 1312.617 245.8 1.08 0.08
1624 1314.319 182.0 1.04 0.07
1625 1314.792 109.2 1.07 0.06
1626 1315.302 143.4 1.03 0.05
1627 1315.702 127.4 1.03 0.03
1628 1318.915 141.1 1.02 0.06
1629 1320.772 61.4 1.01 0.05
1630 1321.355 227.6 1.03 -0.01
1631 1321.673 177.5 1.02 -0.01
1632 1322.738 143.4 1.06 0.00
1633 1323.548 175.2 1.03 0.04
1634 1324.176 50.1 1.02 0.00
1635 1324.313 204.8 1.01 0.02
1636 1325.005 77.4 0.99 0.02
1637 1326.215 154.7 1.00 0.02
1638 1326.425 127.4 1.03 0.02
1639 1326.716 118.3 1.02 0.02
1640 1327.799 168.4 1.04 -0.01
1641 1328.837 213.9 1.03 0.02
1642 1330.393 136.5 1.05 0.01
1643 1330.657 127.4 1.06 0.02
1644 1331.704 116.1 1.06 0.01
1645 1332.350 91.0 1.09 0.05
1646 1332.587 45.5 1.03 0.03
1647 1332.860 97.8 1.08 0.05
1648 1333.397 111.5 1.12 0.05
1649 1334.416 127.4 1.06 0.06
1650 1334.699 100.1 1.14 0.05
1651 1337.639 175.2 1.10 0.03
1652 1337.957 127.4 1.10 0.02
1653 1338.148 154.7 1.08 0.02
1654 1338.685 218.5 1.10 0.04
1655 1340.251 136.5 1.07 0.04
1656 1340.943 147.9 1.09 0.04
1657 1342.053 159.3 1.10 0.07
1658 1342.836 118.3 1.07 0.07
1659 1343.291 91.0 1.08 0.03
1660 1345.585 204.8 1.08 0.02
1661 1346.650 118.3 1.12 0.05
1662 1347.005 172.9 1.14 0.07
1663 1347.915 145.6 1.16 0.09
1664 1348.671 104.7 1.11 0.09
1665 1348.862 86.5 1.10 0.06
1666 1350.191 268.5 1.13 0.10
1667 1352.484 154.7 1.13 0.12
1668 1353.841 216.2 1.13 0.10
1669 1354.105 109.2 1.14 0.11
1670 1354.296 145.6 1.12 0.10
1671 1356.153 141.1 1.06 0.08
1672 1358.210 179.8 1.08 0.04
1673 1359.284 125.2 1.07 0.08
1674 1361.541 129.7 1.14 0.02
1675 1363.453 245.8 1.14 0.05
1676 1364.135 200.2 1.12 0.09
1677 1364.490 150.2 1.09 0.08
1678 1365.073 161.6 1.09 0.04
1679 1367.021 84.2 1.07 0.03
1680 1367.184 100.1 1.09 0.07
1681 1367.576 109.2 1.07 0.07
1682 1368.832 97.8 1.10 0.08
1683 1369.023 145.6 1.09 0.07
1684 1369.415 145.6 1.07 0.08
1685 1370.325 107.0 1.02 0.10
1686 1371.945 93.3 1.02 0.11
1687 1372.163 122.9 1.08 0.13
1688 1372.518 161.6 1.07 0.12
1689 1372.964 236.7 1.10 0.08
1690 1374.175 68.3 1.07 0.07
1691 1375.604 254.9 1.01 0.05
1692 1376.396 191.1 1.04 0.06
1693 1378.071 63.7 1.02 0.05
1694 1379.973 118.3 1.11 0.07
1695 1380.146 118.3 1.11 0.07
1696 1380.801 138.8 1.11 0.06
1697 1383.031 109.2 1.14 0.11
1698 1383.559 198.0 1.15 0.11
1699 1383.933 77.4 1.13 0.12
1700 1384.096 177.5 1.13 0.06
1701 1386.545 52.3 1.09 0.11
1702 1386.782 150.2 1.15 0.13
1703 1388.402 191.1 1.19 0.02
1704 1389.703 95.6 1.11 0.07
1705 1391.861 107.0 1.11 0.07
1706 1392.707 70.5 1.09 0.02
1707 1393.162 118.3 1.10 0.02
1708 1393.554 125.2 1.09 0.06
1709 1394.200 97.8 1.09 0.07
1710 1394.837 91.0 1.06 0.08
1711 1395.128 145.6 1.06 0.08
1712 1395.693 109.2 1.06 0.08
1713 1397.513 179.8 1.01 0.14
1714 1398.178 118.3 1.05 0.05
1715 1399.943 154.7 1.03 0.05
1716 1400.389 109.2 1.09 0.08
1717 1401.882 159.3 1.07 0.10
1718 1402.201 122.9 1.03 0.06
1719 1404.495 100.1 1.05 0.02
1720 1404.868 100.1 1.07 0.03
1721 1406.533 122.9 1.08 0.04
1722 1406.888 143.4 1.06 0.08
1723 1407.881 145.6 1.06 0.05
1724 1408.463 122.9 1.09 0.03
1725 1408.991 113.8 1.10 0.02
1726 1410.156 113.8 1.07 0.04
1727 1411.913 211.6 1.05 0.02
1728 1412.368 125.2 1.04 0.03
1729 1413.424 232.1 1.08 0.04
1730 1414.325 91.0 1.04 0.05
1731 1415.181 104.7 1.13 0.10
1732 1417.247 109.2 1.06 0.11
1733 1417.347 75.1 1.08 0.11
1734 1417.584 86.5 1.12 0.10
1735 1418.976 279.9 1.08 0.09
1736 1419.604 284.4 1.05 0.10
1737 1421.243 200.2 1.08 0.14
1738 1423.008 163.8 1.13 0.01
1739 1423.445 54.6 1.08 0.00
1740 1424.738 163.8 1.17 -0.03
1741 1426.121 168.4 1.18 0.01
1742 1426.813 41.0 1.09 0.04
1743 1427.086 86.5 1.21 -0.01
1744 1427.423 109.2 1.14 -0.07
1745 1428.270 116.1 1.11 -0.08
1746 1428.597 127.4 1.14 -0.07
1747 1429.371 154.7 1.05 -0.04
1748 1429.617 168.4 1.07 -0.04
1749 1429.853 191.1 1.08 -0.08
1750 1431.282 41.0 1.07 -0.06
1751 1433.239 93.3 1.10 -0.00
1752 1433.440 109.2 1.07 -0.01
1753 1433.694 100.1 1.10 -0.01
1754 1436.753 157.0 1.05 0.09
1755 1437.244 141.1 1.05 0.06
1756 1437.381 95.6 1.09 0.06
1757 1437.781 145.6 1.10 0.07
1758 1439.147 245.8 1.09 -0.00
1759 1442.251 245.8 1.11 0.04
1760 1442.879 97.8 1.08 0.02
1761 1443.570 93.3 1.12 0.04
1762 1444.644 209.4 1.07 0.07
1763 1446.128 41.0 1.09 0.01
1764 1446.428 118.3 1.12 0.06
1765 1447.894 109.2 1.11 0.09
1766 1449.205 109.2 1.11 0.12
1767 1449.569 191.1 1.05 0.06
1768 1449.905 264.0 1.09 0.10
1769 1450.943 125.2 1.10 0.06
1770 1452.427 118.3 1.05 0.09
1771 1453.355 88.7 1.05 0.08
1772 1454.065 163.8 1.03 0.07
1773 1454.429 118.3 1.03 0.07
1774 1454.793 122.9 1.03 0.06
1775 1455.458 145.6 1.04 0.03
1776 1456.040 168.4 0.99 0.04
1777 1456.796 56.9 1.05 0.05
1778 1457.187 59.2 1.05 0.05
1779 1457.852 229.8 1.05 0.04
1780 1459.545 195.7 1.07 0.06
1781 1461.520 200.2 1.07 0.02
1782 1462.403 245.8 1.04 0.05
1783 1463.213 113.8 1.09 0.02
1784 1464.314 127.4 1.09 0.04
1785 1465.052 172.9 1.07 0.05
1786 1465.215 157.0 1.06 0.06
1787 1466.180 118.3 1.01 0.07
1788 1466.481 118.3 1.05 0.08
1789 1468.647 111.5 1.09 0.05
1790 1469.949 243.5 1.06 0.02
1791 1471.769 186.6 1.04 0.08
1792 1472.069 43.2 1.04 0.07
1793 1474.418 122.9 1.06 0.04
1794 1474.836 163.8 1.06 0.04
1795 1475.528 109.2 1.08 0.04
1796 1476.529 95.6 1.06 0.01
1797 1476.903 157.0 1.07 0.01
1798 1477.531 31.9 1.03 0.01
1799 1479.315 209.4 1.03 0.01
1800 1480.170 198.0 1.03 0.01
1801 1482.237 200.2 1.05 0.01
1802 1485.204 109.2 1.11 -0.02
1803 1486.378 59.2 1.09 -0.01
1804 1487.507 127.4 1.07 0.01
1805 1488.162 145.6 1.05 -0.01
1806 1490.383 95.6 1.10 -0.00
1807 1490.483 63.7 1.07 0.00
1808 1491.330 127.4 1.06 -0.00
1809 1491.503 102.4 1.12 0.01
1810 1493.114 100.1 1.10 0.03
1811 1493.551 241.2 1.13 0.03
1812 1494.898 145.6 1.13 0.02
1813 1495.571 186.6 1.13 0.00
1814 1495.999 66.0 1.12 0.02
1815 1497.082 118.3 1.13 0.05
1816 1498.730 159.3 1.11 -0.02
1817 1500.869 77.4 1.08 -0.00
1818 1503.245 147.9 1.08 0.04
1819 1503.627 147.9 1.10 0.05
1820 1504.346 136.5 1.11 0.02
1821 1504.910 104.7 1.11 0.04
1822 1505.921 168.4 1.11 0.01
1823 1506.376 95.6 1.09 0.04
1824 1507.259 109.2 1.14 0.03
1825 1507.614 147.9 1.12 0.02
1826 1508.151 100.1 1.12 0.01
1827 1508.351 145.6 1.13 0.01
1828 1508.578 163.8 1.12 0.03
1829 1509.043 145.6 1.10 0.07
1830 1509.261 109.2 1.14 0.07
1831 1510.626 136.5 1.10 0.01
1832 1511.755 127.4 1.11 -0.00
1833 1512.156 188.9 1.09 -0.03
1834 1512.920 195.7 1.11 0.00
1835 1513.457 109.2 1.07 0.00
1836 1514.322 177.5 1.08 0.01
1837 1515.815 154.7 1.11 -0.00
1838 1517.699 104.7 1.10 0.00
1839 1519.255 172.9 1.12 0.04
1840 1521.667 102.4 1.15 0.06
1841 1522.478 200.2 1.13 0.06
1842 1523.142 100.1 1.13 0.06
1843 1523.360 125.2 1.11 0.04
1844 1523.861 127.4 1.13 0.02
1845 1528.549 109.2 1.04 0.07
1846 1529.286 136.5 1.10 0.09
1847 1530.333 95.6 1.06 0.01
1848 1530.888 186.6 1.06 0.06
1849 1531.734 136.5 1.08 -0.01
1850 1533.391 143.4 1.04 -0.00
1851 1533.646 209.4 1.06 0.00
1852 1533.946 59.2 1.07 0.01
1853 1534.674 109.2 1.11 0.01
1854 1535.439 134.3 1.09 0.02
1855 1536.249 79.6 1.13 0.05
1856 1537.278 38.7 1.09 0.06
1857 1538.370 145.6 1.09 0.05
1858 1538.716 145.6 1.07 0.02
1859 1539.216 102.4 1.10 0.01
1860 1541.447 68.3 1.04 0.03
1861 1542.056 200.2 1.07 0.01
1862 1543.576 138.8 1.03 -0.01
1863 1545.388 125.2 1.07 0.00
1864 1546.608 145.6 1.08 0.03
1865 1548.810 163.8 1.14 0.02
1866 1549.165 84.2 1.14 0.01
1867 1549.666 136.5 1.15 0.00
1868 1549.984 145.6 1.14 0.01
1869 1550.540 70.5 1.11 0.00
1870 1551.268 34.1 1.15 0.01
1871 1551.814 127.4 1.14 -0.00
1872 1552.742 100.1 1.11 -0.01
1873 1554.736 141.1 1.11 -0.04
1874 1555.273 127.4 1.11 -0.00
1875 1556.201 159.3 1.08 0.01
1876 1556.638 93.3 1.10 0.02
1877 1558.104 152.5 1.13 0.03
1878 1559.250 268.5 1.17 0.03
1879 1559.851 122.9 1.13 0.03
1880 1560.361 102.4 1.14 0.04
1881 1560.780 163.8 1.14 0.03
1882 1563.792 147.9 1.11 0.02
1883 1564.239 236.7 1.09 0.02
1884 1564.639 132.0 1.10 0.02
1885 1564.839 172.9 1.11 0.02
1886 1566.259 229.8 1.13 0.06
1887 1566.541 111.5 1.15 0.06
1888 1568.617 163.8 1.11 0.07
1889 1569.035 127.4 1.10 0.04
1890 1570.273 109.2 1.09 0.02
1891 1570.874 204.8 1.07 0.04
1892 1572.694 172.9 1.01 0.00
1893 1573.104 86.5 1.02 0.01
1894 1573.277 122.9 1.03 0.01
1895 1574.433 245.8 1.07 0.03
1896 1577.646 118.3 1.07 0.01
1897 1577.874 154.7 1.05 -0.00
1898 1578.966 113.8 1.07 -0.00
1899 1579.558 116.1 1.07 -0.01
1900 1580.886 127.4 1.04 0.02
1901 1583.936 182.0 1.08 0.03
1902 1584.236 138.8 1.06 0.07
1903 1584.773 91.0 1.05 0.05
1904 1585.010 129.7 1.03 0.05
1905 1586.421 95.6 1.05 0.07
1906 1588.569 136.5 1.04 0.07
1907 1591.281 138.8 1.03 0.01
1908 1591.973 136.5 0.98 -0.01
1909 1592.164 136.5 1.05 -0.03
1910 1593.484 118.3 1.01 -0.02
1911 1593.739 145.6 1.00 -0.01
1912 1594.376 245.8 1.02 -0.05
1913 1594.795 200.2 1.02 -0.03
1914 1595.222 113.8 1.01 -0.02
1915 1595.550 147.9 1.00 -0.03
1916 1595.750 107.0 1.00 -0.03
1917 1597.025 145.6 0.97 -0.02
1918 1597.398 177.5 0.97 -0.04
1919 1597.644 132.0 0.96 0.02
1920 1597.980 198.0 0.97 0.04
1921 1598.244 127.4 0.96 -0.01
1922 1599.637 102.4 0.95 0.01
1923 1600.311 200.2 0.97 0.01
1924 1601.858 127.4 1.00 -0.00
1925 1602.113 127.4 1.00 0.00
1926 1602.413 200.2 1.00 0.04
1927 1602.914 102.4 1.04 0.05
1928 1604.079 118.3 1.08 0.06
1929 1605.954 63.7 1.03 -0.03
1930 1606.491 111.5 1.03 -0.01
1931 1606.664 102.4 1.07 -0.01
1932 1606.892 141.1 1.08 -0.02
1933 1607.693 132.0 1.08 -0.01
1934 1607.975 154.7 1.08 0.00
1935 1608.585 136.5 1.07 0.01
1936 1608.976 100.1 1.08 0.03
1937 1610.259 111.5 1.11 -0.01
1938 1610.769 138.8 1.08 0.04
1939 1611.916 109.2 1.10 0.00
1940 1613.409 109.2 1.12 0.01
1941 1613.664 209.4 1.11 0.01
1942 1614.383 175.2 1.09 0.03
1943 1614.574 141.1 1.11 0.04
1944 1614.947 138.8 1.10 0.02
1945 1616.158 118.3 1.07 0.03
1946 1616.312 91.0 1.07 0.03
1947 1616.458 81.9 1.06 0.03
1948 1617.241 188.9 1.05 0.02
1949 1617.705 116.1 1.03 0.02
1950 1618.724 163.8 1.06 0.03
1951 1618.934 118.3 1.06 0.03
1952 1620.390 125.2 1.09 0.07
1953 1620.809 86.5 1.06 0.05
1954 1621.428 161.6 1.08 0.02
1955 1623.021 177.5 1.08 0.02
1956 1624.632 66.0 1.02 0.02
1957 1625.123 191.1 1.06 0.02
1958 1625.578 109.2 1.07 -0.01
1959 1625.924 136.5 1.03 -0.02
1960 1626.971 122.9 1.00 0.03
1961 1627.745 118.3 0.99 0.05
1962 1628.154 141.1 1.03 -0.02
1963 1628.528 118.3 1.00 0.01
1964 1628.746 118.3 0.99 0.01
1965 1629.529 109.2 1.01 -0.02
1966 1630.293 118.3 1.04 -0.02
1967 1630.940 138.8 1.00 -0.04
1968 1631.103 109.2 0.98 -0.05
1969 1631.604 52.3 1.03 0.04
1970 1633.880 163.8 0.99 -0.05
1971 1635.991 282.2 1.01 0.07
1972 1637.020 154.7 0.98 0.03
1973 1637.557 66.0 0.98 -0.02
1974 1637.775 109.2 0.99 -0.02
1975 1639.022 118.3 0.99 -0.01
1976 1639.250 163.8 1.01 -0.01
1977 1640.042 143.4 1.00 0.00
1978 1640.388 191.1 0.99 -0.02
1979 1640.779 95.6 1.01 0.00
1980 1641.007 141.1 1.01 0.02
1981 1642.964 59.2 1.07 0.02
1982 1643.810 118.3 1.04 -0.01
1983 1644.575 104.7 1.03 0.03
1984 1646.550 182.0 1.06 -0.01
1985 1646.932 143.4 1.05 0.01
1986 1647.351 122.9 1.06 0.02
1987 1647.642 95.6 1.05 0.04
1988 1648.434 132.0 1.04 0.03
1989 1648.552 100.1 1.04 0.03
1990 1648.853 102.4 1.03 0.02
1991 1649.399 100.1 1.06 0.00
1992 1650.000 182.0 1.04 -0.03
1993 1650.300 118.3 1.08 -0.03
1994 1650.573 109.2 1.09 -0.04
1995 1650.937 127.4 1.06 -0.02
1996 1651.147 132.0 1.08 -0.02
1997 1652.830 145.6 1.02 -0.07
1998 1653.722 95.6 1.04 -0.07
1999 1656.599 188.9 1.06 -0.03
2000 1658.228 211.6 1.09 0.01
