1 0.094 100.1 1.06 0.10
2 1.960 154.7 1.03 0.08
3 2.561 100.1 1.06 0.05
4 2.716 93.3 1.09 0.05
5 3.571 154.7 0.99 0.05
6 4.600 47.8 1.06 0.09
7 4.937 147.9 1.02 0.06
8 6.694 127.4 1.12 0.03
9 7.358 264.0 1.13 0.05
10 7.904 163.8 1.12 0.04
11 9.779 113.8 1.09 0.03
12 10.016 93.3 1.08 0.03
13 12.592 109.2 1.06 0.05
14 12.983 93.3 1.06 0.03
15 13.484 100.1 1.05 0.00
16 13.666 113.8 1.07 0.00
17 14.312 170.7 1.07 0.01
18 14.977 116.1 1.09 0.05
19 16.023 161.6 1.08 0.03
20 16.324 241.2 1.09 0.03
21 16.597 184.3 1.07 0.04
22 16.779 81.9 1.06 0.05
23 17.252 136.5 1.11 0.02
24 19.428 127.4 1.09 0.03
25 19.628 84.2 1.09 0.02
26 20.028 109.2 1.09 0.03
27 20.647 234.4 1.07 0.02
28 23.132 93.3 1.07 0.02
29 23.524 227.6 1.09 0.04
30 24.288 182.0 1.10 0.05
31 24.589 118.3 1.06 0.05
32 25.544 127.4 1.10 0.03
33 25.754 145.6 1.07 0.01
34 28.020 200.2 1.06 0.02
35 30.086 95.6 1.07 0.07
36 31.998 209.4 1.04 0.05
37 33.609 129.7 1.06 0.04
38 34.264 100.1 1.06 0.06
39 35.639 152.5 1.01 0.12
40 38.023 191.1 0.96 0.06
41 38.506 150.2 1.01 0.04
42 39.726 336.8 1.04 0.05
43 41.455 109.2 1.04 0.03
44 41.956 95.6 1.03 0.05
45 42.074 68.3 1.03 0.03
46 42.256 111.5 1.04 0.03
47 42.829 120.6 1.04 0.04
48 43.093 109.2 1.04 0.04
49 43.294 127.4 1.03 0.04
50 43.803 109.2 1.04 0.02
51 44.249 154.7 1.08 0.02
52 44.759 127.4 1.09 0.01
53 45.069 136.5 1.08 0.01
54 45.961 236.7 1.07 -0.01
55 46.361 145.6 1.05 0.00
56 47.654 236.7 1.06 0.07
57 48.737 102.4 1.11 0.07
58 49.128 109.2 1.10 0.07
59 49.337 118.3 1.03 0.03
60 51.331 182.0 1.07 0.03
61 51.604 182.0 1.02 0.03
62 52.095 118.3 1.08 0.02
63 53.907 100.1 1.07 0.03
64 54.435 202.5 1.07 0.03
65 54.917 154.7 1.05 0.04
66 55.454 163.8 1.13 0.05
67 56.446 132.0 1.12 0.06
68 57.930 93.3 1.10 0.04
69 58.367 223.0 1.09 0.02
70 59.159 282.2 1.15 0.01
71 60.579 43.2 1.17 0.01
72 61.216 125.2 1.14 0.05
73 62.499 136.5 1.10 0.03
74 63.227 107.0 1.12 0.07
75 64.229 209.4 1.11 0.06
76 65.967 95.6 1.07 0.07
77 66.504 95.6 1.06 0.06
78 66.996 175.2 1.07 0.05
79 67.505 154.7 1.03 0.08
80 67.779 136.5 1.03 0.07
81 69.453 95.6 1.06 0.06
82 69.572 113.8 1.08 0.05
83 70.354 113.8 1.07 0.04
84 70.864 150.2 1.04 0.01
85 71.210 68.3 1.09 0.04
86 73.467 145.6 1.05 0.06
87 73.649 127.4 1.07 0.06
88 75.588 145.6 1.04 0.04
89 75.807 145.6 1.04 0.05
90 76.990 118.3 1.07 -0.00
91 78.091 77.4 1.08 0.04
92 80.358 109.2 1.09 0.05
93 80.895 70.5 1.09 0.05
94 81.040 118.3 1.10 0.06
95 81.359 150.2 1.11 0.02
96 82.196 100.1 1.13 0.01
97 83.899 254.9 1.09 0.01
98 88.459 154.7 1.09 0.06
99 88.841 136.5 1.11 0.01
100 89.305 95.6 1.11 0.00
101 89.897 141.1 1.11 0.01
102 90.361 68.3 1.10 0.02
103 91.399 113.8 1.09 0.02
104 91.699 127.4 1.08 0.07
105 92.264 127.4 1.10 0.05
106 92.418 111.5 1.09 0.07
107 94.120 318.6 1.10 0.03
108 94.585 54.6 1.05 0.07
109 94.912 136.5 1.08 0.04
110 95.914 136.5 1.05 0.11
111 96.997 122.9 1.04 0.14
112 97.315 236.7 1.03 0.12
113 100.865 245.8 1.02 0.11
114 101.848 229.8 0.99 0.09
115 103.923 170.7 1.00 -0.00
116 104.260 116.1 1.04 -0.00
117 105.471 154.7 0.98 0.08
118 106.363 200.2 0.98 0.05
119 106.891 104.7 1.00 0.07
120 108.356 136.5 1.03 0.03
121 111.387 141.1 1.10 0.06
122 112.125 150.2 1.08 0.06
123 115.565 163.8 1.06 0.10
124 116.303 100.1 1.06 0.11
125 118.423 100.1 1.03 -0.02
126 118.678 147.9 1.08 -0.02
127 119.570 109.2 1.05 0.01
128 120.280 91.0 1.01 0.00
129 122.729 125.2 1.00 0.01
130 123.612 104.7 1.00 0.05
131 124.221 216.2 1.04 0.11
132 124.795 118.3 1.04 0.12
133 128.763 154.7 0.99 0.13
134 130.529 134.3 1.00 0.08
135 131.339 204.8 0.96 0.09
136 134.571 113.8 1.05 0.03
137 136.327 84.2 1.05 0.02
138 136.610 118.3 1.00 -0.02
139 137.128 323.1 1.00 -0.02
140 137.847 145.6 1.02 -0.04
141 138.212 95.6 0.98 -0.01
142 139.358 93.3 1.02 -0.04
143 139.732 88.7 1.01 -0.02
144 140.150 129.7 1.02 -0.04
145 140.906 125.2 0.95 -0.00
146 141.543 100.1 0.96 0.04
147 142.016 75.1 0.96 0.01
148 142.135 109.2 0.95 0.00
149 143.755 191.1 0.99 -0.01
150 145.593 143.4 1.04 0.03
151 146.567 198.0 1.03 -0.03
152 146.795 152.5 1.03 -0.03
153 148.160 122.9 1.01 -0.01
154 150.445 86.5 1.04 -0.00
155 150.618 104.7 1.07 -0.00
156 150.855 95.6 1.06 -0.02
157 151.191 136.5 1.02 -0.00
158 154.341 38.7 1.04 -0.05
159 156.798 193.4 0.97 -0.01
160 156.953 132.0 0.99 -0.01
161 157.053 59.2 1.00 -0.01
162 157.854 136.5 0.98 0.02
163 158.500 141.1 1.00 -0.01
164 158.692 50.1 0.99 -0.01
165 158.773 88.7 0.99 -0.01
166 159.001 227.6 0.99 0.01
167 159.829 75.1 1.01 0.03
168 160.366 127.4 1.02 -0.00
169 162.587 200.2 1.03 0.00
170 163.643 145.6 1.04 -0.04
171 164.262 111.5 0.98 -0.03
172 165.300 163.8 0.95 0.04
173 168.231 227.6 1.00 -0.00
174 169.104 95.6 1.00 0.01
175 169.332 207.1 1.03 0.01
176 170.643 91.0 1.01 0.00
177 170.870 177.5 1.03 0.00
178 171.298 254.9 1.04 0.02
179 172.545 213.9 1.04 0.02
180 173.210 100.1 1.06 0.02
181 174.329 59.2 1.06 0.02
182 175.103 141.1 1.07 0.02
183 175.940 127.4 1.06 0.04
184 177.852 172.9 1.08 0.02
185 178.935 154.7 1.04 0.03
186 179.827 116.1 1.04 0.03
187 182.931 136.5 1.04 0.01
188 183.204 143.4 1.05 -0.01
189 187.245 127.4 1.12 0.01
190 189.138 227.6 1.13 0.05
191 189.439 91.0 1.07 0.01
192 190.777 113.8 1.12 -0.02
193 191.241 136.5 1.11 -0.02
194 192.151 129.7 1.11 -0.05
195 192.306 61.4 1.10 -0.02
196 192.743 191.1 1.10 -0.03
197 193.726 147.9 1.07 -0.07
198 194.372 100.1 1.10 -0.07
199 196.884 145.6 1.08 -0.02
200 199.306 136.5 1.09 -0.05
201 199.460 107.0 1.07 -0.05
202 199.533 63.7 1.10 -0.06
203 201.081 232.1 1.08 -0.05
204 201.772 111.5 1.05 -0.03
205 202.655 109.2 1.08 -0.02
206 203.766 95.6 1.07 -0.01
207 204.831 95.6 1.08 -0.03
208 205.614 91.0 1.07 -0.01
209 205.796 109.2 1.07 -0.01
210 205.932 97.8 1.06 -0.04
211 206.542 482.4 1.05 0.04
212 208.089 136.5 1.07 0.00
213 208.772 136.5 1.06 0.05
214 209.027 150.2 1.04 0.01
215 211.339 134.3 1.07 0.02
216 211.839 122.9 1.07 0.04
217 213.387 109.2 1.07 0.03
218 213.897 182.0 1.06 0.04
219 215.016 91.0 1.04 -0.00
220 215.963 66.0 1.04 0.04
221 216.545 195.7 0.99 0.04
222 217.556 59.2 1.00 0.04
223 218.957 95.6 1.00 0.03
224 219.221 177.5 1.00 0.05
225 219.676 154.7 0.99 0.03
226 223.263 75.1 1.03 -0.02
227 224.082 68.3 1.01 0.02
228 224.646 227.6 1.04 0.03
229 224.901 104.7 0.99 0.05
230 225.529 91.0 1.06 0.02
231 227.486 198.0 1.05 0.01
232 227.859 127.4 1.06 0.03
233 228.324 118.3 1.05 0.01
234 231.063 109.2 1.03 -0.01
235 231.382 127.4 1.02 -0.02
236 232.684 145.6 1.04 -0.03
237 233.120 191.1 1.04 -0.02
238 234.322 136.5 1.07 -0.01
239 235.451 136.5 1.04 -0.02
240 236.397 118.3 1.00 -0.02
241 236.834 136.5 1.02 0.00
242 237.207 163.8 1.00 0.01
243 237.735 79.6 1.08 0.02
244 238.418 122.9 1.08 -0.03
245 239.383 118.3 1.06 -0.04
246 240.466 118.3 1.04 -0.03
247 242.286 116.1 1.03 -0.04
248 246.137 91.0 1.00 0.00
249 246.228 63.7 1.03 0.00
250 247.684 132.0 1.03 0.01
251 247.984 257.1 1.02 0.01
252 248.367 300.4 1.00 0.02
253 249.149 163.8 0.99 0.02
254 249.668 147.9 0.99 0.01
255 250.751 100.1 1.01 -0.03
256 251.261 120.6 0.99 -0.05
257 252.390 138.8 1.01 -0.04
258 252.845 257.1 1.00 -0.04
259 253.273 95.6 1.02 0.04
260 255.084 50.1 0.97 0.03
261 259.226 154.7 1.00 0.02
262 260.227 154.7 1.04 -0.06
263 260.919 118.3 1.07 -0.04
264 261.538 95.6 1.06 -0.03
265 261.829 88.7 1.08 -0.04
266 262.876 118.3 1.10 -0.03
267 263.931 245.8 1.11 0.06
268 264.259 250.3 1.08 0.04
269 264.505 172.9 1.09 0.01
270 265.097 91.0 1.07 -0.02
271 266.253 150.2 1.06 0.06
272 266.753 154.7 1.06 0.05
273 267.263 91.0 1.08 0.08
274 267.536 104.7 1.07 0.03
275 268.200 127.4 1.11 0.08
276 270.694 229.8 1.02 0.01
277 271.086 104.7 1.03 0.01
278 271.632 127.4 1.07 0.03
279 271.823 109.2 1.10 0.05
280 273.480 118.3 1.08 -0.00
281 274.445 107.0 1.07 -0.01
282 274.809 95.6 1.06 -0.01
283 275.109 204.8 1.11 -0.00
284 275.783 113.8 1.05 -0.02
285 276.638 95.6 1.05 0.01
286 279.150 95.6 1.06 0.04
287 280.907 163.8 1.10 0.04
288 283.319 118.3 1.11 0.05
289 283.756 166.1 1.11 0.02
290 284.038 172.9 1.09 0.01
291 284.812 109.2 1.08 -0.01
292 285.294 100.1 1.09 0.03
293 286.050 109.2 1.07 0.01
294 287.206 132.0 1.03 0.02
295 289.463 91.0 1.07 0.02
296 290.674 118.3 1.09 0.05
297 290.947 102.4 1.08 -0.00
298 291.065 50.1 1.13 0.03
299 291.457 93.3 1.09 0.04
300 292.476 95.6 1.10 0.01
301 293.140 56.9 1.12 0.00
302 293.213 41.0 1.12 0.01
303 293.668 150.2 1.10 0.00
304 294.078 113.8 1.12 0.01
305 296.317 134.3 1.08 -0.02
306 298.520 141.1 1.07 0.02
307 302.652 100.1 1.09 0.02
308 302.880 168.4 1.09 0.02
309 303.526 111.5 1.10 0.03
310 303.690 113.8 1.07 0.02
311 304.127 118.3 1.10 0.02
312 304.427 127.4 1.06 0.03
313 305.219 154.7 1.10 0.01
314 306.293 118.3 1.09 0.02
315 307.067 136.5 1.08 -0.01
316 307.586 241.2 1.07 -0.05
317 310.380 41.0 1.11 0.04
318 312.992 184.3 1.14 0.02
319 313.739 120.6 1.18 0.01
320 314.176 77.4 1.10 0.01
321 315.113 127.4 1.12 0.05
322 317.926 54.6 1.07 0.02
323 318.281 120.6 1.09 0.02
324 319.282 86.5 1.06 0.01
325 319.419 100.1 1.10 0.00
326 319.664 138.8 1.11 -0.02
327 320.001 186.6 1.14 0.01
328 320.575 136.5 1.13 0.01
329 321.239 104.7 1.17 0.03
330 321.740 47.8 1.11 0.04
331 321.858 61.4 1.09 0.06
332 323.615 202.5 1.12 0.02
333 323.924 163.8 1.12 0.05
334 324.780 111.5 1.15 0.07
335 325.499 118.3 1.17 0.03
336 326.091 107.0 1.12 0.08
337 328.084 75.1 1.19 0.03
338 328.785 132.0 1.18 0.04
339 329.786 195.7 1.12 -0.02
340 330.287 111.5 1.13 0.04
341 330.769 86.5 1.09 -0.02
342 331.379 68.3 1.13 0.04
343 331.798 118.3 1.10 0.02
344 332.908 120.6 1.12 0.03
345 333.272 163.8 1.09 0.01
346 333.618 200.2 1.08 -0.01
347 333.855 118.3 1.10 -0.02
348 334.301 75.1 1.10 -0.01
349 334.474 102.4 1.10 -0.01
350 334.574 61.4 1.08 -0.00
351 335.366 127.4 1.11 -0.03
352 337.059 104.7 1.10 -0.04
353 339.161 118.3 1.10 0.02
354 339.771 218.5 1.08 -0.02
355 340.581 109.2 1.09 0.00
356 341.910 109.2 1.07 -0.01
357 342.657 127.4 1.14 -0.01
358 342.848 147.9 1.11 -0.02
359 344.131 161.6 1.14 -0.01
360 346.552 93.3 1.06 0.00
361 348.582 154.7 1.11 0.01
362 349.237 118.3 1.12 -0.00
363 349.829 109.2 1.11 0.02
364 352.605 104.7 1.06 0.01
365 353.415 84.2 1.09 -0.05
366 353.825 91.0 1.11 -0.01
367 354.653 136.5 1.07 0.00
368 355.509 357.3 1.07 -0.03
369 356.283 109.2 1.10 0.01
370 356.683 88.7 1.11 0.03
371 357.029 157.0 1.07 0.06
372 357.484 282.2 1.05 0.07
373 359.050 159.3 1.09 0.03
374 360.269 95.6 1.11 0.05
375 361.343 113.8 1.09 0.00
376 362.154 248.0 1.07 -0.02
377 362.873 150.2 1.03 -0.04
378 363.273 109.2 1.04 -0.04
379 364.365 95.6 1.03 -0.02
380 366.668 77.4 1.08 0.00
381 367.014 75.1 1.10 -0.01
382 367.487 152.5 1.09 0.01
383 368.516 91.0 1.08 0.05
384 368.835 68.3 1.08 0.01
385 372.339 141.1 1.07 -0.04
386 372.803 95.6 1.10 -0.05
387 373.340 129.7 1.11 -0.03
388 374.897 141.1 1.01 0.00
389 375.352 100.1 1.04 -0.00
390 375.770 118.3 1.13 0.00
391 376.753 127.4 1.01 0.01
392 377.545 129.7 1.08 0.01
393 379.803 109.2 1.03 0.01
394 380.476 93.3 1.04 0.02
395 380.686 154.7 1.01 0.01
396 381.423 127.4 1.02 -0.00
397 381.924 179.8 1.01 -0.01
398 384.327 154.7 1.01 -0.01
399 384.809 129.7 1.00 -0.00
400 385.291 84.2 1.00 0.01
401 385.382 61.4 0.98 -0.01
402 387.367 241.2 0.97 -0.04
403 388.004 186.6 0.99 -0.00
404 388.250 109.2 0.96 -0.00
405 390.898 145.6 0.99 -0.09
406 391.144 111.5 1.01 -0.08
407 392.027 100.1 0.98 -0.01
408 393.492 227.6 1.09 0.02
409 393.875 122.9 0.97 -0.08
410 394.266 455.1 0.95 -0.08
411 394.812 107.0 1.02 0.00
412 395.586 109.2 0.99 -0.06
413 398.417 211.6 1.05 0.01
414 399.045 59.2 1.07 -0.01
415 400.055 77.4 1.05 -0.01
416 400.356 136.5 1.05 -0.04
417 403.660 245.8 1.05 -0.05
418 404.606 209.4 1.06 0.00
419 404.970 77.4 1.06 0.01
420 405.243 154.7 1.07 0.02
421 406.654 118.3 1.08 0.02
422 406.909 159.3 1.08 0.02
423 409.194 209.4 1.05 -0.11
424 409.931 116.1 1.10 -0.09
425 411.360 154.7 1.10 -0.05
426 412.543 145.6 1.10 -0.02
427 412.871 150.2 1.06 0.00
428 414.264 132.0 1.08 -0.02
429 415.620 97.8 1.01 -0.00
430 416.248 129.7 0.98 0.00
431 416.621 113.8 1.01 -0.01
432 422.811 129.7 0.98 -0.03
433 425.104 109.2 0.97 -0.03
434 425.623 163.8 1.01 -0.06
435 427.535 163.8 0.98 -0.03
436 428.754 216.2 0.95 -0.06
437 429.137 213.9 0.94 -0.07
438 429.792 102.4 1.04 -0.06
439 431.112 63.7 1.03 0.03
440 432.232 223.0 1.13 -0.00
441 433.133 56.9 1.08 -0.06
442 434.898 132.0 1.18 -0.09
443 435.499 172.9 1.16 -0.07
444 437.047 159.3 1.07 0.03
445 437.738 91.0 1.12 0.05
446 438.112 127.4 1.11 0.03
447 438.794 150.2 1.12 0.03
448 439.122 127.4 1.11 0.01
449 442.563 182.0 1.08 0.01
450 442.845 209.4 1.14 0.01
451 444.119 172.9 1.15 0.06
452 444.611 152.5 1.17 0.06
453 445.839 54.6 1.11 0.03
454 445.912 100.1 1.13 0.03
455 446.631 118.3 1.09 -0.00
456 448.816 138.8 1.06 -0.00
457 450.536 47.8 1.16 0.00
458 452.748 172.9 1.11 0.02
459 453.767 91.0 1.14 -0.00
460 455.943 282.2 1.12 0.01
461 456.562 141.1 1.08 0.04
462 456.990 118.3 1.09 0.03
463 457.636 136.5 1.07 0.07
464 459.729 184.3 1.03 0.07
465 460.166 141.1 1.02 0.06
466 460.367 195.7 1.02 0.08
467 462.005 91.0 1.12 -0.01
468 462.560 91.0 1.12 0.06
469 465.973 166.1 1.07 0.02
470 468.185 145.6 1.08 -0.00
471 469.596 129.7 1.09 0.02
472 470.424 127.4 1.04 0.01
473 470.561 111.5 1.05 0.01
474 474.348 84.2 0.97 -0.02
475 474.957 102.4 0.97 0.04
476 475.604 147.9 1.02 0.04
477 475.986 109.2 1.00 0.02
478 478.553 145.6 1.01 0.01
479 480.437 72.8 1.06 0.03
480 481.220 300.4 1.02 0.06
481 482.194 107.0 1.00 0.06
482 482.558 154.7 1.05 0.07
483 483.732 120.6 1.05 0.08
484 485.343 145.6 1.01 0.06
485 489.721 77.4 0.98 0.11
486 492.488 125.2 0.99 0.09
487 492.607 81.9 1.00 0.09
488 493.808 145.6 0.98 0.08
489 494.172 116.1 0.98 0.04
490 495.892 56.9 1.01 0.06
491 496.193 52.3 1.00 0.04
492 496.357 86.5 1.04 0.04
493 496.511 125.2 0.99 0.05
494 496.848 182.0 1.04 0.06
495 497.212 252.6 1.07 0.06
496 497.576 163.8 1.06 0.07
497 498.924 136.5 1.05 0.06
498 499.561 136.5 1.05 0.04
499 501.654 172.9 1.03 0.06
500 503.593 145.6 1.01 0.03
501 503.975 113.8 0.99 0.07
502 504.358 213.9 0.99 0.06
503 505.213 204.8 0.96 0.08
504 505.632 229.8 0.96 0.06
505 505.887 97.8 0.96 0.07
506 506.169 104.7 0.96 0.08
507 506.569 56.9 0.96 0.07
508 507.088 118.3 0.94 0.09
509 507.917 204.8 0.94 0.12
510 509.892 70.5 0.95 0.11
511 510.128 100.1 0.93 0.09
512 510.583 145.6 1.00 0.16
513 511.084 195.7 0.96 0.16
514 512.841 109.2 0.96 0.13
515 513.278 154.7 1.00 0.14
516 513.496 172.9 1.01 0.14
517 516.545 100.1 1.08 0.10
518 516.837 161.6 1.07 0.11
519 519.221 209.4 1.07 0.07
520 520.068 209.4 1.09 0.10
521 520.314 154.7 1.08 0.08
522 522.635 109.2 1.06 0.10
523 525.429 150.2 1.04 0.03
524 525.684 100.1 1.01 0.09
525 526.066 168.4 1.01 0.10
526 527.341 100.1 1.00 0.07
527 528.051 127.4 0.99 0.10
528 528.679 188.9 1.04 0.10
529 528.824 75.1 1.06 0.10
530 530.326 75.1 1.03 0.11
531 531.537 193.4 1.03 0.09
532 533.193 109.2 1.02 -0.00
533 534.804 232.1 1.01 0.03
534 535.223 38.7 1.00 0.05
535 535.642 118.3 1.11 0.06
536 535.988 163.8 1.09 0.09
537 536.771 113.8 1.12 0.09
538 537.344 227.6 1.10 0.07
539 538.582 145.6 1.06 0.08
540 538.946 159.3 1.05 0.09
541 539.210 186.6 1.05 0.07
542 539.419 145.6 1.03 0.07
543 541.349 150.2 1.03 0.04
544 542.168 141.1 1.07 0.08
545 543.807 172.9 1.10 0.12
546 544.826 86.5 1.09 0.10
547 545.818 200.2 1.03 0.04
548 547.575 107.0 1.10 0.11
549 548.285 109.2 1.08 0.10
550 549.059 163.8 1.11 0.10
551 549.323 95.6 1.10 0.14
552 549.414 41.0 1.07 0.12
553 550.196 132.0 1.11 0.18
554 551.079 136.5 1.08 0.13
555 551.771 159.3 1.11 0.08
556 554.183 141.1 1.08 0.06
557 554.866 225.3 1.09 0.08
558 555.148 122.9 1.07 0.06
559 556.004 86.5 1.08 0.05
560 556.968 109.2 1.06 0.08
561 558.853 177.5 1.08 0.06
562 559.153 95.6 1.07 0.06
563 562.111 107.0 1.10 0.05
564 563.513 282.2 1.08 0.03
565 564.787 147.9 1.05 0.04
566 564.997 127.4 1.04 0.04
567 565.324 109.2 1.06 0.06
568 565.889 109.2 1.06 0.05
569 566.043 100.1 1.05 0.03
570 566.790 95.6 1.06 0.04
571 567.554 138.8 1.05 0.06
572 568.155 127.4 1.06 0.06
573 569.593 118.3 1.06 0.04
574 570.449 86.5 1.10 0.03
575 571.131 77.4 1.06 0.06
576 571.241 68.3 1.13 0.06
577 572.979 154.7 1.11 0.09
578 573.880 129.7 1.09 0.11
579 574.053 93.3 1.10 0.06
580 575.273 250.3 1.13 0.04
581 575.673 127.4 1.13 0.06
582 577.130 68.3 1.14 0.06
583 578.013 102.4 1.11 0.07
584 578.240 70.5 1.10 0.07
585 578.750 95.6 1.09 0.10
586 579.351 84.2 1.10 0.07
587 581.135 282.2 1.11 0.05
588 583.838 86.5 1.12 0.08
589 584.848 154.7 1.11 0.02
590 586.523 79.6 1.13 0.05
591 586.769 91.0 1.12 0.07
592 586.997 100.1 1.12 0.07
593 587.734 127.4 1.11 0.08
594 587.998 136.5 1.12 0.08
595 589.327 136.5 1.13 0.06
596 591.766 111.5 1.15 0.04
597 591.912 125.2 1.13 0.04
598 595.007 207.1 1.10 0.07
599 595.216 102.4 1.16 0.03
600 596.326 111.5 1.13 0.03
601 598.511 141.1 1.07 0.07
602 598.675 100.1 1.07 0.07
603 598.875 118.3 1.05 0.07
604 599.485 136.5 1.07 0.07
605 599.840 104.7 1.09 0.08
606 600.077 109.2 1.10 0.07
607 600.759 132.0 1.10 0.07
608 601.478 127.4 1.12 0.05
609 602.234 118.3 1.11 0.05
610 603.007 86.5 1.08 0.04
611 604.983 227.6 1.05 0.03
612 606.366 172.9 1.03 0.03
613 607.404 47.8 1.03 0.05
614 611.554 79.6 1.06 0.10
615 611.764 145.6 1.08 0.09
616 613.511 236.7 1.05 0.10
617 614.849 172.9 1.09 0.13
618 615.596 107.0 1.05 0.15
619 615.987 245.8 1.02 0.16
620 616.470 109.2 1.06 0.14
621 617.407 182.0 1.02 0.02
622 619.355 109.2 1.06 0.05
623 621.103 132.0 0.94 0.10
624 621.549 245.8 1.04 -0.06
625 622.304 84.2 0.96 0.07
626 624.971 166.1 0.97 -0.00
627 626.082 182.0 1.00 0.08
628 629.340 134.3 1.04 -0.03
629 629.449 88.7 1.03 -0.04
630 630.250 275.3 1.07 -0.03
631 631.206 102.4 1.06 -0.03
632 633.063 136.5 1.02 -0.01
633 635.657 93.3 1.05 -0.01
634 638.151 107.0 1.06 -0.01
635 640.190 127.4 1.11 -0.02
636 641.037 138.8 1.11 -0.03
637 644.086 86.5 1.10 -0.01
638 645.169 95.6 1.13 -0.00
639 645.824 116.1 1.09 -0.01
640 647.308 200.2 1.10 0.00
641 649.110 211.6 1.11 -0.01
642 649.365 172.9 1.07 -0.01
643 651.449 109.2 1.10 0.01
644 652.815 204.8 1.10 0.03
645 653.680 200.2 1.06 -0.00
646 654.217 100.1 1.07 -0.01
647 654.535 179.8 1.05 0.01
648 655.300 86.5 1.08 0.02
649 655.910 182.0 1.09 0.04
650 656.146 150.2 1.08 0.03
651 657.175 102.4 1.11 -0.01
652 658.868 70.5 1.08 0.04
653 659.623 118.3 1.05 0.02
654 659.778 109.2 1.05 0.01
655 659.942 111.5 1.03 0.03
656 665.148 86.5 1.05 0.07
657 665.977 227.6 1.07 0.02
658 666.932 136.5 1.05 0.00
659 669.272 93.3 1.08 0.01
660 670.009 97.8 1.03 0.05
661 670.082 95.6 1.07 0.05
662 670.291 172.9 1.11 0.09
663 671.957 136.5 1.09 0.07
664 673.477 81.9 1.09 0.07
665 673.768 163.8 1.09 0.09
666 674.469 127.4 1.08 0.03
667 674.760 132.0 1.04 0.10
668 676.599 218.5 1.05 -0.00
669 677.345 88.7 1.02 -0.01
670 678.119 127.4 1.02 0.02
671 680.604 127.4 1.06 0.02
672 684.363 172.9 1.03 0.02
673 684.609 184.3 1.06 0.01
674 685.346 141.1 1.06 0.00
675 685.656 168.4 1.06 -0.03
676 688.222 79.6 1.06 -0.10
677 689.943 118.3 1.00 -0.01
678 691.663 125.2 1.04 -0.08
679 692.209 154.7 1.02 -0.06
680 692.482 154.7 1.04 -0.08
681 695.149 118.3 1.08 0.05
682 697.452 104.7 1.10 0.01
683 697.771 132.0 1.10 0.02
684 698.089 127.4 1.10 0.01
685 698.553 118.3 1.10 0.02
686 699.209 127.4 1.10 0.03
687 699.455 204.8 1.10 0.01
688 703.177 127.4 1.10 0.04
689 703.478 56.9 1.09 0.04
690 703.987 150.2 1.14 0.00
691 707.219 163.8 1.07 0.00
692 707.583 95.6 1.08 -0.00
693 707.728 152.5 1.06 -0.01
694 708.566 91.0 1.05 0.01
695 708.884 127.4 1.09 0.00
696 709.139 118.3 1.05 0.01
697 714.956 107.0 1.13 -0.05
698 715.575 159.3 1.03 -0.02
699 716.567 132.0 1.07 -0.01
700 716.721 95.6 1.10 -0.03
701 717.522 75.1 1.05 0.01
702 717.887 264.0 1.08 0.01
703 718.560 175.2 1.02 -0.00
704 718.769 170.7 1.03 0.01
705 719.243 141.1 1.04 0.01
706 720.472 116.1 1.07 0.04
707 722.401 125.2 1.02 0.00
708 724.549 163.8 1.08 0.12
709 725.623 172.9 1.09 0.09
710 726.661 109.2 1.10 0.08
711 726.989 127.4 1.13 0.08
712 728.281 132.0 1.10 0.08
713 731.440 100.1 1.12 0.01
714 731.858 100.1 1.13 0.04
715 733.752 172.9 1.12 0.09
716 734.189 136.5 1.10 0.08
717 734.489 136.5 1.07 0.06
718 736.856 182.0 1.08 -0.01
719 737.101 184.3 1.09 -0.01
720 739.841 97.8 1.12 -0.05
721 740.005 97.8 1.11 -0.05
722 741.334 100.1 1.12 -0.01
723 743.209 136.5 1.10 0.04
724 743.664 79.6 1.09 0.03
725 744.902 118.3 1.13 0.01
726 745.821 68.3 1.12 0.00
727 746.640 47.8 1.15 -0.00
728 746.713 77.4 1.11 0.01
729 749.863 166.1 1.12 -0.05
730 750.800 95.6 1.11 -0.01
731 751.264 163.8 1.10 0.01
732 751.710 86.5 1.08 -0.02
733 753.431 41.0 1.07 0.00
734 755.060 118.3 1.09 -0.03
735 755.279 100.1 1.06 -0.05
736 756.726 163.8 1.08 -0.02
737 757.527 136.5 1.06 -0.06
738 757.691 100.1 1.08 -0.04
739 759.302 59.2 1.06 -0.01
740 760.339 70.5 1.05 0.03
741 760.512 109.2 1.07 0.04
742 760.649 136.5 1.08 0.03
743 761.159 41.0 1.06 0.03
744 761.222 52.3 1.07 0.03
745 761.550 127.4 1.08 0.02
746 761.987 145.6 1.09 0.01
747 763.298 109.2 1.11 0.03
748 764.199 102.4 1.11 0.02
749 765.082 120.6 1.08 -0.02
750 765.255 145.6 1.09 -0.00
751 765.955 102.4 1.13 -0.03
752 766.784 104.7 1.09 -0.02
753 770.297 86.5 1.10 -0.03
754 771.007 93.3 1.07 -0.06
755 771.144 113.8 1.09 -0.06
756 771.863 163.8 1.11 -0.04
757 772.737 91.0 1.11 0.02
758 774.166 93.3 1.14 0.05
759 774.320 211.6 1.10 0.03
760 774.484 41.0 1.09 0.04
761 774.694 75.1 1.07 0.02
762 774.821 113.8 1.10 0.07
763 775.968 154.7 1.08 0.02
764 776.341 122.9 1.09 0.01
765 777.634 136.5 1.12 0.01
766 779.290 168.4 1.06 0.11
767 782.876 136.5 1.13 0.08
768 785.298 91.0 1.05 -0.03
769 785.644 216.2 1.05 -0.05
770 787.946 145.6 1.10 -0.02
771 788.165 141.1 1.10 -0.02
772 788.747 132.0 1.08 -0.01
773 789.567 245.8 1.09 0.01
774 790.085 193.4 1.07 0.01
775 790.795 241.2 1.10 0.01
776 791.005 116.1 1.11 0.01
777 792.725 184.3 1.11 0.01
778 792.989 159.3 1.15 0.01
779 793.453 172.9 1.10 -0.01
780 794.363 118.3 1.09 -0.01
781 795.620 109.2 1.06 0.02
782 795.792 122.9 1.08 0.02
783 799.379 250.3 1.12 0.03
784 800.134 218.5 1.11 0.03
785 801.363 145.6 1.10 0.07
786 801.600 195.7 1.09 0.07
787 803.975 109.2 1.11 0.07
788 805.495 129.7 1.13 0.01
789 805.805 136.5 1.15 -0.00
790 807.361 191.1 1.10 0.04
791 807.908 107.0 1.12 0.03
792 808.317 70.5 1.12 0.02
793 808.399 52.3 1.08 0.02
794 808.863 107.0 1.13 0.01
795 811.448 111.5 1.11 0.01
796 811.885 118.3 1.13 -0.01
797 812.295 157.0 1.11 -0.03
798 812.704 138.8 1.10 0.00
799 813.087 200.2 1.10 0.01
800 813.487 161.6 1.10 0.02
801 814.616 118.3 1.10 0.02
802 815.326 118.3 1.11 0.03
803 815.726 95.6 1.10 0.03
804 816.236 50.1 1.12 0.03
805 817.128 102.4 1.12 0.04
806 817.601 163.8 1.14 0.05
807 818.002 141.1 1.11 0.05
808 818.421 295.8 1.13 0.06
809 820.359 91.0 1.12 0.07
810 820.787 109.2 1.12 0.05
811 821.242 50.1 1.10 0.06
812 821.333 84.2 1.10 0.07
813 822.153 141.1 1.12 0.06
814 826.849 127.4 1.11 0.03
815 827.559 141.1 1.13 0.03
816 830.263 77.4 1.09 0.03
817 830.590 159.3 1.10 0.01
818 832.192 182.0 1.10 -0.01
819 832.502 154.7 1.08 0.00
820 834.268 116.1 1.10 0.02
821 834.468 109.2 1.10 0.00
822 834.723 118.3 1.09 0.01
823 834.978 154.7 1.10 -0.00
824 835.196 136.5 1.10 -0.00
825 835.979 175.2 1.10 0.02
826 838.245 118.3 1.11 0.03
827 839.110 118.3 1.12 0.02
828 839.638 86.5 1.09 0.01
829 840.803 168.4 1.12 -0.01
830 841.331 172.9 1.11 0.00
831 842.105 127.4 1.11 0.03
832 842.296 81.9 1.12 0.00
833 842.678 236.7 1.12 -0.01
834 843.479 79.6 1.12 -0.02
835 844.326 109.2 1.11 0.00
836 845.136 145.6 1.11 -0.01
837 846.328 127.4 1.07 -0.02
838 847.639 154.7 1.08 -0.04
839 848.977 145.6 1.07 -0.03
840 849.213 111.5 1.06 -0.03
841 850.215 172.9 1.07 -0.02
842 850.606 136.5 1.07 -0.03
843 850.961 141.1 1.05 -0.01
844 851.107 152.5 1.06 -0.02
845 853.555 102.4 1.08 -0.02
846 854.475 118.3 1.08 -0.03
847 854.729 118.3 1.07 -0.02
848 854.921 154.7 1.06 -0.02
849 855.430 118.3 1.08 -0.02
850 855.985 188.9 1.07 -0.02
851 859.053 118.3 1.12 -0.01
852 859.499 102.4 1.15 -0.00
853 860.327 145.6 1.11 0.03
854 863.804 132.0 1.06 0.05
855 864.396 163.8 1.07 0.04
856 865.998 84.2 1.07 0.01
857 866.471 59.2 1.09 -0.01
858 867.036 154.7 1.08 -0.04
859 868.110 143.4 1.12 -0.03
860 871.532 91.0 1.11 0.01
861 871.705 93.3 1.09 0.01
862 871.905 118.3 1.11 -0.01
863 872.151 113.8 1.09 0.01
864 874.345 104.7 1.11 0.01
865 874.782 86.5 1.06 -0.01
866 875.255 113.8 1.09 -0.01
867 876.465 118.3 1.11 -0.02
868 876.729 118.3 1.09 -0.03
869 877.039 157.0 1.08 -0.02
870 877.640 154.7 1.11 -0.00
871 877.995 70.5 1.09 -0.00
872 878.341 95.6 1.10 -0.01
873 878.468 100.1 1.11 -0.01
874 878.614 70.5 1.11 -0.01
875 879.515 102.4 1.09 -0.01
876 879.988 150.2 1.10 0.02
877 880.389 132.0 1.07 -0.01
878 880.561 113.8 1.13 -0.01
879 881.963 141.1 1.08 0.01
880 882.154 161.6 1.10 0.01
881 883.056 109.2 1.08 -0.03
882 883.392 204.8 1.09 -0.03
883 884.703 109.2 1.12 0.00
884 884.867 109.2 1.14 -0.01
885 886.451 118.3 1.11 -0.00
886 887.024 150.2 1.11 -0.02
887 888.817 109.2 1.13 -0.02
888 890.510 86.5 1.13 0.03
889 891.011 79.6 1.13 0.02
890 894.142 168.4 1.09 0.00
891 894.251 41.0 1.10 -0.01
892 894.524 198.0 1.11 0.03
893 896.727 104.7 1.09 0.01
894 897.528 122.9 1.07 -0.00
895 898.192 100.1 1.08 0.02
896 899.749 268.5 1.08 -0.01
897 900.149 193.4 1.08 0.00
898 900.914 136.5 1.12 -0.00
899 901.096 138.8 1.12 -0.01
900 901.224 86.5 1.10 -0.01
901 901.842 118.3 1.14 -0.01
902 902.471 232.1 1.09 -0.01
903 904.828 100.1 1.08 0.05
904 905.902 95.6 1.07 -0.03
905 908.542 118.3 1.11 0.01
906 912.155 100.1 1.06 -0.01
907 914.021 177.5 1.06 0.03
908 914.622 191.1 1.07 0.03
909 916.178 298.1 1.11 0.04
910 916.989 136.5 1.13 0.02
911 917.280 79.6 1.11 0.01
912 917.580 170.7 1.14 0.02
913 920.511 109.2 1.11 0.01
914 920.903 209.4 1.14 0.01
915 921.203 91.0 1.11 0.01
916 922.304 129.7 1.11 -0.00
917 923.551 109.2 1.14 -0.01
918 923.761 141.1 1.14 -0.03
919 923.915 70.5 1.11 -0.02
920 924.753 182.0 1.13 -0.02
921 929.595 175.2 1.10 0.02
922 929.704 79.6 1.12 0.03
923 929.868 120.6 1.12 -0.02
924 931.552 163.8 1.15 0.05
925 931.843 86.5 1.19 0.07
926 932.025 100.1 1.14 0.02
927 933.254 43.2 1.09 0.07
928 934.683 118.3 1.06 0.01
929 935.457 154.7 1.05 -0.02
930 935.657 113.8 1.09 0.03
931 936.831 145.6 1.06 -0.01
932 938.989 91.0 1.03 0.05
933 939.116 86.5 1.07 0.05
934 939.344 88.7 1.08 0.02
935 939.963 118.3 1.10 0.03
936 941.055 136.5 1.12 -0.03
937 941.555 86.5 1.09 -0.01
938 941.692 41.0 1.11 0.00
939 941.920 186.6 1.12 0.00
940 942.065 59.2 1.10 0.02
941 942.566 86.5 1.11 0.02
942 944.996 102.4 1.12 -0.02
943 946.034 157.0 1.11 0.01
944 947.071 172.9 1.10 0.01
945 947.608 200.2 1.10 0.02
946 948.710 127.4 1.14 0.03
947 949.101 70.5 1.13 0.05
948 950.285 154.7 1.09 0.05
949 952.533 209.4 1.09 0.02
950 953.088 163.8 1.11 0.00
951 954.608 75.1 1.14 -0.02
952 954.790 107.0 1.12 -0.00
953 956.219 152.5 1.05 -0.04
954 957.120 218.5 1.09 -0.01
955 957.794 145.6 1.11 -0.02
956 958.404 102.4 1.08 -0.01
957 959.359 166.1 1.09 -0.05
958 959.705 75.1 1.09 -0.00
959 961.052 104.7 1.11 -0.05
960 963.774 127.4 1.05 -0.03
961 964.557 116.1 1.13 -0.06
962 965.667 111.5 1.12 -0.09
963 966.195 125.2 1.11 -0.07
964 967.115 150.2 1.12 -0.10
965 967.433 109.2 1.12 -0.04
966 969.554 136.5 1.09 0.01
967 971.511 91.0 1.09 0.08
968 971.711 86.5 1.09 0.06
969 975.425 207.1 1.05 -0.01
970 975.889 157.0 1.06 -0.00
971 976.262 84.2 1.05 -0.02
972 976.990 72.8 1.03 -0.01
973 978.046 100.1 1.10 0.04
974 978.256 109.2 1.10 0.01
975 978.729 136.5 1.09 0.02
976 978.893 136.5 1.10 0.00
977 980.531 150.2 1.15 0.00
978 981.414 177.5 1.18 0.01
979 982.452 138.8 1.18 0.04
980 983.380 111.5 1.12 0.05
981 984.682 109.2 1.17 -0.03
982 986.493 111.5 1.12 0.05
983 987.130 127.4 1.13 0.03
984 988.132 136.5 1.12 0.04
985 990.280 184.3 1.09 0.03
986 991.126 204.8 1.07 0.03
987 991.954 223.0 1.06 0.05
988 993.256 136.5 1.08 0.03
989 995.086 118.3 1.05 0.06
990 995.277 145.6 1.09 0.06
991 995.768 150.2 1.09 0.02
992 996.952 79.6 1.08 0.09
993 997.052 52.3 1.10 0.07
994 1001.539 209.4 1.10 0.00
995 1003.150 132.0 1.08 -0.04
996 1004.807 177.5 1.13 0.02
997 1005.917 152.5 1.10 -0.04
998 1008.693 118.3 1.04 -0.03
999 1011.806 109.2 1.02 -0.04
1000 1013.245 257.1 1.05 0.01
1001 1016.285 118.3 1.11 0.06
1002 1017.350 145.6 1.07 0.05
1003 1018.114 129.7 1.10 0.03
1004 1018.387 79.6 1.08 0.05
1005 1020.344 79.6 1.08 0.04
1006 1020.617 254.9 1.08 0.02
1007 1024.650 136.5 1.06 0.07
1008 1025.023 118.3 1.07 0.06
1009 1025.241 138.8 1.07 0.06
1010 1027.380 109.2 1.12 0.04
1011 1028.118 95.6 1.10 0.01
1012 1028.354 56.9 1.09 0.01
1013 1029.319 127.4 1.07 0.03
1014 1031.422 191.1 1.10 0.02
1015 1031.595 97.8 1.10 0.02
1016 1031.959 245.8 1.10 0.02
1017 1033.570 163.8 1.13 -0.01
1018 1034.999 122.9 1.14 0.00
1019 1037.238 113.8 1.10 0.06
1020 1037.903 227.6 1.12 0.05
1021 1038.257 79.6 1.13 0.07
1022 1039.705 195.7 1.14 0.07
1023 1040.679 104.7 1.08 0.11
1024 1041.452 109.2 1.11 0.12
1025 1041.898 93.3 1.16 0.10
1026 1045.976 104.7 1.09 0.02
1027 1046.167 72.8 1.08 -0.01
1028 1046.267 132.0 1.08 0.01
1029 1046.495 204.8 1.09 0.02
1030 1047.059 127.4 1.11 0.02
1031 1047.442 163.8 1.09 0.02
1032 1047.751 163.8 1.05 0.02
1033 1048.497 170.7 1.08 0.01
1034 1048.880 127.4 1.10 0.01
1035 1051.620 109.2 1.10 0.05
1036 1052.084 191.1 1.09 0.07
1037 1053.649 157.0 1.12 0.05
1038 1055.133 373.2 1.15 0.05
1039 1056.881 154.7 1.07 0.02
1040 1059.156 163.8 1.10 0.03
1041 1059.948 127.4 1.13 0.03
1042 1060.176 154.7 1.05 0.03
1043 1063.088 100.1 1.08 0.01
1044 1063.407 118.3 1.08 -0.00
1045 1064.026 154.7 1.07 0.00
1046 1064.991 91.0 1.00 -0.03
1047 1065.464 100.1 1.05 0.04
1048 1066.110 109.2 1.07 -0.02
1049 1066.301 91.0 1.05 0.12
1050 1066.529 170.7 1.07 0.03
1051 1067.357 118.3 1.04 0.17
1052 1067.922 109.2 1.04 0.17
1053 1068.359 127.4 1.07 0.09
1054 1069.942 91.0 1.12 0.05
1055 1070.579 109.2 1.11 0.06
1056 1071.007 109.2 1.10 0.05
1057 1071.262 70.5 1.08 0.06
1058 1074.939 248.0 1.04 0.02
1059 1075.158 70.5 1.03 0.01
1060 1076.414 132.0 1.06 -0.01
1061 1077.934 132.0 1.06 -0.01
1062 1078.234 136.5 1.06 -0.01
1063 1080.037 127.4 1.06 0.00
1064 1082.066 145.6 1.06 -0.01
1065 1083.313 77.4 1.03 0.07
1066 1084.169 154.7 1.02 -0.00
1067 1084.479 145.6 1.09 0.09
1068 1085.635 154.7 0.99 0.01
1069 1085.826 93.3 0.97 0.02
1070 1086.090 113.8 1.05 0.08
1071 1086.572 163.8 1.02 0.04
1072 1086.863 191.1 1.01 0.02
1073 1087.564 154.7 1.01 0.04
1074 1087.865 50.1 0.99 0.05
1075 1088.966 91.0 1.06 0.02
1076 1089.676 427.8 1.03 0.06
1077 1090.923 182.0 1.10 0.05
1078 1092.006 86.5 1.09 0.09
1079 1095.429 145.6 1.11 0.02
1080 1097.968 109.2 1.11 0.01
1081 1100.180 157.0 1.12 0.03
1082 1100.726 125.2 1.10 0.00
1083 1101.163 145.6 1.10 0.02
1084 1101.427 136.5 1.10 0.02
1085 1101.982 93.3 1.10 0.04
1086 1103.366 145.6 1.05 0.01
1087 1104.895 127.4 1.04 0.03
1088 1106.724 150.2 1.12 0.06
1089 1110.811 132.0 1.13 0.02
1090 1111.576 59.2 1.05 0.03
1091 1112.923 66.0 1.07 0.10
1092 1114.470 127.4 1.11 0.09
1093 1115.180 120.6 1.05 0.03
1094 1116.819 100.1 1.07 0.03
1095 1118.048 102.4 1.12 0.03
1096 1119.804 88.7 1.07 0.02
1097 1119.995 122.9 1.09 0.02
1098 1120.332 95.6 1.07 0.05
1099 1121.816 93.3 1.03 0.08
1100 1123.809 136.5 1.09 0.05
1101 1124.128 145.6 1.06 0.08
1102 1124.610 136.5 1.06 0.07
1103 1126.777 100.1 1.11 0.07
1104 1127.195 157.0 1.09 0.05
1105 1127.987 145.6 1.12 0.05
1106 1128.278 84.2 1.12 0.06
1107 1128.688 147.9 1.14 0.08
1108 1128.816 84.2 1.06 0.09
1109 1128.925 154.7 1.13 0.07
1110 1129.207 150.2 1.14 0.09
1111 1133.057 91.0 1.09 0.03
1112 1133.266 127.4 1.08 0.02
1113 1133.913 163.8 1.09 0.02
1114 1135.396 129.7 1.10 0.02
1115 1136.134 102.4 1.07 0.04
1116 1136.707 93.3 1.06 0.02
1117 1137.900 81.9 1.08 0.04
1118 1139.128 241.2 1.10 0.05
1119 1140.002 209.4 1.09 0.05
1120 1143.889 150.2 1.06 0.04
1121 1145.400 93.3 1.07 -0.01
1122 1146.101 166.1 1.07 0.01
1123 1147.957 138.8 1.08 0.06
1124 1148.476 109.2 1.06 0.06
1125 1151.899 109.2 1.07 0.13
1126 1153.382 191.1 1.02 0.05
1127 1154.083 188.9 1.04 0.06
1128 1156.778 136.5 1.14 0.04
1129 1157.797 127.4 1.19 0.06
1130 1158.534 100.1 1.11 0.10
1131 1159.126 172.9 1.11 0.04
1132 1160.482 43.2 1.13 0.04
1133 1160.646 86.5 1.11 0.04
1134 1163.923 93.3 1.11 0.01
1135 1166.644 200.2 1.03 -0.01
1136 1168.665 77.4 1.11 -0.03
1137 1168.893 157.0 1.08 -0.00
1138 1171.286 193.4 1.09 -0.01
1139 1171.833 136.5 1.06 -0.04
1140 1174.864 170.7 1.16 0.01
1141 1176.821 120.6 1.14 0.01
1142 1177.048 63.7 1.10 0.00
1143 1177.913 107.0 1.09 0.05
1144 1178.841 163.8 1.14 -0.01
1145 1178.978 68.3 1.08 -0.02
1146 1179.369 154.7 1.11 -0.02
1147 1179.569 154.7 1.03 0.01
1148 1179.797 136.5 1.12 -0.01
1149 1181.445 163.8 1.07 -0.01
1150 1181.645 104.7 1.11 0.06
1151 1182.218 109.2 1.06 -0.03
1152 1183.047 163.8 1.12 -0.04
1153 1184.585 116.1 1.15 -0.03
1154 1184.803 109.2 1.12 -0.02
1155 1185.140 91.0 1.11 0.04
1156 1185.859 241.2 1.10 0.04
1157 1186.078 109.2 1.08 0.07
1158 1186.178 70.5 1.07 0.10
1159 1188.353 95.6 1.08 0.06
1160 1188.999 154.7 1.07 0.05
1161 1189.218 127.4 1.10 0.04
1162 1191.075 93.3 1.10 0.01
1163 1191.967 111.5 1.11 -0.01
1164 1193.050 122.9 1.11 0.00
1165 1193.296 184.3 1.10 0.00
1166 1193.960 113.8 1.08 -0.03
1167 1196.245 120.6 1.07 -0.01
1168 1197.665 172.9 1.11 0.01
1169 1197.910 150.2 1.14 0.01
1170 1199.194 88.7 1.09 0.03
1171 1199.740 277.6 1.10 0.05
1172 1202.070 107.0 1.04 -0.01
1173 1202.853 211.6 1.05 -0.03
1174 1204.145 209.4 1.07 -0.00
1175 1205.347 109.2 1.07 0.01
1176 1206.403 86.5 1.13 0.01
1177 1207.240 136.5 1.11 -0.00
1178 1208.342 127.4 1.11 0.02
1179 1208.779 75.1 1.14 0.03
1180 1208.961 109.2 1.11 0.03
1181 1209.488 204.8 1.11 0.04
1182 1210.335 270.8 1.10 0.02
1183 1211.209 100.1 1.06 0.03
1184 1211.791 204.8 1.09 0.04
1185 1214.868 161.6 1.09 0.01
1186 1217.517 182.0 1.00 0.01
1187 1217.844 59.2 1.03 -0.05
1188 1219.619 161.6 1.03 -0.01
1189 1219.856 86.5 1.03 -0.03
1190 1219.956 111.5 1.03 -0.04
1191 1220.630 81.9 1.03 0.02
1192 1222.159 211.6 1.06 0.03
1193 1224.125 109.2 1.05 0.00
1194 1225.317 41.0 1.03 0.00
1195 1227.174 100.1 1.04 0.04
1196 1228.649 186.6 1.03 0.02
1197 1229.386 138.8 1.04 0.00
1198 1229.786 136.5 1.01 0.01
1199 1230.433 254.9 1.00 0.00
1200 1232.708 147.9 1.00 0.02
1201 1233.446 100.1 1.04 0.03
1202 1234.265 186.6 1.02 0.06
1203 1234.574 127.4 1.03 -0.01
1204 1235.321 179.8 1.02 0.01
1205 1238.934 136.5 1.13 0.04
1206 1239.134 81.9 1.04 0.07
1207 1241.647 120.6 1.13 0.04
1208 1242.202 118.3 1.16 0.08
1209 1243.895 109.2 1.08 0.08
1210 1244.268 104.7 1.08 0.08
1211 1244.596 209.4 1.07 0.08
1212 1247.481 154.7 1.05 0.05
1213 1247.982 47.8 1.03 0.02
1214 1248.091 113.8 1.03 0.02
1215 1248.273 136.5 1.05 0.04
1216 1249.748 209.4 1.04 0.02
1217 1250.558 66.0 1.04 0.05
1218 1250.649 68.3 1.03 0.05
1219 1252.897 163.8 1.06 0.06
1220 1253.134 157.0 1.05 0.06
1221 1255.473 141.1 1.02 0.03
1222 1256.674 72.8 1.02 0.02
1223 1256.929 100.1 1.02 0.04
1224 1258.222 163.8 1.05 0.06
1225 1258.440 107.0 1.02 0.03
1226 1260.352 161.6 1.04 0.01
1227 1260.998 209.4 1.04 0.02
1228 1261.180 132.0 1.05 0.02
1229 1261.763 70.5 1.05 0.04
1230 1264.029 175.2 1.03 0.09
1231 1264.985 152.5 1.04 0.07
1232 1266.268 145.6 1.05 0.05
1233 1266.723 136.5 1.05 0.07
1234 1267.215 50.1 1.04 0.05
1235 1267.288 95.6 1.04 0.06
1236 1268.171 193.4 1.06 0.02
1237 1268.444 59.2 1.05 0.01
1238 1272.931 213.9 1.03 0.10
1239 1273.113 145.6 1.09 0.08
1240 1273.295 122.9 1.06 0.07
1241 1275.343 100.1 1.01 0.06
1242 1276.008 168.4 1.07 0.09
1243 1276.426 282.2 1.08 0.16
1244 1278.083 127.4 1.08 0.07
1245 1280.113 84.2 1.04 0.12
1246 1283.380 186.6 1.09 0.16
1247 1284.591 170.7 1.06 0.16
1248 1284.964 141.1 1.07 0.16
1249 1286.484 109.2 1.09 0.14
1250 1287.130 109.2 1.02 0.14
1251 1289.843 109.2 1.01 0.14
1252 1291.718 120.6 1.01 0.11
1253 1292.373 168.4 1.00 0.09
1254 1293.839 145.6 1.11 0.14
1255 1294.248 182.0 1.07 0.12
1256 1294.612 109.2 1.10 0.06
1257 1294.822 145.6 1.12 0.05
1258 1295.086 191.1 1.11 0.04
1259 1296.105 113.8 1.09 0.03
1260 1297.207 170.7 1.07 0.04
1261 1298.080 154.7 1.08 -0.01
1262 1298.426 86.5 1.05 -0.01
1263 1299.928 154.7 1.08 -0.02
1264 1300.329 125.2 1.03 0.01
1265 1300.756 79.6 1.07 -0.04
1266 1301.157 95.6 1.03 -0.04
1267 1302.213 127.4 1.04 -0.03
1268 1302.713 209.4 1.06 -0.04
1269 1304.279 84.2 1.03 0.00
1270 1305.581 118.3 1.01 0.07
1271 1306.809 100.1 1.02 -0.01
1272 1307.110 109.2 1.07 0.02
1273 1307.756 304.9 1.02 0.02
1274 1308.075 195.7 1.04 0.02
1275 1309.740 220.7 1.02 0.01
1276 1310.751 182.0 1.06 -0.02
1277 1311.224 109.2 1.09 -0.02
1278 1312.134 141.1 1.09 0.02
1279 1315.265 172.9 0.99 -0.09
1280 1316.467 191.1 1.02 -0.07
1281 1317.040 200.2 1.00 -0.04
1282 1318.014 107.0 1.01 -0.04
1283 1318.278 132.0 1.02 -0.01
1284 1320.017 84.2 1.02 -0.07
1285 1322.547 68.3 1.04 0.06
1286 1324.368 145.6 1.05 0.06
1287 1326.862 100.1 1.06 -0.05
1288 1327.799 91.0 1.05 -0.06
1289 1328.491 100.1 1.11 -0.05
1290 1328.664 118.3 1.13 -0.04
1291 1329.392 95.6 1.07 -0.05
1292 1329.847 100.1 1.09 -0.03
1293 1330.812 122.9 1.05 -0.08
1294 1331.404 122.9 1.06 -0.03
1295 1331.558 122.9 1.07 -0.06
1296 1332.168 136.5 1.07 -0.06
1297 1332.368 100.1 1.06 -0.01
1298 1332.687 154.7 1.07 -0.05
1299 1334.107 154.7 1.09 -0.04
1300 1336.319 84.2 1.11 -0.04
1301 1337.211 118.3 1.09 -0.05
1302 1338.203 152.5 1.06 -0.03
1303 1338.503 157.0 1.07 -0.05
1304 1338.722 138.8 1.07 -0.05
1305 1339.277 154.7 1.09 -0.04
1306 1339.459 102.4 1.05 -0.04
1307 1342.727 257.1 1.13 -0.05
1308 1343.018 195.7 1.12 -0.05
1309 1343.455 97.8 1.09 -0.05
1310 1344.547 147.9 1.10 -0.01
1311 1344.720 116.1 1.09 -0.02
1312 1345.867 163.8 1.07 0.03
1313 1346.149 138.8 1.06 0.04
1314 1346.613 168.4 1.04 0.04
1315 1347.424 84.2 1.01 0.02
1316 1347.788 127.4 1.07 -0.01
1317 1349.217 104.7 1.07 -0.01
1318 1350.236 100.1 1.14 -0.00
1319 1353.003 200.2 1.15 0.01
1320 1354.396 118.3 1.17 -0.02
1321 1354.878 93.3 1.17 0.00
1322 1356.471 179.8 1.12 -0.01
1323 1358.911 84.2 1.08 -0.01
1324 1359.184 100.1 1.08 -0.06
1325 1359.712 100.1 1.12 -0.06
1326 1359.921 154.7 1.12 0.00
1327 1360.640 145.6 1.09 -0.06
1328 1362.324 127.4 1.11 -0.03
1329 1362.515 113.8 1.14 -0.03
1330 1364.645 118.3 1.06 -0.06
1331 1364.945 136.5 1.03 -0.04
1332 1366.374 127.4 1.10 -0.03
1333 1366.866 204.8 1.09 -0.03
1334 1367.112 161.6 1.10 -0.05
1335 1370.470 136.5 1.04 -0.03
1336 1371.299 88.7 1.02 0.03
1337 1371.918 213.9 1.05 0.07
1338 1372.691 127.4 1.04 0.07
1339 1372.901 116.1 1.04 0.07
1340 1375.750 195.7 1.08 0.07
1341 1375.932 157.0 1.09 0.07
1342 1376.478 218.5 1.09 0.09
1343 1378.672 118.3 1.14 0.04
1344 1379.345 109.2 1.11 0.11
1345 1380.583 145.6 1.15 0.09
1346 1381.193 91.0 1.13 0.10
1347 1381.566 43.2 1.12 0.11
1348 1382.303 336.8 1.12 0.09
1349 1383.386 100.1 1.15 0.08
1350 1384.015 59.2 1.13 0.10
1351 1384.260 257.1 1.09 0.05
1352 1386.090 107.0 1.10 0.03
1353 1386.272 122.9 1.09 0.03
1354 1391.187 127.4 1.02 0.09
1355 1393.399 104.7 1.02 0.12
1356 1394.200 100.1 1.04 0.12
1357 1394.928 204.8 1.02 0.11
1358 1395.638 127.4 1.02 0.09
1359 1396.530 163.8 1.05 0.05
1360 1397.832 95.6 1.05 0.02
1361 1398.305 109.2 0.99 0.07
1362 1399.324 136.5 1.01 0.07
1363 1400.763 136.5 1.00 0.08
1364 1400.926 136.5 1.01 0.08
1365 1401.445 204.8 1.01 0.06
1366 1403.621 118.3 1.02 0.05
1367 1407.271 150.2 1.03 0.03
1368 1407.507 136.5 0.98 0.03
1369 1407.598 72.8 0.98 0.02
1370 1408.709 100.1 1.01 0.08
1371 1409.246 102.4 1.05 0.11
1372 1409.956 113.8 1.05 0.12
1373 1410.329 182.0 1.05 0.11
1374 1410.557 136.5 1.06 0.12
1375 1411.758 136.5 1.13 0.07
1376 1412.541 77.4 1.11 0.05
1377 1413.733 59.2 1.05 0.06
1378 1413.797 157.0 1.06 0.04
1379 1414.589 77.4 1.06 0.07
1380 1414.998 241.2 1.05 0.09
1381 1415.372 136.5 1.06 0.09
1382 1416.764 152.5 1.00 0.02
1383 1419.213 193.4 1.02 0.08
1384 1421.079 107.0 1.09 0.09
1385 1421.488 125.2 1.04 0.07
1386 1422.872 113.8 1.10 0.11
1387 1423.937 109.2 1.08 -0.02
1388 1424.183 81.9 1.11 0.00
1389 1424.547 241.2 1.09 -0.01
1390 1428.288 257.1 1.11 0.02
1391 1428.461 152.5 1.13 0.02
1392 1431.246 127.4 1.10 0.04
1393 1431.874 182.0 1.11 0.07
1394 1432.639 127.4 1.09 0.09
1395 1433.121 100.1 1.08 0.04
1396 1433.321 127.4 1.09 0.03
1397 1437.490 154.7 1.13 0.02
1398 1438.136 245.8 1.15 0.05
1399 1438.500 213.9 1.15 0.05
1400 1439.183 118.3 1.16 0.05
1401 1441.486 63.7 1.18 0.06
1402 1441.577 68.3 1.16 0.05
1403 1443.097 72.8 1.13 0.07
1404 1446.010 216.2 1.11 -0.03
1405 1449.150 84.2 1.18 0.01
1406 1449.241 59.2 1.15 0.02
1407 1450.324 127.4 1.14 -0.00
1408 1450.898 145.6 1.10 0.00
1409 1453.100 59.2 1.12 0.03
1410 1455.431 88.7 1.17 0.07
1411 1456.304 116.1 1.14 0.04
1412 1457.096 93.3 1.10 0.08
1413 1458.389 145.6 1.14 0.08
1414 1460.564 59.2 1.20 0.08
1415 1460.683 91.0 1.18 0.08
1416 1461.920 100.1 1.16 0.04
1417 1462.740 134.3 1.19 0.05
1418 1463.304 163.8 1.18 0.03
1419 1463.950 154.7 1.16 0.03
1420 1464.651 86.5 1.16 0.01
1421 1467.236 100.1 1.15 0.02
1422 1468.064 100.1 1.11 0.05
1423 1468.665 95.6 1.11 0.04
1424 1469.639 172.9 1.10 0.09
1425 1470.140 100.1 1.10 0.08
1426 1471.906 150.2 1.19 0.06
1427 1472.160 145.6 1.19 0.06
1428 1472.880 95.6 1.20 0.03
1429 1473.098 163.8 1.19 0.02
1430 1474.218 216.2 1.20 0.01
1431 1475.556 109.2 1.17 0.02
1432 1479.206 154.7 1.18 0.08
1433 1480.289 41.0 1.14 0.05
1434 1480.407 104.7 1.20 0.05
1435 1480.908 163.8 1.17 0.03
1436 1481.081 91.0 1.16 0.03
1437 1484.039 72.8 1.13 -0.02
1438 1486.624 127.4 1.16 0.01
1439 1487.316 95.6 1.18 -0.01
1440 1487.434 116.1 1.17 -0.01
1441 1488.290 97.8 1.17 0.06
1442 1489.391 59.2 1.17 0.06
1443 1489.919 141.1 1.15 0.08
1444 1491.539 241.2 1.11 0.05
1445 1491.785 200.2 1.13 0.07
1446 1492.549 118.3 1.14 0.07
1447 1493.196 182.0 1.11 0.02
1448 1493.451 159.3 1.11 0.04
1449 1493.842 182.0 1.10 0.04
1450 1494.707 100.1 1.10 0.05
1451 1500.122 170.7 1.12 0.05
1452 1500.268 104.7 1.11 0.05
1453 1501.460 109.2 1.13 0.06
1454 1502.398 91.0 1.13 0.06
1455 1502.544 91.0 1.10 0.05
1456 1504.173 56.9 1.12 0.01
1457 1505.065 254.9 1.08 0.02
1458 1506.385 104.7 1.08 0.02
1459 1507.031 116.1 1.09 0.04
1460 1507.541 109.2 1.12 0.03
1461 1508.314 111.5 1.10 0.04
1462 1508.806 88.7 1.10 0.04
1463 1510.535 213.9 1.12 0.02
1464 1510.799 75.1 1.09 0.01
1465 1511.036 141.1 1.10 0.00
1466 1511.182 118.3 1.09 0.00
1467 1512.028 95.6 1.09 0.01
1468 1512.429 127.4 1.07 0.03
1469 1512.674 113.8 1.08 0.05
1470 1513.066 31.9 1.08 0.03
1471 1513.639 141.1 1.11 0.04
1472 1514.604 138.8 1.12 0.05
1473 1515.378 161.6 1.15 0.01
1474 1515.651 154.7 1.13 0.00
1475 1515.915 86.5 1.11 0.03
1476 1516.142 150.2 1.16 0.01
1477 1517.298 125.2 1.09 0.03
1478 1517.380 118.3 1.13 0.03
1479 1519.310 109.2 1.11 0.02
1480 1519.601 75.1 1.08 0.04
1481 1521.686 136.5 1.15 -0.00
1482 1522.414 118.3 1.16 -0.01
1483 1523.524 145.6 1.11 -0.03
1484 1523.734 152.5 1.12 -0.03
1485 1524.171 145.6 1.13 -0.01
1486 1524.662 88.7 1.14 -0.00
1487 1524.835 91.0 1.15 -0.00
1488 1525.736 259.4 1.14 0.01
1489 1527.529 120.6 1.18 0.04
1490 1527.939 118.3 1.11 0.00
1491 1529.887 88.7 1.15 -0.01
1492 1531.070 141.1 1.09 0.06
1493 1532.881 100.1 1.09 0.06
1494 1533.327 202.5 1.10 0.04
1495 1533.482 81.9 1.09 0.04
1496 1535.093 100.1 1.10 0.00
1497 1535.985 95.6 1.08 0.05
1498 1536.258 104.7 1.10 0.04
1499 1536.641 118.3 1.08 0.03
1500 1536.832 122.9 1.06 0.03
1501 1537.451 111.5 1.14 0.03
1502 1538.907 70.5 1.11 0.04
1503 1539.034 127.4 1.11 0.03
1504 1540.318 136.5 1.12 0.03
1505 1540.873 70.5 1.12 0.01
1506 1541.528 109.2 1.12 -0.03
1507 1542.029 127.4 1.12 -0.02
1508 1542.502 163.8 1.10 0.00
1509 1542.739 152.5 1.14 -0.01
1510 1544.742 168.4 1.11 0.03
1511 1545.661 238.9 1.09 0.06
1512 1547.017 127.4 1.08 0.04
1513 1547.336 129.7 1.06 0.06
1514 1547.682 81.9 1.11 0.05
1515 1548.428 81.9 1.09 0.05
1516 1548.774 220.7 1.10 0.04
1517 1550.467 154.7 1.08 0.02
1518 1551.004 111.5 1.11 0.06
1519 1551.486 59.2 1.08 0.07
1520 1551.978 213.9 1.07 0.04
1521 1552.187 141.1 1.09 0.04
1522 1552.615 132.0 1.07 0.02
1523 1552.788 145.6 1.06 0.02
1524 1552.988 145.6 1.09 0.03
1525 1555.109 141.1 1.06 0.02
1526 1555.673 93.3 1.06 0.03
1527 1556.256 227.6 1.06 0.03
1528 1556.984 154.7 1.05 0.04
1529 1563.965 97.8 1.06 0.10
1530 1564.548 81.9 1.11 0.08
1531 1565.112 100.1 1.14 0.08
1532 1569.145 97.8 1.10 0.04
1533 1569.900 145.6 1.09 0.00
1534 1570.100 102.4 1.13 0.01
1535 1571.047 102.4 1.12 0.01
1536 1571.702 109.2 1.10 -0.02
1537 1572.330 188.9 1.12 -0.04
1538 1572.685 104.7 1.16 -0.03
1539 1573.732 68.3 1.13 -0.04
1540 1573.896 125.2 1.11 -0.04
1541 1574.524 186.6 1.13 -0.02
1542 1574.788 134.3 1.11 -0.01
1543 1574.997 129.7 1.12 -0.01
1544 1577.337 41.0 1.07 0.03
1545 1577.828 118.3 1.05 0.01
1546 1579.922 200.2 1.07 0.11
1547 1580.304 136.5 1.08 0.08
1548 1580.641 220.7 1.09 0.08
1549 1581.505 127.4 1.10 0.07
1550 1582.552 59.2 1.08 -0.01
1551 1584.309 150.2 1.08 -0.03
1552 1584.473 100.1 1.09 -0.02
1553 1584.837 109.2 1.07 -0.02
1554 1585.911 177.5 1.04 -0.00
1555 1587.558 141.1 1.07 -0.03
1556 1588.669 122.9 1.05 -0.03
1557 1588.887 145.6 1.09 -0.05
1558 1589.543 109.2 1.11 -0.05
1559 1592.246 68.3 1.09 0.01
1560 1593.830 116.1 1.04 -0.07
1561 1595.386 86.5 1.07 -0.05
1562 1596.096 107.0 1.07 -0.02
1563 1599.255 252.6 1.10 0.03
1564 1600.201 86.5 1.09 0.03
1565 1601.011 81.9 1.12 0.01
1566 1606.691 59.2 1.15 -0.04
1567 1609.122 154.7 1.16 -0.07
1568 1610.068 132.0 1.13 0.00
1569 1610.159 84.2 1.12 0.00
1570 1612.052 186.6 1.12 -0.02
1571 1612.444 300.4 1.11 -0.01
1572 1612.835 127.4 1.10 -0.00
1573 1613.400 250.3 1.11 -0.01
1574 1614.255 218.5 1.11 0.02
1575 1616.349 150.2 1.13 0.06
1576 1617.031 118.3 1.11 0.07
1577 1617.878 22.8 1.13 0.03
1578 1618.961 175.2 1.12 0.01
1579 1619.953 352.7 1.12 -0.01
1580 1621.992 209.4 1.08 -0.03
1581 1622.229 182.0 1.09 -0.03
1582 1624.131 122.9 1.11 0.02
1583 1624.468 150.2 1.08 0.03
1584 1624.878 116.1 1.10 0.02
1585 1625.724 193.4 1.09 0.02
1586 1625.888 132.0 1.09 0.02
1587 1626.125 47.8 1.09 0.02
1588 1626.753 136.5 1.03 0.06
1589 1627.126 200.2 1.08 0.00
1590 1628.145 145.6 1.07 0.04
1591 1629.019 91.0 1.05 0.02
1592 1629.392 61.4 1.10 0.05
1593 1629.702 91.0 1.07 0.02
1594 1632.250 211.6 1.08 0.03
1595 1632.815 104.7 1.10 0.01
1596 1633.789 150.2 1.09 0.02
1597 1634.180 216.2 1.08 0.03
1598 1634.508 236.7 1.11 0.04
1599 1636.201 245.8 1.08 0.05
1600 1636.902 161.6 1.09 0.04
1601 1638.212 72.8 1.10 0.04
1602 1642.436 166.1 1.10 0.07
1603 1642.772 111.5 1.13 0.05
1604 1643.974 172.9 1.10 0.01
1605 1646.732 134.3 1.05 0.03
1606 1647.041 154.7 1.05 0.02
1607 1647.442 100.1 1.07 0.05
1608 1648.361 129.7 1.08 0.07
1609 1648.662 134.3 1.08 0.05
1610 1649.890 122.9 1.00 0.09
1611 1653.495 113.8 1.08 0.05
1612 1654.787 109.2 1.06 0.08
1613 1655.133 91.0 1.03 0.08
1614 1660.358 95.6 1.00 0.08
1615 1661.778 154.7 1.01 0.09
1616 1663.271 141.1 1.01 0.11
1617 1663.389 79.6 1.03 0.11
1618 1664.700 136.5 1.03 0.09
1619 1665.473 75.1 1.03 0.07
1620 1665.828 84.2 1.05 0.08
1621 1666.211 111.5 1.06 0.05
1622 1666.848 122.9 1.03 0.03
1623 1669.069 223.0 1.02 -0.00
1624 1669.733 75.1 1.02 -0.03
1625 1670.880 154.7 1.05 -0.01
1626 1672.318 111.5 1.02 -0.01
1627 1672.901 91.0 1.08 0.02
1628 1673.192 154.7 1.08 0.03
1629 1674.803 132.0 1.05 0.06
1630 1674.967 113.8 1.03 0.08
1631 1675.386 109.2 1.03 0.08
1632 1675.622 227.6 1.01 0.08
1633 1676.560 277.6 1.02 0.09
1634 1677.142 59.2 1.01 0.07
1635 1677.934 127.4 1.01 0.08
1636 1678.217 91.0 1.01 0.05
1637 1679.555 145.6 1.02 0.06
1638 1681.684 127.4 1.01 0.04
1639 1683.423 127.4 1.11 0.08
1640 1685.243 109.2 1.16 -0.01
1641 1685.398 104.7 1.09 -0.01
1642 1687.501 88.7 1.10 0.03
1643 1688.156 227.6 1.14 0.01
1644 1689.749 111.5 1.17 0.04
1645 1690.077 127.4 1.17 0.05
1646 1691.624 68.3 1.17 0.02
1647 1691.924 127.4 1.13 0.03
1648 1694.391 172.9 1.10 0.04
1649 1694.692 118.3 1.12 0.03
1650 1695.083 127.4 1.13 0.04
1651 1695.311 168.4 1.12 0.04
1652 1697.004 118.3 1.09 0.01
1653 1697.477 134.3 1.05 0.06
1654 1698.169 118.3 1.13 0.02
1655 1698.678 61.4 1.12 0.01
1656 1699.197 132.0 1.12 0.01
1657 1699.561 104.7 1.11 0.03
1658 1701.109 145.6 1.15 -0.01
1659 1701.491 200.2 1.14 0.03
1660 1702.838 54.6 1.14 0.01
1661 1703.885 125.2 1.16 0.04
1662 1705.305 59.2 1.18 0.07
1663 1707.426 102.4 1.14 0.06
1664 1709.337 100.1 1.13 0.11
1665 1709.874 132.0 1.11 0.11
1666 1710.957 182.0 1.12 0.10
1667 1711.485 86.5 1.09 0.05
1668 1713.369 127.4 1.10 0.01
1669 1714.744 152.5 1.10 0.02
1670 1715.354 129.7 1.10 0.03
1671 1716.409 127.4 1.13 0.04
1672 1717.129 136.5 1.12 0.04
1673 1717.392 97.8 1.11 0.05
1674 1718.749 109.2 1.08 0.06
1675 1720.478 154.7 1.09 0.07
1676 1721.407 172.9 1.10 0.07
1677 1721.889 145.6 1.11 0.07
1678 1722.098 100.1 1.10 0.05
1679 1722.781 109.2 1.05 0.06
1680 1723.254 145.6 1.12 0.03
1681 1723.527 107.0 1.08 0.05
1682 1724.101 118.3 1.10 0.02
1683 1724.729 116.1 1.07 0.03
1684 1725.038 25.0 1.05 0.02
1685 1725.193 200.2 1.06 0.04
1686 1725.703 136.5 1.05 0.04
1687 1725.958 172.9 1.06 0.05
1688 1726.213 168.4 1.06 0.06
1689 1729.134 81.9 1.07 0.12
1690 1729.353 113.8 1.05 0.12
1691 1732.147 86.5 1.08 0.01
1692 1732.639 202.5 1.10 0.00
1693 1733.230 118.3 1.12 -0.00
1694 1733.513 209.4 1.11 -0.01
1695 1734.086 191.1 1.12 0.02
1696 1737.945 100.1 1.19 0.05
1697 1738.719 127.4 1.17 0.04
1698 1739.602 209.4 1.15 0.04
1699 1740.021 163.8 1.16 0.04
1700 1742.578 100.1 1.19 0.02
1701 1742.751 66.0 1.19 0.01
1702 1742.861 79.6 1.15 0.04
1703 1743.106 122.9 1.18 0.02
1704 1744.016 154.7 1.19 0.04
1705 1744.426 93.3 1.17 0.03
1706 1746.820 118.3 1.18 0.05
1707 1748.386 84.2 1.16 0.09
1708 1749.714 120.6 1.14 0.04
1709 1751.080 254.9 1.12 0.04
1710 1751.408 223.0 1.12 0.04
1711 1751.526 52.3 1.14 0.04
1712 1752.782 136.5 1.12 0.02
1713 1753.255 154.7 1.09 0.02
1714 1753.974 177.5 1.10 0.02
1715 1754.493 163.8 1.10 0.02
1716 1755.076 127.4 1.11 0.01
1717 1755.422 220.7 1.12 0.04
1718 1755.795 100.1 1.11 0.02
1719 1756.013 172.9 1.13 0.02
1720 1756.705 118.3 1.11 0.03
1721 1757.533 143.4 1.10 0.02
1722 1758.398 120.6 1.12 0.04
1723 1759.108 216.2 1.11 0.05
1724 1761.620 109.2 1.09 0.05
1725 1762.631 88.7 1.08 0.04
1726 1762.949 75.1 1.08 0.06
1727 1763.231 273.1 1.07 0.05
1728 1763.887 100.1 1.10 0.05
1729 1765.125 327.7 1.11 0.07
1730 1765.935 264.0 1.09 0.07
1731 1766.754 100.1 1.10 0.09
1732 1767.919 163.8 1.11 0.03
1733 1769.102 154.7 1.13 0.05
1734 1770.886 116.1 1.16 0.05
1735 1771.087 109.2 1.13 0.07
1736 1771.250 111.5 1.12 0.07
1737 1772.161 109.2 1.11 0.08
1738 1772.452 159.3 1.08 0.05
1739 1772.597 84.2 1.10 0.08
1740 1774.027 245.8 1.12 0.03
1741 1774.782 66.0 1.15 0.04
1742 1775.328 132.0 1.11 0.03
1743 1775.565 172.9 1.16 0.03
1744 1776.102 207.1 1.13 0.05
1745 1776.675 147.9 1.13 0.05
1746 1776.839 91.0 1.15 0.05
1747 1776.994 145.6 1.12 0.06
1748 1777.859 109.2 1.16 0.05
1749 1778.059 118.3 1.19 0.05
1750 1779.360 122.9 1.19 0.00
1751 1780.799 118.3 1.15 0.05
1752 1781.627 182.0 1.16 0.06
1753 1782.173 202.5 1.16 0.06
1754 1782.856 132.0 1.16 0.06
1755 1783.010 154.7 1.16 0.01
1756 1785.559 109.2 1.17 0.09
1757 1786.551 127.4 1.22 0.08
1758 1789.227 150.2 1.09 0.04
1759 1789.364 52.3 1.10 0.06
1760 1789.519 91.0 1.12 0.09
1761 1793.696 125.2 1.07 0.15
1762 1794.361 127.4 1.07 0.12
1763 1795.517 186.6 1.12 0.14
1764 1795.763 109.2 1.10 0.14
1765 1796.254 118.3 1.10 0.12
1766 1796.800 157.0 1.13 0.06
1767 1796.982 161.6 1.11 0.11
1768 1800.896 177.5 1.13 0.03
1769 1802.498 250.3 1.14 0.03
1770 1802.744 72.8 1.14 -0.01
1771 1803.226 150.2 1.13 0.02
1772 1804.301 136.5 1.10 0.01
1773 1805.029 143.4 1.09 -0.01
1774 1808.151 191.1 1.06 0.01
1775 1808.542 145.6 1.09 0.02
1776 1809.999 147.9 1.08 0.04
1777 1811.000 191.1 1.06 0.05
1778 1815.305 100.1 1.08 0.04
1779 1815.869 136.5 1.04 0.02
1780 1816.388 154.7 1.04 -0.04
1781 1817.053 88.7 1.06 -0.03
1782 1817.544 127.4 1.05 0.00
1783 1818.327 109.2 1.07 -0.01
1784 1818.755 111.5 1.06 0.03
1785 1819.683 172.9 1.09 0.01
1786 1820.047 218.5 1.07 0.02
1787 1820.402 104.7 1.07 0.04
1788 1821.121 227.6 1.08 0.03
1789 1821.404 209.4 1.09 0.01
1790 1821.722 273.1 1.10 -0.00
1791 1822.068 100.1 1.11 0.02
1792 1822.960 200.2 1.10 0.03
1793 1824.744 104.7 1.06 0.04
1794 1825.054 56.9 1.12 0.05
1795 1826.310 100.1 1.11 0.05
1796 1826.938 227.6 1.11 0.07
1797 1829.887 204.8 1.10 0.05
1798 1830.852 113.8 1.13 0.07
1799 1832.299 157.0 1.14 0.05
1800 1834.210 277.6 1.13 0.02
1801 1835.803 213.9 1.10 0.02
1802 1836.850 154.7 1.07 0.03
1803 1837.069 109.2 1.09 0.01
1804 1837.942 120.6 1.08 0.01
1805 1838.953 127.4 1.10 0.02
1806 1839.635 154.7 1.09 0.04
1807 1840.555 136.5 1.09 0.01
1808 1841.319 136.5 1.09 0.06
1809 1841.574 163.8 1.07 0.06
1810 1841.874 145.6 1.07 0.04
1811 1843.185 182.0 1.04 0.04
1812 1843.759 79.6 1.07 0.01
1813 1844.933 120.6 1.13 0.02
1814 1845.616 154.7 1.05 0.02
1815 1845.761 93.3 1.12 0.00
1816 1847.199 227.6 1.08 -0.05
1817 1848.091 136.5 1.11 -0.01
1818 1848.346 191.1 1.03 -0.07
1819 1849.265 100.1 1.06 0.00
1820 1849.611 163.8 1.08 0.01
1821 1850.604 145.6 1.06 0.01
1822 1850.804 93.3 1.03 -0.04
1823 1851.222 166.1 1.03 -0.04
1824 1851.951 209.4 1.01 -0.04
1825 1853.880 86.5 1.04 -0.01
1826 1854.572 118.3 1.03 -0.02
1827 1854.936 136.5 1.06 0.03
1828 1855.673 93.3 1.04 -0.00
1829 1857.175 109.2 1.02 -0.05
1830 1857.385 150.2 1.05 0.00
1831 1857.858 127.4 1.04 -0.00
1832 1858.295 113.8 1.03 0.00
1833 1858.632 136.5 1.06 0.03
1834 1860.416 141.1 1.04 0.04
1835 1860.652 132.0 1.02 0.03
1836 1861.308 102.4 1.03 0.03
1837 1861.754 182.0 1.04 0.03
1838 1862.400 100.1 1.02 0.05
1839 1862.664 116.1 1.04 0.03
1840 1863.847 66.0 1.06 0.04
1841 1864.157 75.1 1.03 0.04
1842 1865.313 100.1 1.03 0.04
1843 1869.946 129.7 0.98 0.01
1844 1870.592 259.4 1.00 0.02
1845 1875.644 122.9 1.04 0.01
1846 1876.017 163.8 1.04 -0.00
1847 1876.272 129.7 1.06 -0.00
1848 1877.136 122.9 1.05 0.01
1849 1879.649 152.5 1.05 0.03
1850 1880.695 211.6 1.05 0.04
1851 1880.950 56.9 1.08 0.02
1852 1881.123 118.3 1.05 0.03
1853 1884.628 157.0 1.04 -0.01
1854 1886.494 163.8 1.07 -0.03
1855 1886.739 100.1 1.05 -0.03
1856 1887.267 179.8 1.07 0.00
1857 1887.577 116.1 1.06 0.01
1858 1889.852 132.0 1.04 -0.01
1859 1890.034 170.7 1.06 -0.02
1860 1890.262 172.9 1.02 -0.00
1861 1891.127 147.9 1.04 -0.04
1862 1891.609 118.3 1.04 -0.05
1863 1892.010 136.5 1.02 -0.05
1864 1893.912 118.3 1.02 -0.02
1865 1894.713 104.7 1.01 -0.01
1866 1895.141 134.3 1.04 0.03
1867 1895.878 136.5 1.06 0.00
1868 1896.324 150.2 1.08 0.05
1869 1896.624 81.9 1.06 0.06
1870 1900.748 118.3 1.06 0.07
1871 1901.439 104.7 1.08 0.09
1872 1902.231 150.2 1.06 0.06
1873 1902.468 145.6 1.07 0.03
1874 1903.305 163.8 1.08 0.04
1875 1903.852 236.7 1.05 0.02
1876 1904.525 145.6 1.06 0.04
1877 1904.807 95.6 1.07 0.06
1878 1905.108 200.2 1.07 0.02
1879 1905.335 118.3 1.06 0.04
1880 1906.637 47.8 1.08 0.04
1881 1906.992 136.5 1.04 0.06
1882 1908.530 102.4 1.03 0.06
1883 1908.976 109.2 1.11 0.05
1884 1909.440 127.4 1.09 0.06
1885 1909.786 79.6 1.10 0.04
1886 1911.352 104.7 1.04 0.08
1887 1911.943 41.0 1.07 0.03
1888 1912.799 157.0 1.03 0.05
1889 1913.564 122.9 1.08 0.05
1890 1913.900 75.1 1.02 0.06
1891 1915.530 31.9 1.07 0.03
1892 1916.540 145.6 1.05 0.06
1893 1917.669 154.7 1.07 0.05
1894 1917.869 31.9 1.05 0.06
1895 1918.415 145.6 1.05 0.05
1896 1919.416 154.7 1.06 0.02
1897 1919.771 118.3 1.10 0.01
1898 1919.935 95.6 1.10 0.02
1899 1920.763 127.4 1.10 0.03
1900 1921.109 150.2 1.11 0.04
1901 1921.719 61.4 1.10 0.03
1902 1922.702 172.9 1.11 0.05
1903 1923.021 195.7 1.14 0.03
1904 1925.224 154.7 1.10 0.05
1905 1926.416 186.6 1.09 -0.01
1906 1927.008 225.3 1.10 0.00
1907 1927.900 118.3 1.14 -0.02
1908 1930.148 163.8 1.12 0.03
1909 1931.431 95.6 1.17 0.04
1910 1932.660 127.4 1.20 -0.00
1911 1933.461 104.7 1.14 0.03
1912 1934.462 209.4 1.14 -0.02
1913 1935.373 136.5 1.12 -0.03
1914 1935.982 150.2 1.11 0.00
1915 1936.428 100.1 1.14 -0.04
1916 1937.084 172.9 1.10 -0.04
1917 1938.158 200.2 1.11 0.02
1918 1938.895 145.6 1.13 0.02
1919 1941.098 157.0 1.10 -0.05
1920 1941.207 84.2 1.07 0.04
1921 1943.392 170.7 1.09 0.03
1922 1943.665 127.4 1.09 0.03
1923 1944.402 182.0 1.10 0.02
1924 1944.866 225.3 1.09 0.04
1925 1947.488 136.5 1.10 0.02
1926 1947.679 145.6 1.10 -0.00
1927 1947.879 145.6 1.09 -0.01
1928 1948.434 145.6 1.06 0.00
1929 1948.853 182.0 1.07 0.00
1930 1949.827 157.0 1.08 0.01
1931 1950.746 77.4 1.09 -0.01
1932 1951.693 264.0 1.11 0.02
1933 1953.104 150.2 1.07 0.02
1934 1953.568 100.1 1.04 0.03
1935 1954.150 86.5 1.06 0.04
1936 1955.552 109.2 1.05 0.02
1937 1956.153 163.8 1.07 0.06
1938 1956.444 102.4 1.06 0.04
1939 1956.845 154.7 1.06 0.04
1940 1957.637 118.3 1.08 0.06
1941 1959.339 113.8 1.05 0.05
1942 1959.493 154.7 1.03 0.04
1943 1959.648 132.0 1.04 0.02
1944 1960.203 154.7 1.08 0.03
1945 1961.250 104.7 1.14 0.04
1946 1963.016 127.4 1.06 0.04
1947 1964.991 118.3 1.13 0.02
1948 1965.483 132.0 1.15 0.01
1949 1965.665 88.7 1.12 -0.01
1950 1966.156 127.4 1.12 0.04
1951 1967.549 209.4 1.09 0.04
1952 1969.560 145.6 1.13 0.05
1953 1969.761 127.4 1.07 0.05
1954 1970.516 218.5 1.13 0.04
1955 1971.727 107.0 1.09 0.06
1956 1971.991 172.9 1.11 0.06
1957 1972.182 157.0 1.09 0.06
1958 1973.429 127.4 1.09 0.08
1959 1974.011 213.9 1.13 0.08
1960 1978.972 104.7 1.17 0.06
1961 1979.628 136.5 1.16 0.07
1962 1981.129 172.9 1.15 0.04
1963 1981.330 143.4 1.16 0.04
1964 1982.722 104.7 1.19 0.04
1965 1986.381 63.7 1.12 0.08
1966 1990.714 125.2 1.17 0.04
1967 1993.217 95.6 1.17 0.01
1968 1993.326 34.1 1.13 0.04
1969 1996.084 182.0 1.09 0.01
1970 1996.922 182.0 1.14 0.00
1971 1997.522 175.2 1.12 -0.01
1972 1999.880 172.9 1.13 0.03
1973 2000.153 56.9 1.10 0.01
1974 2000.226 43.2 1.12 0.01
1975 2002.028 179.8 1.15 0.05
1976 2004.285 227.6 1.13 0.09
1977 2004.695 213.9 1.14 0.07
1978 2005.514 95.6 1.11 0.04
1979 2006.688 193.4 1.06 0.01
1980 2007.489 145.6 1.03 0.03
1981 2008.846 79.6 1.04 0.03
1982 2009.719 113.8 1.10 0.00
1983 2011.950 227.6 1.08 -0.01
1984 2012.323 122.9 1.08 0.01
1985 2014.043 111.5 1.04 -0.00
1986 2014.207 163.8 1.09 0.02
1987 2014.389 143.4 1.09 -0.01
1988 2015.572 200.2 1.07 -0.00
1989 2016.027 107.0 1.07 0.02
1990 2016.182 109.2 1.02 0.04
1991 2016.337 59.2 1.07 0.02
1992 2018.685 168.4 1.03 -0.03
1993 2018.931 163.8 1.02 -0.03
1994 2021.125 152.5 1.04 0.03
1995 2022.344 84.2 0.98 0.00
1996 2022.863 136.5 1.02 0.01
1997 2023.846 93.3 1.00 0.01
1998 2025.931 93.3 1.00 0.03
1999 2026.331 86.5 0.98 0.01
2000 2026.477 157.0 0.98 -0.01
