1 1.760 113.8 1.06 0.05
2 2.652 107.0 1.09 0.04
3 3.089 127.4 1.06 0.06
4 3.371 159.3 1.08 0.09
5 4.145 259.4 1.06 0.08
6 4.837 100.1 1.08 0.08
7 6.348 127.4 1.04 0.02
8 6.757 182.0 1.05 0.02
9 8.805 93.3 1.06 0.04
10 9.215 154.7 1.04 0.00
11 10.025 50.1 1.02 0.02
12 10.380 152.5 1.03 0.06
13 11.709 109.2 1.05 0.03
14 11.882 81.9 1.02 0.03
15 13.529 236.7 1.05 0.02
16 14.185 282.2 1.04 0.05
17 17.343 72.8 1.05 0.05
18 18.708 127.4 1.06 0.06
19 20.001 170.7 1.06 0.08
20 20.493 109.2 1.07 0.08
21 20.684 109.2 1.07 0.09
22 20.857 122.9 1.05 0.09
23 21.157 91.0 1.06 0.08
24 21.330 127.4 1.07 0.06
25 21.612 91.0 1.09 0.09
26 22.267 134.3 1.08 0.09
27 22.440 109.2 1.05 0.08
28 23.159 143.4 1.03 0.08
29 24.133 107.0 1.08 0.09
30 25.581 43.2 1.03 0.08
31 25.881 259.4 1.07 0.06
32 29.394 132.0 1.09 0.03
33 30.277 157.0 1.08 0.02
34 31.033 91.0 1.13 -0.01
35 31.479 163.8 1.09 0.01
36 34.401 109.2 1.11 0.01
37 35.848 68.3 1.14 0.03
38 36.740 279.9 1.16 0.04
39 37.186 157.0 1.11 0.05
40 37.395 68.3 1.09 0.04
41 38.952 141.1 1.08 0.09
42 39.207 145.6 1.04 0.09
43 40.153 118.3 1.00 0.06
44 40.326 109.2 1.07 0.06
45 40.499 116.1 1.07 0.04
46 40.836 202.5 1.07 0.04
47 43.758 236.7 1.08 0.09
48 45.296 172.9 1.08 0.05
49 45.615 127.4 1.09 0.08
50 45.797 136.5 1.09 0.10
51 46.015 118.3 1.10 0.09
52 46.316 300.4 1.09 0.09
53 47.053 161.6 1.10 0.09
54 47.681 163.8 1.08 0.07
55 48.400 168.4 1.11 0.10
56 50.521 191.1 1.06 0.06
57 50.958 97.8 1.05 0.08
58 51.149 118.3 1.05 0.08
59 51.531 127.4 1.07 0.05
60 52.924 111.5 1.07 0.05
61 53.670 154.7 1.11 0.03
62 54.690 127.4 1.11 0.06
63 55.445 161.6 1.10 0.07
64 56.282 109.2 1.09 0.05
65 57.211 154.7 1.07 0.06
66 57.839 147.9 1.03 0.06
67 58.048 132.0 1.08 0.06
68 59.596 116.1 1.08 0.06
69 61.598 182.0 1.03 0.06
70 61.844 220.7 1.02 0.06
71 62.463 100.1 1.07 0.03
72 62.718 95.6 1.03 0.03
73 64.383 127.4 1.02 0.06
74 65.585 97.8 1.03 0.05
75 66.759 154.7 1.07 0.04
76 68.543 66.0 1.12 0.06
77 69.080 147.9 1.06 0.07
78 69.936 95.6 1.05 0.07
79 71.155 159.3 1.11 0.08
80 74.742 84.2 1.10 0.01
81 76.262 186.6 1.09 0.04
82 77.864 127.4 1.07 0.01
83 78.383 56.9 1.05 -0.02
84 79.939 138.8 1.14 0.00
85 81.832 172.9 1.10 0.01
86 82.479 184.3 1.14 0.01
87 84.090 127.4 1.12 -0.03
88 84.554 111.5 1.12 -0.04
89 84.745 159.3 1.04 -0.01
90 85.009 118.3 1.08 0.03
91 88.905 70.5 1.05 0.04
92 89.433 191.1 1.04 0.03
93 90.388 104.7 1.06 0.05
94 91.208 166.1 1.05 -0.01
95 92.691 79.6 1.06 0.00
96 93.219 177.5 1.08 0.01
97 94.548 52.3 1.10 0.04
98 96.906 154.7 1.07 0.02
99 99.099 118.3 1.12 0.07
100 99.655 118.3 1.12 0.08
101 99.809 100.1 1.10 0.06
102 99.991 145.6 1.09 0.07
103 100.374 100.1 1.10 0.08
104 101.275 100.1 1.13 0.06
105 101.429 118.3 1.14 0.05
106 102.704 102.4 1.09 0.02
107 104.096 127.4 1.12 0.07
108 104.633 163.8 1.09 0.04
109 105.981 109.2 1.07 0.09
110 106.727 118.3 1.08 0.09
111 108.356 145.6 1.05 0.06
112 109.157 188.9 1.07 0.08
113 109.558 154.7 1.09 0.06
114 110.004 261.7 1.08 0.06
115 111.478 127.4 1.10 0.07
116 112.762 75.1 1.06 0.12
117 113.690 127.4 1.04 0.13
118 114.018 289.0 1.08 0.11
119 116.703 213.9 1.13 0.06
120 117.322 77.4 1.11 0.06
121 121.354 118.3 1.10 0.01
122 121.909 179.8 1.13 -0.00
123 122.155 163.8 1.13 0.01
124 122.428 132.0 1.12 -0.01
125 122.993 122.9 1.12 -0.03
126 124.130 157.0 1.17 -0.05
127 125.186 109.2 1.19 0.03
128 126.925 100.1 1.14 0.10
129 127.853 118.3 1.19 0.12
130 128.727 111.5 1.14 0.17
131 129.246 86.5 1.15 0.12
132 129.528 81.9 1.15 0.15
133 129.901 111.5 1.11 0.17
134 130.329 136.5 1.13 0.16
135 130.502 113.8 1.09 0.10
136 131.121 88.7 1.07 0.12
137 131.995 136.5 1.04 0.10
138 132.778 122.9 1.08 0.11
139 134.043 264.0 1.05 0.12
140 134.680 109.2 1.04 0.13
141 135.326 154.7 1.00 0.03
142 135.754 159.3 1.00 0.07
143 136.182 145.6 0.99 0.02
144 136.455 113.8 0.98 0.05
145 136.937 118.3 0.98 0.04
146 138.603 154.7 1.00 0.08
147 139.986 154.7 1.01 0.12
148 140.787 116.1 1.01 0.10
149 141.233 150.2 1.00 0.06
150 141.488 122.9 1.00 0.05
151 143.008 154.7 1.05 0.10
152 143.555 77.4 1.04 0.12
153 143.709 100.1 1.05 0.11
154 144.547 125.2 1.04 0.07
155 144.838 136.5 1.10 0.01
156 145.238 218.5 1.04 0.01
157 146.522 200.2 1.12 -0.01
158 147.077 132.0 1.11 -0.01
159 147.277 172.9 1.10 -0.01
160 147.915 113.8 1.10 0.01
161 148.215 72.8 1.08 0.01
162 149.253 109.2 1.15 0.00
163 149.507 109.2 1.10 -0.01
164 149.853 100.1 1.11 -0.01
165 150.490 168.4 1.11 0.02
166 150.973 236.7 1.10 0.02
167 152.438 145.6 1.11 0.04
168 153.822 100.1 1.14 0.04
169 157.108 118.3 1.05 0.01
170 158.045 120.6 1.09 -0.03
171 158.500 136.5 1.07 -0.02
172 159.838 116.1 1.08 -0.07
173 160.448 141.1 1.11 -0.04
174 161.359 127.4 1.10 -0.04
175 161.522 157.0 1.09 -0.05
176 162.314 132.0 1.08 -0.05
177 163.643 191.1 1.09 -0.03
178 164.908 186.6 1.10 -0.02
179 165.491 127.4 1.15 -0.00
180 165.682 159.3 1.11 -0.00
181 165.864 150.2 1.09 0.03
182 166.110 141.1 1.09 -0.04
183 168.167 113.8 1.11 -0.04
184 168.622 218.5 1.10 -0.04
185 169.196 200.2 1.09 -0.03
186 169.569 75.1 1.08 -0.03
187 169.969 118.3 1.11 -0.03
188 170.288 120.6 1.11 -0.02
189 170.625 291.3 1.11 -0.02
190 171.171 170.7 1.11 0.01
191 173.264 166.1 1.13 0.02
192 173.819 150.2 1.13 -0.02
193 174.256 50.1 1.13 0.01
194 174.602 91.0 1.14 -0.00
195 176.186 122.9 1.12 0.06
196 176.350 118.3 1.12 0.06
197 176.587 145.6 1.10 0.06
198 176.996 145.6 1.10 0.05
199 178.006 122.9 1.09 0.03
200 178.999 100.1 1.02 0.04
201 180.118 81.9 1.04 0.04
202 180.337 109.2 1.10 0.01
203 182.676 107.0 1.04 -0.03
204 182.876 100.1 1.04 -0.03
205 184.596 102.4 1.06 -0.04
206 185.052 109.2 1.03 -0.06
207 185.234 113.8 1.08 -0.06
208 185.425 195.7 1.07 -0.03
209 185.889 172.9 1.04 -0.04
210 187.655 209.4 1.05 -0.05
211 188.438 109.2 1.06 -0.05
212 189.503 143.4 1.07 -0.04
213 191.159 191.1 1.15 -0.04
214 191.314 54.6 1.12 0.02
215 191.423 97.8 1.16 -0.01
216 193.708 154.7 1.12 -0.08
217 194.736 95.6 1.11 -0.03
218 196.029 56.9 1.12 0.01
219 196.821 136.5 1.11 0.01
220 197.139 72.8 1.07 0.00
221 197.822 118.3 1.09 -0.03
222 198.141 122.9 1.09 0.02
223 199.096 127.4 1.10 0.03
224 200.152 56.9 1.08 0.03
225 200.817 127.4 1.09 0.05
226 201.709 47.8 1.06 0.03
227 202.091 125.2 1.10 -0.00
228 203.547 145.6 1.11 0.01
229 204.048 159.3 1.12 0.02
230 204.567 107.0 1.13 0.03
231 204.949 43.2 1.13 0.02
232 206.396 70.5 1.11 0.06
233 207.225 84.2 1.09 0.08
234 208.517 204.8 1.15 0.08
235 208.736 150.2 1.14 0.08
236 209.582 84.2 1.13 0.03
237 209.873 154.7 1.14 0.02
238 210.119 141.1 1.13 0.01
239 212.604 127.4 1.16 0.05
240 213.014 268.5 1.17 0.04
241 214.379 63.7 1.11 0.03
242 214.515 177.5 1.20 0.04
243 215.844 154.7 1.18 0.05
244 216.254 138.8 1.17 0.05
245 217.383 147.9 1.11 0.02
246 218.930 132.0 1.08 0.06
247 221.042 134.3 1.11 0.05
248 223.581 107.0 1.11 0.10
249 224.655 109.2 1.12 0.09
250 224.928 200.2 1.11 0.06
251 225.584 168.4 1.09 0.05
252 226.002 172.9 1.12 0.04
253 227.304 86.5 1.13 0.04
254 227.614 61.4 1.09 0.08
255 227.732 134.3 1.12 0.04
256 228.305 145.6 1.14 0.06
257 228.933 102.4 1.13 0.07
258 229.744 147.9 1.12 0.07
259 230.035 145.6 1.10 0.07
260 230.299 107.0 1.11 0.07
261 230.608 145.6 1.13 0.07
262 230.772 132.0 1.11 0.07
263 232.893 102.4 1.12 0.03
264 233.039 116.1 1.11 0.03
265 233.840 145.6 1.12 0.03
266 233.994 141.1 1.13 0.03
267 234.231 120.6 1.12 0.04
268 234.486 132.0 1.10 0.01
269 234.759 86.5 1.15 0.02
270 236.379 150.2 1.13 0.02
271 236.952 127.4 1.13 0.01
272 237.508 109.2 1.10 0.01
273 238.828 163.8 1.17 0.03
274 241.340 163.8 1.12 -0.05
275 241.950 141.1 1.12 -0.04
276 242.587 302.6 1.12 -0.03
277 242.942 75.1 1.12 -0.02
278 243.133 88.7 1.10 -0.03
279 246.792 141.1 1.07 -0.04
280 247.993 95.6 1.15 -0.04
281 248.257 59.2 1.10 -0.01
282 250.569 116.1 1.06 -0.02
283 252.344 104.7 1.06 0.00
284 252.517 91.0 1.07 -0.00
285 252.954 150.2 1.07 0.01
286 253.810 172.9 1.01 0.03
287 254.292 198.0 1.06 0.01
288 254.483 109.2 1.08 -0.04
289 256.322 172.9 1.08 -0.06
290 257.660 109.2 1.07 -0.02
291 258.161 182.0 1.06 -0.03
292 259.681 145.6 1.06 -0.05
293 260.482 136.5 1.00 -0.01
294 261.383 198.0 0.99 -0.05
295 262.357 150.2 0.99 0.00
296 265.333 286.7 1.07 -0.01
297 265.734 86.5 1.05 -0.01
298 266.207 157.0 1.07 0.01
299 266.562 75.1 1.08 0.00
300 267.818 122.9 1.05 0.01
301 268.064 127.4 1.04 -0.00
302 268.646 100.1 1.06 0.01
303 269.211 120.6 1.06 0.03
304 273.015 120.6 1.02 0.05
305 275.937 91.0 1.01 0.06
306 276.138 163.8 1.01 0.07
307 276.456 122.9 1.03 0.08
308 276.675 277.6 1.04 0.08
309 279.369 163.8 1.05 0.02
310 279.678 152.5 1.04 0.04
311 281.927 332.2 1.04 0.05
312 282.982 122.9 1.05 0.05
313 283.201 100.1 1.03 0.04
314 283.747 66.0 1.04 0.04
315 284.284 118.3 1.03 0.04
316 285.394 100.1 1.05 0.05
317 286.350 218.5 1.08 0.07
318 287.825 191.1 1.08 0.05
319 292.003 134.3 1.06 0.03
320 292.485 273.1 1.07 0.05
321 292.931 109.2 1.02 0.05
322 293.122 104.7 1.07 0.05
323 294.506 109.2 1.09 0.02
324 294.952 77.4 1.00 0.01
325 296.335 198.0 1.07 0.00
326 296.554 204.8 1.06 0.00
327 297.000 154.7 1.12 0.05
328 298.156 91.0 1.09 0.06
329 299.803 95.6 1.11 0.11
330 300.359 150.2 1.10 0.07
331 300.704 172.9 1.07 0.09
332 301.305 157.0 1.07 0.05
333 303.117 161.6 1.07 0.08
334 303.945 127.4 1.10 0.09
335 304.746 163.8 1.11 0.09
336 306.767 113.8 1.09 0.04
337 310.189 43.2 1.09 0.04
338 310.771 118.3 1.15 0.03
339 311.090 93.3 1.12 0.03
340 312.046 138.8 1.15 0.04
341 314.230 145.6 1.11 0.01
342 314.713 250.3 1.11 0.01
343 317.307 107.0 1.10 0.00
344 317.589 152.5 1.13 0.00
345 318.399 109.2 1.12 -0.02
346 318.636 136.5 1.14 -0.03
347 319.346 234.4 1.13 0.03
348 319.619 163.8 1.12 0.01
349 320.556 109.2 1.14 0.07
350 322.076 127.4 1.15 0.06
351 322.395 136.5 1.17 0.04
352 324.489 127.4 1.11 0.10
353 324.916 70.5 1.15 0.08
354 325.253 127.4 1.12 0.09
355 326.100 61.4 1.11 0.08
356 327.310 150.2 1.13 0.06
357 327.693 109.2 1.13 0.05
358 328.302 127.4 1.11 0.05
359 328.821 113.8 1.15 0.06
360 329.076 100.1 1.14 0.08
361 329.795 209.4 1.14 0.05
362 331.652 88.7 1.10 0.09
363 331.961 125.2 1.12 0.07
364 333.299 145.6 1.13 0.01
365 334.756 136.5 1.15 0.05
366 336.403 109.2 1.08 0.09
367 337.241 118.3 1.15 0.07
368 339.107 100.1 1.10 0.07
369 339.289 41.0 1.13 0.03
370 340.536 104.7 1.11 0.02
371 341.482 66.0 1.11 0.01
372 342.110 159.3 1.13 0.03
373 343.512 154.7 1.10 0.03
374 345.651 109.2 1.10 0.05
375 346.461 100.1 1.01 0.02
376 348.855 59.2 1.00 0.01
377 349.310 282.2 1.00 0.00
378 349.702 136.5 1.03 0.04
379 350.375 143.4 0.99 -0.01
380 350.657 152.5 1.02 -0.01
381 350.767 102.4 1.00 0.02
382 351.213 97.8 0.99 -0.03
383 351.640 116.1 0.99 -0.05
384 352.360 186.6 1.04 -0.05
385 352.578 154.7 1.02 -0.05
386 352.787 127.4 1.04 -0.04
387 355.154 172.9 1.09 -0.01
388 355.354 136.5 1.08 -0.01
389 355.718 107.0 1.07 -0.00
390 356.091 166.1 1.06 -0.02
391 357.111 68.3 1.07 -0.04
392 357.866 102.4 1.10 -0.07
393 358.622 120.6 1.07 -0.07
394 359.122 120.6 1.09 0.01
395 360.042 118.3 1.08 0.03
396 363.155 254.9 1.07 -0.02
397 363.446 172.9 1.10 -0.05
398 364.748 118.3 1.07 -0.03
399 364.902 109.2 1.08 -0.01
400 365.439 86.5 1.07 -0.02
401 365.603 182.0 1.07 -0.00
402 365.931 138.8 1.06 -0.00
403 367.451 145.6 1.01 0.03
404 371.228 147.9 1.07 0.01
405 372.503 113.8 1.06 0.05
406 372.676 113.8 1.05 0.05
407 373.131 63.7 1.07 0.05
408 373.222 66.0 1.05 0.05
409 374.259 147.9 1.03 0.02
410 374.487 141.1 1.05 0.04
411 374.806 286.7 1.03 -0.03
412 375.124 227.6 1.04 0.03
413 376.926 52.3 1.02 0.04
414 378.729 163.8 1.01 0.04
415 379.329 150.2 1.00 0.05
416 380.704 191.1 0.99 0.02
417 382.379 109.2 0.98 0.09
418 384.891 136.5 1.00 0.08
419 385.209 172.9 0.99 0.08
420 385.473 125.2 0.98 0.11
421 386.766 245.8 1.00 0.11
422 387.239 127.4 1.01 0.12
423 387.430 59.2 0.97 0.08
424 388.341 113.8 0.99 0.15
425 390.689 191.1 1.06 0.08
426 391.326 132.0 1.10 0.12
427 392.491 100.1 1.10 0.10
428 392.974 75.1 1.11 0.12
429 393.329 118.3 1.11 0.13
430 393.538 111.5 1.11 0.13
431 396.159 161.6 1.11 0.14
432 396.824 154.7 1.13 0.13
433 397.306 84.2 1.13 0.11
434 397.543 77.4 1.13 0.10
435 398.107 100.1 1.12 0.07
436 398.353 84.2 1.12 0.07
437 399.209 330.0 1.08 0.05
438 399.518 141.1 1.07 0.03
439 400.547 107.0 1.07 0.03
440 400.865 268.5 1.08 0.05
441 402.595 127.4 1.07 0.05
442 402.777 113.8 1.05 0.02
443 403.186 41.0 1.05 0.05
444 404.688 254.9 1.05 0.05
445 404.998 172.9 1.03 0.01
446 406.044 198.0 1.04 0.01
447 406.545 209.4 1.02 0.01
448 406.800 172.9 1.04 0.01
449 407.756 172.9 1.02 -0.00
450 408.575 138.8 1.04 0.02
451 409.676 179.8 1.05 0.02
452 411.342 179.8 1.05 0.03
453 411.579 127.4 1.01 0.02
454 411.924 141.1 1.03 0.04
455 412.598 154.7 1.01 0.07
456 413.445 136.5 1.01 0.05
457 413.636 93.3 1.01 0.05
458 414.064 100.1 1.03 0.05
459 414.291 209.4 1.02 0.02
460 414.819 127.4 1.03 0.06
461 415.638 109.2 1.06 0.04
462 415.902 145.6 1.05 0.05
463 418.451 232.1 1.04 0.01
464 419.224 109.2 1.03 0.04
465 421.591 132.0 1.09 0.04
466 423.566 91.0 1.10 0.05
467 424.094 118.3 1.11 0.06
468 425.942 100.1 1.09 -0.00
469 427.589 213.9 1.16 0.04
470 427.935 95.6 1.16 0.03
471 428.117 213.9 1.12 0.01
472 429.819 66.0 1.10 0.01
473 431.285 177.5 1.10 -0.03
474 431.940 31.9 1.07 -0.04
475 432.259 72.8 1.07 -0.03
476 432.377 81.9 1.09 -0.03
477 432.850 118.3 1.08 -0.03
478 433.570 120.6 1.06 -0.06
479 434.380 118.3 1.09 -0.03
480 435.263 77.4 1.05 -0.00
481 435.517 118.3 1.11 0.04
482 437.074 152.5 1.14 0.03
483 437.229 118.3 1.10 0.06
484 437.784 145.6 1.13 0.00
485 438.721 136.5 1.11 -0.02
486 439.295 172.9 1.11 -0.00
487 440.223 159.3 1.16 -0.01
488 440.578 141.1 1.10 -0.02
489 441.370 147.9 1.14 0.01
490 441.916 109.2 1.14 0.01
491 443.072 186.6 1.14 0.01
492 444.401 134.3 1.14 0.02
493 445.038 100.1 1.16 0.01
494 446.358 109.2 1.15 0.02
495 448.697 184.3 1.10 -0.01
496 449.116 93.3 1.12 0.00
497 449.335 91.0 1.12 -0.01
498 449.863 172.9 1.15 -0.02
499 451.883 100.1 1.16 -0.04
500 452.593 182.0 1.15 -0.04
501 453.176 136.5 1.21 -0.01
502 453.804 152.5 1.18 -0.01
503 454.332 145.6 1.24 -0.00
504 454.787 66.0 1.19 0.02
505 454.878 50.1 1.25 0.01
506 455.488 118.3 1.17 0.04
507 456.007 136.5 1.13 0.04
508 457.081 56.9 1.20 0.02
509 458.073 97.8 1.17 -0.01
510 458.546 125.2 1.13 0.03
511 458.819 145.6 1.15 0.02
512 459.311 109.2 1.13 0.02
513 460.840 218.5 1.13 0.06
514 462.442 275.3 1.09 0.05
515 463.197 91.0 1.09 0.03
516 464.763 163.8 1.09 0.02
517 465.154 227.6 1.10 0.02
518 465.764 91.0 1.10 0.02
519 467.612 102.4 1.10 -0.02
520 467.821 138.8 1.07 -0.02
521 468.677 118.3 1.10 -0.01
522 469.168 127.4 1.08 -0.04
523 470.079 122.9 1.09 -0.01
524 470.424 25.0 1.07 -0.02
525 472.327 102.4 1.10 0.02
526 473.865 154.7 1.08 0.01
527 474.156 56.9 1.07 0.01
528 474.866 100.1 1.11 -0.01
529 476.969 172.9 1.10 -0.02
530 477.916 104.7 1.10 -0.02
531 479.245 218.5 1.09 0.01
532 479.709 81.9 1.07 0.01
533 480.282 122.9 1.06 0.00
534 481.693 141.1 1.11 -0.05
535 481.966 120.6 1.10 -0.02
536 482.512 118.3 1.02 -0.04
537 482.731 118.3 1.11 -0.04
538 484.278 88.7 1.09 -0.02
539 487.391 141.1 1.12 0.00
540 488.611 163.8 1.08 -0.00
541 489.521 88.7 1.07 -0.01
542 490.923 86.5 1.07 0.01
543 491.660 104.7 1.07 0.01
544 493.708 154.7 1.09 0.05
545 497.058 127.4 1.08 0.02
546 497.331 134.3 1.08 0.01
547 497.804 177.5 1.10 0.03
548 498.505 218.5 1.10 0.04
549 498.951 277.6 1.08 0.01
550 500.070 120.6 1.10 0.02
551 500.771 86.5 1.14 0.01
552 501.345 93.3 1.06 0.03
553 502.191 118.3 1.11 0.05
554 502.655 109.2 1.09 0.04
555 503.083 154.7 1.11 0.06
556 503.329 132.0 1.10 0.05
557 504.148 179.8 1.10 0.03
558 506.806 150.2 1.13 -0.01
559 507.352 159.3 1.12 0.02
560 508.089 218.5 1.11 0.02
561 508.454 159.3 1.09 0.04
562 509.264 154.7 1.09 0.00
563 509.946 107.0 1.08 0.02
564 510.893 132.0 1.08 0.02
565 510.993 102.4 1.04 0.01
566 511.967 95.6 1.06 0.01
567 512.686 93.3 1.08 -0.03
568 513.496 193.4 1.07 -0.00
569 516.172 93.3 1.09 0.07
570 517.319 182.0 1.12 0.07
571 518.512 147.9 1.13 0.04
572 520.760 113.8 1.08 0.05
573 521.124 63.7 1.04 0.04
574 522.598 150.2 1.06 0.04
575 522.717 54.6 1.05 0.05
576 523.627 100.1 1.05 0.09
577 524.792 163.8 1.09 0.05
578 525.293 136.5 1.07 0.04
579 525.739 95.6 1.11 0.06
580 525.921 127.4 1.06 0.06
581 528.397 159.3 1.07 0.07
582 530.035 104.7 1.07 0.08
583 532.529 182.0 1.07 0.09
584 533.075 59.2 1.04 0.11
585 533.339 118.3 1.07 0.11
586 536.452 134.3 1.13 -0.02
587 537.035 93.3 1.09 -0.02
588 538.746 118.3 1.14 0.01
589 539.656 109.2 1.12 0.02
590 540.703 359.5 1.12 0.02
591 541.076 95.6 1.10 0.02
592 543.606 113.8 1.12 -0.04
593 546.683 120.6 1.13 0.03
594 547.884 127.4 1.15 0.00
595 549.350 145.6 1.15 -0.02
596 549.969 86.5 1.12 -0.00
597 550.333 136.5 1.14 0.03
598 550.742 170.7 1.11 0.03
599 550.906 91.0 1.13 -0.00
600 551.634 241.2 1.13 -0.01
601 551.962 109.2 1.14 0.01
602 553.173 168.4 1.12 0.02
603 553.419 141.1 1.13 0.02
604 554.037 118.3 1.12 0.05
605 554.975 145.6 1.10 0.04
606 556.195 111.5 1.13 0.05
607 557.105 177.5 1.07 0.02
608 558.361 227.6 1.14 0.00
609 558.534 113.8 1.14 0.00
610 559.462 100.1 1.15 0.03
611 560.036 127.4 1.16 0.04
612 560.582 147.9 1.09 0.06
613 561.301 113.8 1.10 0.05
614 561.874 150.2 1.11 0.07
615 563.768 91.0 1.12 0.03
616 564.441 129.7 1.14 0.03
617 565.570 157.0 1.12 0.05
618 565.907 150.2 1.07 0.08
619 566.444 141.1 1.14 0.02
620 566.599 77.4 1.12 0.03
621 567.136 236.7 1.10 0.08
622 567.609 100.1 1.08 0.11
623 568.392 175.2 1.14 0.07
624 571.104 236.7 1.14 0.05
625 574.408 54.6 1.09 0.10
626 574.490 72.8 1.09 0.08
627 575.628 182.0 1.09 0.06
628 575.810 93.3 1.09 0.06
629 576.119 191.1 1.13 0.08
630 576.939 97.8 1.12 0.09
631 577.121 141.1 1.09 0.06
632 577.740 145.6 1.13 0.11
633 578.076 216.2 1.12 0.11
634 579.478 127.4 1.12 0.07
635 580.097 168.4 1.11 0.07
636 580.580 86.5 1.07 0.08
637 581.654 118.3 1.12 0.09
638 583.310 147.9 1.17 0.07
639 584.139 172.9 1.17 0.06
640 584.603 150.2 1.15 0.06
641 588.717 100.1 1.17 0.05
642 590.865 157.0 1.16 0.03
643 591.202 147.9 1.17 0.01
644 591.921 104.7 1.14 0.01
645 592.494 104.7 1.12 0.04
646 592.704 154.7 1.13 0.02
647 595.189 127.4 1.15 0.08
648 595.680 100.1 1.14 0.06
649 596.062 182.0 1.11 0.06
650 596.290 100.1 1.13 0.06
651 598.839 91.0 1.13 0.08
652 599.312 100.1 1.14 0.06
653 599.904 125.2 1.18 0.08
654 600.668 95.6 1.17 0.08
655 602.771 125.2 1.16 0.08
656 603.508 116.1 1.15 0.07
657 604.000 264.0 1.13 0.04
658 605.656 154.7 1.11 0.08
659 605.966 100.1 1.11 0.06
660 606.357 122.9 1.12 0.05
661 607.085 150.2 1.12 0.07
662 607.322 152.5 1.13 0.06
663 610.189 91.0 1.11 0.09
664 611.946 113.8 1.14 0.05
665 612.319 150.2 1.14 0.07
666 613.511 150.2 1.15 0.07
667 614.094 213.9 1.13 0.07
668 614.531 254.9 1.13 0.07
669 615.214 129.7 1.13 0.06
670 615.496 109.2 1.12 0.05
671 615.896 259.4 1.12 0.05
672 617.225 100.1 1.14 0.06
673 617.398 145.6 1.10 0.06
674 617.626 100.1 1.11 0.08
675 617.789 143.4 1.11 0.08
676 617.999 113.8 1.08 0.08
677 620.202 113.8 1.04 0.03
678 620.693 152.5 1.09 0.01
679 622.368 179.8 1.06 0.03
680 622.741 150.2 1.02 0.02
681 622.887 79.6 1.02 0.03
682 624.015 127.4 1.02 0.04
683 627.629 100.1 1.06 0.07
684 628.312 77.4 1.08 0.07
685 628.439 61.4 1.11 0.07
686 629.586 127.4 1.07 0.05
687 630.824 102.4 1.09 0.09
688 631.989 147.9 1.13 0.05
689 634.547 118.3 1.17 -0.00
690 634.738 127.4 1.14 0.01
691 635.402 127.4 1.16 0.01
692 636.267 118.3 1.22 0.04
693 636.431 100.1 1.21 0.01
694 640.800 91.0 1.14 0.02
695 643.503 66.0 1.13 0.04
696 643.676 175.2 1.13 0.03
697 646.207 225.3 1.15 0.00
698 646.753 109.2 1.13 0.00
699 647.171 138.8 1.12 -0.00
700 647.353 207.1 1.14 0.00
701 647.590 136.5 1.11 -0.00
702 648.082 136.5 1.10 -0.00
703 648.309 238.9 1.11 0.00
704 651.085 177.5 1.12 0.04
705 653.124 209.4 1.11 -0.03
706 654.462 113.8 1.15 0.02
707 655.618 102.4 1.14 0.07
708 657.075 127.4 1.11 0.06
709 657.193 56.9 1.10 0.07
710 657.584 170.7 1.07 0.04
711 657.785 163.8 1.06 0.02
712 658.121 136.5 1.07 0.01
713 658.895 118.3 1.05 -0.02
714 661.598 134.3 1.10 0.07
715 661.944 93.3 1.08 -0.00
716 664.912 113.8 1.08 0.00
717 665.094 141.1 1.08 0.01
718 665.685 38.7 1.04 -0.01
719 666.550 84.2 1.09 0.00
720 666.869 204.8 1.10 0.02
721 667.032 50.1 1.06 0.01
722 670.946 172.9 1.11 0.01
723 672.075 68.3 1.08 -0.01
724 672.303 100.1 1.05 -0.01
725 672.730 154.7 1.12 0.01
726 673.249 100.1 1.07 -0.02
727 673.477 122.9 1.08 0.05
728 674.223 77.4 1.13 0.05
729 675.816 127.4 1.07 0.02
730 679.011 136.5 1.07 0.02
731 681.359 172.9 1.05 -0.00
732 681.669 118.3 1.07 0.01
733 682.106 168.4 1.06 0.04
734 682.361 100.1 1.09 0.02
735 682.998 127.4 1.09 0.02
736 683.963 79.6 1.07 0.02
737 684.154 147.9 1.05 -0.00
738 686.229 154.7 1.09 -0.04
739 686.520 172.9 1.05 -0.03
740 687.212 118.3 1.05 -0.02
741 689.360 109.2 1.12 -0.03
742 689.497 86.5 1.07 0.00
743 689.715 109.2 1.09 -0.05
744 690.034 95.6 1.08 0.03
745 691.153 195.7 1.11 0.06
746 691.900 136.5 1.07 0.05
747 692.519 195.7 1.05 0.03
748 693.757 118.3 1.07 0.04
749 693.966 118.3 1.04 0.04
750 694.858 245.8 1.05 0.04
751 695.459 179.8 1.03 -0.02
752 696.478 84.2 1.06 0.06
753 699.045 191.1 1.08 0.04
754 699.573 191.1 1.07 0.09
755 700.811 172.9 1.09 -0.06
756 701.293 109.2 1.09 0.01
757 702.413 136.5 1.07 0.02
758 704.006 100.1 1.09 0.02
759 707.164 157.0 1.03 -0.02
760 707.756 245.8 1.05 -0.02
761 708.156 100.1 1.08 -0.01
762 709.349 100.1 1.05 -0.07
763 710.314 66.0 1.05 0.00
764 712.234 127.4 1.05 0.03
765 715.693 179.8 1.01 0.06
766 717.441 118.3 1.12 0.01
767 718.205 291.3 1.11 0.01
768 719.316 159.3 1.11 0.00
769 719.762 95.6 1.10 -0.00
770 721.946 182.0 1.09 -0.01
771 722.784 227.6 1.07 -0.03
772 723.849 100.1 1.07 -0.04
773 724.340 116.1 1.10 -0.04
774 725.123 118.3 1.10 -0.03
775 725.460 145.6 1.10 -0.03
776 726.479 132.0 1.12 -0.02
777 727.298 127.4 1.13 -0.02
778 727.854 163.8 1.14 -0.02
779 728.627 86.5 1.12 -0.04
780 728.891 191.1 1.12 -0.04
781 731.931 122.9 1.12 -0.01
782 732.086 132.0 1.09 -0.01
783 732.960 191.1 1.10 -0.00
784 733.970 109.2 1.04 -0.01
785 734.352 91.0 1.07 -0.00
786 734.844 168.4 1.08 0.01
787 737.502 129.7 1.08 -0.00
788 739.058 127.4 1.09 -0.01
789 739.313 95.6 1.07 -0.02
790 740.251 134.3 1.09 -0.01
791 741.097 150.2 1.07 0.01
792 742.126 127.4 1.08 -0.00
793 742.636 111.5 1.07 -0.05
794 743.591 182.0 1.04 -0.02
795 745.903 66.0 1.03 -0.00
796 745.994 52.3 1.04 -0.00
797 747.178 163.8 1.05 0.00
798 747.460 118.3 1.04 -0.00
799 747.742 127.4 1.05 0.01
800 749.471 227.6 1.06 0.01
801 751.692 97.8 1.04 0.02
802 753.877 245.8 1.05 0.01
803 754.086 161.6 1.06 0.01
804 754.787 277.6 1.03 0.07
805 755.206 141.1 1.05 0.07
806 758.719 136.5 1.02 0.03
807 759.120 100.1 1.03 0.04
808 759.575 145.6 1.05 0.03
809 759.893 68.3 1.03 0.05
810 761.213 154.7 1.05 0.04
811 761.668 84.2 1.01 0.04
812 761.932 191.1 1.02 0.04
813 762.333 93.3 1.02 0.05
814 762.460 122.9 1.01 0.05
815 763.543 129.7 1.01 0.03
816 763.780 132.0 1.02 0.08
817 765.063 227.6 1.03 0.07
818 765.318 122.9 1.01 0.05
819 765.482 116.1 1.02 0.04
820 765.746 132.0 1.02 0.05
821 766.447 172.9 1.01 0.06
822 767.612 177.5 0.98 0.07
823 768.331 127.4 1.01 0.09
824 769.706 111.5 0.98 0.11
825 769.915 141.1 1.03 0.11
826 770.425 118.3 1.01 0.11
827 771.207 136.5 1.00 0.10
828 771.608 125.2 1.04 0.09
829 773.692 268.5 1.06 0.04
830 774.502 145.6 1.02 0.03
831 776.241 179.8 1.04 0.03
832 778.726 154.7 1.08 0.06
833 780.155 386.8 1.09 0.04
834 781.038 97.8 1.08 0.03
835 781.475 109.2 1.09 0.03
836 782.594 154.7 1.10 0.05
837 782.776 136.5 1.09 0.05
838 782.995 88.7 1.08 0.05
839 783.077 54.6 1.08 0.03
840 784.069 154.7 1.07 0.05
841 785.270 141.1 1.09 0.08
842 787.628 91.0 1.07 0.05
843 787.864 107.0 1.05 0.05
844 788.047 118.3 1.06 0.07
845 788.229 136.5 1.07 0.07
846 789.039 129.7 1.06 0.07
847 789.557 109.2 1.08 0.03
848 789.849 109.2 1.07 0.05
849 790.941 84.2 1.08 0.03
850 792.925 136.5 1.02 0.05
851 793.408 127.4 1.04 0.05
852 793.626 100.1 1.03 0.04
853 794.518 191.1 1.07 0.07
854 796.612 52.3 1.08 0.09
855 797.258 100.1 1.09 0.08
856 797.558 132.0 1.06 0.05
857 798.378 118.3 1.11 0.06
858 800.480 59.2 1.07 0.05
859 802.000 122.9 1.06 0.02
860 802.501 127.4 1.07 0.03
861 803.793 113.8 1.04 0.07
862 804.148 93.3 1.06 0.06
863 805.541 172.9 1.05 0.05
864 805.941 95.6 1.05 0.05
865 806.205 95.6 1.07 0.05
866 808.317 227.6 1.09 -0.01
867 809.200 200.2 1.10 0.03
868 809.473 118.3 1.09 0.01
869 810.502 118.3 1.06 0.04
870 810.675 118.3 1.07 0.04
871 812.440 200.2 1.11 0.04
872 812.704 100.1 1.11 0.02
873 813.815 157.0 1.12 0.06
874 815.481 120.6 1.08 -0.04
875 815.772 122.9 1.10 -0.00
876 816.564 172.9 1.11 0.00
877 816.828 136.5 1.12 0.00
878 817.583 166.1 1.12 0.01
879 817.847 213.9 1.12 0.01
880 818.657 111.5 1.10 0.03
881 819.258 93.3 1.12 0.03
882 819.659 122.9 1.14 0.05
883 820.387 93.3 1.07 0.11
884 820.678 52.3 1.06 0.10
885 823.045 100.1 1.19 0.06
886 825.293 134.3 1.10 0.07
887 825.620 193.4 1.14 0.05
888 826.039 81.9 1.09 0.06
889 828.415 141.1 1.15 0.06
890 829.544 116.1 1.09 0.07
891 830.809 172.9 1.09 0.01
892 831.564 116.1 1.11 0.00
893 831.683 66.0 1.13 0.04
894 832.638 107.0 1.04 -0.02
895 833.312 100.1 1.08 0.03
896 834.623 141.1 1.01 -0.01
897 836.143 127.4 0.98 -0.01
898 837.317 136.5 0.97 0.06
899 838.764 209.4 1.07 0.01
900 839.538 122.9 1.04 -0.01
901 842.396 168.4 1.00 -0.01
902 842.778 309.5 0.99 -0.00
903 843.224 136.5 0.99 0.02
904 843.434 136.5 0.99 0.01
905 843.588 100.1 0.98 0.02
906 843.889 125.2 0.98 0.02
907 844.726 154.7 0.97 0.01
908 845.254 136.5 0.97 0.03
909 845.509 150.2 0.98 0.02
910 847.256 191.1 0.99 0.04
911 848.076 50.1 1.01 0.04
912 848.212 47.8 0.99 0.06
913 849.004 252.6 1.01 0.04
914 849.741 136.5 1.00 0.05
915 851.070 118.3 1.02 0.05
916 852.563 136.5 0.97 0.01
917 854.056 154.7 0.98 -0.01
918 857.915 184.3 0.98 0.02
919 859.199 163.8 1.04 0.03
920 859.763 138.8 1.07 0.04
921 859.918 34.1 1.05 0.04
922 861.802 118.3 1.03 0.08
923 863.022 127.4 1.06 0.08
924 863.249 132.0 0.98 0.02
925 864.578 145.6 1.01 0.06
926 865.324 129.7 1.00 0.05
927 865.552 213.9 1.00 0.04
928 865.925 257.1 0.98 0.03
929 869.566 104.7 1.03 0.02
930 869.766 111.5 1.08 0.02
931 870.249 147.9 1.08 0.04
932 871.314 122.9 1.06 0.02
933 872.497 177.5 1.06 0.05
934 873.780 141.1 1.09 0.03
935 874.681 191.1 1.06 0.05
936 876.256 91.0 1.06 0.03
937 876.793 191.1 1.08 0.05
938 877.558 154.7 1.04 0.05
939 879.779 134.3 1.05 0.01
940 881.799 127.4 1.10 0.00
941 881.918 79.6 1.06 -0.01
942 882.109 127.4 1.07 -0.00
943 882.364 104.7 1.07 0.02
944 884.312 136.5 1.08 -0.01
945 886.460 118.3 1.05 0.03
946 887.843 127.4 1.06 0.03
947 888.653 118.3 1.05 0.01
948 891.785 77.4 1.06 0.09
949 892.012 107.0 1.09 0.09
950 892.504 66.0 1.06 0.06
951 892.950 109.2 1.03 0.05
952 893.296 88.7 1.07 0.06
953 894.078 72.8 1.09 0.06
954 894.834 147.9 1.09 0.06
955 895.353 113.8 1.08 0.07
956 895.535 127.4 1.10 0.07
957 897.710 182.0 1.08 0.06
958 900.796 159.3 1.09 0.04
959 901.142 204.8 1.08 0.04
960 901.833 232.1 1.09 0.02
961 903.062 118.3 1.09 0.05
962 903.526 209.4 1.09 0.04
963 904.054 109.2 1.06 0.02
964 904.273 145.6 1.06 0.01
965 904.864 136.5 1.05 0.01
966 905.238 118.3 1.06 0.02
967 905.793 118.3 1.08 0.04
968 906.903 154.7 1.05 0.05
969 907.277 132.0 1.07 0.01
970 907.868 91.0 1.07 0.01
971 908.760 61.4 1.05 0.01
972 909.306 102.4 1.09 0.01
973 910.116 122.9 1.10 0.02
974 911.536 100.1 1.10 0.00
975 912.647 168.4 1.10 0.02
976 914.640 143.4 1.10 0.01
977 914.950 118.3 1.13 -0.00
978 915.605 154.7 1.13 0.01
979 918.946 129.7 1.09 -0.00
980 919.310 127.4 1.11 -0.01
981 919.583 118.3 1.09 0.00
982 922.659 154.7 1.09 0.01
983 924.179 145.6 1.07 -0.04
984 924.443 118.3 1.07 -0.02
985 925.153 84.2 1.08 -0.01
986 925.599 136.5 1.08 -0.03
987 925.772 70.5 1.08 0.03
988 925.936 100.1 1.13 0.01
989 927.183 63.7 1.08 0.04
990 927.274 66.0 1.07 0.04
991 927.711 241.2 1.11 0.04
992 930.487 118.3 1.11 0.02
993 930.769 93.3 1.09 0.01
994 934.729 84.2 1.04 -0.04
995 939.562 125.2 1.03 -0.05
996 940.536 100.1 1.01 -0.03
997 941.082 145.6 1.04 -0.06
998 944.505 100.1 1.00 -0.04
999 944.796 145.6 1.00 -0.05
1000 944.996 79.6 1.01 -0.05
1001 945.834 54.6 1.07 -0.07
1002 947.800 161.6 1.05 -0.01
1003 948.309 127.4 1.02 -0.02
1004 949.593 127.4 1.00 0.01
1005 949.729 107.0 1.01 0.01
1006 950.421 127.4 0.94 -0.03
1007 950.976 84.2 1.01 0.01
1008 952.779 166.1 1.00 0.01
1009 954.572 113.8 1.04 -0.02
1010 958.149 172.9 1.04 -0.01
1011 958.531 168.4 1.06 0.00
1012 958.722 159.3 1.06 0.00
1013 961.371 172.9 1.07 0.00
1014 961.990 264.0 1.04 -0.04
1015 962.327 104.7 1.07 -0.03
1016 962.463 68.3 1.09 -0.03
1017 962.727 45.5 1.09 -0.05
1018 963.164 227.6 1.07 -0.03
1019 963.528 54.6 1.02 -0.01
1020 963.892 195.7 1.04 0.02
1021 964.093 95.6 1.04 0.02
1022 964.675 113.8 1.04 0.05
1023 964.857 132.0 1.02 0.04
1024 966.377 118.3 1.03 0.08
1025 968.899 152.5 1.01 0.07
1026 969.827 150.2 1.01 0.06
1027 971.474 182.0 1.06 0.04
1028 972.002 172.9 1.07 0.03
1029 973.013 145.6 1.09 0.03
1030 973.623 118.3 1.10 0.04
1031 974.123 225.3 1.08 0.04
1032 974.287 79.6 1.11 0.03
1033 975.434 100.1 1.15 -0.02
1034 977.637 120.6 1.08 -0.03
1035 978.602 113.8 1.03 0.05
1036 978.784 118.3 1.17 0.01
1037 979.029 127.4 1.17 0.03
1038 979.366 118.3 1.15 0.03
1039 980.240 154.7 1.10 0.01
1040 980.741 234.4 1.16 0.01
1041 981.451 152.5 1.16 0.00
1042 981.587 88.7 1.15 -0.00
1043 983.535 52.3 1.13 -0.00
1044 986.475 102.4 1.18 0.05
1045 987.986 109.2 1.16 0.04
1046 988.550 191.1 1.13 0.02
1047 989.115 129.7 1.16 0.03
1048 990.653 109.2 1.11 0.06
1049 990.962 191.1 1.09 0.08
1050 992.910 200.2 1.11 0.06
1051 993.165 111.5 1.09 0.04
1052 993.338 134.3 1.07 0.04
1053 996.142 168.4 1.08 -0.00
1054 997.962 200.2 1.10 0.07
1055 998.818 163.8 1.10 -0.01
1056 999.855 100.1 1.09 0.01
1057 1001.039 229.8 1.08 0.06
1058 1001.184 22.8 1.12 0.05
1059 1001.302 118.3 1.12 0.04
1060 1001.603 100.1 1.12 0.02
1061 1002.431 168.4 1.08 -0.02
1062 1002.549 159.3 1.10 -0.02
1063 1003.669 154.7 1.08 -0.04
1064 1004.197 109.2 1.05 -0.05
1065 1006.937 125.2 1.04 0.01
1066 1008.457 81.9 1.05 0.02
1067 1008.939 72.8 1.03 0.03
1068 1009.185 193.4 1.08 0.04
1069 1009.576 95.6 1.08 0.01
1070 1009.822 120.6 1.08 0.07
1071 1010.077 72.8 1.07 0.07
1072 1012.316 127.4 1.09 0.02
1073 1012.826 70.5 1.06 0.04
1074 1012.935 102.4 1.06 0.04
1075 1013.208 168.4 1.04 0.04
1076 1014.746 91.0 1.06 -0.02
1077 1015.566 102.4 1.02 -0.06
1078 1016.385 172.9 1.00 0.03
1079 1017.240 118.3 1.00 -0.02
1080 1019.898 213.9 0.99 -0.04
1081 1020.991 198.0 1.07 -0.06
1082 1021.300 127.4 1.01 -0.04
1083 1022.247 154.7 1.04 -0.05
1084 1023.767 136.5 1.05 -0.01
1085 1023.994 109.2 0.99 -0.04
1086 1024.659 209.4 1.03 -0.02
1087 1026.934 273.1 1.02 -0.05
1088 1027.116 68.3 0.97 -0.04
1089 1027.280 68.3 1.02 -0.06
1090 1027.690 227.6 1.02 -0.05
1091 1028.436 41.0 0.99 -0.03
1092 1029.638 118.3 0.96 -0.07
1093 1030.420 177.5 0.97 -0.08
1094 1030.885 152.5 1.00 -0.09
1095 1031.149 159.3 0.98 -0.06
1096 1032.141 113.8 0.97 -0.01
1097 1032.286 129.7 1.02 -0.01
1098 1033.097 179.8 1.01 -0.02
1099 1033.379 81.9 1.02 -0.06
1100 1036.009 84.2 0.99 -0.03
1101 1036.883 104.7 0.98 -0.02
1102 1036.983 63.7 1.03 -0.02
1103 1037.102 63.7 1.04 -0.03
1104 1037.866 245.8 1.02 -0.01
1105 1039.850 129.7 0.96 -0.06
1106 1040.806 136.5 0.99 -0.05
1107 1041.507 109.2 1.05 0.01
1108 1042.217 177.5 1.08 0.05
1109 1042.499 127.4 1.11 0.07
1110 1043.646 56.9 1.04 0.01
1111 1044.292 172.9 1.06 0.03
1112 1044.474 125.2 1.05 0.03
1113 1044.638 129.7 1.08 0.04
1114 1046.158 118.3 1.08 0.09
1115 1046.322 59.2 1.09 0.09
1116 1046.495 100.1 1.11 0.06
1117 1047.105 86.5 1.08 0.06
1118 1050.718 118.3 1.10 -0.01
1119 1051.137 100.1 1.09 -0.02
1120 1052.885 118.3 1.03 -0.04
1121 1053.149 70.5 1.03 -0.07
1122 1053.986 154.7 1.00 -0.03
1123 1054.359 138.8 1.03 -0.02
1124 1054.569 136.5 1.03 -0.03
1125 1054.742 118.3 1.01 -0.03
1126 1054.933 111.5 0.99 -0.04
1127 1055.561 102.4 1.01 -0.02
1128 1055.761 118.3 1.01 -0.01
1129 1056.689 182.0 1.02 -0.01
1130 1058.064 154.7 1.04 0.00
1131 1058.410 122.9 1.04 0.00
1132 1059.275 100.1 0.97 -0.00
1133 1060.667 227.6 0.96 -0.02
1134 1061.140 168.4 0.98 -0.02
1135 1061.523 118.3 0.99 -0.04
1136 1065.409 118.3 1.08 0.00
1137 1065.983 254.9 1.08 0.02
1138 1067.385 186.6 1.09 0.01
1139 1068.095 163.8 1.01 -0.01
1140 1069.005 191.1 1.05 -0.05
1141 1069.460 136.5 1.06 -0.05
1142 1071.544 50.1 0.98 -0.02
1143 1073.283 109.2 1.00 -0.03
1144 1073.638 136.5 1.01 -0.04
1145 1075.304 129.7 1.02 0.00
1146 1075.440 70.5 0.99 0.01
1147 1076.405 359.5 0.99 -0.00
1148 1076.742 254.9 0.99 -0.00
1149 1076.915 143.4 0.99 0.00
1150 1078.125 61.4 1.05 0.00
1151 1079.773 104.7 1.00 0.01
1152 1081.056 232.1 1.06 0.04
1153 1081.229 134.3 1.00 0.04
1154 1081.411 100.1 1.07 0.03
1155 1081.602 154.7 1.07 0.01
1156 1082.667 100.1 1.06 -0.00
1157 1083.332 138.8 1.01 -0.00
1158 1083.932 118.3 1.10 0.01
1159 1085.252 118.3 1.06 0.03
1160 1086.718 182.0 1.05 -0.02
1161 1089.285 159.3 1.09 0.01
1162 1089.512 177.5 1.06 0.01
1163 1090.814 145.6 1.06 -0.03
1164 1091.706 168.4 1.07 0.03
1165 1092.734 91.0 1.06 0.03
1166 1096.830 134.3 1.06 -0.01
1167 1098.387 100.1 1.10 0.05
1168 1098.978 136.5 1.08 0.03
1169 1100.289 95.6 1.08 0.02
1170 1101.017 161.6 1.07 -0.01
1171 1101.982 122.9 1.05 -0.01
1172 1103.566 145.6 1.10 -0.02
1173 1104.394 122.9 1.08 -0.02
1174 1105.095 70.5 1.05 -0.02
1175 1106.342 86.5 1.07 -0.01
1176 1107.025 136.5 1.04 -0.00
1177 1107.553 116.1 1.01 -0.02
1178 1107.680 54.6 1.05 -0.02
1179 1109.410 145.6 1.07 -0.06
1180 1110.274 209.4 1.07 -0.04
1181 1112.286 245.8 1.06 -0.07
1182 1112.641 107.0 1.04 -0.06
1183 1112.777 107.0 1.06 -0.05
1184 1113.269 132.0 1.07 -0.02
1185 1115.381 56.9 1.16 -0.09
1186 1116.582 91.0 1.11 -0.04
1187 1117.693 104.7 1.09 -0.02
1188 1118.475 118.3 1.08 0.05
1189 1118.976 86.5 1.10 0.07
1190 1120.624 143.4 1.08 0.06
1191 1122.517 145.6 1.14 0.02
1192 1122.945 209.4 1.12 0.02
1193 1123.655 120.6 1.15 0.04
1194 1124.374 136.5 1.12 0.04
1195 1124.983 109.2 1.09 0.06
1196 1125.493 150.2 1.15 0.02
1197 1126.604 72.8 1.19 -0.00
1198 1126.877 127.4 1.18 0.01
1199 1127.969 102.4 1.17 -0.02
1200 1128.160 59.2 1.17 -0.00
1201 1128.715 186.6 1.17 -0.04
1202 1129.525 150.2 1.20 -0.02
1203 1130.672 100.1 1.15 -0.05
1204 1130.927 79.6 1.14 -0.01
1205 1132.402 147.9 1.13 -0.06
1206 1132.547 86.5 1.17 -0.07
1207 1133.804 107.0 1.14 0.01
1208 1135.233 136.5 1.14 0.00
1209 1135.797 116.1 1.10 0.03
1210 1136.707 127.4 1.11 -0.00
1211 1139.465 118.3 1.10 -0.02
1212 1140.412 68.3 1.12 -0.01
1213 1141.950 84.2 1.17 -0.01
1214 1142.860 200.2 1.17 0.07
1215 1143.079 145.6 1.16 0.07
1216 1144.298 170.7 1.18 0.07
1217 1146.264 113.8 1.19 0.02
1218 1147.994 168.4 1.17 0.03
1219 1148.121 41.0 1.15 0.02
1220 1148.567 100.1 1.14 0.03
1221 1150.788 100.1 1.12 0.07
1222 1152.199 100.1 1.12 0.03
1223 1155.512 134.3 1.05 -0.07
1224 1157.460 104.7 1.09 -0.02
1225 1157.770 138.8 1.08 -0.01
1226 1158.398 54.6 1.08 0.00
1227 1158.507 63.7 1.07 0.00
1228 1161.365 86.5 1.07 0.05
1229 1162.293 168.4 1.08 0.02
1230 1163.185 75.1 1.04 0.04
1231 1164.023 116.1 1.05 0.05
1232 1164.951 104.7 1.09 0.04
1233 1166.126 118.3 1.04 -0.01
1234 1167.054 127.4 1.05 0.00
1235 1167.236 152.5 1.05 -0.00
1236 1168.064 172.9 1.08 0.03
1237 1168.456 100.1 1.08 0.01
1238 1168.902 120.6 1.09 0.00
1239 1169.066 152.5 1.09 0.03
1240 1169.812 163.8 1.05 -0.00
1241 1170.294 200.2 1.07 -0.02
1242 1170.467 47.8 1.11 -0.01
1243 1170.531 50.1 1.11 -0.00
1244 1171.414 118.3 1.12 0.00
1245 1171.805 100.1 1.08 0.05
1246 1172.588 157.0 1.11 0.05
1247 1172.697 143.4 1.10 0.05
1248 1173.061 163.8 1.09 0.05
1249 1175.719 216.2 1.07 0.05
1250 1175.865 22.8 1.05 0.02
1251 1176.475 254.9 1.05 0.05
1252 1177.876 234.4 1.08 0.02
1253 1178.150 177.5 1.06 0.03
1254 1184.130 136.5 1.07 -0.00
1255 1184.639 100.1 1.10 -0.02
1256 1185.022 163.8 1.07 -0.02
1257 1185.450 107.0 1.06 -0.02
1258 1186.150 179.8 1.04 0.01
1259 1187.561 325.4 1.11 -0.01
1260 1188.126 191.1 1.09 0.02
1261 1188.417 111.5 1.12 0.02
1262 1189.109 47.8 1.08 0.03
1263 1189.637 116.1 1.12 0.03
1264 1190.428 84.2 1.12 0.06
1265 1192.030 134.3 1.10 0.04
1266 1194.397 127.4 1.10 0.02
1267 1194.561 102.4 1.11 0.03
1268 1196.900 284.4 1.10 0.02
1269 1202.198 100.1 1.14 0.03
1270 1202.471 136.5 1.17 0.03
1271 1204.573 136.5 1.17 0.05
1272 1205.220 150.2 1.14 0.05
1273 1208.323 172.9 1.09 0.01
1274 1208.615 100.1 1.06 0.06
1275 1209.252 66.0 1.06 0.10
1276 1210.708 154.7 1.10 0.14
1277 1211.810 182.0 1.10 0.12
1278 1211.973 127.4 1.14 0.11
1279 1212.174 136.5 1.11 0.10
1280 1212.665 175.2 1.03 0.05
1281 1213.848 75.1 1.12 0.04
1282 1214.486 75.1 1.05 0.06
1283 1215.623 161.6 1.02 0.14
1284 1215.805 136.5 1.04 0.14
1285 1216.424 100.1 1.02 0.13
1286 1216.898 127.4 1.04 0.12
1287 1217.107 88.7 1.03 0.12
1288 1219.137 127.4 1.04 0.12
1289 1221.613 118.3 1.03 0.13
1290 1222.596 141.1 1.10 0.10
1291 1223.078 186.6 1.03 0.10
1292 1223.324 259.4 1.03 0.11
1293 1225.144 202.5 1.06 0.09
1294 1225.618 136.5 1.05 0.10
1295 1225.872 132.0 1.10 0.10
1296 1226.400 136.5 1.06 0.08
1297 1226.601 122.9 1.08 0.08
1298 1229.932 182.0 1.04 0.06
1299 1230.842 113.8 1.04 0.04
1300 1231.570 100.1 1.04 0.05
1301 1232.089 116.1 1.03 0.03
1302 1233.127 154.7 1.03 0.04
1303 1233.782 109.2 1.03 0.02
1304 1234.165 207.1 1.04 0.03
1305 1235.767 109.2 1.03 0.04
1306 1238.925 145.6 1.03 0.08
1307 1240.181 154.7 1.07 0.06
1308 1240.645 109.2 1.08 0.06
1309 1242.703 127.4 1.03 0.05
1310 1245.306 147.9 1.04 0.01
1311 1247.800 179.8 1.08 0.03
1312 1249.010 195.7 1.15 -0.08
1313 1250.421 75.1 1.10 -0.03
1314 1251.186 163.8 1.06 -0.04
1315 1251.604 118.3 1.04 -0.00
1316 1255.355 47.8 1.01 0.08
1317 1255.482 186.6 1.02 0.10
1318 1256.392 175.2 1.04 0.13
1319 1256.538 50.1 1.02 0.12
1320 1256.802 132.0 1.05 0.13
1321 1258.923 136.5 1.05 -0.01
1322 1259.341 159.3 1.04 0.01
1323 1261.699 154.7 1.06 0.03
1324 1262.154 264.0 1.05 0.03
1325 1262.937 118.3 1.06 0.02
1326 1263.820 166.1 1.07 -0.01
1327 1264.411 100.1 1.07 -0.05
1328 1265.403 109.2 1.08 -0.07
1329 1267.206 81.9 1.06 -0.05
1330 1268.353 264.0 1.06 -0.03
1331 1268.644 157.0 1.08 -0.01
1332 1270.182 182.0 1.02 -0.02
1333 1271.183 111.5 1.08 -0.02
1334 1273.159 163.8 1.04 -0.04
1335 1274.169 168.4 1.03 -0.03
1336 1274.815 56.9 1.09 0.04
1337 1275.643 100.1 1.10 0.04
1338 1276.180 84.2 1.09 0.03
1339 1276.754 95.6 1.08 0.00
1340 1278.483 188.9 1.09 -0.01
1341 1279.958 202.5 1.12 0.05
1342 1280.131 97.8 1.11 0.07
1343 1282.707 154.7 1.16 0.09
1344 1283.326 159.3 1.16 0.08
1345 1283.663 86.5 1.14 0.09
1346 1287.039 132.0 1.12 0.07
1347 1287.759 104.7 1.16 0.08
1348 1288.104 104.7 1.16 0.12
1349 1288.332 88.7 1.16 0.12
1350 1289.033 63.7 1.15 0.13
1351 1289.470 245.8 1.14 0.12
1352 1292.592 259.4 1.11 0.10
1353 1293.156 100.1 1.09 0.07
1354 1293.293 72.8 1.10 0.07
1355 1293.393 184.3 1.10 0.04
1356 1294.676 138.8 1.10 0.00
1357 1295.550 104.7 1.10 0.02
1358 1297.762 136.5 1.07 0.03
1359 1300.547 159.3 1.09 0.08
1360 1301.303 113.8 1.05 0.12
1361 1302.167 118.3 1.04 0.05
1362 1303.578 136.5 1.06 0.03
1363 1305.763 72.8 1.08 0.04
1364 1307.164 163.8 1.07 0.05
1365 1308.366 86.5 1.04 0.06
1366 1308.666 66.0 1.03 0.06
1367 1308.766 77.4 1.05 0.06
1368 1309.103 168.4 1.06 0.05
1369 1311.515 59.2 1.08 0.02
1370 1311.861 86.5 1.07 0.02
1371 1312.335 166.1 1.09 0.02
1372 1314.656 127.4 1.09 0.04
1373 1314.856 145.6 1.10 0.05
1374 1315.893 100.1 1.09 0.02
1375 1316.640 113.8 1.09 0.02
1376 1317.113 109.2 1.09 0.04
1377 1317.259 91.0 1.10 -0.02
1378 1317.441 79.6 1.05 0.03
1379 1318.606 182.0 1.08 0.05
1380 1319.025 211.6 1.09 0.06
1381 1320.508 50.1 1.03 0.08
1382 1321.601 163.8 1.06 0.06
1383 1321.910 111.5 1.03 0.06
1384 1322.529 113.8 1.04 0.05
1385 1322.993 118.3 1.02 0.05
1386 1323.448 118.3 1.06 0.03
1387 1325.187 223.0 1.09 0.04
1388 1325.414 136.5 1.01 0.08
1389 1326.579 95.6 1.05 0.01
1390 1330.503 136.5 1.00 0.09
1391 1331.276 100.1 1.11 0.11
1392 1331.731 100.1 1.10 0.14
1393 1332.241 100.1 1.10 0.17
1394 1334.262 200.2 1.03 0.04
1395 1335.199 141.1 1.06 0.07
1396 1335.827 91.0 1.05 0.08
1397 1335.982 127.4 1.05 0.08
1398 1336.437 145.6 1.06 0.07
1399 1338.176 118.3 1.03 0.11
1400 1338.549 152.5 1.04 0.10
1401 1339.960 118.3 1.07 0.09
1402 1340.297 268.5 1.02 0.09
1403 1343.928 172.9 0.98 -0.00
1404 1347.505 134.3 1.01 -0.00
1405 1347.615 95.6 0.99 0.01
1406 1347.952 104.7 1.01 0.03
1407 1348.425 88.7 1.04 0.04
1408 1349.918 109.2 0.98 0.09
1409 1350.800 186.6 0.97 0.03
1410 1351.119 111.5 1.05 0.04
1411 1351.283 100.1 1.05 0.03
1412 1356.353 91.0 1.06 0.07
1413 1357.509 186.6 1.09 0.07
1414 1358.519 52.3 1.08 0.09
1415 1358.638 134.3 1.07 0.08
1416 1360.503 100.1 1.06 0.06
1417 1361.095 172.9 1.08 0.09
1418 1363.744 182.0 1.03 0.02
1419 1365.628 145.6 0.95 0.01
1420 1366.211 66.0 1.04 0.02
1421 1368.104 79.6 1.06 0.03
1422 1368.222 88.7 1.06 0.01
1423 1368.404 118.3 1.05 0.02
1424 1369.232 245.8 1.06 -0.01
1425 1369.669 163.8 1.04 0.03
1426 1370.452 159.3 1.03 -0.01
1427 1372.291 109.2 1.04 0.01
1428 1373.119 118.3 1.09 -0.01
1429 1377.133 91.0 1.07 0.03
1430 1377.424 143.4 1.08 0.03
1431 1377.661 134.3 1.07 0.02
1432 1380.010 111.5 0.99 0.05
1433 1380.201 163.8 1.00 0.02
1434 1380.747 127.4 1.04 0.05
1435 1382.067 182.0 1.06 -0.01
1436 1382.376 127.4 1.04 0.05
1437 1382.522 77.4 1.05 0.05
1438 1382.922 254.9 1.05 0.01
1439 1383.332 154.7 1.03 0.00
1440 1386.399 86.5 1.08 0.01
1441 1387.364 91.0 1.10 0.05
1442 1388.074 209.4 1.08 0.04
1443 1389.804 59.2 1.08 -0.00
1444 1389.976 179.8 1.07 -0.02
1445 1392.298 145.6 1.08 -0.01
1446 1393.699 227.6 1.08 -0.01
1447 1394.528 109.2 1.10 -0.02
1448 1395.902 100.1 1.05 0.02
1449 1396.685 138.8 1.04 -0.01
1450 1397.750 122.9 1.07 0.00
1451 1398.906 59.2 1.01 0.00
1452 1399.352 154.7 1.00 0.01
1453 1401.800 113.8 1.00 0.04
1454 1402.246 136.5 1.02 0.05
1455 1402.410 95.6 1.04 0.05
1456 1402.638 97.8 1.01 0.05
1457 1403.056 323.1 0.99 0.02
1458 1404.485 127.4 1.05 0.00
1459 1406.461 136.5 1.02 0.02
1460 1407.207 63.7 1.05 -0.02
1461 1407.380 88.7 1.02 -0.01
1462 1408.545 118.3 1.05 -0.03
1463 1408.782 145.6 1.03 -0.03
1464 1409.501 88.7 1.04 -0.03
1465 1409.728 145.6 1.05 -0.02
1466 1410.811 118.3 1.10 0.03
1467 1411.858 109.2 1.12 0.04
1468 1412.350 136.5 1.10 0.02
1469 1413.351 163.8 1.07 0.04
1470 1414.325 191.1 1.05 0.04
1471 1414.552 177.5 1.07 0.04
1472 1415.745 143.4 1.05 0.04
1473 1416.373 227.6 1.05 0.03
1474 1416.892 136.5 1.04 0.02
1475 1417.119 111.5 1.01 0.01
1476 1417.210 31.9 1.06 0.01
1477 1417.401 109.2 1.01 0.01
1478 1419.650 109.2 1.01 0.02
1479 1419.841 68.3 1.05 -0.00
1480 1420.223 145.6 1.02 0.00
1481 1423.800 100.1 1.08 -0.00
1482 1426.222 100.1 1.04 0.04
1483 1426.640 154.7 1.02 0.05
1484 1427.651 86.5 1.04 0.01
1485 1428.524 150.2 1.04 0.06
1486 1430.044 118.3 1.06 0.00
1487 1431.455 63.7 1.08 0.00
1488 1431.555 81.9 1.07 0.00
1489 1433.085 154.7 1.07 -0.03
1490 1433.367 129.7 1.08 -0.01
1491 1433.576 120.6 1.06 -0.01
1492 1434.322 150.2 1.06 -0.00
1493 1434.850 145.6 1.03 -0.05
1494 1436.006 227.6 1.07 -0.03
1495 1436.207 159.3 1.05 -0.03
1496 1436.625 113.8 1.09 -0.02
1497 1439.711 52.3 1.07 -0.05
1498 1444.617 136.5 1.07 -0.00
1499 1445.518 91.0 1.02 0.05
1500 1446.219 79.6 1.07 0.05
1501 1446.610 93.3 1.08 0.08
1502 1446.793 43.2 1.06 0.07
1503 1449.723 118.3 1.07 0.10
1504 1452.472 218.5 1.07 0.06
1505 1452.745 104.7 1.08 0.06
1506 1453.191 100.1 1.08 0.09
1507 1453.874 138.8 1.04 0.04
1508 1455.576 188.9 1.02 0.08
1509 1457.479 86.5 1.02 0.08
1510 1459.299 113.8 1.04 0.09
1511 1459.645 95.6 1.07 0.07
1512 1460.173 93.3 1.05 0.08
1513 1461.411 159.3 1.06 0.08
1514 1462.048 59.2 1.07 0.08
1515 1462.130 56.9 1.04 0.08
1516 1462.867 61.4 1.03 0.05
1517 1463.013 77.4 1.05 0.05
1518 1464.041 138.8 1.04 0.02
1519 1464.251 132.0 1.06 0.01
1520 1465.024 118.3 1.05 0.00
1521 1465.152 56.9 1.03 -0.01
1522 1465.516 95.6 1.04 -0.01
1523 1467.154 163.8 1.04 0.01
1524 1467.800 100.1 1.05 0.02
1525 1468.337 136.5 1.06 0.01
1526 1469.484 118.3 1.02 0.01
1527 1469.757 145.6 1.03 0.02
1528 1471.014 127.4 1.05 -0.00
1529 1471.186 113.8 1.04 0.00
1530 1471.469 113.8 1.05 -0.01
1531 1471.796 104.7 1.05 -0.02
1532 1472.861 172.9 1.06 -0.02
1533 1475.219 111.5 1.05 0.01
1534 1475.883 47.8 1.03 0.02
1535 1477.531 120.6 1.04 0.01
1536 1477.986 118.3 1.05 0.01
1537 1478.359 75.1 1.02 0.00
1538 1478.796 150.2 1.05 -0.00
1539 1479.360 38.7 1.06 -0.01
1540 1479.715 100.1 1.04 -0.03
1541 1480.389 122.9 1.03 0.03
1542 1481.572 118.3 1.00 -0.01
1543 1481.754 200.2 0.99 0.01
1544 1482.874 182.0 1.01 0.00
1545 1484.567 136.5 0.98 0.01
1546 1485.304 200.2 0.97 0.02
1547 1486.032 193.4 0.96 0.02
1548 1488.654 166.1 1.01 -0.02
1549 1488.881 213.9 0.99 0.00
1550 1491.211 182.0 0.97 0.03
1551 1492.531 129.7 1.00 0.03
1552 1494.643 127.4 1.05 0.02
1553 1495.671 118.3 1.07 0.01
1554 1496.108 141.1 1.08 0.03
1555 1496.454 147.9 1.11 0.04
1556 1497.182 122.9 1.11 0.07
1557 1497.692 129.7 1.05 0.11
1558 1498.084 143.4 1.05 0.08
1559 1498.602 127.4 1.09 0.05
1560 1499.094 118.3 1.07 0.05
1561 1499.504 81.9 1.05 0.04
1562 1500.441 154.7 1.08 0.03
1563 1501.743 154.7 1.06 0.03
1564 1501.988 86.5 1.07 0.06
1565 1503.454 118.3 1.05 0.05
1566 1503.700 154.7 1.05 0.05
1567 1503.973 154.7 1.04 0.06
1568 1504.410 218.5 1.04 0.09
1569 1504.819 77.4 1.02 0.08
1570 1505.029 127.4 1.00 0.06
1571 1505.666 70.5 0.98 0.11
1572 1506.057 68.3 1.06 0.02
1573 1506.694 243.5 1.07 0.00
1574 1509.106 163.8 1.08 0.02
1575 1510.299 127.4 1.09 0.04
1576 1510.699 266.2 1.08 0.04
1577 1511.009 168.4 1.09 0.05
1578 1511.218 145.6 1.10 0.05
1579 1511.828 218.5 1.06 0.03
1580 1512.310 113.8 1.07 0.04
1581 1512.702 68.3 1.05 0.07
1582 1512.838 118.3 1.06 0.05
1583 1513.712 122.9 1.08 0.05
1584 1514.367 207.1 1.07 0.07
1585 1516.033 109.2 1.08 0.06
1586 1516.188 104.7 1.07 0.04
1587 1516.334 127.4 1.08 0.04
1588 1517.144 109.2 1.06 0.03
1589 1517.608 79.6 1.02 0.02
1590 1517.799 111.5 1.04 0.02
1591 1517.926 34.1 1.00 0.04
1592 1519.929 138.8 1.04 0.06
1593 1520.967 145.6 1.03 0.09
1594 1521.394 163.8 1.02 0.07
1595 1527.247 152.5 0.97 0.14
1596 1527.629 86.5 1.01 0.13
1597 1529.013 154.7 0.98 0.12
1598 1529.805 86.5 1.04 0.15
1599 1530.260 157.0 1.00 0.15
1600 1530.815 91.0 1.01 0.08
1601 1531.416 127.4 1.04 0.08
1602 1532.008 91.0 1.03 0.06
1603 1532.991 273.1 1.01 0.05
1604 1533.746 127.4 1.01 0.05
1605 1534.966 172.9 1.01 0.06
1606 1537.269 182.0 1.03 0.04
1607 1537.514 161.6 1.05 0.04
1608 1538.998 100.1 1.02 0.05
1609 1539.189 109.2 1.04 0.05
1610 1539.708 127.4 1.07 0.05
1611 1540.109 77.4 1.01 0.07
1612 1540.209 54.6 0.97 0.07
1613 1541.729 223.0 0.97 0.03
1614 1542.020 118.3 1.03 0.02
1615 1543.722 104.7 0.99 0.04
1616 1543.840 120.6 1.00 0.03
1617 1546.535 136.5 0.99 0.14
1618 1550.640 136.5 0.98 0.11
1619 1550.858 118.3 0.97 0.11
1620 1551.614 188.9 0.98 0.11
1621 1552.214 127.4 0.98 0.07
1622 1552.488 56.9 0.99 0.01
1623 1554.235 200.2 1.04 0.06
1624 1554.517 118.3 1.00 0.04
1625 1556.829 109.2 1.06 0.14
1626 1558.987 113.8 0.99 0.05
1627 1559.396 186.6 0.98 0.05
1628 1560.998 81.9 1.02 0.11
1629 1561.144 145.6 0.98 0.10
1630 1561.954 145.6 1.03 0.08
1631 1565.913 111.5 0.99 0.11
1632 1567.370 154.7 1.04 0.06
1633 1567.597 118.3 1.03 0.06
1634 1568.061 168.4 1.05 0.09
1635 1569.481 188.9 1.00 0.08
1636 1570.792 302.6 1.07 0.09
1637 1571.930 127.4 1.08 0.07
1638 1572.494 170.7 1.10 0.06
1639 1572.749 75.1 1.06 0.06
1640 1573.532 81.9 1.10 0.07
1641 1573.860 136.5 1.15 0.04
1642 1574.114 118.3 1.10 0.03
1643 1578.283 259.4 1.13 0.08
1644 1579.257 113.8 1.13 0.04
1645 1581.087 136.5 1.13 0.01
1646 1581.241 132.0 1.12 0.00
1647 1581.478 100.1 1.12 -0.01
1648 1581.642 136.5 1.12 0.04
1649 1582.388 127.4 1.07 0.06
1650 1583.253 159.3 1.05 0.06
1651 1584.882 59.2 1.06 0.12
1652 1585.055 177.5 1.05 0.15
1653 1585.483 172.9 1.04 0.06
1654 1586.694 145.6 1.06 0.02
1655 1587.740 259.4 1.06 -0.00
1656 1588.460 136.5 1.00 -0.01
1657 1588.696 145.6 1.02 -0.00
1658 1590.080 118.3 1.02 -0.02
1659 1591.427 47.8 1.00 -0.07
1660 1592.801 102.4 1.04 -0.06
1661 1592.938 125.2 1.03 -0.06
1662 1593.457 232.1 1.04 -0.03
1663 1594.303 172.9 1.05 -0.05
1664 1594.840 79.6 1.08 -0.03
1665 1594.949 100.1 1.08 -0.04
1666 1595.423 95.6 1.04 -0.09
1667 1596.670 159.3 1.05 -0.06
1668 1598.963 145.6 1.01 0.04
1669 1599.883 172.9 1.02 0.02
1670 1600.119 127.4 1.02 0.02
1671 1600.656 61.4 1.03 0.02
1672 1601.139 191.1 1.03 0.02
1673 1604.698 109.2 1.09 -0.04
1674 1606.127 195.7 1.12 -0.08
1675 1606.964 134.3 1.06 -0.01
1676 1607.256 172.9 1.05 0.02
1677 1608.057 118.3 1.05 0.03
1678 1608.293 132.0 1.03 0.03
1679 1608.494 107.0 1.03 0.03
1680 1608.739 136.5 1.04 0.04
1681 1609.458 220.7 1.04 0.03
1682 1610.405 116.1 1.05 -0.00
1683 1610.514 81.9 1.03 -0.00
1684 1612.080 113.8 1.08 -0.01
1685 1612.608 182.0 1.06 0.00
1686 1612.781 95.6 1.07 0.05
1687 1613.436 273.1 1.02 0.05
1688 1615.175 127.4 1.01 0.09
1689 1615.366 136.5 1.01 0.07
1690 1615.957 145.6 1.03 0.07
1691 1616.394 54.6 1.04 0.06
1692 1617.195 34.1 1.03 0.03
1693 1618.178 163.8 1.07 -0.00
1694 1618.415 163.8 1.07 -0.00
1695 1623.012 100.1 1.08 0.00
1696 1623.467 172.9 1.08 -0.02
1697 1626.134 136.5 1.05 0.00
1698 1629.638 43.2 1.06 0.01
1699 1632.569 154.7 1.07 0.06
1700 1633.124 163.8 1.09 0.01
1701 1633.388 56.9 1.10 0.02
1702 1634.080 79.6 1.12 0.01
1703 1634.371 66.0 1.08 0.01
1704 1634.890 154.7 1.09 0.04
1705 1635.773 136.5 1.13 0.06
1706 1637.348 97.8 1.13 0.07
1707 1638.039 147.9 1.13 0.08
1708 1640.005 84.2 1.10 0.09
1709 1640.342 95.6 1.14 0.07
1710 1641.343 91.0 1.13 0.06
1711 1642.172 104.7 1.12 0.08
1712 1643.701 127.4 1.15 0.08
1713 1646.031 177.5 1.12 0.10
1714 1647.060 172.9 1.11 0.06
1715 1647.879 91.0 1.10 0.08
1716 1648.452 109.2 1.08 0.06
1717 1649.080 172.9 1.08 0.07
1718 1649.435 132.0 1.11 0.08
1719 1649.608 132.0 1.11 0.05
1720 1650.173 172.9 1.10 0.05
1721 1652.102 70.5 1.07 0.07
1722 1654.196 141.1 1.11 0.04
1723 1655.889 161.6 1.10 0.02
1724 1656.107 138.8 1.10 0.01
1725 1656.371 100.1 1.09 0.02
1726 1656.781 81.9 1.12 0.03
1727 1656.899 68.3 1.10 0.03
1728 1657.263 102.4 1.08 0.05
1729 1657.891 100.1 1.09 0.01
1730 1659.484 127.4 1.11 0.01
1731 1660.804 109.2 1.10 0.01
1732 1662.470 154.7 1.06 -0.01
1733 1663.981 245.8 1.07 0.01
1734 1664.236 182.0 1.06 0.01
1735 1664.636 136.5 1.06 -0.02
1736 1665.137 182.0 1.08 -0.01
1737 1665.501 118.3 1.09 -0.01
1738 1665.938 127.4 1.08 0.03
1739 1668.750 172.9 1.08 0.02
1740 1671.044 191.1 1.07 0.03
1741 1674.230 163.8 1.07 0.04
1742 1674.594 104.7 1.07 0.04
1743 1675.295 77.4 1.07 0.03
1744 1675.977 109.2 1.09 0.04
1745 1676.132 84.2 1.09 0.03
1746 1676.332 127.4 1.09 0.04
1747 1677.507 84.2 1.08 0.01
1748 1678.317 172.9 1.09 0.04
1749 1679.373 54.6 1.13 0.03
1750 1681.566 154.7 1.12 -0.00
1751 1682.158 136.5 1.11 -0.01
1752 1682.822 125.2 1.10 0.02
1753 1683.123 132.0 1.09 0.00
1754 1686.099 129.7 1.05 0.02
1755 1686.299 213.9 1.07 0.00
1756 1688.138 118.3 1.09 0.03
1757 1689.640 227.6 1.03 0.03
1758 1690.168 122.9 1.06 0.03
1759 1693.481 200.2 1.09 0.03
1760 1695.474 127.4 1.16 0.03
1761 1695.893 138.8 1.12 0.01
1762 1697.286 68.3 1.13 0.01
1763 1697.495 154.7 1.14 0.04
1764 1698.059 154.7 1.12 0.04
1765 1698.451 122.9 1.11 0.04
1766 1698.596 77.4 1.11 0.03
1767 1699.725 163.8 1.05 0.05
1768 1701.555 136.5 1.07 0.07
1769 1701.718 118.3 1.07 0.07
1770 1702.228 118.3 1.06 0.06
1771 1703.111 172.9 1.08 0.07
1772 1703.375 163.8 1.08 0.07
1773 1704.076 109.2 1.04 0.07
1774 1704.622 182.0 1.05 0.08
1775 1705.441 118.3 1.07 0.07
1776 1705.760 132.0 1.05 0.07
1777 1707.917 172.9 1.09 0.07
1778 1708.263 120.6 1.09 0.08
1779 1708.937 170.7 1.08 0.06
1780 1709.091 122.9 1.07 0.07
1781 1710.766 81.9 1.09 0.04
1782 1712.942 116.1 1.09 0.05
1783 1713.187 127.4 1.09 0.05
1784 1713.925 52.3 1.11 0.07
1785 1715.335 145.6 1.08 0.03
1786 1716.000 163.8 1.07 0.07
1787 1716.409 41.0 1.04 0.08
1788 1717.383 118.3 1.09 0.03
1789 1719.158 254.9 1.09 0.02
1790 1721.889 159.3 1.04 0.04
1791 1722.462 107.0 1.08 0.02
1792 1724.510 120.6 1.09 0.00
1793 1725.976 111.5 1.08 0.02
1794 1726.349 209.4 1.06 -0.02
1795 1726.804 172.9 1.05 -0.01
1796 1726.977 125.2 1.09 -0.01
1797 1727.569 170.7 1.06 0.01
1798 1727.960 163.8 1.05 -0.01
1799 1730.026 136.5 1.08 -0.06
1800 1730.800 77.4 1.07 -0.08
1801 1732.375 109.2 1.08 -0.04
1802 1732.775 116.1 1.09 0.00
1803 1733.158 91.0 1.09 0.01
1804 1736.999 86.5 1.06 0.02
1805 1738.510 248.0 1.08 -0.03
1806 1738.828 193.4 1.07 -0.03
1807 1739.866 163.8 1.08 -0.02
1808 1741.149 138.8 1.04 0.01
1809 1741.350 141.1 1.06 0.00
1810 1741.522 136.5 1.05 -0.00
1811 1742.278 141.1 1.07 0.02
1812 1742.633 154.7 1.09 0.03
1813 1743.170 72.8 1.04 0.04
1814 1743.370 102.4 1.09 0.01
1815 1743.680 93.3 1.05 0.02
1816 1744.089 145.6 1.06 0.02
1817 1747.038 136.5 1.06 0.06
1818 1748.695 152.5 1.05 0.02
1819 1750.297 127.4 1.08 0.04
1820 1751.098 100.1 1.06 0.02
1821 1751.945 68.3 1.08 0.03
1822 1752.664 127.4 1.09 0.03
1823 1753.064 227.6 1.10 0.04
1824 1753.628 116.1 1.10 0.03
1825 1753.792 68.3 1.06 0.02
1826 1754.184 100.1 1.08 0.03
1827 1754.338 118.3 1.07 0.02
1828 1754.566 97.8 1.08 0.00
1829 1758.480 132.0 1.08 0.00
1830 1759.863 97.8 1.06 -0.04
1831 1760.646 93.3 1.06 -0.04
1832 1760.801 109.2 1.09 -0.04
1833 1760.947 113.8 1.08 -0.05
1834 1761.038 52.3 1.04 -0.04
1835 1761.921 136.5 1.07 0.00
1836 1762.503 154.7 1.08 0.02
1837 1764.415 163.8 1.06 0.02
1838 1766.144 182.0 1.04 0.05
1839 1766.626 154.7 1.05 0.03
1840 1766.918 218.5 1.05 0.02
1841 1767.582 298.1 1.06 0.06
1842 1768.192 95.6 1.08 0.05
1843 1768.374 163.8 1.05 0.05
1844 1771.669 118.3 1.07 0.03
1845 1772.880 91.0 1.13 0.02
1846 1773.417 179.8 1.12 0.01
1847 1776.411 218.5 1.09 0.01
1848 1776.912 177.5 1.05 0.00
1849 1778.441 118.3 1.10 0.01
1850 1778.641 182.0 1.06 0.00
1851 1779.661 118.3 1.07 0.02
1852 1780.216 154.7 1.09 0.03
1853 1780.635 100.1 1.07 0.02
1854 1782.655 104.7 1.06 0.07
1855 1786.260 172.9 1.10 0.06
1856 1786.633 52.3 1.07 0.02
1857 1787.252 125.2 1.09 0.02
1858 1787.680 116.1 1.09 0.02
1859 1789.400 91.0 1.06 -0.03
1860 1790.811 127.4 1.07 -0.01
1861 1791.248 145.6 1.07 -0.02
1862 1791.485 132.0 1.07 -0.02
1863 1791.821 154.7 1.05 -0.01
1864 1792.267 172.9 1.04 -0.01
1865 1792.622 52.3 1.07 -0.02
1866 1793.096 227.6 1.05 -0.01
1867 1794.825 273.1 1.00 -0.05
1868 1795.107 113.8 0.99 -0.04
1869 1795.599 145.6 0.97 -0.06
1870 1796.646 232.1 0.94 0.04
1871 1799.731 227.6 1.05 0.13
1872 1803.345 127.4 1.05 -0.00
1873 1803.927 100.1 1.07 -0.01
1874 1804.464 118.3 1.03 0.05
1875 1805.056 200.2 1.04 0.01
1876 1805.730 143.4 1.05 -0.03
1877 1806.085 138.8 1.05 -0.04
1878 1806.612 282.2 1.08 -0.09
1879 1807.423 145.6 1.08 -0.07
1880 1809.134 136.5 1.00 -0.05
1881 1809.334 109.2 1.11 -0.06
1882 1811.955 136.5 1.08 -0.04
1883 1812.210 88.7 1.02 -0.05
1884 1815.232 129.7 1.07 -0.00
1885 1815.678 100.1 1.03 0.00
1886 1816.206 122.9 1.07 0.01
1887 1816.862 172.9 1.06 -0.01
1888 1818.555 170.7 1.06 -0.04
1889 1818.992 113.8 1.05 -0.03
1890 1819.283 75.1 1.07 -0.00
1891 1819.674 109.2 1.04 -0.02
1892 1820.293 61.4 1.10 0.01
1893 1821.968 122.9 1.01 0.11
1894 1823.206 97.8 1.06 0.06
1895 1823.534 195.7 1.04 0.08
1896 1824.325 195.7 1.04 0.10
1897 1824.635 100.1 1.06 0.09
1898 1825.299 118.3 1.07 0.11
1899 1827.156 47.8 1.06 0.06
1900 1828.767 166.1 1.06 0.06
1901 1828.904 104.7 1.04 0.06
1902 1829.614 200.2 1.03 0.06
1903 1830.023 245.8 1.03 0.08
1904 1832.891 136.5 1.02 0.06
1905 1833.045 127.4 1.06 0.11
1906 1833.246 168.4 1.03 0.06
1907 1834.256 136.5 0.98 0.10
1908 1834.875 172.9 0.97 0.08
1909 1836.095 109.2 1.01 0.07
1910 1836.340 102.4 1.02 0.10
1911 1836.513 154.7 1.02 0.10
1912 1839.572 66.0 1.07 0.17
1913 1841.110 234.4 1.04 0.14
1914 1844.632 66.0 1.03 0.07
1915 1844.705 41.0 1.04 0.07
1916 1845.879 100.1 1.01 0.11
1917 1846.826 100.1 1.02 0.10
1918 1846.963 109.2 1.01 0.10
1919 1848.355 111.5 1.00 0.05
1920 1849.147 125.2 1.01 0.00
1921 1849.793 118.3 1.12 -0.00
1922 1850.385 125.2 1.13 0.01
1923 1851.696 81.9 1.13 0.04
1924 1851.932 118.3 1.10 0.03
1925 1852.069 104.7 1.13 0.03
1926 1852.306 150.2 1.15 0.01
1927 1854.417 318.6 1.09 0.09
1928 1854.945 166.1 1.08 0.07
1929 1855.118 104.7 1.05 0.07
1930 1856.666 61.4 1.08 0.07
1931 1857.248 145.6 1.05 0.08
1932 1857.740 159.3 1.06 0.08
1933 1858.122 107.0 1.00 0.10
1934 1859.542 109.2 1.11 0.05
1935 1860.061 127.4 1.07 0.03
1936 1860.707 118.3 1.07 0.04
1937 1860.898 132.0 1.05 0.04
1938 1864.348 93.3 1.06 0.06
1939 1865.622 136.5 1.07 0.05
1940 1865.959 150.2 1.03 0.07
1941 1868.353 125.2 1.00 0.09
1942 1868.781 118.3 1.05 0.02
1943 1871.557 136.5 1.01 0.09
1944 1872.467 118.3 1.03 0.14
1945 1873.623 145.6 1.01 0.08
1946 1874.087 168.4 1.03 0.11
1947 1874.952 118.3 0.98 0.10
1948 1875.225 145.6 0.96 0.08
1949 1877.246 232.1 0.96 0.09
1950 1878.893 182.0 0.97 0.18
1951 1879.740 141.1 1.02 0.19
1952 1880.495 91.0 0.96 0.18
1953 1881.669 95.6 1.03 0.24
1954 1882.543 100.1 1.05 0.18
1955 1882.807 77.4 1.03 0.21
1956 1883.863 191.1 1.02 0.19
1957 1885.247 68.3 1.02 0.17
1958 1887.313 136.5 1.04 0.15
1959 1888.824 91.0 0.98 0.19
1960 1891.645 179.8 0.95 -0.02
1961 1891.982 100.1 0.96 -0.02
1962 1892.319 132.0 1.04 -0.03
1963 1893.193 116.1 1.04 -0.03
1964 1894.622 159.3 1.01 0.02
1965 1897.389 52.3 1.07 -0.04
1966 1897.826 163.8 1.01 -0.00
1967 1899.391 166.1 1.08 -0.05
1968 1900.365 118.3 1.04 -0.07
1969 1901.476 125.2 1.05 -0.06
1970 1901.685 122.9 1.02 -0.06
1971 1904.279 213.9 1.03 -0.05
1972 1904.753 79.6 1.06 -0.06
1973 1907.684 77.4 1.02 0.05
1974 1908.357 72.8 1.04 -0.02
1975 1909.240 191.1 1.03 -0.03
1976 1910.687 154.7 1.02 -0.07
1977 1910.915 209.4 1.03 -0.07
1978 1912.135 213.9 1.03 -0.06
1979 1912.480 127.4 1.01 -0.06
1980 1913.382 136.5 1.00 -0.06
1981 1913.691 91.0 1.04 -0.01
1982 1914.538 77.4 1.04 -0.07
1983 1915.238 118.3 1.01 -0.02
1984 1915.994 141.1 1.01 -0.04
1985 1917.869 154.7 1.00 -0.05
1986 1918.533 93.3 1.04 -0.05
1987 1920.044 200.2 1.05 -0.07
1988 1920.317 182.0 1.03 -0.08
1989 1920.982 172.9 1.07 -0.06
1990 1921.246 127.4 1.08 -0.03
1991 1922.293 275.3 1.06 -0.04
1992 1923.685 102.4 1.07 -0.04
1993 1924.641 163.8 1.06 -0.04
1994 1925.660 157.0 1.07 -0.04
1995 1926.625 107.0 1.04 -0.02
1996 1926.807 141.1 1.05 -0.02
1997 1927.071 102.4 1.05 -0.02
1998 1927.836 236.7 1.07 -0.02
1999 1931.586 63.7 1.05 0.01
2000 1932.214 118.3 1.01 0.01
