1 0.641 184.3 1.06 0.01
2 0.996 145.6 1.04 0.05
3 1.168 54.6 0.97 0.07
4 1.660 47.8 1.03 0.00
5 1.988 118.3 1.04 0.04
6 2.625 172.9 1.04 0.03
7 3.253 154.7 1.02 0.03
8 3.462 200.2 1.02 0.03
9 3.917 72.8 1.02 0.03
10 5.701 184.3 1.00 0.00
11 5.883 127.4 1.00 0.02
12 6.967 145.6 1.00 0.01
13 7.740 282.2 1.10 -0.00
14 8.951 170.7 1.00 -0.01
15 9.843 127.4 1.07 0.09
16 10.626 213.9 0.99 0.06
17 12.173 109.2 1.00 -0.01
18 15.650 88.7 1.06 0.08
19 16.597 195.7 1.05 0.11
20 17.662 100.1 1.00 0.10
21 18.126 147.9 1.05 0.08
22 18.809 100.1 1.03 0.10
23 20.138 245.8 1.02 0.08
24 22.049 147.9 0.98 0.09
25 22.768 109.2 0.98 -0.04
26 23.196 118.3 0.99 0.08
27 23.387 132.0 0.99 0.05
28 24.042 209.4 1.00 -0.04
29 27.802 163.8 0.94 -0.05
30 28.293 54.6 0.96 -0.05
31 28.348 43.2 0.94 -0.05
32 28.548 145.6 0.99 -0.09
33 29.240 152.5 1.04 -0.04
34 30.569 127.4 0.96 -0.04
35 31.006 188.9 1.09 -0.02
36 33.490 145.6 1.09 -0.01
37 33.745 170.7 1.05 -0.01
38 35.320 159.3 1.06 -0.02
39 37.013 118.3 1.08 0.01
40 37.696 195.7 1.09 -0.02
41 37.996 84.2 1.11 -0.02
42 38.506 54.6 1.02 -0.00
43 39.707 166.1 1.05 -0.04
44 40.290 91.0 1.00 -0.06
45 43.357 136.5 1.00 -0.04
46 43.585 172.9 0.97 -0.08
47 43.949 104.7 0.96 -0.03
48 44.113 150.2 0.98 -0.01
49 44.604 191.1 0.96 0.01
50 45.214 100.1 0.96 0.01
51 45.970 254.9 0.94 0.01
52 47.235 118.3 0.92 0.04
53 47.972 209.4 0.98 0.07
54 48.445 163.8 1.00 0.04
55 48.937 182.0 1.03 0.00
56 50.093 91.0 1.00 -0.01
57 50.384 127.4 0.99 -0.03
58 52.368 102.4 1.04 0.04
59 52.805 118.3 1.03 0.12
60 53.506 95.6 1.01 0.05
61 54.553 243.5 0.97 0.07
62 54.762 109.2 0.95 0.08
63 55.500 170.7 0.97 0.05
64 56.346 282.2 1.00 0.08
65 57.302 218.5 0.98 0.03
66 57.630 193.4 1.00 0.03
67 59.259 84.2 0.98 0.01
68 59.496 116.1 0.98 0.01
69 59.769 127.4 0.96 0.00
70 63.009 200.2 1.06 -0.05
71 63.300 175.2 1.04 -0.05
72 63.755 132.0 1.10 -0.01
73 64.429 93.3 1.04 -0.04
74 64.893 75.1 1.05 -0.01
75 67.897 154.7 1.04 0.02
76 68.197 154.7 1.03 0.02
77 68.489 177.5 1.06 0.02
78 68.907 127.4 1.04 0.00
79 70.764 118.3 1.01 0.06
80 73.659 118.3 1.02 0.02
81 74.350 209.4 1.00 0.06
82 78.583 100.1 0.99 0.02
83 78.665 31.9 1.00 0.01
84 78.892 232.1 0.99 0.01
85 82.515 193.4 1.04 0.00
86 82.870 170.7 1.05 0.00
87 83.607 75.1 1.05 0.03
88 85.091 275.3 1.01 -0.01
89 85.391 102.4 1.02 -0.03
90 86.930 145.6 0.97 0.04
91 87.685 216.2 0.98 -0.00
92 89.506 141.1 0.98 -0.01
93 89.797 145.6 0.97 0.00
94 90.352 109.2 0.95 0.02
95 92.273 182.0 1.02 0.07
96 92.591 200.2 1.04 0.07
97 92.910 136.5 1.03 0.01
98 93.247 118.3 1.00 0.08
99 93.565 241.2 1.01 0.06
100 94.530 127.4 0.99 0.11
101 94.858 127.4 1.02 0.04
102 95.167 198.0 0.98 0.06
103 95.786 125.2 0.98 0.06
104 97.634 204.8 1.02 0.09
105 97.807 31.9 0.95 0.05
106 98.089 104.7 1.03 0.07
107 98.617 132.0 1.04 0.06
108 98.835 145.6 1.04 0.09
109 99.527 132.0 1.02 0.07
110 99.782 166.1 1.03 0.07
111 101.120 172.9 1.02 0.03
112 103.168 143.4 1.07 0.05
113 104.752 95.6 1.02 0.03
114 104.970 95.6 1.10 0.03
115 105.216 104.7 0.93 -0.02
116 106.399 172.9 1.04 0.08
117 106.782 91.0 1.05 0.09
118 107.027 141.1 1.04 0.09
119 108.866 100.1 0.94 0.07
120 109.048 141.1 1.05 0.07
121 110.441 122.9 1.04 0.07
122 111.060 104.7 1.05 0.04
123 111.314 111.5 1.03 0.02
124 112.316 102.4 1.03 0.06
125 112.671 56.9 1.07 0.07
126 115.620 109.2 1.05 0.10
127 116.739 127.4 1.06 0.10
128 118.278 109.2 1.03 0.07
129 119.470 50.1 1.01 0.10
130 119.943 118.3 1.01 0.08
131 120.271 127.4 0.99 0.08
132 120.863 168.4 1.00 0.10
133 121.227 282.2 1.02 0.11
134 121.482 127.4 1.03 0.09
135 124.121 141.1 1.05 -0.00
136 124.413 125.2 1.09 0.02
137 125.541 127.4 1.06 0.06
138 127.234 100.1 1.07 0.08
139 128.381 95.6 1.03 0.10
140 128.663 134.3 1.01 0.05
141 128.800 113.8 1.03 0.10
142 129.564 154.7 1.03 0.02
143 130.029 191.1 1.04 0.01
144 130.675 127.4 1.00 0.06
145 130.893 100.1 1.03 0.17
146 131.239 138.8 0.95 0.01
147 131.549 207.1 0.91 0.15
148 132.204 182.0 0.94 0.10
149 133.005 132.0 1.02 0.15
150 133.242 159.3 1.02 0.16
151 133.460 175.2 0.98 0.15
152 135.299 200.2 0.98 0.05
153 135.654 127.4 0.98 0.07
154 136.509 177.5 0.96 0.09
155 136.837 157.0 0.98 0.05
156 137.101 118.3 1.03 0.04
157 139.076 207.1 1.00 0.07
158 139.823 132.0 0.94 0.11
159 140.014 157.0 0.92 0.14
160 140.496 109.2 0.89 0.10
161 141.943 120.6 0.96 0.12
162 142.198 91.0 0.88 0.13
163 142.508 134.3 0.94 0.13
164 143.473 102.4 0.95 0.10
165 145.193 157.0 0.97 0.04
166 147.250 161.6 1.00 0.07
167 150.044 254.9 1.01 0.06
168 150.327 179.8 1.02 0.06
169 150.536 136.5 1.01 0.02
170 151.091 122.9 1.02 -0.00
171 151.373 373.2 1.03 0.02
172 152.984 43.2 1.02 0.06
173 153.886 145.6 1.06 0.10
174 155.551 159.3 1.02 0.12
175 156.452 218.5 0.98 0.16
176 157.108 141.1 1.05 0.17
177 157.281 109.2 0.98 0.10
178 157.918 191.1 1.03 0.11
179 159.056 273.1 1.13 0.03
180 161.204 127.4 1.13 0.10
181 161.413 145.6 1.13 0.10
182 161.859 79.6 1.10 0.02
183 163.070 127.4 1.10 0.11
184 163.270 118.3 1.13 0.08
185 163.825 109.2 1.10 0.04
186 164.262 122.9 1.09 0.11
187 165.318 209.4 1.07 0.12
188 165.891 172.9 1.13 0.09
189 166.301 107.0 1.15 0.11
190 168.804 91.0 1.14 0.05
191 169.223 150.2 1.15 0.09
192 169.560 122.9 1.09 0.10
193 170.015 77.4 1.12 0.09
194 170.415 136.5 1.12 0.07
195 170.570 88.7 1.09 0.07
196 170.679 61.4 1.13 0.09
197 170.788 84.2 1.12 0.08
198 171.244 186.6 1.15 0.08
199 171.826 216.2 1.13 0.07
200 172.254 127.4 1.13 0.07
201 173.383 129.7 1.14 0.06
202 173.601 138.8 1.15 0.06
203 174.284 50.1 1.10 0.08
204 175.640 34.1 1.12 0.04
205 176.031 227.6 1.16 0.05
206 176.377 118.3 1.12 0.03
207 179.235 168.4 1.11 0.08
208 180.646 163.8 1.05 0.10
209 180.956 109.2 1.08 0.01
210 181.575 209.4 1.07 0.09
211 182.221 127.4 1.02 0.09
212 183.768 91.0 1.05 -0.02
213 186.353 118.3 1.03 0.06
214 186.808 209.4 1.01 0.07
215 187.719 132.0 1.03 0.03
216 189.111 109.2 0.99 -0.03
217 189.912 100.1 1.11 0.01
218 193.544 227.6 1.06 -0.01
219 194.127 213.9 1.04 -0.03
220 194.472 68.3 1.04 -0.01
221 194.755 127.4 1.05 -0.06
222 195.210 59.2 1.05 -0.03
223 195.437 254.9 1.02 -0.03
224 195.792 159.3 0.98 -0.00
225 196.093 127.4 0.99 -0.03
226 196.238 109.2 1.02 -0.07
227 196.584 284.4 1.01 -0.06
228 197.148 104.7 1.02 -0.05
229 198.004 186.6 1.00 -0.08
230 198.942 68.3 1.00 -0.07
231 199.069 97.8 0.97 -0.06
232 199.315 168.4 1.00 -0.06
233 199.551 141.1 0.98 -0.04
234 200.261 100.1 1.00 -0.06
235 202.337 120.6 1.03 -0.06
236 202.519 177.5 1.02 -0.06
237 203.292 50.1 1.00 -0.03
238 203.720 154.7 1.00 -0.06
239 203.884 66.0 1.03 -0.04
240 204.039 225.3 0.99 -0.04
241 205.076 163.8 0.98 -0.03
242 205.559 200.2 0.98 -0.06
243 205.896 254.9 0.98 -0.07
244 206.160 138.8 0.98 -0.05
245 206.915 159.3 0.96 -0.04
246 207.043 50.1 1.00 -0.04
247 208.726 132.0 0.99 -0.04
248 209.018 172.9 0.99 -0.03
249 209.573 136.5 0.99 -0.02
250 210.511 161.6 1.01 -0.00
251 211.548 152.5 0.99 0.01
252 212.067 104.7 1.01 0.01
253 213.460 109.2 1.04 -0.06
254 213.669 127.4 1.04 -0.06
255 215.007 154.7 1.00 -0.00
256 215.298 77.4 1.04 -0.01
257 215.380 66.0 1.00 -0.02
258 215.708 61.4 1.03 -0.02
259 216.336 95.6 1.04 -0.04
260 216.964 138.8 0.99 -0.07
261 217.219 152.5 1.01 -0.06
262 218.530 127.4 1.01 -0.05
263 220.568 198.0 0.98 0.02
264 222.726 120.6 0.86 0.09
265 224.191 145.6 1.02 0.16
266 224.437 100.1 0.99 0.12
267 225.229 132.0 0.90 0.16
268 225.793 175.2 1.06 0.16
269 227.705 186.6 1.12 0.09
270 228.396 118.3 0.90 0.08
271 231.901 95.6 1.01 0.02
272 232.684 191.1 1.06 -0.08
273 232.966 120.6 1.06 -0.08
274 233.048 75.1 1.07 -0.08
275 233.193 218.5 1.06 -0.06
276 233.621 127.4 1.06 -0.03
277 233.830 79.6 1.06 -0.04
278 234.531 79.6 1.09 -0.00
279 234.732 61.4 1.03 0.00
280 235.159 118.3 1.03 -0.04
281 236.215 182.0 1.01 0.01
282 236.962 177.5 1.03 0.04
283 237.945 182.0 1.10 -0.00
284 238.400 122.9 1.12 0.00
285 238.673 109.2 1.12 0.06
286 238.946 118.3 1.15 0.01
287 239.201 127.4 1.14 0.05
288 239.638 81.9 1.16 0.10
289 240.156 125.2 1.15 0.10
290 240.393 125.2 1.12 0.07
291 240.939 61.4 1.16 0.09
292 241.158 97.8 1.13 0.09
293 241.686 95.6 1.15 0.08
294 242.141 59.2 1.15 0.12
295 242.368 109.2 1.17 0.13
296 243.406 163.8 1.18 0.13
297 243.879 191.1 1.14 0.09
298 245.035 161.6 1.15 0.12
299 245.709 177.5 1.14 0.16
300 246.910 102.4 1.14 0.09
301 247.101 136.5 1.13 0.08
302 248.285 75.1 1.11 0.11
303 249.796 143.4 1.10 0.07
304 250.060 100.1 1.14 0.08
305 250.324 141.1 1.08 0.06
306 250.487 182.0 1.10 0.06
307 250.651 59.2 1.10 0.08
308 250.706 31.9 1.11 0.08
309 252.171 163.8 1.15 0.10
310 253.182 86.5 1.12 0.10
311 256.650 163.8 1.03 -0.04
312 257.706 138.8 1.03 0.08
313 257.951 109.2 1.08 0.07
314 258.525 52.3 1.10 0.02
315 258.980 109.2 1.10 0.11
316 259.162 104.7 1.04 0.11
317 259.781 118.3 1.05 0.09
318 261.073 145.6 1.16 0.09
319 263.913 113.8 1.09 0.16
320 265.051 91.0 1.12 0.12
321 265.224 88.7 1.17 0.13
322 267.154 134.3 1.17 0.10
323 267.372 132.0 1.16 0.11
324 267.609 61.4 1.13 0.14
325 268.646 195.7 1.14 0.10
326 268.838 182.0 1.16 0.10
327 269.566 134.3 1.17 0.03
328 269.903 264.0 1.16 0.03
329 270.203 127.4 0.99 0.12
330 272.788 132.0 1.12 0.00
331 274.463 100.1 1.11 0.03
332 276.229 143.4 1.09 0.04
333 277.348 136.5 1.01 0.01
334 278.741 157.0 0.98 0.03
335 279.396 154.7 0.92 0.08
336 282.209 248.0 0.98 0.07
337 283.137 79.6 0.98 0.11
338 285.340 136.5 0.99 0.02
339 285.513 113.8 0.91 0.02
340 288.116 136.5 0.94 -0.00
341 289.572 127.4 0.94 0.05
342 290.364 50.1 0.97 0.05
343 291.457 127.4 0.98 0.10
344 292.421 127.4 1.06 0.08
345 293.040 63.7 1.01 -0.03
346 293.341 216.2 1.06 -0.04
347 293.696 145.6 1.00 -0.00
348 295.498 109.2 1.10 -0.04
349 295.698 111.5 1.09 -0.02
350 296.217 95.6 1.07 -0.04
351 296.499 150.2 1.05 -0.05
352 297.673 145.6 1.14 -0.02
353 298.256 157.0 1.10 0.02
354 298.529 154.7 1.04 0.02
355 299.585 191.1 1.04 0.04
356 301.014 254.9 1.07 0.03
357 302.306 161.6 1.13 0.03
358 303.499 175.2 1.10 0.02
359 304.081 150.2 1.14 0.00
360 304.518 116.1 1.15 -0.04
361 307.167 88.7 1.11 0.01
362 309.361 316.3 1.04 0.06
363 309.697 227.6 1.05 0.06
364 310.071 136.5 1.13 -0.00
365 311.354 113.8 1.11 0.01
366 312.483 91.0 1.17 0.03
367 313.184 120.6 1.20 0.03
368 313.766 127.4 1.15 0.04
369 314.358 154.7 1.18 0.05
370 316.014 45.5 1.15 0.03
371 316.460 86.5 1.13 0.03
372 317.016 118.3 1.13 0.05
373 317.498 145.6 1.12 0.04
374 317.753 132.0 1.13 0.06
375 318.254 113.8 1.13 0.07
376 320.056 116.1 1.07 0.07
377 321.103 136.5 1.05 0.02
378 321.312 177.5 1.06 0.01
379 321.658 209.4 1.05 0.01
380 322.386 150.2 1.04 0.03
381 322.522 104.7 1.04 0.03
382 322.704 111.5 1.05 0.04
383 323.587 91.0 1.05 0.00
384 323.742 122.9 1.05 0.00
385 323.952 172.9 1.05 -0.00
386 325.053 132.0 1.09 0.05
387 325.444 261.7 1.10 0.06
388 325.872 81.9 1.11 0.01
389 326.182 159.3 1.10 0.01
390 327.702 143.4 1.12 -0.02
391 327.993 172.9 1.11 0.00
392 328.211 204.8 1.10 0.00
393 328.384 79.6 1.09 0.00
394 330.614 97.8 1.14 0.01
395 332.508 163.8 1.08 -0.04
396 335.648 257.1 1.04 -0.01
397 335.812 143.4 1.05 -0.01
398 336.767 186.6 1.08 0.01
399 339.107 154.7 1.03 -0.00
400 340.208 245.8 1.07 0.08
401 341.801 182.0 1.05 0.04
402 343.212 143.4 1.05 0.03
403 344.859 118.3 1.03 0.05
404 348.700 122.9 0.97 0.04
405 349.310 147.9 0.96 0.07
406 349.438 41.0 1.00 0.07
407 349.975 136.5 0.98 0.11
408 350.403 109.2 0.98 0.14
409 350.949 100.1 1.03 0.14
410 354.062 163.8 1.06 0.12
411 356.310 127.4 1.07 0.11
412 359.068 232.1 1.07 0.13
413 359.760 120.6 1.04 0.12
414 361.143 186.6 1.02 0.15
415 361.334 150.2 0.98 0.13
416 361.680 191.1 1.00 0.15
417 364.019 154.7 0.99 0.18
418 364.229 107.0 1.01 0.19
419 365.039 77.4 0.98 0.16
420 365.248 75.1 0.97 0.14
421 366.705 81.9 0.97 0.12
422 367.105 127.4 0.94 0.11
423 367.870 163.8 0.96 0.09
424 368.243 154.7 0.96 0.11
425 368.598 191.1 0.98 0.07
426 368.935 95.6 1.01 0.06
427 369.044 93.3 0.98 0.08
428 369.626 100.1 1.05 0.05
429 370.710 182.0 1.06 0.06
430 370.946 122.9 1.04 0.07
431 372.394 191.1 0.99 0.10
432 373.340 91.0 0.98 0.12
433 373.750 77.4 1.00 0.09
434 374.023 145.6 1.00 0.13
435 374.769 207.1 1.01 0.10
436 375.734 63.7 1.03 0.13
437 376.280 127.4 1.04 0.09
438 378.219 182.0 1.03 0.11
439 379.430 143.4 1.03 0.06
440 380.385 147.9 1.01 0.13
441 382.488 136.5 1.03 0.12
442 382.770 52.3 1.00 0.08
443 384.208 163.8 0.99 0.08
444 384.645 104.7 1.07 0.08
445 385.164 236.7 0.99 0.11
446 386.447 107.0 0.99 0.14
447 387.112 107.0 0.94 0.19
448 389.051 136.5 0.93 0.20
449 389.706 182.0 0.92 0.04
450 390.452 154.7 0.94 0.15
451 396.997 154.7 0.86 -0.02
452 397.561 264.0 0.83 -0.03
453 400.410 186.6 1.02 0.11
454 400.656 132.0 1.04 0.11
455 402.504 118.3 1.11 0.06
456 402.831 93.3 1.07 0.07
457 403.159 132.0 1.06 0.08
458 403.496 122.9 1.02 0.03
459 403.696 250.3 1.06 0.09
460 404.142 163.8 1.07 0.06
461 405.271 282.2 1.10 0.11
462 407.273 127.4 1.02 0.09
463 408.347 257.1 1.04 0.05
464 409.276 125.2 0.97 0.04
465 410.077 141.1 0.99 0.10
466 410.996 218.5 1.01 0.08
467 411.733 47.8 1.00 0.04
468 412.188 172.9 0.98 0.09
469 413.117 172.9 0.97 0.08
470 414.136 116.1 1.07 0.15
471 414.591 157.0 1.04 0.14
472 414.710 34.1 1.06 0.11
473 414.874 109.2 1.01 0.09
474 415.611 95.6 1.06 0.09
475 415.893 120.6 1.06 0.14
476 418.615 163.8 1.04 0.11
477 418.988 118.3 1.01 0.11
478 419.871 107.0 1.07 0.14
479 420.408 182.0 0.99 0.14
480 420.608 97.8 1.01 0.14
481 423.675 122.9 1.01 0.12
482 424.249 175.2 1.02 0.13
483 425.723 127.4 1.05 0.12
484 427.061 100.1 1.04 0.10
485 428.254 436.9 0.99 0.10
486 428.764 136.5 0.82 0.02
487 429.419 136.5 0.88 0.11
488 430.566 191.1 0.95 0.04
489 431.940 100.1 0.98 0.06
490 432.141 134.3 0.97 0.07
491 433.051 336.8 1.02 0.06
492 433.251 52.3 1.02 0.06
493 433.378 118.3 1.03 0.07
494 434.325 136.5 1.00 0.10
495 434.644 109.2 1.01 0.09
496 434.853 191.1 1.08 0.07
497 437.147 268.5 1.05 0.10
498 437.857 168.4 1.04 0.07
499 439.158 147.9 1.08 0.10
500 439.349 129.7 0.97 0.10
501 439.513 127.4 0.97 0.11
502 441.980 364.1 1.03 0.09
503 442.335 273.1 1.02 0.09
504 442.663 170.7 1.01 0.09
505 443.209 136.5 1.03 0.11
506 443.400 122.9 1.04 0.11
507 444.028 200.2 1.02 0.11
508 444.283 159.3 1.03 0.11
509 444.720 118.3 1.00 0.09
510 446.704 154.7 0.98 0.12
511 448.242 127.4 0.97 0.11
512 449.662 232.1 0.94 0.04
513 450.163 97.8 0.96 0.08
514 450.445 175.2 0.95 0.10
515 452.539 136.5 1.01 0.06
516 453.167 200.2 0.97 0.07
517 453.576 163.8 0.96 0.06
518 454.323 195.7 0.96 0.07
519 455.415 109.2 1.06 -0.01
520 456.944 125.2 0.97 0.01
521 457.718 202.5 1.00 0.02
522 458.064 118.3 1.02 0.05
523 459.538 232.1 1.03 -0.04
524 459.866 136.5 1.09 -0.02
525 460.257 66.0 1.06 -0.03
526 461.177 109.2 1.02 -0.03
527 461.331 150.2 1.01 -0.02
528 461.705 100.1 0.99 -0.08
529 464.290 154.7 1.00 0.06
530 464.599 300.4 1.00 0.03
531 465.054 132.0 0.98 0.05
532 465.245 100.1 1.00 0.00
533 465.555 136.5 0.99 0.01
534 466.602 227.6 0.98 0.00
535 467.621 127.4 0.96 -0.04
536 468.886 136.5 0.93 -0.07
537 469.669 118.3 0.98 -0.08
538 469.988 161.6 0.95 -0.06
539 474.111 91.0 1.04 0.02
540 475.476 111.5 1.01 0.03
541 477.014 127.4 1.04 0.05
542 478.671 184.3 1.01 -0.00
543 480.965 172.9 0.92 -0.04
544 481.265 143.4 0.90 0.01
545 482.112 161.6 0.92 0.02
546 482.303 118.3 0.91 0.02
547 482.412 84.2 0.90 0.01
548 483.277 118.3 0.90 0.14
549 483.532 127.4 0.89 0.13
550 484.023 122.9 0.89 0.17
551 484.260 127.4 0.89 0.17
552 485.789 227.6 0.89 0.04
553 486.108 200.2 0.88 0.07
554 486.472 111.5 0.95 0.06
555 487.209 154.7 0.94 -0.06
556 487.500 95.6 0.92 0.02
557 488.611 95.6 0.93 -0.02
558 490.995 264.0 0.94 -0.04
559 495.110 154.7 0.93 -0.03
560 496.166 109.2 0.90 0.05
561 496.475 241.2 0.99 -0.01
562 496.876 107.0 0.98 0.00
563 497.076 127.4 0.95 0.00
564 497.950 50.1 0.95 -0.07
565 498.204 109.2 0.97 -0.08
566 500.198 216.2 0.99 -0.06
567 503.074 70.5 1.00 -0.00
568 503.211 95.6 1.01 -0.00
569 503.702 152.5 1.04 0.03
570 504.585 163.8 1.02 -0.00
571 505.504 111.5 0.99 -0.01
572 506.351 154.7 1.01 -0.04
573 508.991 127.4 1.02 -0.02
574 511.230 132.0 1.03 0.01
575 511.812 220.7 1.04 0.02
576 512.104 127.4 1.06 0.02
577 512.468 97.8 1.02 -0.01
578 512.932 254.9 1.03 0.02
579 513.715 100.1 1.06 0.02
580 515.380 102.4 0.99 0.01
581 515.908 191.1 1.05 -0.00
582 519.467 359.5 0.97 -0.03
583 520.205 127.4 0.99 -0.01
584 520.687 113.8 0.99 -0.02
585 520.823 68.3 0.99 -0.00
586 521.042 127.4 1.02 0.02
587 521.688 213.9 1.03 0.02
588 523.272 163.8 1.03 0.02
589 523.536 93.3 1.04 0.01
590 523.691 118.3 1.02 0.01
591 524.628 179.8 1.03 0.04
592 525.356 84.2 1.00 0.03
593 525.975 172.9 0.99 0.07
594 526.840 136.5 0.97 0.03
595 527.423 136.5 1.01 -0.02
596 527.832 273.1 1.03 -0.02
597 528.133 86.5 0.99 -0.02
598 528.815 118.3 0.98 -0.04
599 528.979 109.2 0.99 -0.01
600 529.416 145.6 1.00 -0.00
601 529.826 259.4 1.01 0.05
602 530.062 93.3 0.98 0.05
603 530.217 161.6 1.02 0.05
604 531.946 304.9 1.04 0.04
605 532.857 116.1 1.04 0.04
606 533.084 127.4 1.06 0.04
607 533.348 147.9 1.04 0.03
608 533.885 122.9 1.01 0.02
609 535.287 118.3 1.06 0.01
610 537.044 81.9 1.00 0.04
611 537.235 141.1 0.99 0.04
612 538.045 132.0 1.00 -0.05
613 538.345 145.6 0.96 0.10
614 540.047 95.6 0.93 -0.00
615 541.622 259.4 0.96 0.01
616 543.297 191.1 0.94 0.02
617 543.615 204.8 0.94 0.02
618 544.180 104.7 0.89 0.03
619 544.307 109.2 0.96 0.03
620 544.826 172.9 0.98 0.00
621 545.809 127.4 0.95 0.01
622 546.164 86.5 0.91 0.07
623 546.392 184.3 0.97 -0.03
624 548.330 118.3 1.01 0.01
625 551.298 182.0 0.90 0.03
626 552.190 109.2 0.91 0.04
627 552.390 145.6 0.94 0.06
628 552.963 102.4 0.93 0.06
629 553.082 154.7 0.92 0.06
630 553.400 182.0 0.97 0.12
631 553.755 145.6 0.95 0.12
632 555.412 122.9 1.02 0.10
633 555.576 141.1 1.02 0.10
634 556.586 172.9 0.98 0.06
635 557.241 154.7 1.02 0.18
636 557.951 191.1 1.00 0.16
637 558.334 163.8 1.00 0.18
638 559.954 109.2 0.99 0.04
639 561.319 132.0 0.96 0.07
640 565.843 216.2 0.91 0.09
641 566.253 172.9 0.94 0.18
642 568.637 261.7 1.03 0.15
643 571.259 81.9 0.87 0.09
644 573.134 127.4 0.85 -0.00
645 575.182 236.7 0.88 0.06
646 576.602 168.4 0.94 0.03
647 576.939 191.1 0.91 0.08
648 579.323 245.8 0.76 0.10
649 579.678 234.4 0.94 -0.02
650 580.461 91.0 1.00 0.01
651 582.682 200.2 0.80 0.04
652 583.292 175.2 0.88 -0.01
653 585.859 118.3 1.07 0.07
654 586.623 150.2 0.93 0.08
655 587.361 136.5 0.92 0.07
656 588.498 91.0 0.97 0.02
657 589.554 118.3 0.97 0.02
658 589.864 150.2 1.00 0.02
659 590.073 152.5 1.08 0.02
660 590.683 209.4 0.97 -0.01
661 592.030 91.0 1.08 0.03
662 593.377 154.7 1.06 0.05
663 594.460 127.4 1.18 0.10
664 595.198 191.1 0.95 0.08
665 595.880 134.3 1.14 0.09
666 597.546 172.9 1.13 0.00
667 598.074 127.4 1.00 0.12
668 599.539 163.8 1.01 0.02
669 601.597 154.7 1.05 0.04
670 603.490 109.2 1.05 0.02
671 604.218 136.5 1.07 0.04
672 605.410 200.2 1.10 0.02
673 606.020 154.7 1.09 0.01
674 606.958 100.1 1.11 0.01
675 607.285 86.5 1.10 0.03
676 607.704 138.8 1.11 0.03
677 608.232 227.6 1.10 0.04
678 609.288 216.2 1.11 0.03
679 610.062 104.7 1.10 0.02
680 610.717 150.2 1.09 0.03
681 611.855 91.0 1.09 0.02
682 612.355 111.5 1.09 0.00
683 613.775 150.2 1.09 -0.00
684 614.058 145.6 1.09 -0.02
685 615.632 172.9 1.04 -0.02
686 616.024 186.6 1.06 -0.01
687 617.580 91.0 1.04 -0.03
688 617.753 102.4 1.08 -0.00
689 617.953 152.5 1.06 0.02
690 620.365 241.2 1.09 0.01
691 621.458 166.1 1.07 -0.01
692 624.216 100.1 1.08 0.00
693 625.171 86.5 1.05 -0.01
694 625.353 104.7 1.05 -0.02
695 625.645 159.3 1.05 -0.04
696 626.528 191.1 1.06 -0.04
697 626.992 102.4 1.07 -0.03
698 627.201 127.4 1.04 -0.04
699 629.031 77.4 1.05 -0.06
700 629.286 91.0 1.08 -0.07
701 629.677 168.4 1.06 -0.07
702 630.178 116.1 1.08 -0.04
703 631.279 122.9 1.04 -0.07
704 632.262 109.2 1.01 -0.01
705 632.936 191.1 1.02 -0.01
706 634.428 136.5 0.95 -0.01
707 636.112 129.7 1.10 0.05
708 636.267 122.9 1.04 0.05
709 636.686 100.1 1.05 0.03
710 637.814 200.2 1.08 0.01
711 638.060 93.3 1.07 0.02
712 638.524 168.4 1.06 0.02
713 642.192 127.4 1.03 -0.09
714 644.787 93.3 0.97 -0.03
715 648.773 218.5 1.00 -0.05
716 649.447 75.1 0.93 -0.09
717 649.538 56.9 0.97 -0.09
718 650.466 154.7 0.97 -0.09
719 651.786 136.5 1.02 -0.04
720 653.115 163.8 1.06 0.02
721 653.962 145.6 1.04 0.00
722 658.868 95.6 1.03 -0.00
723 659.168 200.2 1.01 -0.01
724 659.487 209.4 1.06 0.05
725 660.224 86.5 1.02 -0.03
726 662.299 254.9 1.01 -0.04
727 662.636 61.4 1.00 0.03
728 662.791 91.0 1.01 0.04
729 663.419 191.1 1.00 -0.02
730 663.701 127.4 1.04 0.03
731 664.366 202.5 0.99 0.02
732 664.584 195.7 0.98 0.01
733 664.839 154.7 1.05 0.03
734 666.004 163.8 1.04 0.03
735 667.633 163.8 1.03 -0.03
736 669.344 109.2 1.05 0.01
737 670.182 136.5 1.09 0.03
738 670.400 150.2 1.07 0.03
739 670.719 109.2 1.09 0.03
740 671.247 86.5 1.11 0.00
741 672.066 138.8 1.05 0.04
742 675.088 95.6 1.06 0.03
743 677.691 145.6 1.02 -0.00
744 678.938 163.8 1.07 -0.01
745 679.648 138.8 1.06 0.04
746 680.495 118.3 1.05 0.04
747 680.622 141.1 1.08 -0.00
748 680.813 95.6 1.04 0.02
749 681.787 157.0 1.01 0.00
750 682.133 127.4 1.08 0.01
751 682.424 100.1 1.04 -0.01
752 682.770 291.3 1.06 -0.01
753 683.571 172.9 1.08 -0.03
754 683.817 129.7 1.04 -0.04
755 684.126 136.5 1.07 0.02
756 684.709 138.8 1.05 0.00
757 685.319 100.1 1.04 0.04
758 685.910 127.4 1.03 0.03
759 686.848 63.7 1.02 0.02
760 687.540 218.5 1.01 0.06
761 688.404 122.9 1.03 0.04
762 688.587 75.1 1.03 0.02
763 692.755 264.0 1.02 0.06
764 694.430 127.4 0.99 0.02
765 695.258 218.5 0.99 -0.00
766 697.088 136.5 0.99 -0.01
767 697.807 118.3 0.98 -0.05
768 698.381 163.8 0.99 -0.04
769 698.972 127.4 1.00 -0.04
770 702.440 175.2 1.03 -0.05
771 703.842 257.1 0.99 0.00
772 704.060 188.9 1.03 0.00
773 704.370 209.4 1.09 -0.02
774 704.934 134.3 1.01 0.03
775 705.799 29.6 1.01 0.01
776 705.863 43.2 1.03 0.01
777 706.026 118.3 1.04 -0.00
778 707.073 91.0 0.98 -0.01
779 707.228 95.6 0.99 -0.01
780 708.730 172.9 0.99 -0.01
781 708.994 166.1 0.99 -0.01
782 709.476 109.2 1.00 0.03
783 710.204 254.9 0.99 0.00
784 710.951 136.5 1.02 -0.01
785 711.688 129.7 1.01 0.02
786 712.107 118.3 1.02 0.00
787 712.371 136.5 1.01 0.01
788 713.326 138.8 0.97 -0.01
789 713.781 100.1 0.98 -0.03
790 714.009 100.1 0.99 -0.01
791 714.209 118.3 1.01 -0.02
792 714.400 163.8 1.02 -0.01
793 715.866 138.8 0.99 -0.07
794 716.357 91.0 1.01 -0.04
795 717.513 136.5 0.96 -0.03
796 718.087 113.8 1.04 0.03
797 718.769 182.0 0.99 0.07
798 719.534 248.0 1.00 0.04
799 720.890 116.1 0.98 0.04
800 722.174 179.8 0.99 0.01
801 722.702 200.2 1.01 0.04
802 723.011 193.4 0.99 0.05
803 726.434 109.2 0.97 0.03
804 726.743 172.9 1.00 -0.02
805 727.116 163.8 1.01 -0.04
806 727.599 97.8 1.00 -0.03
807 728.327 77.4 0.99 0.05
808 729.647 204.8 0.96 0.08
809 730.875 107.0 0.98 0.07
810 732.122 118.3 0.99 0.04
811 733.897 136.5 1.02 0.02
812 734.225 154.7 0.96 -0.00
813 735.691 152.5 1.03 -0.02
814 736.055 175.2 1.03 -0.08
815 736.428 163.8 0.97 -0.06
816 738.303 154.7 1.04 -0.02
817 741.343 248.0 1.01 -0.06
818 741.734 136.5 0.98 -0.09
819 743.336 227.6 1.02 -0.01
820 743.600 100.1 1.04 -0.07
821 744.283 100.1 1.05 -0.08
822 744.884 175.2 1.07 -0.08
823 747.050 100.1 1.07 -0.13
824 748.379 143.4 1.08 -0.13
825 748.861 132.0 1.01 -0.15
826 752.539 100.1 1.08 -0.10
827 753.021 127.4 1.08 -0.11
828 753.758 182.0 1.09 -0.10
829 755.488 143.4 1.14 -0.02
830 755.861 168.4 1.13 -0.02
831 757.190 63.7 1.09 -0.05
832 758.501 107.0 1.09 -0.06
833 758.992 382.3 1.09 -0.08
834 759.547 116.1 1.09 -0.10
835 759.702 122.9 1.08 -0.07
836 762.997 207.1 1.08 -0.07
837 763.716 157.0 1.10 -0.08
838 764.262 243.5 1.08 -0.07
839 767.002 86.5 1.12 -0.06
840 767.639 91.0 1.14 -0.06
841 768.340 177.5 1.13 -0.12
842 770.552 102.4 1.03 -0.12
843 770.807 100.1 0.97 -0.12
844 771.508 66.0 1.13 -0.05
845 773.064 200.2 1.09 -0.06
846 774.475 218.5 1.10 -0.08
847 775.240 95.6 1.10 -0.09
848 777.788 188.9 1.09 -0.05
849 782.003 116.1 0.98 -0.08
850 783.113 111.5 0.94 -0.01
851 783.714 97.8 0.89 -0.01
852 784.287 91.0 0.92 0.12
853 785.835 223.0 0.99 0.06
854 786.017 159.3 0.99 0.06
855 788.574 218.5 0.95 0.08
856 788.957 111.5 0.99 0.05
857 790.149 100.1 0.96 0.04
858 791.332 191.1 0.90 0.08
859 793.471 145.6 0.99 0.05
860 794.482 136.5 0.95 -0.02
861 796.894 111.5 0.92 -0.03
862 798.114 250.3 0.91 0.13
863 800.416 245.8 0.87 0.12
864 800.881 161.6 0.88 0.09
865 803.247 147.9 0.93 -0.03
866 803.875 145.6 0.93 -0.03
867 804.385 127.4 0.94 -0.04
868 804.613 172.9 0.97 -0.06
869 805.204 191.1 0.95 -0.07
870 806.205 84.2 0.93 0.03
871 806.570 270.8 0.91 0.07
872 807.380 129.7 0.91 0.02
873 807.489 56.9 0.94 0.03
874 808.308 72.8 0.86 -0.03
875 808.818 127.4 0.93 0.02
876 809.919 225.3 0.88 0.03
877 810.793 191.1 0.90 0.02
878 811.021 141.1 0.88 -0.01
879 811.767 163.8 0.94 0.01
880 813.806 81.9 0.99 0.08
881 817.092 136.5 1.03 -0.01
882 817.174 138.8 1.02 -0.01
883 817.611 118.3 1.04 0.00
884 818.148 68.3 1.01 0.00
885 818.812 116.1 1.03 -0.04
886 819.358 218.5 1.03 0.01
887 819.668 198.0 1.05 0.01
888 820.906 91.0 1.03 -0.01
889 821.370 97.8 0.99 -0.04
890 822.116 100.1 1.04 -0.03
891 823.782 373.2 1.04 0.03
892 824.228 159.3 1.04 0.02
893 825.994 218.5 1.03 0.06
894 827.277 109.2 1.05 0.03
895 828.661 136.5 1.08 -0.04
896 828.997 100.1 1.08 -0.00
897 829.270 147.9 1.06 -0.00
898 830.781 179.8 1.02 -0.06
899 830.982 145.6 1.01 -0.06
900 831.173 122.9 1.04 -0.06
901 832.028 166.1 1.05 -0.09
902 832.320 104.7 1.03 -0.03
903 835.005 170.7 1.08 0.03
904 835.151 104.7 1.09 0.03
905 835.424 113.8 1.09 0.01
906 835.797 109.2 1.09 0.04
907 836.516 127.4 1.12 0.02
908 836.980 154.7 1.14 0.02
909 837.763 127.4 1.08 0.04
910 839.064 109.2 1.10 0.02
911 840.011 163.8 1.14 0.02
912 840.839 100.1 1.12 -0.02
913 841.395 86.5 1.10 -0.02
914 844.298 109.2 1.06 0.02
915 847.584 209.4 1.09 0.03
916 848.949 118.3 1.04 0.01
917 849.605 88.7 1.06 0.04
918 849.750 177.5 1.08 0.05
919 850.415 145.6 1.07 0.05
920 850.661 107.0 1.06 0.05
921 851.189 66.0 1.06 0.04
922 851.507 200.2 1.10 0.04
923 851.981 86.5 1.04 0.03
924 852.536 200.2 1.07 0.07
925 853.628 195.7 1.06 0.08
926 854.129 213.9 1.04 0.08
927 854.402 168.4 1.04 0.08
928 855.048 59.2 1.07 0.08
929 856.732 236.7 1.07 0.06
930 859.017 104.7 1.03 0.01
931 859.790 209.4 1.05 -0.00
932 861.920 136.5 1.02 0.03
933 862.512 252.6 1.04 0.02
934 862.930 141.1 1.04 0.05
935 863.167 172.9 1.03 0.05
936 864.660 109.2 1.06 0.09
937 864.933 81.9 0.97 0.03
938 867.154 236.7 1.00 0.03
939 867.800 172.9 0.99 0.06
940 868.219 91.0 1.03 0.04
941 868.419 132.0 0.99 0.04
942 868.710 182.0 0.98 0.05
943 868.902 150.2 0.99 0.07
944 869.639 154.7 0.96 0.08
945 870.840 127.4 1.01 0.09
946 875.027 109.2 0.97 -0.01
947 876.793 84.2 1.03 0.09
948 878.077 122.9 1.02 0.08
949 878.859 161.6 1.00 0.07
950 879.824 211.6 1.03 0.07
951 880.989 127.4 1.01 0.09
952 881.399 122.9 0.99 0.07
953 881.808 150.2 1.00 0.08
954 882.236 81.9 0.99 0.09
955 883.674 56.9 0.97 0.04
956 885.659 172.9 0.99 0.08
957 886.387 150.2 1.00 0.06
958 886.523 63.7 1.04 0.03
959 887.188 232.1 0.97 0.09
960 888.344 104.7 0.93 0.08
961 889.163 118.3 1.00 0.11
962 890.337 232.1 0.91 0.08
963 890.792 257.1 0.91 0.09
964 891.712 122.9 0.88 0.08
965 891.839 111.5 0.89 0.08
966 896.226 154.7 0.92 0.07
967 896.591 163.8 0.93 0.09
968 898.138 109.2 1.02 0.11
969 900.732 109.2 0.89 0.04
970 902.288 91.0 1.00 0.08
971 902.525 113.8 0.98 0.08
972 902.989 118.3 0.99 0.08
973 904.027 168.4 0.95 0.07
974 905.128 182.0 0.95 0.15
975 905.374 129.7 0.99 0.15
976 906.867 132.0 0.97 0.06
977 907.240 104.7 1.00 0.05
978 907.622 163.8 1.00 0.06
979 909.534 195.7 1.02 0.00
980 910.034 100.1 1.03 -0.03
981 910.326 118.3 1.03 0.00
982 911.436 100.1 1.02 0.01
983 913.029 107.0 0.98 0.07
984 914.658 79.6 0.95 0.07
985 914.868 118.3 1.06 0.07
986 915.214 182.0 0.92 0.05
987 916.506 184.3 1.00 0.02
988 916.752 134.3 0.97 0.02
989 918.691 145.6 0.95 0.06
990 919.046 136.5 0.94 0.05
991 920.011 166.1 0.95 0.10
992 920.675 136.5 1.01 0.17
993 921.167 132.0 0.91 0.23
994 921.394 127.4 1.00 0.12
995 921.594 136.5 0.99 0.12
996 922.313 93.3 1.00 0.05
997 923.451 223.0 0.97 0.09
998 924.198 127.4 0.97 0.06
999 924.471 136.5 0.98 0.05
1000 925.062 95.6 0.94 0.06
1001 928.412 154.7 0.97 0.09
1002 928.685 91.0 0.96 0.08
1003 929.013 120.6 0.94 0.11
1004 929.267 86.5 0.92 0.12
1005 930.141 163.8 0.92 0.11
1006 931.916 182.0 1.02 0.08
1007 932.471 118.3 1.02 0.09
1008 934.192 122.9 0.89 0.07
1009 935.229 309.5 0.95 0.10
1010 935.630 200.2 0.96 0.09
1011 936.040 104.7 0.92 0.08
1012 937.050 182.0 0.95 0.10
1013 937.696 168.4 0.95 0.11
1014 939.052 145.6 0.97 -0.01
1015 939.517 141.1 0.92 0.13
1016 939.808 175.2 0.95 0.15
1017 940.026 122.9 0.93 0.05
1018 940.454 109.2 0.99 -0.06
1019 941.119 97.8 0.90 0.13
1020 941.182 86.5 0.90 -0.10
1021 943.321 127.4 1.00 -0.02
1022 943.613 127.4 0.98 0.01
1023 944.951 68.3 1.01 -0.06
1024 946.698 129.7 0.97 -0.05
1025 948.100 145.6 0.96 -0.05
1026 949.329 136.5 0.95 -0.07
1027 953.634 118.3 1.00 -0.05
1028 954.335 100.1 0.96 0.06
1029 955.436 241.2 0.96 0.09
1030 955.700 227.6 0.92 0.13
1031 959.987 134.3 1.05 -0.02
1032 960.952 186.6 1.01 0.05
1033 963.810 127.4 0.97 -0.03
1034 964.147 227.6 0.98 0.03
1035 964.648 154.7 0.94 0.10
1036 966.650 129.7 0.87 0.13
1037 969.299 163.8 0.82 0.08
1038 969.872 79.6 0.85 0.07
1039 971.047 159.3 0.90 0.07
1040 972.585 377.7 0.81 0.10
1041 973.532 145.6 0.75 0.13
1042 974.797 218.5 0.96 0.15
1043 976.117 84.2 1.01 0.04
1044 978.237 261.7 0.97 -0.02
1045 979.548 136.5 1.01 -0.02
1046 980.094 177.5 1.00 -0.00
1047 980.531 202.5 1.01 0.01
1048 981.032 95.6 1.05 -0.00
1049 981.751 116.1 1.06 -0.03
1050 982.816 118.3 1.03 0.02
1051 983.380 150.2 1.01 0.02
1052 984.518 136.5 1.04 0.02
1053 985.364 127.4 1.05 0.01
1054 986.193 91.0 1.07 0.05
1055 986.575 54.6 1.04 0.04
1056 988.905 289.0 0.94 -0.00
1057 989.633 227.6 0.97 -0.01
1058 990.489 145.6 0.95 -0.02
1059 990.780 172.9 0.95 -0.01
1060 991.026 86.5 0.97 0.03
1061 992.109 145.6 0.99 0.08
1062 992.273 77.4 0.98 0.08
1063 992.710 77.4 0.96 0.08
1064 993.393 168.4 0.85 0.13
1065 993.520 68.3 0.91 0.11
1066 993.657 88.7 0.92 0.10
1067 995.186 109.2 0.96 0.08
1068 995.841 218.5 0.96 0.05
1069 996.123 172.9 0.87 0.05
1070 996.906 127.4 0.92 0.07
1071 998.153 200.2 0.90 0.06
1072 998.717 159.3 0.91 0.05
1073 998.863 113.8 0.89 0.05
1074 999.473 182.0 0.91 0.02
1075 1000.483 109.2 0.96 0.01
1076 1001.302 170.7 0.98 0.09
1077 1001.576 172.9 0.92 0.09
1078 1001.840 150.2 0.94 0.00
1079 1002.486 145.6 0.99 0.10
1080 1002.759 163.8 1.00 0.10
1081 1003.196 182.0 1.00 0.11
1082 1003.551 145.6 1.02 0.10
1083 1004.324 232.1 0.96 0.11
1084 1008.830 136.5 1.02 0.15
1085 1010.150 154.7 1.01 0.14
1086 1010.505 102.4 0.99 0.13
1087 1010.669 154.7 1.01 0.08
1088 1012.526 136.5 0.92 0.03
1089 1013.081 195.7 1.03 0.10
1090 1015.629 191.1 1.07 0.14
1091 1016.949 136.5 1.06 0.19
1092 1017.250 100.1 0.96 0.20
1093 1017.686 86.5 0.93 0.20
1094 1018.196 200.2 1.04 0.15
1095 1018.451 177.5 1.04 0.15
1096 1019.689 191.1 1.02 0.12
1097 1019.917 136.5 0.97 0.13
1098 1021.509 100.1 0.99 0.11
1099 1022.192 84.2 1.01 0.09
1100 1023.202 136.5 0.98 0.12
1101 1023.667 172.9 1.02 0.11
1102 1024.240 145.6 1.01 0.08
1103 1025.351 109.2 1.01 0.08
1104 1025.651 152.5 1.00 0.08
1105 1026.634 191.1 0.97 0.07
1106 1028.436 118.3 1.02 -0.02
1107 1031.495 236.7 1.06 0.02
1108 1031.813 109.2 1.04 0.05
1109 1032.887 145.6 1.02 0.03
1110 1033.770 125.2 1.02 0.13
1111 1034.034 223.0 1.01 0.13
1112 1034.435 143.4 1.02 0.08
1113 1035.145 84.2 1.00 0.11
1114 1035.645 179.8 0.97 0.08
1115 1037.010 91.0 1.04 -0.01
1116 1037.520 127.4 0.99 -0.01
1117 1037.739 172.9 0.99 -0.04
1118 1038.166 136.5 1.02 -0.04
1119 1038.576 136.5 1.02 -0.02
1120 1040.078 120.6 1.09 -0.05
1121 1040.169 34.1 1.07 -0.04
1122 1040.934 163.8 1.05 -0.03
1123 1042.190 100.1 1.07 -0.03
1124 1043.591 63.7 1.04 0.00
1125 1044.483 191.1 1.06 -0.03
1126 1044.775 154.7 1.07 -0.03
1127 1044.975 29.6 1.06 -0.05
1128 1045.448 218.5 1.08 -0.02
1129 1046.513 93.3 1.06 0.04
1130 1047.806 141.1 1.08 -0.01
1131 1048.234 172.9 1.09 0.00
1132 1049.453 88.7 1.07 0.01
1133 1049.772 100.1 1.10 0.01
1134 1050.746 118.3 1.11 -0.02
1135 1051.265 161.6 1.13 -0.01
1136 1051.629 100.1 1.13 -0.05
1137 1051.856 200.2 1.05 0.00
1138 1052.593 107.0 1.12 -0.06
1139 1054.186 136.5 1.06 0.01
1140 1054.432 154.7 1.06 0.01
1141 1056.280 100.1 1.11 0.01
1142 1057.354 118.3 1.07 0.01
1143 1057.745 72.8 1.09 0.03
1144 1057.800 47.8 1.06 0.03
1145 1058.109 81.9 1.07 0.03
1146 1058.683 120.6 1.09 0.03
1147 1061.823 104.7 1.11 0.02
1148 1062.160 182.0 0.99 0.00
1149 1063.625 127.4 1.09 0.01
1150 1064.290 184.3 1.07 0.05
1151 1064.936 154.7 1.03 0.02
1152 1065.546 91.0 1.04 0.03
1153 1065.692 109.2 1.05 0.03
1154 1066.902 172.9 1.07 0.00
1155 1067.066 100.1 1.07 0.03
1156 1069.879 100.1 1.04 0.04
1157 1070.124 132.0 1.12 0.04
1158 1070.306 145.6 1.06 0.02
1159 1070.470 132.0 1.05 0.04
1160 1074.694 382.3 0.96 -0.02
1161 1077.133 216.2 1.06 -0.08
1162 1078.262 113.8 1.06 -0.05
1163 1079.436 86.5 1.00 -0.01
1164 1079.664 154.7 0.98 -0.00
1165 1080.647 161.6 0.98 0.02
1166 1081.948 109.2 1.06 0.03
1167 1083.022 250.3 1.02 0.08
1168 1084.151 72.8 0.99 0.07
1169 1084.706 154.7 1.02 0.07
1170 1085.953 109.2 0.99 0.03
1171 1088.356 145.6 1.04 -0.02
1172 1088.811 122.9 1.08 -0.01
1173 1089.011 145.6 1.10 -0.02
1174 1089.794 54.6 1.05 -0.02
1175 1089.958 95.6 1.13 -0.02
1176 1090.268 209.4 1.04 -0.06
1177 1094.327 79.6 1.10 -0.04
1178 1095.219 95.6 1.12 -0.03
1179 1095.347 97.8 1.10 -0.03
1180 1095.565 161.6 1.11 -0.05
1181 1096.494 75.1 1.08 -0.05
1182 1097.231 91.0 1.10 -0.10
1183 1097.395 172.9 1.06 -0.07
1184 1098.041 111.5 1.07 -0.05
1185 1099.133 118.3 1.09 -0.06
1186 1099.961 118.3 1.07 -0.06
1187 1100.125 100.1 1.04 -0.04
1188 1100.371 282.2 1.06 -0.05
1189 1100.835 127.4 1.06 -0.04
1190 1101.545 168.4 1.07 -0.05
1191 1103.857 150.2 1.07 -0.03
1192 1106.024 70.5 1.08 -0.07
1193 1106.542 100.1 1.06 -0.05
1194 1108.108 209.4 1.07 -0.02
1195 1108.326 127.4 1.07 -0.03
1196 1108.618 118.3 1.06 -0.00
1197 1109.601 109.2 1.05 -0.01
1198 1109.919 75.1 1.04 -0.01
1199 1110.083 104.7 1.03 0.01
1200 1110.256 100.1 1.04 0.01
1201 1110.757 154.7 1.04 0.03
1202 1112.077 177.5 1.07 -0.02
1203 1112.259 132.0 1.10 0.02
1204 1112.614 72.8 1.08 0.04
1205 1113.433 129.7 1.07 0.03
1206 1113.633 141.1 1.01 0.03
1207 1115.244 127.4 1.04 0.03
1208 1116.964 154.7 1.03 0.01
1209 1117.319 195.7 1.03 0.03
1210 1117.529 186.6 1.04 0.03
1211 1117.820 47.8 1.04 -0.00
1212 1120.441 97.8 1.01 0.05
1213 1120.851 127.4 0.99 0.05
1214 1121.552 136.5 1.00 0.03
1215 1122.799 132.0 0.99 0.07
1216 1123.209 134.3 0.98 0.05
1217 1123.336 77.4 0.98 0.04
1218 1124.064 195.7 1.04 0.06
1219 1124.401 122.9 1.00 0.06
1220 1124.528 150.2 1.00 0.06
1221 1125.166 145.6 0.95 0.10
1222 1125.721 118.3 0.95 0.10
1223 1126.067 188.9 0.95 0.07
1224 1126.458 91.0 0.99 0.08
1225 1127.487 132.0 0.96 0.07
1226 1127.723 120.6 0.96 0.07
1227 1128.579 248.0 0.95 0.10
1228 1129.252 109.2 0.95 0.10
1229 1131.082 100.1 0.96 0.07
1230 1131.501 72.8 0.94 0.10
1231 1131.874 118.3 0.95 0.09
1232 1132.729 129.7 0.91 0.03
1233 1134.322 118.3 0.95 0.01
1234 1135.014 200.2 0.96 0.00
1235 1135.369 113.8 0.95 0.03
1236 1135.542 138.8 0.98 0.03
1237 1137.253 136.5 0.93 0.04
1238 1137.554 136.5 0.99 0.07
1239 1138.255 145.6 0.98 0.06
1240 1141.959 118.3 0.95 0.05
1241 1143.161 136.5 0.93 0.06
1242 1144.235 100.1 0.91 0.06
1243 1145.236 138.8 0.96 0.10
1244 1146.720 63.7 0.96 0.10
1245 1147.020 134.3 0.95 0.11
1246 1151.161 145.6 0.94 0.09
1247 1152.245 159.3 0.93 0.08
1248 1153.410 163.8 0.94 0.11
1249 1154.129 254.9 0.92 0.10
1250 1154.520 113.8 0.89 0.04
1251 1154.720 232.1 0.88 0.10
1252 1155.977 245.8 0.89 0.10
1253 1158.125 209.4 0.88 0.09
1254 1158.962 175.2 0.87 0.12
1255 1159.262 136.5 0.92 0.09
1256 1160.682 154.7 0.88 0.09
1257 1162.885 88.7 0.81 0.03
1258 1164.323 172.9 0.77 0.04
1259 1167.991 75.1 0.85 0.10
1260 1169.002 136.5 0.84 0.05
1261 1172.606 93.3 0.92 0.01
1262 1173.425 109.2 1.01 0.01
1263 1174.964 102.4 0.98 0.04
1264 1175.592 275.3 0.97 0.03
1265 1176.702 204.8 0.93 0.07
1266 1176.939 104.7 0.92 0.09
1267 1177.649 50.1 0.89 0.10
1268 1177.731 77.4 0.92 0.09
1269 1180.161 91.0 0.92 0.02
1270 1180.616 200.2 0.90 0.05
1271 1182.054 127.4 0.89 -0.00
1272 1182.464 204.8 0.93 0.01
1273 1184.121 116.1 0.94 0.03
1274 1185.641 109.2 0.94 0.02
1275 1186.433 102.4 0.96 0.01
1276 1186.769 168.4 0.97 0.06
1277 1187.934 264.0 0.91 0.10
1278 1188.326 100.1 0.90 0.06
1279 1189.982 120.6 0.91 0.02
1280 1190.438 100.1 0.96 -0.03
1281 1192.076 127.4 0.96 0.07
1282 1192.759 136.5 0.93 0.09
1283 1195.234 218.5 0.92 -0.00
1284 1195.462 116.1 0.91 -0.00
1285 1196.054 100.1 0.93 0.02
1286 1196.236 118.3 0.94 0.04
1287 1196.509 95.6 0.94 0.02
1288 1196.873 136.5 0.94 0.04
1289 1197.119 127.4 0.94 0.06
1290 1197.555 127.4 0.95 0.05
1291 1197.774 118.3 0.96 0.08
1292 1198.001 104.7 0.95 0.08
1293 1198.602 127.4 0.99 0.07
1294 1199.394 132.0 0.96 0.06
1295 1200.195 95.6 0.98 0.05
1296 1200.450 207.1 0.98 0.06
1297 1201.852 47.8 0.99 0.04
1298 1201.979 81.9 1.01 0.04
1299 1202.189 204.8 1.01 0.04
1300 1202.434 86.5 1.01 0.05
1301 1202.962 100.1 1.01 0.06
1302 1204.956 52.3 0.98 0.06
1303 1205.174 172.9 0.98 0.05
1304 1206.093 209.4 0.94 0.04
1305 1209.279 113.8 0.99 0.03
1306 1209.388 50.1 0.95 0.01
1307 1210.089 125.2 1.01 0.00
1308 1210.399 211.6 0.98 0.02
1309 1210.617 134.3 0.95 0.01
1310 1212.674 127.4 1.01 0.00
1311 1217.908 118.3 1.03 0.01
1312 1218.345 154.7 1.01 0.01
1313 1218.982 254.9 1.05 -0.03
1314 1219.337 186.6 1.05 0.01
1315 1219.801 109.2 0.92 0.03
1316 1220.065 118.3 1.05 -0.05
1317 1221.212 43.2 1.04 0.04
1318 1222.914 127.4 1.03 -0.01
1319 1223.470 118.3 0.97 -0.04
1320 1223.715 127.4 1.00 -0.04
1321 1224.280 191.1 1.03 -0.01
1322 1224.525 172.9 1.04 -0.05
1323 1225.199 127.4 1.02 -0.05
1324 1225.463 154.7 1.00 -0.04
1325 1225.681 97.8 0.99 -0.05
1326 1226.209 191.1 0.99 -0.03
1327 1226.728 225.3 1.01 -0.00
1328 1227.775 163.8 0.99 -0.04
1329 1228.084 218.5 1.00 -0.01
1330 1229.322 193.4 1.00 0.05
1331 1229.868 132.0 0.91 -0.04
1332 1230.005 168.4 0.98 -0.05
1333 1231.006 100.1 0.91 -0.02
1334 1234.110 77.4 1.03 0.03
1335 1234.620 145.6 0.99 0.09
1336 1234.957 109.2 1.02 0.02
1337 1235.694 154.7 1.02 0.02
1338 1235.930 136.5 1.00 0.01
1339 1237.150 125.2 0.99 0.04
1340 1237.423 200.2 1.00 0.06
1341 1238.716 120.6 1.02 -0.01
1342 1239.180 109.2 0.98 -0.02
1343 1239.826 177.5 1.05 0.01
1344 1240.691 56.9 1.05 0.02
1345 1240.900 97.8 1.05 0.01
1346 1241.082 50.1 1.05 0.03
1347 1241.574 127.4 1.08 0.01
1348 1241.801 145.6 1.08 0.03
1349 1242.175 109.2 1.10 0.01
1350 1242.520 127.4 1.10 0.02
1351 1242.684 100.1 1.04 0.01
1352 1242.921 111.5 1.04 0.00
1353 1243.595 100.1 1.08 0.01
1354 1243.895 195.7 1.04 0.02
1355 1244.732 118.3 1.10 0.01
1356 1245.624 157.0 1.06 0.01
1357 1246.462 127.4 1.10 0.02
1358 1247.663 236.7 1.09 -0.04
1359 1248.191 245.8 1.11 0.04
1360 1251.459 159.3 1.07 -0.02
1361 1252.633 204.8 1.07 -0.02
1362 1253.470 168.4 1.05 -0.01
1363 1253.725 177.5 1.04 -0.01
1364 1255.145 141.1 1.02 -0.02
1365 1256.083 145.6 1.03 -0.02
1366 1257.894 145.6 1.01 -0.05
1367 1258.986 127.4 1.03 -0.05
1368 1261.180 109.2 1.05 -0.02
1369 1261.362 100.1 1.05 -0.02
1370 1261.917 248.0 1.03 0.02
1371 1262.582 100.1 1.02 0.01
1372 1262.855 184.3 1.04 0.01
1373 1263.146 218.5 1.05 -0.00
1374 1263.656 109.2 0.98 -0.03
1375 1264.857 136.5 0.99 -0.02
1376 1265.595 127.4 1.02 -0.04
1377 1266.487 91.0 1.03 -0.05
1378 1267.096 136.5 1.00 -0.05
1379 1267.424 145.6 1.00 -0.03
1380 1268.161 227.6 1.01 -0.03
1381 1268.817 291.3 1.00 -0.03
1382 1269.090 127.4 1.01 -0.01
1383 1269.818 127.4 1.01 -0.05
1384 1270.810 125.2 1.05 -0.04
1385 1271.456 95.6 1.05 -0.02
1386 1271.529 43.2 1.02 -0.04
1387 1272.248 129.7 1.07 -0.05
1388 1274.342 191.1 0.90 -0.02
1389 1277.691 145.6 0.97 -0.11
1390 1278.201 168.4 1.00 -0.08
1391 1278.429 204.8 0.98 -0.07
1392 1280.031 120.6 0.92 -0.02
1393 1280.440 86.5 0.95 -0.06
1394 1280.814 264.0 0.92 -0.04
1395 1281.505 291.3 1.00 0.06
1396 1282.616 236.7 0.91 0.06
1397 1283.626 191.1 0.92 0.05
1398 1283.972 129.7 0.93 -0.05
1399 1285.401 145.6 0.90 -0.06
1400 1287.658 100.1 0.86 -0.02
1401 1288.168 234.4 0.82 0.02
1402 1288.414 136.5 0.85 0.03
1403 1289.360 127.4 0.91 0.08
1404 1289.998 145.6 0.88 0.04
1405 1292.319 118.3 0.88 -0.01
1406 1293.557 118.3 0.89 -0.01
1407 1295.077 136.5 0.94 -0.06
1408 1296.042 118.3 0.96 -0.00
1409 1301.639 84.2 0.94 -0.02
1410 1301.730 107.0 0.92 -0.05
1411 1303.187 127.4 0.96 -0.05
1412 1304.361 93.3 0.94 0.01
1413 1304.980 195.7 0.93 0.03
1414 1305.271 232.1 0.89 -0.05
1415 1306.045 500.6 0.86 0.03
1416 1308.138 191.1 0.86 0.03
1417 1308.967 122.9 0.87 0.03
1418 1309.285 200.2 0.87 0.05
1419 1309.804 150.2 0.85 0.04
1420 1310.505 163.8 0.85 0.04
1421 1311.088 109.2 0.88 0.03
1422 1311.989 132.0 0.85 0.10
1423 1312.580 136.5 0.86 0.09
1424 1313.836 145.6 0.91 0.07
1425 1319.079 273.1 0.89 0.06
1426 1319.908 161.6 0.90 0.07
1427 1320.863 104.7 0.89 0.05
1428 1321.182 100.1 0.89 0.07
1429 1323.039 163.8 0.85 0.09
1430 1323.822 154.7 1.03 0.11
1431 1324.122 191.1 0.84 0.11
1432 1325.278 154.7 0.89 0.20
1433 1327.025 141.1 0.93 0.19
1434 1328.982 109.2 1.00 0.22
1435 1329.337 163.8 0.97 0.21
1436 1330.776 141.1 0.85 0.07
1437 1331.804 232.1 1.03 0.05
1438 1332.678 163.8 0.97 0.05
1439 1334.526 109.2 1.01 0.13
1440 1334.726 182.0 0.94 0.09
1441 1336.201 182.0 0.96 0.12
1442 1338.176 125.2 1.03 0.10
1443 1338.476 145.6 0.96 0.04
1444 1339.313 138.8 1.11 0.06
1445 1342.572 145.6 1.08 0.11
1446 1343.692 107.0 0.94 0.10
1447 1344.074 132.0 0.95 0.08
1448 1344.247 168.4 0.85 0.08
1449 1344.556 182.0 0.95 0.03
1450 1345.257 166.1 0.96 -0.01
1451 1346.959 168.4 1.06 0.06
1452 1347.569 182.0 1.01 0.07
1453 1348.052 143.4 0.99 0.05
1454 1349.053 86.5 0.99 0.07
1455 1349.590 191.1 0.99 0.07
1456 1350.018 159.3 0.97 0.07
1457 1353.213 136.5 1.01 -0.03
1458 1355.643 54.6 1.02 0.09
1459 1355.916 97.8 0.98 0.09
1460 1359.211 132.0 1.03 0.14
1461 1360.139 191.1 0.96 0.16
1462 1361.086 245.8 0.94 0.12
1463 1361.787 236.7 0.89 0.19
1464 1364.172 218.5 1.00 -0.02
1465 1365.337 100.1 1.05 0.04
1466 1366.274 104.7 0.99 -0.00
1467 1366.484 279.9 1.07 0.05
1468 1367.285 163.8 0.84 -0.04
1469 1367.913 122.9 0.88 0.00
1470 1368.177 136.5 1.08 0.06
1471 1369.979 95.6 1.16 0.08
1472 1371.044 168.4 1.11 0.08
1473 1371.808 118.3 1.12 0.07
1474 1371.990 182.0 1.11 0.10
1475 1374.503 68.3 1.09 0.12
1476 1374.639 100.1 1.12 0.11
1477 1377.261 204.8 1.05 -0.06
1478 1378.025 118.3 1.12 -0.00
1479 1378.444 75.1 1.03 -0.06
1480 1378.653 95.6 0.95 -0.06
1481 1379.545 147.9 1.07 -0.08
1482 1379.718 143.4 1.06 -0.08
1483 1380.228 127.4 0.99 0.04
1484 1380.392 113.8 0.98 0.04
1485 1381.948 154.7 0.98 -0.01
1486 1382.749 127.4 1.01 -0.01
1487 1384.315 81.9 1.03 0.02
1488 1384.479 104.7 1.02 0.02
1489 1386.181 145.6 0.94 -0.07
1490 1386.545 109.2 1.04 -0.11
1491 1388.065 100.1 1.10 -0.03
1492 1392.889 118.3 1.01 0.03
1493 1393.317 127.4 1.01 -0.00
1494 1393.499 118.3 1.03 -0.00
1495 1394.518 66.0 1.07 0.00
1496 1395.401 191.1 1.05 -0.06
1497 1396.703 172.9 1.11 -0.01
1498 1396.894 163.8 1.10 -0.01
1499 1397.395 77.4 1.13 0.01
1500 1399.388 66.0 1.14 0.03
1501 1400.235 109.2 1.12 0.04
1502 1400.917 273.1 1.08 0.04
1503 1401.163 154.7 1.13 0.02
1504 1401.418 168.4 1.02 0.03
1505 1401.627 100.1 1.11 0.01
1506 1404.085 145.6 1.10 0.08
1507 1405.296 163.8 1.14 0.02
1508 1406.761 234.4 1.01 0.04
1509 1407.271 254.9 1.11 0.07
1510 1411.367 188.9 1.11 -0.05
1511 1412.923 91.0 1.19 -0.02
1512 1414.143 282.2 1.10 -0.02
1513 1415.062 127.4 1.09 0.01
1514 1416.946 136.5 1.03 -0.02
1515 1417.875 109.2 1.03 0.00
1516 1419.113 120.6 1.09 0.03
1517 1419.313 132.0 1.10 0.03
1518 1420.442 172.9 1.12 0.05
1519 1420.715 154.7 1.12 0.05
1520 1422.954 145.6 1.09 0.05
1521 1423.700 59.2 1.11 0.04
1522 1425.539 154.7 1.12 -0.01
1523 1427.550 127.4 1.12 0.03
1524 1430.372 111.5 1.15 -0.03
1525 1431.055 109.2 1.13 -0.02
1526 1431.219 72.8 1.12 -0.02
1527 1432.311 100.1 1.13 -0.02
1528 1432.557 138.8 1.13 -0.02
1529 1433.394 300.4 1.14 -0.02
1530 1434.313 163.8 1.06 0.02
1531 1434.605 104.7 1.16 0.03
1532 1434.905 136.5 1.12 -0.05
1533 1435.488 118.3 1.03 0.00
1534 1436.107 163.8 1.08 -0.02
1535 1436.252 41.0 1.00 -0.00
1536 1436.389 68.3 0.96 0.00
1537 1437.991 163.8 1.08 -0.01
1538 1441.313 175.2 1.04 0.01
1539 1442.833 113.8 1.04 -0.05
1540 1443.224 104.7 1.11 -0.02
1541 1444.098 145.6 1.09 0.07
1542 1447.084 91.0 1.11 0.09
1543 1447.402 150.2 1.10 0.07
1544 1448.613 109.2 1.09 0.06
1545 1449.323 38.7 1.09 0.04
1546 1450.097 136.5 1.12 0.07
1547 1450.816 120.6 1.16 0.07
1548 1451.080 195.7 1.06 0.10
1549 1451.881 172.9 1.02 0.10
1550 1453.856 168.4 1.14 0.04
1551 1454.047 145.6 1.12 0.04
1552 1456.204 236.7 1.12 0.04
1553 1456.732 163.8 1.12 -0.04
1554 1456.932 186.6 1.12 -0.04
1555 1457.834 91.0 1.04 -0.01
1556 1459.226 127.4 1.06 -0.04
1557 1460.127 118.3 1.11 -0.03
1558 1460.473 91.0 1.04 -0.04
1559 1463.704 88.7 1.14 -0.14
1560 1466.435 104.7 1.10 -0.01
1561 1467.227 264.0 1.11 -0.01
1562 1467.582 93.3 1.06 -0.01
1563 1468.756 88.7 1.11 0.00
1564 1469.639 113.8 1.10 -0.01
1565 1470.021 91.0 1.07 -0.01
1566 1470.203 161.6 1.09 0.06
1567 1471.150 157.0 1.09 0.02
1568 1471.332 150.2 1.09 0.01
1569 1471.596 182.0 1.08 0.01
1570 1472.379 136.5 1.09 0.01
1571 1472.971 141.1 1.13 0.02
1572 1474.918 170.7 1.09 -0.03
1573 1475.528 127.4 1.12 0.03
1574 1476.074 213.9 1.04 0.05
1575 1476.347 261.7 1.10 0.04
1576 1477.221 198.0 1.07 0.05
1577 1478.095 163.8 1.06 0.01
1578 1478.295 145.6 1.06 0.09
1579 1480.334 59.2 1.05 0.07
1580 1482.082 136.5 1.06 0.08
1581 1482.573 118.3 1.07 0.07
1582 1483.220 54.6 0.99 0.10
1583 1483.638 172.9 1.05 0.07
1584 1484.021 218.5 1.06 0.08
1585 1485.277 118.3 1.08 0.02
1586 1486.050 163.8 0.90 0.02
1587 1486.351 163.8 1.07 -0.03
1588 1487.170 145.6 1.05 0.03
1589 1487.589 63.7 0.98 -0.00
1590 1488.790 182.0 1.02 0.03
1591 1489.091 172.9 1.01 0.05
1592 1489.327 25.0 1.00 0.03
1593 1489.518 191.1 1.02 0.04
1594 1489.819 109.2 1.03 0.03
1595 1489.937 75.1 0.98 0.02
1596 1490.611 100.1 1.01 0.01
1597 1492.886 127.4 1.03 0.06
1598 1493.414 118.3 1.02 0.05
1599 1493.605 136.5 0.99 0.05
1600 1493.769 150.2 0.99 0.02
1601 1493.969 145.6 0.98 0.01
1602 1495.408 182.0 1.02 0.01
1603 1497.328 86.5 0.97 0.06
1604 1497.410 50.1 0.95 0.05
1605 1498.156 70.5 1.02 0.09
1606 1501.187 91.0 1.04 0.03
1607 1501.761 136.5 1.05 0.03
1608 1502.389 77.4 1.06 0.02
1609 1503.053 127.4 1.05 0.05
1610 1503.818 100.1 1.07 0.01
1611 1503.991 109.2 1.04 0.00
1612 1504.874 109.2 1.04 -0.00
1613 1505.101 172.9 1.05 -0.00
1614 1506.084 113.8 1.05 0.00
1615 1506.685 91.0 1.05 -0.03
1616 1507.122 93.3 1.00 0.01
1617 1507.249 86.5 1.04 0.02
1618 1507.541 154.7 1.05 0.01
1619 1510.026 136.5 1.03 0.04
1620 1511.318 93.3 1.00 0.03
1621 1512.301 136.5 1.01 0.04
1622 1514.367 318.6 1.01 0.04
1623 1516.097 127.4 1.00 0.03
1624 1516.370 127.4 1.07 0.05
1625 1520.111 104.7 1.00 0.09
1626 1521.194 118.3 1.02 0.08
1627 1522.332 113.8 1.02 0.06
1628 1522.860 154.7 0.99 0.07
1629 1523.615 109.2 1.01 0.05
1630 1524.698 107.0 1.02 0.04
1631 1525.554 152.5 1.03 0.02
1632 1526.237 100.1 1.02 0.03
1633 1526.928 168.4 1.05 -0.01
1634 1527.893 113.8 1.04 0.01
1635 1528.021 100.1 1.01 -0.00
1636 1528.631 102.4 1.02 0.02
1637 1528.776 120.6 1.05 0.02
1638 1529.131 145.6 1.03 -0.02
1639 1530.679 145.6 1.09 0.02
1640 1531.161 109.2 1.10 0.03
1641 1533.063 163.8 1.07 0.07
1642 1533.427 116.1 1.06 0.08
1643 1533.619 145.6 1.07 0.05
1644 1534.265 286.7 1.10 0.03
1645 1535.111 122.9 1.10 -0.01
1646 1537.278 41.0 1.14 0.01
1647 1538.862 191.1 1.12 0.09
1648 1539.508 79.6 1.08 0.02
1649 1539.672 95.6 1.12 0.03
1650 1539.854 109.2 1.10 0.03
1651 1540.664 68.3 1.08 0.07
1652 1545.288 168.4 1.11 0.02
1653 1545.533 168.4 1.11 0.02
1654 1545.870 182.0 1.12 -0.00
1655 1546.161 182.0 1.12 -0.00
1656 1550.867 186.6 1.11 -0.00
1657 1551.459 109.2 1.09 0.00
1658 1551.905 150.2 1.11 0.03
1659 1556.447 95.6 1.16 0.09
1660 1558.031 68.3 1.10 0.07
1661 1558.222 132.0 1.11 0.09
1662 1558.395 100.1 1.13 0.08
1663 1559.205 118.3 1.12 0.08
1664 1559.915 104.7 1.10 0.08
1665 1560.297 159.3 1.16 0.08
1666 1560.789 127.4 1.13 0.09
1667 1561.207 127.4 1.11 0.08
1668 1563.629 100.1 1.11 0.03
1669 1564.038 218.5 1.11 0.02
1670 1564.348 86.5 1.10 0.07
1671 1564.575 132.0 1.11 0.03
1672 1565.768 172.9 1.09 0.00
1673 1566.987 127.4 1.07 0.02
1674 1568.098 170.7 1.17 0.01
1675 1569.236 118.3 1.15 0.07
1676 1569.381 118.3 1.18 0.06
1677 1572.048 172.9 1.15 0.01
1678 1573.395 254.9 1.10 0.09
1679 1573.850 204.8 1.13 0.10
1680 1574.460 147.9 1.13 0.10
1681 1576.108 91.0 1.10 0.06
1682 1576.545 254.9 1.10 0.05
1683 1577.200 100.1 1.08 0.04
1684 1577.428 145.6 1.14 0.06
1685 1578.311 118.3 1.13 0.11
1686 1578.575 182.0 1.15 0.11
1687 1578.929 68.3 1.13 0.12
1688 1579.084 91.0 1.16 0.12
1689 1580.322 234.4 1.12 0.07
1690 1580.814 118.3 1.16 0.10
1691 1581.524 104.7 1.16 0.12
1692 1582.115 163.8 1.17 0.12
1693 1583.317 154.7 1.14 0.13
1694 1584.127 59.2 1.13 0.12
1695 1584.263 136.5 1.11 0.12
1696 1584.855 113.8 1.08 0.11
1697 1585.966 154.7 1.11 0.10
1698 1586.339 177.5 1.14 0.08
1699 1586.557 172.9 1.11 0.07
1700 1587.085 109.2 1.13 0.07
1701 1587.768 109.2 1.13 0.11
1702 1588.214 136.5 1.13 0.06
1703 1588.341 109.2 1.08 0.12
1704 1588.614 138.8 1.17 0.06
1705 1589.333 138.8 1.15 0.07
1706 1589.433 72.8 1.15 0.07
1707 1590.007 166.1 1.13 0.06
1708 1590.162 134.3 1.14 0.06
1709 1591.117 172.9 1.11 0.05
1710 1592.483 50.1 1.15 0.03
1711 1594.048 118.3 1.16 0.04
1712 1594.467 166.1 1.15 0.07
1713 1597.726 143.4 1.18 0.06
1714 1597.971 127.4 1.17 0.06
1715 1598.226 138.8 1.20 0.06
1716 1600.474 91.0 1.23 0.03
1717 1601.057 91.0 1.08 -0.05
1718 1601.412 154.7 1.16 0.02
1719 1601.549 109.2 1.16 0.01
1720 1602.331 163.8 1.17 0.02
1721 1602.641 264.0 1.17 0.06
1722 1604.115 195.7 1.16 0.03
1723 1604.944 127.4 1.14 0.01
1724 1606.455 277.6 1.16 0.03
1725 1607.565 172.9 1.16 0.02
1726 1614.201 250.3 1.16 0.07
1727 1615.002 111.5 1.14 0.05
1728 1615.530 168.4 1.15 0.06
1729 1617.250 145.6 1.16 0.02
1730 1618.597 125.2 1.15 0.02
1731 1619.271 154.7 1.14 0.05
1732 1619.671 70.5 1.13 0.01
1733 1620.891 77.4 1.14 0.01
1734 1622.192 154.7 1.07 -0.01
1735 1624.477 79.6 1.08 -0.01
1736 1625.433 138.8 1.07 -0.01
1737 1625.651 145.6 1.08 0.00
1738 1625.815 109.2 1.09 0.03
1739 1626.097 254.9 1.09 0.02
1740 1626.598 59.2 1.10 0.05
1741 1627.918 52.3 1.10 0.07
1742 1628.091 91.0 1.11 0.07
1743 1628.400 107.0 1.11 0.06
1744 1629.611 109.2 1.11 0.05
1745 1631.167 109.2 1.10 0.07
1746 1631.395 172.9 1.09 0.05
1747 1632.077 200.2 1.09 0.07
1748 1632.296 154.7 1.08 0.04
1749 1632.760 159.3 1.07 0.05
1750 1633.743 109.2 1.05 0.04
1751 1634.881 100.1 1.04 0.00
1752 1635.190 145.6 1.05 0.06
1753 1635.600 141.1 1.03 0.06
1754 1637.229 259.4 1.05 0.06
1755 1642.727 163.8 1.13 0.04
1756 1643.628 157.0 1.13 0.01
1757 1644.092 141.1 1.13 0.02
1758 1644.557 200.2 1.12 0.02
1759 1645.212 127.4 1.10 0.02
1760 1645.403 109.2 1.11 0.04
1761 1647.451 81.9 1.13 0.05
1762 1648.953 109.2 1.15 0.06
1763 1649.135 118.3 1.12 0.06
1764 1649.417 150.2 1.16 0.06
1765 1650.901 91.0 1.03 0.05
1766 1651.128 102.4 1.14 0.05
1767 1651.401 159.3 1.12 0.09
1768 1652.475 172.9 1.09 0.08
1769 1653.340 97.8 1.12 0.07
1770 1653.813 100.1 1.11 0.07
1771 1655.115 125.2 1.13 0.03
1772 1656.007 163.8 1.16 0.01
1773 1656.544 127.4 1.13 0.07
1774 1656.863 100.1 1.11 0.01
1775 1658.183 47.8 1.07 -0.03
1776 1658.783 77.4 1.04 0.05
1777 1666.893 172.9 1.03 -0.03
1778 1667.121 100.1 1.04 -0.03
1779 1668.778 127.4 1.08 -0.02
1780 1670.179 97.8 1.06 -0.02
1781 1670.634 109.2 1.07 0.01
1782 1670.816 141.1 1.06 0.01
1783 1671.545 198.0 1.05 -0.00
1784 1673.028 107.0 1.05 0.01
1785 1673.283 145.6 1.06 0.02
1786 1676.005 109.2 1.07 0.00
1787 1676.187 127.4 1.10 -0.01
1788 1678.235 113.8 1.10 -0.01
1789 1679.973 109.2 1.06 -0.01
1790 1680.447 122.9 1.07 -0.01
1791 1681.712 191.1 1.05 0.06
1792 1683.013 104.7 1.06 -0.04
1793 1684.761 81.9 1.06 0.01
1794 1685.671 118.3 1.09 -0.04
1795 1685.817 91.0 1.08 -0.01
1796 1686.609 145.6 1.08 -0.04
1797 1687.210 136.5 1.07 -0.03
1798 1687.965 136.5 1.03 -0.03
1799 1688.193 186.6 1.05 -0.03
1800 1688.893 145.6 1.08 -0.03
1801 1689.749 154.7 1.08 -0.03
1802 1690.286 125.2 1.08 -0.06
1803 1691.360 104.7 1.08 -0.02
1804 1691.697 102.4 1.07 -0.02
1805 1691.861 125.2 1.07 -0.02
1806 1692.471 136.5 1.07 -0.03
1807 1694.664 182.0 1.05 0.00
1808 1697.295 132.0 1.07 -0.01
1809 1697.604 134.3 1.07 0.01
1810 1698.296 104.7 1.07 0.01
1811 1699.652 100.1 1.01 0.08
1812 1700.280 88.7 1.05 0.07
1813 1701.700 318.6 1.05 0.06
1814 1702.820 182.0 1.07 0.06
1815 1703.475 91.0 1.05 0.01
1816 1706.024 154.7 1.05 0.02
1817 1706.879 100.1 1.07 0.03
1818 1707.071 127.4 1.07 0.03
1819 1707.753 100.1 1.06 -0.00
1820 1708.063 118.3 1.05 0.01
1821 1709.656 225.3 1.05 0.02
1822 1710.620 127.4 1.08 0.10
1823 1711.758 109.2 1.10 0.05
1824 1713.251 68.3 1.12 0.03
1825 1715.181 66.0 1.08 0.08
1826 1716.328 145.6 1.11 0.04
1827 1717.038 145.6 1.09 0.07
1828 1718.585 177.5 1.07 0.05
1829 1719.714 132.0 1.02 -0.07
1830 1722.717 182.0 1.07 -0.15
1831 1725.184 122.9 1.08 -0.08
1832 1725.685 97.8 1.06 -0.04
1833 1726.213 177.5 1.04 0.03
1834 1726.477 102.4 1.05 0.02
1835 1726.704 113.8 1.07 -0.02
1836 1727.596 127.4 1.07 -0.05
1837 1727.733 59.2 1.04 -0.06
1838 1728.943 298.1 1.04 -0.11
1839 1729.981 200.2 1.02 -0.09
1840 1730.236 102.4 1.08 0.03
1841 1730.500 127.4 1.09 -0.02
1842 1731.073 202.5 1.15 0.03
1843 1731.446 286.7 1.10 0.03
1844 1731.829 298.1 1.15 0.06
1845 1732.238 132.0 1.11 0.06
1846 1733.230 118.3 1.11 0.07
1847 1733.913 118.3 1.12 0.07
1848 1735.133 100.1 1.07 0.09
1849 1735.324 127.4 1.06 0.14
1850 1737.936 300.4 1.08 0.03
1851 1738.400 100.1 0.96 0.11
1852 1739.502 132.0 0.96 0.09
1853 1739.620 70.5 1.01 0.07
1854 1741.522 122.9 0.96 0.10
1855 1741.814 118.3 1.01 0.05
1856 1742.169 145.6 0.96 0.06
1857 1744.490 136.5 0.97 0.03
1858 1749.068 84.2 0.96 -0.01
1859 1750.215 129.7 0.99 -0.01
1860 1752.117 100.1 1.03 -0.00
1861 1752.609 409.6 1.00 0.00
1862 1753.683 75.1 0.97 0.07
1863 1753.865 136.5 0.98 0.05
1864 1754.439 129.7 0.99 0.07
1865 1754.775 118.3 0.97 0.08
1866 1755.057 50.1 1.00 0.08
1867 1755.877 122.9 1.04 0.15
1868 1758.981 127.4 0.97 0.02
1869 1760.655 109.2 1.10 0.05
1870 1762.021 95.6 0.99 0.03
1871 1762.312 147.9 0.92 0.05
1872 1762.649 163.8 0.91 0.08
1873 1763.277 127.4 0.91 0.04
1874 1764.952 172.9 0.89 0.02
1875 1765.152 100.1 0.98 0.03
1876 1766.590 125.2 0.97 0.03
1877 1769.002 79.6 1.01 -0.00
1878 1769.585 109.2 1.04 0.01
1879 1769.840 118.3 1.03 0.01
1880 1770.559 25.0 1.02 -0.02
1881 1770.786 150.2 0.99 0.02
1882 1771.269 95.6 1.01 -0.00
1883 1771.369 61.4 1.03 0.03
1884 1772.006 93.3 0.99 0.04
1885 1772.497 97.8 0.98 0.04
1886 1773.125 127.4 1.00 0.05
1887 1773.362 138.8 1.11 0.04
1888 1773.635 118.3 1.01 0.07
1889 1775.674 314.0 1.08 0.02
1890 1776.584 93.3 1.06 0.01
1891 1777.021 118.3 1.05 0.01
1892 1779.051 172.9 1.08 -0.00
1893 1779.406 107.0 1.06 -0.00
1894 1779.852 93.3 1.05 0.00
1895 1780.061 132.0 1.08 0.00
1896 1780.507 127.4 1.06 0.02
1897 1780.826 186.6 1.06 0.03
1898 1781.063 136.5 1.06 0.03
1899 1781.336 107.0 1.12 0.03
1900 1782.209 66.0 1.06 0.08
1901 1782.373 202.5 1.07 0.10
1902 1783.156 100.1 1.08 0.09
1903 1783.593 154.7 1.10 0.12
1904 1784.876 152.5 1.05 0.09
1905 1785.068 100.1 1.07 0.09
1906 1785.841 72.8 1.04 0.09
1907 1786.797 150.2 1.11 0.08
1908 1787.325 113.8 1.06 0.08
1909 1789.610 93.3 1.07 0.08
1910 1789.782 102.4 1.06 0.06
1911 1789.901 104.7 1.11 0.05
1912 1790.547 275.3 1.05 0.05
1913 1791.257 100.1 1.05 0.07
1914 1791.475 138.8 1.09 0.05
1915 1797.774 125.2 1.02 0.05
1916 1801.916 100.1 1.01 0.10
1917 1802.416 136.5 1.02 0.12
1918 1803.709 188.9 1.07 0.01
1919 1803.991 232.1 1.04 0.08
1920 1804.528 125.2 1.06 0.01
1921 1805.420 168.4 1.06 -0.03
1922 1806.048 118.3 1.04 0.02
1923 1806.449 136.5 1.05 0.04
1924 1806.986 182.0 1.05 0.06
1925 1807.241 163.8 1.03 0.06
1926 1807.486 93.3 1.03 0.07
1927 1807.714 127.4 1.04 0.07
1928 1810.008 136.5 1.04 0.05
1929 1810.781 143.4 1.02 -0.02
1930 1811.428 218.5 1.04 -0.09
1931 1812.684 118.3 1.07 -0.05
1932 1813.175 198.0 1.02 -0.06
1933 1813.676 182.0 0.99 -0.10
1934 1815.396 302.6 0.98 -0.06
1935 1817.280 161.6 1.04 0.06
1936 1820.284 154.7 1.09 -0.00
1937 1821.358 91.0 1.06 -0.03
1938 1822.241 186.6 1.12 -0.05
1939 1823.342 132.0 1.09 -0.06
1940 1823.925 145.6 1.10 -0.05
1941 1825.700 86.5 0.90 -0.01
1942 1825.964 177.5 1.08 -0.05
1943 1826.401 47.8 1.07 0.01
1944 1827.001 259.4 1.02 -0.01
1945 1827.329 136.5 0.98 -0.04
1946 1829.468 113.8 1.00 0.00
1947 1830.260 172.9 0.93 -0.03
1948 1830.497 143.4 0.96 -0.03
1949 1831.598 118.3 0.96 0.02
1950 1832.308 120.6 0.95 0.05
1951 1832.618 132.0 0.98 0.07
1952 1833.546 113.8 0.95 0.03
1953 1838.780 141.1 0.93 0.01
1954 1838.916 70.5 0.99 -0.02
1955 1840.145 211.6 1.03 -0.06
1956 1841.246 145.6 0.90 -0.05
1957 1842.466 127.4 1.07 -0.02
1958 1843.140 118.3 1.05 0.00
1959 1843.568 116.1 1.04 -0.01
1960 1845.315 193.4 0.93 0.03
1961 1846.371 109.2 0.89 -0.01
1962 1846.999 238.9 1.00 0.02
1963 1847.509 109.2 1.01 0.04
1964 1847.654 118.3 0.99 0.01
1965 1847.991 157.0 0.98 0.01
1966 1850.704 88.7 1.03 0.06
1967 1852.105 116.1 1.00 0.04
1968 1852.397 118.3 0.97 0.06
1969 1852.952 250.3 0.93 0.04
1970 1853.999 127.4 1.03 0.04
1971 1854.463 52.3 0.89 -0.06
1972 1856.447 75.1 0.99 0.03
1973 1857.721 168.4 1.03 0.08
1974 1858.350 143.4 1.03 0.03
1975 1859.533 86.5 1.06 -0.01
1976 1859.860 129.7 1.06 0.07
1977 1860.479 154.7 1.06 0.07
1978 1861.908 120.6 1.03 0.07
1979 1863.292 145.6 1.02 0.07
1980 1863.638 138.8 0.96 0.08
1981 1864.157 134.3 1.06 0.07
1982 1865.540 118.3 1.04 0.01
1983 1865.977 118.3 1.03 0.06
1984 1866.187 218.5 1.04 0.08
1985 1866.496 145.6 1.04 0.10
1986 1870.446 70.5 1.05 0.04
1987 1871.129 127.4 1.14 -0.05
1988 1873.177 111.5 1.10 0.03
1989 1873.295 147.9 1.09 0.03
1990 1874.961 161.6 1.13 -0.01
1991 1875.626 161.6 1.04 0.00
1992 1876.863 127.4 1.03 0.03
1993 1877.528 136.5 1.05 0.08
1994 1879.512 198.0 1.12 -0.03
1995 1881.952 145.6 1.03 0.02
1996 1883.526 66.0 1.03 0.03
1997 1883.736 91.0 1.01 0.03
1998 1883.918 72.8 1.02 0.00
1999 1885.101 127.4 1.08 -0.07
2000 1885.438 127.4 1.09 -0.05
