1 1.715 127.4 0.87 0.08
2 2.152 107.0 0.88 0.04
3 2.352 182.0 0.96 0.02
4 2.725 209.4 0.91 0.07
5 4.336 163.8 0.86 0.02
6 4.873 81.9 0.92 0.01
7 7.039 136.5 0.93 0.01
8 7.231 86.5 1.03 0.01
9 8.214 154.7 0.97 0.00
10 11.281 172.9 1.05 0.11
11 11.618 136.5 1.04 0.10
12 12.847 54.6 0.99 0.06
13 12.983 102.4 1.00 0.06
14 13.648 195.7 1.07 0.02
15 14.576 204.8 1.02 0.04
16 14.813 202.5 1.07 0.03
17 18.800 70.5 1.04 -0.06
18 19.528 154.7 0.99 0.04
19 19.992 182.0 0.98 0.01
20 22.741 143.4 0.98 0.02
21 23.960 100.1 0.98 0.01
22 24.625 213.9 1.00 0.02
23 24.889 59.2 1.00 0.01
24 25.235 182.0 1.00 0.02
25 25.481 195.7 0.97 0.02
26 26.036 152.5 0.98 0.02
27 26.191 122.9 0.99 0.02
28 26.609 127.4 0.96 -0.01
29 29.913 93.3 0.98 0.02
30 30.013 61.4 0.93 0.02
31 31.497 223.0 0.99 0.01
32 31.879 161.6 1.00 0.00
33 32.171 118.3 1.00 0.02
34 34.728 122.9 0.97 -0.04
35 35.675 109.2 1.02 0.01
36 36.258 200.2 0.98 -0.07
37 36.968 109.2 1.00 -0.08
38 39.188 154.7 0.95 -0.01
39 40.554 136.5 0.92 -0.00
40 41.956 182.0 0.93 0.01
41 42.147 163.8 0.92 0.01
42 44.704 125.2 0.99 0.09
43 44.914 132.0 0.93 0.09
44 45.560 145.6 0.96 0.07
45 45.742 113.8 0.88 0.07
46 46.771 188.9 0.90 0.06
47 47.772 132.0 0.89 0.14
48 48.464 118.3 0.86 0.14
49 48.691 141.1 0.93 0.08
50 50.484 154.7 0.98 0.08
51 50.694 138.8 0.93 0.03
52 52.396 282.2 0.93 0.07
53 55.081 109.2 0.93 0.08
54 56.647 236.7 0.95 -0.01
55 57.657 179.8 0.89 0.07
56 59.004 145.6 0.90 0.03
57 59.441 159.3 0.87 0.04
58 60.715 109.2 0.91 0.15
59 64.347 198.0 1.00 0.12
60 65.002 136.5 0.97 0.12
61 67.733 104.7 0.89 0.09
62 68.161 154.7 0.91 0.03
63 70.901 100.1 1.06 0.00
64 71.820 132.0 1.08 0.09
65 73.458 282.2 1.03 0.02
66 73.686 163.8 1.03 0.01
67 75.952 100.1 0.95 -0.03
68 76.262 100.1 0.98 -0.02
69 78.000 77.4 1.00 -0.11
70 78.692 145.6 1.08 -0.04
71 81.250 122.9 1.09 0.03
72 83.962 195.7 1.04 0.08
73 85.109 200.2 1.08 0.13
74 86.575 168.4 1.10 0.10
75 87.967 72.8 1.12 0.04
76 88.632 275.3 1.12 0.01
77 92.537 100.1 1.14 0.06
78 92.782 95.6 1.14 0.10
79 95.231 100.1 1.12 0.09
80 98.062 157.0 1.16 0.09
81 98.508 134.3 1.13 0.10
82 98.917 109.2 1.14 0.08
83 99.946 118.3 1.14 0.08
84 100.856 104.7 1.13 0.07
85 101.166 127.4 1.13 0.08
86 101.457 132.0 1.12 0.07
87 101.684 157.0 1.13 0.08
88 103.214 113.8 1.13 0.07
89 105.471 154.7 1.13 0.10
90 106.035 100.1 1.12 0.11
91 109.676 138.8 1.09 0.08
92 110.304 127.4 1.07 0.09
93 110.705 163.8 1.09 0.09
94 111.005 127.4 1.10 0.08
95 113.717 86.5 1.11 0.05
96 115.183 127.4 1.10 0.06
97 116.430 118.3 1.05 0.01
98 117.158 145.6 1.05 0.04
99 118.105 143.4 1.06 0.07
100 118.296 93.3 1.04 0.06
101 120.235 166.1 1.05 0.06
102 121.272 109.2 1.06 0.03
103 121.655 264.0 1.10 0.03
104 123.002 188.9 1.11 0.04
105 125.123 118.3 1.11 0.01
106 126.206 254.9 1.10 0.01
107 127.953 88.7 1.11 0.00
108 129.364 93.3 1.09 0.01
109 129.455 68.3 1.09 0.01
110 129.938 56.9 1.09 0.01
111 130.566 116.1 1.10 0.01
112 131.003 79.6 1.07 0.04
113 131.913 193.4 1.06 0.05
114 132.441 225.3 1.07 0.08
115 133.114 179.8 1.06 0.08
116 133.697 202.5 1.03 0.07
117 134.325 154.7 1.02 0.08
118 134.625 163.8 1.02 0.07
119 135.754 236.7 1.05 0.02
120 136.500 102.4 1.02 0.04
121 138.266 118.3 0.98 0.07
122 140.487 79.6 1.02 0.07
123 140.897 127.4 0.99 0.05
124 142.326 143.4 0.96 0.00
125 143.318 154.7 1.04 0.03
126 144.510 191.1 1.00 0.11
127 145.630 107.0 1.02 0.11
128 147.459 118.3 1.07 -0.03
129 147.732 163.8 1.11 -0.03
130 148.415 191.1 1.01 0.03
131 150.254 122.9 0.88 0.05
132 150.536 191.1 1.14 0.03
133 150.845 109.2 1.13 0.07
134 151.082 111.5 1.07 0.08
135 151.838 118.3 1.05 0.09
136 152.338 109.2 1.03 0.10
137 152.466 100.1 1.06 0.10
138 152.748 81.9 1.09 0.12
139 153.194 109.2 1.08 0.11
140 153.740 209.4 1.12 0.12
141 154.295 125.2 1.08 0.08
142 154.923 136.5 1.07 0.08
143 155.852 91.0 1.07 0.08
144 156.398 100.1 1.09 0.03
145 157.872 161.6 1.07 0.03
146 159.511 141.1 1.13 0.05
147 159.656 109.2 1.08 0.05
148 161.040 136.5 1.15 0.04
149 161.186 145.6 1.09 0.07
150 161.577 113.8 1.08 0.05
151 163.079 68.3 1.10 0.05
152 163.252 172.9 1.13 0.03
153 163.516 118.3 1.13 0.03
154 163.789 63.7 1.10 0.07
155 164.562 102.4 1.10 0.06
156 166.965 72.8 1.09 0.03
157 167.066 81.9 1.08 0.03
158 167.539 145.6 1.07 0.02
159 169.013 118.3 1.07 0.02
160 170.169 100.1 0.98 0.06
161 170.761 91.0 1.06 0.04
162 172.081 209.4 1.07 0.03
163 172.345 145.6 1.08 0.03
164 173.383 166.1 1.03 0.06
165 173.683 93.3 1.02 0.05
166 174.102 91.0 1.04 0.04
167 174.311 129.7 1.04 0.05
168 174.903 195.7 0.98 0.06
169 177.278 116.1 1.07 0.11
170 177.633 182.0 1.07 0.08
171 178.070 129.7 1.06 0.09
172 178.261 232.1 1.05 0.06
173 180.965 136.5 0.99 0.09
174 182.021 227.6 0.97 0.10
175 182.548 104.7 0.93 0.07
176 182.721 100.1 0.92 0.06
177 184.141 95.6 0.89 0.00
178 186.180 91.0 0.92 -0.01
179 186.790 127.4 0.96 -0.00
180 187.209 136.5 1.02 0.02
181 188.155 225.3 1.00 0.02
182 188.638 118.3 1.03 0.00
183 189.594 127.4 1.05 0.03
184 191.332 145.6 1.08 -0.01
185 192.151 213.9 1.00 0.03
186 192.397 100.1 1.00 0.02
187 194.336 127.4 1.03 -0.00
188 194.900 145.6 1.07 0.03
189 195.055 127.4 1.06 0.03
190 195.519 136.5 1.09 0.05
191 195.756 213.9 1.13 0.04
192 195.965 61.4 1.09 0.07
193 196.848 111.5 1.11 0.01
194 197.786 102.4 1.09 -0.01
195 198.040 116.1 1.10 -0.04
196 198.878 43.2 1.09 -0.02
197 199.187 207.1 1.07 0.01
198 200.544 77.4 1.06 0.01
199 201.135 77.4 1.07 0.02
200 203.484 118.3 1.05 0.03
201 204.057 184.3 1.07 0.01
202 204.503 411.9 1.07 0.01
203 204.976 95.6 1.06 0.01
204 205.140 141.1 1.07 0.01
205 205.422 213.9 1.09 -0.00
206 205.841 45.5 1.08 0.05
207 206.296 109.2 1.11 0.08
208 206.615 86.5 1.09 0.07
209 206.797 43.2 1.09 0.07
210 208.062 109.2 1.10 0.06
211 208.472 77.4 1.11 0.06
212 209.764 113.8 1.14 0.03
213 209.919 145.6 1.14 0.02
214 210.574 127.4 1.15 0.01
215 210.774 127.4 1.12 0.04
216 211.230 70.5 1.12 0.05
217 211.439 154.7 1.09 0.09
218 212.531 109.2 1.07 0.12
219 213.350 195.7 1.06 0.11
220 213.824 100.1 1.10 0.05
221 214.170 243.5 1.08 0.09
222 214.406 113.8 1.07 0.09
223 215.107 91.0 1.08 0.08
224 216.864 118.3 1.00 0.08
225 217.610 145.6 1.12 0.09
226 219.067 100.1 1.08 0.09
227 221.806 145.6 1.03 0.04
228 223.408 163.8 0.99 0.06
229 224.355 161.6 1.12 0.11
230 224.710 104.7 1.07 0.13
231 226.330 252.6 1.09 0.04
232 227.868 154.7 1.08 0.06
233 228.242 136.5 1.12 0.05
234 229.616 150.2 1.08 0.05
235 230.290 47.8 1.09 0.06
236 230.435 179.8 1.08 0.05
237 231.864 68.3 1.11 0.03
238 232.201 127.4 1.10 0.05
239 232.356 81.9 1.07 0.05
240 233.657 348.2 1.09 0.06
241 235.123 147.9 1.08 0.05
242 235.451 218.5 1.03 0.01
243 236.060 209.4 1.10 0.05
244 236.561 141.1 1.11 0.01
245 236.934 238.9 1.11 -0.06
246 238.409 129.7 1.07 0.04
247 239.046 118.3 1.08 0.02
248 239.210 93.3 1.07 0.04
249 240.675 125.2 1.10 0.05
250 240.948 300.4 1.11 0.03
251 242.359 172.9 1.09 0.06
252 243.024 191.1 1.09 0.06
253 245.081 186.6 1.07 0.02
254 246.473 109.2 1.04 0.05
255 246.774 127.4 1.09 0.01
256 246.938 125.2 1.06 0.05
257 247.183 84.2 1.08 0.06
258 247.429 161.6 1.06 0.04
259 248.194 47.8 1.09 0.06
260 249.295 145.6 1.08 0.02
261 251.188 100.1 1.07 0.05
262 252.372 198.0 1.01 0.04
263 252.645 159.3 1.09 0.04
264 255.321 93.3 1.05 -0.00
265 256.595 273.1 1.01 -0.03
266 257.414 54.6 1.05 -0.04
267 257.988 307.2 1.04 -0.07
268 261.101 213.9 0.96 -0.05
269 263.094 100.1 1.01 -0.02
270 264.113 95.6 1.05 0.00
271 264.987 111.5 1.06 -0.00
272 266.444 184.3 1.04 -0.07
273 270.376 81.9 1.08 -0.01
274 270.722 81.9 0.99 -0.01
275 270.922 109.2 0.97 -0.01
276 271.150 127.4 1.09 -0.05
277 271.741 47.8 1.10 -0.04
278 272.478 216.2 1.07 -0.05
279 273.252 229.8 1.11 -0.06
280 273.489 200.2 1.12 -0.06
281 273.789 95.6 1.09 -0.02
282 275.045 302.6 1.13 -0.05
283 276.256 86.5 1.12 -0.05
284 276.383 122.9 1.14 -0.06
285 278.195 209.4 1.11 0.05
286 279.314 127.4 1.09 0.04
287 280.061 136.5 1.08 0.04
288 281.635 100.1 1.08 0.02
289 281.917 245.8 1.09 0.04
290 282.728 56.9 1.09 0.08
291 283.620 102.4 1.10 -0.02
292 285.932 125.2 1.08 0.00
293 288.143 191.1 1.07 -0.01
294 288.608 129.7 1.08 -0.01
295 289.936 59.2 1.05 0.02
296 290.464 209.4 1.07 0.01
297 290.810 107.0 1.03 0.04
298 291.074 113.8 1.02 0.03
299 291.193 102.4 1.03 0.00
300 291.666 109.2 1.05 0.02
301 292.094 127.4 1.01 0.01
302 292.285 227.6 1.01 0.05
303 293.941 141.1 1.01 0.04
304 294.124 50.1 1.00 0.05
305 294.287 127.4 1.01 0.06
306 294.460 97.8 1.03 0.05
307 294.688 175.2 1.03 0.07
308 295.826 100.1 1.05 0.03
309 296.399 154.7 1.08 0.04
310 296.681 141.1 1.08 0.01
311 297.956 145.6 1.06 -0.03
312 298.638 177.5 1.05 -0.01
313 300.450 172.9 1.05 -0.02
314 300.686 125.2 1.07 -0.02
315 301.460 107.0 1.06 -0.06
316 301.897 125.2 1.05 -0.03
317 302.361 88.7 1.08 -0.05
318 302.516 109.2 1.06 -0.05
319 302.907 145.6 1.09 -0.04
320 304.600 172.9 1.06 -0.01
321 305.092 200.2 1.08 -0.01
322 306.093 218.5 1.07 0.08
323 306.712 109.2 1.02 0.09
324 308.824 66.0 1.04 -0.00
325 308.915 68.3 1.05 -0.00
326 309.333 102.4 1.06 -0.01
327 310.680 223.0 1.01 -0.04
328 311.436 91.0 1.01 -0.03
329 311.946 177.5 0.98 -0.03
330 312.756 134.3 0.98 0.03
331 313.329 138.8 1.07 -0.05
332 313.748 232.1 0.97 0.05
333 314.076 207.1 0.92 0.05
334 314.512 118.3 0.91 0.04
335 314.849 213.9 0.87 0.02
336 314.995 31.9 0.92 0.02
337 315.150 204.8 0.91 0.00
338 315.359 100.1 0.89 0.03
339 315.705 234.4 0.86 -0.03
340 316.369 175.2 0.86 -0.02
341 316.943 109.2 0.92 -0.01
342 317.971 86.5 1.05 0.03
343 318.490 191.1 0.95 0.06
344 319.528 136.5 0.94 0.05
345 322.741 157.0 0.98 0.05
346 323.797 168.4 1.02 -0.03
347 324.607 145.6 1.02 -0.02
348 324.980 166.1 1.03 -0.01
349 325.453 132.0 0.98 -0.01
350 325.881 229.8 1.04 -0.01
351 326.227 145.6 0.89 0.00
352 326.446 118.3 1.04 -0.00
353 327.228 154.7 1.06 0.02
354 327.419 132.0 1.04 0.01
355 328.002 97.8 1.06 0.03
356 328.148 95.6 1.05 0.02
357 328.803 204.8 1.04 0.06
358 329.586 132.0 1.03 -0.04
359 332.125 127.4 1.06 -0.07
360 333.773 66.0 1.12 -0.00
361 333.900 118.3 1.06 -0.03
362 334.210 132.0 1.10 -0.00
363 335.994 136.5 1.07 0.02
364 336.476 86.5 1.04 0.03
365 337.805 129.7 1.04 0.07
366 339.434 111.5 1.07 -0.03
367 340.554 172.9 1.06 0.00
368 340.763 136.5 1.06 -0.00
369 341.510 145.6 1.05 -0.03
370 342.010 25.0 1.04 0.03
371 343.112 127.4 1.06 -0.07
372 345.688 50.1 1.05 -0.03
373 345.770 43.2 1.02 -0.02
374 346.006 175.2 1.00 -0.02
375 346.206 198.0 1.03 -0.02
376 346.571 145.6 1.01 -0.02
377 347.044 154.7 1.03 -0.03
378 347.490 136.5 0.97 -0.02
379 349.201 109.2 0.95 -0.04
380 351.440 107.0 0.98 -0.04
381 352.960 163.8 0.92 -0.08
382 353.434 175.2 0.93 -0.07
383 353.679 143.4 0.94 -0.07
384 354.089 136.5 0.92 -0.06
385 354.326 159.3 0.95 -0.06
386 354.753 145.6 0.95 -0.03
387 355.509 200.2 0.98 -0.03
388 355.791 109.2 0.97 -0.02
389 358.103 282.2 1.00 -0.00
390 358.868 113.8 1.00 0.08
391 360.197 66.0 1.01 0.11
392 361.243 141.1 1.05 0.18
393 361.835 145.6 1.06 0.09
394 364.557 100.1 1.06 0.06
395 364.711 113.8 1.03 0.06
396 365.084 75.1 1.04 0.03
397 365.321 109.2 1.04 0.02
398 365.722 109.2 1.04 -0.01
399 366.004 116.1 1.06 -0.01
400 367.305 118.3 1.11 0.04
401 367.606 141.1 1.11 0.05
402 368.480 93.3 1.10 0.07
403 368.662 159.3 0.99 0.04
404 369.208 66.0 1.07 0.06
405 370.391 143.4 1.02 0.03
406 377.218 127.4 1.08 0.05
407 377.354 109.2 1.05 0.06
408 378.301 88.7 1.05 0.11
409 378.610 97.8 1.06 0.09
410 380.868 109.2 1.05 0.05
411 381.150 118.3 1.05 0.05
412 383.444 31.9 1.06 0.02
413 383.899 273.1 1.05 0.01
414 384.418 136.5 1.07 0.02
415 385.282 118.3 1.08 0.06
416 386.456 138.8 1.04 0.00
417 387.676 177.5 1.09 0.15
418 388.423 93.3 1.05 0.08
419 388.677 109.2 1.07 0.11
420 389.041 175.2 1.05 0.05
421 390.234 232.1 1.12 0.08
422 390.489 125.2 1.12 0.07
423 391.927 282.2 1.08 0.16
424 392.537 109.2 1.07 0.14
425 393.083 95.6 1.07 0.19
426 394.357 198.0 1.00 0.08
427 396.487 145.6 0.96 0.08
428 397.634 95.6 0.95 0.14
429 399.163 150.2 1.06 0.16
430 399.991 273.1 1.08 0.19
431 401.684 150.2 1.05 0.16
432 401.894 177.5 1.02 0.13
433 402.713 163.8 1.10 0.16
434 403.924 91.0 1.08 0.05
435 405.043 200.2 1.00 0.03
436 406.336 100.1 0.98 0.03
437 406.609 104.7 0.94 0.08
438 409.895 154.7 1.03 0.13
439 411.406 136.5 1.00 0.10
440 412.543 172.9 0.99 0.06
441 412.871 113.8 0.98 0.04
442 413.536 102.4 0.97 0.03
443 415.829 118.3 1.04 0.04
444 416.312 122.9 1.03 0.10
445 416.749 150.2 1.04 0.11
446 418.278 91.0 1.05 0.14
447 418.687 104.7 1.05 0.15
448 419.252 122.9 1.08 0.17
449 419.880 172.9 1.06 0.09
450 420.226 127.4 0.99 0.05
451 421.236 107.0 1.00 0.00
452 421.864 236.7 1.02 -0.00
453 422.456 195.7 1.00 0.19
454 423.148 122.9 0.99 0.14
455 423.794 70.5 0.98 0.16
456 424.222 175.2 0.98 0.16
457 424.440 134.3 1.02 0.17
458 425.250 132.0 0.96 0.15
459 426.552 118.3 0.99 0.08
460 426.825 154.7 0.96 0.07
461 427.790 188.9 0.99 -0.04
462 429.037 88.7 0.96 0.03
463 429.255 141.1 0.99 0.09
464 430.648 95.6 0.97 0.11
465 432.377 132.0 0.95 0.09
466 432.559 113.8 1.00 0.09
467 432.850 95.6 0.97 0.07
468 433.378 213.9 0.94 0.12
469 434.006 104.7 0.97 0.10
470 438.139 61.4 1.03 0.03
471 438.731 154.7 0.97 0.05
472 439.440 150.2 0.98 0.11
473 441.297 175.2 0.98 0.06
474 442.663 122.9 0.98 0.03
475 442.863 95.6 1.03 0.04
476 443.218 129.7 0.99 0.03
477 443.364 143.4 1.02 0.04
478 448.825 186.6 1.01 -0.01
479 449.016 168.4 0.98 -0.01
480 449.944 127.4 1.05 -0.01
481 450.609 154.7 1.04 0.04
482 453.321 232.1 0.97 0.01
483 454.896 154.7 1.03 0.05
484 455.287 104.7 1.01 0.07
485 457.982 81.9 0.93 0.07
486 458.127 118.3 0.96 0.06
487 459.356 179.8 0.97 0.05
488 459.474 168.4 1.01 0.05
489 460.239 179.8 0.96 0.10
490 463.243 172.9 0.98 0.07
491 463.816 145.6 1.00 -0.03
492 465.764 145.6 0.99 0.03
493 466.784 109.2 0.97 0.05
494 468.768 154.7 0.96 -0.05
495 470.525 136.5 0.95 0.06
496 471.053 109.2 0.98 0.00
497 473.647 147.9 0.98 0.05
498 473.920 193.4 0.94 0.05
499 474.402 95.6 1.03 0.04
500 474.903 145.6 1.02 0.03
501 476.250 168.4 0.99 0.02
502 477.688 95.6 1.00 0.02
503 477.961 77.4 1.06 0.07
504 478.352 95.6 0.98 -0.01
505 479.863 109.2 1.04 0.08
506 480.583 56.9 1.02 0.09
507 482.075 193.4 1.08 0.10
508 482.421 145.6 1.04 0.05
509 482.986 154.7 1.04 0.05
510 483.359 118.3 1.08 0.09
511 485.134 154.7 0.98 0.10
512 485.725 163.8 0.96 0.04
513 486.262 122.9 0.98 0.02
514 486.517 136.5 0.99 0.02
515 487.591 118.3 0.97 0.03
516 487.773 136.5 0.98 0.02
517 488.046 170.7 0.97 0.05
518 488.374 150.2 0.97 0.09
519 488.847 218.5 0.96 0.10
520 489.384 188.9 0.92 0.06
521 490.468 179.8 0.90 0.00
522 492.506 109.2 0.98 -0.04
523 493.053 234.4 0.95 -0.05
524 493.763 47.8 0.89 -0.04
525 493.835 95.6 0.95 -0.05
526 496.338 225.3 0.94 -0.01
527 498.250 100.1 0.95 0.01
528 498.814 109.2 0.94 -0.01
529 499.178 136.5 0.95 -0.03
530 500.507 218.5 0.94 0.04
531 502.373 141.1 0.98 0.07
532 502.701 168.4 0.96 0.07
533 503.684 118.3 0.95 0.06
534 504.494 245.8 0.92 -0.02
535 504.967 145.6 0.95 0.05
536 505.149 145.6 0.94 0.06
537 505.559 41.0 0.90 -0.01
538 506.797 143.4 0.94 -0.00
539 507.116 127.4 0.92 0.02
540 507.571 216.2 0.93 0.01
541 508.517 127.4 0.95 0.02
542 509.955 163.8 0.94 0.09
543 510.156 136.5 0.95 0.08
544 510.920 104.7 0.97 0.07
545 511.139 104.7 0.96 0.08
546 513.633 282.2 0.94 0.06
547 515.471 154.7 0.89 0.00
548 515.908 113.8 0.93 -0.04
549 516.300 248.0 0.89 -0.01
550 517.301 118.3 0.85 -0.04
551 517.519 182.0 0.87 -0.05
552 520.396 136.5 0.86 -0.03
553 521.251 109.2 0.84 -0.02
554 521.452 118.3 0.86 -0.00
555 522.908 111.5 0.88 0.01
556 523.226 218.5 0.89 0.04
557 523.518 227.6 0.87 0.03
558 524.118 145.6 0.85 -0.02
559 524.355 145.6 0.84 0.00
560 527.404 264.0 0.87 -0.02
561 531.173 154.7 0.93 -0.07
562 532.329 200.2 0.91 -0.05
563 532.902 118.3 0.87 -0.02
564 533.312 118.3 0.91 -0.02
565 533.785 163.8 0.89 -0.03
566 534.213 127.4 0.91 -0.01
567 535.023 345.9 0.87 -0.04
568 535.587 191.1 0.88 0.02
569 537.644 241.2 0.91 -0.01
570 539.146 109.2 0.93 -0.11
571 541.422 118.3 0.93 0.01
572 542.013 182.0 0.91 -0.06
573 542.414 136.5 0.92 -0.05
574 542.587 91.0 0.94 -0.03
575 543.989 93.3 0.87 0.03
576 544.781 154.7 0.91 0.04
577 547.184 159.3 0.86 0.05
578 548.076 120.6 0.88 0.11
579 549.732 125.2 0.94 0.10
580 551.999 145.6 0.89 0.02
581 552.636 200.2 0.90 0.01
582 552.836 118.3 0.89 0.01
583 553.100 209.4 0.89 -0.00
584 554.320 332.2 0.86 -0.01
585 555.685 145.6 0.81 -0.02
586 556.595 291.3 0.82 -0.07
587 556.987 91.0 0.80 0.00
588 558.070 218.5 0.75 0.01
589 559.399 118.3 0.75 -0.01
590 559.754 145.6 0.80 0.00
591 561.374 218.5 0.80 0.02
592 561.647 118.3 0.84 0.02
593 562.084 138.8 0.83 0.00
594 562.229 122.9 0.83 0.01
595 562.894 132.0 0.81 0.00
596 563.203 238.9 0.81 0.05
597 563.895 216.2 0.85 0.01
598 565.852 132.0 0.84 -0.04
599 567.026 97.8 0.87 0.02
600 569.429 209.4 0.91 0.10
601 570.858 109.2 0.93 0.07
602 571.277 91.0 0.93 0.14
603 571.678 179.8 0.93 0.09
604 573.034 154.7 0.91 0.07
605 575.519 109.2 0.93 0.09
606 576.484 236.7 0.94 0.06
607 577.776 172.9 0.92 0.04
608 578.204 141.1 0.89 0.04
609 578.504 52.3 0.91 0.04
610 579.187 241.2 0.89 0.06
611 580.661 91.0 0.85 0.05
612 580.944 154.7 0.88 0.05
613 582.910 100.1 0.86 -0.01
614 584.657 127.4 0.83 0.10
615 585.349 172.9 0.91 0.14
616 585.795 145.6 0.93 0.12
617 587.033 127.4 0.94 0.06
618 587.388 109.2 0.89 -0.03
619 588.717 109.2 0.94 -0.01
620 589.600 154.7 0.98 -0.02
621 592.021 136.5 0.93 -0.01
622 592.795 254.9 0.96 0.00
623 593.405 122.9 0.94 0.01
624 593.605 202.5 0.95 0.02
625 594.142 125.2 0.91 -0.01
626 594.861 116.1 0.94 0.01
627 595.061 166.1 0.94 -0.01
628 595.571 59.2 0.92 -0.03
629 596.263 127.4 0.96 -0.04
630 598.129 172.9 0.95 -0.02
631 599.294 238.9 1.00 0.06
632 600.359 118.3 0.88 0.07
633 602.115 218.5 0.76 -0.02
634 602.270 56.9 0.88 -0.03
635 603.226 147.9 1.02 0.04
636 603.617 195.7 0.89 0.00
637 604.910 186.6 0.86 0.02
638 605.820 132.0 0.83 -0.01
639 606.867 209.4 0.88 0.02
640 608.806 236.7 0.90 0.03
641 610.353 109.2 0.85 0.01
642 611.755 136.5 0.93 0.01
643 614.686 182.0 0.89 -0.16
644 615.496 202.5 0.90 -0.02
645 616.142 154.7 0.97 0.02
646 616.797 213.9 0.95 0.01
647 617.680 145.6 0.95 0.06
648 618.154 100.1 0.92 0.00
649 618.363 113.8 0.87 0.00
650 619.756 191.1 0.88 -0.00
651 621.367 175.2 0.78 0.08
652 622.586 154.7 0.80 -0.03
653 623.433 223.0 0.81 -0.01
654 623.688 213.9 0.84 -0.01
655 624.616 172.9 0.86 0.03
656 625.153 254.9 0.77 -0.16
657 625.991 136.5 0.91 -0.11
658 626.746 179.8 0.87 -0.16
659 627.001 129.7 0.84 -0.09
660 629.049 182.0 0.90 -0.01
661 629.813 136.5 0.88 -0.09
662 630.569 97.8 0.92 -0.05
663 631.324 291.3 0.73 -0.14
664 632.544 136.5 0.72 -0.11
665 634.237 304.9 0.83 -0.12
666 635.721 150.2 0.87 -0.02
667 636.349 122.9 0.82 -0.01
668 637.641 159.3 0.91 -0.03
669 638.415 259.4 0.98 -0.18
670 638.734 145.6 1.01 -0.15
671 639.926 179.8 0.99 -0.10
672 640.135 136.5 0.94 -0.10
673 640.499 273.1 1.04 -0.04
674 641.619 254.9 0.99 0.02
675 642.529 77.4 1.09 0.02
676 642.948 172.9 1.04 0.03
677 643.904 182.0 1.12 -0.01
678 646.798 213.9 1.04 -0.03
679 647.772 109.2 0.88 -0.09
680 648.063 277.6 0.97 -0.01
681 649.529 154.7 0.87 -0.15
682 650.430 223.0 0.84 -0.13
683 650.730 182.0 0.88 -0.05
684 652.059 109.2 0.84 -0.12
685 652.879 311.8 0.80 -0.16
686 653.834 227.6 0.79 -0.08
687 654.289 100.1 0.95 0.04
688 655.327 109.2 0.90 -0.01
689 658.167 254.9 0.90 -0.01
690 658.567 127.4 0.88 0.01
691 659.068 154.7 0.96 -0.00
692 660.042 154.7 0.92 0.00
693 660.515 166.1 0.96 -0.03
694 661.680 136.5 0.99 -0.03
695 662.700 163.8 0.98 0.02
696 663.246 166.1 0.97 0.03
697 663.592 100.1 0.97 0.01
698 663.910 127.4 0.99 0.03
699 665.603 118.3 1.01 0.01
700 665.922 220.7 1.05 0.00
701 666.741 136.5 1.05 -0.01
702 667.306 145.6 1.02 0.02
703 670.446 150.2 0.96 0.02
704 673.131 184.3 0.89 0.01
705 674.114 145.6 1.03 -0.06
706 675.042 127.4 1.02 -0.06
707 675.407 182.0 1.04 -0.06
708 675.598 109.2 1.00 -0.07
709 679.002 61.4 0.99 -0.01
710 680.094 118.3 1.05 0.04
711 681.605 236.7 1.06 0.04
712 682.943 118.3 0.86 -0.01
713 684.500 141.1 0.90 0.06
714 685.829 182.0 0.91 -0.03
715 686.375 109.2 0.84 0.08
716 686.620 229.8 0.86 0.07
717 687.039 122.9 0.85 0.05
718 687.531 163.8 0.87 0.14
719 687.822 168.4 0.88 0.14
720 688.532 100.1 0.91 0.07
721 688.969 127.4 0.92 0.09
722 689.133 127.4 0.92 0.08
723 690.207 145.6 0.93 0.07
724 690.807 182.0 0.93 0.08
725 692.291 77.4 0.91 0.07
726 692.419 72.8 0.90 0.06
727 695.978 127.4 0.91 0.05
728 696.596 104.7 0.93 0.13
729 697.197 182.0 0.92 0.10
730 697.525 86.5 0.90 0.18
731 700.183 100.1 0.84 0.18
732 701.293 109.2 0.88 0.19
733 701.721 168.4 0.84 0.07
734 702.322 175.2 0.81 0.08
735 702.968 154.7 0.83 0.13
736 703.460 127.4 0.84 0.12
737 706.063 218.5 0.85 0.06
738 706.882 102.4 0.87 0.11
739 708.939 120.6 0.86 0.07
740 710.040 77.4 0.89 0.00
741 710.596 186.6 0.91 -0.02
742 711.788 136.5 0.91 0.04
743 712.261 236.7 0.91 0.08
744 712.607 207.1 0.92 0.10
745 712.880 122.9 0.90 0.04
746 714.737 75.1 0.90 0.08
747 716.294 154.7 0.87 0.07
748 716.458 150.2 0.88 0.11
749 717.932 120.6 0.88 0.07
750 720.035 129.7 0.89 0.06
751 721.746 170.7 0.92 -0.03
752 723.357 172.9 0.86 0.05
753 724.913 145.6 0.77 0.08
754 725.423 254.9 0.77 0.09
755 726.889 118.3 0.85 0.08
756 728.918 152.5 0.86 0.18
757 729.610 141.1 0.87 0.14
758 731.321 109.2 0.84 0.14
759 732.450 154.7 0.81 0.15
760 732.659 145.6 0.81 0.14
761 734.489 154.7 0.81 0.10
762 735.563 109.2 0.80 0.09
763 736.765 91.0 0.83 0.09
764 737.465 118.3 0.83 0.09
765 737.666 109.2 0.81 0.08
766 738.640 209.4 0.78 0.11
767 738.949 200.2 0.87 0.11
768 739.368 273.1 0.82 0.08
769 741.398 191.1 0.99 0.11
770 741.689 232.1 0.90 0.11
771 742.035 191.1 0.96 0.20
772 743.500 145.6 0.92 0.21
773 744.465 172.9 0.91 0.14
774 745.448 289.0 0.89 0.05
775 746.813 68.3 0.89 0.02
776 747.505 179.8 0.93 -0.03
777 748.343 227.6 0.99 0.02
778 752.120 163.8 0.92 0.09
779 752.639 182.0 0.88 0.02
780 753.048 152.5 0.88 0.07
781 754.569 172.9 0.89 0.07
782 756.052 145.6 0.96 -0.01
783 757.144 100.1 0.97 0.01
784 757.536 145.6 0.95 -0.01
785 758.128 138.8 0.95 -0.00
786 759.247 172.9 0.95 -0.03
787 759.557 127.4 0.93 -0.02
788 760.367 120.6 0.83 0.06
789 760.576 232.1 0.89 -0.00
790 761.222 127.4 0.97 0.09
791 761.450 159.3 0.83 0.10
792 761.814 93.3 0.93 0.12
793 762.870 195.7 0.84 0.04
794 764.153 209.4 0.85 0.08
795 765.000 268.5 0.74 0.07
796 765.400 163.8 0.86 0.07
797 766.183 136.5 0.78 0.09
798 766.920 145.6 0.93 0.03
799 767.475 166.1 0.91 0.06
800 768.449 118.3 0.94 0.07
801 768.641 129.7 0.94 0.07
802 768.905 209.4 0.93 0.07
803 770.133 209.4 0.92 0.09
804 771.790 113.8 0.96 0.07
805 772.846 191.1 1.01 0.05
806 775.404 182.0 0.94 0.00
807 775.822 186.6 1.03 0.01
808 776.004 107.0 0.90 0.03
809 776.696 141.1 0.94 0.07
810 777.943 143.4 0.96 0.12
811 779.236 150.2 0.92 0.11
812 779.718 182.0 0.90 0.12
813 781.138 129.7 0.97 0.04
814 783.477 227.6 1.00 0.12
815 784.296 418.7 1.00 0.05
816 784.824 145.6 1.01 0.07
817 786.435 95.6 0.84 0.11
818 787.528 136.5 0.89 0.10
819 788.247 50.1 1.03 0.10
820 790.786 304.9 0.93 0.05
821 791.342 195.7 0.99 0.08
822 793.162 136.5 0.93 0.09
823 793.335 122.9 0.96 0.09
824 794.618 172.9 0.99 0.06
825 794.855 175.2 0.98 0.06
826 795.019 116.1 0.92 0.09
827 795.219 136.5 0.97 0.07
828 796.876 236.7 1.01 0.08
829 797.194 186.6 0.97 0.08
830 797.640 273.1 0.99 0.07
831 798.951 127.4 0.98 0.08
832 799.579 168.4 0.93 0.05
833 799.797 52.3 0.95 0.03
834 800.325 163.8 0.95 -0.02
835 800.862 95.6 0.97 -0.01
836 800.999 118.3 0.95 -0.06
837 801.654 120.6 0.91 -0.01
838 801.955 136.5 0.95 -0.01
839 802.601 109.2 0.94 -0.02
840 804.804 250.3 0.96 -0.03
841 806.196 118.3 1.00 0.01
842 808.354 136.5 0.95 0.10
843 811.558 127.4 0.91 0.18
844 812.486 191.1 0.99 0.05
845 813.087 79.6 0.99 0.07
846 814.033 254.9 0.97 -0.04
847 814.379 111.5 0.97 -0.04
848 816.154 104.7 0.94 -0.08
849 817.092 218.5 0.91 -0.06
850 817.629 182.0 0.93 -0.00
851 818.730 172.9 0.94 -0.00
852 819.349 116.1 0.90 -0.03
853 821.233 163.8 0.99 -0.02
854 824.601 61.4 0.90 0.02
855 828.579 245.8 0.97 0.05
856 828.952 104.7 0.97 0.03
857 829.908 59.2 0.93 0.04
858 829.980 77.4 0.96 0.03
859 831.291 175.2 0.91 0.03
860 832.338 227.6 0.91 0.01
861 832.584 145.6 0.91 0.01
862 832.920 200.2 0.94 0.00
863 834.368 100.1 0.95 0.03
864 835.032 154.7 0.99 0.03
865 837.617 209.4 0.93 -0.11
866 838.218 227.6 0.92 -0.09
867 838.509 182.0 0.88 -0.09
868 838.919 154.7 0.95 -0.09
869 840.357 250.3 0.91 -0.05
870 842.023 113.8 0.93 -0.02
871 842.396 93.3 0.92 -0.04
872 843.224 100.1 0.99 0.05
873 847.193 118.3 0.99 0.07
874 848.403 107.0 0.98 0.08
875 849.550 145.6 1.06 0.10
876 850.342 118.3 1.07 0.07
877 850.579 209.4 1.09 0.07
878 851.371 277.6 1.06 0.09
879 851.944 59.2 1.04 0.09
880 852.135 97.8 1.04 0.09
881 852.754 127.4 1.06 0.09
882 854.820 109.2 1.04 0.10
883 856.231 161.6 1.01 0.05
884 856.796 161.6 1.03 0.04
885 858.152 163.8 1.02 0.06
886 858.834 113.8 1.06 0.05
887 859.417 145.6 1.07 0.07
888 860.191 136.5 1.07 0.08
889 860.446 81.9 1.08 0.07
890 861.629 200.2 1.07 0.08
891 861.966 154.7 1.07 0.04
892 862.730 191.1 1.06 0.06
893 863.194 136.5 1.05 0.00
894 863.886 66.0 1.04 0.03
895 864.441 141.1 1.06 0.02
896 865.051 125.2 1.07 0.11
897 867.199 104.7 1.02 0.13
898 867.591 159.3 1.03 0.11
899 868.537 134.3 1.06 0.08
900 868.865 118.3 1.06 0.11
901 869.047 109.2 1.09 0.11
902 869.766 145.6 1.05 0.12
903 870.422 127.4 1.05 0.13
904 870.840 141.1 1.04 0.14
905 872.124 218.5 1.05 0.06
906 872.324 136.5 1.06 0.06
907 873.343 104.7 1.09 0.10
908 874.072 77.4 1.07 0.10
909 874.308 172.9 1.03 0.10
910 874.600 218.5 1.06 0.10
911 875.000 109.2 1.02 0.03
912 875.492 100.1 1.04 0.07
913 875.683 229.8 1.06 0.06
914 876.912 93.3 1.06 0.08
915 879.615 273.1 1.07 0.03
916 881.690 122.9 1.03 0.00
917 883.110 45.5 1.04 0.01
918 883.884 91.0 1.01 -0.01
919 884.266 136.5 1.05 0.01
920 884.530 116.1 1.05 0.02
921 885.085 116.1 1.01 0.04
922 885.458 182.0 1.04 0.05
923 885.741 147.9 1.04 0.06
924 887.088 134.3 1.00 0.09
925 888.226 150.2 0.97 0.06
926 888.471 264.0 0.99 0.03
927 888.908 145.6 0.96 0.03
928 889.163 157.0 0.98 0.03
929 889.600 154.7 0.99 0.03
930 889.919 109.2 1.01 0.04
931 890.073 104.7 0.97 0.04
932 891.329 132.0 0.96 0.05
933 891.548 141.1 1.04 0.05
934 891.757 145.6 1.04 0.04
935 893.095 218.5 1.04 0.11
936 894.870 109.2 1.10 -0.01
937 895.380 127.4 1.08 -0.05
938 896.308 109.2 1.07 -0.00
939 897.164 95.6 1.06 -0.03
940 897.537 145.6 1.07 -0.02
941 898.648 93.3 1.04 0.02
942 899.048 163.8 1.04 0.05
943 899.585 147.9 1.03 0.04
944 900.796 86.5 0.96 0.01
945 901.433 259.4 1.00 0.04
946 903.772 218.5 1.05 0.04
947 906.312 118.3 1.04 0.02
948 906.576 191.1 1.03 0.02
949 907.286 195.7 1.06 0.01
950 908.733 179.8 1.00 0.03
951 909.561 132.0 0.98 0.02
952 909.752 122.9 0.97 0.02
953 910.089 66.0 1.03 0.02
954 910.672 163.8 1.05 0.05
955 910.845 77.4 1.00 0.03
956 911.036 188.9 1.06 0.03
957 911.272 218.5 1.05 0.07
958 912.865 172.9 1.04 0.11
959 915.205 86.5 1.02 0.06
960 915.896 163.8 1.08 0.07
961 916.442 172.9 1.08 0.06
962 917.608 100.1 1.07 0.08
963 918.900 218.5 1.04 -0.00
964 919.291 136.5 1.05 -0.01
965 919.874 147.9 1.06 0.04
966 920.966 186.6 1.08 0.05
967 923.078 118.3 1.01 0.04
968 925.545 154.7 1.03 0.10
969 926.264 104.7 1.02 0.10
970 926.437 138.8 0.96 0.10
971 927.893 154.7 0.89 0.07
972 928.466 136.5 0.91 0.06
973 928.639 107.0 1.01 0.06
974 929.877 145.6 1.03 -0.01
975 930.560 102.4 0.95 0.00
976 930.651 63.7 0.98 0.02
977 930.842 109.2 0.99 0.00
978 931.607 127.4 0.99 0.02
979 933.291 136.5 1.03 0.07
980 934.083 163.8 1.09 0.10
981 937.523 136.5 1.06 0.12
982 938.169 145.6 1.08 0.10
983 938.561 118.3 1.08 0.11
984 939.335 118.3 1.08 0.12
985 939.535 163.8 1.05 0.12
986 940.163 109.2 1.04 0.10
987 941.237 104.7 1.09 0.08
988 941.428 132.0 1.05 0.10
989 943.085 95.6 1.06 0.04
990 943.840 118.3 1.06 0.00
991 945.315 200.2 1.09 0.02
992 946.179 141.1 1.09 0.08
993 946.544 198.0 1.01 -0.01
994 948.082 118.3 1.08 0.02
995 951.896 141.1 1.06 0.03
996 955.646 125.2 1.06 0.08
997 955.864 75.1 0.97 0.07
998 956.784 129.7 0.93 0.07
999 957.812 109.2 0.95 0.03
1000 958.513 150.2 1.01 0.04
1001 959.041 157.0 1.04 0.05
1002 959.815 179.8 1.08 0.12
1003 960.734 127.4 1.05 0.15
1004 961.326 100.1 1.13 0.12
1005 961.535 109.2 1.10 0.13
1006 961.790 75.1 1.12 0.11
1007 962.855 86.5 1.12 0.10
1008 963.064 109.2 1.13 0.09
1009 967.733 136.5 1.18 0.18
1010 968.207 170.7 1.02 0.19
1011 969.472 95.6 1.17 0.13
1012 971.220 63.7 1.15 0.14
1013 972.876 109.2 1.14 0.09
1014 974.405 104.7 1.15 0.07
1015 975.634 172.9 1.16 0.06
1016 977.455 95.6 1.16 0.09
1017 980.431 163.8 1.14 0.07
1018 980.877 154.7 1.13 0.06
1019 981.787 109.2 1.11 0.05
1020 983.526 109.2 1.09 0.05
1021 984.427 47.8 1.06 0.08
1022 984.536 107.0 1.09 0.04
1023 986.375 118.3 1.10 0.05
1024 987.112 59.2 0.51 0.06
1025 989.998 213.9 1.06 0.11
1026 991.472 182.0 1.07 0.07
1027 994.503 154.7 1.06 0.06
1028 994.822 95.6 1.04 0.07
1029 996.269 172.9 1.05 0.08
1030 997.316 104.7 1.09 0.03
1031 1000.920 109.2 0.95 0.03
1032 1005.053 91.0 1.11 0.06
1033 1005.326 163.8 1.08 0.06
1034 1006.209 154.7 1.08 0.06
1035 1006.582 172.9 1.12 0.06
1036 1007.428 159.3 1.09 0.05
1037 1007.838 127.4 1.11 0.05
1038 1009.276 109.2 1.13 0.00
1039 1009.959 104.7 1.12 0.04
1040 1010.805 81.9 1.11 0.03
1041 1011.806 141.1 1.14 -0.00
1042 1012.098 100.1 1.13 0.07
1043 1012.817 141.1 1.13 0.08
1044 1015.447 118.3 1.17 0.04
1045 1016.021 186.6 1.10 0.09
1046 1018.396 127.4 1.14 0.06
1047 1018.870 91.0 1.12 0.05
1048 1020.399 102.4 1.08 0.04
1049 1020.572 134.3 1.07 0.04
1050 1020.872 254.9 1.03 0.04
1051 1023.193 141.1 1.08 -0.01
1052 1023.730 118.3 1.11 0.02
1053 1024.249 118.3 1.08 0.04
1054 1026.261 191.1 1.10 0.08
1055 1026.834 50.1 1.09 -0.00
1056 1026.907 77.4 1.05 0.00
1057 1027.107 136.5 1.12 0.05
1058 1027.462 163.8 1.11 0.05
1059 1027.999 211.6 1.15 0.04
1060 1028.181 79.6 1.14 0.05
1061 1029.974 122.9 1.13 0.07
1062 1031.567 136.5 1.11 0.02
1063 1033.415 236.7 1.11 0.02
1064 1034.516 109.2 1.11 0.01
1065 1035.108 127.4 1.11 -0.01
1066 1035.290 86.5 1.10 -0.01
1067 1035.527 213.9 1.05 0.00
1068 1035.736 170.7 1.09 0.00
1069 1036.692 91.0 1.15 0.04
1070 1039.850 193.4 1.12 0.04
1071 1040.360 118.3 1.13 0.05
1072 1043.810 127.4 1.12 0.01
1073 1043.983 84.2 1.13 0.01
1074 1044.520 125.2 1.17 0.03
1075 1045.284 143.4 1.14 0.03
1076 1045.749 63.7 1.13 0.04
1077 1046.486 118.3 1.11 0.02
1078 1047.360 141.1 1.12 0.05
1079 1048.507 122.9 1.15 0.01
1080 1048.798 175.2 1.13 0.05
1081 1052.330 150.2 1.08 0.01
1082 1053.631 177.5 1.11 -0.04
1083 1053.986 238.9 1.09 -0.02
1084 1054.250 261.7 1.11 -0.04
1085 1056.353 104.7 1.07 -0.01
1086 1057.099 93.3 1.09 -0.00
1087 1057.818 172.9 1.11 -0.01
1088 1058.055 109.2 1.07 0.01
1089 1058.555 104.7 1.10 -0.03
1090 1059.147 152.5 1.05 -0.01
1091 1060.167 186.6 1.07 -0.02
1092 1062.824 136.5 1.10 0.02
1093 1064.390 138.8 1.08 -0.02
1094 1064.745 88.7 1.06 0.01
1095 1065.437 129.7 1.08 0.03
1096 1065.792 100.1 1.05 0.03
1097 1067.849 141.1 1.08 0.02
1098 1068.568 52.3 1.01 0.02
1099 1068.850 113.8 1.07 0.04
1100 1069.069 195.7 1.01 0.04
1101 1070.507 143.4 0.99 0.06
1102 1070.862 47.8 1.04 0.01
1103 1070.953 77.4 1.02 0.01
1104 1071.317 248.0 0.99 0.01
1105 1073.283 104.7 1.02 0.02
1106 1073.674 134.3 1.03 0.02
1107 1073.975 113.8 1.02 -0.00
1108 1076.587 209.4 1.07 0.03
1109 1077.934 54.6 1.06 0.04
1110 1078.826 147.9 1.02 0.01
1111 1080.046 127.4 1.03 0.03
1112 1080.455 273.1 1.01 0.02
1113 1080.856 172.9 1.00 0.03
1114 1082.640 136.5 1.05 0.02
1115 1082.840 143.4 1.06 0.02
1116 1083.550 152.5 1.03 -0.03
1117 1084.979 79.6 1.04 -0.01
1118 1085.161 161.6 1.04 -0.02
1119 1086.172 182.0 1.03 -0.06
1120 1086.863 97.8 1.05 -0.05
1121 1087.846 170.7 1.08 0.01
1122 1088.101 81.9 1.07 -0.06
1123 1088.347 102.4 1.08 -0.04
1124 1090.313 100.1 1.03 0.01
1125 1091.496 238.9 1.01 -0.03
1126 1092.671 100.1 1.00 -0.03
1127 1092.953 111.5 1.03 -0.02
1128 1094.436 279.9 0.97 -0.06
1129 1095.465 182.0 1.00 -0.02
1130 1096.057 154.7 1.00 -0.03
1131 1096.412 109.2 0.97 -0.02
1132 1096.730 120.6 0.97 -0.01
1133 1098.223 245.8 1.00 0.00
1134 1099.233 193.4 1.03 -0.01
1135 1099.543 81.9 1.02 -0.03
1136 1099.734 118.3 1.03 -0.00
1137 1100.480 136.5 1.05 -0.01
1138 1100.899 122.9 1.04 -0.00
1139 1101.336 172.9 1.02 0.00
1140 1102.692 118.3 1.04 -0.03
1141 1103.420 136.5 1.05 -0.05
1142 1103.730 175.2 0.99 -0.06
1143 1104.003 109.2 1.01 -0.03
1144 1104.813 177.5 1.02 -0.01
1145 1105.496 184.3 0.98 -0.05
1146 1105.678 152.5 1.04 0.01
1147 1106.297 182.0 1.03 -0.01
1148 1106.943 134.3 1.05 0.02
1149 1109.528 120.6 1.00 0.01
1150 1112.987 172.9 1.03 0.03
1151 1113.296 127.4 1.04 0.02
1152 1113.451 100.1 1.01 0.05
1153 1113.788 291.3 1.00 0.04
1154 1114.325 113.8 1.02 -0.05
1155 1114.707 66.0 0.99 -0.02
1156 1115.162 127.4 1.03 0.02
1157 1115.854 95.6 1.00 -0.03
1158 1117.028 95.6 0.97 -0.03
1159 1117.274 141.1 0.97 -0.03
1160 1118.475 95.6 0.97 -0.05
1161 1120.897 254.9 1.04 0.01
1162 1122.098 122.9 1.03 0.06
1163 1125.247 136.5 1.05 0.04
1164 1125.821 122.9 1.09 0.06
1165 1126.039 111.5 1.10 0.06
1166 1126.176 111.5 1.07 0.05
1167 1127.869 86.5 1.05 0.08
1168 1129.207 182.0 1.04 0.02
1169 1130.454 100.1 1.09 -0.00
1170 1131.319 118.3 1.08 0.01
1171 1131.637 109.2 1.05 -0.03
1172 1132.484 150.2 1.10 0.01
1173 1135.314 136.5 1.07 0.07
1174 1136.780 122.9 1.01 0.02
1175 1137.399 127.4 1.03 0.04
1176 1140.876 118.3 1.02 0.05
1177 1141.768 50.1 1.05 0.10
1178 1142.269 118.3 1.05 0.06
1179 1142.423 120.6 1.02 0.12
1180 1143.616 111.5 1.08 0.04
1181 1144.380 104.7 1.07 0.04
1182 1146.092 109.2 1.12 0.04
1183 1146.956 104.7 1.05 0.03
1184 1147.530 100.1 1.10 0.07
1185 1148.640 113.8 1.13 0.12
1186 1151.462 50.1 1.08 0.04
1187 1151.917 136.5 1.11 0.07
1188 1152.745 77.4 1.14 0.06
1189 1153.974 163.8 1.14 0.02
1190 1154.256 195.7 1.14 0.02
1191 1155.640 186.6 1.11 0.01
1192 1156.559 207.1 1.14 -0.00
1193 1157.633 109.2 1.14 0.02
1194 1158.798 29.6 1.07 0.02
1195 1158.853 52.3 1.05 0.03
1196 1159.199 136.5 1.04 0.04
1197 1161.529 147.9 1.03 0.02
1198 1162.239 136.5 1.05 0.02
1199 1162.430 145.6 1.10 -0.01
1200 1163.286 136.5 1.06 -0.02
1201 1166.499 93.3 1.06 -0.05
1202 1166.954 202.5 1.04 -0.06
1203 1167.791 150.2 1.04 -0.05
1204 1167.964 100.1 1.08 0.04
1205 1168.128 91.0 1.11 0.05
1206 1170.276 132.0 1.05 0.01
1207 1171.778 216.2 0.97 0.02
1208 1175.783 118.3 0.99 0.00
1209 1180.944 100.1 0.90 0.03
1210 1181.317 150.2 1.04 0.03
1211 1182.109 118.3 1.05 0.04
1212 1182.346 264.0 1.03 0.03
1213 1183.065 104.7 1.01 0.03
1214 1184.093 68.3 1.00 0.05
1215 1185.486 207.1 0.99 -0.09
1216 1186.260 113.8 1.00 -0.07
1217 1186.851 107.0 1.09 -0.01
1218 1187.934 182.0 1.06 -0.07
1219 1189.546 141.1 1.05 0.04
1220 1190.556 143.4 1.07 0.08
1221 1190.947 109.2 1.07 0.07
1222 1192.121 179.8 1.04 -0.04
1223 1193.441 100.1 1.04 -0.01
1224 1193.778 195.7 1.02 0.01
1225 1194.679 91.0 1.04 -0.00
1226 1194.998 204.8 1.05 -0.00
1227 1195.562 145.6 1.05 0.05
1228 1195.808 136.5 1.03 0.02
1229 1196.754 182.0 1.03 0.08
1230 1197.383 150.2 1.12 0.05
1231 1198.475 154.7 1.09 0.03
1232 1199.321 86.5 1.10 0.00
1233 1201.888 109.2 1.14 0.02
1234 1202.726 109.2 1.04 0.00
1235 1203.681 143.4 1.13 0.07
1236 1204.710 116.1 1.14 0.03
1237 1205.256 75.1 1.11 0.04
1238 1205.629 104.7 1.12 0.02
1239 1206.494 129.7 1.11 0.03
1240 1206.922 91.0 1.15 -0.01
1241 1207.568 182.0 1.13 0.02
1242 1207.877 200.2 1.12 0.00
1243 1208.788 147.9 1.12 0.08
1244 1211.500 163.8 1.10 0.07
1245 1211.746 125.2 1.10 0.06
1246 1212.074 100.1 1.07 0.04
1247 1214.285 127.4 1.06 0.08
1248 1214.786 104.7 1.08 0.07
1249 1215.123 118.3 1.09 0.10
1250 1215.651 154.7 1.02 0.11
1251 1215.815 91.0 1.06 0.05
1252 1216.306 136.5 1.11 0.04
1253 1218.227 118.3 1.14 0.04
1254 1218.563 109.2 1.13 0.07
1255 1218.937 118.3 1.15 0.10
1256 1219.137 118.3 1.14 0.11
1257 1219.474 104.7 1.14 0.11
1258 1220.375 86.5 1.09 0.05
1259 1221.431 191.1 1.10 0.06
1260 1222.405 118.3 1.10 0.03
1261 1223.360 100.1 1.10 0.08
1262 1223.733 266.2 1.12 0.10
1263 1223.925 154.7 1.10 0.10
1264 1224.189 132.0 1.10 0.07
1265 1224.416 113.8 1.10 0.07
1266 1225.090 81.9 1.12 0.11
1267 1226.765 79.6 1.06 0.08
1268 1227.101 118.3 1.07 0.02
1269 1227.365 118.3 1.08 0.05
1270 1227.620 118.3 1.05 0.07
1271 1228.002 136.5 1.08 0.09
1272 1228.266 118.3 1.09 0.10
1273 1229.850 145.6 1.12 0.08
1274 1230.678 127.4 1.07 0.07
1275 1230.861 127.4 1.08 0.07
1276 1231.880 118.3 1.03 0.10
1277 1232.399 145.6 1.06 0.10
1278 1234.010 109.2 1.02 0.09
1279 1234.957 163.8 0.99 0.07
1280 1235.703 234.4 1.04 0.12
1281 1237.605 129.7 1.06 0.05
1282 1242.229 236.7 1.01 0.05
1283 1244.723 81.9 1.03 0.04
1284 1245.233 132.0 1.01 0.03
1285 1245.442 141.1 1.01 0.03
1286 1246.107 100.1 1.01 0.06
1287 1246.407 120.6 1.03 0.05
1288 1246.680 179.8 1.01 0.06
1289 1248.692 175.2 1.00 0.05
1290 1250.039 100.1 1.03 0.04
1291 1250.785 186.6 1.04 -0.00
1292 1251.031 127.4 1.04 0.02
1293 1251.450 145.6 1.05 0.04
1294 1251.850 163.8 1.05 0.05
1295 1252.050 120.6 1.02 0.06
1296 1252.669 136.5 1.04 0.06
1297 1256.283 198.0 1.05 0.11
1298 1256.884 191.1 1.06 0.11
1299 1257.175 52.3 1.04 0.11
1300 1257.302 127.4 1.05 0.10
1301 1258.404 229.8 1.06 0.07
1302 1259.014 118.3 1.04 0.12
1303 1261.116 273.1 1.02 0.02
1304 1261.371 163.8 1.02 0.04
1305 1261.653 182.0 1.03 0.07
1306 1262.199 154.7 1.01 0.06
1307 1263.028 100.1 0.98 0.10
1308 1263.337 159.3 1.02 0.12
1309 1264.939 132.0 1.07 0.09
1310 1265.167 84.2 1.04 0.09
1311 1268.034 166.1 1.07 0.08
1312 1269.044 127.4 1.09 0.08
1313 1269.317 122.9 1.08 0.08
1314 1270.701 136.5 1.08 0.06
1315 1270.883 150.2 1.07 0.06
1316 1271.611 175.2 1.07 0.04
1317 1275.006 100.1 1.09 0.02
1318 1275.844 93.3 1.07 -0.00
1319 1276.281 195.7 1.07 0.00
1320 1276.526 172.9 1.09 0.03
1321 1277.555 143.4 1.04 0.01
1322 1278.502 163.8 1.01 0.05
1323 1279.375 163.8 1.03 0.06
1324 1279.776 118.3 1.07 0.07
1325 1280.959 163.8 1.07 0.11
1326 1281.706 88.7 1.08 0.11
1327 1281.824 88.7 1.06 0.11
1328 1283.644 68.3 0.99 0.12
1329 1285.146 97.8 1.07 0.15
1330 1285.428 145.6 1.05 0.07
1331 1285.711 118.3 1.02 0.08
1332 1286.967 127.4 1.12 0.08
1333 1287.595 168.4 1.13 0.07
1334 1290.598 168.4 1.09 -0.02
1335 1290.962 177.5 1.15 0.01
1336 1293.438 163.8 1.15 0.05
1337 1293.802 177.5 1.14 0.06
1338 1295.914 177.5 1.09 0.01
1339 1296.324 172.9 1.07 0.01
1340 1297.716 116.1 1.08 0.04
1341 1298.053 145.6 1.08 0.05
1342 1298.408 118.3 1.14 0.07
1343 1298.627 56.9 1.05 0.05
1344 1299.273 218.5 1.15 0.06
1345 1299.600 170.7 1.09 0.07
1346 1302.914 100.1 1.14 0.04
1347 1304.051 138.8 1.09 0.06
1348 1304.379 163.8 1.10 0.00
1349 1304.716 377.7 1.09 -0.01
1350 1305.025 116.1 1.13 0.05
1351 1305.644 136.5 1.13 0.05
1352 1306.673 70.5 1.08 0.05
1353 1307.064 129.7 1.12 0.07
1354 1309.231 145.6 1.13 0.10
1355 1309.886 77.4 1.01 -0.02
1356 1310.077 95.6 1.11 0.10
1357 1310.259 132.0 1.14 0.10
1358 1310.623 147.9 1.12 0.10
1359 1311.188 134.3 1.11 0.12
1360 1311.706 111.5 1.10 0.10
1361 1311.825 91.0 1.12 0.10
1362 1312.817 172.9 1.04 -0.01
1363 1312.981 154.7 1.13 -0.01
1364 1313.554 118.3 1.06 -0.05
1365 1314.046 127.4 1.09 -0.06
1366 1315.147 63.7 1.09 0.06
1367 1315.912 113.8 1.11 0.07
1368 1316.066 143.4 1.08 0.07
1369 1316.713 145.6 1.12 0.08
1370 1319.462 104.7 1.10 0.09
1371 1319.962 122.9 1.10 0.07
1372 1320.381 227.6 1.07 0.09
1373 1321.792 145.6 1.07 0.04
1374 1322.711 141.1 1.11 0.04
1375 1323.048 143.4 1.13 0.02
1376 1323.257 170.7 1.13 0.05
1377 1324.959 43.2 1.10 0.01
1378 1326.561 245.8 1.10 0.01
1379 1327.016 134.3 1.08 0.01
1380 1329.893 161.6 1.13 0.02
1381 1330.484 209.4 1.03 0.00
1382 1330.776 279.9 1.08 0.06
1383 1331.613 136.5 1.07 0.03
1384 1331.859 191.1 1.04 0.00
1385 1332.241 118.3 1.07 0.01
1386 1332.942 93.3 1.01 0.03
1387 1333.306 127.4 1.04 0.05
1388 1333.907 109.2 1.06 0.02
1389 1335.618 204.8 1.08 -0.01
1390 1336.219 88.7 1.12 0.01
1391 1340.506 225.3 1.04 0.07
1392 1340.797 248.0 1.05 0.03
1393 1341.343 182.0 1.08 0.06
1394 1342.963 204.8 1.04 0.07
1395 1344.930 113.8 0.99 -0.00
1396 1345.521 122.9 0.98 -0.03
1397 1345.794 132.0 0.99 -0.03
1398 1347.433 248.0 0.97 -0.07
1399 1347.988 320.9 0.99 -0.01
1400 1348.252 118.3 0.98 0.06
1401 1348.889 213.9 0.99 -0.05
1402 1349.189 118.3 0.98 -0.05
1403 1351.210 125.2 0.99 -0.07
1404 1353.376 145.6 1.04 0.00
1405 1353.913 154.7 0.99 -0.01
1406 1354.869 66.0 1.04 0.00
1407 1355.525 100.1 1.04 0.00
1408 1356.271 72.8 1.07 0.04
1409 1356.762 157.0 1.08 0.07
1410 1356.881 41.0 1.03 0.05
1411 1357.245 100.1 1.07 0.10
1412 1358.510 102.4 1.06 0.03
1413 1361.687 186.6 0.94 0.05
1414 1362.151 157.0 0.90 -0.05
1415 1363.307 163.8 0.94 0.03
1416 1363.562 111.5 0.96 0.03
1417 1363.798 116.1 0.93 -0.04
1418 1364.618 77.4 0.92 -0.00
1419 1365.464 154.7 0.91 -0.00
1420 1367.312 241.2 0.88 -0.02
1421 1367.894 152.5 0.90 -0.00
1422 1368.158 72.8 0.86 0.02
1423 1369.078 207.1 0.93 -0.03
1424 1370.889 150.2 1.02 -0.04
1425 1372.719 109.2 0.99 0.04
1426 1375.113 213.9 0.85 -0.06
1427 1375.367 195.7 1.06 0.00
1428 1376.906 111.5 0.92 -0.03
1429 1378.189 127.4 0.85 0.04
1430 1379.263 118.3 0.87 -0.08
1431 1380.547 77.4 0.85 -0.11
1432 1380.865 200.2 0.86 -0.07
1433 1381.211 145.6 0.89 -0.05
1434 1381.939 182.0 0.86 -0.04
1435 1382.795 175.2 1.01 -0.04
1436 1383.614 323.1 0.99 -0.04
1437 1385.298 193.4 1.04 0.03
1438 1385.571 291.3 1.01 0.03
1439 1393.481 129.7 1.07 0.02
1440 1394.855 111.5 1.07 0.01
1441 1395.893 143.4 1.09 0.02
1442 1396.102 136.5 1.06 0.02
1443 1396.566 104.7 1.07 0.03
1444 1397.058 122.9 1.07 0.04
1445 1397.713 109.2 1.08 0.07
1446 1397.977 147.9 1.07 0.07
1447 1398.942 182.0 1.07 0.05
1448 1399.506 109.2 1.08 0.03
1449 1400.007 91.0 1.08 0.05
1450 1402.419 116.1 0.99 -0.02
1451 1404.531 150.2 0.95 0.03
1452 1405.013 127.4 1.02 0.00
1453 1405.878 175.2 0.89 0.14
1454 1406.124 136.5 0.84 0.14
1455 1409.810 118.3 1.05 -0.01
1456 1413.551 100.1 1.11 0.00
1457 1415.900 145.6 1.07 -0.06
1458 1417.046 182.0 1.13 0.00
1459 1417.465 182.0 0.88 0.05
1460 1418.193 100.1 1.09 0.04
1461 1418.785 118.3 1.04 -0.00
1462 1420.050 136.5 1.03 -0.04
1463 1420.205 100.1 1.06 0.00
1464 1421.534 327.7 1.08 -0.00
1465 1422.180 118.3 1.06 -0.03
1466 1422.672 118.3 1.01 -0.04
1467 1423.227 136.5 1.04 -0.06
1468 1423.336 50.1 1.09 -0.06
1469 1424.073 104.7 1.09 -0.08
1470 1424.410 113.8 1.07 -0.07
1471 1427.732 109.2 1.10 0.06
1472 1427.915 127.4 1.07 0.07
1473 1428.424 132.0 1.05 0.06
1474 1430.873 270.8 1.07 0.11
1475 1432.083 95.6 1.04 0.08
1476 1432.529 143.4 1.06 0.10
1477 1432.930 163.8 1.08 0.11
1478 1433.103 81.9 1.09 0.12
1479 1434.805 168.4 1.06 0.05
1480 1435.779 225.3 1.03 0.02
1481 1436.034 200.2 1.02 0.05
1482 1438.773 191.1 1.00 0.03
1483 1440.785 79.6 0.96 0.01
1484 1443.880 227.6 1.14 0.12
1485 1444.644 209.4 1.14 0.16
1486 1446.419 129.7 1.15 0.06
1487 1448.112 125.2 1.07 0.03
1488 1452.827 127.4 1.06 0.04
1489 1453.510 209.4 0.97 0.11
1490 1454.065 81.9 1.04 0.05
1491 1454.539 63.7 1.05 0.03
1492 1456.150 100.1 1.09 0.03
1493 1456.450 66.0 1.10 0.04
1494 1458.298 72.8 1.11 0.03
1495 1458.789 159.3 1.17 0.04
1496 1460.446 175.2 1.11 0.02
1497 1461.684 100.1 1.05 0.01
1498 1462.157 127.4 1.05 0.04
1499 1462.603 100.1 1.04 0.01
1500 1462.740 93.3 1.09 0.01
1501 1462.949 104.7 1.09 0.02
1502 1463.923 127.4 1.03 -0.01
1503 1464.232 118.3 0.99 -0.01
1504 1464.533 116.1 1.02 -0.01
1505 1464.706 154.7 1.08 -0.01
1506 1466.499 56.9 1.07 -0.00
1507 1467.218 172.9 1.04 0.01
1508 1467.746 66.0 1.03 0.06
1509 1468.784 109.2 0.96 -0.01
1510 1469.266 161.6 0.99 -0.02
1511 1471.095 145.6 0.99 -0.09
1512 1471.278 122.9 1.04 -0.10
1513 1473.954 136.5 1.14 -0.02
1514 1474.327 154.7 1.04 -0.00
1515 1474.846 138.8 0.93 -0.03
1516 1475.337 191.1 1.01 0.04
1517 1476.138 95.6 0.91 -0.03
1518 1477.130 154.7 1.02 -0.06
1519 1478.141 154.7 1.03 -0.05
1520 1478.969 113.8 1.10 -0.04
1521 1479.997 154.7 1.08 -0.00
1522 1480.325 268.5 1.09 -0.00
1523 1481.536 100.1 1.11 0.03
1524 1481.854 141.1 1.12 0.06
1525 1482.737 259.4 1.11 0.02
1526 1484.530 227.6 1.05 0.04
1527 1486.323 245.8 1.08 -0.02
1528 1486.533 118.3 1.11 -0.00
1529 1487.907 93.3 1.07 0.05
1530 1488.827 145.6 1.08 0.04
1531 1489.072 163.8 1.09 0.06
1532 1490.319 111.5 1.09 0.03
1533 1490.492 186.6 1.07 0.04
1534 1491.903 118.3 1.07 -0.06
1535 1492.449 200.2 1.10 -0.06
1536 1494.570 229.8 1.06 -0.04
1537 1495.062 163.8 0.99 -0.01
1538 1495.635 107.0 1.00 -0.04
1539 1496.982 102.4 1.03 0.02
1540 1497.164 186.6 1.05 0.03
1541 1497.474 118.3 1.04 0.04
1542 1497.965 109.2 1.06 0.01
1543 1498.411 136.5 1.07 0.06
1544 1502.298 111.5 1.09 0.06
1545 1502.962 209.4 1.10 0.06
1546 1503.490 193.4 1.08 0.04
1547 1505.556 236.7 1.04 -0.00
1548 1506.139 138.8 1.04 0.00
1549 1506.603 93.3 1.02 0.01
1550 1506.913 118.3 1.05 0.01
1551 1507.450 232.1 1.05 -0.00
1552 1508.933 88.7 1.04 0.00
1553 1509.216 129.7 1.01 -0.02
1554 1509.589 161.6 1.01 -0.01
1555 1510.972 236.7 1.05 0.06
1556 1513.084 182.0 1.01 0.04
1557 1514.240 159.3 1.01 0.06
1558 1514.932 129.7 1.02 0.06
1559 1516.288 157.0 0.90 0.05
1560 1516.770 209.4 0.97 0.05
1561 1517.908 182.0 0.96 -0.00
1562 1518.846 145.6 0.99 0.03
1563 1520.220 270.8 0.96 0.03
1564 1521.959 145.6 0.99 0.07
1565 1523.187 118.3 0.94 0.04
1566 1524.252 109.2 1.00 -0.04
1567 1524.708 97.8 0.99 0.05
1568 1524.926 172.9 1.01 -0.00
1569 1525.099 109.2 0.99 0.04
1570 1525.763 163.8 0.96 0.00
1571 1526.255 145.6 0.94 0.02
1572 1527.693 47.8 0.91 0.03
1573 1528.458 163.8 0.96 0.11
1574 1528.822 109.2 0.91 0.05
1575 1529.996 132.0 1.01 0.10
1576 1530.806 127.4 0.88 0.08
1577 1531.844 268.5 0.89 0.11
1578 1532.290 152.5 0.84 0.02
1579 1533.255 129.7 0.92 0.14
1580 1534.674 200.2 0.87 0.11
1581 1535.020 298.1 0.88 0.11
1582 1536.240 111.5 0.93 0.08
1583 1536.804 191.1 0.78 0.10
1584 1537.351 218.5 0.95 0.02
1585 1539.171 172.9 0.92 0.09
1586 1539.526 159.3 0.91 0.07
1587 1539.854 145.6 0.94 0.06
1588 1540.673 145.6 0.92 0.08
1589 1540.937 132.0 0.93 0.08
1590 1542.302 154.7 1.01 0.10
1591 1542.521 182.0 0.86 0.01
1592 1543.813 138.8 0.92 0.07
1593 1545.206 109.2 1.03 0.00
1594 1546.262 75.1 1.05 0.02
1595 1546.717 282.2 1.05 0.04
1596 1547.108 172.9 1.03 0.05
1597 1547.618 154.7 1.05 0.06
1598 1548.983 136.5 1.03 0.08
1599 1549.548 50.1 1.03 0.01
1600 1551.250 195.7 1.07 0.01
1601 1551.568 141.1 1.07 -0.01
1602 1551.768 154.7 1.06 -0.01
1603 1553.662 109.2 0.94 -0.05
1604 1553.816 100.1 0.92 -0.07
1605 1554.171 163.8 1.04 -0.00
1606 1555.309 163.8 0.97 -0.03
1607 1555.828 195.7 0.99 -0.06
1608 1556.483 168.4 1.04 -0.01
1609 1557.030 136.5 1.00 -0.04
1610 1557.885 145.6 1.00 -0.02
1611 1558.231 202.5 1.02 0.03
1612 1558.504 38.7 1.02 0.05
1613 1558.704 134.3 1.03 0.04
1614 1559.824 136.5 1.00 -0.00
1615 1561.562 100.1 1.02 0.02
1616 1562.163 134.3 1.10 -0.00
1617 1562.373 157.0 1.04 -0.00
1618 1562.682 191.1 1.01 0.02
1619 1563.501 159.3 1.06 0.02
1620 1564.430 136.5 1.10 0.01
1621 1565.331 136.5 1.10 0.04
1622 1565.549 100.1 1.08 0.04
1623 1565.813 118.3 1.07 0.04
1624 1568.598 168.4 1.08 0.09
1625 1569.090 154.7 1.11 0.11
1626 1569.809 75.1 1.05 0.01
1627 1572.358 77.4 1.08 0.16
1628 1573.086 198.0 0.97 0.16
1629 1573.623 355.0 1.03 0.12
1630 1574.215 81.9 1.05 0.12
1631 1574.360 102.4 1.04 0.12
1632 1576.181 200.2 0.96 0.10
1633 1580.613 227.6 1.06 0.13
1634 1582.816 122.9 0.98 0.07
1635 1583.826 127.4 1.01 0.02
1636 1584.546 113.8 1.00 0.01
1637 1584.946 127.4 1.01 -0.02
1638 1587.649 118.3 1.03 0.09
1639 1589.725 127.4 1.00 0.11
1640 1591.035 191.1 0.98 0.07
1641 1591.381 241.2 0.95 0.10
1642 1593.056 150.2 0.94 0.08
1643 1594.158 145.6 0.96 0.14
1644 1594.403 138.8 0.97 0.14
1645 1595.241 109.2 0.96 0.11
1646 1596.151 91.0 0.97 0.15
1647 1596.533 125.2 0.94 0.09
1648 1597.762 209.4 0.95 0.11
1649 1599.127 286.7 0.93 0.16
1650 1599.501 145.6 0.97 0.09
1651 1599.937 91.0 0.89 0.08
1652 1602.677 225.3 0.92 0.00
1653 1604.188 175.2 0.87 0.04
1654 1604.434 129.7 0.91 0.07
1655 1604.880 150.2 0.88 0.05
1656 1605.117 191.1 0.92 0.02
1657 1605.563 170.7 0.91 0.03
1658 1606.172 141.1 0.92 0.03
1659 1608.539 195.7 0.85 0.09
1660 1609.395 109.2 0.85 0.04
1661 1609.649 118.3 0.92 0.04
1662 1609.941 91.0 0.98 0.12
1663 1611.916 136.5 0.94 0.15
1664 1612.644 145.6 1.01 0.14
1665 1613.381 127.4 1.02 0.09
1666 1613.518 188.9 1.00 0.09
1667 1614.064 145.6 0.99 0.11
1668 1614.865 204.8 1.01 0.17
1669 1615.175 150.2 0.98 0.17
1670 1617.769 163.8 0.98 0.09
1671 1619.598 154.7 0.90 0.10
1672 1620.053 127.4 0.94 0.06
1673 1620.627 152.5 0.92 0.03
1674 1621.164 118.3 0.86 0.02
1675 1622.384 145.6 0.87 -0.01
1676 1622.902 145.6 0.84 -0.00
1677 1623.139 132.0 0.92 -0.00
1678 1624.441 86.5 0.89 -0.02
1679 1624.868 441.5 0.94 -0.01
1680 1625.132 41.0 0.88 -0.01
1681 1626.771 216.2 0.99 0.01
1682 1627.208 200.2 0.92 0.07
1683 1627.836 188.9 0.95 0.02
1684 1628.919 102.4 0.97 0.02
1685 1630.093 136.5 0.94 -0.00
1686 1630.621 134.3 0.92 -0.00
1687 1631.640 177.5 0.97 0.09
1688 1633.616 109.2 0.91 0.11
1689 1636.483 211.6 0.84 0.12
1690 1637.821 109.2 1.07 0.08
1691 1638.094 104.7 1.04 0.06
1692 1638.913 118.3 1.06 0.07
1693 1639.860 254.9 1.06 0.10
1694 1640.470 150.2 1.02 0.07
1695 1641.061 59.2 1.01 0.01
1696 1641.589 191.1 1.03 0.02
1697 1643.701 138.8 1.10 0.04
1698 1643.947 127.4 1.09 0.03
1699 1644.775 127.4 1.06 0.02
1700 1645.403 286.7 1.08 0.03
1701 1646.022 141.1 1.05 -0.02
1702 1647.314 286.7 1.08 0.01
1703 1648.034 109.2 0.95 -0.04
1704 1648.534 118.3 0.98 0.03
1705 1649.626 154.7 1.05 0.04
1706 1652.703 154.7 1.04 -0.00
1707 1653.631 109.2 0.98 0.10
1708 1655.943 163.8 1.04 0.06
1709 1656.653 191.1 1.04 0.06
1710 1657.509 109.2 1.04 0.07
1711 1658.337 163.8 1.04 0.12
1712 1658.865 238.9 1.03 0.07
1713 1659.257 200.2 1.04 0.10
1714 1660.158 300.4 1.04 0.13
1715 1660.941 97.8 0.99 0.06
1716 1661.022 111.5 0.99 0.06
1717 1662.060 145.6 1.01 0.12
1718 1663.598 154.7 0.97 0.10
1719 1664.199 136.5 0.99 0.12
1720 1664.682 209.4 0.94 0.14
1721 1665.246 38.7 1.00 0.07
1722 1665.319 50.1 1.00 0.08
1723 1665.510 120.6 0.94 0.14
1724 1666.156 84.2 0.90 0.13
1725 1669.706 100.1 0.96 0.09
1726 1670.216 141.1 0.96 0.07
1727 1670.971 284.4 0.95 0.13
1728 1671.244 154.7 0.96 0.08
1729 1671.426 145.6 0.98 0.08
1730 1673.520 127.4 0.94 0.11
1731 1674.840 227.6 0.94 0.11
1732 1675.058 145.6 0.94 0.10
1733 1675.368 218.5 0.92 0.08
1734 1676.178 225.3 0.90 0.06
1735 1676.678 77.4 0.92 0.05
1736 1678.016 109.2 0.89 -0.00
1737 1678.353 107.0 0.91 0.01
1738 1679.036 75.1 0.93 0.03
1739 1679.163 134.3 0.91 0.04
1740 1679.473 109.2 0.90 0.06
1741 1680.164 66.0 0.87 0.01
1742 1680.920 145.6 0.93 0.02
1743 1682.222 163.8 0.97 0.06
1744 1683.896 86.5 0.93 0.04
1745 1685.498 129.7 0.88 0.04
1746 1686.163 154.7 0.88 0.04
1747 1686.964 177.5 0.88 0.03
1748 1692.161 145.6 0.92 -0.00
1749 1692.671 129.7 0.96 -0.09
1750 1693.263 172.9 0.93 0.02
1751 1696.030 193.4 0.98 0.13
1752 1699.953 172.9 0.90 0.01
1753 1700.799 227.6 0.94 0.00
1754 1701.227 109.2 1.00 0.08
1755 1701.491 154.7 0.96 0.03
1756 1702.028 163.8 0.98 0.04
1757 1703.348 104.7 0.94 0.01
1758 1704.040 236.7 0.95 0.07
1759 1704.677 127.4 0.93 0.06
1760 1707.271 191.1 0.96 0.13
1761 1708.809 163.8 0.88 0.06
1762 1709.537 86.5 0.93 0.03
1763 1709.929 109.2 0.95 0.05
1764 1711.722 168.4 0.85 -0.04
1765 1712.059 127.4 0.99 -0.07
1766 1712.550 157.0 0.97 -0.06
1767 1712.769 159.3 0.85 -0.06
1768 1713.661 163.8 0.97 -0.11
1769 1715.235 145.6 1.02 -0.10
1770 1715.736 241.2 1.01 -0.10
1771 1717.502 136.5 1.10 -0.06
1772 1717.666 163.8 1.08 -0.07
1773 1719.359 154.7 0.86 -0.12
1774 1722.899 118.3 1.10 0.03
1775 1723.992 107.0 1.08 0.06
1776 1724.146 91.0 1.06 0.01
1777 1725.220 77.4 1.04 0.07
1778 1726.695 125.2 1.02 0.07
1779 1727.623 227.6 1.01 0.06
1780 1728.634 145.6 0.96 0.05
1781 1729.498 150.2 0.92 0.07
1782 1730.800 154.7 0.83 -0.04
1783 1731.956 113.8 0.87 -0.10
1784 1732.256 182.0 0.95 -0.02
1785 1733.676 127.4 0.93 -0.12
1786 1734.932 188.9 0.94 -0.02
1787 1735.233 95.6 0.95 -0.02
1788 1735.724 227.6 0.96 -0.03
1789 1737.399 172.9 0.90 0.11
1790 1738.273 118.3 0.92 0.03
1791 1738.628 129.7 0.91 0.06
1792 1739.620 132.0 0.87 0.10
1793 1741.759 136.5 0.98 0.05
1794 1742.678 161.6 1.05 0.05
1795 1743.033 252.6 1.06 0.05
1796 1745.609 88.7 1.04 -0.00
1797 1746.474 95.6 1.02 0.07
1798 1747.794 86.5 1.01 0.02
1799 1748.295 77.4 1.02 0.02
1800 1748.386 50.1 1.00 0.01
1801 1748.850 168.4 1.05 -0.01
1802 1750.370 154.7 1.05 -0.08
1803 1750.952 172.9 1.01 -0.02
1804 1751.835 109.2 1.01 0.09
1805 1753.829 264.0 0.95 -0.00
1806 1754.411 136.5 0.92 0.07
1807 1755.121 154.7 1.00 -0.04
1808 1757.215 91.0 0.97 0.13
1809 1757.415 54.6 0.97 0.11
1810 1757.697 154.7 0.97 0.10
1811 1758.325 109.2 0.96 0.08
1812 1759.317 145.6 1.01 0.13
1813 1760.173 136.5 1.01 0.14
1814 1760.601 163.8 1.00 0.18
1815 1761.984 154.7 0.90 0.16
1816 1762.712 93.3 0.93 0.10
1817 1766.472 132.0 0.93 0.04
1818 1767.528 216.2 0.93 -0.01
1819 1767.873 163.8 0.96 0.04
1820 1768.319 113.8 0.93 0.06
1821 1769.521 118.3 0.95 0.03
1822 1771.196 81.9 1.00 0.09
1823 1772.434 204.8 1.00 0.09
1824 1772.843 138.8 0.97 0.10
1825 1774.700 109.2 0.95 0.08
1826 1775.710 118.3 0.95 0.10
1827 1775.874 79.6 0.93 0.10
1828 1776.366 109.2 1.04 0.19
1829 1777.003 145.6 0.89 -0.02
1830 1777.385 145.6 0.89 -0.01
1831 1777.567 166.1 0.91 0.03
1832 1778.150 100.1 0.92 0.04
1833 1778.669 236.7 0.91 0.04
1834 1779.497 200.2 0.97 -0.00
1835 1779.770 191.1 0.99 0.02
1836 1779.979 163.8 0.96 0.09
1837 1781.563 225.3 1.02 0.16
1838 1782.710 127.4 1.05 0.14
1839 1783.438 152.5 1.05 0.11
1840 1783.748 213.9 1.03 0.10
1841 1784.066 104.7 1.02 0.10
1842 1784.267 109.2 1.00 0.07
1843 1788.126 134.3 1.02 0.10
1844 1788.900 145.6 1.05 0.07
1845 1791.475 116.1 1.01 0.00
1846 1794.534 107.0 1.08 -0.01
1847 1794.661 84.2 1.07 -0.01
1848 1794.752 50.1 1.08 -0.03
1849 1794.962 118.3 1.10 -0.01
1850 1795.817 109.2 1.11 -0.02
1851 1796.136 248.0 1.07 -0.01
1852 1796.291 104.7 1.00 -0.04
1853 1796.800 191.1 1.06 -0.02
1854 1796.991 41.0 1.06 -0.04
1855 1797.601 127.4 1.06 -0.04
1856 1799.140 172.9 0.98 -0.03
1857 1799.667 118.3 1.06 -0.05
1858 1800.405 143.4 1.04 -0.03
1859 1800.769 163.8 1.04 0.01
1860 1801.115 109.2 1.01 -0.05
1861 1802.243 188.9 1.00 -0.04
1862 1803.973 245.8 1.01 0.00
1863 1804.865 154.7 1.03 0.06
1864 1805.120 104.7 1.02 0.07
1865 1805.302 109.2 1.08 0.03
1866 1805.793 207.1 1.03 0.01
1867 1806.503 172.9 0.98 0.05
1868 1807.159 175.2 0.99 0.03
1869 1807.277 52.3 1.02 0.00
1870 1808.151 236.7 1.04 -0.02
1871 1808.588 122.9 1.09 0.04
1872 1808.906 141.1 1.07 0.05
1873 1809.198 200.2 1.08 0.04
1874 1809.425 129.7 1.11 0.06
1875 1809.844 154.7 1.07 0.05
1876 1811.036 282.2 1.09 0.03
1877 1812.283 79.6 1.09 0.00
1878 1813.221 150.2 1.11 0.00
1879 1813.685 109.2 1.10 -0.00
1880 1814.759 414.2 1.10 0.02
1881 1815.496 109.2 1.08 0.07
1882 1816.024 109.2 1.08 0.05
1883 1817.162 111.5 1.05 0.06
1884 1817.599 275.3 1.05 0.06
1885 1818.054 186.6 1.04 0.04
1886 1818.646 91.0 1.03 0.06
1887 1818.992 122.9 1.02 0.06
1888 1819.665 136.5 1.05 0.08
1889 1820.593 136.5 1.03 0.05
1890 1821.112 200.2 1.08 0.06
1891 1821.932 168.4 1.04 0.07
1892 1822.223 218.5 1.07 0.07
1893 1822.632 298.1 1.08 0.06
1894 1822.987 109.2 1.08 0.05
1895 1823.342 145.6 1.10 0.05
1896 1823.697 109.2 1.09 0.05
1897 1825.163 109.2 0.96 0.08
1898 1825.682 91.0 0.93 0.07
1899 1827.657 141.1 1.02 0.00
1900 1829.714 109.2 1.04 0.12
1901 1830.215 163.8 1.01 0.09
1902 1830.961 163.8 0.97 0.16
1903 1831.953 109.2 1.06 0.05
1904 1832.454 118.3 1.01 0.05
1905 1832.982 122.9 0.99 -0.00
1906 1834.128 154.7 0.98 0.01
1907 1834.666 138.8 0.98 0.02
1908 1834.802 116.1 0.96 0.02
1909 1835.612 118.3 0.96 0.02
1910 1835.858 159.3 0.93 0.06
1911 1836.632 259.4 0.97 0.04
1912 1837.150 186.6 0.96 0.02
1913 1838.170 136.5 0.95 0.07
1914 1843.476 109.2 0.96 0.06
1915 1843.786 134.3 0.91 0.10
1916 1845.579 204.8 0.86 0.10
1917 1848.765 150.2 0.88 0.12
1918 1849.548 218.5 0.96 0.11
1919 1850.148 136.5 0.96 0.07
1920 1852.114 145.6 0.95 0.01
1921 1852.524 227.6 0.95 0.03
1922 1853.070 109.2 0.93 0.06
1923 1853.453 118.3 0.93 -0.01
1924 1853.844 79.6 0.98 0.02
1925 1854.199 102.4 0.96 -0.07
1926 1854.299 66.0 0.94 -0.07
1927 1855.683 339.1 0.94 0.00
1928 1856.038 216.2 0.91 0.00
1929 1858.877 107.0 0.90 0.06
1930 1860.052 86.5 1.02 0.11
1931 1860.279 172.9 1.04 0.12
1932 1861.590 195.7 1.01 0.05
1933 1862.464 172.9 1.12 0.10
1934 1863.265 163.8 1.11 0.00
1935 1864.384 109.2 1.09 0.04
1936 1864.958 150.2 1.11 0.02
1937 1866.287 132.0 1.02 0.08
1938 1868.617 109.2 0.99 0.04
1939 1868.817 132.0 1.01 0.04
1940 1871.338 113.8 0.97 0.12
1941 1871.957 209.4 1.01 0.08
1942 1873.468 154.7 1.04 0.09
1943 1874.706 175.2 1.03 0.07
1944 1875.416 259.4 1.02 0.04
1945 1877.337 127.4 1.00 0.07
1946 1879.894 227.6 1.04 0.13
1947 1881.278 100.1 1.08 -0.00
1948 1881.888 241.2 0.87 0.08
1949 1883.135 122.9 0.97 -0.04
1950 1888.050 136.5 0.88 0.00
1951 1888.624 107.0 0.90 0.04
1952 1889.597 175.2 0.82 0.02
1953 1890.562 172.9 0.93 0.06
1954 1890.781 100.1 0.94 0.08
1955 1891.008 132.0 0.95 0.08
1956 1892.401 136.5 0.98 -0.06
1957 1892.683 150.2 0.91 0.01
1958 1892.911 168.4 0.87 0.01
1959 1894.676 77.4 0.83 -0.06
1960 1894.968 209.4 0.88 -0.00
1961 1897.562 163.8 0.81 -0.03
1962 1897.789 172.9 0.80 -0.03
1963 1898.718 129.7 0.88 -0.04
1964 1898.909 136.5 0.91 -0.04
1965 1900.120 100.1 0.93 0.02
1966 1902.113 136.5 0.88 0.10
1967 1902.304 136.5 0.85 0.04
1968 1904.152 216.2 0.93 0.09
1969 1905.062 100.1 0.95 0.14
1970 1905.545 163.8 0.98 0.15
1971 1906.355 188.9 0.93 0.18
1972 1907.902 191.1 0.83 0.11
1973 1909.732 211.6 0.86 0.18
1974 1910.187 172.9 0.84 0.18
1975 1911.334 184.3 0.83 0.07
1976 1914.283 182.0 0.84 0.05
1977 1914.574 232.1 0.86 0.15
1978 1914.938 182.0 0.88 0.16
1979 1915.402 154.7 0.91 0.13
1980 1915.666 104.7 0.95 0.12
1981 1917.960 122.9 0.97 0.04
1982 1920.317 145.6 1.01 0.14
1983 1920.864 213.9 1.01 0.11
1984 1922.010 152.5 1.03 0.03
1985 1922.466 127.4 0.80 0.06
1986 1923.458 264.0 0.96 0.04
1987 1923.931 195.7 0.95 0.11
1988 1925.469 268.5 0.97 0.07
1989 1926.298 223.0 0.95 0.04
1990 1928.027 145.6 0.97 0.07
1991 1929.483 254.9 0.89 -0.19
1992 1932.105 95.6 0.90 0.07
1993 1932.988 143.4 0.95 0.08
1994 1935.118 118.3 0.92 0.05
1995 1935.864 275.3 0.90 0.03
1996 1936.419 195.7 0.92 0.03
1997 1936.774 75.1 0.91 0.04
1998 1938.212 147.9 0.92 -0.00
1999 1938.777 264.0 0.93 0.03
2000 1939.150 129.7 0.97 0.05
