1 0.085 122.9 1.11 -0.01
2 1.615 136.5 1.10 -0.04
3 2.243 95.6 1.14 -0.02
4 3.289 122.9 1.15 -0.02
5 3.562 172.9 1.12 -0.02
6 3.826 229.8 1.13 -0.04
7 4.345 127.4 1.11 0.08
8 4.973 161.6 1.07 -0.01
9 6.457 54.6 1.09 -0.01
10 7.358 63.7 1.07 -0.02
11 7.549 86.5 1.14 -0.02
12 8.150 84.2 1.07 -0.02
13 8.241 50.1 1.10 -0.04
14 9.069 150.2 1.09 -0.02
15 11.509 118.3 1.04 -0.05
16 12.118 113.8 1.03 -0.05
17 17.134 147.9 1.07 -0.04
18 18.062 120.6 1.10 -0.05
19 18.190 104.7 1.10 -0.06
20 18.308 147.9 1.11 -0.03
21 19.573 118.3 1.08 -0.04
22 20.529 38.7 1.08 0.01
23 20.656 143.4 1.06 0.02
24 20.957 250.3 1.09 0.02
25 21.266 154.7 1.08 -0.01
26 21.712 159.3 1.09 -0.00
27 22.404 79.6 1.09 -0.01
28 23.542 136.5 1.11 0.03
29 23.933 118.3 1.08 0.01
30 25.226 134.3 1.10 -0.00
31 25.626 136.5 1.09 0.02
32 25.817 179.8 1.09 0.00
33 26.127 161.6 1.10 0.01
34 26.873 120.6 1.09 0.02
35 27.483 109.2 1.11 0.02
36 27.820 154.7 1.09 0.03
37 28.457 116.1 1.07 0.04
38 29.922 136.5 1.10 0.03
39 31.433 113.8 1.08 0.03
40 31.606 109.2 1.08 0.03
41 32.234 227.6 1.08 0.02
42 32.972 175.2 1.06 0.01
43 33.163 175.2 1.06 0.01
44 33.481 109.2 1.08 0.02
45 34.619 118.3 1.08 0.00
46 36.121 104.7 1.06 0.04
47 36.267 141.1 1.04 0.07
48 37.914 120.6 1.05 0.08
49 39.325 154.7 1.05 0.03
50 40.918 125.2 1.00 0.04
51 42.347 109.2 1.03 -0.00
52 43.658 236.7 0.99 -0.03
53 44.777 168.4 1.00 -0.05
54 45.196 127.4 0.99 -0.05
55 45.451 168.4 0.98 -0.07
56 45.669 118.3 1.00 -0.05
57 46.507 154.7 1.02 -0.01
58 47.180 120.6 0.97 -0.04
59 47.517 138.8 1.02 -0.05
60 48.191 236.7 1.03 -0.01
61 49.474 154.7 1.02 -0.01
62 51.822 186.6 1.01 -0.04
63 52.232 172.9 0.99 -0.03
64 52.605 56.9 1.01 -0.05
65 53.952 218.5 1.00 -0.03
66 55.254 68.3 0.98 -0.03
67 55.354 86.5 0.96 -0.03
68 55.609 120.6 1.00 -0.02
69 58.130 118.3 0.97 -0.07
70 58.977 277.6 0.98 -0.01
71 59.250 191.1 1.04 -0.01
72 59.823 84.2 1.00 0.00
73 60.042 186.6 1.01 0.00
74 60.524 88.7 1.01 0.02
75 62.099 136.5 1.10 0.04
76 62.408 95.6 1.06 0.03
77 62.499 79.6 1.07 0.03
78 62.681 136.5 1.08 0.02
79 63.082 232.1 1.06 0.01
80 63.501 245.8 1.09 -0.02
81 63.692 79.6 1.08 -0.01
82 64.484 111.5 1.08 -0.01
83 65.048 136.5 1.10 -0.02
84 65.922 145.6 1.11 0.02
85 66.158 141.1 1.10 0.00
86 66.805 109.2 1.13 0.00
87 67.387 152.5 1.09 -0.02
88 67.760 118.3 1.08 -0.02
89 68.115 100.1 1.11 -0.03
90 68.452 218.5 1.12 -0.04
91 68.725 127.4 1.12 -0.03
92 69.271 129.7 1.15 -0.03
93 70.063 116.1 1.11 -0.03
94 70.901 136.5 1.15 -0.03
95 71.574 200.2 1.12 -0.02
96 72.275 170.7 1.09 -0.00
97 73.813 127.4 1.11 -0.01
98 74.159 186.6 1.10 -0.05
99 76.872 91.0 1.10 -0.03
100 77.318 298.1 1.11 -0.04
101 77.673 109.2 1.12 -0.06
102 78.601 109.2 1.13 -0.00
103 79.147 118.3 1.12 -0.02
104 80.658 72.8 1.08 0.02
105 81.341 172.9 1.10 0.02
106 82.196 100.1 1.11 0.02
107 82.388 145.6 1.12 0.00
108 82.779 136.5 1.11 -0.00
109 83.170 138.8 1.10 0.03
110 84.399 127.4 1.10 -0.01
111 84.618 100.1 1.10 0.01
112 85.191 182.0 1.12 -0.00
113 85.837 154.7 1.16 0.03
114 87.048 109.2 1.09 0.01
115 87.412 193.4 1.13 0.02
116 89.669 145.6 1.09 -0.02
117 91.235 120.6 1.06 -0.01
118 91.335 25.0 1.07 -0.03
119 92.254 68.3 1.08 -0.05
120 92.382 122.9 1.09 -0.02
121 92.600 143.4 1.09 -0.02
122 92.983 163.8 1.07 -0.01
123 93.219 70.5 1.06 -0.04
124 93.820 209.4 1.08 -0.00
125 95.704 154.7 1.06 -0.03
126 95.977 209.4 1.00 -0.02
127 96.523 154.7 1.02 -0.04
128 97.789 132.0 1.03 -0.01
129 98.781 168.4 1.06 -0.02
130 100.237 163.8 1.07 0.04
131 101.093 136.5 1.06 0.07
132 101.939 209.4 1.05 0.02
133 102.494 136.5 1.02 0.02
134 102.686 141.1 1.04 0.02
135 105.043 93.3 1.11 0.01
136 105.507 122.9 1.10 0.03
137 106.982 100.1 1.08 0.04
138 107.573 163.8 1.08 0.04
139 107.992 95.6 1.08 0.03
140 108.538 127.4 1.06 0.03
141 109.003 168.4 1.08 0.05
142 109.358 93.3 1.11 0.05
143 109.476 120.6 1.12 0.03
144 109.976 159.3 1.16 0.04
145 112.443 118.3 1.16 -0.01
146 113.645 104.7 1.14 0.01
147 114.646 118.3 1.16 -0.01
148 116.667 136.5 1.18 -0.00
149 117.768 163.8 1.16 0.00
150 119.106 163.8 1.08 -0.01
151 121.937 279.9 1.13 -0.02
152 125.550 125.2 1.06 0.06
153 126.060 93.3 1.09 0.03
154 126.998 129.7 1.09 0.00
155 127.626 120.6 1.10 -0.02
156 128.390 38.7 1.08 0.00
157 128.463 59.2 1.11 -0.00
158 128.982 145.6 1.13 -0.00
159 129.965 100.1 1.11 0.02
160 130.202 118.3 1.11 0.02
161 130.338 111.5 1.12 0.00
162 131.694 95.6 1.13 0.00
163 131.876 109.2 1.10 0.00
164 132.495 218.5 1.12 -0.04
165 133.151 145.6 1.08 -0.03
166 133.688 95.6 1.09 -0.08
167 135.718 122.9 1.04 0.02
168 136.209 132.0 1.05 -0.03
169 136.428 84.2 1.04 0.04
170 136.846 136.5 1.03 0.06
171 137.128 291.3 0.99 0.02
172 137.374 127.4 0.99 0.03
173 138.539 122.9 1.03 -0.00
174 139.395 500.6 1.03 0.02
175 139.768 113.8 1.02 -0.00
176 140.414 161.6 1.01 0.03
177 140.860 111.5 1.01 0.01
178 141.588 120.6 1.04 -0.01
179 141.716 107.0 1.01 0.01
180 142.071 136.5 1.00 -0.07
181 142.353 209.4 1.00 0.03
182 145.248 91.0 1.04 0.03
183 146.167 136.5 1.03 0.00
184 146.458 163.8 1.04 0.00
185 152.393 118.3 1.00 0.00
186 152.893 177.5 0.99 -0.01
187 153.066 22.8 1.00 0.01
188 154.059 145.6 1.00 0.02
189 155.260 225.3 0.98 0.06
190 156.034 282.2 1.02 0.05
191 159.092 159.3 1.08 -0.00
192 159.392 104.7 1.06 0.00
193 159.747 104.7 1.10 0.01
194 162.287 97.8 1.10 -0.04
195 162.505 154.7 1.11 -0.04
196 164.735 145.6 1.08 -0.11
197 165.655 209.4 1.06 -0.12
198 167.211 491.5 1.04 -0.07
199 168.495 191.1 1.10 -0.06
200 168.841 100.1 1.09 -0.06
201 169.132 147.9 1.08 -0.06
202 170.661 213.9 1.11 -0.04
203 174.875 125.2 1.10 -0.05
204 175.649 127.4 1.10 -0.07
205 176.068 95.6 1.10 -0.08
206 176.350 104.7 1.09 -0.08
207 176.987 163.8 1.06 -0.08
208 177.870 209.4 1.05 -0.05
209 179.690 145.6 1.08 -0.04
210 179.936 79.6 1.08 -0.06
211 181.392 100.1 1.06 -0.04
212 182.075 127.4 1.07 -0.05
213 183.832 127.4 1.04 -0.04
214 187.637 109.2 1.01 -0.03
215 188.101 88.7 1.06 -0.02
216 189.867 104.7 1.07 -0.04
217 192.197 118.3 1.02 0.03
218 192.534 136.5 1.03 0.02
219 193.071 179.8 1.06 -0.01
220 194.800 161.6 1.07 -0.02
221 195.465 118.3 1.06 -0.03
222 195.656 113.8 1.08 -0.03
223 199.224 179.8 1.05 0.04
224 199.579 154.7 1.05 0.02
225 200.962 227.6 1.07 0.03
226 201.727 154.7 1.07 0.00
227 201.964 168.4 1.06 0.00
228 202.619 172.9 1.06 0.02
229 205.623 97.8 1.06 0.06
230 207.234 147.9 1.07 0.03
231 211.639 182.0 1.10 -0.08
232 211.985 152.5 1.08 -0.06
233 212.331 104.7 1.07 -0.09
234 212.522 200.2 1.08 -0.07
235 212.777 143.4 1.08 -0.09
236 215.371 127.4 1.02 -0.04
237 216.691 79.6 1.04 0.01
238 216.791 68.3 1.01 0.01
239 217.601 332.2 1.03 -0.07
240 218.748 236.7 1.06 -0.01
241 219.749 59.2 1.04 -0.06
242 219.858 100.1 1.04 -0.05
243 221.852 88.7 1.05 0.02
244 224.218 136.5 1.07 0.00
245 225.547 218.5 1.00 -0.00
246 227.158 218.5 1.06 0.00
247 228.305 41.0 1.08 0.01
248 229.097 200.2 1.12 0.01
249 229.297 154.7 1.13 0.01
250 230.071 118.3 1.14 0.02
251 230.244 93.3 1.12 0.04
252 231.264 100.1 1.15 0.01
253 232.010 50.1 1.13 0.02
254 234.713 127.4 1.13 0.01
255 234.914 102.4 1.14 0.01
256 235.196 95.6 1.12 0.01
257 236.060 118.3 1.12 -0.06
258 236.761 118.3 1.14 -0.05
259 236.952 118.3 1.14 -0.05
260 240.002 154.7 1.18 0.03
261 242.641 177.5 1.19 0.00
262 242.851 188.9 1.21 0.01
263 243.688 241.2 1.19 -0.00
264 244.089 186.6 1.19 -0.02
265 245.627 195.7 1.18 -0.01
266 246.728 118.3 1.17 -0.05
267 246.892 91.0 1.14 -0.01
268 247.138 100.1 1.18 -0.02
269 248.267 145.6 1.17 -0.01
270 250.296 118.3 1.16 -0.01
271 251.498 127.4 1.13 -0.01
272 253.154 163.8 1.15 0.02
273 253.610 95.6 1.10 -0.00
274 254.283 218.5 1.13 -0.01
275 255.767 100.1 1.16 -0.01
276 256.240 91.0 1.11 0.00
277 256.368 86.5 1.13 0.00
278 258.088 143.4 1.15 0.01
279 259.171 118.3 1.12 -0.01
280 259.471 127.4 1.12 0.00
281 259.635 118.3 1.17 0.00
282 261.638 113.8 1.15 -0.04
283 261.883 116.1 1.14 -0.04
284 264.068 145.6 1.11 0.00
285 264.924 81.9 1.11 0.02
286 265.579 202.5 1.12 0.00
287 265.925 127.4 1.15 0.02
288 266.216 129.7 1.14 0.02
289 267.591 127.4 1.11 0.03
290 268.273 88.7 1.14 0.04
291 268.437 109.2 1.12 0.04
292 269.165 257.1 1.13 0.03
293 273.698 118.3 1.12 0.01
294 275.783 132.0 1.10 0.02
295 276.447 248.0 1.11 0.02
296 276.738 191.1 1.10 0.02
297 276.929 141.1 1.08 0.05
298 278.031 350.4 1.13 0.03
299 278.277 54.6 1.09 0.04
300 279.396 132.0 1.14 0.02
301 281.453 70.5 1.15 -0.01
302 281.735 198.0 1.12 -0.04
303 282.418 136.5 1.11 -0.00
304 283.092 182.0 1.12 -0.01
305 284.903 145.6 1.10 0.03
306 285.303 56.9 1.10 0.03
307 285.850 111.5 1.07 0.03
308 286.023 193.4 1.08 0.03
309 286.214 116.1 1.10 0.04
310 286.769 86.5 1.11 -0.00
311 287.879 79.6 1.08 -0.01
312 288.562 159.3 1.14 -0.01
313 289.154 113.8 1.14 0.01
314 289.572 136.5 1.18 0.00
315 289.873 132.0 1.15 0.02
316 290.055 93.3 1.13 0.03
317 290.801 95.6 1.12 0.01
318 290.983 104.7 1.12 0.01
319 291.156 84.2 1.13 -0.02
320 293.086 118.3 1.10 -0.04
321 293.623 72.8 1.12 -0.02
322 294.724 154.7 1.10 0.04
323 295.607 109.2 1.09 0.02
324 295.989 172.9 1.12 -0.01
325 296.226 136.5 1.14 -0.01
326 297.446 125.2 1.07 0.04
327 298.183 245.8 1.12 0.00
328 298.575 127.4 1.11 0.03
329 299.649 100.1 1.11 0.03
330 299.812 134.3 1.12 0.01
331 300.723 81.9 1.09 0.03
332 301.050 147.9 1.08 0.06
333 302.070 70.5 1.07 0.02
334 303.226 279.9 1.10 0.04
335 303.981 95.6 1.12 0.05
336 304.291 186.6 1.09 0.05
337 304.946 129.7 1.09 0.05
338 305.929 95.6 1.10 0.05
339 307.067 243.5 1.11 0.03
340 307.349 127.4 1.13 0.02
341 307.558 127.4 1.12 0.02
342 309.788 168.4 1.12 0.03
343 309.998 182.0 1.08 0.03
344 311.982 107.0 1.17 0.06
345 312.155 122.9 1.15 0.06
346 313.347 182.0 1.18 -0.01
347 314.640 109.2 1.18 -0.02
348 315.095 134.3 1.19 -0.02
349 316.133 145.6 1.15 -0.02
350 318.181 136.5 1.17 0.02
351 318.718 200.2 1.19 0.02
352 318.927 109.2 1.13 0.03
353 320.748 91.0 1.15 0.03
354 321.148 157.0 1.15 0.03
355 322.595 127.4 1.15 0.01
356 322.959 66.0 1.16 0.03
357 323.178 145.6 1.14 0.01
358 324.498 97.8 1.12 0.03
359 327.474 132.0 1.14 0.04
360 328.038 141.1 1.15 0.05
361 328.557 163.8 1.11 0.07
362 329.185 179.8 1.12 0.05
363 329.513 118.3 1.12 0.06
364 330.478 127.4 1.11 0.06
365 331.525 154.7 1.10 0.07
366 331.707 102.4 1.09 0.07
367 331.916 104.7 1.07 0.06
368 333.755 100.1 1.11 0.03
369 335.275 136.5 1.09 0.06
370 336.176 193.4 1.08 0.06
371 336.331 70.5 1.07 0.04
372 339.025 161.6 1.09 0.08
373 340.754 109.2 1.09 0.06
374 341.319 109.2 1.08 0.04
375 342.484 145.6 1.10 0.02
376 343.121 107.0 1.08 0.05
377 343.458 163.8 1.06 0.05
378 344.541 141.1 1.12 0.01
379 345.314 86.5 1.11 0.04
380 346.398 68.3 1.08 0.02
381 347.517 91.0 1.07 0.02
382 347.699 127.4 1.08 0.04
383 348.409 172.9 1.05 0.04
384 349.065 97.8 1.07 0.02
385 351.358 136.5 1.05 0.08
386 351.804 93.3 1.07 0.10
387 351.986 127.4 1.07 0.10
388 353.324 127.4 1.08 0.10
389 353.525 145.6 1.08 0.08
390 354.062 100.1 1.05 0.06
391 355.281 118.3 1.06 0.06
392 356.210 163.8 1.10 0.03
393 356.747 161.6 1.10 0.02
394 357.275 138.8 1.11 -0.01
395 357.675 136.5 1.12 0.04
396 359.377 79.6 1.14 0.03
397 359.832 118.3 1.16 0.05
398 360.706 204.8 1.13 0.03
399 360.888 68.3 1.15 0.01
400 362.181 109.2 1.11 0.04
401 362.427 100.1 1.11 0.05
402 363.155 127.4 1.10 0.05
403 363.664 77.4 1.10 0.06
404 363.874 104.7 1.10 0.05
405 364.183 127.4 1.09 0.10
406 364.502 118.3 1.09 0.04
407 365.403 163.8 1.14 0.02
408 366.286 66.0 1.10 0.05
409 366.441 93.3 1.11 0.03
410 366.696 182.0 1.13 0.06
411 367.615 91.0 1.16 0.04
412 368.115 118.3 1.16 0.05
413 368.279 109.2 1.15 0.05
414 369.854 97.8 1.14 0.08
415 370.564 127.4 1.12 0.07
416 370.928 100.1 1.18 0.06
417 371.347 132.0 1.17 0.06
418 371.711 234.4 1.16 0.06
419 371.957 154.7 1.12 0.08
420 374.997 168.4 1.14 0.03
421 377.017 107.0 1.12 0.04
422 377.327 136.5 1.13 0.05
423 377.527 102.4 1.09 0.02
424 378.155 159.3 1.09 0.03
425 378.392 127.4 1.08 -0.01
426 378.984 43.2 1.10 0.00
427 379.648 118.3 1.11 0.03
428 380.704 100.1 1.10 0.05
429 381.623 136.5 1.10 0.02
430 384.053 88.7 1.09 0.05
431 384.336 66.0 1.09 0.05
432 384.445 127.4 1.07 0.04
433 384.672 182.0 1.11 0.01
434 385.109 47.8 1.10 0.01
435 385.492 127.4 1.12 -0.01
436 386.730 113.8 1.15 -0.04
437 387.567 118.3 1.18 -0.02
438 387.831 50.1 1.17 -0.01
439 387.949 91.0 1.17 -0.01
440 389.023 268.5 1.12 -0.01
441 389.269 163.8 1.12 0.05
442 390.288 77.4 1.11 0.03
443 391.636 157.0 1.11 0.01
444 395.941 213.9 1.17 0.10
445 397.370 111.5 1.04 0.08
446 398.235 132.0 1.10 0.06
447 399.145 136.5 1.04 0.07
448 401.120 75.1 1.05 0.11
449 401.238 84.2 1.04 0.11
450 402.322 109.2 1.09 0.07
451 405.708 97.8 1.18 0.01
452 406.545 81.9 1.13 0.00
453 406.627 41.0 1.15 0.00
454 407.109 223.0 1.12 0.02
455 407.410 193.4 1.12 0.03
456 408.029 200.2 1.11 0.02
457 408.320 136.5 1.10 -0.00
458 410.004 95.6 1.05 -0.03
459 410.568 54.6 1.05 -0.01
460 411.797 154.7 1.08 -0.01
461 413.508 129.7 1.08 -0.01
462 415.110 172.9 1.08 0.01
463 415.511 127.4 1.06 -0.00
464 416.284 109.2 1.09 -0.00
465 416.649 182.0 1.05 0.02
466 417.022 134.3 1.06 -0.01
467 417.349 147.9 1.05 -0.04
468 417.559 132.0 1.02 -0.04
469 418.451 136.5 1.07 -0.00
470 419.188 154.7 1.09 0.02
471 420.044 100.1 1.03 0.07
472 422.711 122.9 1.13 0.02
473 423.111 145.6 1.12 0.02
474 423.293 113.8 1.14 0.01
475 423.848 127.4 1.13 0.02
476 424.722 145.6 1.12 0.02
477 425.323 75.1 1.10 0.03
478 426.534 93.3 1.10 0.00
479 427.307 134.3 1.12 0.03
480 427.908 84.2 1.11 0.03
481 428.117 70.5 1.13 0.02
482 428.582 118.3 1.10 0.01
483 428.800 118.3 1.10 0.03
484 429.364 163.8 1.10 0.04
485 430.265 154.7 1.09 0.01
486 430.602 159.3 1.11 0.03
487 431.394 154.7 1.08 0.01
488 431.622 141.1 1.11 -0.00
489 434.216 177.5 1.12 0.02
490 435.099 127.4 1.12 -0.00
491 436.510 52.3 1.14 -0.02
492 436.919 61.4 1.09 -0.02
493 437.602 152.5 1.11 -0.01
494 437.793 91.0 1.12 -0.00
495 439.186 122.9 1.08 0.00
496 439.486 236.7 1.12 0.01
497 440.624 254.9 1.08 0.02
498 440.942 245.8 1.07 0.04
499 441.388 163.8 1.07 0.00
500 441.862 157.0 1.08 -0.02
501 442.153 152.5 1.07 0.00
502 442.672 191.1 1.09 0.01
503 443.127 129.7 1.08 0.01
504 444.319 127.4 1.05 0.00
505 445.821 145.6 1.08 -0.03
506 446.185 116.1 1.08 -0.03
507 447.796 127.4 1.13 0.01
508 448.880 136.5 1.07 0.01
509 450.354 122.9 1.05 0.05
510 451.091 100.1 1.08 0.04
511 451.801 154.7 1.05 0.01
512 452.175 47.8 1.09 0.01
513 452.402 43.2 1.12 0.01
514 452.939 100.1 1.08 -0.00
515 453.230 100.1 1.10 0.02
516 453.740 127.4 1.09 0.02
517 454.377 154.7 1.09 0.04
518 454.641 145.6 1.11 0.04
519 455.087 186.6 1.07 0.04
520 455.779 186.6 1.03 0.00
521 457.299 232.1 1.09 0.03
522 457.627 102.4 1.08 0.01
523 458.255 125.2 1.05 0.01
524 467.421 134.3 1.02 0.02
525 467.758 136.5 1.03 0.01
526 469.059 116.1 1.08 0.07
527 470.142 109.2 1.09 0.05
528 470.716 93.3 1.04 0.04
529 471.562 113.8 1.04 0.03
530 472.609 100.1 1.04 0.01
531 473.346 188.9 1.05 0.01
532 474.038 136.5 1.07 0.05
533 474.366 182.0 1.07 0.04
534 475.758 59.2 1.05 0.03
535 476.314 104.7 1.02 0.01
536 478.007 109.2 1.00 0.05
537 478.962 191.1 1.02 0.05
538 479.499 209.4 1.01 0.06
539 480.519 134.3 1.01 0.06
540 481.802 127.4 1.07 0.05
541 485.125 118.3 1.03 0.09
542 488.028 132.0 1.03 0.10
543 488.483 93.3 1.02 0.09
544 488.565 52.3 1.05 0.07
545 489.657 234.4 1.07 0.05
546 491.496 127.4 1.11 0.06
547 492.880 220.7 1.10 0.05
548 493.034 61.4 1.10 0.08
549 493.508 143.4 1.10 0.05
550 499.033 188.9 1.11 0.11
551 500.016 91.0 1.08 0.10
552 500.644 120.6 1.10 0.10
553 501.408 84.2 1.09 0.08
554 501.982 172.9 1.05 0.09
555 502.237 245.8 1.08 0.09
556 503.302 127.4 1.08 0.08
557 504.148 100.1 1.09 0.08
558 504.330 93.3 1.09 0.08
559 504.458 104.7 1.08 0.06
560 504.813 118.3 1.11 0.04
561 508.253 138.8 1.09 -0.04
562 509.728 107.0 1.04 0.02
563 510.128 38.7 1.05 0.00
564 510.219 59.2 1.05 0.00
565 510.465 118.3 1.05 -0.01
566 511.621 184.3 1.03 0.01
567 516.964 95.6 1.05 0.05
568 518.348 147.9 1.09 0.05
569 518.666 136.5 1.07 0.07
570 518.866 111.5 1.08 0.05
571 519.495 109.2 1.06 0.04
572 520.296 172.9 1.03 0.06
573 522.717 223.0 0.96 0.08
574 522.990 145.6 1.00 0.08
575 523.591 200.2 1.03 0.09
576 523.791 91.0 1.00 0.05
577 524.046 109.2 1.04 0.07
578 524.392 118.3 1.02 0.05
579 525.384 122.9 1.05 0.06
580 525.575 68.3 1.04 0.08
581 525.811 154.7 1.03 0.07
582 526.585 286.7 1.05 0.06
583 527.459 168.4 1.02 0.07
584 527.696 172.9 1.03 0.02
585 529.270 107.0 1.02 0.06
586 529.653 211.6 1.06 0.01
587 529.826 107.0 1.05 0.03
588 530.171 118.3 1.03 0.04
589 530.326 111.5 1.03 0.03
590 530.435 59.2 1.06 0.03
591 531.300 191.1 1.04 0.01
592 531.728 77.4 1.03 -0.02
593 533.184 147.9 1.02 0.01
594 533.985 47.8 1.03 -0.03
595 534.340 129.7 1.01 0.05
596 535.596 113.8 1.01 0.04
597 537.499 136.5 1.01 -0.02
598 538.536 154.7 0.97 -0.03
599 538.973 179.8 0.97 -0.04
600 540.284 120.6 0.96 -0.03
601 540.502 132.0 0.95 -0.01
602 542.505 100.1 0.97 -0.03
603 542.996 132.0 0.97 -0.02
604 544.071 309.5 1.01 -0.07
605 544.844 154.7 0.98 -0.08
606 545.072 145.6 1.01 -0.07
607 545.827 118.3 1.01 -0.07
608 546.046 209.4 1.01 -0.07
609 546.510 243.5 1.01 -0.09
610 549.077 204.8 1.05 -0.08
611 549.386 127.4 0.97 -0.07
612 550.269 177.5 1.10 -0.05
613 551.061 118.3 0.96 -0.09
614 551.252 209.4 1.10 -0.08
615 551.607 136.5 1.01 -0.09
616 552.071 191.1 1.03 -0.03
617 553.309 182.0 1.05 -0.08
618 553.819 127.4 1.02 -0.09
619 554.320 182.0 1.03 -0.07
620 555.230 332.2 1.04 -0.08
621 556.650 95.6 1.02 -0.09
622 557.260 243.5 0.98 -0.05
623 557.824 195.7 0.98 -0.06
624 558.261 154.7 1.00 -0.06
625 559.735 150.2 1.03 0.01
626 562.894 122.9 1.08 0.02
627 569.138 122.9 1.05 -0.03
628 569.484 134.3 1.05 -0.05
629 571.942 136.5 1.03 -0.06
630 572.770 170.7 1.03 -0.06
631 574.053 104.7 1.01 -0.07
632 574.636 154.7 0.97 -0.07
633 575.136 179.8 0.97 -0.06
634 576.265 118.3 0.97 0.04
635 576.575 273.1 0.94 0.02
636 577.103 111.5 0.97 0.00
637 577.640 145.6 1.00 0.03
638 578.477 172.9 0.98 0.06
639 578.759 118.3 0.98 0.07
640 579.005 154.7 0.97 0.06
641 580.607 250.3 1.03 0.05
642 580.834 150.2 1.02 0.04
643 581.180 152.5 1.03 0.12
644 582.236 141.1 0.98 0.06
645 583.702 91.0 1.04 0.04
646 584.120 100.1 1.04 0.07
647 585.613 177.5 1.06 0.06
648 586.405 127.4 1.01 0.03
649 587.115 141.1 0.97 0.01
650 589.281 186.6 1.01 -0.08
651 590.947 118.3 1.08 0.01
652 592.276 93.3 1.08 0.01
653 593.350 116.1 1.11 0.08
654 593.559 102.4 1.07 0.08
655 594.105 136.5 1.07 0.08
656 595.088 163.8 1.05 0.08
657 597.983 79.6 1.08 0.08
658 598.283 127.4 1.06 0.07
659 598.866 188.9 1.10 0.08
660 599.467 191.1 1.11 0.08
661 600.195 113.8 1.08 0.09
662 601.415 182.0 1.13 0.06
663 601.915 191.1 1.13 0.08
664 602.889 109.2 1.11 0.07
665 603.699 100.1 1.13 0.08
666 603.909 125.2 1.13 0.08
667 604.619 118.3 1.10 0.09
668 605.565 88.7 1.14 0.07
669 607.786 136.5 1.15 0.04
670 610.398 136.5 1.13 0.07
671 610.863 104.7 1.12 0.06
672 611.108 191.1 1.13 0.08
673 612.037 245.8 1.07 0.05
674 612.374 102.4 1.09 0.02
675 612.947 145.6 1.12 0.05
676 614.321 182.0 1.11 -0.01
677 614.585 113.8 1.11 -0.00
678 616.333 136.5 1.08 0.02
679 617.243 66.0 1.07 0.01
680 617.507 104.7 1.10 0.03
681 617.862 113.8 1.11 0.05
682 618.709 113.8 1.12 0.01
683 619.419 147.9 1.13 0.03
684 620.739 91.0 1.15 0.04
685 623.387 209.4 1.08 0.02
686 623.569 118.3 1.09 0.03
687 623.742 93.3 1.08 0.03
688 623.861 95.6 1.08 0.03
689 624.307 163.8 1.07 0.03
690 625.463 277.6 1.08 0.05
691 626.072 172.9 1.12 0.05
692 626.883 163.8 1.14 0.04
693 628.712 47.8 1.10 0.08
694 628.876 143.4 1.12 0.08
695 629.586 88.7 1.12 0.09
696 629.777 34.1 1.13 0.08
697 631.152 136.5 1.11 0.03
698 631.397 125.2 1.10 0.07
699 632.016 113.8 1.13 0.06
700 632.399 152.5 1.12 0.04
701 632.662 100.1 1.13 0.06
702 632.945 127.4 1.14 0.06
703 633.828 254.9 1.12 0.05
704 634.383 118.3 1.12 0.07
705 635.584 91.0 1.15 0.07
706 636.267 56.9 1.08 0.08
707 636.677 136.5 1.12 0.09
708 639.134 102.4 1.10 0.05
709 639.389 145.6 1.12 0.06
710 640.472 136.5 1.11 0.05
711 641.037 125.2 1.12 0.07
712 643.030 157.0 1.11 0.03
713 643.248 172.9 1.11 0.03
714 644.058 200.2 1.11 0.02
715 644.814 118.3 1.10 0.01
716 645.178 150.2 1.12 -0.00
717 645.579 54.6 1.12 -0.00
718 646.325 120.6 1.11 0.01
719 646.425 31.9 1.10 -0.00
720 647.481 104.7 1.09 -0.02
721 647.781 191.1 1.11 0.01
722 648.910 150.2 1.06 -0.02
723 649.438 141.1 1.09 0.03
724 649.884 107.0 1.10 0.05
725 651.859 136.5 1.06 -0.01
726 652.260 116.1 1.07 -0.06
727 652.442 145.6 1.05 -0.03
728 652.633 84.2 1.08 -0.02
729 654.153 102.4 1.04 -0.02
730 657.166 163.8 1.02 -0.07
731 657.939 125.2 0.97 -0.02
732 658.777 184.3 1.04 -0.08
733 660.397 116.1 1.04 -0.03
734 663.856 118.3 1.08 0.06
735 664.457 138.8 1.10 0.05
736 664.757 109.2 1.09 0.05
737 665.248 136.5 1.08 0.06
738 667.060 195.7 1.11 0.05
739 667.615 168.4 1.10 0.05
740 668.079 100.1 1.11 0.05
741 668.425 109.2 1.12 0.05
742 668.589 143.4 1.13 0.05
743 670.746 145.6 1.13 0.01
744 671.392 211.6 1.14 0.00
745 671.820 161.6 1.15 0.04
746 672.476 200.2 1.13 0.03
747 674.014 154.7 1.14 0.02
748 674.323 109.2 1.14 0.04
749 674.624 116.1 1.14 0.04
750 675.525 152.5 1.14 0.03
751 676.626 136.5 1.08 0.02
752 676.826 100.1 1.12 0.01
753 677.455 118.3 1.11 0.07
754 677.910 182.0 1.10 0.08
755 678.519 209.4 1.12 0.10
756 679.521 77.4 1.13 0.05
757 680.932 95.6 1.09 0.05
758 681.196 93.3 1.12 0.05
759 682.033 116.1 1.14 0.01
760 682.333 113.8 1.16 0.01
761 682.506 100.1 1.12 0.03
762 683.116 66.0 1.13 0.04
763 684.081 136.5 1.13 0.06
764 684.909 154.7 1.12 0.08
765 686.065 109.2 1.10 0.09
766 686.548 113.8 1.12 0.07
767 687.385 118.3 1.12 0.07
768 689.069 118.3 1.09 0.09
769 689.269 127.4 1.11 0.05
770 689.906 72.8 1.11 0.05
771 690.189 113.8 1.13 0.07
772 691.272 136.5 1.13 0.03
773 691.618 104.7 1.11 0.03
774 691.763 104.7 1.11 0.04
775 692.582 109.2 1.11 0.06
776 693.529 113.8 1.12 0.06
777 694.366 84.2 1.10 0.04
778 696.251 200.2 1.12 0.07
779 699.063 138.8 1.10 0.04
780 699.655 159.3 1.06 0.05
781 699.782 54.6 1.07 0.04
782 699.855 25.0 1.15 0.04
783 700.565 109.2 1.12 0.03
784 700.820 136.5 1.07 0.03
785 700.993 109.2 1.10 0.01
786 701.985 245.8 1.10 0.01
787 702.276 232.1 1.10 0.01
788 704.752 136.5 1.11 0.02
789 705.526 161.6 1.09 0.01
790 706.800 118.3 1.06 0.05
791 707.801 109.2 1.06 0.03
792 709.540 122.9 1.06 0.06
793 709.995 132.0 1.06 0.05
794 710.996 72.8 1.11 0.02
795 712.908 143.4 1.11 0.03
796 714.136 145.6 1.13 -0.01
797 714.537 161.6 1.12 -0.04
798 714.819 95.6 1.10 -0.03
799 716.130 75.1 1.19 -0.02
800 716.731 88.7 1.15 -0.01
801 718.242 127.4 1.18 0.00
802 720.262 136.5 1.18 0.02
803 721.427 95.6 1.14 0.01
804 722.938 91.0 1.09 -0.00
805 724.513 118.3 1.10 0.01
806 727.007 52.3 1.10 0.04
807 727.189 91.0 1.09 0.08
808 727.562 275.3 1.08 0.10
809 728.345 120.6 1.07 0.10
810 728.436 25.0 1.07 0.11
811 729.182 223.0 1.05 0.09
812 732.323 120.6 1.05 0.06
813 732.441 84.2 1.03 0.06
814 732.596 81.9 1.02 0.05
815 733.588 118.3 1.04 0.09
816 734.616 100.1 1.07 0.10
817 736.601 104.7 1.02 0.04
818 739.586 109.2 1.06 0.07
819 741.070 127.4 1.08 0.06
820 742.244 159.3 1.11 0.04
821 743.355 97.8 1.14 0.04
822 745.130 145.6 1.12 0.06
823 746.067 127.4 1.11 0.06
824 746.440 129.7 1.15 0.04
825 746.659 136.5 1.13 0.04
826 746.923 154.7 1.16 0.03
827 749.708 186.6 1.13 -0.03
828 751.210 152.5 1.12 -0.01
829 753.294 154.7 1.09 0.00
830 753.895 172.9 1.08 -0.00
831 754.095 152.5 1.07 -0.00
832 754.605 143.4 1.11 -0.02
833 755.643 93.3 1.09 -0.01
834 756.034 100.1 1.12 -0.02
835 756.617 81.9 1.11 -0.03
836 756.735 95.6 1.10 -0.04
837 757.399 118.3 1.04 -0.03
838 757.763 136.5 1.11 -0.01
839 759.365 118.3 1.13 0.02
840 762.005 289.0 1.08 0.05
841 762.833 150.2 1.05 0.04
842 763.034 143.4 1.02 0.04
843 763.234 116.1 1.07 0.03
844 763.325 77.4 1.08 0.04
845 763.507 100.1 1.08 0.04
846 763.734 136.5 1.07 0.03
847 766.456 170.7 1.09 -0.01
848 767.412 111.5 1.09 0.01
849 769.223 132.0 1.07 0.02
850 769.578 136.5 1.09 0.01
851 769.951 332.2 1.07 0.01
852 772.309 136.5 1.10 0.01
853 773.264 104.7 1.11 0.01
854 774.248 127.4 1.11 0.01
855 777.151 118.3 1.15 0.05
856 778.480 100.1 1.16 0.02
857 780.055 111.5 1.17 0.03
858 780.874 116.1 1.16 0.00
859 781.147 113.8 1.12 0.02
860 781.821 118.3 1.15 0.03
861 782.003 116.1 1.16 0.03
862 783.923 122.9 1.16 0.01
863 784.924 154.7 1.12 0.01
864 785.653 104.7 1.15 -0.00
865 786.244 179.8 1.12 0.00
866 786.454 100.1 1.15 -0.00
867 788.165 163.8 1.12 0.02
868 788.502 91.0 1.12 0.04
869 790.404 136.5 1.12 0.00
870 794.527 109.2 1.12 -0.01
871 795.729 157.0 1.12 -0.01
872 796.111 109.2 1.13 0.02
873 799.743 159.3 1.15 0.01
874 801.208 118.3 1.17 -0.03
875 802.073 34.1 1.12 0.01
876 804.849 122.9 1.15 0.01
877 805.077 95.6 1.12 -0.07
878 806.460 86.5 1.13 -0.02
879 807.589 109.2 1.13 -0.03
880 807.753 127.4 1.14 -0.01
881 807.971 163.8 1.15 -0.01
882 808.727 127.4 1.09 -0.04
883 809.491 52.3 1.14 -0.06
884 809.837 172.9 1.11 -0.04
885 811.794 54.6 1.07 -0.03
886 812.040 100.1 1.10 -0.01
887 816.891 152.5 1.13 0.02
888 817.793 127.4 1.15 0.02
889 818.047 163.8 1.13 0.03
890 818.457 163.8 1.10 0.05
891 819.030 120.6 1.11 0.08
892 821.006 136.5 1.07 0.06
893 822.180 122.9 1.11 0.04
894 822.344 122.9 1.09 0.06
895 822.826 41.0 1.09 0.07
896 824.437 291.3 1.08 0.05
897 825.147 163.8 1.08 0.05
898 826.540 166.1 1.10 0.08
899 826.704 91.0 1.10 0.06
900 828.014 145.6 1.08 0.07
901 828.497 109.2 1.09 0.04
902 828.697 147.9 1.09 0.05
903 829.152 132.0 1.09 0.05
904 829.689 136.5 1.09 0.03
905 829.971 202.5 1.10 0.05
906 831.719 186.6 1.09 0.05
907 834.486 63.7 1.08 0.03
908 834.568 52.3 1.10 0.03
909 835.296 100.1 1.08 0.03
910 835.669 100.1 1.06 0.03
911 836.043 157.0 1.06 0.03
912 837.353 136.5 1.07 0.02
913 837.572 163.8 1.05 0.02
914 839.128 109.2 1.10 0.03
915 839.838 70.5 1.08 0.03
916 840.184 227.6 1.04 -0.00
917 840.512 172.9 1.10 -0.00
918 840.858 168.4 1.03 -0.01
919 841.959 127.4 1.04 0.01
920 844.326 118.3 1.05 0.01
921 844.571 125.2 1.04 0.01
922 845.236 150.2 1.05 0.03
923 846.119 227.6 1.05 0.02
924 847.930 166.1 1.06 0.04
925 848.540 152.5 1.05 0.03
926 848.795 136.5 1.05 0.04
927 850.069 45.5 1.01 0.04
928 850.124 25.0 1.04 0.03
929 852.345 213.9 1.04 0.06
930 854.720 109.2 1.07 0.01
931 855.221 273.1 1.05 0.01
932 856.932 145.6 1.09 -0.00
933 858.434 170.7 1.09 -0.04
934 860.045 68.3 1.07 -0.00
935 860.573 100.1 1.09 0.01
936 861.092 104.7 1.08 0.02
937 862.111 111.5 1.07 0.03
938 863.040 163.8 1.11 0.01
939 864.005 136.5 1.10 -0.00
940 864.523 107.0 1.09 0.00
941 864.806 122.9 1.12 0.00
942 865.397 113.8 1.14 0.01
943 866.335 159.3 1.11 -0.02
944 866.854 122.9 1.14 0.04
945 867.636 77.4 1.07 0.01
946 868.456 97.8 1.10 0.01
947 870.704 97.8 1.06 0.01
948 870.995 195.7 1.08 -0.00
949 872.060 132.0 1.05 0.00
950 872.961 141.1 1.07 -0.02
951 873.325 109.2 1.02 0.00
952 873.953 95.6 1.05 0.01
953 874.873 127.4 1.04 0.00
954 876.038 77.4 1.08 -0.00
955 876.247 100.1 1.06 -0.00
956 877.148 252.6 1.06 -0.00
957 878.122 186.6 1.03 0.01
958 879.715 136.5 1.04 0.01
959 880.616 245.8 1.01 0.02
960 881.590 56.9 1.04 -0.01
961 883.247 172.9 1.07 -0.00
962 883.893 245.8 1.04 -0.00
963 885.058 122.9 1.10 0.01
964 886.187 81.9 1.08 0.00
965 888.990 61.4 1.03 -0.03
966 890.856 100.1 1.04 -0.02
967 891.602 136.5 1.05 0.00
968 893.159 261.7 1.06 -0.01
969 895.016 113.8 1.06 -0.03
970 896.126 122.9 1.07 -0.03
971 897.555 154.7 1.05 -0.04
972 901.970 109.2 1.03 0.00
973 902.971 259.4 1.03 0.02
974 904.309 179.8 1.01 -0.06
975 904.919 159.3 1.02 -0.05
976 905.893 227.6 1.04 -0.04
977 907.613 170.7 1.01 -0.03
978 908.478 184.3 1.04 -0.02
979 911.445 161.6 1.02 -0.06
980 912.219 118.3 1.05 -0.04
981 912.410 122.9 0.99 -0.04
982 913.339 118.3 1.03 -0.03
983 913.730 200.2 1.00 -0.05
984 915.833 154.7 0.97 -0.04
985 920.693 223.0 0.97 -0.03
986 921.030 259.4 1.01 -0.07
987 923.988 81.9 1.03 -0.03
988 924.835 172.9 1.07 -0.06
989 925.699 172.9 1.05 -0.04
990 927.665 122.9 1.04 -0.01
991 928.248 109.2 1.04 -0.06
992 929.249 136.5 1.02 -0.05
993 929.531 136.5 1.01 -0.06
994 930.869 245.8 1.02 -0.08
995 931.070 109.2 1.06 -0.05
996 931.334 88.7 1.02 -0.04
997 931.598 218.5 1.08 -0.04
998 932.599 118.3 1.08 -0.02
999 933.527 145.6 1.07 -0.02
1000 935.330 204.8 1.06 0.00
1001 935.912 97.8 1.07 -0.01
1002 936.376 50.1 1.07 -0.03
1003 937.023 170.7 1.06 -0.03
1004 937.851 170.7 1.10 -0.03
1005 938.206 111.5 1.06 -0.05
1006 939.289 163.8 1.04 -0.04
1007 941.264 100.1 1.02 -0.05
1008 944.259 100.1 0.97 -0.06
1009 945.451 113.8 1.05 -0.08
1010 945.560 77.4 1.05 -0.06
1011 945.815 154.7 1.03 -0.07
1012 946.170 204.8 1.09 -0.03
1013 948.100 132.0 1.07 -0.06
1014 950.558 136.5 1.06 0.01
1015 950.767 127.4 1.03 0.03
1016 951.022 93.3 1.07 0.01
1017 951.368 186.6 1.03 -0.00
1018 952.114 109.2 1.05 0.04
1019 952.342 104.7 1.04 0.04
1020 953.743 120.6 1.02 0.05
1021 955.045 132.0 0.95 0.03
1022 958.950 134.3 1.11 0.06
1023 960.616 68.3 1.07 0.05
1024 961.280 86.5 1.09 0.05
1025 961.753 100.1 1.07 0.04
1026 962.108 118.3 1.06 0.06
1027 962.727 93.3 0.98 0.05
1028 963.028 116.1 1.08 0.05
1029 963.383 195.7 1.05 0.04
1030 965.321 163.8 1.05 -0.01
1031 966.550 254.9 1.05 0.01
1032 968.644 100.1 1.04 -0.06
1033 970.109 132.0 1.05 -0.04
1034 971.347 120.6 1.06 -0.04
1035 971.857 218.5 1.04 -0.02
1036 973.131 236.7 1.02 -0.03
1037 974.888 118.3 0.99 -0.03
1038 975.170 127.4 1.06 -0.04
1039 975.370 127.4 0.97 -0.05
1040 976.044 127.4 1.03 -0.05
1041 977.291 227.6 0.99 -0.06
1042 977.728 143.4 1.00 -0.06
1043 978.602 204.8 0.99 -0.06
1044 979.375 109.2 1.02 -0.03
1045 979.776 163.8 1.07 -0.06
1046 979.912 59.2 1.04 -0.04
1047 981.378 107.0 1.15 0.01
1048 982.170 136.5 1.14 0.02
1049 982.343 127.4 1.19 0.02
1050 984.145 109.2 1.14 0.02
1051 984.554 118.3 1.14 0.00
1052 984.909 236.7 1.14 -0.00
1053 985.619 91.0 1.11 0.02
1054 986.375 182.0 1.13 0.01
1055 988.104 136.5 1.16 0.04
1056 988.368 177.5 1.14 0.05
1057 989.442 170.7 1.14 0.03
1058 990.298 163.8 1.12 0.07
1059 990.544 200.2 1.13 0.07
1060 990.899 113.8 1.12 0.06
1061 993.638 154.7 1.10 0.05
1062 994.066 86.5 1.11 0.02
1063 996.715 66.0 1.10 0.03
1064 997.061 120.6 1.15 0.02
1065 997.261 93.3 1.01 -0.07
1066 999.455 145.6 1.04 -0.00
1067 1000.483 163.8 1.08 -0.01
1068 1001.075 125.2 1.05 -0.03
1069 1001.375 138.8 1.07 -0.04
1070 1001.985 118.3 1.09 -0.04
1071 1002.204 182.0 1.11 -0.06
1072 1002.732 97.8 1.12 -0.04
1073 1005.590 161.6 1.08 -0.05
1074 1006.573 207.1 1.08 -0.06
1075 1007.091 118.3 1.08 -0.03
1076 1007.774 81.9 1.09 -0.04
1077 1008.439 122.9 1.02 0.01
1078 1009.622 91.0 1.09 -0.02
1079 1010.842 79.6 1.02 0.01
1080 1011.051 104.7 1.00 0.00
1081 1011.397 127.4 1.10 0.01
1082 1011.870 163.8 1.08 0.05
1083 1012.507 118.3 1.06 0.01
1084 1013.190 150.2 1.06 0.04
1085 1014.537 200.2 1.11 0.03
1086 1016.084 97.8 1.13 0.06
1087 1022.028 182.0 1.13 0.06
1088 1022.438 50.1 1.12 0.06
1089 1023.394 109.2 1.13 0.06
1090 1023.585 168.4 1.14 0.03
1091 1024.386 104.7 1.13 0.01
1092 1025.596 157.0 1.11 0.00
1093 1027.480 154.7 1.10 0.05
1094 1028.482 198.0 1.11 0.02
1095 1030.302 147.9 1.09 0.04
1096 1030.848 163.8 1.08 0.03
1097 1033.124 145.6 1.09 0.00
1098 1033.797 75.1 1.11 -0.00
1099 1034.080 154.7 1.10 -0.01
1100 1034.944 195.7 1.10 -0.01
1101 1035.600 282.2 1.09 0.00
1102 1036.464 86.5 1.05 0.01
1103 1037.020 464.2 1.06 0.01
1104 1037.693 150.2 1.06 -0.01
1105 1037.984 109.2 1.06 -0.00
1106 1038.285 102.4 1.07 -0.02
1107 1039.987 138.8 1.11 -0.00
1108 1040.324 104.7 1.07 0.00
1109 1040.633 84.2 1.09 0.01
1110 1042.918 132.0 1.12 0.06
1111 1043.910 127.4 1.14 0.06
1112 1044.638 75.1 1.09 0.05
1113 1045.148 84.2 1.10 0.04
1114 1045.230 41.0 1.12 0.04
1115 1046.404 68.3 1.12 0.05
1116 1046.595 118.3 1.13 0.07
1117 1046.804 127.4 1.13 0.07
1118 1048.361 79.6 1.14 0.06
1119 1048.634 102.4 1.11 0.05
1120 1049.107 134.3 1.15 0.04
1121 1050.109 182.0 1.14 0.03
1122 1051.055 225.3 1.13 0.05
1123 1052.011 118.3 1.13 0.07
1124 1052.339 300.4 1.15 0.07
1125 1054.223 97.8 1.12 0.04
1126 1056.007 154.7 1.13 0.07
1127 1057.318 118.3 1.14 0.07
1128 1058.601 127.4 1.08 0.04
1129 1059.666 132.0 1.14 0.07
1130 1061.022 47.8 1.09 0.04
1131 1061.914 109.2 1.13 0.04
1132 1063.261 145.6 1.13 0.05
1133 1063.571 70.5 1.14 0.06
1134 1063.680 88.7 1.12 0.07
1135 1064.426 138.8 1.14 0.08
1136 1064.754 125.2 1.15 0.06
1137 1064.854 45.5 1.10 0.06
1138 1065.045 145.6 1.15 0.07
1139 1065.774 136.5 1.15 0.08
1140 1066.693 118.3 1.16 0.08
1141 1067.603 175.2 1.15 0.06
1142 1067.849 84.2 1.15 0.07
1143 1067.949 95.6 1.16 0.07
1144 1068.340 59.2 1.14 0.07
1145 1068.723 170.7 1.17 0.05
1146 1069.687 118.3 1.15 0.04
1147 1071.126 50.1 1.09 0.05
1148 1071.380 107.0 1.16 0.03
1149 1072.982 127.4 1.10 0.05
1150 1073.119 91.0 1.13 0.04
1151 1073.692 120.6 1.07 0.05
1152 1074.603 145.6 1.09 0.04
1153 1076.095 91.0 1.10 0.05
1154 1078.298 127.4 1.13 0.07
1155 1078.517 100.1 1.13 0.07
1156 1079.172 107.0 1.14 0.04
1157 1081.457 125.2 1.11 0.04
1158 1081.894 77.4 1.10 0.02
1159 1082.085 127.4 1.10 -0.00
1160 1082.740 136.5 1.10 0.02
1161 1083.805 150.2 1.12 0.07
1162 1083.969 100.1 1.11 0.07
1163 1084.533 102.4 1.12 0.06
1164 1085.307 84.2 1.07 0.02
1165 1085.498 143.4 1.12 0.03
1166 1086.181 200.2 1.09 0.05
1167 1086.818 77.4 1.10 0.04
1168 1087.200 145.6 1.10 0.05
1169 1088.001 150.2 1.15 0.04
1170 1088.165 145.6 1.09 0.04
1171 1089.130 109.2 1.09 0.04
1172 1089.494 109.2 1.09 0.02
1173 1090.541 109.2 1.08 0.03
1174 1090.741 113.8 1.10 0.03
1175 1091.059 109.2 1.08 0.04
1176 1092.725 145.6 1.10 -0.00
1177 1093.326 95.6 1.10 0.02
1178 1093.526 252.6 1.04 0.05
1179 1094.500 168.4 1.08 0.02
1180 1095.010 113.8 1.10 0.02
1181 1096.657 118.3 1.12 -0.02
1182 1098.860 109.2 1.14 0.04
1183 1099.506 141.1 1.11 0.10
1184 1100.335 198.0 1.11 0.06
1185 1101.199 77.4 1.12 0.12
1186 1102.792 100.1 1.11 0.09
1187 1106.415 127.4 1.08 0.03
1188 1107.480 166.1 1.10 -0.02
1189 1108.772 145.6 1.07 0.01
1190 1109.027 127.4 1.09 0.01
1191 1109.683 91.0 1.06 -0.03
1192 1110.356 109.2 1.11 -0.02
1193 1110.520 127.4 1.12 -0.04
1194 1111.467 109.2 1.09 -0.04
1195 1112.086 286.7 1.11 -0.03
1196 1112.504 273.1 1.14 -0.05
1197 1113.578 122.9 1.12 -0.03
1198 1114.143 154.7 1.11 0.01
1199 1115.626 107.0 1.09 -0.03
1200 1116.418 72.8 1.09 0.00
1201 1116.910 136.5 1.07 -0.01
1202 1117.156 122.9 1.07 -0.01
1203 1117.820 159.3 1.08 -0.03
1204 1117.966 113.8 1.07 -0.03
1205 1119.486 136.5 1.02 -0.03
1206 1120.696 118.3 1.09 0.01
1207 1121.306 61.4 1.07 0.00
1208 1121.752 41.0 1.06 -0.05
1209 1122.189 172.9 1.08 -0.04
1210 1122.517 127.4 1.09 -0.03
1211 1123.946 172.9 1.07 -0.00
1212 1124.519 113.8 1.07 0.01
1213 1125.120 136.5 1.08 0.01
1214 1125.976 50.1 1.05 -0.02
1215 1126.294 145.6 1.05 -0.03
1216 1126.831 177.5 1.07 -0.03
1217 1127.141 132.0 1.06 -0.01
1218 1129.298 95.6 1.08 -0.04
1219 1129.462 122.9 1.04 -0.04
1220 1130.163 145.6 1.05 -0.03
1221 1130.436 154.7 1.05 -0.03
1222 1131.218 127.4 1.08 -0.03
1223 1131.573 227.6 1.09 -0.01
1224 1131.828 72.8 1.09 -0.01
1225 1133.658 122.9 1.08 0.02
1226 1134.304 154.7 1.09 -0.01
1227 1134.714 227.6 1.05 -0.02
1228 1135.569 109.2 1.09 -0.02
1229 1136.662 168.4 1.07 -0.02
1230 1138.446 104.7 1.10 0.01
1231 1139.638 145.6 1.12 -0.00
1232 1140.084 56.9 1.10 0.02
1233 1142.778 157.0 1.15 -0.00
1234 1142.906 72.8 1.13 0.00
1235 1143.051 127.4 1.15 -0.01
1236 1143.361 245.8 1.12 -0.00
1237 1144.216 191.1 1.10 -0.03
1238 1144.408 93.3 1.11 -0.00
1239 1146.283 170.7 1.12 -0.01
1240 1146.811 147.9 1.14 -0.01
1241 1147.548 127.4 1.13 -0.04
1242 1148.367 70.5 1.15 -0.04
1243 1148.886 111.5 1.15 -0.03
1244 1148.986 88.7 1.11 -0.02
1245 1150.688 109.2 1.10 -0.01
1246 1151.453 91.0 1.13 0.00
1247 1153.410 109.2 1.10 -0.02
1248 1154.566 109.2 1.12 -0.00
1249 1156.095 138.8 1.13 -0.01
1250 1156.295 91.0 1.12 0.00
1251 1156.969 163.8 1.13 -0.01
1252 1157.733 118.3 1.09 -0.02
1253 1158.134 104.7 1.11 -0.01
1254 1158.798 132.0 1.09 0.00
1255 1160.191 145.6 1.07 -0.02
1256 1160.364 132.0 1.06 -0.04
1257 1160.710 116.1 1.10 -0.03
1258 1161.037 232.1 1.09 -0.01
1259 1162.257 129.7 1.08 0.00
1260 1162.457 195.7 1.09 0.01
1261 1164.078 252.6 1.11 -0.01
1262 1165.943 127.4 1.05 0.04
1263 1166.153 122.9 1.04 0.04
1264 1166.535 254.9 1.03 -0.01
1265 1167.518 195.7 1.07 -0.03
1266 1167.855 118.3 1.04 -0.04
1267 1168.064 163.8 1.04 -0.05
1268 1169.011 118.3 1.12 -0.01
1269 1169.211 109.2 1.14 -0.02
1270 1172.779 172.9 1.10 -0.06
1271 1174.600 118.3 1.06 -0.07
1272 1174.946 50.1 1.09 -0.05
1273 1175.510 113.8 1.10 -0.06
1274 1177.876 136.5 1.08 -0.06
1275 1181.445 213.9 1.07 0.01
1276 1181.636 122.9 1.08 0.01
1277 1182.300 150.2 1.12 -0.01
1278 1185.659 195.7 1.00 0.04
1279 1186.251 100.1 1.00 0.02
1280 1186.460 177.5 1.03 0.03
1281 1187.743 79.6 1.07 0.02
1282 1188.016 91.0 1.04 0.02
1283 1188.326 52.3 1.08 0.04
1284 1189.018 102.4 1.04 -0.03
1285 1190.337 138.8 1.07 -0.07
1286 1191.029 122.9 1.00 -0.03
1287 1192.322 127.4 1.05 -0.01
1288 1194.188 175.2 1.07 -0.05
1289 1196.682 145.6 1.08 -0.01
1290 1196.882 136.5 1.08 -0.01
1291 1197.210 77.4 1.07 -0.04
1292 1199.076 250.3 1.11 -0.01
1293 1200.095 109.2 1.13 -0.01
1294 1200.668 136.5 1.15 -0.01
1295 1200.969 150.2 1.12 -0.01
1296 1203.454 154.7 1.12 -0.02
1297 1203.945 68.3 1.12 -0.02
1298 1205.565 136.5 1.14 -0.03
1299 1205.747 77.4 1.15 -0.02
1300 1206.203 154.7 1.13 -0.01
1301 1209.033 66.0 1.06 0.00
1302 1210.553 86.5 1.05 0.09
1303 1211.418 236.7 1.02 0.05
1304 1211.673 168.4 1.02 0.05
1305 1213.166 145.6 1.05 -0.04
1306 1213.421 118.3 1.06 -0.03
1307 1214.659 245.8 1.09 -0.00
1308 1215.086 125.2 1.10 -0.01
1309 1215.532 104.7 1.07 -0.00
1310 1215.978 179.8 1.10 -0.01
1311 1216.424 129.7 1.08 -0.01
1312 1216.543 52.3 1.10 -0.04
1313 1216.952 209.4 1.11 -0.04
1314 1218.145 93.3 1.13 0.01
1315 1218.381 141.1 1.11 0.00
1316 1221.731 166.1 1.08 0.01
1317 1222.905 163.8 1.08 0.03
1318 1224.061 223.0 1.16 0.01
1319 1225.044 136.5 1.17 0.04
1320 1225.508 191.1 1.15 0.03
1321 1226.901 70.5 1.19 0.01
1322 1228.949 127.4 1.14 0.05
1323 1229.240 125.2 1.15 0.04
1324 1229.604 86.5 1.14 0.02
1325 1230.806 157.0 1.05 0.02
1326 1231.097 91.0 1.11 0.00
1327 1234.629 132.0 1.16 -0.03
1328 1236.094 125.2 1.16 -0.06
1329 1236.331 118.3 1.15 -0.08
1330 1236.640 163.8 1.16 -0.03
1331 1238.734 120.6 1.17 -0.04
1332 1239.034 136.5 1.07 -0.02
1333 1239.571 97.8 1.17 -0.05
1334 1239.972 86.5 1.01 -0.04
1335 1240.172 118.3 1.09 -0.07
1336 1240.363 79.6 1.16 -0.04
1337 1242.475 100.1 1.02 -0.00
1338 1243.012 200.2 1.03 0.02
1339 1243.376 118.3 1.05 -0.01
1340 1244.659 245.8 1.00 -0.00
1341 1244.869 104.7 1.00 0.06
1342 1247.508 118.3 1.03 -0.04
1343 1248.674 147.9 1.02 -0.05
1344 1248.792 97.8 1.06 -0.05
1345 1249.739 191.1 1.02 -0.05
1346 1252.296 109.2 1.06 -0.07
1347 1252.879 113.8 1.04 -0.09
1348 1255.136 227.6 0.99 -0.03
1349 1257.039 86.5 1.02 -0.03
1350 1257.485 141.1 1.08 -0.04
1351 1258.176 191.1 1.06 -0.04
1352 1258.750 136.5 1.09 -0.03
1353 1261.735 150.2 1.07 -0.02
1354 1261.981 141.1 1.08 -0.04
1355 1263.283 204.8 1.07 -0.05
1356 1264.721 95.6 1.06 -0.07
1357 1267.279 125.2 1.09 -0.07
1358 1267.533 100.1 1.08 -0.05
1359 1268.025 120.6 1.09 -0.04
1360 1268.835 136.5 1.07 0.01
1361 1269.008 70.5 1.09 -0.00
1362 1269.663 81.9 1.08 0.02
1363 1269.918 193.4 1.10 0.05
1364 1270.583 136.5 1.11 0.04
1365 1272.412 93.3 1.15 0.07
1366 1272.503 72.8 1.13 0.07
1367 1273.195 157.0 1.10 0.12
1368 1274.069 200.2 1.09 0.08
1369 1277.072 66.0 1.10 0.06
1370 1277.336 127.4 1.07 0.05
1371 1277.937 120.6 1.11 0.06
1372 1278.547 91.0 1.10 0.05
1373 1280.158 136.5 1.07 0.03
1374 1280.550 147.9 1.07 0.03
1375 1281.105 100.1 1.06 0.06
1376 1281.250 170.7 1.06 0.00
1377 1282.124 136.5 1.02 0.05
1378 1283.544 182.0 1.03 0.08
1379 1285.228 111.5 1.11 0.07
1380 1285.519 136.5 1.12 0.07
1381 1285.802 109.2 1.14 0.05
1382 1286.238 191.1 1.14 0.03
1383 1286.994 145.6 1.17 0.05
1384 1287.176 118.3 1.15 0.04
1385 1287.540 118.3 1.15 0.06
1386 1287.868 300.4 1.15 0.05
1387 1288.587 138.8 1.15 0.07
1388 1290.253 213.9 1.14 0.01
1389 1290.580 127.4 1.14 0.01
1390 1290.862 127.4 1.13 0.01
1391 1291.254 63.7 1.15 -0.05
1392 1292.628 132.0 1.12 -0.02
1393 1293.566 150.2 1.09 0.00
1394 1293.821 184.3 1.13 0.00
1395 1294.103 95.6 1.11 -0.01
1396 1294.540 95.6 1.14 -0.00
1397 1294.767 154.7 1.10 -0.01
1398 1296.378 152.5 1.11 -0.04
1399 1297.370 91.0 1.13 -0.02
1400 1297.689 109.2 1.13 0.00
1401 1299.473 104.7 1.15 -0.01
1402 1300.201 147.9 1.15 -0.02
1403 1301.539 177.5 1.10 -0.01
1404 1303.842 77.4 1.13 -0.02
1405 1305.626 163.8 1.07 0.01
1406 1306.627 120.6 1.14 -0.01
1407 1306.737 66.0 1.12 -0.01
1408 1306.891 168.4 1.12 -0.00
1409 1307.155 159.3 1.12 -0.02
1410 1308.448 111.5 1.10 0.05
1411 1308.812 56.9 1.10 0.07
1412 1309.840 97.8 1.08 0.10
1413 1310.268 127.4 1.06 0.08
1414 1312.744 109.2 1.08 0.03
1415 1313.117 220.7 1.09 -0.00
1416 1313.336 134.3 1.11 0.03
1417 1313.645 145.6 1.09 -0.01
1418 1315.238 136.5 1.14 0.05
1419 1315.830 125.2 1.13 0.04
1420 1317.450 182.0 1.13 0.02
1421 1320.217 109.2 1.10 0.06
1422 1320.536 104.7 1.11 0.09
1423 1322.256 136.5 1.10 0.11
1424 1323.321 136.5 1.09 0.06
1425 1323.603 118.3 1.09 0.06
1426 1323.867 118.3 1.09 0.08
1427 1324.113 118.3 1.07 0.06
1428 1327.007 38.7 1.13 0.04
1429 1327.262 132.0 1.14 0.04
1430 1327.590 93.3 1.07 0.03
1431 1328.373 77.4 1.10 0.04
1432 1329.319 186.6 1.12 0.06
1433 1330.047 59.2 1.09 0.05
1434 1330.129 152.5 1.08 0.06
1435 1331.622 111.5 1.06 0.05
1436 1331.740 56.9 1.08 0.01
1437 1332.268 91.0 1.10 0.01
1438 1332.760 109.2 1.08 0.02
1439 1332.896 75.1 1.06 0.01
1440 1335.254 177.5 1.11 0.04
1441 1336.537 109.2 1.11 0.02
1442 1336.911 63.7 1.10 0.00
1443 1337.284 232.1 1.08 0.04
1444 1337.575 154.7 1.09 0.04
1445 1338.258 229.8 1.08 0.04
1446 1338.949 245.8 1.10 0.03
1447 1341.143 111.5 1.12 0.04
1448 1341.899 150.2 1.07 0.03
1449 1342.436 191.1 1.12 0.05
1450 1343.227 100.1 1.08 0.03
1451 1345.166 100.1 1.04 0.03
1452 1345.303 100.1 1.05 0.03
1453 1346.823 218.5 1.06 0.04
1454 1347.797 118.3 1.08 0.03
1455 1348.370 200.2 1.10 0.06
1456 1349.854 127.4 1.10 0.01
1457 1350.637 109.2 1.12 0.01
1458 1352.093 200.2 1.09 -0.02
1459 1352.311 166.1 1.10 -0.01
1460 1353.140 118.3 1.07 -0.04
1461 1354.278 136.5 1.11 -0.00
1462 1354.997 177.5 1.00 -0.04
1463 1355.288 209.4 1.04 -0.05
1464 1355.670 172.9 1.05 -0.04
1465 1355.898 136.5 1.06 -0.04
1466 1358.100 227.6 1.12 0.02
1467 1359.111 107.0 1.03 0.03
1468 1360.658 211.6 1.07 0.00
1469 1361.814 113.8 1.09 0.03
1470 1362.096 154.7 1.06 0.05
1471 1363.007 113.8 1.10 0.00
1472 1363.170 168.4 1.10 0.01
1473 1363.516 127.4 1.12 -0.02
1474 1364.991 154.7 1.16 -0.03
1475 1365.664 113.8 1.16 -0.01
1476 1366.138 245.8 1.14 -0.01
1477 1368.695 95.6 1.13 0.01
1478 1369.378 116.1 1.11 0.03
1479 1373.338 95.6 1.08 0.03
1480 1376.341 84.2 1.10 -0.02
1481 1377.261 193.4 1.10 0.02
1482 1377.443 122.9 1.04 -0.00
1483 1378.080 268.5 1.11 0.03
1484 1378.408 118.3 1.12 0.01
1485 1378.872 154.7 1.13 0.01
1486 1379.290 127.4 1.13 0.01
1487 1379.709 111.5 1.13 0.07
1488 1379.818 77.4 1.15 0.04
1489 1383.250 147.9 1.11 -0.05
1490 1388.520 122.9 1.04 0.01
1491 1388.711 113.8 1.12 0.01
1492 1388.984 127.4 1.13 0.01
1493 1390.004 268.5 1.10 0.04
1494 1390.322 54.6 1.09 0.02
1495 1390.859 145.6 1.08 0.02
1496 1391.078 100.1 1.09 0.03
1497 1391.497 100.1 1.09 0.04
1498 1391.733 259.4 1.07 0.02
1499 1392.443 172.9 1.10 0.05
1500 1392.980 145.6 1.10 0.03
1501 1393.435 81.9 1.13 0.02
1502 1394.701 102.4 1.14 0.06
1503 1395.365 93.3 1.18 0.05
1504 1398.605 84.2 1.16 0.06
1505 1399.625 113.8 1.08 0.07
1506 1400.162 127.4 1.11 0.07
1507 1400.508 100.1 1.12 0.09
1508 1401.227 177.5 1.12 0.06
1509 1401.372 75.1 1.11 0.05
1510 1403.612 127.4 1.19 -0.04
1511 1404.731 63.7 1.17 -0.05
1512 1405.232 91.0 1.16 -0.04
1513 1405.505 113.8 1.11 -0.06
1514 1407.052 100.1 1.20 -0.01
1515 1407.598 136.5 1.16 -0.01
1516 1408.827 179.8 1.16 -0.01
1517 1409.856 163.8 1.13 -0.03
1518 1410.211 61.4 1.14 -0.01
1519 1410.538 109.2 1.14 -0.02
1520 1410.948 145.6 1.08 -0.01
1521 1412.714 109.2 1.11 -0.05
1522 1413.497 127.4 1.11 -0.06
1523 1414.643 227.6 1.06 -0.04
1524 1414.898 172.9 1.10 -0.01
1525 1416.919 163.8 1.07 -0.00
1526 1417.529 93.3 1.10 0.01
1527 1418.394 102.4 1.08 0.04
1528 1419.195 93.3 1.05 0.01
1529 1419.449 113.8 1.05 0.03
1530 1420.760 63.7 1.05 -0.00
1531 1420.951 177.5 1.05 -0.01
1532 1422.526 186.6 1.01 0.01
1533 1423.482 147.9 1.05 0.04
1534 1423.791 141.1 1.05 0.04
1535 1423.955 84.2 1.04 0.04
1536 1424.265 154.7 1.07 0.04
1537 1424.838 86.5 1.05 0.03
1538 1425.876 141.1 1.04 0.03
1539 1426.176 136.5 1.04 0.05
1540 1426.986 170.7 1.07 0.05
1541 1428.188 136.5 1.14 0.11
1542 1431.055 184.3 1.14 0.10
1543 1431.428 93.3 1.11 0.11
1544 1433.085 109.2 1.08 0.13
1545 1435.224 136.5 1.04 0.10
1546 1438.100 70.5 1.06 0.10
1547 1439.474 125.2 1.00 0.12
1548 1439.747 93.3 1.10 0.06
1549 1440.576 127.4 1.03 0.06
1550 1441.167 264.0 1.05 0.05
1551 1441.941 95.6 1.04 0.08
1552 1443.024 154.7 1.07 0.03
1553 1444.608 107.0 1.08 0.02
1554 1445.764 118.3 1.09 0.01
1555 1447.293 91.0 1.07 0.02
1556 1447.876 95.6 1.06 -0.04
1557 1448.595 168.4 1.07 -0.04
1558 1448.895 136.5 1.06 -0.02
1559 1450.552 211.6 1.04 -0.04
1560 1451.580 182.0 1.03 -0.06
1561 1452.682 252.6 1.03 0.00
1562 1454.903 191.1 1.02 -0.00
1563 1455.840 150.2 1.06 0.00
1564 1456.414 113.8 1.08 0.04
1565 1457.023 129.7 1.08 0.04
1566 1458.134 188.9 1.07 0.04
1567 1459.217 209.4 1.10 0.04
1568 1459.891 202.5 1.08 0.04
1569 1460.291 118.3 1.05 0.02
1570 1460.573 100.1 1.05 0.00
1571 1460.774 118.3 1.03 0.03
1572 1464.114 147.9 1.11 -0.01
1573 1464.278 97.8 1.01 -0.01
1574 1467.555 109.2 0.98 0.00
1575 1468.392 163.8 1.08 -0.06
1576 1468.674 213.9 1.08 -0.07
1577 1469.839 136.5 1.00 -0.03
1578 1470.895 120.6 1.05 -0.06
1579 1472.670 47.8 1.00 -0.05
1580 1472.752 75.1 0.94 -0.05
1581 1473.326 147.9 1.04 -0.02
1582 1475.956 75.1 1.03 -0.00
1583 1476.566 125.2 1.03 -0.02
1584 1477.048 186.6 1.06 -0.01
1585 1477.358 91.0 1.04 -0.01
1586 1477.713 109.2 1.07 0.02
1587 1478.013 113.8 1.07 0.07
1588 1478.496 100.1 1.06 0.08
1589 1479.633 100.1 1.05 0.04
1590 1481.345 143.4 1.02 0.04
1591 1482.227 109.2 1.03 0.07
1592 1483.229 109.2 1.00 0.04
1593 1485.859 227.6 1.03 0.07
1594 1486.660 170.7 1.03 0.07
1595 1486.906 204.8 1.03 0.07
1596 1487.816 236.7 1.04 0.07
1597 1488.390 195.7 1.07 0.04
1598 1489.191 113.8 1.06 0.01
1599 1490.092 468.8 1.04 0.01
1600 1492.167 132.0 1.07 -0.02
1601 1492.340 107.0 1.07 -0.02
1602 1493.514 277.6 1.06 0.03
1603 1493.714 177.5 1.05 0.03
1604 1493.942 100.1 1.07 0.02
1605 1494.242 127.4 1.08 0.03
1606 1494.561 152.5 1.09 0.05
1607 1495.462 127.4 1.07 0.07
1608 1497.392 79.6 1.10 0.12
1609 1497.638 127.4 1.06 0.06
1610 1501.224 207.1 1.04 -0.05
1611 1502.007 150.2 1.02 -0.07
1612 1502.598 100.1 1.00 -0.06
1613 1502.917 145.6 0.98 -0.09
1614 1505.748 56.9 1.05 -0.01
1615 1506.767 109.2 0.98 -0.03
1616 1508.506 232.1 1.04 -0.03
1617 1510.909 113.8 1.15 0.02
1618 1511.236 170.7 1.12 0.01
1619 1511.528 191.1 1.14 0.02
1620 1512.820 122.9 1.13 0.01
1621 1513.403 61.4 1.14 0.03
1622 1514.568 218.5 1.12 0.02
1623 1515.705 150.2 1.09 0.01
1624 1516.679 136.5 1.10 -0.02
1625 1517.071 141.1 1.10 -0.00
1626 1517.426 127.4 1.08 -0.01
1627 1518.199 225.3 1.10 0.05
1628 1519.183 134.3 1.09 0.07
1629 1520.885 79.6 1.07 0.03
1630 1521.149 95.6 1.08 0.05
1631 1525.572 81.9 1.08 -0.00
1632 1527.329 113.8 1.08 0.01
1633 1527.648 118.3 1.06 0.01
1634 1528.949 86.5 1.04 0.04
1635 1529.113 95.6 1.05 0.04
1636 1530.970 186.6 1.04 0.05
1637 1531.953 273.1 1.01 0.05
1638 1532.235 200.2 1.10 0.05
1639 1532.699 227.6 1.01 0.03
1640 1533.027 95.6 1.02 0.03
1641 1533.737 136.5 1.07 0.05
1642 1534.283 163.8 1.02 -0.01
1643 1534.957 136.5 1.02 0.02
1644 1535.293 318.6 1.05 -0.00
1645 1535.594 68.3 1.01 -0.02
1646 1536.031 129.7 1.02 -0.04
1647 1536.358 186.6 1.01 0.00
1648 1538.425 68.3 1.07 -0.00
1649 1539.344 118.3 1.10 0.00
1650 1539.571 154.7 0.99 -0.02
1651 1540.272 109.2 1.03 0.03
1652 1540.727 104.7 1.08 0.02
1653 1541.310 113.8 1.07 -0.00
1654 1541.820 145.6 1.10 -0.01
1655 1542.994 111.5 1.06 0.03
1656 1543.340 147.9 1.09 0.01
1657 1544.286 154.7 1.10 0.04
1658 1545.406 227.6 1.09 0.06
1659 1547.099 91.0 1.05 0.06
1660 1547.527 241.2 1.09 0.07
1661 1548.037 195.7 1.07 0.04
1662 1548.273 127.4 1.11 0.03
1663 1548.528 127.4 1.11 0.03
1664 1549.566 127.4 1.08 0.02
1665 1551.523 61.4 1.08 -0.03
1666 1554.162 168.4 1.05 0.04
1667 1554.645 284.4 1.07 0.02
1668 1554.881 88.7 1.06 -0.02
1669 1555.855 154.7 1.06 -0.01
1670 1556.356 127.4 1.06 -0.00
1671 1556.948 111.5 1.03 -0.01
1672 1557.075 70.5 1.03 -0.00
1673 1557.430 70.5 1.06 0.00
1674 1557.676 145.6 1.04 -0.00
1675 1558.513 118.3 1.06 0.00
1676 1559.942 291.3 1.10 0.00
1677 1560.352 168.4 1.02 0.02
1678 1560.916 198.0 1.07 0.02
1679 1561.453 91.0 1.04 0.04
1680 1563.538 111.5 1.06 0.06
1681 1563.629 97.8 1.04 0.06
1682 1564.220 125.2 1.02 0.06
1683 1565.258 159.3 1.05 0.02
1684 1565.668 134.3 1.09 0.02
1685 1566.214 172.9 1.09 0.02
1686 1566.578 136.5 1.09 0.02
1687 1567.615 41.0 1.12 0.06
1688 1567.706 116.1 1.07 0.04
1689 1568.280 159.3 1.06 0.07
1690 1568.817 77.4 1.02 0.09
1691 1570.255 100.1 1.07 0.06
1692 1570.446 118.3 1.13 0.05
1693 1570.674 163.8 1.07 0.06
1694 1570.956 122.9 1.07 0.05
1695 1571.193 145.6 1.07 0.05
1696 1571.648 200.2 1.12 0.05
1697 1572.021 125.2 1.06 0.05
1698 1573.350 100.1 1.14 0.06
1699 1573.523 163.8 1.03 0.06
1700 1576.563 109.2 1.07 0.11
1701 1577.309 136.5 1.04 0.08
1702 1577.710 127.4 1.07 0.11
1703 1578.138 250.3 1.10 0.14
1704 1579.002 70.5 1.09 0.13
1705 1579.203 168.4 1.12 0.14
1706 1583.071 122.9 1.11 0.05
1707 1583.490 136.5 1.13 0.03
1708 1584.618 136.5 1.12 0.02
1709 1585.993 159.3 1.12 0.02
1710 1586.129 68.3 1.08 0.00
1711 1586.712 113.8 1.09 0.04
1712 1587.586 113.8 1.08 0.08
1713 1587.868 118.3 1.06 0.08
1714 1588.177 118.3 1.05 0.11
1715 1589.825 291.3 1.08 0.06
1716 1590.344 154.7 1.10 0.07
1717 1590.662 168.4 1.10 0.08
1718 1591.500 56.9 1.09 0.10
1719 1592.556 127.4 1.10 0.10
1720 1593.648 41.0 1.10 0.15
1721 1596.033 209.4 1.06 0.07
1722 1596.588 166.1 1.09 0.07
1723 1596.861 127.4 1.08 0.07
1724 1597.817 70.5 1.07 0.03
1725 1598.017 109.2 1.07 0.03
1726 1598.426 136.5 1.08 0.09
1727 1599.000 154.7 1.06 0.09
1728 1599.246 223.0 1.07 0.09
1729 1599.883 118.3 1.06 0.10
1730 1600.675 127.4 1.11 0.08
1731 1602.750 118.3 1.10 0.07
1732 1603.114 93.3 1.10 0.12
1733 1607.101 102.4 1.12 0.08
1734 1608.976 132.0 1.10 0.09
1735 1609.176 138.8 1.07 0.09
1736 1609.486 77.4 1.09 0.14
1737 1610.168 132.0 1.08 0.12
1738 1611.024 127.4 1.05 0.09
1739 1612.671 122.9 1.08 0.08
1740 1614.310 204.8 1.02 0.12
1741 1615.648 136.5 1.05 0.09
1742 1617.159 72.8 1.09 0.07
1743 1617.232 63.7 1.08 0.07
1744 1618.433 168.4 1.10 0.07
1745 1618.752 136.5 1.08 0.08
1746 1620.099 145.6 1.10 0.04
1747 1620.654 118.3 1.08 0.06
1748 1621.173 109.2 1.09 0.07
1749 1621.355 125.2 1.11 0.04
1750 1621.701 211.6 1.07 0.05
1751 1622.693 223.0 1.10 0.06
1752 1624.996 100.1 1.13 0.09
1753 1625.278 100.1 1.11 0.09
1754 1626.816 172.9 1.15 0.07
1755 1627.026 122.9 1.14 0.08
1756 1629.611 95.6 1.12 0.05
1757 1630.184 45.5 1.06 0.09
1758 1630.357 254.9 1.11 0.07
1759 1630.521 34.1 1.07 0.07
1760 1631.085 109.2 1.09 0.03
1761 1631.204 68.3 1.11 0.04
1762 1633.443 186.6 1.09 0.04
1763 1635.482 125.2 1.12 0.05
1764 1636.829 163.8 1.14 0.05
1765 1638.258 50.1 1.10 0.07
1766 1639.368 100.1 1.12 0.08
1767 1639.605 218.5 1.10 0.07
1768 1640.770 163.8 1.13 0.08
1769 1641.362 182.0 1.15 0.06
1770 1642.372 223.0 1.18 0.03
1771 1642.882 118.3 1.16 0.04
1772 1643.728 31.9 1.12 0.05
1773 1644.283 191.1 1.15 0.02
1774 1644.984 154.7 1.14 -0.01
1775 1645.303 109.2 1.09 0.00
1776 1646.359 86.5 1.11 0.00
1777 1646.523 157.0 1.09 0.00
1778 1647.060 161.6 1.12 0.01
1779 1648.043 127.4 1.17 0.01
1780 1649.399 109.2 1.16 -0.00
1781 1650.173 159.3 1.15 -0.03
1782 1650.409 145.6 1.13 -0.02
1783 1651.420 236.7 1.16 -0.04
1784 1652.648 109.2 1.11 -0.03
1785 1654.869 88.7 1.15 -0.02
1786 1655.588 109.2 1.14 -0.04
1787 1656.462 47.8 1.09 -0.03
1788 1656.590 145.6 1.12 -0.04
1789 1657.309 136.5 1.15 0.01
1790 1657.573 145.6 1.12 0.02
1791 1658.465 136.5 1.12 0.03
1792 1661.332 118.3 1.10 0.01
1793 1662.461 200.2 1.13 0.07
1794 1663.808 218.5 1.11 0.04
1795 1666.238 127.4 1.11 0.02
1796 1666.839 147.9 1.14 0.00
1797 1668.204 125.2 1.12 0.05
1798 1669.424 107.0 1.09 0.05
1799 1670.216 277.6 1.09 0.03
1800 1671.481 111.5 1.12 0.01
1801 1671.936 84.2 1.08 0.02
1802 1672.009 34.1 1.06 0.02
1803 1672.391 107.0 1.06 0.00
1804 1673.046 100.1 1.06 0.01
1805 1673.265 145.6 1.06 -0.02
1806 1674.958 154.7 1.09 0.00
1807 1676.469 136.5 1.09 -0.00
1808 1676.733 91.0 1.11 -0.01
1809 1677.406 136.5 1.08 0.03
1810 1679.272 111.5 1.10 0.06
1811 1680.128 229.8 1.06 0.02
1812 1680.519 109.2 1.10 0.02
1813 1681.539 154.7 1.09 -0.00
1814 1682.303 63.7 1.09 0.01
1815 1682.604 129.7 1.11 -0.03
1816 1684.843 168.4 1.10 0.01
1817 1687.601 127.4 1.11 0.06
1818 1688.848 127.4 1.09 0.05
1819 1689.940 132.0 1.07 0.01
1820 1691.488 91.0 1.10 0.04
1821 1693.872 191.1 1.03 0.05
1822 1695.347 136.5 1.02 0.12
1823 1696.585 163.8 0.99 -0.02
1824 1697.440 100.1 1.10 -0.00
1825 1697.814 143.4 1.11 -0.02
1826 1699.761 118.3 1.09 -0.01
1827 1700.763 188.9 1.12 0.00
1828 1700.945 145.6 1.11 0.00
1829 1701.045 95.6 1.10 0.02
1830 1701.737 150.2 1.09 -0.01
1831 1702.474 127.4 1.11 -0.01
1832 1704.249 116.1 1.13 0.02
1833 1704.558 218.5 1.13 0.01
1834 1706.078 118.3 1.07 0.01
1835 1706.534 113.8 1.02 0.04
1836 1706.889 245.8 1.06 0.03
1837 1707.953 136.5 1.09 -0.02
1838 1711.358 113.8 1.09 -0.02
1839 1711.822 154.7 1.08 -0.02
1840 1712.004 154.7 1.11 -0.03
1841 1712.623 81.9 1.13 -0.02
1842 1714.389 107.0 1.13 0.02
1843 1715.108 145.6 1.12 0.02
1844 1717.565 150.2 1.18 -0.08
1845 1718.048 154.7 1.19 -0.04
1846 1718.530 132.0 1.11 0.00
1847 1719.249 200.2 1.21 -0.03
1848 1720.260 218.5 1.20 0.01
1849 1722.581 104.7 1.16 0.03
1850 1723.719 141.1 1.14 0.02
1851 1724.656 118.3 1.18 -0.01
1852 1725.157 118.3 1.16 -0.03
1853 1725.530 104.7 1.17 -0.03
1854 1726.813 118.3 1.17 -0.06
1855 1727.223 218.5 1.13 -0.03
1856 1727.469 186.6 1.14 -0.02
1857 1727.924 193.4 1.15 -0.02
1858 1729.271 136.5 1.18 0.01
1859 1729.526 159.3 1.17 0.00
1860 1729.963 136.5 1.17 0.00
1861 1730.409 134.3 1.16 0.01
1862 1730.636 88.7 1.17 0.03
1863 1731.583 72.8 1.11 -0.01
1864 1732.357 259.4 1.16 0.01
1865 1732.939 118.3 1.13 -0.04
1866 1733.057 88.7 1.15 -0.02
1867 1736.562 93.3 1.17 0.01
1868 1736.689 91.0 1.13 0.01
1869 1736.826 147.9 1.17 0.00
1870 1737.791 177.5 1.15 0.00
1871 1739.201 136.5 1.11 0.01
1872 1740.330 282.2 1.10 0.01
1873 1740.904 145.6 1.08 0.01
1874 1741.468 127.4 1.07 0.01
1875 1743.361 127.4 1.12 0.03
1876 1743.725 66.0 1.10 0.03
1877 1744.726 218.5 1.10 0.05
1878 1745.573 129.7 1.10 0.04
1879 1745.682 113.8 1.07 0.02
1880 1745.910 127.4 1.08 0.02
1881 1747.439 127.4 1.08 0.00
1882 1748.568 109.2 1.07 0.04
1883 1750.443 122.9 1.07 -0.03
1884 1751.635 120.6 1.06 -0.03
1885 1751.762 68.3 1.09 -0.05
1886 1752.208 132.0 1.09 0.00
1887 1752.463 141.1 1.05 -0.03
1888 1752.673 138.8 1.08 -0.02
1889 1752.846 59.2 1.05 -0.01
1890 1753.355 113.8 1.06 -0.03
1891 1753.719 191.1 1.10 -0.00
1892 1754.074 138.8 1.09 0.01
1893 1754.857 109.2 1.11 -0.02
1894 1755.094 147.9 1.06 -0.02
1895 1756.869 118.3 1.06 0.08
1896 1757.488 109.2 1.06 0.03
1897 1757.670 143.4 1.07 0.11
1898 1760.300 136.5 1.06 0.07
1899 1760.501 118.3 1.03 0.09
1900 1760.956 109.2 1.05 0.09
1901 1761.475 154.7 1.04 0.09
1902 1761.939 147.9 1.07 0.10
1903 1762.039 81.9 1.04 0.00
1904 1762.549 66.0 1.07 0.09
1905 1762.658 104.7 1.04 0.07
1906 1764.788 127.4 1.11 0.02
1907 1765.352 109.2 1.12 0.03
1908 1766.071 77.4 1.14 0.02
1909 1766.790 136.5 1.09 0.01
1910 1767.619 166.1 1.12 0.04
1911 1767.773 88.7 1.09 0.03
1912 1770.914 127.4 1.12 0.06
1913 1772.142 245.8 1.08 0.06
1914 1774.218 127.4 1.12 0.06
1915 1774.818 154.7 1.11 0.01
1916 1775.956 127.4 1.11 0.03
1917 1776.238 243.5 1.09 0.02
1918 1777.121 102.4 1.06 0.01
1919 1777.340 122.9 1.04 -0.05
1920 1777.777 182.0 1.12 0.01
1921 1779.679 134.3 1.14 0.02
1922 1780.389 138.8 1.09 0.01
1923 1781.627 170.7 1.13 0.01
1924 1782.137 184.3 1.14 0.02
1925 1782.674 145.6 1.13 0.02
1926 1783.966 63.7 1.06 0.06
1927 1784.203 113.8 1.05 0.02
1928 1784.385 195.7 1.09 0.08
1929 1785.523 107.0 1.10 0.05
1930 1786.406 100.1 1.05 0.04
1931 1788.900 136.5 1.08 0.08
1932 1789.582 41.0 1.15 0.05
1933 1790.711 104.7 1.12 0.06
1934 1791.903 132.0 1.09 0.07
1935 1792.094 100.1 1.10 0.07
1936 1792.358 223.0 1.11 0.06
1937 1793.897 200.2 1.09 0.07
1938 1794.261 179.8 1.09 0.08
1939 1795.298 95.6 1.08 0.06
1940 1796.109 145.6 1.12 0.10
1941 1797.110 127.4 1.09 0.07
1942 1797.447 170.7 1.10 0.09
1943 1799.522 100.1 1.06 0.01
1944 1800.104 136.5 1.06 0.00
1945 1800.896 122.9 1.05 -0.01
1946 1805.311 56.9 1.06 -0.04
1947 1805.793 127.4 1.07 -0.04
1948 1806.267 118.3 1.02 -0.02
1949 1806.622 154.7 1.08 0.02
1950 1808.469 236.7 1.10 0.04
1951 1810.035 170.7 1.03 0.05
1952 1810.517 145.6 1.04 0.09
1953 1811.582 122.9 1.03 0.09
1954 1811.910 107.0 1.04 0.10
1955 1812.729 152.5 1.04 0.11
1956 1816.752 97.8 1.11 0.11
1957 1817.872 200.2 1.14 0.09
1958 1818.345 213.9 1.11 0.08
1959 1818.919 127.4 1.07 0.07
1960 1819.929 95.6 1.12 0.05
1961 1820.339 172.9 1.13 0.09
1962 1820.612 118.3 1.13 0.10
1963 1821.012 227.6 1.14 0.10
1964 1821.522 127.4 1.13 0.08
1965 1822.195 127.4 1.13 0.10
1966 1823.342 109.2 1.15 0.10
1967 1823.752 91.0 1.15 0.07
1968 1823.970 118.3 1.14 0.08
1969 1824.198 122.9 1.15 0.06
1970 1825.463 118.3 1.17 0.05
1971 1825.754 116.1 1.16 0.05
1972 1826.756 163.8 1.15 0.07
1973 1827.065 100.1 1.14 0.08
1974 1829.486 200.2 1.08 0.09
1975 1831.043 186.6 1.10 0.10
1976 1831.361 72.8 1.07 0.09
1977 1831.507 125.2 1.07 0.07
1978 1833.519 118.3 1.06 0.03
1979 1838.607 86.5 1.06 0.02
1980 1839.217 104.7 1.06 0.00
1981 1840.282 127.4 1.07 -0.01
1982 1842.038 184.3 1.06 0.01
1983 1845.324 63.7 1.12 0.01
1984 1845.479 91.0 1.10 0.01
1985 1848.892 266.2 1.06 0.05
1986 1849.247 127.4 1.05 -0.01
1987 1850.531 264.0 0.98 -0.00
1988 1851.086 163.8 1.02 0.00
1989 1852.033 159.3 1.00 0.02
1990 1853.161 93.3 1.02 0.03
1991 1854.472 141.1 1.07 0.01
1992 1857.239 209.4 1.12 -0.03
1993 1858.195 61.4 1.05 0.00
1994 1858.532 152.5 1.09 -0.01
1995 1858.941 154.7 1.10 0.03
1996 1859.442 38.7 1.14 0.00
1997 1859.496 34.1 1.12 0.00
1998 1861.399 118.3 1.11 0.00
1999 1862.118 79.6 1.10 0.02
2000 1863.984 109.2 1.08 -0.03
