1 2.689 127.4 1.02 0.08
2 4.263 100.1 1.07 0.07
3 6.512 191.1 1.01 0.06
4 6.748 136.5 1.02 0.06
5 7.804 118.3 1.06 0.06
6 8.414 113.8 1.06 0.05
7 8.550 150.2 1.08 0.01
8 9.297 145.6 1.02 0.01
9 11.181 102.4 1.06 0.05
10 12.310 286.7 1.12 0.04
11 13.183 109.2 1.12 0.01
12 15.932 220.7 1.08 0.01
13 16.433 186.6 1.10 0.04
14 16.906 91.0 1.16 0.05
15 17.434 207.1 1.08 0.05
16 18.863 154.7 1.13 0.01
17 20.383 127.4 1.16 0.02
18 22.622 118.3 1.16 0.01
19 24.124 186.6 1.17 -0.02
20 24.379 70.5 1.13 -0.03
21 25.672 127.4 1.13 0.04
22 26.700 170.7 1.13 0.03
23 27.692 150.2 1.11 -0.05
24 29.449 191.1 1.11 0.03
25 30.742 145.6 1.13 0.03
26 31.306 100.1 1.12 0.02
27 37.659 191.1 1.09 0.02
28 38.688 97.8 1.11 0.01
29 39.516 211.6 1.12 0.01
30 39.789 209.4 1.12 0.01
31 40.235 147.9 1.05 0.03
32 41.692 118.3 1.12 0.01
33 42.666 336.8 1.09 0.05
34 42.929 41.0 1.00 0.01
35 43.139 145.6 1.07 0.05
36 43.667 152.5 1.08 0.05
37 44.923 86.5 1.08 -0.00
38 47.007 122.9 1.07 -0.04
39 47.380 150.2 1.07 -0.04
40 47.526 113.8 1.08 -0.04
41 51.012 79.6 1.04 0.03
42 53.179 70.5 1.03 0.04
43 53.279 72.8 1.04 0.04
44 54.244 136.5 1.03 0.06
45 54.762 102.4 1.07 0.05
46 55.145 127.4 1.09 0.07
47 56.028 127.4 1.15 0.07
48 57.357 127.4 1.02 0.16
49 58.631 172.9 1.10 0.13
50 59.150 127.4 1.11 -0.00
51 61.052 95.6 1.13 -0.03
52 63.118 68.3 1.10 0.00
53 63.373 127.4 1.12 -0.00
54 64.438 104.7 1.10 -0.02
55 65.084 111.5 1.11 -0.03
56 65.812 104.7 1.14 -0.01
57 66.295 102.4 1.13 -0.01
58 66.595 91.0 1.15 -0.03
59 66.750 195.7 1.16 -0.00
60 67.169 125.2 1.12 0.02
61 67.715 47.8 1.08 -0.00
62 68.962 136.5 1.09 0.02
63 69.244 172.9 1.10 0.02
64 69.526 172.9 1.09 0.02
65 69.990 127.4 1.11 0.02
66 71.037 109.2 1.08 0.02
67 72.102 145.6 1.13 0.03
68 74.769 172.9 1.12 0.01
69 75.170 191.1 1.12 0.03
70 76.690 109.2 1.08 -0.02
71 77.345 107.0 1.09 -0.01
72 77.918 125.2 1.07 -0.02
73 78.401 145.6 1.08 0.01
74 78.783 191.1 1.08 0.01
75 78.992 127.4 1.08 0.01
76 79.184 113.8 1.07 -0.01
77 79.493 159.3 1.11 0.01
78 81.022 118.3 1.14 0.01
79 83.735 84.2 1.03 0.01
80 85.291 107.0 1.10 0.04
81 85.664 136.5 1.09 0.05
82 86.156 111.5 1.12 0.07
83 89.551 104.7 1.11 0.04
84 89.715 81.9 1.11 0.02
85 89.924 127.4 1.05 0.03
86 90.507 113.8 1.07 0.05
87 91.626 154.7 1.05 0.08
88 91.799 47.8 1.08 0.02
89 91.954 70.5 1.07 0.06
90 92.737 109.2 1.10 0.06
91 93.647 118.3 1.10 0.02
92 94.457 118.3 1.06 0.02
93 94.639 118.3 1.07 0.00
94 95.322 161.6 1.07 0.04
95 95.568 172.9 1.05 0.04
96 97.006 216.2 1.08 0.04
97 97.525 145.6 1.06 0.07
98 97.898 136.5 1.06 0.06
99 99.664 145.6 1.07 0.05
100 100.292 161.6 1.08 0.05
101 100.820 172.9 1.10 0.03
102 101.712 100.1 1.07 0.04
103 102.021 93.3 1.11 0.05
104 102.877 136.5 1.10 0.05
105 105.535 109.2 1.05 0.06
106 107.373 232.1 1.07 0.06
107 108.156 75.1 1.05 0.07
108 108.729 159.3 1.11 0.07
109 110.368 211.6 1.06 0.03
110 111.879 163.8 1.05 0.10
111 112.716 127.4 1.09 0.10
112 115.711 145.6 1.05 0.12
113 117.750 102.4 1.06 0.13
114 119.170 56.9 1.06 0.09
115 119.288 77.4 1.11 0.09
116 119.971 195.7 1.11 0.08
117 120.744 109.2 1.11 0.12
118 122.456 147.9 1.11 0.08
119 123.111 109.2 1.15 0.11
120 123.994 157.0 1.15 0.10
121 124.504 127.4 1.11 0.01
122 125.241 109.2 1.14 0.00
123 125.678 95.6 1.08 0.02
124 127.280 204.8 1.12 0.02
125 131.540 127.4 1.08 0.05
126 134.006 118.3 1.08 0.04
127 134.780 59.2 1.07 0.04
128 134.889 113.8 1.04 0.07
129 135.290 182.0 1.04 0.05
130 136.118 118.3 1.03 0.08
131 136.728 141.1 1.03 0.08
132 137.247 91.0 1.07 0.10
133 138.303 170.7 1.03 0.09
134 139.440 168.4 1.08 0.12
135 140.451 118.3 1.04 0.11
136 144.538 182.0 1.00 0.05
137 145.129 109.2 1.02 0.04
138 145.657 72.8 1.00 0.06
139 146.103 54.6 1.04 0.05
140 147.924 163.8 1.03 0.03
141 148.315 145.6 1.03 0.06
142 148.515 109.2 1.02 0.06
143 148.752 118.3 1.02 0.07
144 149.790 81.9 1.01 0.07
145 150.991 172.9 1.05 0.05
146 151.874 163.8 1.07 0.06
147 154.259 122.9 1.05 0.07
148 156.298 72.8 1.01 0.05
149 156.653 109.2 1.03 0.04
150 156.826 129.7 1.04 0.04
151 157.845 177.5 1.02 0.09
152 158.646 118.3 1.03 0.07
153 159.320 182.0 1.06 0.04
154 159.811 211.6 1.08 0.05
155 160.412 136.5 1.05 0.03
156 161.650 52.3 1.08 0.05
157 162.897 102.4 1.07 0.07
158 163.170 63.7 1.06 0.02
159 164.071 127.4 1.10 0.03
160 164.754 293.5 1.10 0.00
161 167.020 107.0 1.14 -0.02
162 167.584 132.0 1.08 -0.00
163 168.294 163.8 1.14 -0.01
164 168.649 102.4 1.13 -0.01
165 170.042 95.6 1.15 0.01
166 170.433 154.7 1.16 0.02
167 174.830 100.1 1.07 0.02
168 175.066 136.5 1.04 0.01
169 175.476 68.3 1.09 0.01
170 175.567 77.4 1.10 0.00
171 178.261 182.0 1.13 0.02
172 180.100 127.4 1.13 0.02
173 180.655 309.5 1.11 0.03
174 182.439 141.1 1.08 0.02
175 183.978 91.0 1.05 0.04
176 185.343 168.4 1.08 0.01
177 185.780 154.7 1.09 0.05
178 186.308 109.2 1.09 0.04
179 187.937 100.1 1.10 0.08
180 188.784 88.7 1.12 0.01
181 188.993 113.8 1.08 0.01
182 189.257 159.3 1.08 0.05
183 192.060 241.2 1.02 -0.02
184 192.661 104.7 1.11 -0.01
185 193.025 113.8 1.04 -0.01
186 193.234 243.5 1.05 -0.05
187 194.645 152.5 1.04 -0.01
188 194.991 109.2 1.09 -0.03
189 196.093 56.9 1.05 0.04
190 196.156 22.8 1.03 0.04
191 196.284 127.4 1.07 0.00
192 198.987 116.1 1.06 0.02
193 200.334 118.3 1.02 -0.01
194 201.363 97.8 1.09 -0.01
195 201.791 56.9 1.07 0.02
196 202.592 127.4 1.09 -0.00
197 203.666 145.6 1.12 -0.02
198 206.278 100.1 1.13 -0.01
199 206.533 100.1 1.11 0.00
200 209.054 79.6 1.10 0.01
201 209.127 52.3 1.08 0.02
202 212.304 168.4 1.13 -0.02
203 212.722 150.2 1.12 -0.01
204 213.205 52.3 1.10 -0.02
205 213.614 172.9 1.12 -0.03
206 214.124 238.9 1.11 0.00
207 216.036 68.3 1.04 -0.02
208 216.918 120.6 1.10 -0.01
209 217.301 145.6 1.10 0.00
210 218.084 127.4 1.08 -0.03
211 218.930 166.1 1.12 -0.01
212 220.423 125.2 1.10 -0.03
213 220.860 218.5 1.09 -0.03
214 221.096 163.8 1.13 -0.06
215 221.460 184.3 1.11 -0.06
216 222.125 100.1 1.12 -0.05
217 223.053 204.8 1.10 -0.02
218 226.467 186.6 1.12 -0.01
219 226.667 150.2 1.13 -0.01
220 227.067 97.8 1.10 0.00
221 227.295 127.4 1.09 0.00
222 228.651 154.7 1.12 -0.02
223 229.325 177.5 1.13 -0.02
224 229.616 154.7 1.12 -0.02
225 230.080 154.7 1.09 -0.02
226 232.829 118.3 1.09 -0.03
227 236.652 111.5 1.10 -0.04
228 237.207 132.0 1.11 -0.05
229 239.146 154.7 1.14 -0.05
230 241.285 186.6 1.11 -0.02
231 241.877 116.1 1.12 -0.06
232 245.527 154.7 1.12 -0.07
233 248.813 100.1 1.10 0.00
234 248.976 109.2 1.11 0.00
235 249.113 129.7 1.12 -0.02
236 249.441 132.0 1.12 -0.00
237 249.614 102.4 1.09 -0.00
238 250.779 145.6 1.13 -0.01
239 253.091 136.5 1.09 -0.04
240 254.866 141.1 1.11 -0.03
241 255.403 136.5 1.10 -0.01
242 256.386 204.8 1.12 -0.05
243 256.804 118.3 1.10 -0.03
244 257.123 136.5 1.11 -0.01
245 257.687 86.5 1.08 -0.02
246 258.142 102.4 1.05 -0.01
247 259.644 182.0 1.07 -0.02
248 260.172 163.8 1.08 -0.02
249 260.910 136.5 1.10 -0.03
250 261.565 193.4 1.07 -0.04
251 263.085 88.7 1.08 0.05
252 264.013 127.4 1.04 0.03
253 264.305 118.3 1.08 0.03
254 265.279 120.6 1.06 0.01
255 268.109 168.4 1.06 0.06
256 268.883 259.4 1.06 0.07
257 269.602 75.1 1.07 0.02
258 271.504 118.3 1.08 0.05
259 271.759 118.3 1.07 0.02
260 272.569 68.3 1.06 0.05
261 273.034 172.9 1.09 0.03
262 274.262 227.6 1.09 0.04
263 275.337 186.6 1.11 0.06
264 278.395 220.7 1.06 0.04
265 278.550 41.0 1.07 0.05
266 279.150 81.9 1.05 0.06
267 281.672 136.5 1.03 0.01
268 283.356 136.5 1.05 0.05
269 284.147 104.7 1.07 0.05
270 284.785 145.6 1.07 0.07
271 284.967 91.0 1.04 0.07
272 285.486 141.1 1.07 0.06
273 285.740 141.1 1.08 0.09
274 286.733 204.8 1.06 0.10
275 289.381 157.0 1.09 0.06
276 289.554 52.3 1.08 0.06
277 290.555 170.7 1.11 0.05
278 290.947 145.6 1.14 0.08
279 291.948 163.8 1.13 0.07
280 292.230 259.4 1.09 0.05
281 292.403 22.8 1.09 0.08
282 292.795 143.4 1.09 0.08
283 293.131 113.8 1.08 0.10
284 294.606 43.2 1.10 0.05
285 295.553 113.8 1.07 0.05
286 295.853 136.5 1.09 0.04
287 298.620 50.1 1.09 0.06
288 299.703 209.4 1.09 0.04
289 300.022 100.1 1.10 0.05
290 300.195 127.4 1.08 0.07
291 300.905 93.3 1.11 0.07
292 301.387 120.6 1.11 0.07
293 302.143 143.4 1.09 0.08
294 303.053 159.3 1.08 0.07
295 303.271 177.5 1.11 0.08
296 303.826 129.7 1.11 0.04
297 304.027 52.3 1.12 0.08
298 304.873 195.7 1.08 0.04
299 307.331 136.5 1.15 0.02
300 308.933 182.0 1.17 0.04
301 309.361 150.2 1.16 0.05
302 310.153 52.3 1.14 0.04
303 310.899 122.9 1.15 0.04
304 312.701 259.4 1.15 0.05
305 313.985 109.2 1.14 0.06
306 315.031 100.1 1.15 0.04
307 317.980 88.7 1.09 0.04
308 318.590 111.5 1.09 0.05
309 320.147 127.4 1.13 0.08
310 320.675 113.8 1.11 0.06
311 321.093 163.8 1.12 0.11
312 322.086 122.9 1.12 0.08
313 324.634 95.6 1.13 0.06
314 326.537 188.9 1.15 0.07
315 327.392 59.2 1.09 0.08
316 327.492 68.3 1.10 0.08
317 327.993 111.5 1.07 0.09
318 329.886 145.6 1.08 0.09
319 330.114 218.5 1.07 0.10
320 330.441 177.5 1.04 0.06
321 331.443 104.7 1.07 0.05
322 332.244 68.3 1.09 0.06
323 332.471 177.5 1.12 0.07
324 332.954 145.6 1.12 0.08
325 333.163 122.9 1.11 0.07
326 333.299 88.7 1.11 0.08
327 336.212 100.1 1.17 -0.03
328 336.959 88.7 1.13 -0.05
329 337.295 227.6 1.14 0.01
330 338.051 254.9 1.15 0.02
331 338.260 122.9 1.14 -0.01
332 338.524 166.1 1.13 -0.03
333 339.180 107.0 1.17 -0.01
334 339.325 68.3 1.10 -0.01
335 342.220 77.4 1.05 -0.00
336 343.203 104.7 1.09 0.02
337 343.430 152.5 1.11 -0.01
338 344.168 154.7 1.09 -0.03
339 345.642 127.4 1.09 -0.01
340 346.288 163.8 1.10 -0.00
341 347.098 177.5 1.12 0.01
342 347.681 116.1 1.09 0.00
343 351.131 259.4 1.06 0.03
344 351.759 223.0 1.08 0.05
345 351.986 59.2 1.04 0.00
346 352.141 152.5 1.05 -0.03
347 353.470 113.8 1.05 0.03
348 354.672 132.0 1.01 0.04
349 356.346 154.7 1.02 0.04
350 356.747 193.4 1.08 -0.00
351 358.558 95.6 1.05 0.00
352 358.895 227.6 1.02 0.02
353 359.323 104.7 1.05 0.03
354 360.069 97.8 1.10 -0.00
355 360.797 179.8 1.08 0.05
356 361.799 141.1 1.08 0.07
357 362.372 204.8 1.10 0.05
358 363.328 232.1 1.09 0.05
359 363.628 93.3 1.10 0.06
360 364.202 145.6 1.08 0.04
361 367.123 113.8 1.15 0.05
362 367.497 218.5 1.09 0.05
363 367.669 86.5 1.09 0.03
364 368.143 86.5 1.11 0.02
365 372.375 104.7 1.08 -0.00
366 373.786 109.2 1.12 0.01
367 374.205 143.4 1.09 0.02
368 374.906 163.8 1.17 0.04
369 375.607 163.8 1.15 0.05
370 378.811 147.9 1.08 0.06
371 378.993 122.9 1.17 0.06
372 383.416 132.0 1.09 0.06
373 384.017 172.9 1.11 0.03
374 386.010 120.6 1.06 0.03
375 387.758 100.1 1.10 0.03
376 388.586 177.5 1.07 0.02
377 388.887 143.4 1.09 0.00
378 389.032 109.2 1.06 0.01
379 389.360 109.2 1.10 -0.02
380 390.634 159.3 1.08 -0.01
381 390.907 170.7 1.07 0.04
382 391.545 66.0 1.06 0.02
383 392.673 225.3 1.05 0.00
384 393.620 118.3 1.08 0.04
385 394.157 68.3 1.06 0.01
386 395.750 136.5 0.96 0.01
387 398.053 179.8 1.03 0.02
388 398.890 59.2 1.04 0.01
389 399.181 111.5 1.02 0.01
390 401.329 138.8 0.99 -0.02
391 402.267 211.6 1.03 0.04
392 402.604 147.9 1.05 0.03
393 406.882 179.8 1.02 -0.00
394 408.020 79.6 1.03 -0.01
395 408.821 136.5 1.04 0.00
396 410.432 70.5 1.09 0.02
397 411.788 93.3 1.08 -0.01
398 413.317 127.4 1.10 -0.07
399 414.073 138.8 1.06 -0.04
400 416.721 145.6 1.10 -0.07
401 416.912 138.8 1.05 -0.09
402 419.161 120.6 1.00 -0.07
403 419.443 127.4 1.05 -0.04
404 419.643 136.5 1.06 -0.03
405 419.871 175.2 1.03 -0.06
406 420.308 109.2 1.09 -0.05
407 420.644 127.4 1.04 -0.03
408 420.854 91.0 1.07 -0.04
409 421.464 182.0 1.02 -0.03
410 421.791 154.7 1.04 -0.06
411 422.428 157.0 1.06 -0.06
412 422.720 175.2 1.06 -0.06
413 423.594 91.0 1.09 -0.05
414 424.349 104.7 1.08 -0.05
415 425.259 95.6 1.08 -0.07
416 428.117 125.2 1.05 -0.05
417 428.418 122.9 1.06 -0.05
418 428.764 138.8 1.11 0.04
419 428.873 88.7 1.13 0.04
420 429.200 107.0 1.02 -0.01
421 429.728 159.3 1.10 0.08
422 434.307 154.7 1.10 0.10
423 434.644 159.3 1.08 0.08
424 435.317 122.9 1.07 0.08
425 435.454 61.4 1.06 0.04
426 436.646 86.5 1.10 0.07
427 437.365 95.6 1.12 0.04
428 437.711 102.4 1.10 0.04
429 438.594 154.7 1.11 0.02
430 441.407 118.3 1.06 -0.01
431 441.780 141.1 1.07 0.02
432 442.781 163.8 1.08 0.03
433 443.263 145.6 1.07 0.03
434 444.064 213.9 1.05 0.01
435 444.820 111.5 1.05 0.02
436 445.157 109.2 1.04 0.02
437 445.493 163.8 1.03 0.02
438 446.049 132.0 1.05 -0.01
439 448.024 84.2 1.13 0.02
440 448.370 154.7 1.12 0.05
441 449.444 113.8 1.08 0.00
442 449.671 59.2 1.10 -0.00
443 452.429 102.4 1.09 -0.01
444 452.921 95.6 1.09 -0.01
445 454.050 127.4 1.06 0.01
446 454.650 59.2 1.06 0.01
447 455.497 172.9 1.08 0.01
448 457.754 195.7 1.16 0.00
449 459.693 236.7 1.08 -0.03
450 460.248 109.2 1.09 -0.01
451 461.495 168.4 1.13 0.00
452 461.595 141.1 1.13 0.00
453 461.796 100.1 1.16 0.02
454 462.587 122.9 1.18 0.04
455 464.827 186.6 1.14 0.00
456 466.592 102.4 1.15 -0.04
457 468.031 84.2 1.14 -0.10
458 469.014 109.2 1.14 0.01
459 472.400 191.1 1.06 -0.03
460 475.067 109.2 1.04 -0.03
461 475.567 138.8 1.08 -0.02
462 475.704 125.2 1.04 -0.03
463 475.858 127.4 1.05 -0.04
464 479.609 209.4 1.08 -0.11
465 480.446 59.2 1.06 -0.12
466 482.021 145.6 1.05 -0.13
467 482.448 245.8 1.04 -0.10
468 483.941 122.9 1.07 -0.04
469 486.299 177.5 1.03 -0.05
470 487.382 136.5 1.10 -0.06
471 488.156 154.7 1.01 -0.03
472 488.474 145.6 1.03 -0.01
473 489.202 104.7 1.06 -0.00
474 490.413 154.7 1.06 -0.01
475 490.823 273.1 1.01 0.00
476 491.551 70.5 1.02 -0.01
477 491.951 109.2 1.02 -0.03
478 493.098 118.3 1.04 -0.02
479 493.371 111.5 1.04 0.00
480 493.954 125.2 1.06 -0.04
481 494.281 188.9 1.06 -0.05
482 495.865 243.5 1.06 -0.07
483 496.348 273.1 1.03 -0.05
484 498.022 154.7 1.06 -0.02
485 498.960 118.3 1.04 -0.02
486 499.215 168.4 1.05 -0.02
487 499.488 266.2 1.02 0.02
488 500.617 116.1 1.07 0.01
489 501.363 118.3 1.09 0.02
490 501.809 118.3 1.06 0.00
491 502.128 107.0 1.00 -0.01
492 502.665 127.4 1.02 -0.01
493 504.121 141.1 1.05 0.00
494 504.576 91.0 1.03 -0.00
495 506.396 125.2 1.06 0.03
496 507.543 86.5 1.06 0.00
497 509.473 118.3 1.11 0.02
498 510.775 47.8 1.04 0.02
499 512.185 150.2 1.11 0.01
500 514.061 209.4 1.12 -0.02
501 515.235 163.8 1.11 -0.01
502 515.808 145.6 1.09 -0.02
503 516.582 68.3 1.08 -0.03
504 516.991 113.8 1.08 -0.05
505 517.738 152.5 1.08 -0.03
506 519.021 163.8 1.07 -0.03
507 519.522 254.9 1.07 -0.03
508 521.998 200.2 1.05 0.11
509 523.654 175.2 1.07 0.05
510 524.619 88.7 1.06 0.02
511 525.529 191.1 1.11 0.05
512 526.631 91.0 1.12 0.04
513 526.804 118.3 1.12 0.03
514 527.150 113.8 1.12 0.06
515 528.005 136.5 1.10 0.08
516 528.260 191.1 1.10 0.01
517 529.279 113.8 1.07 -0.01
518 533.230 50.1 1.02 -0.08
519 533.776 104.7 1.11 -0.06
520 534.686 70.5 1.02 -0.04
521 534.932 118.3 1.03 -0.07
522 536.397 147.9 1.03 -0.05
523 538.090 179.8 1.03 -0.01
524 539.228 100.1 1.01 -0.03
525 539.738 145.6 1.02 -0.03
526 540.402 109.2 1.05 -0.05
527 542.423 191.1 0.97 -0.07
528 542.942 127.4 1.06 -0.02
529 544.808 122.9 1.12 -0.01
530 545.281 107.0 1.09 0.01
531 545.536 104.7 1.05 0.03
532 545.891 95.6 1.10 -0.01
533 546.756 122.9 1.06 0.03
534 548.039 68.3 1.14 0.07
535 549.277 227.6 1.15 0.08
536 550.952 127.4 1.11 0.04
537 551.962 150.2 1.04 -0.03
538 552.217 234.4 1.08 -0.03
539 553.710 145.6 1.01 0.03
540 554.474 54.6 1.02 0.00
541 555.303 72.8 1.02 0.03
542 557.050 168.4 1.02 -0.07
543 557.961 127.4 1.01 -0.11
544 558.579 238.9 1.02 -0.11
545 559.107 172.9 1.09 -0.05
546 559.335 134.3 1.08 -0.05
547 559.553 104.7 1.06 -0.10
548 561.765 138.8 1.02 -0.18
549 563.886 141.1 1.11 -0.03
550 564.014 107.0 1.08 -0.03
551 564.623 127.4 1.10 -0.02
552 567.891 102.4 1.13 0.00
553 568.874 132.0 1.12 0.01
554 569.375 168.4 1.16 -0.02
555 569.730 118.3 1.14 -0.02
556 569.948 109.2 1.15 -0.01
557 570.076 95.6 1.15 0.01
558 570.922 136.5 1.20 -0.01
559 571.459 56.9 1.19 0.01
560 571.623 45.5 1.21 0.00
561 571.987 100.1 1.15 0.05
562 573.926 136.5 1.21 0.03
563 574.354 79.6 1.19 0.05
564 574.754 145.6 1.19 0.02
565 575.018 125.2 1.19 0.03
566 576.110 54.6 1.17 -0.00
567 577.221 102.4 1.16 0.00
568 577.339 75.1 1.17 0.00
569 577.430 70.5 1.15 -0.01
570 577.985 102.4 1.18 -0.00
571 578.422 127.4 1.17 -0.01
572 579.087 43.2 1.12 -0.03
573 580.206 84.2 1.15 0.03
574 580.789 186.6 1.12 0.06
575 581.626 143.4 1.16 0.08
576 586.387 91.0 1.18 -0.03
577 586.769 204.8 1.21 -0.01
578 586.988 122.9 1.19 0.03
579 587.261 200.2 1.20 0.03
580 587.579 109.2 1.18 0.03
581 589.591 113.8 1.17 0.01
582 590.683 79.6 1.13 0.10
583 592.139 88.7 1.13 0.05
584 592.522 118.3 1.18 0.09
585 592.667 136.5 1.19 0.08
586 593.241 127.4 1.14 0.10
587 595.261 154.7 1.07 0.04
588 598.948 68.3 1.14 0.02
589 599.913 132.0 1.10 0.03
590 600.768 154.7 1.17 -0.01
591 602.006 81.9 1.02 0.04
592 602.225 152.5 1.13 0.04
593 602.543 100.1 1.15 0.05
594 602.834 77.4 1.12 0.06
595 603.981 72.8 1.12 0.04
596 605.219 86.5 1.11 0.08
597 605.429 118.3 1.07 0.08
598 605.993 125.2 1.08 0.06
599 606.976 50.1 1.11 0.06
600 607.067 31.9 1.07 0.05
601 608.915 50.1 1.09 0.01
602 609.424 120.6 1.09 0.00
603 609.688 109.2 1.07 0.03
604 611.982 86.5 1.13 -0.07
605 613.184 168.4 1.11 -0.06
606 614.886 127.4 1.15 0.03
607 618.008 77.4 1.17 0.04
608 618.208 41.0 1.18 0.04
609 618.572 100.1 1.13 0.03
610 619.564 207.1 1.17 -0.00
611 621.239 175.2 1.14 -0.00
612 621.931 77.4 1.15 -0.01
613 622.605 113.8 1.16 -0.02
614 624.634 136.5 1.17 0.01
615 625.008 136.5 1.15 -0.04
616 625.381 84.2 1.15 -0.01
617 627.056 145.6 1.10 -0.02
618 627.319 136.5 1.10 -0.01
619 632.271 104.7 1.11 -0.01
620 632.662 127.4 1.16 -0.01
621 634.856 91.0 1.13 -0.01
622 636.431 182.0 1.14 0.01
623 636.758 41.0 1.10 -0.04
624 638.524 132.0 1.16 0.01
625 638.961 109.2 1.08 0.02
626 643.321 81.9 1.10 0.06
627 644.086 136.5 1.10 0.11
628 644.796 91.0 1.09 0.10
629 648.100 166.1 1.14 0.04
630 648.364 150.2 1.06 0.04
631 648.637 136.5 1.13 0.06
632 649.602 47.8 1.13 0.04
633 649.747 43.2 1.12 0.04
634 650.794 179.8 1.15 0.02
635 650.931 182.0 1.15 0.02
636 652.369 245.8 1.14 -0.01
637 653.616 136.5 1.15 0.03
638 654.162 100.1 1.15 0.04
639 655.491 91.0 1.11 0.04
640 657.348 109.2 1.14 0.04
641 658.149 145.6 1.13 0.04
642 659.114 154.7 1.13 0.04
643 659.714 145.6 1.14 0.03
644 660.533 77.4 1.11 0.05
645 660.861 111.5 1.17 0.04
646 661.262 159.3 1.15 0.04
647 661.444 122.9 1.15 0.05
648 661.626 141.1 1.13 0.06
649 662.008 79.6 1.08 0.06
650 662.782 59.2 1.16 0.09
651 665.349 132.0 1.08 0.02
652 665.831 145.6 1.07 0.01
653 666.040 116.1 1.11 0.02
654 668.898 127.4 1.15 0.04
655 669.090 113.8 1.16 0.04
656 669.454 136.5 1.15 0.00
657 669.727 163.8 1.13 -0.00
658 670.009 143.4 1.18 0.03
659 670.437 172.9 1.13 -0.01
660 671.238 102.4 1.13 -0.02
661 671.493 47.8 1.11 0.00
662 671.857 252.6 1.13 -0.01
663 672.712 284.4 1.12 0.01
664 674.988 91.0 1.09 0.07
665 675.652 152.5 1.11 0.05
666 676.280 102.4 1.11 0.05
667 676.836 118.3 1.13 0.02
668 677.718 127.4 1.10 0.01
669 678.219 61.4 1.09 0.00
670 678.838 143.4 1.09 0.00
671 679.102 109.2 1.03 0.01
672 679.439 111.5 1.06 0.01
673 679.830 118.3 1.08 0.00
674 680.030 93.3 1.10 -0.00
675 680.176 177.5 1.10 0.01
676 680.859 113.8 1.11 0.01
677 681.086 75.1 1.07 0.00
678 681.368 86.5 1.08 0.04
679 682.543 95.6 1.08 0.06
680 682.952 102.4 1.08 0.00
681 683.225 109.2 1.10 0.05
682 683.653 182.0 1.09 0.04
683 684.145 59.2 1.08 0.02
684 685.892 93.3 1.05 0.01
685 686.657 127.4 1.09 -0.04
686 690.216 136.5 1.10 -0.07
687 692.810 54.6 1.09 -0.01
688 693.593 141.1 1.13 0.01
689 694.221 159.3 1.15 -0.01
690 694.649 141.1 1.14 -0.01
691 695.322 109.2 1.07 -0.01
692 695.841 200.2 1.14 0.00
693 698.353 273.1 1.12 0.01
694 699.200 132.0 1.09 -0.00
695 699.655 154.7 1.08 -0.00
696 699.846 79.6 1.10 0.01
697 700.292 107.0 1.08 0.01
698 700.438 109.2 1.09 0.01
699 701.248 154.7 1.08 0.03
700 702.203 136.5 1.05 0.02
701 703.896 127.4 1.07 0.05
702 705.234 109.2 1.08 0.02
703 706.263 145.6 1.09 0.02
704 706.909 127.4 1.05 -0.00
705 707.182 172.9 1.05 0.00
706 707.756 166.1 1.06 -0.00
707 708.684 182.0 1.04 0.03
708 708.857 93.3 1.05 0.05
709 708.957 31.9 1.05 0.05
710 711.096 241.2 1.04 0.05
711 712.098 84.2 1.06 0.05
712 712.434 182.0 1.06 0.08
713 712.789 84.2 1.04 0.06
714 713.781 154.7 1.08 0.05
715 714.783 175.2 1.10 0.04
716 714.937 129.7 1.07 0.04
717 715.393 136.5 1.11 0.03
718 715.802 236.7 1.10 0.00
719 718.715 100.1 1.07 0.05
720 718.906 102.4 1.09 0.05
721 719.261 150.2 1.10 0.06
722 720.062 163.8 1.06 0.05
723 720.526 79.6 1.05 0.03
724 720.781 91.0 1.07 0.04
725 721.036 136.5 1.10 0.03
726 721.282 152.5 1.09 0.03
727 722.265 154.7 1.12 0.05
728 725.168 61.4 1.09 0.01
729 725.687 118.3 1.11 0.02
730 727.316 118.3 1.11 0.01
731 727.662 72.8 1.07 0.09
732 727.817 109.2 1.13 0.01
733 727.963 91.0 1.10 0.05
734 728.827 109.2 1.10 0.03
735 728.973 147.9 1.13 0.01
736 731.203 136.5 1.09 0.03
737 734.343 207.1 1.12 0.05
738 734.653 136.5 1.10 0.05
739 737.666 95.6 1.09 0.08
740 737.793 88.7 1.11 0.08
741 738.576 104.7 1.15 0.05
742 739.077 172.9 1.14 0.04
743 742.690 172.9 1.15 0.03
744 743.054 136.5 1.16 0.04
745 743.564 166.1 1.16 0.03
746 744.465 77.4 1.12 0.05
747 744.775 227.6 1.15 0.04
748 745.421 104.7 1.14 0.04
749 747.087 41.0 1.08 0.05
750 747.633 88.7 1.09 0.09
751 748.579 43.2 1.15 0.07
752 749.681 118.3 1.13 0.05
753 750.027 138.8 1.13 0.00
754 750.263 209.4 1.13 0.00
755 751.237 118.3 1.14 0.01
756 751.501 136.5 1.13 0.03
757 751.765 70.5 1.14 0.03
758 752.247 245.8 1.12 0.04
759 752.693 52.3 1.13 0.04
760 753.677 102.4 1.13 0.02
761 754.104 186.6 1.15 0.04
762 754.241 116.1 1.14 0.05
763 754.368 157.0 1.13 0.05
764 756.498 116.1 1.15 -0.00
765 757.354 50.1 1.10 0.03
766 757.600 152.5 1.13 0.01
767 760.367 200.2 1.11 0.04
768 762.296 159.3 1.14 0.06
769 762.551 100.1 1.14 0.06
770 764.017 109.2 1.12 0.06
771 766.320 282.2 1.16 0.04
772 767.994 22.8 1.11 0.07
773 769.460 175.2 1.09 0.04
774 770.998 59.2 1.04 0.02
775 771.162 104.7 1.08 0.01
776 772.873 122.9 1.08 0.01
777 773.119 200.2 1.08 0.04
778 774.147 84.2 1.09 0.06
779 774.211 122.9 1.03 0.04
780 775.194 172.9 1.05 0.04
781 775.658 127.4 1.05 0.04
782 775.922 111.5 1.07 0.04
783 776.159 154.7 1.05 0.04
784 776.623 157.0 1.04 0.05
785 776.987 218.5 1.05 0.06
786 778.125 309.5 1.04 0.07
787 778.735 100.1 1.01 0.11
788 779.855 127.4 1.05 0.11
789 780.865 163.8 1.02 0.08
790 781.320 100.1 1.06 0.07
791 782.176 157.0 1.05 0.03
792 782.685 95.6 1.05 0.07
793 784.287 122.9 1.07 -0.00
794 784.815 147.9 1.05 0.02
795 786.135 207.1 1.11 0.01
796 787.819 100.1 1.10 0.00
797 787.983 109.2 1.12 0.01
798 789.157 191.1 1.10 -0.00
799 789.385 163.8 1.10 -0.01
800 790.113 184.3 1.13 0.00
801 791.087 120.6 1.13 -0.02
802 792.006 111.5 1.12 0.02
803 792.862 118.3 1.12 0.01
804 793.089 122.9 1.15 0.01
805 793.471 159.3 1.12 0.01
806 794.937 100.1 1.12 0.00
807 795.975 198.0 1.11 -0.02
808 798.141 109.2 1.13 -0.03
809 801.609 118.3 1.17 -0.02
810 802.373 72.8 1.17 -0.05
811 803.593 86.5 1.15 -0.06
812 806.251 152.5 1.13 -0.02
813 807.270 136.5 1.13 -0.01
814 808.062 91.0 1.11 -0.02
815 809.118 118.3 1.10 -0.02
816 809.409 261.7 1.09 -0.02
817 810.210 145.6 1.08 -0.01
818 810.575 100.1 1.09 0.01
819 810.738 127.4 1.09 -0.01
820 811.712 191.1 1.09 0.00
821 813.323 136.5 1.10 -0.01
822 814.980 172.9 1.09 0.01
823 816.063 109.2 1.08 0.02
824 816.546 122.9 1.09 0.05
825 819.458 102.4 1.11 0.04
826 820.951 95.6 1.09 0.02
827 823.454 127.4 1.11 0.05
828 826.658 86.5 1.12 0.08
829 827.932 122.9 1.08 0.09
830 829.507 81.9 1.03 0.05
831 829.607 54.6 1.06 0.05
832 829.844 91.0 1.05 0.09
833 830.035 109.2 1.05 0.06
834 831.064 172.9 1.04 0.06
835 832.192 188.9 1.11 0.03
836 832.902 254.9 1.10 -0.01
837 833.612 109.2 1.07 0.01
838 833.776 104.7 1.06 0.03
839 835.515 163.8 1.11 0.04
840 836.052 182.0 1.10 0.03
841 837.717 145.6 1.07 0.05
842 838.218 116.1 1.06 0.07
843 842.323 127.4 1.10 0.06
844 843.042 191.1 1.13 0.07
845 845.582 172.9 1.11 0.07
846 846.455 161.6 1.08 0.11
847 847.002 193.4 1.09 0.07
848 847.147 72.8 1.10 0.07
849 850.105 209.4 1.14 0.07
850 850.734 109.2 1.16 0.10
851 852.144 86.5 1.08 0.08
852 853.728 172.9 1.12 0.10
853 855.112 109.2 1.13 0.10
854 855.822 163.8 1.13 0.11
855 856.432 127.4 1.14 0.10
856 856.832 66.0 1.13 0.06
857 856.923 95.6 1.13 0.07
858 857.114 150.2 1.12 0.10
859 857.961 166.1 1.12 0.04
860 859.781 134.3 1.15 0.06
861 860.036 129.7 1.16 0.06
862 860.564 175.2 1.13 0.07
863 860.810 84.2 1.13 0.07
864 861.392 200.2 1.13 0.05
865 861.820 118.3 1.10 0.05
866 863.040 38.7 1.04 0.04
867 863.458 218.5 1.05 0.08
868 864.696 109.2 1.08 0.08
869 866.235 132.0 1.04 0.05
870 867.172 129.7 1.08 0.05
871 867.309 97.8 1.07 0.05
872 869.302 175.2 1.10 0.01
873 870.959 127.4 1.03 -0.03
874 872.579 100.1 0.99 0.03
875 873.708 79.6 0.95 0.06
876 875.610 141.1 0.96 0.08
877 875.919 129.7 0.97 0.03
878 879.560 223.0 0.90 0.03
879 880.106 88.7 0.91 0.06
880 881.335 157.0 0.93 0.07
881 881.472 100.1 0.96 0.08
882 883.174 264.0 0.88 0.02
883 884.876 120.6 0.94 0.03
884 885.713 127.4 0.95 0.06
885 886.178 145.6 0.94 0.01
886 887.534 109.2 1.04 -0.00
887 891.138 107.0 1.03 -0.04
888 892.795 68.3 1.01 -0.01
889 893.168 159.3 1.03 -0.06
890 893.414 68.3 0.98 -0.04
891 893.978 336.8 1.02 0.04
892 895.052 259.4 0.97 -0.02
893 898.302 91.0 1.03 0.04
894 900.195 116.1 0.96 0.05
895 903.663 118.3 0.95 0.02
896 904.473 241.2 1.04 0.02
897 905.693 136.5 1.00 0.01
898 908.087 163.8 1.02 0.04
899 909.862 161.6 1.06 0.05
900 910.881 163.8 1.08 0.05
901 911.454 145.6 1.05 0.04
902 912.410 91.0 1.02 0.08
903 912.629 97.8 1.08 0.08
904 914.058 102.4 1.04 0.06
905 914.285 182.0 1.08 0.06
906 914.567 100.1 1.02 0.05
907 914.759 109.2 1.07 0.06
908 919.947 104.7 1.06 0.03
909 920.156 143.4 1.05 0.03
910 921.294 34.1 1.06 0.06
911 922.687 177.5 1.07 0.06
912 924.025 138.8 1.01 0.05
913 924.826 118.3 1.00 0.07
914 925.381 211.6 0.96 0.04
915 927.247 134.3 0.98 0.02
916 927.948 100.1 0.98 -0.01
917 929.805 129.7 0.98 0.00
918 930.451 279.9 0.98 -0.00
919 931.188 204.8 0.99 -0.04
920 932.681 266.2 1.09 0.02
921 932.954 252.6 1.08 0.02
922 933.327 182.0 1.08 0.03
923 934.965 145.6 1.07 0.01
924 936.531 254.9 1.06 -0.05
925 937.323 100.1 1.02 0.08
926 937.469 95.6 1.03 0.05
927 937.942 93.3 1.04 -0.03
928 938.288 145.6 1.01 -0.08
929 938.788 161.6 1.03 -0.03
930 939.790 232.1 1.02 -0.01
931 940.054 179.8 0.99 -0.04
932 940.918 127.4 0.99 -0.01
933 941.728 102.4 0.98 0.07
934 944.541 163.8 1.02 0.06
935 945.806 172.9 1.05 0.03
936 946.616 179.8 1.06 0.01
937 948.136 93.3 1.03 -0.03
938 948.419 93.3 1.03 0.02
939 949.101 170.7 1.05 -0.01
940 949.584 282.2 1.04 0.04
941 949.857 109.2 1.03 0.03
942 950.476 138.8 1.01 -0.04
943 950.967 172.9 0.99 -0.01
944 951.222 111.5 0.98 -0.04
945 955.455 200.2 1.01 0.03
946 957.776 177.5 0.95 -0.00
947 958.149 182.0 0.95 -0.02
948 958.367 141.1 0.98 -0.02
949 958.677 163.8 0.98 -0.05
950 959.150 195.7 0.95 -0.05
951 961.790 109.2 0.99 -0.02
952 962.208 93.3 1.00 -0.01
953 964.238 100.1 0.99 0.00
954 965.230 172.9 1.01 0.01
955 965.849 175.2 1.01 -0.00
956 966.805 41.0 1.04 -0.00
957 966.987 77.4 1.05 -0.00
958 967.442 145.6 1.06 -0.03
959 967.652 154.7 1.09 -0.03
960 970.127 107.0 1.13 -0.02
961 970.837 279.9 1.07 0.03
962 974.478 200.2 1.07 -0.06
963 976.280 200.2 1.04 -0.05
964 976.845 132.0 1.10 -0.01
965 977.172 77.4 1.08 0.00
966 977.309 170.7 1.10 -0.02
967 977.810 191.1 1.12 -0.03
968 979.293 182.0 1.08 0.03
969 980.440 109.2 1.05 0.05
970 982.397 91.0 1.01 0.03
971 983.535 250.3 1.04 0.03
972 984.873 327.7 1.00 0.08
973 985.192 154.7 0.99 0.05
974 985.638 145.6 0.99 0.08
975 987.267 191.1 0.98 0.08
976 987.567 213.9 1.02 0.08
977 990.981 118.3 1.03 0.05
978 992.118 218.5 1.03 0.04
979 992.801 127.4 1.04 0.06
980 993.529 100.1 1.04 0.07
981 994.458 91.0 1.01 0.02
982 997.971 127.4 1.10 0.05
983 998.281 195.7 1.14 0.04
984 998.599 134.3 1.13 0.01
985 999.036 97.8 1.14 0.03
986 1000.720 95.6 1.12 0.09
987 1001.548 193.4 1.11 0.08
988 1001.921 81.9 1.12 0.07
989 1002.067 152.5 1.12 0.01
990 1003.369 227.6 1.09 0.06
991 1005.107 118.3 1.05 0.10
992 1006.190 120.6 1.05 -0.02
993 1007.037 122.9 1.03 -0.06
994 1007.519 127.4 1.01 -0.05
995 1008.302 232.1 1.03 0.14
996 1010.305 122.9 1.05 0.04
997 1010.723 154.7 1.01 0.08
998 1011.988 163.8 0.99 0.08
999 1012.981 152.5 0.99 0.05
1000 1013.718 150.2 1.01 0.06
1001 1014.783 68.3 0.99 0.01
1002 1017.595 182.0 1.08 -0.06
1003 1018.178 91.0 1.08 -0.02
1004 1019.334 104.7 1.05 -0.02
1005 1020.818 186.6 1.04 0.01
1006 1021.500 245.8 1.03 0.01
1007 1023.967 109.2 1.00 -0.02
1008 1025.615 75.1 1.00 -0.01
1009 1025.897 104.7 1.03 0.01
1010 1026.124 182.0 1.03 -0.00
1011 1029.665 132.0 1.05 -0.01
1012 1030.056 100.1 1.08 -0.01
1013 1030.357 127.4 1.05 0.00
1014 1031.212 79.6 1.06 -0.03
1015 1032.050 118.3 1.11 -0.05
1016 1032.578 68.3 1.10 -0.03
1017 1034.007 159.3 1.09 -0.05
1018 1037.903 127.4 1.04 -0.03
1019 1038.758 207.1 1.06 -0.01
1020 1039.031 122.9 1.07 -0.01
1021 1040.114 227.6 1.05 -0.04
1022 1041.434 136.5 1.05 -0.06
1023 1041.962 136.5 1.06 -0.07
1024 1042.654 118.3 1.08 -0.06
1025 1042.854 132.0 1.07 -0.06
1026 1044.238 81.9 1.08 -0.03
1027 1047.123 120.6 1.10 0.01
1028 1047.906 118.3 1.05 -0.02
1029 1048.543 154.7 1.09 -0.03
1030 1051.392 213.9 1.08 -0.04
1031 1052.293 209.4 1.01 0.01
1032 1053.513 109.2 0.98 0.03
1033 1054.004 127.4 0.98 -0.00
1034 1054.851 209.4 0.94 0.07
1035 1055.579 127.4 0.92 0.08
1036 1056.052 102.4 0.91 0.09
1037 1059.984 145.6 0.90 0.00
1038 1063.671 200.2 0.98 0.02
1039 1064.053 127.4 0.98 0.01
1040 1067.931 113.8 0.96 0.01
1041 1068.113 223.0 0.96 0.07
1042 1069.241 177.5 0.93 0.07
1043 1070.179 172.9 1.02 0.03
1044 1072.172 118.3 0.98 0.04
1045 1073.337 145.6 0.96 0.05
1046 1075.276 177.5 1.03 0.06
1047 1076.569 127.4 1.05 -0.05
1048 1077.024 113.8 1.01 -0.00
1049 1077.443 116.1 0.99 0.05
1050 1077.570 47.8 0.93 0.00
1051 1077.688 104.7 1.01 0.00
1052 1079.272 109.2 1.00 -0.03
1053 1079.846 45.5 0.97 -0.02
1054 1079.891 84.2 0.98 -0.00
1055 1081.357 150.2 1.03 0.01
1056 1081.930 100.1 1.02 0.01
1057 1083.277 184.3 0.99 0.00
1058 1083.505 154.7 1.00 0.00
1059 1084.834 50.1 0.99 -0.00
1060 1086.381 100.1 0.97 0.01
1061 1086.909 50.1 1.03 0.04
1062 1087.064 120.6 1.01 0.04
1063 1089.649 127.4 0.99 0.07
1064 1089.931 150.2 1.01 0.05
1065 1090.932 157.0 1.04 0.03
1066 1091.487 127.4 1.05 0.06
1067 1091.924 134.3 1.01 0.07
1068 1094.182 127.4 1.05 0.01
1069 1095.438 109.2 1.07 0.07
1070 1096.321 118.3 1.05 0.02
1071 1096.539 97.8 1.04 0.02
1072 1096.949 163.8 1.03 0.03
1073 1098.196 143.4 1.05 0.05
1074 1098.915 154.7 1.03 0.00
1075 1099.160 75.1 0.98 0.11
1076 1101.081 154.7 0.98 -0.02
1077 1102.164 127.4 1.05 0.07
1078 1103.948 75.1 1.02 0.02
1079 1104.331 154.7 1.03 0.03
1080 1105.368 154.7 1.03 0.09
1081 1105.550 154.7 1.03 0.12
1082 1106.315 154.7 1.02 0.12
1083 1106.752 81.9 1.05 0.09
1084 1107.808 154.7 1.00 0.11
1085 1107.999 132.0 0.96 0.12
1086 1108.809 107.0 1.01 0.14
1087 1109.228 113.8 0.97 0.05
1088 1109.537 254.9 0.99 0.11
1089 1109.792 211.6 1.01 0.14
1090 1110.120 179.8 0.99 0.17
1091 1111.803 118.3 0.98 0.09
1092 1112.322 100.1 1.00 0.02
1093 1116.273 264.0 0.99 0.03
1094 1117.492 145.6 1.00 0.04
1095 1118.375 238.9 0.94 0.03
1096 1119.240 254.9 0.87 0.06
1097 1122.562 295.8 0.92 0.05
1098 1126.003 145.6 1.03 0.04
1099 1128.115 116.1 0.98 0.07
1100 1129.862 102.4 1.09 0.11
1101 1132.302 107.0 1.07 0.09
1102 1133.758 109.2 1.10 0.01
1103 1134.140 56.9 1.05 -0.02
1104 1134.259 154.7 1.09 0.01
1105 1134.441 127.4 1.10 -0.01
1106 1136.225 109.2 1.05 -0.02
1107 1136.734 72.8 1.12 0.04
1108 1137.581 134.3 1.19 0.07
1109 1137.754 172.9 1.16 0.07
1110 1139.310 118.3 1.10 0.02
1111 1139.756 182.0 1.12 0.05
1112 1140.002 141.1 1.12 0.05
1113 1144.717 236.7 1.08 0.00
1114 1144.981 177.5 1.01 0.00
1115 1145.209 145.6 1.01 0.05
1116 1145.709 127.4 1.01 0.01
1117 1146.137 198.0 1.13 0.09
1118 1147.694 129.7 1.16 0.15
1119 1148.267 66.0 1.13 0.15
1120 1149.441 254.9 1.11 0.06
1121 1150.706 109.2 1.05 0.04
1122 1151.935 163.8 1.04 0.04
1123 1152.272 118.3 1.06 0.02
1124 1153.574 218.5 1.06 0.07
1125 1154.247 127.4 1.06 0.10
1126 1156.377 150.2 0.99 0.06
1127 1156.659 127.4 0.98 0.03
1128 1158.671 227.6 1.04 0.13
1129 1158.871 118.3 1.06 0.13
1130 1161.056 136.5 1.06 0.06
1131 1161.229 132.0 1.07 0.04
1132 1161.529 109.2 1.06 0.02
1133 1162.630 59.2 1.01 -0.00
1134 1162.685 52.3 1.07 -0.00
1135 1162.994 120.6 1.02 0.02
1136 1163.750 86.5 1.01 0.03
1137 1164.505 79.6 1.00 0.04
1138 1166.881 84.2 0.97 0.05
1139 1167.427 166.1 0.95 0.03
1140 1167.846 182.0 0.95 -0.00
1141 1169.675 182.0 1.00 0.04
1142 1170.422 163.8 0.98 0.01
1143 1171.450 100.1 0.99 -0.04
1144 1171.742 81.9 0.99 -0.02
1145 1172.042 182.0 0.96 0.01
1146 1172.379 109.2 0.98 -0.03
1147 1172.761 127.4 0.97 -0.01
1148 1174.472 93.3 0.99 -0.03
1149 1175.838 177.5 1.00 -0.05
1150 1176.183 159.3 1.01 -0.01
1151 1177.221 136.5 1.03 0.03
1152 1177.485 191.1 1.02 0.03
1153 1177.804 211.6 1.03 0.07
1154 1178.568 143.4 1.05 0.03
1155 1178.969 179.8 1.03 0.02
1156 1180.343 150.2 1.05 0.09
1157 1181.272 284.4 1.06 0.08
1158 1182.273 50.1 1.04 0.06
1159 1183.047 204.8 1.02 0.05
1160 1184.457 136.5 1.02 0.13
1161 1186.405 236.7 1.03 0.15
1162 1187.097 113.8 1.05 0.10
1163 1188.208 209.4 1.03 0.07
1164 1188.380 47.8 1.02 0.08
1165 1194.606 100.1 1.09 0.08
1166 1196.217 127.4 1.05 0.04
1167 1197.155 116.1 1.05 0.05
1168 1198.311 136.5 1.08 0.08
1169 1199.367 184.3 1.06 0.07
1170 1199.986 129.7 1.01 0.09
1171 1200.395 104.7 1.00 0.02
1172 1201.852 154.7 1.01 0.08
1173 1203.253 127.4 1.04 0.07
1174 1204.027 47.8 1.04 0.07
1175 1204.428 127.4 1.01 0.08
1176 1204.946 118.3 1.06 0.08
1177 1205.547 75.1 1.02 0.09
1178 1205.656 91.0 1.07 0.08
1179 1211.182 102.4 1.09 0.14
1180 1211.354 72.8 1.00 0.14
1181 1212.538 93.3 1.05 0.17
1182 1212.911 136.5 1.06 0.15
1183 1213.976 100.1 1.03 0.06
1184 1214.395 264.0 1.02 0.12
1185 1225.754 182.0 1.03 0.03
1186 1226.319 150.2 1.06 0.05
1187 1227.165 100.1 1.04 0.05
1188 1227.993 93.3 1.00 0.01
1189 1229.067 107.0 1.04 0.00
1190 1230.524 68.3 0.96 0.06
1191 1231.771 77.4 1.09 0.03
1192 1233.309 59.2 1.05 0.01
1193 1233.892 141.1 1.10 0.05
1194 1236.003 200.2 1.09 0.11
1195 1237.396 129.7 1.12 0.09
1196 1237.651 54.6 1.09 0.08
1197 1237.778 25.0 1.08 0.03
1198 1239.225 136.5 1.14 0.05
1199 1239.499 109.2 1.12 0.02
1200 1241.638 111.5 1.12 0.01
1201 1242.275 141.1 1.13 0.01
1202 1242.875 41.0 1.13 0.04
1203 1242.994 104.7 1.09 0.03
1204 1243.995 118.3 1.01 -0.01
1205 1244.823 118.3 1.11 -0.00
1206 1246.462 88.7 1.05 0.01
1207 1246.744 104.7 1.05 0.04
1208 1246.962 122.9 1.09 0.04
1209 1247.144 168.4 1.07 0.03
1210 1249.047 141.1 1.12 0.06
1211 1251.868 91.0 1.10 0.05
1212 1253.907 223.0 1.07 0.05
1213 1254.290 127.4 1.05 0.00
1214 1256.938 118.3 1.10 -0.00
1215 1257.667 154.7 1.09 -0.01
1216 1258.213 91.0 1.13 0.03
1217 1259.505 120.6 1.06 0.03
1218 1260.980 118.3 1.07 0.02
1219 1262.154 172.9 1.10 0.04
1220 1263.528 79.6 1.08 0.03
1221 1265.540 163.8 1.05 0.06
1222 1266.332 145.6 1.06 0.01
1223 1269.472 191.1 1.08 -0.04
1224 1270.537 177.5 1.07 -0.05
1225 1272.021 109.2 1.05 -0.05
1226 1274.524 172.9 1.07 -0.05
1227 1274.679 95.6 1.02 -0.05
1228 1276.153 147.9 1.05 -0.06
1229 1277.236 168.4 1.06 -0.04
1230 1278.192 191.1 1.05 -0.01
1231 1280.422 109.2 1.01 -0.08
1232 1281.387 79.6 1.04 -0.06
1233 1285.419 186.6 1.05 -0.05
1234 1285.865 168.4 1.05 -0.05
1235 1288.004 204.8 1.03 -0.05
1236 1288.377 136.5 1.01 -0.04
1237 1288.778 136.5 1.02 -0.04
1238 1289.406 154.7 1.00 -0.03
1239 1289.752 88.7 0.99 -0.04
1240 1289.916 118.3 0.99 -0.03
1241 1292.091 143.4 0.95 -0.07
1242 1292.883 97.8 1.00 -0.02
1243 1293.375 227.6 1.00 -0.05
1244 1294.631 147.9 1.01 -0.04
1245 1295.550 152.5 1.03 -0.02
1246 1298.181 118.3 1.04 -0.02
1247 1298.381 150.2 1.02 -0.02
1248 1299.428 172.9 1.01 -0.03
1249 1300.301 116.1 1.01 -0.02
1250 1300.884 118.3 1.02 -0.01
1251 1301.221 50.1 1.06 -0.00
1252 1301.303 43.2 1.01 -0.00
1253 1302.604 136.5 1.04 -0.02
1254 1303.323 145.6 1.04 -0.03
1255 1304.361 125.2 1.09 -0.01
1256 1304.725 127.4 1.04 -0.01
1257 1304.980 236.7 1.03 -0.01
1258 1305.371 236.7 1.05 0.01
1259 1309.003 170.7 1.04 -0.01
1260 1310.378 145.6 1.02 -0.04
1261 1314.182 191.1 1.07 -0.02
1262 1314.728 225.3 1.10 -0.02
1263 1314.965 100.1 1.03 -0.01
1264 1315.730 109.2 1.12 0.00
1265 1315.857 86.5 1.07 -0.01
1266 1319.025 127.4 1.15 0.01
1267 1320.053 157.0 1.15 0.03
1268 1321.928 136.5 1.17 -0.05
1269 1322.838 109.2 1.10 -0.05
1270 1324.004 75.1 1.08 0.01
1271 1324.268 200.2 1.10 -0.03
1272 1326.397 154.7 1.08 0.02
1273 1327.544 209.4 1.07 0.03
1274 1328.300 107.0 1.09 0.03
1275 1329.274 47.8 1.11 0.03
1276 1331.422 127.4 1.09 0.03
1277 1331.558 150.2 1.10 0.04
1278 1332.423 109.2 1.08 0.05
1279 1333.379 157.0 1.11 0.05
1280 1334.125 100.1 1.11 0.02
1281 1335.136 68.3 1.10 0.04
1282 1335.764 254.9 1.07 0.07
1283 1336.528 182.0 1.08 0.07
1284 1337.220 172.9 1.07 0.08
1285 1339.131 145.6 1.10 0.05
1286 1339.996 104.7 1.15 0.04
1287 1340.160 31.9 1.09 0.07
1288 1340.224 61.4 1.14 0.06
1289 1340.970 129.7 1.17 0.04
1290 1342.654 97.8 1.20 0.03
1291 1344.038 104.7 1.17 0.01
1292 1345.831 127.4 1.19 0.04
1293 1346.131 79.6 1.19 0.06
1294 1349.335 109.2 1.17 0.02
1295 1349.954 111.5 1.18 0.06
1296 1350.455 118.3 1.18 0.06
1297 1351.101 50.1 1.16 0.02
1298 1351.483 245.8 1.19 0.05
1299 1351.820 213.9 1.15 0.03
1300 1352.512 145.6 1.19 0.03
1301 1352.894 136.5 1.19 0.02
1302 1353.231 136.5 1.20 0.02
1303 1354.378 154.7 1.22 -0.00
1304 1355.188 100.1 1.21 0.07
1305 1357.318 159.3 1.17 0.08
1306 1358.674 136.5 1.17 0.11
1307 1359.320 154.7 1.18 0.07
1308 1363.389 100.1 1.11 0.07
1309 1364.254 136.5 1.11 0.09
1310 1364.800 182.0 1.10 0.10
1311 1365.000 154.7 1.11 0.11
1312 1365.965 141.1 1.10 0.10
1313 1366.138 147.9 1.07 0.10
1314 1366.475 161.6 1.12 0.12
1315 1368.031 154.7 1.10 0.14
1316 1368.777 236.7 1.11 0.12
1317 1369.651 109.2 1.10 0.16
1318 1370.033 163.8 1.13 0.08
1319 1370.671 163.8 1.14 0.09
1320 1371.672 168.4 1.14 0.08
1321 1372.719 136.5 1.16 0.05
1322 1373.574 118.3 1.13 0.03
1323 1374.148 132.0 1.17 0.02
1324 1375.276 68.3 1.11 0.04
1325 1375.495 93.3 1.13 0.04
1326 1377.233 166.1 1.11 0.09
1327 1377.588 218.5 1.12 0.09
1328 1378.235 100.1 1.10 0.15
1329 1378.398 109.2 1.10 0.14
1330 1378.635 113.8 1.11 0.11
1331 1379.172 118.3 1.10 0.09
1332 1379.472 136.5 1.10 0.12
1333 1381.166 238.9 1.06 0.07
1334 1384.069 250.3 1.08 0.02
1335 1384.524 136.5 1.07 0.01
1336 1385.089 252.6 1.06 0.02
1337 1389.649 136.5 1.08 0.06
1338 1390.067 209.4 1.06 0.07
1339 1390.614 81.9 1.09 0.08
1340 1390.878 91.0 1.11 0.08
1341 1392.707 182.0 1.09 0.07
1342 1392.953 145.6 1.11 0.04
1343 1393.681 264.0 1.13 0.05
1344 1394.236 116.1 1.12 0.03
1345 1396.931 143.4 1.07 -0.01
1346 1398.587 127.4 1.11 0.01
1347 1399.752 163.8 1.08 -0.00
1348 1400.863 170.7 1.09 -0.00
1349 1401.254 95.6 1.15 0.07
1350 1402.592 127.4 1.11 0.05
1351 1403.521 264.0 1.16 0.08
1352 1405.432 118.3 1.02 0.02
1353 1405.705 182.0 1.02 0.04
1354 1406.916 59.2 1.05 0.04
1355 1408.099 179.8 1.05 0.04
1356 1408.591 200.2 1.03 -0.00
1357 1409.310 68.3 1.04 0.00
1358 1410.584 177.5 1.05 -0.00
1359 1411.531 259.4 1.03 0.04
1360 1411.904 127.4 1.05 0.02
1361 1412.231 134.3 1.05 0.00
1362 1412.468 122.9 1.07 -0.01
1363 1414.006 118.3 1.08 0.00
1364 1415.108 154.7 1.06 -0.05
1365 1417.929 127.4 1.06 -0.04
1366 1418.703 143.4 1.06 0.03
1367 1418.985 113.8 1.03 0.04
1368 1421.279 138.8 1.05 -0.01
1369 1421.607 229.8 1.05 -0.01
1370 1422.107 104.7 1.05 0.01
1371 1423.409 93.3 1.04 -0.00
1372 1425.248 127.4 1.07 0.01
1373 1426.067 136.5 1.05 0.03
1374 1427.805 277.6 1.05 0.06
1375 1429.908 116.1 1.04 0.05
1376 1431.446 163.8 1.10 0.04
1377 1431.674 136.5 1.09 0.04
1378 1433.740 172.9 1.10 0.05
1379 1437.162 163.8 1.05 0.00
1380 1439.720 122.9 1.00 -0.01
1381 1440.275 191.1 1.03 -0.02
1382 1440.512 150.2 1.06 -0.02
1383 1440.730 104.7 1.03 -0.01
1384 1440.840 86.5 1.05 -0.01
1385 1441.186 168.4 1.04 0.00
1386 1441.468 184.3 1.04 0.00
1387 1442.251 68.3 1.03 -0.02
1388 1442.387 104.7 1.01 -0.02
1389 1442.542 125.2 1.01 -0.02
1390 1442.960 141.1 1.05 -0.02
1391 1445.500 100.1 1.07 -0.03
1392 1449.077 227.6 1.05 -0.08
1393 1451.107 70.5 1.07 -0.00
1394 1451.507 177.5 1.09 0.00
1395 1452.400 147.9 1.09 -0.00
1396 1453.373 134.3 1.09 0.00
1397 1453.974 141.1 1.07 -0.02
1398 1455.012 116.1 1.04 -0.00
1399 1455.239 118.3 1.06 0.01
1400 1455.512 182.0 1.10 -0.00
1401 1455.740 109.2 1.06 0.00
1402 1457.697 122.9 1.10 0.01
1403 1457.961 66.0 1.09 0.07
1404 1458.817 132.0 1.10 0.11
1405 1459.645 243.5 1.08 0.11
1406 1460.127 129.7 1.07 0.09
1407 1460.637 138.8 1.08 0.09
1408 1460.764 70.5 1.10 0.09
1409 1462.612 63.7 1.11 0.10
1410 1463.040 104.7 1.08 0.09
1411 1463.513 100.1 1.10 0.10
1412 1463.695 95.6 1.09 0.07
1413 1465.006 163.8 1.09 0.07
1414 1466.253 41.0 1.08 0.05
1415 1467.063 170.7 1.05 0.04
1416 1467.464 227.6 1.09 0.07
1417 1467.855 118.3 1.10 0.07
1418 1468.510 100.1 1.12 0.05
1419 1469.184 118.3 1.13 0.05
1420 1471.004 127.4 1.14 0.04
1421 1471.196 118.3 1.12 0.04
1422 1473.808 254.9 1.07 -0.03
1423 1475.683 213.9 1.03 -0.02
1424 1477.267 209.4 1.04 -0.03
1425 1478.186 66.0 1.06 -0.05
1426 1478.304 195.7 1.04 -0.03
1427 1478.523 200.2 1.05 -0.04
1428 1479.333 111.5 1.01 -0.01
1429 1479.451 134.3 0.99 0.00
1430 1480.116 127.4 1.04 0.01
1431 1480.689 141.1 1.01 0.02
1432 1481.982 118.3 1.02 0.03
1433 1485.204 300.4 1.08 0.05
1434 1487.270 220.7 1.10 0.10
1435 1489.072 56.9 1.12 0.10
1436 1489.919 54.6 1.13 0.10
1437 1490.456 270.8 1.13 0.11
1438 1492.886 100.1 1.09 0.08
1439 1493.341 227.6 1.10 0.09
1440 1493.560 127.4 1.10 0.09
1441 1495.580 127.4 1.04 0.07
1442 1495.981 111.5 1.06 0.08
1443 1496.563 209.4 1.07 0.07
1444 1500.132 118.3 1.09 0.06
1445 1500.760 141.1 1.06 0.05
1446 1502.098 113.8 1.05 0.08
1447 1502.307 113.8 1.07 0.08
1448 1503.035 177.5 1.06 0.08
1449 1503.345 107.0 1.05 0.08
1450 1505.393 141.1 1.05 0.05
1451 1506.740 111.5 1.05 0.00
1452 1507.623 88.7 1.09 0.03
1453 1508.305 172.9 1.12 0.01
1454 1508.578 200.2 1.12 -0.01
1455 1509.115 75.1 1.10 -0.03
1456 1510.208 145.6 1.08 -0.02
1457 1510.672 109.2 1.10 -0.05
1458 1511.919 159.3 1.06 -0.04
1459 1512.529 132.0 1.03 -0.03
1460 1513.931 136.5 1.04 -0.02
1461 1514.850 100.1 1.07 -0.02
1462 1515.460 145.6 1.07 -0.02
1463 1516.042 163.8 1.05 -0.02
1464 1516.880 66.0 1.10 0.02
1465 1517.854 182.0 1.11 -0.02
1466 1518.882 163.8 1.15 -0.02
1467 1519.446 63.7 1.05 0.01
1468 1519.519 52.3 1.01 -0.00
1469 1520.111 77.4 1.02 -0.01
1470 1520.202 95.6 1.07 0.01
1471 1520.821 145.6 1.08 0.02
1472 1521.103 250.3 1.05 -0.03
1473 1522.905 170.7 1.05 0.02
1474 1523.588 47.8 1.06 -0.01
1475 1523.770 163.8 1.04 -0.01
1476 1524.125 136.5 1.04 0.01
1477 1524.953 154.7 1.00 -0.03
1478 1526.046 66.0 1.02 -0.00
1479 1526.510 200.2 1.11 -0.00
1480 1527.120 118.3 1.06 -0.00
1481 1527.566 68.3 1.05 0.01
1482 1528.294 163.8 1.08 0.00
1483 1529.677 182.0 1.11 -0.02
1484 1530.879 111.5 1.02 -0.01
1485 1531.552 154.7 1.05 0.02
1486 1532.180 168.4 1.09 0.03
1487 1532.927 273.1 1.05 0.02
1488 1535.093 127.4 1.03 -0.00
1489 1537.096 86.5 1.02 -0.01
1490 1539.508 127.4 0.98 -0.02
1491 1539.663 79.6 0.96 -0.01
1492 1540.382 300.4 0.98 -0.03
1493 1541.656 109.2 0.98 -0.01
1494 1542.393 118.3 0.97 -0.02
1495 1542.557 145.6 0.98 -0.01
1496 1543.431 102.4 0.98 0.00
1497 1545.251 145.6 0.96 -0.01
1498 1547.581 86.5 1.04 -0.03
1499 1548.656 207.1 0.99 -0.03
1500 1548.919 172.9 0.98 -0.05
1501 1549.256 154.7 0.94 -0.07
1502 1550.030 163.8 0.94 -0.05
1503 1550.722 154.7 0.95 -0.03
1504 1551.359 168.4 0.96 -0.06
1505 1554.308 216.2 0.98 -0.04
1506 1555.246 150.2 0.97 -0.01
1507 1555.582 172.9 0.94 -0.08
1508 1557.375 47.8 0.95 -0.09
1509 1558.704 107.0 0.89 -0.10
1510 1559.014 61.4 0.90 -0.06
1511 1560.789 163.8 0.96 -0.09
1512 1561.972 31.9 0.97 -0.09
1513 1562.491 191.1 0.94 -0.11
1514 1563.192 145.6 0.98 -0.10
1515 1564.357 100.1 1.04 -0.09
1516 1565.176 100.1 1.00 -0.09
1517 1565.549 111.5 0.97 -0.07
1518 1566.578 182.0 1.00 -0.12
1519 1568.152 93.3 1.00 -0.06
1520 1568.744 245.8 0.90 -0.10
1521 1568.899 136.5 1.02 -0.10
1522 1569.745 100.1 1.00 -0.08
1523 1571.830 118.3 1.04 -0.03
1524 1573.077 100.1 1.06 -0.03
1525 1573.359 202.5 1.07 -0.01
1526 1573.650 118.3 1.08 -0.04
1527 1575.443 47.8 1.00 -0.04
1528 1575.562 132.0 1.08 -0.03
1529 1576.599 66.0 1.06 -0.02
1530 1578.620 109.2 1.08 -0.05
1531 1578.884 109.2 1.06 -0.06
1532 1579.357 136.5 1.07 -0.07
1533 1581.433 127.4 1.11 -0.02
1534 1582.115 172.9 1.11 -0.03
1535 1583.663 132.0 1.10 -0.04
1536 1583.854 109.2 1.04 -0.04
1537 1585.410 147.9 1.07 -0.02
1538 1586.138 172.9 1.04 -0.04
1539 1586.339 109.2 1.04 -0.02
1540 1589.561 177.5 1.06 -0.04
1541 1589.852 97.8 1.03 -0.02
1542 1592.383 61.4 1.04 0.01
1543 1592.710 100.1 1.12 0.03
1544 1593.575 154.7 1.10 -0.04
1545 1594.403 109.2 1.10 -0.00
1546 1595.869 136.5 1.12 0.01
1547 1598.936 100.1 1.10 -0.02
1548 1601.776 91.0 1.08 -0.04
1549 1603.069 132.0 1.06 -0.03
1550 1603.178 93.3 1.05 -0.01
1551 1603.660 154.7 1.04 -0.02
1552 1604.398 104.7 1.06 -0.02
1553 1604.552 102.4 1.05 -0.02
1554 1604.798 134.3 1.04 -0.01
1555 1605.817 122.9 1.09 -0.01
1556 1607.019 141.1 1.01 0.03
1557 1607.210 141.1 1.07 0.03
1558 1607.592 241.2 1.09 0.03
1559 1610.951 122.9 1.04 0.01
1560 1612.844 141.1 1.03 -0.02
1561 1613.372 182.0 1.03 -0.00
1562 1613.636 143.4 1.03 0.05
1563 1614.064 227.6 1.04 -0.03
1564 1614.656 166.1 1.04 0.01
1565 1617.541 172.9 1.00 0.03
1566 1618.087 191.1 1.00 0.04
1567 1618.388 86.5 0.98 0.03
1568 1619.261 102.4 1.04 0.06
1569 1619.735 91.0 1.11 0.05
1570 1620.417 122.9 1.11 0.08
1571 1620.709 120.6 1.11 0.07
1572 1621.464 154.7 1.08 0.06
1573 1622.120 195.7 1.11 0.04
1574 1622.338 84.2 1.12 0.02
1575 1622.893 118.3 1.15 0.04
1576 1623.594 109.2 1.14 0.02
1577 1623.767 136.5 1.14 0.01
1578 1625.296 45.5 1.15 0.02
1579 1625.533 109.2 1.16 -0.04
1580 1626.552 145.6 1.15 0.06
1581 1627.754 100.1 1.14 0.02
1582 1629.793 116.1 1.11 0.01
1583 1630.484 52.3 1.10 -0.01
1584 1630.967 91.0 1.10 -0.01
1585 1631.804 100.1 1.14 -0.00
1586 1632.041 257.1 1.14 0.05
1587 1632.596 118.3 1.13 0.05
1588 1633.825 59.2 1.12 0.00
1589 1634.153 141.1 1.11 0.01
1590 1634.453 122.9 1.11 0.04
1591 1634.690 86.5 1.12 0.03
1592 1635.500 264.0 1.13 0.01
1593 1635.818 145.6 1.12 0.02
1594 1636.046 163.8 1.13 0.01
1595 1636.428 118.3 1.14 0.04
1596 1636.974 132.0 1.14 0.01
1597 1639.769 41.0 1.07 0.01
1598 1641.052 166.1 1.14 0.02
1599 1643.701 129.7 1.15 0.00
1600 1644.120 220.7 1.15 0.01
1601 1644.365 43.2 1.15 0.04
1602 1645.175 104.7 1.10 0.03
1603 1645.694 91.0 1.10 0.01
1604 1646.504 84.2 1.08 0.05
1605 1646.987 141.1 1.07 0.07
1606 1647.233 127.4 1.11 0.05
1607 1648.589 118.3 1.08 0.08
1608 1649.135 84.2 1.12 0.04
1609 1651.438 43.2 1.12 0.07
1610 1651.811 97.8 1.14 0.09
1611 1652.139 86.5 1.12 0.08
1612 1654.387 163.8 1.15 0.03
1613 1656.872 154.7 1.15 0.03
1614 1657.272 109.2 1.14 0.04
1615 1658.064 77.4 1.18 0.02
1616 1658.965 147.9 1.17 0.02
1617 1659.111 100.1 1.13 0.02
1618 1660.012 127.4 1.12 0.02
1619 1660.458 81.9 1.14 0.04
1620 1660.786 100.1 1.13 0.04
1621 1662.160 118.3 1.10 0.01
1622 1662.634 75.1 1.09 0.03
1623 1664.135 111.5 1.13 0.06
1624 1664.408 182.0 1.13 0.07
1625 1664.818 81.9 1.14 0.07
1626 1664.927 59.2 1.09 0.05
1627 1665.774 66.0 1.12 0.04
1628 1666.274 136.5 1.13 0.00
1629 1666.730 118.3 1.11 0.03
1630 1667.294 86.5 1.12 0.02
1631 1668.932 163.8 1.10 0.03
1632 1669.378 109.2 1.12 0.05
1633 1669.597 93.3 1.09 0.04
1634 1669.697 59.2 1.11 0.06
1635 1670.207 182.0 1.12 0.06
1636 1671.099 182.0 1.15 0.06
1637 1672.519 225.3 1.18 0.06
1638 1672.691 91.0 1.19 0.05
1639 1675.113 125.2 1.17 0.08
1640 1675.313 136.5 1.16 0.08
1641 1675.713 182.0 1.17 0.04
1642 1676.514 111.5 1.16 0.01
1643 1677.843 88.7 1.17 0.02
1644 1678.217 66.0 1.16 0.01
1645 1678.635 127.4 1.17 0.01
1646 1680.692 159.3 1.21 0.03
1647 1680.911 127.4 1.18 -0.01
1648 1681.047 127.4 1.15 0.02
1649 1682.668 241.2 1.16 0.03
1650 1682.959 170.7 1.14 0.03
1651 1683.487 145.6 1.14 0.02
1652 1684.133 166.1 1.14 -0.01
1653 1685.071 120.6 1.14 0.03
1654 1685.171 43.2 1.14 0.04
1655 1689.740 109.2 1.15 0.07
1656 1692.480 163.8 1.09 -0.01
1657 1694.100 109.2 1.13 0.08
1658 1696.048 143.4 1.04 0.08
1659 1697.932 77.4 1.07 0.04
1660 1698.241 193.4 1.12 0.10
1661 1700.553 107.0 1.08 0.10
1662 1700.917 132.0 1.09 0.11
1663 1702.492 163.8 1.09 0.12
1664 1704.030 77.4 1.08 0.12
1665 1704.941 145.6 1.09 0.10
1666 1705.396 50.1 1.10 0.10
1667 1705.997 154.7 1.10 0.09
1668 1706.361 166.1 1.11 0.08
1669 1708.572 150.2 1.13 0.11
1670 1710.493 100.1 1.09 0.06
1671 1715.709 116.1 1.13 0.05
1672 1716.164 264.0 1.11 0.09
1673 1717.584 136.5 1.06 0.09
1674 1717.975 132.0 1.06 0.07
1675 1718.567 104.7 1.03 0.11
1676 1718.758 188.9 1.06 0.14
1677 1719.668 143.4 1.08 0.12
1678 1719.959 182.0 1.12 0.09
1679 1720.788 127.4 1.11 0.09
1680 1721.479 91.0 1.14 0.05
1681 1722.253 77.4 1.15 0.05
1682 1724.592 75.1 1.12 0.03
1683 1726.413 109.2 1.07 0.01
1684 1726.822 88.7 1.09 0.01
1685 1727.960 127.4 1.13 0.04
1686 1729.071 204.8 1.11 0.04
1687 1729.717 81.9 1.11 0.04
1688 1731.374 127.4 1.07 0.10
1689 1731.765 107.0 1.11 0.12
1690 1731.901 84.2 1.11 0.11
1691 1734.314 100.1 1.11 0.02
1692 1734.960 118.3 1.11 0.03
1693 1735.215 195.7 1.12 0.01
1694 1735.697 161.6 1.11 0.04
1695 1738.573 116.1 1.15 0.07
1696 1740.367 68.3 1.13 0.06
1697 1741.950 186.6 1.15 0.07
1698 1742.360 127.4 1.14 0.04
1699 1743.325 70.5 1.07 0.10
1700 1743.780 177.5 1.15 0.09
1701 1745.127 127.4 1.05 0.09
1702 1746.811 66.0 1.10 0.02
1703 1747.776 136.5 1.14 0.06
1704 1749.869 127.4 1.15 0.05
1705 1750.179 91.0 1.14 0.04
1706 1750.989 154.7 1.12 0.03
1707 1752.272 111.5 1.15 0.04
1708 1752.409 100.1 1.16 0.03
1709 1753.246 100.1 1.13 0.07
1710 1753.656 75.1 1.10 0.05
1711 1754.338 122.9 1.09 0.05
1712 1754.675 152.5 1.09 0.00
1713 1755.221 100.1 1.09 0.01
1714 1755.494 163.8 1.10 -0.02
1715 1755.767 86.5 1.11 0.02
1716 1755.995 186.6 1.09 0.00
1717 1757.288 150.2 1.09 0.00
1718 1757.433 116.1 1.09 -0.01
1719 1759.527 109.2 1.12 0.04
1720 1761.720 93.3 1.06 0.06
1721 1762.521 286.7 1.05 0.04
1722 1763.814 150.2 1.05 0.01
1723 1764.460 79.6 1.07 0.05
1724 1764.606 154.7 1.07 0.04
1725 1766.062 68.3 1.13 0.03
1726 1767.846 122.9 1.11 0.01
1727 1768.429 102.4 1.10 0.02
1728 1769.084 86.5 1.10 0.01
1729 1769.739 109.2 1.10 0.00
1730 1770.377 118.3 1.13 -0.01
1731 1771.159 91.0 1.14 0.00
1732 1772.497 236.7 1.17 0.03
1733 1772.752 111.5 1.14 0.03
1734 1773.144 91.0 1.15 0.03
1735 1773.526 122.9 1.14 0.05
1736 1773.672 161.6 1.16 0.06
1737 1776.803 238.9 1.15 0.09
1738 1777.139 209.4 1.14 0.09
1739 1778.150 168.4 1.14 0.06
1740 1779.015 163.8 1.15 0.05
1741 1780.708 81.9 1.12 0.04
1742 1782.055 109.2 1.10 0.04
1743 1782.428 266.2 1.14 0.01
1744 1783.684 111.5 1.11 0.00
1745 1784.084 204.8 1.10 -0.02
1746 1788.062 186.6 1.08 0.01
1747 1788.208 56.9 1.15 0.03
1748 1788.281 63.7 1.14 0.03
1749 1788.363 159.3 1.16 0.04
1750 1790.065 127.4 1.16 -0.01
1751 1790.219 93.3 1.09 -0.01
1752 1790.756 100.1 1.12 0.02
1753 1790.893 95.6 1.12 0.02
1754 1791.785 100.1 1.15 -0.02
1755 1792.113 138.8 1.15 -0.03
1756 1792.313 95.6 1.13 -0.03
1757 1793.824 191.1 1.15 -0.01
1758 1794.416 91.0 1.14 -0.01
1759 1795.362 141.1 1.12 -0.03
1760 1802.271 143.4 1.14 -0.04
1761 1802.662 127.4 1.12 -0.01
1762 1802.935 145.6 1.11 -0.01
1763 1803.727 209.4 1.13 -0.01
1764 1804.410 75.1 1.05 0.02
1765 1804.519 134.3 1.11 -0.02
1766 1805.138 68.3 1.12 0.03
1767 1805.365 100.1 1.13 -0.03
1768 1808.160 86.5 1.08 0.03
1769 1809.716 154.7 1.04 -0.00
1770 1810.353 127.4 1.09 -0.03
1771 1811.382 118.3 1.07 -0.04
1772 1814.267 118.3 1.08 -0.04
1773 1814.723 100.1 1.08 -0.00
1774 1815.514 170.7 1.06 -0.00
1775 1817.080 100.1 1.08 0.01
1776 1817.653 159.3 1.09 -0.01
1777 1819.265 188.9 1.11 -0.02
1778 1819.474 107.0 1.09 -0.03
1779 1819.902 77.4 1.12 0.01
1780 1820.439 191.1 1.13 0.05
1781 1820.857 127.4 1.14 0.05
1782 1821.240 200.2 1.11 0.04
1783 1824.016 109.2 1.11 0.07
1784 1824.335 100.1 1.12 0.04
1785 1824.862 91.0 1.09 0.04
1786 1825.345 209.4 1.09 -0.00
1787 1827.038 163.8 1.10 -0.07
1788 1827.611 193.4 1.06 -0.03
1789 1829.077 84.2 1.08 -0.01
1790 1829.414 109.2 1.09 -0.05
1791 1829.550 100.1 1.06 -0.04
1792 1830.105 150.2 1.09 -0.03
1793 1830.588 56.9 1.12 -0.03
1794 1831.116 125.2 1.14 -0.07
1795 1833.164 118.3 1.11 -0.03
1796 1836.049 100.1 1.13 0.05
1797 1836.522 111.5 1.11 0.04
1798 1837.860 157.0 1.12 0.02
1799 1839.162 175.2 1.12 0.03
1800 1839.517 127.4 1.13 0.01
1801 1840.755 47.8 1.05 0.05
1802 1840.846 79.6 1.07 0.05
1803 1842.084 86.5 1.08 0.05
1804 1843.167 200.2 1.11 0.05
1805 1843.385 118.3 1.12 0.05
1806 1845.588 77.4 1.16 0.02
1807 1849.174 154.7 1.16 0.05
1808 1849.702 95.6 1.12 0.04
1809 1850.649 109.2 1.15 0.06
1810 1851.222 172.9 1.15 0.02
1811 1851.723 136.5 1.09 0.06
1812 1851.951 118.3 1.11 0.06
1813 1853.179 209.4 1.10 0.03
1814 1855.592 91.0 1.11 0.02
1815 1856.065 118.3 1.12 0.03
1816 1856.456 138.8 1.12 0.05
1817 1859.096 200.2 1.10 0.04
1818 1860.980 50.1 1.13 0.04
1819 1861.526 59.2 1.11 0.04
1820 1861.699 154.7 1.10 0.02
1821 1861.908 136.5 1.09 0.04
1822 1862.100 100.1 1.11 0.01
1823 1862.901 93.3 1.10 0.02
1824 1863.365 102.4 1.10 0.03
1825 1863.501 116.1 1.07 0.04
1826 1864.111 129.7 1.08 0.03
1827 1865.768 97.8 1.06 0.02
1828 1866.287 104.7 1.09 0.03
1829 1866.423 86.5 1.06 0.03
1830 1867.133 116.1 1.08 0.03
1831 1867.525 122.9 1.10 0.02
1832 1867.725 88.7 1.09 0.02
1833 1868.207 304.9 1.09 0.04
1834 1869.245 95.6 1.09 0.04
1835 1869.372 109.2 1.10 0.04
1836 1869.955 145.6 1.07 0.04
1837 1870.965 111.5 1.08 0.02
1838 1871.284 100.1 1.08 0.01
1839 1873.741 195.7 1.08 0.03
1840 1876.609 161.6 1.05 0.04
1841 1877.473 309.5 1.08 0.03
1842 1877.919 163.8 1.09 0.03
1843 1879.121 86.5 1.09 0.02
1844 1883.035 172.9 1.08 0.00
1845 1885.128 118.3 1.06 0.00
1846 1885.711 129.7 1.08 -0.00
1847 1886.139 109.2 1.04 0.02
1848 1886.721 200.2 1.08 -0.00
1849 1888.232 150.2 1.06 0.03
1850 1888.514 118.3 1.06 0.03
1851 1891.127 109.2 1.07 0.01
1852 1891.290 127.4 1.07 0.01
1853 1891.736 59.2 1.07 -0.00
1854 1891.809 41.0 1.06 -0.01
1855 1892.064 209.4 1.05 -0.01
1856 1892.911 147.9 1.09 0.01
1857 1893.821 93.3 1.07 0.00
1858 1893.994 216.2 1.05 0.01
1859 1894.285 154.7 1.03 -0.01
1860 1894.449 129.7 1.11 -0.00
1861 1894.604 61.4 1.08 -0.03
1862 1896.005 145.6 1.07 -0.00
1863 1898.044 143.4 1.05 0.02
1864 1898.399 111.5 1.05 -0.00
1865 1898.536 79.6 1.04 0.02
1866 1898.745 118.3 1.07 0.01
1867 1899.009 161.6 1.07 -0.00
1868 1901.103 129.7 1.07 0.01
1869 1902.513 270.8 1.04 -0.01
1870 1902.768 118.3 1.05 0.00
1871 1903.406 136.5 1.05 -0.02
1872 1903.979 234.4 1.07 -0.02
1873 1904.580 111.5 1.05 -0.02
1874 1905.517 179.8 1.08 -0.01
1875 1905.663 70.5 1.07 -0.01
1876 1906.182 109.2 1.05 -0.00
1877 1907.993 136.5 1.08 0.00
1878 1908.166 116.1 1.13 0.00
1879 1909.022 95.6 1.11 -0.00
1880 1909.231 109.2 1.14 -0.00
1881 1909.923 127.4 1.11 -0.02
1882 1910.159 209.4 1.10 -0.02
1883 1910.442 191.1 1.13 -0.01
1884 1910.897 118.3 1.10 -0.03
1885 1911.816 204.8 1.12 -0.00
1886 1912.007 127.4 1.11 -0.01
1887 1912.244 66.0 1.10 0.01
1888 1913.236 170.7 1.09 0.02
1889 1913.500 154.7 1.09 0.02
1890 1913.873 127.4 1.09 0.01
1891 1915.848 172.9 1.11 0.02
1892 1916.440 166.1 1.11 0.01
1893 1916.713 168.4 1.09 0.00
1894 1917.113 97.8 1.10 -0.00
1895 1917.623 50.1 1.07 -0.01
1896 1918.360 109.2 1.11 -0.02
1897 1919.962 182.0 1.09 0.01
1898 1921.655 182.0 1.07 0.01
1899 1923.731 186.6 1.07 -0.03
1900 1925.433 184.3 1.08 0.01
1901 1925.670 166.1 1.06 0.01
1902 1926.143 116.1 1.04 0.00
1903 1926.507 163.8 1.04 0.02
1904 1930.011 122.9 1.05 -0.00
1905 1930.366 136.5 1.06 0.00
1906 1934.244 141.1 1.15 -0.00
1907 1935.664 104.7 1.10 0.03
1908 1936.474 118.3 1.09 0.01
1909 1937.129 159.3 1.12 0.04
1910 1937.684 154.7 1.10 0.05
1911 1941.143 136.5 1.11 -0.03
1912 1941.453 127.4 1.12 0.00
1913 1942.636 186.6 1.05 -0.04
1914 1943.555 136.5 1.08 -0.03
1915 1943.819 159.3 1.05 -0.04
1916 1944.693 172.9 1.11 -0.06
1917 1945.103 204.8 1.08 -0.03
1918 1946.049 200.2 1.06 -0.03
1919 1946.468 172.9 1.05 -0.05
1920 1947.906 54.6 1.03 -0.05
1921 1947.970 63.7 1.07 -0.08
1922 1948.689 68.3 1.07 -0.10
1923 1949.818 120.6 1.06 -0.02
1924 1951.656 491.5 1.01 0.04
1925 1952.002 182.0 1.03 0.04
1926 1955.716 68.3 1.12 0.01
1927 1956.344 81.9 1.13 0.01
1928 1957.901 200.2 1.15 -0.01
1929 1958.492 157.0 1.10 -0.04
1930 1958.638 109.2 1.10 0.00
1931 1958.838 268.5 1.12 0.00
1932 1959.056 75.1 1.08 -0.02
1933 1960.504 102.4 1.09 0.01
1934 1960.677 109.2 1.14 0.01
1935 1961.013 145.6 1.09 0.00
1936 1963.398 157.0 1.13 -0.00
1937 1965.983 118.3 1.05 0.02
1938 1966.184 109.2 1.05 0.06
1939 1968.814 157.0 1.06 0.08
1940 1970.061 238.9 1.07 0.06
1941 1972.009 166.1 1.12 0.06
1942 1972.373 109.2 1.12 0.06
1943 1972.592 227.6 1.12 0.07
1944 1973.329 81.9 1.15 0.03
1945 1973.538 100.1 1.15 0.04
1946 1973.820 143.4 1.15 0.09
1947 1973.930 66.0 1.12 0.06
1948 1975.149 132.0 1.18 0.06
1949 1976.178 134.3 1.17 0.07
1950 1976.769 22.8 1.13 0.04
1951 1976.951 116.1 1.14 0.03
1952 1979.018 79.6 1.14 0.03
1953 1979.127 116.1 1.13 0.04
1954 1979.263 84.2 1.11 0.07
1955 1980.474 116.1 1.14 0.05
1956 1980.665 97.8 1.14 0.02
1957 1980.847 211.6 1.15 0.06
1958 1983.177 109.2 1.13 0.06
1959 1983.460 56.9 1.09 0.03
1960 1984.160 79.6 1.11 0.05
1961 1984.443 118.3 1.08 0.06
1962 1984.761 145.6 1.12 0.02
1963 1985.680 132.0 1.10 0.08
1964 1986.563 88.7 1.11 0.07
1965 1987.428 254.9 1.11 0.07
1966 1987.920 120.6 1.12 0.03
1967 1990.896 179.8 1.10 -0.00
1968 1991.824 122.9 1.11 -0.00
1969 1994.673 145.6 1.08 0.04
1970 1996.057 154.7 1.13 0.02
1971 1996.266 109.2 1.10 0.02
1972 1996.767 138.8 1.13 0.02
1973 1996.913 122.9 1.09 0.02
1974 1997.158 75.1 1.10 0.01
1975 1997.641 154.7 1.12 0.00
1976 1998.305 111.5 1.14 0.01
1977 1998.460 88.7 1.14 0.01
1978 1998.788 418.7 1.12 0.01
1979 1999.234 134.3 1.12 -0.01
1980 2000.863 109.2 1.11 -0.01
1981 2001.191 109.2 1.10 0.01
1982 2002.374 163.8 1.10 0.01
1983 2003.084 120.6 1.11 0.01
1984 2004.595 111.5 1.12 0.02
1985 2005.014 50.1 1.11 0.02
1986 2005.123 70.5 1.09 0.02
1987 2005.369 132.0 1.09 0.05
1988 2005.523 77.4 1.10 0.03
1989 2007.271 154.7 1.11 0.03
1990 2007.644 154.7 1.11 0.02
1991 2007.999 77.4 1.07 0.02
1992 2008.199 102.4 1.09 0.02
1993 2008.545 132.0 1.11 0.02
1994 2009.273 127.4 1.08 0.00
1995 2010.038 195.7 1.07 0.02
1996 2010.348 177.5 1.09 0.01
1997 2010.730 152.5 1.06 -0.00
1998 2011.067 136.5 1.06 0.02
1999 2011.367 200.2 1.07 -0.02
2000 2012.678 118.3 1.02 -0.04
