1 1.360 100.1 1.06 -0.06
2 2.361 61.4 1.06 -0.05
3 2.689 293.5 1.07 -0.03
4 4.372 216.2 1.08 -0.01
5 4.609 182.0 1.07 -0.01
6 5.610 79.6 1.10 0.02
7 5.902 91.0 1.13 0.03
8 6.539 86.5 1.10 0.02
9 6.775 236.7 1.08 0.02
10 7.112 127.4 1.08 0.05
11 7.422 136.5 1.11 0.05
12 7.786 136.5 1.07 0.01
13 9.979 127.4 1.09 0.02
14 10.262 127.4 1.09 0.03
15 10.926 127.4 1.07 0.05
16 12.146 154.7 1.09 0.03
17 12.392 134.3 1.06 0.03
18 13.265 127.4 1.10 0.06
19 13.429 95.6 1.08 0.06
20 14.021 111.5 1.13 0.02
21 14.603 170.7 1.13 0.01
22 14.795 154.7 1.14 0.01
23 16.724 154.7 1.12 -0.01
24 17.352 118.3 1.11 -0.01
25 18.244 136.5 1.10 0.02
26 19.855 150.2 1.11 0.01
27 20.729 264.0 1.10 0.03
28 22.377 168.4 1.09 0.03
29 22.568 170.7 1.11 0.03
30 23.797 79.6 1.10 0.01
31 23.970 132.0 1.09 0.01
32 25.189 100.1 1.04 0.06
33 25.517 191.1 1.06 0.06
34 25.999 100.1 1.06 0.05
35 26.864 204.8 1.07 0.01
36 28.239 159.3 1.09 -0.04
37 29.131 84.2 1.09 -0.09
38 29.285 141.1 1.13 -0.10
39 29.768 77.4 1.08 -0.04
40 29.913 118.3 1.05 -0.01
41 31.351 204.8 1.09 -0.11
42 32.089 163.8 1.10 -0.03
43 32.325 129.7 1.09 -0.04
44 33.545 175.2 1.10 -0.13
45 35.129 132.0 1.07 0.04
46 41.136 159.3 1.02 0.04
47 41.682 216.2 1.01 0.00
48 42.638 209.4 1.04 -0.05
49 42.875 145.6 1.09 -0.05
50 43.448 120.6 1.10 -0.02
51 44.832 136.5 1.12 0.01
52 45.187 56.9 1.18 0.02
53 45.287 77.4 1.13 0.03
54 46.188 84.2 1.17 0.03
55 46.416 184.3 1.14 0.03
56 47.836 66.0 1.10 0.01
57 49.456 111.5 1.07 0.01
58 49.592 134.3 1.09 -0.02
59 49.756 59.2 1.11 -0.08
60 50.530 54.6 1.08 -0.09
61 51.640 186.6 1.10 -0.04
62 51.895 136.5 1.11 -0.02
63 52.268 134.3 1.14 -0.01
64 53.261 147.9 1.10 0.03
65 54.544 143.4 1.12 0.03
66 54.899 141.1 1.10 0.03
67 56.119 150.2 1.07 0.08
68 56.756 47.8 1.09 0.08
69 57.247 111.5 1.06 0.09
70 57.402 132.0 1.06 0.09
71 58.249 218.5 1.08 0.08
72 58.594 377.7 1.07 0.02
73 60.196 95.6 1.05 -0.01
74 60.324 77.4 1.05 -0.01
75 60.406 59.2 1.03 -0.01
76 61.889 41.0 1.06 -0.01
77 62.408 63.7 1.12 -0.03
78 63.619 127.4 1.13 -0.01
79 65.439 111.5 1.12 0.02
80 67.269 118.3 1.14 0.05
81 67.405 91.0 1.07 0.04
82 67.624 118.3 1.10 0.05
83 68.552 141.1 1.10 0.04
84 68.816 111.5 1.10 0.05
85 68.971 143.4 1.13 0.05
86 69.317 56.9 1.11 0.04
87 69.781 184.3 1.12 0.06
88 70.081 127.4 1.11 0.05
89 70.546 111.5 1.10 0.06
90 71.210 145.6 1.07 0.04
91 71.802 109.2 1.09 0.02
92 72.621 136.5 1.06 0.04
93 74.478 66.0 1.08 0.07
94 75.242 102.4 1.09 0.08
95 75.798 100.1 1.11 0.08
96 76.580 100.1 1.09 0.08
97 77.145 172.9 1.11 0.10
98 78.073 145.6 1.12 0.09
99 78.874 177.5 1.12 0.09
100 79.093 184.3 1.10 0.09
101 80.249 132.0 1.10 0.10
102 80.640 143.4 1.10 0.06
103 80.813 136.5 1.11 0.08
104 82.406 102.4 1.04 0.06
105 84.263 93.3 1.03 0.10
106 85.473 145.6 1.04 0.08
107 86.029 77.4 1.06 0.05
108 86.393 209.4 1.06 0.05
109 87.221 84.2 1.07 0.06
110 88.086 172.9 1.06 0.03
111 88.249 141.1 1.06 0.03
112 88.705 168.4 1.06 0.03
113 91.135 111.5 1.08 0.02
114 91.290 107.0 1.08 0.04
115 91.517 163.8 1.08 0.04
116 91.918 100.1 1.08 0.02
117 92.282 154.7 1.06 0.01
118 92.892 127.4 1.09 0.02
119 93.729 309.5 1.05 0.02
120 94.011 91.0 1.05 0.01
121 94.339 154.7 1.05 0.05
122 94.667 132.0 1.05 0.06
123 94.958 100.1 1.06 0.04
124 98.635 50.1 1.03 0.03
125 98.735 107.0 1.04 0.02
126 99.518 141.1 1.05 0.02
127 99.964 132.0 1.04 0.03
128 100.301 202.5 1.04 0.04
129 100.674 79.6 1.05 0.03
130 102.676 120.6 1.04 0.04
131 102.804 34.1 1.06 0.03
132 103.514 68.3 1.03 0.06
133 104.524 163.8 1.02 0.05
134 104.788 104.7 1.04 0.06
135 104.907 56.9 1.01 0.06
136 106.691 141.1 1.04 0.06
137 108.356 184.3 1.06 0.07
138 108.529 150.2 1.08 0.07
139 110.823 91.0 1.08 0.07
140 110.996 118.3 1.11 0.07
141 112.252 177.5 1.07 0.08
142 113.799 163.8 1.09 0.06
143 114.792 132.0 1.06 0.06
144 115.502 163.8 1.10 0.06
145 116.749 113.8 1.13 0.06
146 116.876 109.2 1.11 0.06
147 118.396 84.2 1.08 0.05
148 118.551 127.4 1.12 0.05
149 119.780 143.4 1.10 0.03
150 120.963 84.2 1.12 0.00
151 123.193 75.1 1.12 -0.03
152 123.411 193.4 1.11 -0.02
153 126.324 145.6 1.06 0.03
154 127.016 122.9 1.06 0.04
155 127.862 109.2 1.07 0.04
156 128.217 97.8 1.10 0.01
157 129.610 86.5 1.09 0.07
158 130.629 136.5 1.09 0.09
159 131.166 118.3 1.09 0.07
160 131.385 120.6 1.10 0.10
161 132.514 218.5 1.10 0.05
162 134.134 86.5 1.10 0.06
163 135.299 145.6 1.02 0.08
164 135.736 141.1 1.02 0.11
165 138.075 113.8 1.06 0.06
166 138.612 177.5 1.07 0.05
167 139.786 172.9 1.07 0.06
168 141.953 113.8 1.06 -0.01
169 142.107 104.7 1.02 -0.01
170 142.289 198.0 1.07 -0.00
171 142.863 100.1 1.06 0.03
172 143.090 109.2 1.06 0.02
173 144.556 118.3 1.13 0.00
174 144.674 52.3 1.12 0.02
175 146.185 132.0 1.08 0.04
176 146.713 227.6 1.11 0.04
177 148.797 157.0 1.17 0.04
178 148.925 50.1 1.15 0.02
179 149.152 86.5 1.17 0.02
180 149.717 104.7 1.15 -0.00
181 150.054 145.6 1.16 0.04
182 150.318 175.2 1.14 0.01
183 150.472 125.2 1.14 0.02
184 151.992 191.1 1.13 0.07
185 153.649 136.5 1.12 0.11
186 153.876 136.5 1.13 0.11
187 154.377 195.7 1.13 0.05
188 154.723 186.6 1.15 0.06
189 154.896 136.5 1.14 0.06
190 155.051 111.5 1.13 0.04
191 155.251 218.5 1.13 0.06
192 156.634 127.4 1.10 0.04
193 157.062 154.7 1.10 0.01
194 158.783 127.4 1.10 0.00
195 160.794 86.5 1.09 0.06
196 162.587 127.4 1.10 0.03
197 162.751 145.6 1.11 0.03
198 164.581 97.8 1.10 0.02
199 164.772 116.1 1.10 0.03
200 164.863 25.0 1.09 0.02
201 165.045 81.9 1.08 0.02
202 166.073 113.8 1.08 -0.02
203 166.310 182.0 1.08 -0.01
204 166.765 136.5 1.10 -0.01
205 167.739 132.0 1.08 0.01
206 167.985 68.3 1.09 0.01
207 168.185 172.9 1.12 0.03
208 168.959 113.8 1.11 0.01
209 169.824 136.5 1.02 0.03
210 171.826 70.5 1.12 0.07
211 175.458 154.7 1.11 -0.01
212 175.804 43.2 1.07 0.00
213 176.168 145.6 1.10 0.02
214 176.987 56.9 1.09 0.04
215 177.852 177.5 1.08 0.05
216 179.053 95.6 1.12 0.06
217 180.537 216.2 1.12 0.06
218 182.667 161.6 1.11 0.06
219 183.522 102.4 1.08 0.07
220 184.069 127.4 1.06 0.09
221 185.425 109.2 1.09 0.08
222 185.671 102.4 1.06 0.09
223 185.871 97.8 1.11 0.10
224 187.282 109.2 1.05 0.11
225 187.518 107.0 1.05 0.12
226 188.956 132.0 1.05 0.04
227 189.484 150.2 1.05 0.10
228 190.258 122.9 1.05 0.08
229 190.413 129.7 1.06 0.08
230 191.159 182.0 1.07 0.10
231 191.969 127.4 1.07 0.11
232 192.716 163.8 1.09 0.09
233 193.080 168.4 1.11 0.11
234 195.392 104.7 1.09 0.01
235 196.129 168.4 1.08 0.02
236 196.366 109.2 1.08 0.03
237 199.369 122.9 1.07 0.08
238 201.226 166.1 1.07 0.08
239 201.381 113.8 1.09 0.08
240 202.146 86.5 1.09 0.09
241 202.273 102.4 1.08 0.07
242 202.410 141.1 1.07 0.07
243 203.247 143.4 1.10 0.09
244 203.511 122.9 1.08 0.08
245 203.757 100.1 1.07 0.10
246 204.321 95.6 1.05 0.10
247 206.469 132.0 1.05 0.11
248 206.788 132.0 1.06 0.09
249 207.170 100.1 1.06 0.12
250 208.608 186.6 1.04 0.10
251 208.772 15.9 1.10 0.09
252 208.945 186.6 1.04 0.08
253 210.429 232.1 1.05 0.07
254 210.747 127.4 1.04 0.08
255 211.102 109.2 1.07 0.06
256 212.941 86.5 1.13 0.03
257 213.305 93.3 1.14 0.03
258 213.614 95.6 1.14 0.06
259 213.851 109.2 1.15 0.08
260 214.761 100.1 1.15 0.07
261 215.908 145.6 1.11 -0.00
262 217.028 127.4 1.09 0.05
263 217.683 118.3 1.08 0.05
264 218.084 116.1 1.08 0.02
265 219.149 136.5 1.05 0.01
266 219.358 168.4 1.05 0.01
267 220.068 182.0 1.06 0.03
268 221.242 116.1 1.06 0.04
269 221.734 70.5 1.10 0.05
270 222.598 109.2 1.08 0.07
271 222.962 100.1 1.08 -0.02
272 223.135 125.2 1.06 -0.02
273 223.326 154.7 1.11 0.00
274 223.609 193.4 1.09 0.06
275 224.428 154.7 1.02 0.08
276 224.755 245.8 1.02 0.11
277 225.356 127.4 1.01 0.01
278 227.568 163.8 1.04 0.02
279 228.651 227.6 0.98 0.05
280 229.052 47.8 0.99 0.07
281 230.353 100.1 0.99 0.05
282 230.554 193.4 0.99 0.05
283 233.940 75.1 1.08 0.02
284 234.140 177.5 1.07 0.03
285 235.059 145.6 1.06 0.03
286 235.578 182.0 1.09 0.02
287 237.426 204.8 1.09 -0.01
288 237.844 248.0 1.06 -0.00
289 238.145 184.3 1.07 -0.00
290 238.946 95.6 1.04 -0.02
291 239.410 77.4 1.06 -0.04
292 239.838 136.5 1.08 -0.00
293 241.358 100.1 1.06 0.04
294 243.342 88.7 1.03 -0.02
295 243.697 191.1 1.06 -0.06
296 243.907 122.9 1.03 -0.06
297 246.701 129.7 1.03 -0.03
298 247.293 56.9 1.04 -0.04
299 247.420 91.0 1.07 -0.04
300 248.421 54.6 1.04 -0.03
301 250.378 150.2 1.07 -0.06
302 252.253 132.0 1.07 0.06
303 252.472 289.0 1.02 0.06
304 253.528 129.7 0.95 0.04
305 254.756 109.2 1.12 -0.02
306 254.984 97.8 1.08 -0.05
307 256.340 182.0 1.10 0.01
308 257.087 104.7 1.09 0.04
309 259.044 91.0 1.05 0.06
310 259.462 172.9 1.06 0.04
311 260.336 163.8 1.07 0.02
312 260.682 200.2 1.03 0.05
313 260.955 132.0 1.04 0.04
314 261.601 109.2 1.04 0.03
315 262.521 209.4 1.05 0.00
316 264.177 100.1 1.03 0.04
317 264.732 259.4 1.06 0.02
318 267.072 118.3 1.05 -0.01
319 267.509 91.0 1.07 0.02
320 268.392 200.2 1.04 -0.05
321 270.449 286.7 1.06 -0.06
322 270.895 104.7 1.08 -0.04
323 271.759 129.7 1.08 -0.02
324 271.914 68.3 1.05 -0.04
325 272.096 91.0 1.07 -0.03
326 272.906 136.5 1.04 -0.02
327 273.644 109.2 1.07 -0.06
328 273.826 125.2 1.07 -0.06
329 274.317 127.4 1.06 -0.07
330 275.892 118.3 1.01 -0.06
331 276.119 168.4 1.01 -0.06
332 278.158 134.3 1.04 -0.05
333 279.087 147.9 1.12 0.01
334 282.454 54.6 1.01 0.01
335 283.037 195.7 1.03 0.04
336 283.729 127.4 1.03 0.07
337 285.986 125.2 1.04 0.08
338 286.623 136.5 1.02 0.03
339 289.381 166.1 1.00 -0.04
340 289.745 154.7 1.01 -0.01
341 289.927 93.3 0.97 0.01
342 291.092 120.6 0.99 -0.05
343 291.247 122.9 0.97 -0.05
344 291.930 145.6 0.98 -0.04
345 292.157 136.5 0.99 -0.04
346 292.385 147.9 0.98 -0.05
347 292.603 159.3 0.96 -0.04
348 293.505 154.7 1.03 -0.07
349 295.443 213.9 0.99 -0.00
350 297.100 59.2 0.98 0.00
351 297.601 107.0 1.02 -0.01
352 298.119 172.9 0.98 -0.02
353 298.456 102.4 0.98 0.00
354 298.684 134.3 0.97 -0.01
355 300.249 150.2 1.00 -0.01
356 301.032 202.5 0.99 0.00
357 302.133 122.9 0.99 0.00
358 302.698 136.5 1.05 -0.05
359 303.071 141.1 1.03 -0.04
360 304.318 136.5 1.02 -0.02
361 305.702 209.4 1.04 -0.01
362 306.539 218.5 1.05 -0.02
363 308.041 97.8 1.01 -0.06
364 309.998 163.8 0.99 -0.08
365 311.554 177.5 1.01 -0.03
366 312.119 227.6 1.01 -0.02
367 312.437 118.3 1.03 -0.02
368 313.375 125.2 0.97 0.01
369 314.476 93.3 1.01 -0.04
370 315.341 116.1 1.04 -0.05
371 315.905 104.7 0.97 -0.05
372 316.215 179.8 1.01 -0.08
373 316.506 136.5 1.02 -0.04
374 316.888 132.0 1.00 -0.02
375 317.726 113.8 1.03 -0.00
376 318.608 186.6 1.02 -0.01
377 318.891 136.5 1.05 0.00
378 319.783 100.1 1.05 -0.00
379 320.047 107.0 1.06 -0.01
380 320.502 150.2 1.05 0.02
381 321.612 95.6 1.06 0.02
382 323.232 100.1 1.06 0.04
383 323.733 118.3 1.05 0.03
384 324.470 182.0 1.02 0.04
385 325.572 100.1 1.02 0.03
386 326.391 182.0 1.02 0.05
387 328.630 127.4 0.98 -0.03
388 328.921 88.7 0.98 0.01
389 330.423 188.9 0.98 0.01
390 331.861 177.5 0.98 0.01
391 332.635 122.9 0.96 0.03
392 334.401 200.2 0.97 0.02
393 334.619 118.3 0.96 0.03
394 335.630 154.7 0.96 0.00
395 335.994 34.1 0.94 0.03
396 336.686 136.5 0.94 0.01
397 336.931 132.0 0.94 0.01
398 337.641 163.8 0.95 0.00
399 338.806 91.0 0.94 0.01
400 339.343 143.4 0.96 -0.02
401 340.190 127.4 0.94 -0.02
402 340.654 118.3 0.96 -0.03
403 341.064 118.3 0.98 -0.01
404 342.629 163.8 0.98 -0.01
405 344.231 61.4 1.02 -0.02
406 344.331 72.8 1.00 -0.02
407 344.741 107.0 1.01 -0.01
408 345.032 68.3 1.01 -0.03
409 347.044 216.2 1.08 0.02
410 347.353 100.1 1.07 0.01
411 351.914 113.8 1.06 0.04
412 353.652 91.0 1.05 0.03
413 354.043 109.2 1.05 -0.00
414 354.608 100.1 1.04 -0.04
415 356.028 191.1 1.03 -0.02
416 357.257 22.8 1.04 -0.02
417 360.005 132.0 1.06 0.04
418 360.160 86.5 1.03 0.01
419 360.533 172.9 1.04 0.02
420 364.092 127.4 1.08 -0.04
421 364.912 166.1 1.08 -0.02
422 365.876 172.9 1.07 0.01
423 366.049 129.7 1.07 0.02
424 366.395 107.0 1.09 -0.01
425 366.796 118.3 1.11 0.03
426 367.260 136.5 1.09 0.03
427 367.660 175.2 1.12 0.03
428 368.006 113.8 1.12 0.03
429 369.636 113.8 1.14 -0.03
430 370.664 107.0 1.05 0.05
431 372.266 161.6 1.06 -0.05
432 372.712 209.4 1.08 -0.04
433 373.349 154.7 1.10 -0.06
434 374.278 236.7 1.08 -0.14
435 376.298 136.5 1.11 -0.10
436 376.435 118.3 1.17 -0.10
437 377.473 159.3 1.13 -0.18
438 377.691 159.3 1.12 -0.08
439 378.237 109.2 1.12 -0.08
440 379.466 300.4 1.10 -0.02
441 379.703 109.2 1.08 -0.01
442 380.431 102.4 1.12 -0.02
443 380.631 168.4 1.14 -0.02
444 380.849 113.8 1.10 -0.03
445 381.769 61.4 1.14 -0.02
446 382.324 118.3 1.14 -0.03
447 383.425 154.7 1.14 -0.00
448 383.580 136.5 1.12 -0.00
449 384.427 159.3 1.15 0.01
450 384.864 195.7 1.15 0.00
451 385.674 100.1 1.14 -0.03
452 386.020 61.4 1.16 -0.02
453 387.549 141.1 1.14 -0.05
454 388.550 84.2 1.10 0.03
455 388.750 109.2 1.11 0.04
456 388.914 116.1 1.11 0.02
457 389.524 127.4 1.12 0.01
458 389.761 77.4 1.11 0.02
459 389.861 97.8 1.12 0.01
460 393.529 136.5 1.13 -0.05
461 395.213 163.8 1.07 0.01
462 395.495 195.7 1.14 0.02
463 395.695 111.5 1.07 -0.04
464 396.487 50.1 1.10 0.01
465 397.124 264.0 1.13 -0.00
466 397.962 109.2 1.11 -0.02
467 399.436 118.3 1.13 0.01
468 400.547 77.4 1.12 0.02
469 405.471 132.0 1.14 -0.02
470 406.463 134.3 1.11 -0.01
471 406.918 204.8 1.09 0.01
472 410.004 159.3 1.16 0.04
473 410.441 143.4 1.14 -0.02
474 411.642 157.0 1.14 -0.01
475 414.009 132.0 1.12 -0.02
476 416.121 109.2 1.12 -0.02
477 416.721 52.3 1.13 0.00
478 417.286 182.0 1.14 -0.00
479 417.504 127.4 1.11 0.02
480 420.690 175.2 1.12 0.07
481 421.200 52.3 1.09 -0.00
482 421.891 132.0 1.11 0.07
483 422.064 141.1 1.08 0.01
484 422.847 104.7 1.08 -0.01
485 424.003 134.3 1.08 0.03
486 424.376 116.1 1.12 0.04
487 424.877 109.2 1.14 0.01
488 425.023 109.2 1.14 0.01
489 425.396 43.2 1.09 0.03
490 426.734 118.3 1.14 0.00
491 427.207 182.0 1.10 -0.00
492 428.454 118.3 1.13 -0.00
493 430.739 102.4 1.14 -0.01
494 433.579 218.5 1.12 0.04
495 434.025 100.1 1.11 0.02
496 434.880 129.7 1.14 0.02
497 434.990 25.0 1.13 0.01
498 435.481 211.6 1.11 0.02
499 435.663 102.4 1.15 0.02
500 436.646 84.2 1.14 0.01
501 437.301 127.4 1.11 -0.00
502 437.757 118.3 1.12 0.02
503 439.868 81.9 1.17 0.02
504 440.396 118.3 1.17 0.03
505 441.898 150.2 1.09 0.00
506 442.644 120.6 1.09 -0.00
507 443.045 84.2 1.09 -0.01
508 443.500 31.9 1.11 -0.02
509 444.574 100.1 1.09 -0.02
510 444.920 120.6 1.14 -0.01
511 446.012 218.5 1.06 -0.02
512 446.449 107.0 1.08 -0.01
513 447.878 141.1 1.10 0.02
514 448.470 91.0 1.08 0.04
515 448.679 136.5 1.07 0.04
516 448.961 168.4 1.08 0.05
517 449.635 132.0 1.12 0.05
518 450.108 193.4 1.07 0.05
519 451.783 109.2 1.12 0.04
520 452.712 163.8 1.11 0.05
521 453.057 54.6 1.08 0.03
522 453.731 141.1 1.08 0.03
523 454.168 104.7 1.09 0.03
524 454.541 179.8 1.07 0.04
525 455.087 72.8 1.04 0.05
526 455.287 136.5 1.04 0.07
527 456.462 264.0 1.11 0.11
528 456.889 100.1 1.10 0.06
529 457.126 209.4 1.10 0.04
530 459.675 182.0 1.11 0.01
531 459.939 200.2 1.10 0.02
532 460.294 141.1 1.12 0.04
533 460.530 129.7 1.11 0.04
534 462.606 136.5 1.13 0.02
535 463.033 91.0 1.14 0.03
536 463.671 118.3 1.14 0.05
537 464.617 109.2 1.14 0.02
538 464.845 150.2 1.15 0.02
539 465.109 136.5 1.13 -0.00
540 467.512 159.3 1.13 0.05
541 468.240 145.6 1.18 0.03
542 470.352 97.8 1.13 0.07
543 472.026 93.3 1.15 0.07
544 473.747 193.4 1.19 0.07
545 474.903 127.4 1.18 0.07
546 475.695 116.1 1.17 0.09
547 475.886 175.2 1.17 0.09
548 476.842 154.7 1.16 0.05
549 477.679 136.5 1.13 0.06
550 477.897 154.7 1.15 0.08
551 478.799 268.5 1.16 0.07
552 479.563 125.2 1.10 0.01
553 480.118 132.0 1.09 0.02
554 480.910 236.7 1.12 -0.02
555 481.493 145.6 1.10 0.04
556 481.793 68.3 1.07 -0.00
557 482.576 113.8 1.13 0.00
558 484.642 118.3 1.09 -0.01
559 485.034 136.5 1.12 0.02
560 485.407 88.7 1.11 0.00
561 486.098 132.0 1.11 -0.03
562 486.645 241.2 1.10 -0.03
563 486.890 95.6 1.12 -0.05
564 487.700 120.6 1.11 -0.05
565 488.219 70.5 1.08 -0.01
566 489.284 150.2 1.09 -0.01
567 490.258 154.7 1.10 -0.00
568 490.777 100.1 1.07 -0.00
569 492.142 145.6 1.12 0.04
570 492.315 152.5 1.08 -0.00
571 492.716 104.7 1.09 -0.00
572 493.162 118.3 1.09 -0.00
573 494.236 93.3 1.07 0.02
574 495.310 138.8 1.10 0.04
575 495.437 38.7 1.07 0.03
576 496.384 75.1 1.06 0.06
577 496.848 122.9 1.13 0.04
578 498.241 300.4 1.13 0.06
579 499.242 145.6 1.11 0.05
580 499.661 95.6 1.10 0.04
581 499.888 104.7 1.13 0.01
582 500.635 154.7 1.13 0.07
583 500.890 145.6 1.15 0.04
584 501.190 113.8 1.16 0.02
585 501.354 111.5 1.14 0.05
586 501.609 132.0 1.16 0.05
587 502.701 111.5 1.12 0.03
588 503.666 84.2 1.13 0.08
589 504.467 163.8 1.13 0.08
590 507.480 118.3 1.16 0.07
591 509.045 54.6 1.14 0.05
592 509.537 122.9 1.14 0.06
593 510.046 109.2 1.10 0.08
594 510.957 125.2 1.15 0.05
595 511.139 127.4 1.16 0.05
596 511.912 63.7 1.17 0.07
597 512.040 134.3 1.18 0.06
598 513.077 100.1 1.18 0.04
599 513.514 152.5 1.15 0.04
600 517.101 134.3 1.14 0.07
601 519.194 111.5 1.11 0.06
602 519.658 118.3 1.13 0.08
603 520.277 59.2 1.12 0.08
604 520.660 122.9 1.13 0.03
605 520.996 127.4 1.08 0.07
606 521.615 118.3 1.11 0.05
607 522.344 209.4 1.11 0.04
608 522.762 223.0 1.14 0.04
609 522.953 75.1 1.13 0.02
610 526.066 100.1 1.10 0.02
611 526.512 136.5 1.10 0.02
612 526.713 161.6 1.08 -0.00
613 528.770 109.2 1.09 0.05
614 529.571 127.4 1.04 0.08
615 530.891 172.9 1.06 0.04
616 531.100 100.1 1.08 0.02
617 533.312 120.6 1.10 0.04
618 533.612 109.2 1.12 0.03
619 533.967 86.5 1.05 0.03
620 534.349 157.0 1.13 0.03
621 534.841 100.1 1.16 0.05
622 535.123 141.1 1.12 0.05
623 537.271 84.2 1.10 0.04
624 539.374 102.4 1.14 0.05
625 539.529 104.7 1.18 0.05
626 539.683 102.4 1.17 0.05
627 539.874 145.6 1.15 0.05
628 542.023 141.1 1.19 0.06
629 543.433 152.5 1.16 0.06
630 543.625 100.1 1.18 0.06
631 545.673 154.7 1.16 0.08
632 546.191 118.3 1.16 0.07
633 546.464 163.8 1.15 0.07
634 546.801 104.7 1.16 0.09
635 546.938 50.1 1.14 0.09
636 548.194 34.1 1.16 0.06
637 549.586 109.2 1.15 0.06
638 550.833 163.8 1.15 0.07
639 552.590 111.5 1.12 0.08
640 555.412 109.2 1.14 0.08
641 556.349 91.0 1.15 0.09
642 557.342 229.8 1.13 0.08
643 558.234 227.6 1.15 0.04
644 558.789 204.8 1.16 0.05
645 559.171 127.4 1.13 0.05
646 560.700 84.2 1.12 0.04
647 561.501 77.4 1.11 0.05
648 561.565 61.4 1.15 0.05
649 561.647 70.5 1.13 0.06
650 562.057 136.5 1.10 0.06
651 562.421 143.4 1.12 0.05
652 564.086 273.1 1.10 0.02
653 565.716 213.9 1.11 0.07
654 566.344 182.0 1.10 0.08
655 566.535 116.1 1.09 0.08
656 568.801 143.4 1.19 0.05
657 569.284 81.9 1.08 0.04
658 570.813 145.6 1.16 0.04
659 571.286 134.3 1.13 0.04
660 571.459 97.8 1.14 0.04
661 572.724 143.4 1.15 0.05
662 573.653 86.5 1.11 0.02
663 574.472 100.1 1.10 0.01
664 574.672 41.0 1.11 -0.01
665 575.309 234.4 1.13 0.01
666 578.067 72.8 1.12 0.02
667 578.841 100.1 1.14 0.02
668 579.323 104.7 1.13 0.00
669 579.424 54.6 1.12 -0.00
670 580.461 145.6 1.12 -0.01
671 581.535 154.7 1.11 0.00
672 582.163 109.2 1.10 -0.01
673 582.600 163.8 1.13 -0.01
674 583.092 113.8 1.12 -0.01
675 584.566 118.3 1.13 0.04
676 585.741 75.1 1.09 -0.01
677 586.569 154.7 1.10 -0.02
678 587.606 127.4 1.13 0.02
679 588.216 355.0 1.12 -0.02
680 589.154 136.5 1.13 -0.03
681 589.627 109.2 1.09 -0.05
682 590.310 127.4 1.11 -0.03
683 590.492 159.3 1.12 -0.04
684 591.020 150.2 1.10 -0.04
685 592.312 182.0 1.05 -0.07
686 592.576 218.5 1.09 -0.05
687 593.268 109.2 1.07 -0.08
688 593.432 91.0 1.10 -0.06
689 594.633 127.4 1.05 -0.08
690 595.689 145.6 1.05 -0.11
691 596.072 182.0 1.09 -0.07
692 596.354 113.8 1.09 -0.11
693 596.882 68.3 1.11 -0.12
694 598.019 111.5 1.13 -0.09
695 598.529 104.7 1.16 -0.07
696 599.667 95.6 1.09 -0.09
697 600.741 129.7 1.13 -0.03
698 601.815 132.0 1.12 -0.02
699 602.907 145.6 1.16 -0.04
700 607.158 168.4 1.13 0.05
701 608.177 136.5 1.14 0.01
702 609.242 191.1 1.17 -0.06
703 610.471 111.5 1.14 -0.08
704 611.791 104.7 1.12 -0.03
705 612.037 157.0 1.09 -0.03
706 612.301 177.5 1.13 -0.01
707 613.957 182.0 1.14 -0.00
708 615.086 47.8 1.09 -0.02
709 616.561 182.0 1.13 0.00
710 621.039 120.6 1.13 -0.00
711 621.239 109.2 1.12 -0.00
712 623.142 118.3 1.13 0.00
713 623.651 86.5 1.10 -0.01
714 624.844 141.1 1.15 0.00
715 625.099 118.3 1.14 0.00
716 625.344 68.3 1.10 -0.01
717 625.590 68.3 1.14 -0.02
718 626.336 227.6 1.15 -0.01
719 627.474 223.0 1.16 0.02
720 628.749 118.3 1.17 0.02
721 629.322 143.4 1.14 0.02
722 629.968 97.8 1.15 0.04
723 630.050 31.9 1.11 0.04
724 631.998 182.0 1.14 0.04
725 632.198 84.2 1.15 0.04
726 632.608 168.4 1.12 0.02
727 632.899 109.2 1.15 0.03
728 633.145 109.2 1.16 -0.00
729 633.700 172.9 1.15 0.04
730 634.692 159.3 1.11 0.01
731 636.895 100.1 1.12 0.01
732 638.069 150.2 1.13 -0.02
733 638.360 163.8 1.12 -0.02
734 641.874 97.8 1.04 -0.02
735 642.101 145.6 1.06 0.02
736 643.185 120.6 1.04 0.03
737 643.449 200.2 1.09 0.03
738 644.450 113.8 1.12 0.04
739 646.243 154.7 1.07 0.07
740 647.472 104.7 1.09 0.05
741 648.091 84.2 1.10 0.03
742 649.156 250.3 1.12 0.04
743 650.994 236.7 1.12 0.04
744 651.176 86.5 1.08 0.07
745 651.368 195.7 1.11 0.06
746 651.677 113.8 1.10 0.05
747 651.950 66.0 1.15 0.03
748 653.434 109.2 1.13 0.03
749 653.907 191.1 1.10 0.05
750 654.335 109.2 1.10 0.03
751 654.681 141.1 1.09 0.04
752 655.218 104.7 1.12 0.00
753 655.363 166.1 1.10 -0.02
754 655.709 182.0 1.13 -0.05
755 656.647 157.0 1.14 -0.02
756 657.475 109.2 1.15 -0.02
757 658.749 109.2 1.13 -0.00
758 658.950 154.7 1.12 0.01
759 659.960 159.3 1.16 -0.00
760 660.716 172.9 1.13 -0.01
761 662.163 84.2 1.13 0.03
762 662.882 220.7 1.09 0.05
763 666.432 172.9 1.08 0.01
764 667.433 122.9 1.09 -0.00
765 671.356 125.2 1.04 0.02
766 673.031 127.4 1.05 -0.00
767 673.659 127.4 1.06 0.03
768 674.442 170.7 1.03 0.06
769 674.879 100.1 1.03 0.08
770 675.179 145.6 1.01 0.09
771 678.256 193.4 1.06 0.08
772 680.276 118.3 1.05 0.06
773 680.786 209.4 1.06 0.07
774 682.761 122.9 1.08 0.04
775 685.182 145.6 1.08 0.00
776 687.522 182.0 1.10 0.02
777 687.767 97.8 1.08 0.02
778 687.913 91.0 1.10 0.02
779 688.141 109.2 1.08 0.01
780 688.468 129.7 1.07 0.01
781 689.269 168.4 1.08 -0.00
782 689.733 127.4 1.09 0.03
783 690.735 81.9 1.09 0.05
784 691.263 127.4 1.09 0.06
785 693.129 116.1 1.09 -0.01
786 694.339 152.5 1.07 0.01
787 694.630 84.2 1.07 0.03
788 696.178 336.8 1.07 -0.00
789 696.615 138.8 1.08 0.01
790 697.024 77.4 1.10 0.00
791 697.643 191.1 1.08 0.00
792 698.089 97.8 1.06 0.05
793 698.326 95.6 1.06 0.01
794 698.644 43.2 1.07 0.03
795 698.827 52.3 1.07 0.02
796 699.200 104.7 1.06 0.03
797 699.464 118.3 1.08 0.03
798 699.673 100.1 1.06 0.02
799 701.685 91.0 1.06 0.02
800 702.012 172.9 1.12 0.04
801 702.577 122.9 1.10 0.04
802 703.942 200.2 1.08 0.04
803 704.297 145.6 1.07 0.02
804 704.497 122.9 1.10 0.05
805 705.935 154.7 1.10 0.04
806 706.718 100.1 1.08 0.05
807 707.091 100.1 1.09 0.05
808 707.556 177.5 1.09 0.04
809 708.202 202.5 1.07 0.05
810 709.467 50.1 1.03 0.03
811 710.459 86.5 1.07 0.02
812 710.714 95.6 1.07 0.04
813 710.914 163.8 1.09 0.05
814 711.906 118.3 1.07 0.04
815 712.607 47.8 1.06 0.03
816 713.208 145.6 1.05 0.04
817 714.373 127.4 1.06 0.06
818 715.657 104.7 1.09 0.07
819 716.039 107.0 1.08 0.07
820 717.996 261.7 1.10 0.09
821 718.342 254.9 1.08 0.09
822 718.997 154.7 1.06 0.10
823 719.980 100.1 1.04 0.08
824 723.375 118.3 1.08 0.06
825 723.794 100.1 1.09 0.06
826 724.859 61.4 1.08 0.07
827 724.977 77.4 1.07 0.08
828 726.843 125.2 1.06 0.05
829 728.318 104.7 1.08 0.06
830 728.545 172.9 1.08 0.08
831 730.184 132.0 1.09 0.09
832 730.721 109.2 1.10 0.05
833 731.012 104.7 1.10 0.06
834 731.531 93.3 1.03 0.08
835 731.886 154.7 1.06 0.09
836 732.705 147.9 1.05 0.01
837 732.996 154.7 1.06 -0.00
838 735.618 59.2 1.07 0.04
839 735.827 100.1 1.08 0.04
840 736.610 172.9 1.08 0.02
841 737.620 213.9 1.08 0.04
842 737.811 150.2 1.05 0.04
843 738.139 118.3 1.09 0.03
844 738.403 79.6 1.05 0.05
845 738.958 127.4 1.09 0.04
846 739.368 132.0 1.06 0.05
847 740.487 122.9 1.07 0.05
848 740.924 113.8 1.10 0.06
849 741.452 182.0 1.09 0.05
850 742.408 177.5 1.07 0.05
851 742.672 163.8 1.07 0.06
852 742.972 136.5 1.07 0.05
853 743.446 109.2 1.07 0.05
854 743.946 154.7 1.10 0.05
855 744.947 86.5 1.07 0.01
856 745.803 109.2 1.10 0.00
857 747.906 107.0 1.10 -0.03
858 748.115 113.8 1.11 -0.03
859 749.499 63.7 1.09 -0.01
860 749.963 104.7 1.09 0.00
861 750.236 34.1 1.11 -0.01
862 751.091 150.2 1.11 -0.01
863 751.610 163.8 1.11 0.01
864 752.111 218.5 1.09 -0.01
865 752.521 136.5 1.08 -0.00
866 752.766 191.1 1.07 -0.01
867 754.641 182.0 1.10 -0.01
868 754.869 95.6 1.09 -0.00
869 755.115 154.7 1.09 -0.00
870 756.116 100.1 1.08 -0.00
871 756.353 134.3 1.08 0.01
872 756.853 204.8 1.06 0.00
873 758.965 54.6 1.14 0.02
874 759.766 109.2 1.13 0.01
875 762.988 86.5 1.11 0.03
876 763.853 91.0 1.10 0.02
877 764.253 159.3 1.11 0.01
878 764.636 125.2 1.10 0.05
879 765.082 159.3 1.11 0.06
880 765.291 127.4 1.11 0.03
881 765.664 95.6 1.12 0.04
882 766.602 182.0 1.15 0.05
883 766.875 93.3 1.18 0.03
884 767.230 79.6 1.14 0.04
885 769.897 127.4 1.16 0.03
886 770.406 104.7 1.15 0.03
887 771.362 66.0 1.15 0.01
888 771.990 104.7 1.17 -0.00
889 772.427 141.1 1.14 -0.00
890 772.973 54.6 1.13 -0.00
891 773.729 59.2 1.14 -0.02
892 773.811 88.7 1.12 -0.03
893 773.993 177.5 1.13 -0.02
894 776.068 202.5 1.10 0.01
895 776.978 116.1 1.11 0.01
896 777.151 91.0 1.10 0.02
897 779.955 107.0 1.03 -0.01
898 780.892 109.2 1.04 -0.01
899 781.784 200.2 1.10 -0.02
900 782.967 127.4 1.08 0.01
901 783.450 91.0 1.09 0.03
902 784.123 102.4 1.06 0.07
903 784.397 129.7 1.08 0.07
904 785.625 113.8 1.11 0.06
905 786.372 95.6 1.09 0.06
906 788.957 93.3 1.06 0.04
907 789.421 136.5 1.06 0.03
908 791.250 198.0 1.05 0.11
909 791.687 125.2 1.04 0.13
910 795.001 168.4 1.05 0.10
911 795.110 43.2 1.05 0.11
912 795.501 229.8 1.05 0.05
913 796.839 172.9 1.04 0.03
914 799.197 118.3 1.09 0.05
915 799.506 182.0 1.10 0.05
916 801.500 161.6 1.09 0.07
917 802.109 93.3 1.11 0.07
918 803.020 191.1 1.11 0.06
919 803.202 81.9 1.10 0.06
920 803.457 186.6 1.11 0.05
921 805.104 91.0 1.13 0.03
922 805.787 122.9 1.11 0.04
923 806.051 127.4 1.11 0.05
924 806.215 109.2 1.12 0.02
925 806.424 143.4 1.16 0.03
926 806.742 172.9 1.13 0.04
927 807.243 109.2 1.12 0.03
928 807.398 84.2 1.13 0.02
929 807.671 145.6 1.13 0.01
930 808.454 118.3 1.14 0.01
931 809.473 54.6 1.15 0.04
932 810.729 141.1 1.13 0.01
933 811.448 116.1 1.13 0.02
934 811.694 111.5 1.17 0.04
935 811.776 34.1 1.15 0.05
936 812.268 257.1 1.15 0.07
937 813.569 129.7 1.14 0.04
938 814.698 132.0 1.16 0.06
939 814.862 125.2 1.15 0.07
940 815.271 154.7 1.14 0.07
941 815.617 245.8 1.16 0.09
942 816.737 145.6 1.16 0.08
943 817.037 127.4 1.08 0.03
944 817.456 129.7 1.12 0.04
945 817.656 97.8 1.13 0.05
946 817.902 109.2 1.16 0.03
947 818.248 75.1 1.11 0.04
948 818.657 136.5 1.15 0.06
949 820.132 145.6 1.16 0.01
950 820.906 118.3 1.14 -0.01
951 821.242 113.8 1.13 -0.01
952 822.762 118.3 1.12 0.02
953 826.239 79.6 1.13 0.01
954 826.458 104.7 1.11 -0.00
955 827.769 154.7 1.11 -0.00
956 829.917 122.9 1.14 0.04
957 830.781 198.0 1.13 0.03
958 830.918 113.8 1.15 0.03
959 831.036 159.3 1.13 0.01
960 831.664 91.0 1.13 0.02
961 831.910 127.4 1.14 0.04
962 835.587 70.5 1.14 0.04
963 836.425 229.8 1.13 0.03
964 837.016 116.1 1.11 0.04
965 837.481 134.3 1.17 0.05
966 838.009 109.2 1.11 0.05
967 839.720 120.6 1.13 0.03
968 841.577 191.1 1.08 0.01
969 843.370 109.2 1.14 -0.01
970 843.606 145.6 1.13 -0.02
971 844.216 136.5 1.14 0.01
972 846.264 118.3 1.14 0.03
973 847.211 150.2 1.14 0.03
974 848.321 100.1 1.14 -0.02
975 848.777 182.0 1.16 -0.02
976 849.541 195.7 1.15 -0.01
977 850.979 163.8 1.16 -0.03
978 851.544 191.1 1.16 0.03
979 851.862 270.8 1.16 0.03
980 852.290 234.4 1.17 0.03
981 852.609 127.4 1.18 -0.00
982 854.729 143.4 1.19 0.03
983 855.184 163.8 1.18 0.02
984 855.731 136.5 1.18 0.03
985 856.322 170.7 1.18 0.03
986 856.814 152.5 1.16 0.02
987 859.945 109.2 1.19 0.05
988 860.191 125.2 1.16 0.05
989 861.410 59.2 1.13 0.06
990 861.875 118.3 1.16 0.02
991 862.321 104.7 1.11 0.05
992 863.358 111.5 1.15 0.00
993 864.451 182.0 1.15 0.03
994 864.824 100.1 1.09 0.05
995 865.006 84.2 1.14 0.05
996 865.070 56.9 1.13 0.02
997 866.772 61.4 1.12 0.03
998 867.199 100.1 1.12 0.02
999 868.956 145.6 1.15 0.03
1000 870.895 109.2 1.13 0.01
1001 873.034 191.1 1.14 0.02
1002 874.372 191.1 1.11 0.05
1003 877.321 109.2 1.08 -0.00
1004 877.458 86.5 1.08 -0.00
1005 879.633 120.6 1.11 0.00
1006 879.779 72.8 1.09 0.01
1007 880.170 166.1 1.07 0.01
1008 880.398 136.5 1.10 0.02
1009 882.919 77.4 1.07 0.02
1010 883.793 111.5 1.10 0.02
1011 884.029 93.3 1.06 0.03
1012 884.339 88.7 1.09 0.02
1013 884.539 118.3 1.07 0.02
1014 885.677 182.0 1.06 0.01
1015 886.205 93.3 1.09 -0.01
1016 886.696 209.4 1.09 -0.01
1017 887.024 118.3 1.09 -0.01
1018 888.426 204.8 1.11 0.01
1019 889.263 182.0 1.09 0.05
1020 890.101 159.3 1.09 0.03
1021 890.355 259.4 1.08 0.05
1022 891.803 154.7 1.10 0.05
1023 892.840 109.2 1.07 0.04
1024 893.660 86.5 1.07 0.02
1025 894.424 200.2 1.08 0.01
1026 895.717 227.6 1.10 -0.00
1027 896.044 109.2 1.08 -0.01
1028 896.545 209.4 1.08 -0.03
1029 897.419 188.9 1.07 -0.01
1030 898.593 95.6 1.09 0.02
1031 899.339 209.4 1.10 0.02
1032 899.722 97.8 1.11 0.02
1033 899.977 145.6 1.10 0.00
1034 900.477 118.3 1.10 0.03
1035 901.233 127.4 1.09 0.01
1036 901.387 132.0 1.09 0.01
1037 901.842 113.8 1.08 0.00
1038 902.816 109.2 1.11 -0.02
1039 907.149 193.4 1.11 0.05
1040 907.804 118.3 1.09 0.01
1041 908.387 107.0 1.11 0.04
1042 908.578 104.7 1.11 0.04
1043 908.869 161.6 1.08 0.02
1044 909.106 84.2 1.09 0.04
1045 909.470 113.8 1.13 0.01
1046 910.881 163.8 1.17 -0.00
1047 911.036 109.2 1.16 -0.00
1048 912.128 109.2 1.15 0.04
1049 912.228 77.4 1.14 0.03
1050 913.366 145.6 1.12 0.04
1051 913.657 97.8 1.13 0.04
1052 914.085 172.9 1.10 0.05
1053 914.822 41.0 1.10 0.05
1054 915.678 66.0 1.13 0.01
1055 915.751 43.2 1.11 0.00
1056 917.371 218.5 1.07 -0.01
1057 917.953 118.3 1.11 0.04
1058 919.009 118.3 1.08 0.03
1059 921.321 127.4 1.11 0.00
1060 922.095 109.2 1.11 0.01
1061 922.941 113.8 1.12 0.03
1062 923.697 136.5 1.13 0.02
1063 923.997 136.5 1.13 0.01
1064 924.744 134.3 1.17 0.01
1065 925.035 209.4 1.15 0.02
1066 925.545 116.1 1.10 0.02
1067 927.356 104.7 1.10 0.03
1068 927.975 191.1 1.10 0.04
1069 928.330 107.0 1.10 0.06
1070 928.585 109.2 1.08 0.06
1071 928.794 93.3 1.13 0.06
1072 931.152 97.8 1.10 0.05
1073 932.899 141.1 1.10 -0.01
1074 933.837 236.7 1.09 0.01
1075 935.284 132.0 1.13 0.02
1076 935.757 109.2 1.10 0.03
1077 936.030 241.2 1.12 0.05
1078 936.294 86.5 1.10 0.03
1079 937.632 150.2 1.06 0.04
1080 939.498 163.8 1.06 -0.00
1081 940.263 186.6 1.08 -0.01
1082 942.548 218.5 1.08 -0.01
1083 942.739 163.8 1.08 -0.01
1084 943.057 134.3 1.09 -0.03
1085 943.349 104.7 1.05 0.00
1086 943.613 113.8 1.08 -0.03
1087 944.577 227.6 1.09 -0.04
1088 945.224 154.7 1.09 -0.01
1089 945.570 127.4 1.07 -0.03
1090 946.625 59.2 1.04 -0.00
1091 947.308 147.9 1.04 -0.00
1092 947.426 61.4 1.03 0.01
1093 948.209 127.4 1.05 0.06
1094 948.737 168.4 1.04 0.03
1095 949.256 163.8 1.04 0.02
1096 949.520 132.0 1.04 0.01
1097 950.457 141.1 1.03 0.00
1098 952.160 145.6 1.08 -0.02
1099 953.070 25.0 1.06 -0.01
1100 953.316 95.6 1.01 -0.02
1101 953.980 191.1 1.06 0.02
1102 955.154 134.3 1.01 0.04
1103 955.618 136.5 1.08 0.06
1104 955.828 159.3 1.09 0.06
1105 956.101 184.3 1.07 0.05
1106 956.438 113.8 1.07 0.06
1107 956.656 186.6 1.07 0.06
1108 957.912 120.6 1.04 0.03
1109 959.341 172.9 1.05 0.05
1110 961.553 127.4 1.09 0.03
1111 961.726 132.0 1.09 0.03
1112 961.844 84.2 1.08 0.03
1113 961.972 191.1 1.06 0.01
1114 962.163 138.8 1.08 0.02
1115 962.372 75.1 1.07 0.02
1116 963.947 122.9 1.07 0.01
1117 964.866 161.6 1.06 0.04
1118 965.094 95.6 1.06 0.01
1119 969.217 218.5 1.06 0.06
1120 969.536 127.4 1.05 0.05
1121 969.672 111.5 1.07 0.05
1122 969.863 150.2 1.06 0.07
1123 971.056 184.3 1.06 0.05
1124 972.849 68.3 1.05 0.06
1125 974.050 120.6 1.06 0.07
1126 975.416 125.2 1.08 0.05
1127 977.000 111.5 1.11 0.03
1128 977.746 245.8 1.09 0.06
1129 978.602 154.7 1.06 0.02
1130 978.966 100.1 1.04 0.03
1131 979.439 286.7 1.09 0.06
1132 980.031 125.2 1.10 0.01
1133 980.513 168.4 1.05 0.09
1134 983.435 145.6 1.08 0.05
1135 983.881 188.9 1.09 0.04
1136 985.583 132.0 1.08 0.02
1137 986.275 118.3 1.10 0.05
1138 986.748 120.6 1.08 0.05
1139 988.132 127.4 1.08 0.02
1140 988.359 95.6 1.07 0.02
1141 988.760 225.3 1.08 0.03
1142 989.415 161.6 1.03 0.02
1143 989.706 254.9 1.05 0.03
1144 989.979 91.0 1.06 0.03
1145 990.343 86.5 1.07 0.03
1146 991.381 56.9 1.11 0.04
1147 993.338 138.8 1.06 0.03
1148 994.021 172.9 1.08 0.05
1149 994.266 141.1 1.04 0.06
1150 995.504 145.6 1.10 0.07
1151 995.768 161.6 1.07 0.07
1152 996.205 95.6 1.09 0.07
1153 996.870 31.9 1.05 0.06
1154 997.106 216.2 1.04 0.06
1155 999.600 143.4 1.05 0.06
1156 999.883 109.2 1.04 0.06
1157 1000.720 118.3 1.06 0.03
1158 1001.011 134.3 1.06 0.03
1159 1002.176 134.3 1.05 0.01
1160 1003.432 163.8 1.03 0.02
1161 1003.733 147.9 1.04 0.01
1162 1003.869 100.1 1.03 0.01
1163 1003.915 43.2 1.03 0.02
1164 1004.370 102.4 1.03 0.02
1165 1005.317 84.2 1.03 0.04
1166 1005.417 43.2 1.08 0.03
1167 1006.345 120.6 1.06 0.04
1168 1006.919 109.2 1.08 0.03
1169 1007.219 100.1 1.08 0.02
1170 1008.238 125.2 1.08 0.05
1171 1009.886 95.6 1.02 0.04
1172 1010.177 136.5 1.08 0.06
1173 1010.478 132.0 1.06 0.06
1174 1011.351 75.1 1.07 0.07
1175 1011.606 111.5 1.11 0.08
1176 1012.025 157.0 1.05 0.09
1177 1012.325 127.4 1.06 0.06
1178 1012.808 118.3 1.04 0.05
1179 1013.044 84.2 1.04 0.07
1180 1013.618 236.7 1.01 0.05
1181 1013.873 127.4 1.04 0.02
1182 1014.173 84.2 1.01 0.01
1183 1014.346 100.1 1.01 0.01
1184 1014.583 209.4 1.02 0.00
1185 1016.867 138.8 1.08 0.03
1186 1018.460 152.5 1.06 0.07
1187 1019.598 145.6 1.06 0.06
1188 1019.917 56.9 1.05 0.07
1189 1019.989 54.6 1.04 0.07
1190 1020.208 109.2 1.06 0.06
1191 1021.992 91.0 1.05 0.06
1192 1022.438 191.1 1.06 0.08
1193 1022.674 91.0 1.05 0.07
1194 1022.893 154.7 1.06 0.08
1195 1023.394 227.6 1.01 0.06
1196 1024.113 182.0 1.04 0.07
1197 1024.641 170.7 1.04 0.05
1198 1025.305 118.3 1.02 0.07
1199 1025.442 100.1 1.02 0.06
1200 1026.133 136.5 1.02 0.04
1201 1026.379 136.5 1.03 0.05
1202 1027.608 113.8 1.02 0.04
1203 1028.773 182.0 1.04 0.04
1204 1029.692 127.4 1.08 0.04
1205 1034.152 143.4 1.13 0.00
1206 1034.617 118.3 1.13 0.00
1207 1035.090 191.1 1.08 0.00
1208 1035.991 84.2 1.14 -0.00
1209 1036.919 154.7 1.04 0.03
1210 1037.156 122.9 0.99 0.05
1211 1039.068 147.9 1.01 0.04
1212 1040.424 213.9 1.02 0.07
1213 1041.753 184.3 1.05 0.03
1214 1041.826 188.9 1.08 0.03
1215 1043.391 218.5 1.05 0.00
1216 1044.229 100.1 1.14 -0.01
1217 1046.204 154.7 1.12 0.00
1218 1046.987 109.2 1.12 0.03
1219 1048.143 118.3 1.07 0.06
1220 1048.552 132.0 1.08 0.05
1221 1048.761 168.4 1.08 0.05
1222 1049.207 145.6 1.07 0.05
1223 1049.553 38.7 1.03 0.07
1224 1051.792 109.2 1.09 -0.06
1225 1054.933 145.6 1.05 -0.11
1226 1055.615 147.9 1.08 -0.07
1227 1057.927 154.7 0.97 -0.08
1228 1058.319 284.4 1.10 -0.08
1229 1059.147 100.1 1.10 -0.02
1230 1059.730 97.8 1.08 -0.03
1231 1060.294 172.9 1.11 0.02
1232 1061.395 172.9 1.10 0.01
1233 1062.597 136.5 1.10 0.04
1234 1063.753 122.9 1.08 0.00
1235 1063.944 129.7 1.11 0.00
1236 1064.690 109.2 1.08 0.03
1237 1064.936 122.9 1.11 0.03
1238 1065.409 118.3 1.07 0.01
1239 1066.902 136.5 1.07 -0.00
1240 1069.041 127.4 1.06 0.00
1241 1069.214 118.3 1.12 0.00
1242 1069.414 91.0 1.08 0.03
1243 1070.771 100.1 1.09 -0.02
1244 1074.266 118.3 1.13 0.01
1245 1075.467 118.3 1.08 0.03
1246 1076.532 118.3 1.08 -0.00
1247 1079.136 93.3 1.12 0.02
1248 1079.445 118.3 1.10 0.02
1249 1079.991 118.3 1.11 0.04
1250 1081.475 141.1 1.04 0.07
1251 1082.776 200.2 1.02 0.00
1252 1084.096 266.2 1.03 0.00
1253 1084.879 213.9 1.07 0.05
1254 1085.644 177.5 1.04 0.03
1255 1085.935 227.6 1.05 0.03
1256 1086.372 279.9 1.10 -0.00
1257 1089.831 118.3 1.09 0.05
1258 1090.559 182.0 1.10 0.04
1259 1093.827 136.5 1.08 0.01
1260 1094.045 147.9 1.08 0.02
1261 1094.391 95.6 1.10 0.01
1262 1094.555 118.3 1.10 0.01
1263 1094.901 132.0 1.08 0.03
1264 1095.638 145.6 1.09 0.01
1265 1096.767 81.9 1.08 0.00
1266 1097.258 41.0 1.10 0.01
1267 1098.687 182.0 1.09 -0.02
1268 1099.124 104.7 1.08 -0.03
1269 1099.470 100.1 1.09 -0.04
1270 1100.134 145.6 1.08 -0.02
1271 1103.584 93.3 1.05 0.01
1272 1103.930 127.4 1.06 0.05
1273 1104.449 227.6 1.04 0.03
1274 1105.468 163.8 1.04 0.02
1275 1105.841 104.7 1.06 0.03
1276 1106.069 118.3 1.08 0.03
1277 1106.178 72.8 1.05 0.01
1278 1107.061 118.3 1.09 0.04
1279 1111.030 200.2 1.10 0.01
1280 1111.430 172.9 1.11 0.01
1281 1111.794 84.2 1.12 0.04
1282 1112.477 93.3 1.14 0.03
1283 1113.742 182.0 1.11 0.04
1284 1114.926 172.9 1.11 0.03
1285 1115.280 104.7 1.06 0.02
1286 1116.418 188.9 1.05 0.04
1287 1116.600 86.5 1.04 0.02
1288 1117.511 211.6 1.09 0.01
1289 1117.820 127.4 1.07 0.03
1290 1119.158 100.1 1.03 0.05
1291 1119.449 191.1 1.01 0.01
1292 1119.759 209.4 1.03 0.02
1293 1120.451 88.7 1.02 0.01
1294 1120.660 147.9 1.01 0.01
1295 1120.833 109.2 1.04 0.02
1296 1123.272 136.5 1.09 0.05
1297 1123.436 111.5 1.09 0.02
1298 1124.237 136.5 1.04 0.00
1299 1124.774 97.8 1.07 -0.00
1300 1125.156 143.4 1.13 0.03
1301 1126.358 188.9 1.11 0.03
1302 1129.016 102.4 1.08 0.02
1303 1129.271 179.8 1.05 0.02
1304 1129.489 186.6 1.08 -0.00
1305 1130.518 127.4 1.05 0.03
1306 1130.854 236.7 1.07 0.03
1307 1131.573 179.8 1.02 0.06
1308 1132.393 109.2 1.05 -0.01
1309 1133.403 154.7 0.98 0.08
1310 1133.949 118.3 1.04 0.00
1311 1135.132 163.8 1.07 -0.01
1312 1136.534 100.1 0.99 0.05
1313 1136.935 132.0 1.06 -0.02
1314 1138.518 145.6 1.04 0.06
1315 1140.066 127.4 1.00 0.06
1316 1140.612 145.6 1.01 0.07
1317 1140.940 109.2 1.03 0.11
1318 1142.633 145.6 1.02 0.09
1319 1143.215 223.0 1.04 0.13
1320 1143.725 104.7 1.04 0.14
1321 1144.071 116.1 1.05 0.15
1322 1144.226 109.2 1.07 0.13
1323 1146.274 70.5 1.04 0.05
1324 1146.565 100.1 1.03 0.02
1325 1146.783 86.5 1.05 0.06
1326 1148.240 177.5 1.04 0.06
1327 1148.513 159.3 0.97 0.06
1328 1150.406 152.5 1.05 0.06
1329 1150.715 170.7 0.99 0.02
1330 1151.708 172.9 0.95 0.03
1331 1152.390 136.5 0.98 0.06
1332 1155.740 236.7 1.00 0.09
1333 1156.932 56.9 1.01 0.07
1334 1157.296 145.6 0.98 0.06
1335 1158.643 116.1 1.04 -0.00
1336 1160.136 118.3 1.02 0.01
1337 1160.309 127.4 1.02 0.01
1338 1160.892 154.7 1.04 0.01
1339 1161.119 118.3 1.03 0.01
1340 1162.885 127.4 1.06 0.02
1341 1163.713 100.1 1.04 0.02
1342 1164.087 172.9 1.00 0.05
1343 1164.432 118.3 1.01 0.02
1344 1165.862 95.6 1.05 0.05
1345 1166.244 109.2 1.00 0.03
1346 1166.653 136.5 1.00 0.05
1347 1167.454 79.6 1.04 0.04
1348 1167.773 198.0 1.03 0.04
1349 1171.059 145.6 0.98 0.02
1350 1171.678 61.4 1.03 0.01
1351 1172.452 200.2 1.00 0.03
1352 1172.597 79.6 1.05 0.01
1353 1172.834 116.1 0.98 0.03
1354 1173.143 109.2 0.98 0.01
1355 1173.926 100.1 1.03 0.04
1356 1174.126 147.9 1.02 0.04
1357 1174.354 118.3 1.03 0.06
1358 1174.718 109.2 1.04 0.06
1359 1175.091 145.6 1.04 0.06
1360 1177.248 163.8 1.08 0.05
1361 1177.876 93.3 1.09 0.10
1362 1178.850 120.6 1.08 0.09
1363 1179.943 116.1 1.09 0.08
1364 1181.017 266.2 1.09 0.09
1365 1182.054 109.2 1.06 0.06
1366 1182.619 127.4 1.07 0.07
1367 1183.784 227.6 1.08 0.08
1368 1185.841 116.1 1.06 0.06
1369 1185.977 68.3 1.04 0.10
1370 1186.150 127.4 1.08 0.09
1371 1186.778 209.4 1.04 0.06
1372 1187.980 172.9 1.06 0.09
1373 1188.681 129.7 1.02 0.06
1374 1190.092 195.7 1.04 0.06
1375 1190.884 70.5 1.07 0.06
1376 1191.166 209.4 1.07 0.05
1377 1192.941 270.8 1.07 0.08
1378 1193.332 213.9 1.09 0.07
1379 1193.596 100.1 1.09 0.08
1380 1193.851 109.2 1.09 0.06
1381 1194.970 211.6 1.08 0.03
1382 1196.754 118.3 1.06 0.04
1383 1197.301 209.4 1.06 0.06
1384 1197.956 118.3 1.05 0.04
1385 1198.165 159.3 1.06 0.05
1386 1198.329 116.1 1.07 0.05
1387 1199.840 118.3 1.06 0.05
1388 1200.468 182.0 1.04 0.03
1389 1200.850 200.2 1.05 0.03
1390 1201.269 100.1 1.04 0.04
1391 1201.715 118.3 1.03 0.05
1392 1202.580 291.3 1.04 0.05
1393 1203.290 100.1 1.06 0.04
1394 1206.685 177.5 1.05 0.06
1395 1207.067 227.6 1.05 0.06
1396 1207.450 257.1 1.07 0.06
1397 1211.737 350.4 1.00 0.06
1398 1215.205 91.0 1.01 0.03
1399 1216.443 161.6 1.01 0.07
1400 1217.225 159.3 1.00 0.08
1401 1217.835 81.9 1.04 0.08
1402 1218.609 122.9 1.02 0.05
1403 1218.791 150.2 1.03 0.02
1404 1220.247 213.9 1.03 0.06
1405 1221.567 170.7 1.07 0.07
1406 1221.795 193.4 1.07 0.09
1407 1222.077 163.8 1.06 0.06
1408 1222.605 68.3 1.07 0.02
1409 1223.042 109.2 1.05 0.02
1410 1223.752 125.2 1.07 0.03
1411 1225.199 127.4 1.08 0.01
1412 1226.746 145.6 1.09 0.05
1413 1227.711 145.6 1.10 0.05
1414 1228.758 136.5 1.05 0.07
1415 1229.177 147.9 1.11 0.07
1416 1229.814 172.9 1.06 0.06
1417 1231.998 116.1 1.12 0.07
1418 1232.326 145.6 1.11 0.07
1419 1232.645 168.4 1.12 0.07
1420 1233.091 145.6 1.11 0.06
1421 1233.573 245.8 1.11 0.06
1422 1235.539 75.1 1.13 0.05
1423 1236.176 159.3 1.15 0.04
1424 1237.578 172.9 1.12 0.03
1425 1238.525 129.7 1.15 0.05
1426 1238.816 113.8 1.14 0.04
1427 1240.536 172.9 1.12 0.08
1428 1242.466 122.9 1.10 0.08
1429 1242.648 107.0 1.10 0.10
1430 1244.423 109.2 1.09 0.10
1431 1244.587 63.7 1.07 0.11
1432 1245.215 182.0 1.10 0.10
1433 1245.743 122.9 1.10 0.11
1434 1245.879 111.5 1.08 0.10
1435 1247.026 118.3 1.11 0.09
1436 1247.490 109.2 1.07 0.10
1437 1248.137 177.5 1.06 0.09
1438 1249.274 118.3 1.05 0.08
1439 1250.767 182.0 1.06 0.05
1440 1251.104 100.1 1.12 0.05
1441 1251.359 86.5 1.10 0.05
1442 1253.152 195.7 1.13 0.09
1443 1254.171 145.6 1.10 0.08
1444 1257.539 147.9 1.09 0.05
1445 1257.830 168.4 1.10 0.04
1446 1258.449 97.8 1.10 0.03
1447 1259.478 88.7 1.09 0.01
1448 1259.824 95.6 1.11 -0.00
1449 1260.425 86.5 1.11 -0.01
1450 1260.516 88.7 1.09 -0.01
1451 1260.880 191.1 1.10 -0.00
1452 1264.411 109.2 1.13 0.04
1453 1267.233 100.1 1.08 0.05
1454 1269.381 116.1 1.06 0.01
1455 1273.568 136.5 1.15 0.08
1456 1274.651 218.5 1.08 0.02
1457 1274.943 145.6 1.09 0.02
1458 1275.161 145.6 1.08 -0.03
1459 1277.582 141.1 1.10 -0.00
1460 1281.150 163.8 1.11 0.02
1461 1282.607 127.4 1.09 0.04
1462 1282.843 118.3 1.11 0.04
1463 1283.098 127.4 1.12 0.07
1464 1283.681 43.2 1.11 0.05
1465 1287.076 118.3 1.09 0.03
1466 1287.431 88.7 1.06 0.04
1467 1290.498 163.8 1.08 -0.01
1468 1291.281 97.8 1.06 -0.01
1469 1291.408 95.6 1.06 -0.00
1470 1292.173 218.5 1.09 -0.00
1471 1292.956 56.9 1.04 0.01
1472 1293.802 150.2 1.06 -0.01
1473 1297.798 100.1 1.06 -0.01
1474 1298.681 109.2 1.04 0.01
1475 1298.836 120.6 1.08 -0.01
1476 1300.675 127.4 1.07 -0.01
1477 1301.193 109.2 1.05 -0.02
1478 1302.486 118.3 1.06 -0.01
1479 1303.651 182.0 1.08 0.00
1480 1306.309 86.5 1.08 0.02
1481 1307.383 132.0 1.10 -0.01
1482 1307.947 63.7 1.07 0.03
1483 1308.075 100.1 1.09 0.04
1484 1308.621 118.3 1.11 0.04
1485 1309.067 166.1 1.08 0.04
1486 1310.314 145.6 1.11 0.05
1487 1311.088 81.9 1.07 0.03
1488 1311.898 118.3 1.13 0.01
1489 1312.225 122.9 1.15 0.04
1490 1312.635 150.2 1.09 0.03
1491 1313.982 163.8 1.12 0.01
1492 1315.302 138.8 1.12 0.03
1493 1316.157 125.2 1.14 0.02
1494 1316.458 286.7 1.11 0.05
1495 1317.896 111.5 1.12 0.07
1496 1319.070 77.4 1.06 0.05
1497 1319.334 127.4 1.12 0.05
1498 1319.716 41.0 1.14 0.07
1499 1321.209 47.8 1.08 0.09
1500 1322.511 270.8 1.09 0.06
1501 1323.421 145.6 1.08 0.09
1502 1323.794 154.7 1.07 0.08
1503 1324.923 168.4 1.07 0.08
1504 1325.132 163.8 1.07 0.08
1505 1326.070 91.0 1.08 0.07
1506 1326.780 111.5 1.04 0.08
1507 1328.018 138.8 1.08 0.08
1508 1328.618 145.6 1.09 0.05
1509 1329.319 147.9 1.08 0.08
1510 1329.711 145.6 1.08 0.06
1511 1330.375 91.0 1.10 0.08
1512 1331.131 161.6 1.10 0.08
1513 1331.358 107.0 1.10 0.09
1514 1331.850 168.4 1.09 0.04
1515 1332.551 120.6 1.10 0.02
1516 1334.644 179.8 1.07 0.06
1517 1335.509 125.2 1.06 0.06
1518 1335.645 100.1 1.06 0.07
1519 1336.683 127.4 1.08 0.05
1520 1337.384 118.3 1.08 0.07
1521 1338.066 179.8 1.05 0.03
1522 1338.631 229.8 1.07 0.03
1523 1338.867 157.0 1.06 0.04
1524 1339.432 122.9 1.12 0.01
1525 1340.642 182.0 1.08 0.01
1526 1341.207 91.0 1.09 0.01
1527 1341.871 91.0 1.10 0.02
1528 1343.237 147.9 1.13 0.02
1529 1344.383 132.0 1.07 0.04
1530 1344.802 154.7 1.11 0.03
1531 1345.130 59.2 1.10 0.03
1532 1345.494 66.0 1.06 -0.03
1533 1346.386 136.5 1.07 -0.04
1534 1346.914 145.6 1.08 -0.04
1535 1347.169 109.2 1.10 -0.04
1536 1349.308 93.3 1.09 0.01
1537 1349.617 127.4 1.11 0.04
1538 1350.063 163.8 1.12 0.02
1539 1350.946 282.2 1.05 0.03
1540 1351.219 252.6 1.07 0.02
1541 1352.521 188.9 1.04 0.04
1542 1352.830 125.2 1.06 0.04
1543 1353.504 227.6 1.06 0.00
1544 1353.895 136.5 1.05 -0.01
1545 1358.619 254.9 1.05 0.05
1546 1358.956 127.4 1.04 0.06
1547 1360.148 118.3 1.04 0.06
1548 1360.485 95.6 1.02 0.08
1549 1361.377 277.6 1.02 0.08
1550 1362.333 68.3 0.98 0.08
1551 1363.088 127.4 1.05 0.07
1552 1364.199 127.4 1.01 0.09
1553 1364.782 154.7 0.99 0.09
1554 1365.737 145.6 1.03 0.11
1555 1366.247 302.6 1.00 0.11
1556 1367.221 113.8 1.04 0.15
1557 1367.731 122.9 1.06 0.10
1558 1368.495 136.5 1.05 0.07
1559 1369.587 118.3 1.04 0.05
1560 1369.961 172.9 1.07 0.07
1561 1371.699 127.4 1.07 0.05
1562 1372.318 143.4 1.06 0.05
1563 1373.219 145.6 1.06 0.02
1564 1375.058 91.0 1.04 -0.01
1565 1375.650 31.9 1.03 0.00
1566 1375.832 147.9 1.04 -0.01
1567 1376.168 118.3 1.04 -0.01
1568 1377.616 68.3 1.05 0.02
1569 1377.916 70.5 1.06 0.02
1570 1378.107 100.1 1.05 0.00
1571 1378.244 127.4 1.03 0.03
1572 1380.292 132.0 1.05 0.03
1573 1380.710 138.8 1.06 0.04
1574 1380.892 163.8 1.03 -0.01
1575 1382.303 102.4 1.04 0.01
1576 1382.859 56.9 1.07 0.00
1577 1382.959 47.8 1.06 0.00
1578 1383.559 150.2 1.05 -0.01
1579 1383.914 163.8 1.06 -0.00
1580 1384.379 145.6 1.05 0.01
1581 1384.552 113.8 1.06 -0.00
1582 1384.770 68.3 1.04 0.01
1583 1385.152 91.0 1.05 0.00
1584 1385.444 86.5 1.05 0.00
1585 1385.635 38.7 1.03 0.02
1586 1385.744 120.6 1.06 0.02
1587 1386.427 145.6 1.03 0.03
1588 1389.767 166.1 1.03 0.04
1589 1389.895 88.7 1.04 0.03
1590 1390.623 122.9 1.04 0.01
1591 1391.260 227.6 1.03 0.04
1592 1391.933 75.1 1.05 0.08
1593 1392.070 159.3 1.05 0.07
1594 1392.498 141.1 1.07 0.07
1595 1392.771 132.0 1.04 0.07
1596 1394.964 86.5 1.07 0.09
1597 1395.583 163.8 1.07 0.08
1598 1396.312 95.6 1.05 0.08
1599 1397.076 86.5 1.04 0.09
1600 1397.722 104.7 1.07 0.07
1601 1398.150 182.0 1.06 0.07
1602 1399.725 127.4 1.06 0.09
1603 1400.335 118.3 1.04 0.09
1604 1400.653 127.4 1.03 0.10
1605 1401.946 118.3 1.03 0.07
1606 1402.465 218.5 1.06 0.05
1607 1402.893 143.4 1.04 0.01
1608 1405.505 122.9 1.04 0.04
1609 1405.705 154.7 1.04 0.03
1610 1406.688 81.9 1.04 0.04
1611 1407.425 81.9 1.01 0.04
1612 1407.571 177.5 1.05 0.03
1613 1408.263 136.5 1.04 0.03
1614 1410.466 172.9 1.03 0.01
1615 1410.957 81.9 1.05 0.03
1616 1411.321 145.6 1.04 0.01
1617 1412.696 154.7 1.04 0.01
1618 1414.607 243.5 1.01 0.02
1619 1415.044 318.6 1.02 0.02
1620 1418.275 120.6 1.04 0.01
1621 1418.758 132.0 1.06 0.02
1622 1421.088 154.7 1.05 0.00
1623 1421.789 68.3 1.00 0.03
1624 1422.126 182.0 1.06 0.01
1625 1423.154 84.2 1.10 0.02
1626 1423.682 191.1 1.10 0.03
1627 1424.164 47.8 1.06 0.02
1628 1425.903 227.6 1.09 -0.00
1629 1426.158 100.1 1.08 0.00
1630 1427.632 118.3 1.13 0.03
1631 1429.489 204.8 1.08 0.07
1632 1429.963 159.3 1.06 0.06
1633 1431.082 122.9 1.07 0.06
1634 1431.291 100.1 1.08 0.04
1635 1433.330 118.3 1.12 0.05
1636 1433.722 120.6 1.10 0.10
1637 1434.495 122.9 1.08 0.07
1638 1435.032 104.7 1.10 0.07
1639 1435.278 86.5 1.12 0.03
1640 1436.771 100.1 1.12 0.00
1641 1438.892 102.4 1.10 -0.00
1642 1439.119 118.3 1.09 -0.00
1643 1441.258 97.8 1.04 -0.01
1644 1441.477 127.4 1.15 0.03
1645 1441.732 86.5 1.15 0.00
1646 1442.451 150.2 1.13 0.02
1647 1442.960 118.3 1.09 0.03
1648 1443.206 138.8 1.12 0.03
1649 1443.543 109.2 1.06 0.02
1650 1444.754 136.5 1.10 -0.03
1651 1447.175 88.7 1.05 0.01
1652 1447.584 145.6 1.09 -0.02
1653 1448.522 122.9 1.07 -0.03
1654 1449.041 86.5 1.07 0.02
1655 1449.277 72.8 1.04 -0.02
1656 1449.905 109.2 1.05 0.00
1657 1450.379 254.9 1.07 -0.00
1658 1451.325 118.3 1.09 -0.01
1659 1454.083 109.2 1.08 0.02
1660 1454.420 113.8 1.12 0.02
1661 1454.821 102.4 1.09 0.00
1662 1455.221 132.0 1.08 -0.00
1663 1455.649 195.7 1.09 0.01
1664 1456.122 93.3 1.07 0.00
1665 1456.705 84.2 1.09 -0.00
1666 1457.051 241.2 1.09 0.00
1667 1458.380 177.5 1.10 -0.03
1668 1459.335 127.4 1.07 -0.02
1669 1460.701 81.9 1.10 -0.02
1670 1461.529 91.0 1.09 0.01
1671 1462.931 95.6 1.09 0.01
1672 1463.268 223.0 1.12 0.06
1673 1464.214 218.5 1.12 0.06
1674 1465.734 159.3 1.09 0.06
1675 1466.244 546.1 1.08 0.07
1676 1467.509 127.4 1.12 0.08
1677 1471.596 59.2 1.03 0.08
1678 1471.660 45.5 1.07 0.08
1679 1473.426 250.3 1.03 0.06
1680 1473.599 68.3 1.13 0.08
1681 1474.190 136.5 1.17 0.09
1682 1476.302 200.2 1.12 0.03
1683 1477.485 136.5 1.12 0.06
1684 1479.087 111.5 1.09 0.08
1685 1479.297 172.9 1.14 0.08
1686 1479.788 81.9 1.05 0.08
1687 1481.636 79.6 1.12 0.09
1688 1482.355 100.1 1.09 0.06
1689 1482.582 254.9 1.05 0.09
1690 1483.238 172.9 1.09 0.06
1691 1483.556 248.0 1.09 0.06
1692 1486.415 168.4 1.03 0.06
1693 1486.842 136.5 1.03 0.01
1694 1488.790 216.2 1.05 -0.01
1695 1489.109 175.2 1.05 -0.00
1696 1489.628 84.2 1.06 -0.03
1697 1489.746 107.0 1.12 -0.03
1698 1491.512 316.3 1.13 0.01
1699 1492.850 116.1 1.15 0.03
1700 1493.332 111.5 1.10 -0.02
1701 1493.678 200.2 1.12 -0.02
1702 1494.925 122.9 1.09 -0.06
1703 1495.671 109.2 1.15 -0.04
1704 1495.799 81.9 1.15 -0.04
1705 1496.472 168.4 1.17 -0.00
1706 1496.736 95.6 1.13 -0.04
1707 1496.837 81.9 1.13 -0.04
1708 1497.492 186.6 1.08 0.02
1709 1498.812 141.1 1.09 -0.01
1710 1499.904 264.0 1.04 -0.09
1711 1501.024 118.3 1.02 -0.07
1712 1501.552 91.0 1.07 -0.08
1713 1502.198 186.6 1.03 -0.04
1714 1505.092 268.5 1.04 0.01
1715 1507.568 56.9 1.09 -0.06
1716 1507.814 163.8 1.08 -0.07
1717 1509.216 111.5 1.08 -0.06
1718 1509.561 136.5 1.08 -0.03
1719 1510.217 136.5 1.06 -0.01
1720 1510.526 100.1 1.06 -0.04
1721 1511.318 188.9 1.05 -0.03
1722 1511.810 100.1 1.05 0.01
1723 1512.529 104.7 1.09 0.03
1724 1516.133 52.3 1.17 0.04
1725 1516.497 91.0 1.14 0.02
1726 1516.679 109.2 1.15 0.02
1727 1517.162 159.3 1.09 -0.04
1728 1517.972 191.1 1.12 -0.04
1729 1518.591 161.6 1.15 0.03
1730 1518.891 113.8 1.11 0.02
1731 1519.619 118.3 1.09 0.00
1732 1520.721 122.9 1.08 -0.02
1733 1521.385 100.1 1.10 -0.03
1734 1521.822 136.5 1.11 -0.01
1735 1521.968 109.2 1.11 -0.02
1736 1524.917 129.7 1.16 -0.04
1737 1525.454 154.7 1.13 -0.05
1738 1526.100 145.6 1.04 -0.03
1739 1526.492 127.4 1.09 -0.03
1740 1527.020 145.6 1.10 -0.03
1741 1527.638 245.8 1.07 0.05
1742 1527.921 211.6 1.07 -0.03
1743 1528.166 127.4 1.06 -0.03
1744 1528.430 172.9 1.09 0.04
1745 1528.676 138.8 1.06 0.03
1746 1529.341 125.2 1.04 -0.01
1747 1530.051 118.3 1.03 0.00
1748 1532.363 127.4 1.08 -0.05
1749 1533.628 109.2 1.00 -0.05
1750 1533.965 136.5 0.98 -0.05
1751 1534.766 100.1 1.10 -0.09
1752 1535.248 120.6 1.07 -0.08
1753 1536.377 229.8 1.07 -0.01
1754 1536.932 172.9 1.01 -0.06
1755 1537.769 232.1 1.02 0.03
1756 1538.752 77.4 0.99 -0.00
1757 1538.925 118.3 1.06 0.01
1758 1539.526 248.0 1.03 0.08
1759 1540.236 191.1 1.02 0.11
1760 1540.600 75.1 1.05 -0.00
1761 1540.773 172.9 0.99 0.01
1762 1542.329 154.7 0.96 0.06
1763 1542.512 91.0 0.96 0.01
1764 1542.666 127.4 0.99 -0.01
1765 1543.049 182.0 1.00 0.01
1766 1543.522 107.0 1.00 -0.01
1767 1543.831 75.1 1.01 0.01
1768 1545.251 200.2 0.99 0.02
1769 1545.588 127.4 0.94 0.03
1770 1545.807 154.7 0.97 0.06
1771 1546.799 132.0 0.95 0.03
1772 1548.118 136.5 1.04 -0.01
1773 1548.974 209.4 0.96 0.02
1774 1550.858 193.4 1.01 -0.03
1775 1551.495 125.2 1.07 0.01
1776 1551.941 145.6 1.10 0.01
1777 1552.160 152.5 1.05 0.01
1778 1553.452 245.8 1.15 -0.01
1779 1553.771 132.0 1.15 -0.01
1780 1554.153 132.0 1.11 -0.01
1781 1554.891 236.7 1.12 -0.06
1782 1555.091 141.1 1.14 -0.06
1783 1557.494 168.4 1.14 -0.04
1784 1558.122 84.2 1.16 -0.06
1785 1558.513 138.8 1.14 -0.06
1786 1558.886 163.8 1.16 -0.04
1787 1559.596 100.1 1.15 -0.03
1788 1560.397 104.7 1.19 -0.06
1789 1561.153 113.8 1.16 -0.06
1790 1561.954 25.0 1.15 -0.05
1791 1562.391 136.5 1.15 -0.05
1792 1562.646 118.3 1.16 -0.03
1793 1562.928 168.4 1.12 -0.06
1794 1563.711 75.1 1.09 -0.03
1795 1565.877 66.0 1.14 -0.00
1796 1567.297 186.6 1.12 -0.01
1797 1569.026 100.1 1.15 -0.03
1798 1569.163 68.3 1.13 -0.04
1799 1569.381 113.8 1.11 -0.03
1800 1569.636 95.6 1.13 -0.00
1801 1571.420 132.0 1.01 -0.02
1802 1573.987 88.7 1.09 -0.02
1803 1575.034 145.6 1.10 -0.02
1804 1575.980 93.3 1.09 -0.01
1805 1576.226 120.6 1.09 0.00
1806 1576.490 102.4 1.11 -0.00
1807 1578.274 163.8 1.11 0.02
1808 1578.675 107.0 1.12 0.01
1809 1579.639 186.6 1.13 -0.01
1810 1580.686 109.2 1.10 -0.01
1811 1580.905 118.3 1.11 0.00
1812 1582.461 132.0 1.14 0.00
1813 1583.007 177.5 1.14 0.01
1814 1583.990 127.4 1.13 0.00
1815 1584.163 95.6 1.14 -0.00
1816 1584.555 118.3 1.18 -0.01
1817 1585.783 132.0 1.12 -0.02
1818 1586.767 161.6 1.12 -0.01
1819 1587.659 118.3 1.10 0.01
1820 1588.214 91.0 1.09 0.02
1821 1592.492 127.4 1.08 -0.01
1822 1593.693 127.4 1.08 0.02
1823 1595.823 107.0 1.13 -0.04
1824 1595.960 182.0 1.12 -0.04
1825 1596.943 145.6 1.09 0.00
1826 1598.454 118.3 1.10 -0.04
1827 1599.856 84.2 1.13 -0.00
1828 1600.028 47.8 1.12 -0.00
1829 1600.320 191.1 1.15 0.02
1830 1601.967 79.6 1.15 -0.05
1831 1603.023 186.6 1.13 -0.04
1832 1603.915 136.5 1.17 0.00
1833 1604.871 163.8 1.15 -0.02
1834 1605.426 138.8 1.15 -0.01
1835 1607.092 104.7 1.14 0.00
1836 1608.184 54.6 1.12 -0.02
1837 1609.112 200.2 1.10 0.03
1838 1611.060 129.7 1.07 0.07
1839 1611.224 132.0 1.13 0.05
1840 1611.424 122.9 1.14 0.05
1841 1615.357 145.6 1.16 -0.03
1842 1616.704 100.1 1.15 0.02
1843 1617.050 113.8 1.11 0.03
1844 1617.905 209.4 1.09 0.05
1845 1619.216 132.0 1.10 0.05
1846 1619.507 100.1 1.08 0.01
1847 1622.229 59.2 1.10 -0.01
1848 1622.820 127.4 1.13 -0.00
1849 1625.779 104.7 1.09 0.01
1850 1626.425 104.7 1.08 0.03
1851 1628.600 93.3 1.12 0.02
1852 1630.821 116.1 1.09 0.03
1853 1636.483 100.1 1.10 0.03
1854 1637.329 104.7 1.10 0.06
1855 1637.803 91.0 1.09 0.08
1856 1638.431 188.9 1.09 0.05
1857 1639.432 259.4 1.08 0.02
1858 1639.814 88.7 1.10 -0.02
1859 1640.178 134.3 1.12 -0.01
1860 1641.161 109.2 1.11 -0.01
1861 1642.336 175.2 1.09 0.06
1862 1642.900 159.3 1.10 0.08
1863 1644.283 136.5 1.15 0.05
1864 1645.266 252.6 1.13 0.03
1865 1646.404 104.7 1.09 0.03
1866 1647.870 243.5 1.06 0.06
1867 1648.525 100.1 1.06 0.03
1868 1651.665 118.3 1.07 0.03
1869 1651.966 122.9 1.06 0.03
1870 1653.495 136.5 1.05 0.01
1871 1654.960 172.9 1.06 0.07
1872 1655.734 127.4 1.05 0.05
1873 1656.198 120.6 1.08 0.06
1874 1656.553 118.3 1.09 0.04
1875 1656.781 91.0 1.04 0.06
1876 1656.972 118.3 1.08 0.09
1877 1658.401 113.8 1.04 0.08
1878 1659.794 77.4 1.02 0.03
1879 1661.851 125.2 1.02 0.07
1880 1664.563 100.1 1.03 -0.00
1881 1665.091 172.9 1.07 0.02
1882 1665.910 59.2 1.06 0.07
1883 1668.541 118.3 1.14 0.07
1884 1668.923 118.3 1.10 0.04
1885 1670.079 77.4 1.14 0.06
1886 1670.798 127.4 1.13 0.02
1887 1672.054 225.3 1.14 0.02
1888 1672.491 77.4 1.14 0.06
1889 1673.320 88.7 1.11 0.03
1890 1675.959 100.1 1.10 0.02
1891 1676.615 118.3 1.09 0.00
1892 1677.334 191.1 1.11 0.01
1893 1677.971 282.2 1.09 -0.01
1894 1678.326 138.8 1.07 -0.03
1895 1679.209 154.7 1.10 -0.02
1896 1679.718 109.2 1.13 -0.01
1897 1680.174 111.5 1.11 -0.03
1898 1680.274 59.2 1.10 -0.04
1899 1681.867 163.8 1.11 -0.01
1900 1682.404 159.3 1.11 0.00
1901 1682.722 136.5 1.11 -0.01
1902 1684.888 127.4 1.14 0.01
1903 1686.618 179.8 1.12 0.05
1904 1687.319 86.5 1.09 0.04
1905 1688.429 109.2 1.11 0.03
1906 1690.040 136.5 1.15 0.02
1907 1692.926 154.7 1.11 0.02
1908 1696.530 116.1 1.12 -0.03
1909 1697.413 179.8 1.13 -0.03
1910 1697.704 177.5 1.13 -0.03
1911 1698.023 157.0 1.08 -0.06
1912 1699.215 145.6 1.06 -0.04
1913 1699.616 95.6 1.09 0.01
1914 1699.771 104.7 1.08 -0.02
1915 1699.843 75.1 1.04 -0.04
1916 1702.428 245.8 1.05 -0.05
1917 1705.432 122.9 1.12 -0.06
1918 1705.651 175.2 1.09 -0.05
1919 1706.179 97.8 1.10 -0.04
1920 1706.497 93.3 1.13 -0.03
1921 1706.925 100.1 1.10 -0.04
1922 1707.981 159.3 1.07 -0.05
1923 1708.254 241.2 1.11 -0.00
1924 1709.792 209.4 1.07 0.02
1925 1710.020 223.0 1.09 0.02
1926 1710.429 122.9 1.10 0.00
1927 1710.630 134.3 1.09 0.00
1928 1711.330 145.6 1.09 0.03
1929 1711.949 84.2 1.14 0.03
1930 1712.750 102.4 1.14 -0.02
1931 1713.233 200.2 1.15 0.00
1932 1713.724 41.0 1.15 0.01
1933 1713.806 43.2 1.15 0.02
1934 1714.762 163.8 1.13 0.03
1935 1715.572 113.8 1.14 0.03
1936 1715.736 127.4 1.11 0.04
1937 1715.963 84.2 1.13 -0.01
1938 1716.237 232.1 1.16 0.01
1939 1716.628 145.6 1.20 -0.02
1940 1719.395 132.0 1.11 0.04
1941 1719.650 127.4 1.14 0.04
1942 1720.059 198.0 1.18 0.01
1943 1720.651 50.1 1.19 0.00
1944 1720.779 63.7 1.21 0.00
1945 1721.097 209.4 1.23 0.01
1946 1722.053 243.5 1.20 -0.03
1947 1722.745 150.2 1.20 -0.02
1948 1723.591 141.1 1.18 -0.03
1949 1723.791 91.0 1.20 -0.01
1950 1724.083 109.2 1.20 -0.02
1951 1724.547 191.1 1.19 -0.00
1952 1725.138 145.6 1.18 0.02
1953 1726.285 109.2 1.17 0.01
1954 1727.059 116.1 1.17 0.00
1955 1727.223 91.0 1.14 0.03
1956 1727.942 109.2 1.13 0.02
1957 1728.470 111.5 1.15 0.01
1958 1728.570 54.6 1.10 0.00
1959 1728.779 154.7 1.21 -0.00
1960 1729.262 95.6 1.10 -0.02
1961 1730.026 111.5 1.09 -0.01
1962 1731.364 129.7 1.15 0.00
1963 1731.829 136.5 1.15 0.02
1964 1732.029 168.4 1.16 0.02
1965 1733.358 118.3 1.13 -0.01
1966 1734.232 88.7 1.08 -0.03
1967 1734.332 107.0 1.11 -0.03
1968 1734.832 127.4 1.11 0.05
1969 1735.233 118.3 1.11 0.06
1970 1736.389 122.9 1.14 0.01
1971 1737.053 127.4 1.15 0.02
1972 1738.055 136.5 1.12 0.03
1973 1738.901 52.3 1.13 0.07
1974 1739.129 95.6 1.12 0.07
1975 1739.484 104.7 1.12 -0.00
1976 1741.550 127.4 1.09 -0.00
1977 1743.370 132.0 1.11 0.01
1978 1744.217 102.4 1.09 0.08
1979 1744.590 136.5 1.06 0.09
1980 1744.909 218.5 1.05 0.11
1981 1745.773 168.4 1.05 0.08
1982 1746.183 166.1 1.08 0.09
1983 1746.465 100.1 1.07 0.08
1984 1747.557 147.9 1.10 0.06
1985 1748.122 127.4 1.11 0.06
1986 1748.549 50.1 1.05 0.07
1987 1748.759 113.8 1.09 0.06
1988 1750.452 43.2 1.09 0.06
1989 1751.653 145.6 1.10 0.05
1990 1752.800 61.4 1.04 -0.01
1991 1753.528 56.9 1.09 -0.00
1992 1756.004 163.8 1.11 -0.03
1993 1757.897 118.3 1.10 0.07
1994 1758.662 141.1 1.12 0.04
1995 1759.700 107.0 1.06 0.03
1996 1759.800 84.2 1.08 0.03
1997 1760.237 100.1 1.07 0.01
1998 1761.757 54.6 1.11 -0.02
1999 1761.957 45.5 1.08 -0.01
2000 1762.012 47.8 1.13 -0.02
