1 0.368 97.8 1.02 0.04
2 0.604 122.9 1.04 -0.00
3 1.551 136.5 1.03 -0.02
4 2.115 168.4 1.04 0.05
5 3.972 191.1 0.99 0.05
6 6.839 279.9 1.00 0.03
7 7.695 204.8 1.02 0.03
8 8.387 70.5 1.02 0.04
9 11.327 127.4 1.04 0.05
10 11.545 109.2 0.98 0.07
11 11.982 145.6 1.02 0.06
12 13.456 68.3 1.02 0.02
13 15.113 411.9 0.91 0.04
14 16.924 243.5 1.01 -0.00
15 18.026 450.6 1.00 -0.00
16 19.637 136.5 0.87 -0.01
17 22.759 132.0 0.88 0.09
18 23.942 72.8 0.99 0.00
19 25.763 127.4 1.06 0.05
20 29.804 227.6 0.91 0.13
21 37.741 377.7 0.96 0.08
22 38.970 104.7 1.05 0.01
23 39.088 52.3 0.97 -0.00
24 39.607 147.9 1.02 0.00
25 40.563 127.4 0.96 0.00
26 40.800 72.8 0.94 0.01
27 42.092 182.0 0.93 0.00
28 43.994 113.8 1.00 0.05
29 44.750 68.3 0.97 0.00
30 46.634 116.1 0.95 0.10
31 46.725 61.4 0.91 0.01
32 47.936 170.7 1.04 0.00
33 48.891 104.7 1.06 0.02
34 49.474 50.1 0.93 -0.01
35 49.811 138.8 0.90 0.00
36 49.975 198.0 1.00 0.00
37 50.739 198.0 0.95 0.01
38 51.540 41.0 0.91 0.01
39 53.051 234.4 0.76 0.00
40 54.389 220.7 0.91 0.10
41 55.773 166.1 0.99 0.01
42 55.982 168.4 1.02 0.01
43 56.683 132.0 1.02 0.00
44 57.693 118.3 1.06 0.05
45 57.857 143.4 0.97 0.01
46 59.787 122.9 1.07 -0.03
47 60.661 145.6 1.06 -0.02
48 60.925 147.9 1.04 -0.02
49 61.371 75.1 1.04 -0.00
50 61.598 141.1 1.07 -0.00
51 62.263 100.1 1.04 -0.00
52 62.599 163.8 1.01 -0.02
53 65.011 163.8 1.02 -0.01
54 65.676 364.1 0.92 0.06
55 66.941 311.8 0.96 -0.04
56 67.478 118.3 0.94 -0.01
57 68.589 195.7 0.91 0.06
58 69.271 175.2 0.93 0.06
59 71.984 97.8 0.91 -0.00
60 73.112 100.1 1.08 -0.02
61 73.932 154.7 1.01 -0.03
62 75.770 141.1 1.06 0.01
63 78.146 195.7 1.03 0.03
64 78.501 97.8 0.99 -0.03
65 78.656 113.8 0.98 -0.03
66 79.520 220.7 1.06 -0.10
67 81.687 136.5 0.96 -0.07
68 81.841 75.1 0.96 -0.07
69 82.060 141.1 0.99 -0.03
70 87.376 120.6 0.98 -0.04
71 87.549 161.6 0.96 -0.04
72 89.569 186.6 0.99 -0.10
73 90.944 143.4 0.92 -0.14
74 94.530 75.1 1.01 -0.00
75 94.694 68.3 0.96 -0.00
76 98.080 236.7 1.09 -0.04
77 98.307 161.6 0.96 -0.05
78 100.028 177.5 1.13 -0.11
79 100.628 95.6 1.09 -0.11
80 101.138 109.2 1.10 -0.08
81 101.666 136.5 1.12 -0.08
82 101.875 157.0 1.08 -0.07
83 102.585 91.0 1.06 -0.06
84 102.886 100.1 1.05 -0.04
85 103.077 59.2 1.09 -0.03
86 103.914 163.8 1.11 -0.02
87 106.372 86.5 0.94 0.01
88 106.590 109.2 1.07 -0.00
89 106.900 161.6 1.07 0.03
90 108.620 136.5 1.02 -0.09
91 110.040 172.9 1.05 0.02
92 111.415 254.9 1.01 0.01
93 111.815 59.2 1.01 0.01
94 112.134 95.6 0.99 0.01
95 112.935 113.8 1.02 -0.01
96 114.136 143.4 1.05 -0.01
97 114.819 134.3 1.00 -0.02
98 115.902 34.1 1.01 0.00
99 118.997 147.9 0.97 -0.07
100 119.179 116.1 1.00 -0.11
101 122.601 293.5 0.86 -0.13
102 124.039 136.5 0.89 -0.00
103 124.440 172.9 1.02 -0.00
104 124.686 88.7 1.13 0.00
105 126.206 168.4 1.05 -0.00
106 126.470 223.0 1.06 -0.00
107 126.888 129.7 1.09 -0.00
108 128.245 111.5 1.05 0.02
109 128.445 132.0 1.03 0.00
110 129.146 373.2 1.05 0.04
111 130.693 150.2 0.97 0.08
112 131.649 200.2 1.06 0.05
113 134.088 150.2 1.05 -0.02
114 134.416 172.9 0.95 -0.02
115 134.598 113.8 1.08 0.01
116 136.063 172.9 1.04 0.00
117 137.647 104.7 0.89 0.00
118 140.787 113.8 0.96 -0.07
119 141.698 132.0 1.04 -0.01
120 144.720 159.3 1.00 -0.00
121 149.071 118.3 1.09 -0.00
122 150.163 316.3 1.07 -0.01
123 150.973 86.5 1.08 -0.01
124 151.701 216.2 1.09 -0.04
125 153.039 182.0 1.08 0.01
126 153.376 109.2 1.04 0.01
127 153.540 86.5 1.08 0.01
128 154.077 86.5 1.06 -0.03
129 156.835 236.7 1.10 0.01
130 157.790 107.0 1.04 0.02
131 158.209 366.4 1.04 0.02
132 158.783 109.2 1.00 0.01
133 159.056 166.1 1.05 0.03
134 159.320 225.3 1.01 -0.00
135 160.385 102.4 1.10 -0.04
136 161.832 50.1 1.02 -0.03
137 162.742 43.2 1.05 0.02
138 163.543 70.5 1.08 0.02
139 164.289 220.7 1.08 0.05
140 164.972 113.8 1.08 -0.00
141 165.436 109.2 1.00 0.07
142 169.942 132.0 1.01 -0.01
143 170.752 109.2 0.98 -0.01
144 171.107 79.6 1.08 0.00
145 171.298 111.5 1.04 0.00
146 171.671 122.9 1.04 -0.02
147 172.773 54.6 0.99 -0.00
148 174.338 220.7 1.07 0.02
149 178.398 84.2 0.99 -0.01
150 178.680 177.5 1.02 -0.01
151 178.926 188.9 1.01 -0.03
152 179.426 334.5 1.03 -0.00
153 180.054 116.1 0.99 -0.02
154 182.539 216.2 1.00 -0.03
155 183.859 104.7 1.02 0.01
156 184.587 145.6 1.07 0.04
157 185.916 88.7 1.05 0.11
158 186.654 122.9 0.99 0.08
159 187.327 109.2 1.02 0.12
160 188.201 113.8 0.97 0.10
161 190.285 70.5 0.98 -0.01
162 190.367 61.4 0.93 -0.01
163 191.824 179.8 0.94 0.02
164 192.188 84.2 0.82 -0.04
165 192.798 132.0 0.94 0.06
166 193.617 136.5 0.96 0.01
167 193.826 118.3 0.97 0.00
168 196.957 97.8 1.00 0.02
169 197.385 100.1 0.93 0.01
170 198.159 100.1 0.99 0.00
171 198.641 418.7 0.93 0.01
172 198.942 291.3 0.90 0.01
173 199.178 111.5 0.88 0.02
174 199.442 207.1 0.93 -0.01
175 199.733 150.2 0.94 -0.01
176 200.061 238.9 0.94 -0.04
177 200.844 232.1 0.88 -0.01
178 202.391 220.7 0.88 -0.00
179 203.447 141.1 0.91 -0.03
180 205.249 72.8 0.89 0.01
181 206.906 93.3 0.92 -0.01
182 208.699 229.8 0.90 0.00
183 208.909 168.4 1.03 0.00
184 209.264 118.3 0.90 0.00
185 209.555 170.7 0.85 0.00
186 210.492 136.5 1.00 0.00
187 211.776 118.3 0.98 0.01
188 211.949 109.2 0.91 0.01
189 213.778 59.2 0.98 0.04
190 213.869 77.4 1.00 0.06
191 214.570 172.9 1.01 0.04
192 214.834 282.2 1.05 0.00
193 216.436 136.5 1.02 0.12
194 218.329 427.8 0.92 -0.00
195 218.703 52.3 1.03 -0.00
196 218.866 68.3 1.04 0.02
197 219.667 52.3 1.01 -0.00
198 220.878 68.3 1.05 -0.02
199 221.415 143.4 1.02 0.00
200 221.715 125.2 1.04 0.01
201 223.081 232.1 1.08 -0.00
202 224.127 97.8 1.01 -0.00
203 225.547 120.6 1.02 0.02
204 226.230 150.2 1.03 0.01
205 228.296 223.0 1.02 0.00
206 228.779 109.2 1.02 -0.00
207 229.024 245.8 0.99 -0.00
208 232.283 52.3 0.99 -0.00
209 233.503 136.5 0.97 -0.00
210 233.994 100.1 1.00 0.01
211 234.249 120.6 1.00 -0.03
212 234.695 177.5 0.98 -0.01
213 235.041 207.1 1.02 -0.00
214 236.861 182.0 1.04 -0.04
215 237.307 166.1 1.04 -0.01
216 237.571 145.6 1.00 -0.01
217 238.554 159.3 0.99 0.02
218 239.647 118.3 0.96 -0.10
219 241.667 141.1 0.86 -0.02
220 244.325 143.4 0.88 -0.01
221 245.254 350.4 0.85 0.00
222 245.618 243.5 0.86 0.00
223 246.446 129.7 0.95 0.01
224 246.628 163.8 0.95 0.00
225 248.048 191.1 0.93 -0.08
226 248.749 250.3 0.90 -0.05
227 249.705 116.1 0.90 0.02
228 250.132 179.8 0.95 0.00
229 251.780 177.5 0.86 -0.08
230 253.919 66.0 1.01 -0.00
231 255.985 136.5 0.80 -0.05
232 256.240 111.5 0.95 0.00
233 256.713 141.1 0.97 0.01
234 258.525 225.3 0.91 -0.05
235 259.499 273.1 0.93 -0.04
236 260.136 104.7 0.94 -0.00
237 262.912 293.5 0.91 -0.01
238 263.103 34.1 0.90 0.00
239 263.622 195.7 0.81 0.04
240 264.032 250.3 0.85 0.08
241 264.678 159.3 0.95 -0.02
242 265.788 72.8 0.86 0.01
243 265.998 170.7 0.80 0.01
244 267.490 154.7 0.86 -0.01
245 268.128 209.4 0.83 0.07
246 269.274 243.5 0.77 -0.00
247 269.811 204.8 0.82 0.04
248 271.140 177.5 0.86 -0.00
249 272.142 75.1 0.89 0.05
250 272.387 154.7 0.92 -0.00
251 274.008 86.5 0.92 -0.00
252 274.117 88.7 0.82 0.00
253 275.273 127.4 0.97 0.08
254 275.628 154.7 0.97 0.07
255 277.066 50.1 0.99 0.01
256 278.550 168.4 0.92 0.00
257 279.633 147.9 1.04 -0.00
258 279.842 209.4 0.92 0.01
259 281.053 127.4 0.87 -0.01
260 281.153 81.9 1.07 0.01
261 283.183 182.0 0.79 0.02
262 283.392 223.0 0.93 0.01
263 283.765 172.9 0.85 -0.00
264 284.402 198.0 0.90 -0.03
265 284.976 163.8 0.89 -0.01
266 285.267 100.1 0.95 0.01
267 286.905 100.1 0.92 0.04
268 288.034 132.0 0.93 0.09
269 289.217 225.3 1.00 0.00
270 289.490 188.9 0.97 -0.00
271 290.319 211.6 0.88 -0.00
272 291.739 100.1 0.91 -0.01
273 292.421 118.3 0.99 0.01
274 292.867 113.8 0.93 -0.01
275 296.608 236.7 0.95 -0.14
276 297.564 318.6 0.87 0.00
277 298.083 198.0 1.02 -0.19
278 298.920 227.6 1.04 -0.12
279 299.512 166.1 0.83 -0.02
280 301.260 81.9 0.85 -0.00
281 301.870 141.1 0.88 -0.01
282 302.680 50.1 0.94 0.00
283 302.780 68.3 0.91 0.00
284 302.898 102.4 0.86 -0.00
285 303.836 200.2 0.86 -0.00
286 307.103 147.9 0.99 -0.05
287 307.449 213.9 0.93 -0.05
288 309.588 154.7 1.02 0.03
289 310.298 145.6 0.95 0.01
290 310.844 163.8 1.09 -0.01
291 311.281 81.9 0.98 -0.00
292 312.738 120.6 1.00 0.00
293 313.156 120.6 1.08 0.00
294 314.467 193.4 1.09 0.08
295 318.345 264.0 0.88 0.02
296 319.318 182.0 0.86 -0.02
297 321.048 50.1 1.08 0.02
298 321.139 75.1 1.09 0.02
299 321.376 132.0 0.85 0.01
300 322.258 241.2 1.09 0.03
301 323.487 252.6 1.08 0.01
302 323.669 79.6 1.07 -0.01
303 323.779 118.3 1.07 -0.01
304 325.881 182.0 1.01 -0.04
305 327.310 118.3 1.03 -0.11
306 327.547 200.2 0.96 0.04
307 331.170 127.4 0.96 -0.03
308 332.125 59.2 1.05 -0.02
309 334.820 179.8 0.97 -0.03
310 336.285 81.9 0.80 0.02
311 336.831 113.8 1.00 0.02
312 337.113 70.5 0.97 0.01
313 338.506 132.0 0.96 0.06
314 339.079 136.5 1.01 0.02
315 339.471 95.6 0.99 0.03
316 339.762 118.3 0.97 0.02
317 340.436 52.3 1.00 0.00
318 344.914 84.2 0.95 -0.06
319 346.043 336.8 0.95 -0.03
320 347.672 172.9 0.97 -0.04
321 348.446 159.3 0.98 -0.08
322 349.310 136.5 0.85 -0.00
323 350.657 163.8 1.03 -0.08
324 351.631 50.1 0.91 -0.05
325 352.269 132.0 1.05 -0.04
326 352.851 84.2 0.95 -0.02
327 353.224 129.7 0.94 0.08
328 362.381 150.2 1.00 0.02
329 364.493 81.9 1.01 0.01
330 365.767 118.3 1.04 -0.00
331 366.723 161.6 1.03 -0.01
332 367.842 163.8 0.98 -0.02
333 369.499 198.0 1.09 -0.04
334 370.291 63.7 0.94 -0.00
335 370.391 61.4 0.91 -0.01
336 370.910 234.4 0.88 -0.05
337 372.257 179.8 1.00 -0.06
338 372.921 91.0 0.99 0.00
339 373.058 66.0 1.08 0.00
340 373.204 157.0 0.98 0.02
341 373.440 213.9 1.04 0.00
342 374.005 184.3 0.96 0.00
343 374.596 91.0 1.02 0.00
344 375.707 122.9 1.05 0.02
345 378.092 93.3 1.04 -0.00
346 378.264 120.6 0.99 0.00
347 378.456 79.6 0.95 -0.00
348 378.638 63.7 1.02 0.01
349 380.695 227.6 1.00 0.01
350 384.727 141.1 0.94 0.00
351 385.155 143.4 0.95 0.00
352 385.364 136.5 1.07 -0.01
353 385.701 138.8 0.94 0.00
354 387.767 102.4 0.92 -0.13
355 388.814 100.1 1.03 -0.01
356 389.287 207.1 1.01 -0.04
357 390.170 118.3 1.03 0.03
358 392.773 88.7 1.05 0.01
359 392.928 163.8 1.00 0.02
360 394.357 122.9 1.06 0.01
361 394.648 282.2 1.03 0.03
362 395.868 182.0 0.95 -0.01
363 396.305 145.6 1.07 0.04
364 396.524 109.2 1.08 0.00
365 396.906 88.7 1.02 0.03
366 398.025 113.8 1.04 -0.00
367 398.562 159.3 0.79 0.01
368 403.195 179.8 1.01 -0.00
369 403.487 125.2 1.01 0.03
370 404.215 161.6 1.03 0.02
371 404.606 248.0 1.02 0.03
372 406.900 145.6 1.03 0.03
373 407.364 118.3 1.01 0.01
374 408.484 179.8 1.05 0.01
375 408.711 191.1 1.03 0.03
376 409.613 141.1 1.04 0.02
377 411.406 316.3 1.03 0.05
378 412.580 118.3 1.04 0.02
379 412.953 52.3 1.04 0.00
380 413.144 136.5 1.10 -0.00
381 414.191 182.0 1.03 0.00
382 415.283 145.6 0.93 0.02
383 415.502 118.3 0.89 0.01
384 415.875 168.4 0.89 0.04
385 416.612 127.4 0.87 0.02
386 416.840 122.9 1.03 0.02
387 417.049 118.3 0.94 0.06
388 419.916 163.8 0.99 0.08
389 420.280 172.9 0.98 0.12
390 421.200 61.4 0.95 -0.01
391 422.174 200.2 0.87 0.04
392 424.413 145.6 0.98 0.05
393 424.677 150.2 0.98 0.05
394 426.488 154.7 0.89 0.08
395 426.652 157.0 0.97 0.08
396 430.484 150.2 0.95 -0.01
397 430.739 207.1 0.91 -0.01
398 431.212 93.3 0.97 -0.03
399 433.497 138.8 0.98 -0.01
400 437.411 163.8 0.96 -0.08
401 437.675 145.6 0.82 -0.08
402 440.333 107.0 0.92 -0.00
403 441.525 871.5 0.97 0.00
404 442.253 136.5 0.84 0.01
405 442.435 122.9 0.91 0.03
406 443.527 268.5 0.85 -0.03
407 444.811 163.8 0.86 -0.11
408 445.830 327.7 0.82 -0.05
409 446.213 154.7 0.82 -0.00
410 449.298 161.6 0.73 -0.00
411 450.136 245.8 0.96 0.01
412 451.637 125.2 0.74 -0.00
413 452.311 218.5 0.94 0.01
414 452.775 127.4 0.93 -0.00
415 452.957 168.4 0.94 -0.00
416 453.303 143.4 0.89 -0.00
417 454.760 245.8 0.90 -0.00
418 455.433 398.2 0.90 -0.00
419 456.398 127.4 0.92 0.00
420 457.408 118.3 0.94 0.01
421 457.772 179.8 0.92 -0.01
422 457.954 168.4 0.96 -0.01
423 458.246 97.8 0.95 -0.01
424 459.884 91.0 0.91 0.01
425 461.877 111.5 0.95 -0.02
426 463.498 234.4 0.95 0.09
427 464.726 66.0 0.95 0.01
428 465.145 159.3 0.94 0.01
429 467.157 77.4 0.96 0.02
430 469.305 118.3 0.95 -0.01
431 469.696 132.0 0.86 -0.09
432 471.772 229.8 0.82 -0.08
433 472.573 132.0 0.92 0.04
434 476.596 207.1 0.80 0.07
435 478.680 250.3 0.92 0.06
436 481.384 118.3 0.92 0.11
437 482.248 100.1 0.91 0.03
438 483.450 200.2 0.86 0.04
439 485.034 257.1 0.87 0.06
440 485.316 104.7 0.90 0.08
441 485.926 118.3 0.96 0.07
442 486.444 136.5 0.90 0.05
443 487.173 118.3 0.94 0.10
444 490.258 172.9 0.92 0.10
445 490.732 145.6 0.95 0.09
446 490.904 152.5 0.95 0.09
447 492.206 111.5 0.91 0.02
448 495.274 107.0 0.95 0.08
449 495.938 243.5 0.93 0.01
450 496.193 186.6 0.90 0.01
451 497.540 309.5 0.89 0.05
452 498.377 163.8 0.91 -0.01
453 498.605 163.8 0.90 0.07
454 501.163 273.1 0.86 0.05
455 501.645 95.6 0.85 0.00
456 502.228 120.6 0.81 0.05
457 502.610 111.5 0.78 0.06
458 504.685 168.4 0.79 -0.03
459 507.024 179.8 0.78 0.00
460 507.325 91.0 0.96 0.04
461 509.109 88.7 0.79 0.02
462 509.846 41.0 0.78 0.01
463 509.965 104.7 0.77 0.01
464 512.622 168.4 0.81 0.08
465 514.434 122.9 0.87 -0.00
466 514.689 132.0 0.79 -0.00
467 514.898 166.1 0.75 0.00
468 515.034 56.9 0.76 0.00
469 515.553 111.5 0.76 -0.01
470 515.835 86.5 0.85 -0.00
471 516.263 127.4 0.85 -0.01
472 516.573 163.8 0.86 0.03
473 518.557 91.0 0.72 0.12
474 519.959 175.2 0.81 0.07
475 520.468 202.5 0.82 0.01
476 520.678 145.6 0.81 0.05
477 522.608 88.7 0.80 0.00
478 523.090 175.2 0.82 -0.01
479 524.291 81.9 0.83 -0.01
480 525.602 154.7 0.71 0.01
481 525.811 172.9 0.90 0.01
482 526.066 118.3 0.92 0.01
483 527.077 95.6 0.72 -0.00
484 528.251 264.0 0.93 0.01
485 528.788 382.3 0.91 0.00
486 529.106 213.9 0.82 0.00
487 529.907 405.0 0.84 0.00
488 533.639 270.8 0.89 -0.05
489 533.922 261.7 0.88 0.04
490 534.814 227.6 0.92 -0.00
491 535.041 59.2 0.92 -0.00
492 535.250 150.2 0.91 -0.00
493 536.088 43.2 0.98 0.00
494 536.288 191.1 0.93 -0.00
495 536.534 134.3 0.84 -0.00
496 536.707 182.0 0.90 -0.00
497 536.898 127.4 0.90 -0.00
498 537.135 59.2 0.91 -0.00
499 537.226 75.1 0.98 -0.00
500 538.928 179.8 0.97 -0.00
501 540.712 316.3 0.83 -0.02
502 541.194 86.5 0.88 -0.01
503 544.025 104.7 0.95 -0.00
504 544.917 259.4 1.01 -0.00
505 545.126 175.2 0.93 -0.00
506 546.018 75.1 0.92 0.00
507 546.419 175.2 1.06 -0.01
508 546.637 279.9 0.85 -0.01
509 547.320 102.4 1.04 -0.03
510 549.586 182.0 1.01 -0.08
511 550.369 125.2 0.95 -0.06
512 551.425 120.6 0.86 0.07
513 551.625 147.9 0.94 -0.01
514 552.080 257.1 1.02 -0.04
515 552.772 52.3 1.03 -0.01
516 552.945 109.2 1.02 -0.04
517 553.419 118.3 0.99 -0.01
518 554.210 95.6 0.95 -0.14
519 554.565 195.7 0.94 0.00
520 555.193 136.5 0.94 0.01
521 556.604 56.9 0.93 0.06
522 556.732 161.6 0.91 0.06
523 557.569 213.9 1.00 0.04
524 557.888 66.0 0.90 0.04
525 560.391 95.6 0.96 0.01
526 560.600 145.6 0.97 0.12
527 560.937 84.2 0.85 0.05
528 561.119 45.5 0.93 0.12
529 561.265 93.3 0.93 0.10
530 562.821 163.8 0.90 0.13
531 563.777 227.6 0.87 0.11
532 564.296 109.2 0.94 0.00
533 564.587 97.8 0.87 0.02
534 567.718 150.2 0.91 -0.01
535 568.656 154.7 0.88 -0.04
536 568.829 145.6 0.88 -0.04
537 569.593 200.2 0.88 0.02
538 570.904 170.7 0.97 0.03
539 572.752 168.4 0.89 0.05
540 573.161 161.6 0.91 -0.05
541 575.227 177.5 0.87 0.11
542 576.720 150.2 0.93 0.00
543 577.904 163.8 0.93 0.08
544 578.340 127.4 1.01 0.06
545 578.723 154.7 1.00 0.09
546 578.941 91.0 0.96 0.09
547 580.616 81.9 0.91 0.00
548 580.734 122.9 0.93 0.00
549 581.890 147.9 0.88 -0.04
550 582.646 127.4 0.86 0.02
551 583.784 34.1 0.86 -0.00
552 585.495 172.9 0.82 -0.07
553 586.742 122.9 0.91 -0.01
554 587.971 227.6 1.01 0.02
555 588.134 138.8 0.96 0.02
556 589.008 122.9 0.96 0.01
557 589.336 218.5 1.03 0.02
558 590.328 132.0 0.92 0.02
559 590.446 52.3 0.92 0.02
560 590.638 182.0 1.07 0.01
561 591.648 163.8 0.89 -0.01
562 591.830 50.1 0.93 0.00
563 592.048 125.2 1.08 0.00
564 593.395 209.4 0.95 -0.03
565 594.606 141.1 0.82 -0.02
566 596.062 213.9 0.92 0.13
567 597.728 122.9 0.97 0.00
568 599.722 218.5 0.89 0.05
569 600.013 118.3 0.91 0.02
570 601.915 191.1 0.65 -0.00
571 604.245 227.6 1.01 0.01
572 605.374 757.8 0.97 0.00
573 606.120 157.0 0.95 0.00
574 606.375 81.9 0.90 0.02
575 606.466 66.0 0.93 0.02
576 606.612 166.1 0.92 0.01
577 607.067 150.2 0.89 -0.00
578 607.249 102.4 0.92 0.01
579 607.968 330.0 0.83 -0.01
580 610.089 218.5 0.92 0.01
581 610.562 163.8 0.94 -0.02
582 611.782 136.5 0.81 0.01
583 612.756 81.9 0.90 0.01
584 613.202 227.6 0.91 0.01
585 614.212 109.2 0.95 -0.00
586 614.585 109.2 1.00 -0.00
587 614.758 161.6 0.96 0.05
588 615.095 45.5 0.97 -0.00
589 615.195 102.4 1.01 0.00
590 615.951 191.1 1.00 0.04
591 616.897 125.2 0.91 0.01
592 617.544 50.1 0.86 0.01
593 618.372 100.1 0.90 0.01
594 619.683 118.3 0.99 0.06
595 622.422 204.8 0.86 0.01
596 623.533 198.0 1.01 0.00
597 625.490 157.0 0.96 -0.01
598 625.827 277.6 0.95 -0.04
599 627.265 152.5 0.97 -0.01
600 627.811 66.0 0.97 -0.00
601 628.293 70.5 0.97 -0.00
602 628.566 116.1 0.97 -0.00
603 629.094 172.9 0.97 0.02
604 631.361 154.7 0.87 0.02
605 632.917 141.1 0.85 0.04
606 633.263 104.7 0.83 0.05
607 633.482 159.3 0.87 0.04
608 635.002 163.8 0.86 0.05
609 635.266 195.7 0.84 0.07
610 635.885 63.7 0.86 0.07
611 637.860 109.2 0.81 0.01
612 641.191 132.0 0.95 -0.07
613 641.410 207.1 0.97 -0.07
614 642.147 141.1 0.97 -0.05
615 643.458 100.1 0.88 0.01
616 645.005 93.3 0.84 0.01
617 645.342 132.0 0.88 0.09
618 645.597 152.5 0.88 0.07
619 645.852 184.3 0.87 0.07
620 646.343 145.6 0.87 0.17
621 647.199 91.0 1.05 0.02
622 649.738 191.1 1.01 0.04
623 650.712 84.2 1.10 -0.07
624 651.185 111.5 1.08 -0.07
625 652.414 93.3 1.06 -0.07
626 653.907 118.3 1.04 0.03
627 654.835 59.2 1.01 0.09
628 655.227 111.5 1.04 0.09
629 655.445 177.5 1.06 0.01
630 655.728 177.5 1.05 -0.00
631 655.864 79.6 0.97 0.03
632 656.055 166.1 1.06 -0.02
633 657.648 45.5 1.07 0.00
634 658.376 177.5 0.98 0.09
635 658.759 163.8 0.93 0.09
636 662.390 282.2 0.91 0.04
637 663.910 154.7 1.05 0.02
638 665.294 141.1 1.08 0.12
639 666.477 54.6 1.04 -0.01
640 668.926 277.6 0.99 -0.03
641 669.126 91.0 1.06 0.01
642 669.526 195.7 1.09 0.00
643 669.772 138.8 1.08 -0.07
644 671.465 234.4 1.04 -0.11
645 672.121 225.3 0.97 -0.08
646 672.348 127.4 0.92 0.08
647 674.260 120.6 0.94 0.01
648 674.815 125.2 0.91 0.00
649 675.206 182.0 0.89 0.01
650 677.191 118.3 0.85 0.01
651 677.709 284.4 0.85 0.21
652 678.037 421.0 0.83 0.21
653 680.649 63.7 0.87 0.01
654 681.168 243.5 1.01 0.02
655 682.634 138.8 1.06 -0.01
656 682.889 132.0 1.08 -0.01
657 684.400 143.4 1.04 -0.00
658 685.920 54.6 1.04 0.03
659 686.985 309.5 1.02 -0.00
660 687.248 184.3 1.03 -0.00
661 688.486 327.7 1.04 -0.00
662 689.451 109.2 1.02 -0.00
663 690.416 386.8 1.04 0.00
664 690.534 91.0 1.00 -0.00
665 690.990 72.8 1.07 -0.00
666 691.672 152.5 1.03 0.00
667 692.455 134.3 1.01 0.00
668 693.638 125.2 1.08 0.01
669 693.984 54.6 0.97 -0.04
670 695.440 159.3 1.03 0.00
671 695.668 163.8 1.03 0.00
672 695.877 127.4 1.02 -0.01
673 696.842 227.6 1.00 0.00
674 697.680 143.4 1.00 -0.00
675 702.404 77.4 1.06 0.00
676 703.605 75.1 0.82 0.01
677 704.224 66.0 0.92 0.01
678 704.306 59.2 0.94 0.00
679 706.600 107.0 0.99 -0.00
680 706.818 127.4 0.98 -0.01
681 707.073 50.1 0.80 -0.00
682 707.774 159.3 0.98 -0.11
683 709.076 100.1 0.96 0.03
684 709.239 127.4 0.93 0.03
685 709.813 177.5 0.93 -0.01
686 711.743 200.2 0.86 -0.03
687 712.835 172.9 0.85 -0.01
688 715.820 97.8 0.88 -0.01
689 719.825 191.1 0.98 0.03
690 720.035 152.5 0.98 0.03
691 721.154 177.5 1.06 0.09
692 721.291 93.3 1.07 0.07
693 723.239 52.3 0.99 0.01
694 726.306 125.2 0.97 -0.00
695 726.570 25.0 0.99 -0.00
696 730.566 207.1 0.95 0.06
697 731.749 134.3 0.99 0.08
698 732.295 159.3 1.01 0.09
699 732.523 191.1 1.07 0.08
700 734.016 127.4 1.10 0.05
701 734.352 127.4 1.05 0.10
702 734.553 77.4 1.03 0.04
703 735.062 127.4 1.05 0.03
704 735.499 118.3 1.04 0.01
705 735.691 109.2 1.02 -0.02
706 737.529 104.7 0.99 0.02
707 745.876 145.6 1.10 0.00
708 746.194 182.0 1.08 -0.00
709 747.096 116.1 1.03 -0.02
710 747.778 86.5 1.08 0.00
711 750.946 56.9 1.11 -0.01
712 751.173 118.3 1.10 0.05
713 751.883 77.4 1.10 0.00
714 752.065 166.1 1.12 0.00
715 756.535 136.5 0.94 -0.10
716 757.581 113.8 1.05 0.01
717 761.523 227.6 1.02 0.03
718 761.878 177.5 1.01 0.02
719 762.442 118.3 1.04 0.02
720 763.143 88.7 1.02 -0.03
721 764.781 157.0 1.02 0.10
722 764.945 145.6 1.06 0.10
723 765.682 127.4 0.86 0.00
724 765.837 109.2 1.11 0.00
725 766.056 56.9 1.12 -0.00
726 766.538 182.0 1.07 0.00
727 766.793 175.2 1.11 0.00
728 767.375 109.2 1.07 -0.00
729 768.695 100.1 1.11 -0.02
730 769.059 218.5 0.94 -0.00
731 769.351 229.8 1.07 -0.00
732 769.551 86.5 1.09 -0.01
733 772.618 111.5 1.05 -0.01
734 773.428 127.4 1.07 -0.00
735 773.592 145.6 0.99 -0.00
736 774.475 134.3 1.01 -0.00
737 775.240 184.3 1.07 0.01
738 775.495 113.8 1.03 -0.01
739 776.113 95.6 1.01 -0.02
740 776.332 75.1 1.00 0.00
741 777.816 111.5 0.98 -0.00
742 779.317 136.5 1.14 -0.00
743 780.319 320.9 1.13 0.06
744 781.302 143.4 1.17 0.00
745 782.112 132.0 1.14 0.00
746 784.260 188.9 1.06 0.05
747 785.571 216.2 1.08 0.05
748 785.917 209.4 1.07 0.05
749 787.154 95.6 1.06 -0.03
750 787.728 118.3 1.02 0.04
751 789.712 154.7 0.95 -0.01
752 790.823 59.2 0.94 -0.04
753 793.581 113.8 0.96 0.00
754 794.291 184.3 0.93 -0.04
755 797.212 122.9 0.92 -0.03
756 798.678 145.6 0.93 0.02
757 803.165 125.2 0.91 0.13
758 808.126 179.8 0.89 0.11
759 808.517 52.3 0.93 0.14
760 809.500 200.2 0.89 0.11
761 810.119 136.5 0.90 0.00
762 810.829 134.3 0.92 0.02
763 811.339 68.3 0.88 -0.04
764 812.677 100.1 0.88 -0.08
765 812.914 213.9 0.87 -0.12
766 813.478 320.9 0.86 -0.10
767 814.252 191.1 0.89 -0.01
768 814.816 195.7 0.94 -0.01
769 816.436 232.1 0.87 0.02
770 819.467 154.7 0.77 -0.04
771 820.678 207.1 0.90 0.02
772 822.262 154.7 0.85 -0.04
773 823.846 257.1 0.89 0.01
774 824.911 245.8 0.97 0.00
775 825.648 243.5 0.92 0.08
776 826.522 129.7 0.99 0.10
777 828.770 88.7 1.08 -0.01
778 829.726 66.0 0.90 -0.02
779 829.862 154.7 0.97 0.00
780 831.610 238.9 0.82 -0.07
781 832.383 318.6 0.76 0.00
782 834.067 254.9 0.83 0.00
783 834.413 227.6 0.85 -0.02
784 834.941 134.3 0.89 0.03
785 835.660 136.5 1.02 0.02
786 836.015 120.6 0.92 -0.01
787 836.297 138.8 0.95 0.00
788 836.607 154.7 1.02 -0.01
789 837.972 172.9 1.07 -0.01
790 839.256 307.2 1.01 -0.00
791 840.530 118.3 1.13 -0.01
792 840.676 132.0 1.09 -0.01
793 840.848 168.4 1.07 -0.00
794 841.049 104.7 0.93 -0.00
795 842.851 88.7 0.96 0.01
796 843.324 59.2 1.04 -0.00
797 849.177 480.1 0.94 -0.00
798 849.851 107.0 0.98 -0.01
799 850.988 100.1 0.97 -0.01
800 853.601 127.4 0.90 0.00
801 854.975 282.2 0.96 -0.02
802 859.253 163.8 0.94 0.01
803 861.174 84.2 1.02 0.00
804 862.002 102.4 1.08 -0.03
805 862.157 116.1 1.10 -0.03
806 862.375 145.6 0.92 -0.02
807 863.695 236.7 0.90 0.05
808 864.551 150.2 0.97 0.03
809 867.909 145.6 0.91 0.13
810 868.228 109.2 0.92 0.09
811 870.995 145.6 0.92 0.03
812 872.442 218.5 1.04 0.04
813 872.843 63.7 1.07 0.03
814 873.016 72.8 0.91 0.03
815 873.844 218.5 0.83 -0.07
816 874.181 120.6 1.05 0.02
817 874.763 84.2 0.79 0.08
818 875.601 122.9 0.99 0.07
819 876.256 75.1 0.99 0.04
820 876.811 172.9 0.98 0.13
821 877.594 159.3 0.94 0.08
822 879.223 182.0 1.01 0.08
823 880.152 118.3 1.03 0.05
824 881.972 159.3 0.94 0.13
825 882.500 104.7 0.96 0.15
826 882.901 100.1 0.89 0.14
827 884.248 56.9 0.94 0.13
828 884.576 145.6 0.87 0.16
829 886.287 177.5 0.95 -0.04
830 886.833 198.0 0.96 -0.01
831 889.955 132.0 1.02 -0.12
832 890.465 138.8 0.87 -0.04
833 892.076 109.2 0.79 0.03
834 892.203 109.2 0.81 -0.03
835 892.431 166.1 1.07 0.05
836 892.649 91.0 0.81 0.07
837 892.859 68.3 0.90 0.01
838 893.523 168.4 0.89 0.03
839 894.943 118.3 1.07 -0.03
840 897.583 170.7 0.84 0.04
841 898.165 157.0 0.92 0.06
842 899.713 238.9 0.94 0.01
843 899.895 79.6 0.86 -0.01
844 900.668 63.7 0.86 0.05
845 902.980 129.7 0.93 0.07
846 903.080 79.6 0.92 0.07
847 904.136 191.1 1.00 0.09
848 907.249 177.5 0.98 0.05
849 910.462 161.6 0.89 0.01
850 910.626 134.3 0.87 -0.04
851 910.990 56.9 0.97 -0.05
852 913.639 56.9 0.95 -0.01
853 913.857 159.3 0.98 -0.01
854 914.331 50.1 0.93 -0.01
855 916.433 300.4 0.99 -0.00
856 917.162 166.1 1.00 -0.01
857 917.799 141.1 1.02 0.00
858 918.472 248.0 1.03 -0.00
859 918.663 161.6 1.01 0.00
860 924.289 81.9 1.01 -0.03
861 924.452 100.1 1.02 -0.01
862 925.326 132.0 1.02 -0.01
863 925.481 109.2 1.02 -0.03
864 926.500 204.8 1.00 -0.01
865 926.874 116.1 0.95 -0.01
866 927.001 107.0 0.98 -0.01
867 927.456 134.3 0.99 -0.03
868 928.239 125.2 1.01 -0.01
869 928.558 84.2 1.01 -0.02
870 928.730 97.8 1.01 -0.03
871 929.322 136.5 1.00 0.00
872 929.477 100.1 1.01 0.00
873 929.750 97.8 1.00 -0.01
874 930.678 79.6 0.96 0.01
875 931.579 88.7 0.99 -0.01
876 932.280 168.4 1.02 -0.02
877 932.481 136.5 1.02 -0.02
878 932.699 132.0 1.00 -0.01
879 933.318 120.6 1.00 -0.00
880 933.518 116.1 1.03 -0.00
881 934.064 132.0 0.97 -0.02
882 934.274 134.3 0.98 -0.01
883 934.483 223.0 0.96 0.00
884 935.056 168.4 0.93 -0.01
885 935.967 182.0 1.07 0.01
886 936.531 47.8 1.05 -0.01
887 937.915 434.6 0.97 -0.00
888 938.233 252.6 1.03 -0.01
889 939.152 100.1 1.04 -0.01
890 939.781 264.0 1.02 -0.00
891 940.081 448.3 0.82 -0.00
892 940.527 61.4 1.02 -0.01
893 940.682 43.2 1.04 -0.00
894 941.920 166.1 1.02 -0.01
895 943.157 125.2 1.02 0.01
896 943.285 102.4 1.00 0.01
897 943.613 93.3 0.96 0.01
898 944.086 129.7 0.99 -0.01
899 944.295 179.8 0.98 -0.01
900 948.919 186.6 0.93 -0.05
901 949.538 161.6 1.09 -0.11
902 951.896 136.5 1.02 -0.07
903 952.178 200.2 1.02 -0.08
904 952.815 209.4 1.02 -0.02
905 954.071 125.2 0.99 0.01
906 955.109 163.8 0.84 -0.10
907 955.336 132.0 0.88 0.04
908 956.110 241.2 0.94 0.05
909 959.250 118.3 0.96 0.02
910 959.760 63.7 0.92 0.01
911 961.034 229.8 1.00 0.04
912 962.035 118.3 0.93 0.05
913 963.565 175.2 0.93 -0.00
914 966.932 113.8 0.90 0.02
915 968.762 138.8 0.87 0.01
916 971.238 389.1 0.88 -0.00
917 973.877 127.4 1.02 -0.06
918 974.424 204.8 0.99 -0.04
919 974.669 186.6 0.99 -0.05
920 974.861 154.7 1.01 -0.07
921 976.317 102.4 0.96 -0.07
922 977.345 129.7 0.95 -0.09
923 979.120 109.2 0.89 0.02
924 980.258 125.2 0.94 0.07
925 981.360 204.8 0.85 0.05
926 983.371 159.3 0.94 -0.00
927 984.454 207.1 0.96 0.01
928 986.411 182.0 0.88 0.06
929 986.657 118.3 0.88 0.06
930 987.849 95.6 0.84 0.00
931 988.869 168.4 0.85 0.01
932 990.307 341.3 0.85 0.00
933 990.917 238.9 0.88 -0.02
934 992.492 141.1 0.85 0.01
935 992.992 200.2 0.89 -0.00
936 993.347 236.7 0.85 0.03
937 993.611 127.4 0.94 -0.00
938 995.541 150.2 0.79 -0.00
939 996.114 120.6 0.85 0.00
940 996.242 132.0 0.85 0.00
941 996.606 122.9 0.88 0.04
942 996.833 56.9 0.91 -0.03
943 997.307 77.4 0.89 -0.03
944 999.728 279.9 0.89 -0.00
945 1000.556 186.6 0.88 -0.00
946 1001.075 38.7 0.89 0.01
947 1002.040 136.5 0.90 0.00
948 1002.340 100.1 0.90 0.00
949 1002.786 136.5 0.86 0.00
950 1003.460 175.2 0.90 0.00
951 1003.906 129.7 0.92 0.01
952 1004.570 172.9 0.91 -0.01
953 1005.499 63.7 0.89 -0.00
954 1005.653 118.3 0.96 0.03
955 1006.846 109.2 0.97 0.00
956 1006.973 61.4 0.94 0.00
957 1007.701 61.4 0.84 -0.01
958 1009.039 127.4 0.98 -0.01
959 1010.405 122.9 0.88 -0.00
960 1011.315 232.1 0.92 -0.00
961 1012.507 157.0 0.92 -0.00
962 1013.317 84.2 0.89 0.01
963 1014.983 241.2 0.97 0.05
964 1015.620 50.1 0.96 -0.02
965 1016.776 179.8 0.96 -0.02
966 1018.979 198.0 0.86 0.04
967 1020.044 122.9 0.90 -0.00
968 1021.000 91.0 0.74 0.10
969 1022.347 54.6 0.80 0.04
970 1026.297 234.4 0.86 -0.01
971 1026.598 116.1 0.86 -0.01
972 1026.880 175.2 0.82 -0.01
973 1029.392 193.4 0.77 -0.09
974 1029.592 159.3 0.89 -0.00
975 1029.774 145.6 0.77 -0.07
976 1030.666 211.6 0.79 -0.08
977 1031.221 211.6 0.86 0.01
978 1031.749 211.6 0.96 0.04
979 1032.186 91.0 0.80 0.00
980 1032.496 86.5 0.78 0.04
981 1032.787 154.7 1.04 0.08
982 1034.608 193.4 0.84 0.06
983 1036.519 163.8 0.76 0.11
984 1038.430 159.3 1.05 0.15
985 1038.795 275.3 1.04 0.16
986 1042.035 168.4 0.99 0.17
987 1044.602 218.5 0.99 0.04
988 1045.585 136.5 1.04 0.10
989 1046.231 122.9 1.03 0.13
990 1046.358 102.4 0.99 0.13
991 1050.373 118.3 0.96 0.01
992 1053.285 127.4 0.97 0.05
993 1053.531 127.4 0.94 0.05
994 1054.614 61.4 1.00 0.01
995 1055.288 170.7 0.99 0.05
996 1057.518 86.5 0.92 0.09
997 1058.392 234.4 1.02 -0.01
998 1059.730 266.2 1.01 -0.00
999 1060.713 147.9 0.97 0.07
1000 1064.499 154.7 0.97 0.06
1001 1064.736 129.7 0.92 0.01
1002 1070.671 282.2 0.85 -0.03
1003 1074.448 154.7 0.93 0.02
1004 1074.666 157.0 0.77 -0.00
1005 1075.722 248.0 0.85 -0.00
1006 1076.250 136.5 0.72 0.03
1007 1076.933 191.1 0.82 0.08
1008 1078.062 241.2 0.88 -0.00
1009 1079.381 421.0 0.85 -0.00
1010 1080.037 819.2 0.80 0.00
1011 1081.793 186.6 0.92 0.00
1012 1082.494 141.1 0.73 0.01
1013 1082.649 120.6 0.90 0.00
1014 1083.559 398.2 0.87 0.00
1015 1084.743 109.2 0.87 0.01
1016 1086.071 163.8 0.89 0.04
1017 1086.563 25.0 0.82 0.00
1018 1087.846 47.8 0.80 0.00
1019 1090.122 132.0 0.93 0.03
1020 1090.796 113.8 1.02 0.00
1021 1091.242 138.8 0.97 -0.02
1022 1093.390 352.7 0.87 -0.04
1023 1093.535 79.6 0.81 0.00
1024 1093.827 195.7 0.83 -0.07
1025 1094.345 127.4 0.87 0.02
1026 1096.002 157.0 0.85 -0.01
1027 1098.214 172.9 1.09 -0.01
1028 1098.414 229.8 1.06 -0.01
1029 1099.279 136.5 0.74 -0.05
1030 1099.816 136.5 0.81 -0.03
1031 1100.444 177.5 0.75 0.04
1032 1103.429 211.6 0.91 0.00
1033 1107.453 79.6 0.99 0.12
1034 1109.164 218.5 1.01 0.01
1035 1111.521 143.4 0.99 0.00
1036 1111.831 79.6 0.99 0.00
1037 1112.741 191.1 0.97 0.03
1038 1114.024 104.7 1.00 0.02
1039 1115.335 236.7 1.03 0.01
1040 1115.581 179.8 1.01 0.01
1041 1116.455 127.4 0.97 -0.01
1042 1117.247 191.1 1.06 0.05
1043 1117.711 152.5 1.05 -0.02
1044 1118.129 120.6 1.00 -0.02
1045 1120.032 100.1 0.92 0.01
1046 1121.461 177.5 0.97 0.08
1047 1122.644 136.5 0.70 -0.07
1048 1122.826 59.2 0.96 -0.07
1049 1123.199 175.2 0.97 -0.08
1050 1123.482 104.7 0.93 0.10
1051 1124.091 336.8 0.92 -0.10
1052 1125.029 107.0 0.92 -0.01
1053 1125.466 109.2 0.88 0.09
1054 1131.947 93.3 0.99 0.06
1055 1133.057 68.3 1.08 0.08
1056 1133.594 52.3 1.00 0.00
1057 1133.758 86.5 1.04 0.00
1058 1134.204 166.1 1.12 0.09
1059 1135.424 109.2 1.06 0.09
1060 1137.517 138.8 1.11 0.10
1061 1140.075 111.5 1.07 0.01
1062 1141.213 175.2 1.10 -0.05
1063 1150.543 150.2 1.08 0.13
1064 1152.026 188.9 1.07 0.09
1065 1152.226 150.2 1.02 0.09
1066 1152.545 107.0 1.01 -0.00
1067 1153.310 225.3 0.99 0.10
1068 1153.610 213.9 1.08 0.10
1069 1154.356 93.3 1.09 -0.00
1070 1155.376 257.1 0.92 0.06
1071 1156.004 157.0 0.97 0.14
1072 1156.231 136.5 0.99 -0.00
1073 1156.723 145.6 0.94 0.00
1074 1157.114 109.2 1.11 -0.00
1075 1157.788 252.6 1.08 -0.00
1076 1158.034 204.8 0.89 -0.00
1077 1159.208 275.3 1.09 -0.00
1078 1159.545 182.0 1.10 -0.00
1079 1160.200 264.0 1.02 -0.00
1080 1160.409 86.5 1.12 0.06
1081 1162.831 193.4 1.04 0.05
1082 1163.823 107.0 1.08 0.08
1083 1164.897 191.1 1.10 0.07
1084 1165.397 227.6 1.09 0.08
1085 1165.616 184.3 1.09 0.08
1086 1166.626 289.0 1.09 0.06
1087 1169.421 182.0 0.99 -0.02
1088 1170.303 79.6 0.99 -0.02
1089 1170.595 166.1 1.07 0.00
1090 1170.895 257.1 0.99 0.00
1091 1171.268 266.2 1.01 0.00
1092 1171.450 152.5 1.06 0.01
1093 1173.344 113.8 1.08 0.01
1094 1174.609 79.6 1.04 0.03
1095 1175.783 152.5 1.03 0.02
1096 1176.092 100.1 1.05 0.05
1097 1181.108 95.6 1.01 0.01
1098 1181.463 225.3 1.06 -0.01
1099 1183.019 113.8 1.14 -0.05
1100 1183.219 109.2 1.16 -0.05
1101 1183.948 227.6 1.16 -0.02
1102 1185.786 177.5 1.16 0.03
1103 1186.160 168.4 1.15 0.03
1104 1187.416 268.5 1.15 0.08
1105 1187.780 127.4 1.15 0.10
1106 1188.963 232.1 1.17 0.11
1107 1189.637 102.4 1.11 0.01
1108 1191.075 122.9 1.07 0.05
1109 1194.297 113.8 1.02 0.15
1110 1195.589 141.1 0.95 0.06
1111 1197.865 136.5 1.04 0.14
1112 1198.548 118.3 1.05 0.09
1113 1198.939 143.4 1.04 0.10
1114 1202.016 136.5 1.14 0.10
1115 1202.352 145.6 1.15 0.13
1116 1204.145 77.4 1.12 0.10
1117 1204.419 118.3 1.08 0.04
1118 1206.175 170.7 1.12 0.01
1119 1209.461 145.6 1.12 0.02
1120 1209.707 86.5 1.09 0.02
1121 1209.834 107.0 1.06 0.03
1122 1210.708 93.3 1.10 0.02
1123 1211.719 100.1 1.10 0.04
1124 1213.002 182.0 1.11 -0.01
1125 1214.649 118.3 1.13 -0.02
1126 1214.886 93.3 1.12 -0.03
1127 1215.714 100.1 1.11 0.03
1128 1216.270 107.0 1.11 0.01
1129 1217.189 118.3 1.13 0.01
1130 1218.190 100.1 1.11 0.03
1131 1218.627 91.0 1.13 0.01
1132 1224.170 152.5 1.04 0.01
1133 1224.999 113.8 1.04 0.00
1134 1226.774 118.3 1.12 0.01
1135 1227.957 375.5 1.10 0.00
1136 1228.212 77.4 1.09 0.01
1137 1228.348 77.4 1.08 -0.00
1138 1229.104 177.5 1.09 -0.01
1139 1229.932 204.8 1.10 0.00
1140 1230.442 127.4 1.09 -0.02
1141 1230.615 129.7 1.08 0.00
1142 1231.288 154.7 1.06 0.00
1143 1231.789 127.4 1.07 -0.03
1144 1232.854 141.1 1.04 -0.03
1145 1233.582 179.8 1.04 -0.00
1146 1234.092 291.3 1.05 -0.00
1147 1234.410 52.3 1.03 0.01
1148 1234.638 109.2 1.05 -0.01
1149 1234.820 182.0 0.97 0.00
1150 1235.839 348.2 1.03 0.02
1151 1236.977 819.2 0.95 -0.00
1152 1237.542 500.6 1.05 -0.00
1153 1238.315 118.3 0.97 0.00
1154 1238.643 54.6 0.94 0.00
1155 1238.779 116.1 0.91 0.00
1156 1239.753 152.5 0.93 -0.04
1157 1240.873 330.0 1.00 0.05
1158 1241.565 102.4 0.97 0.03
1159 1241.783 95.6 0.97 0.03
1160 1242.011 116.1 1.00 0.00
1161 1243.940 56.9 1.01 0.06
1162 1244.550 102.4 1.02 0.01
1163 1244.687 36.4 1.04 0.02
1164 1244.860 59.2 1.03 0.01
1165 1245.643 168.4 1.02 0.06
1166 1246.480 118.3 1.01 0.04
1167 1246.953 120.6 1.01 0.01
1168 1247.117 161.6 0.99 -0.00
1169 1247.454 68.3 1.04 0.04
1170 1248.091 134.3 1.02 0.01
1171 1249.775 145.6 1.03 0.00
1172 1249.911 102.4 1.01 -0.00
1173 1250.148 120.6 1.02 0.00
1174 1250.476 125.2 1.01 0.00
1175 1250.603 50.1 1.01 -0.00
1176 1250.776 248.0 0.99 -0.00
1177 1251.095 45.5 1.03 0.01
1178 1251.359 100.1 0.99 -0.00
1179 1253.680 236.7 0.96 0.03
1180 1254.972 195.7 0.98 0.02
1181 1257.903 134.3 1.00 0.05
1182 1258.777 116.1 0.99 0.05
1183 1259.187 320.9 0.98 0.04
1184 1259.924 191.1 0.97 0.03
1185 1260.252 241.2 0.96 0.03
1186 1263.337 238.9 0.97 -0.02
1187 1264.794 100.1 0.96 -0.03
1188 1266.459 159.3 0.97 -0.00
1189 1266.933 172.9 0.95 -0.01
1190 1267.160 107.0 0.98 -0.01
1191 1267.288 63.7 0.98 -0.01
1192 1268.089 223.0 0.96 -0.00
1193 1269.290 107.0 1.01 0.03
1194 1269.973 127.4 1.04 0.05
1195 1270.146 145.6 0.96 0.05
1196 1270.728 107.0 0.98 0.08
1197 1273.013 198.0 1.00 0.07
1198 1273.632 125.2 0.99 -0.00
1199 1273.814 68.3 0.98 0.01
1200 1274.770 157.0 1.00 0.06
1201 1275.616 218.5 0.99 0.00
1202 1276.126 84.2 0.99 0.01
1203 1276.472 50.1 1.04 0.00
1204 1276.645 66.0 1.04 0.01
1205 1279.248 232.1 1.07 0.08
1206 1279.475 193.4 1.10 0.08
1207 1281.041 118.3 1.11 0.01
1208 1281.824 107.0 1.11 0.03
1209 1283.153 159.3 1.07 0.05
1210 1283.526 195.7 1.09 0.07
1211 1289.715 188.9 0.95 0.05
1212 1290.070 91.0 1.06 0.04
1213 1290.371 109.2 0.93 0.01
1214 1291.017 136.5 0.93 0.03
1215 1292.428 172.9 1.02 0.04
1216 1292.874 250.3 0.97 0.03
1217 1293.839 141.1 0.97 0.02
1218 1293.975 54.6 0.97 0.03
1219 1294.212 118.3 0.97 0.02
1220 1295.523 193.4 0.96 0.01
1221 1295.823 97.8 0.99 0.02
1222 1296.187 236.7 0.96 0.00
1223 1296.879 209.4 0.97 -0.01
1224 1299.737 182.0 0.94 0.00
1225 1301.894 172.9 1.02 0.08
1226 1303.178 136.5 1.01 0.09
1227 1303.414 195.7 1.02 0.09
1228 1307.456 170.7 1.04 0.00
1229 1307.629 116.1 1.03 0.00
1230 1307.920 257.1 0.91 0.00
1231 1308.530 132.0 1.09 -0.00
1232 1308.967 166.1 0.95 0.01
1233 1310.514 143.4 0.96 0.00
1234 1310.905 175.2 0.99 -0.01
1235 1311.406 218.5 0.97 0.02
1236 1313.563 56.9 0.97 -0.00
1237 1313.736 145.6 0.96 -0.01
1238 1313.946 84.2 0.90 0.01
1239 1314.692 100.1 1.01 0.00
1240 1318.642 418.7 1.00 -0.00
1241 1319.307 88.7 1.01 0.13
1242 1322.820 134.3 0.99 0.10
1243 1324.113 236.7 0.87 0.08
1244 1324.623 182.0 0.78 -0.06
1245 1326.024 143.4 0.78 0.03
1246 1326.616 175.2 0.78 0.12
1247 1328.855 175.2 1.08 -0.00
1248 1330.630 314.0 0.90 0.00
1249 1332.933 200.2 1.05 0.15
1250 1333.379 184.3 1.05 -0.01
1251 1334.954 264.0 1.03 0.14
1252 1335.864 154.7 0.98 0.08
1253 1337.265 109.2 1.01 0.19
1254 1339.623 227.6 0.99 0.17
1255 1340.124 118.3 0.99 0.16
1256 1342.681 236.7 1.02 -0.00
1257 1344.984 93.3 1.07 0.19
1258 1346.796 116.1 0.90 0.02
1259 1347.742 307.2 0.97 0.05
1260 1348.052 127.4 0.91 0.03
1261 1348.570 145.6 0.92 0.14
1262 1348.834 166.1 0.95 0.09
1263 1349.362 157.0 0.93 0.07
1264 1352.603 136.5 0.88 0.05
1265 1352.967 136.5 0.94 0.06
1266 1353.203 163.8 0.92 0.06
1267 1353.704 120.6 0.91 0.05
1268 1354.068 204.8 0.93 0.05
1269 1354.887 127.4 0.88 0.06
1270 1358.710 270.8 0.85 0.06
1271 1360.968 175.2 1.02 0.05
1272 1364.827 168.4 0.92 0.03
1273 1365.100 91.0 0.90 0.12
1274 1366.074 125.2 0.87 0.04
1275 1367.685 179.8 0.83 -0.01
1276 1368.759 127.4 0.79 0.01
1277 1368.914 132.0 0.88 0.00
1278 1369.196 109.2 0.81 0.05
1279 1369.770 59.2 0.83 0.04
1280 1371.435 163.8 0.88 -0.05
1281 1371.690 136.5 0.84 -0.05
1282 1371.845 152.5 0.85 -0.00
1283 1372.018 136.5 0.82 0.01
1284 1372.528 186.6 0.95 -0.02
1285 1373.156 145.6 0.85 -0.02
1286 1373.483 72.8 0.95 -0.00
1287 1375.440 163.8 0.79 0.03
1288 1375.795 145.6 0.94 0.02
1289 1376.514 204.8 0.87 -0.01
1290 1378.216 38.7 1.00 0.02
1291 1379.190 113.8 0.97 -0.01
1292 1380.556 188.9 0.91 -0.01
1293 1380.956 200.2 0.92 0.03
1294 1382.458 211.6 0.97 0.08
1295 1382.676 102.4 0.89 0.00
1296 1383.113 47.8 0.85 0.00
1297 1383.241 66.0 0.90 -0.01
1298 1383.423 152.5 0.95 0.00
1299 1384.333 84.2 0.86 0.00
1300 1385.826 172.9 0.92 0.01
1301 1386.518 93.3 0.94 0.01
1302 1386.672 182.0 0.90 -0.00
1303 1387.137 152.5 0.91 -0.00
1304 1387.410 225.3 0.91 0.14
1305 1388.202 191.1 0.88 -0.00
1306 1388.948 125.2 0.87 0.02
1307 1389.257 284.4 0.88 -0.02
1308 1390.841 125.2 0.87 0.00
1309 1392.643 145.6 0.79 0.09
1310 1395.793 127.4 0.80 0.18
1311 1397.522 166.1 0.86 0.00
1312 1398.250 168.4 0.93 0.00
1313 1398.460 120.6 0.93 -0.00
1314 1402.119 125.2 1.01 0.02
1315 1402.656 127.4 1.04 0.00
1316 1402.956 204.8 1.06 0.10
1317 1404.922 157.0 1.06 0.11
1318 1405.660 154.7 0.94 0.03
1319 1406.588 127.4 0.91 0.01
1320 1407.362 182.0 0.89 0.01
1321 1407.871 241.2 0.92 0.09
1322 1409.455 113.8 0.97 0.04
1323 1409.874 182.0 0.95 0.07
1324 1410.220 184.3 1.04 0.09
1325 1410.511 248.0 1.00 0.09
1326 1410.811 132.0 1.10 0.06
1327 1411.157 109.2 1.07 0.03
1328 1412.623 120.6 1.12 0.08
1329 1412.950 79.6 1.12 0.07
1330 1414.789 116.1 1.03 0.01
1331 1415.499 132.0 1.00 -0.02
1332 1416.437 163.8 1.05 -0.05
1333 1418.312 159.3 0.96 0.09
1334 1418.912 154.7 1.01 0.06
1335 1421.507 100.1 0.97 0.03
1336 1424.820 143.4 1.02 0.11
1337 1427.104 188.9 1.00 0.04
1338 1427.569 122.9 0.93 0.07
1339 1428.260 191.1 0.95 0.05
1340 1428.770 202.5 0.91 0.11
1341 1430.454 213.9 0.92 0.06
1342 1432.475 150.2 0.94 0.08
1343 1432.693 86.5 0.95 0.14
1344 1433.776 154.7 0.87 0.12
1345 1433.968 104.7 0.85 0.10
1346 1435.770 225.3 0.82 0.00
1347 1436.316 177.5 0.83 0.01
1348 1441.095 109.2 1.07 0.10
1349 1445.509 166.1 1.05 0.10
1350 1449.469 109.2 1.07 0.10
1351 1451.435 91.0 1.07 0.12
1352 1451.944 132.0 1.07 0.12
1353 1452.390 154.7 1.07 0.09
1354 1455.922 163.8 1.05 0.06
1355 1456.969 63.7 1.08 0.10
1356 1458.671 186.6 1.10 0.14
1357 1462.294 270.8 1.06 0.07
1358 1463.359 157.0 1.06 0.09
1359 1464.906 234.4 0.99 0.01
1360 1465.725 109.2 1.02 0.00
1361 1465.916 116.1 1.03 0.00
1362 1469.102 102.4 1.07 -0.00
1363 1470.185 198.0 1.07 0.00
1364 1470.704 154.7 0.92 0.00
1365 1470.804 77.4 0.96 0.03
1366 1471.669 109.2 1.06 -0.00
1367 1471.851 157.0 1.00 -0.00
1368 1472.160 118.3 0.93 0.01
1369 1473.143 138.8 1.12 0.00
1370 1474.554 111.5 0.89 0.00
1371 1474.782 100.1 1.08 0.00
1372 1475.301 266.2 1.00 -0.00
1373 1475.556 147.9 1.00 0.00
1374 1478.805 54.6 0.89 -0.00
1375 1479.460 59.2 1.04 -0.00
1376 1480.571 138.8 0.99 0.14
1377 1480.798 225.3 1.06 0.00
1378 1483.720 448.3 1.01 0.08
1379 1484.749 227.6 1.02 0.08
1380 1485.286 227.6 1.02 0.07
1381 1485.768 345.9 0.96 0.00
1382 1486.151 316.3 0.99 0.00
1383 1486.506 68.3 1.00 0.13
1384 1487.652 154.7 1.00 0.16
1385 1487.980 177.5 0.99 0.12
1386 1488.144 109.2 1.00 0.16
1387 1488.481 282.2 0.97 0.17
1388 1491.466 75.1 1.02 0.07
1389 1492.258 172.9 1.03 0.09
1390 1493.405 141.1 1.04 0.10
1391 1493.669 66.0 1.01 0.09
1392 1494.060 109.2 1.03 0.09
1393 1495.353 70.5 1.01 0.04
1394 1495.844 86.5 1.01 0.04
1395 1496.345 191.1 1.04 0.08
1396 1497.619 109.2 0.94 0.09
1397 1501.069 477.9 0.93 0.10
1398 1502.334 100.1 0.95 0.10
1399 1503.618 113.8 0.95 0.05
1400 1504.364 109.2 0.91 0.13
1401 1504.801 209.4 0.94 0.16
1402 1506.549 136.5 1.02 -0.06
1403 1506.913 138.8 0.98 -0.07
1404 1507.359 113.8 0.92 0.02
1405 1508.196 330.0 0.87 0.10
1406 1508.578 241.2 0.88 0.05
1407 1509.061 120.6 0.83 -0.04
1408 1512.247 175.2 0.90 0.03
1409 1512.674 170.7 1.03 0.08
1410 1513.585 138.8 1.05 0.06
1411 1514.695 168.4 0.97 0.06
1412 1514.904 188.9 0.99 -0.00
1413 1515.860 102.4 0.91 0.04
1414 1516.070 159.3 0.90 0.05
1415 1519.956 195.7 0.88 0.09
1416 1521.722 147.9 0.85 0.11
1417 1521.859 54.6 0.83 0.05
1418 1524.689 88.7 0.96 0.09
1419 1525.327 200.2 0.79 0.10
1420 1526.501 52.3 0.93 0.02
1421 1528.257 138.8 1.04 0.02
1422 1529.231 261.7 0.97 -0.04
1423 1530.287 93.3 0.94 0.03
1424 1532.690 182.0 0.99 0.05
1425 1533.910 284.4 1.01 0.07
1426 1534.474 184.3 0.96 0.04
1427 1535.284 145.6 0.93 0.04
1428 1535.530 102.4 0.96 0.01
1429 1537.087 193.4 0.99 0.08
1430 1537.469 138.8 0.87 0.09
1431 1538.061 109.2 0.83 0.09
1432 1538.652 145.6 0.97 0.02
1433 1540.691 238.9 0.99 0.09
1434 1541.565 200.2 1.01 0.09
1435 1545.970 282.2 0.98 -0.00
1436 1546.298 63.7 0.93 0.00
1437 1546.926 127.4 0.99 0.00
1438 1548.355 209.4 1.05 0.05
1439 1549.493 250.3 1.04 -0.00
1440 1549.802 243.5 1.01 0.08
1441 1550.958 109.2 1.02 -0.00
1442 1551.104 152.5 1.02 0.00
1443 1552.123 154.7 1.01 0.00
1444 1552.433 254.9 1.03 0.01
1445 1553.106 211.6 1.04 0.01
1446 1553.443 138.8 1.06 0.00
1447 1553.725 286.7 1.03 0.00
1448 1554.490 163.8 1.03 -0.00
1449 1555.182 132.0 0.97 -0.00
1450 1555.437 166.1 1.01 -0.00
1451 1558.568 107.0 1.01 -0.00
1452 1558.932 163.8 0.99 -0.00
1453 1559.150 122.9 0.99 0.01
1454 1560.015 241.2 1.01 0.00
1455 1560.616 248.0 0.91 -0.03
1456 1561.053 118.3 0.95 -0.00
1457 1562.099 61.4 0.93 0.00
1458 1562.300 179.8 1.02 0.00
1459 1563.720 63.7 0.92 0.00
1460 1563.811 70.5 0.91 0.00
1461 1564.157 318.6 0.93 0.00
1462 1564.657 95.6 0.96 0.00
1463 1565.595 66.0 0.92 0.03
1464 1565.777 52.3 0.92 0.00
1465 1566.159 66.0 0.91 0.00
1466 1566.487 147.9 0.94 0.04
1467 1567.898 227.6 0.95 0.01
1468 1571.548 188.9 0.92 -0.02
1469 1574.078 125.2 0.89 -0.00
1470 1574.624 81.9 0.86 0.01
1471 1575.416 316.3 0.87 -0.01
1472 1576.800 216.2 0.86 -0.05
1473 1580.850 59.2 0.93 0.00
1474 1581.578 200.2 0.92 -0.01
1475 1582.743 207.1 0.92 0.01
1476 1583.981 84.2 0.96 -0.02
1477 1584.627 100.1 0.91 -0.04
1478 1584.791 109.2 0.93 -0.03
1479 1585.383 109.2 0.97 0.00
1480 1587.622 150.2 0.90 -0.01
1481 1588.751 236.7 0.96 0.03
1482 1593.029 100.1 0.99 0.01
1483 1593.420 129.7 1.05 -0.00
1484 1593.712 154.7 1.02 -0.01
1485 1593.857 91.0 1.00 0.00
1486 1594.176 154.7 1.05 0.01
1487 1598.891 168.4 1.02 0.03
1488 1599.437 145.6 0.99 0.01
1489 1599.810 120.6 0.98 -0.01
1490 1600.174 386.8 1.01 0.01
1491 1600.547 129.7 1.02 0.01
1492 1600.684 91.0 1.04 0.04
1493 1601.931 134.3 1.01 0.04
1494 1603.160 113.8 1.12 -0.02
1495 1603.424 104.7 1.10 -0.04
1496 1606.646 179.8 0.94 -0.10
1497 1607.401 225.3 1.02 0.02
1498 1610.769 122.9 0.99 -0.11
1499 1611.452 177.5 1.06 -0.11
1500 1612.753 141.1 1.09 -0.07
1501 1613.081 132.0 1.08 -0.03
1502 1613.372 141.1 1.09 -0.07
1503 1615.611 132.0 1.05 -0.09
1504 1618.260 54.6 1.03 -0.17
1505 1619.307 132.0 1.02 -0.08
1506 1619.544 211.6 1.04 -0.06
1507 1619.908 264.0 1.03 -0.09
1508 1621.464 300.4 1.03 0.00
1509 1623.403 107.0 0.91 -0.06
1510 1624.714 111.5 0.96 0.02
1511 1625.132 166.1 0.97 0.00
1512 1626.680 66.0 1.00 0.03
1513 1627.299 175.2 0.88 0.04
1514 1629.975 163.8 0.92 -0.03
1515 1630.466 120.6 0.99 -0.05
1516 1630.912 122.9 0.94 -0.02
1517 1631.968 289.0 0.94 -0.00
1518 1632.259 177.5 0.97 0.00
1519 1632.551 157.0 0.95 0.05
1520 1632.824 175.2 0.97 0.05
1521 1633.306 159.3 0.95 0.03
1522 1634.344 50.1 0.92 0.03
1523 1634.781 223.0 0.96 -0.02
1524 1635.118 168.4 0.99 -0.02
1525 1637.912 163.8 0.96 -0.00
1526 1638.485 154.7 0.96 -0.03
1527 1638.868 93.3 0.96 -0.06
1528 1639.004 107.0 0.95 -0.06
1529 1639.259 182.0 0.97 -0.00
1530 1639.860 157.0 1.03 -0.06
1531 1641.016 168.4 1.00 0.01
1532 1641.708 345.9 1.00 -0.05
1533 1643.592 159.3 1.03 -0.08
1534 1644.101 184.3 0.92 -0.12
1535 1646.960 177.5 0.83 0.01
1536 1647.406 184.3 0.80 -0.09
1537 1651.310 264.0 0.89 -0.08
1538 1652.439 59.2 0.83 -0.10
1539 1653.914 159.3 0.95 -0.08
1540 1655.770 213.9 0.92 0.00
1541 1657.391 286.7 0.99 -0.08
1542 1658.738 259.4 1.01 -0.07
1543 1659.111 159.3 0.99 -0.05
1544 1660.249 138.8 0.96 -0.08
1545 1660.822 141.1 0.91 -0.11
1546 1662.188 157.0 0.92 -0.10
1547 1664.290 304.9 0.90 -0.08
1548 1664.873 145.6 0.83 -0.10
1549 1665.346 141.1 0.84 -0.05
1550 1665.473 97.8 0.82 -0.05
1551 1667.740 252.6 0.96 -0.00
1552 1669.032 77.4 0.81 -0.00
1553 1669.133 81.9 0.81 -0.01
1554 1669.733 318.6 0.99 -0.03
1555 1670.562 218.5 0.83 -0.02
1556 1671.044 209.4 1.09 -0.13
1557 1672.737 136.5 1.05 -0.11
1558 1674.266 218.5 0.91 -0.13
1559 1674.667 113.8 0.84 -0.14
1560 1674.931 118.3 1.07 0.07
1561 1675.349 100.1 0.99 0.11
1562 1676.132 104.7 0.88 0.07
1563 1676.469 93.3 0.84 -0.09
1564 1677.343 145.6 0.80 0.13
1565 1677.525 109.2 0.80 -0.00
1566 1677.807 257.1 0.80 0.10
1567 1678.007 107.0 0.73 -0.15
1568 1678.990 127.4 0.78 0.06
1569 1679.218 273.1 0.77 0.02
1570 1679.819 52.3 0.79 -0.06
1571 1680.592 161.6 0.90 -0.04
1572 1681.475 291.3 1.02 -0.02
1573 1682.313 109.2 1.01 -0.10
1574 1682.859 145.6 1.01 -0.07
1575 1683.223 129.7 1.01 -0.06
1576 1683.405 168.4 0.99 -0.06
1577 1683.924 136.5 1.00 0.00
1578 1684.397 100.1 1.05 -0.02
1579 1684.552 150.2 1.10 -0.05
1580 1685.162 147.9 1.06 -0.06
1581 1685.662 200.2 1.03 -0.09
1582 1686.081 159.3 0.97 -0.05
1583 1687.064 172.9 0.91 -0.23
1584 1687.392 163.8 0.98 0.06
1585 1687.646 182.0 0.98 0.04
1586 1688.611 68.3 0.88 0.00
1587 1691.187 227.6 0.76 -0.01
1588 1691.706 127.4 0.94 0.03
1589 1692.607 232.1 1.02 0.02
1590 1693.399 200.2 0.94 0.02
1591 1693.954 136.5 1.01 -0.13
1592 1694.901 136.5 1.02 -0.16
1593 1695.301 118.3 1.03 -0.10
1594 1695.975 163.8 1.04 -0.10
1595 1696.212 93.3 1.00 -0.11
1596 1696.448 68.3 1.03 -0.12
1597 1697.140 120.6 1.05 -0.10
1598 1697.486 136.5 1.05 -0.11
1599 1697.759 273.1 1.05 -0.09
1600 1698.633 113.8 1.05 -0.11
1601 1699.944 66.0 1.05 -0.10
1602 1700.044 54.6 1.02 -0.11
1603 1700.617 93.3 1.04 -0.01
1604 1701.436 50.1 1.02 -0.03
1605 1701.527 120.6 1.04 -0.02
1606 1706.133 179.8 0.95 -0.02
1607 1707.844 70.5 0.92 0.00
1608 1708.846 136.5 0.94 -0.00
1609 1711.449 218.5 0.91 0.04
1610 1713.187 268.5 1.00 -0.13
1611 1714.143 136.5 1.01 -0.00
1612 1718.931 52.3 0.91 -0.08
1613 1719.541 159.3 0.91 -0.09
1614 1720.760 232.1 0.96 0.00
1615 1720.997 47.8 0.93 -0.00
1616 1722.235 145.6 0.98 -0.12
1617 1723.145 209.4 1.05 -0.00
1618 1723.728 241.2 1.02 0.00
1619 1724.319 245.8 0.94 -0.09
1620 1724.592 191.1 0.97 -0.11
1621 1725.903 107.0 0.93 -0.05
1622 1727.232 120.6 0.95 -0.02
1623 1728.461 154.7 0.96 0.03
1624 1729.526 59.2 0.78 0.05
1625 1729.917 118.3 0.97 0.01
1626 1732.357 100.1 0.83 0.00
1627 1733.776 211.6 0.89 0.15
1628 1734.022 150.2 0.93 0.15
1629 1735.861 93.3 1.02 0.08
1630 1739.156 150.2 0.98 -0.09
1631 1740.367 172.9 1.07 -0.08
1632 1745.036 163.8 1.02 0.00
1633 1745.555 127.4 0.85 -0.01
1634 1747.093 191.1 0.91 -0.03
1635 1747.403 91.0 0.89 -0.02
1636 1747.685 120.6 0.91 -0.01
1637 1747.867 120.6 0.90 -0.01
1638 1748.750 136.5 0.92 -0.05
1639 1748.923 102.4 0.87 -0.05
1640 1749.241 145.6 0.89 -0.01
1641 1750.743 254.9 0.90 -0.04
1642 1751.071 129.7 0.89 -0.04
1643 1751.499 213.9 0.93 0.02
1644 1752.218 318.6 0.90 -0.01
1645 1753.128 63.7 0.90 -0.05
1646 1753.974 198.0 0.88 0.01
1647 1755.549 88.7 0.88 0.00
1648 1755.686 41.0 0.88 -0.01
1649 1756.969 66.0 0.91 0.05
1650 1757.488 163.8 0.91 -0.03
1651 1758.862 157.0 0.88 -0.06
1652 1759.336 154.7 0.90 0.03
1653 1761.238 118.3 0.90 0.04
1654 1763.249 204.8 0.88 0.02
1655 1763.969 198.0 0.89 0.03
1656 1764.496 109.2 0.88 0.03
1657 1765.134 91.0 0.87 0.04
1658 1765.398 70.5 0.85 0.05
1659 1766.936 109.2 0.85 0.08
1660 1769.466 163.8 0.86 0.03
1661 1769.712 136.5 0.89 0.00
1662 1771.878 136.5 0.88 -0.01
1663 1772.570 163.8 0.89 -0.01
1664 1772.780 113.8 0.85 -0.01
1665 1773.335 118.3 0.87 0.02
1666 1774.782 163.8 0.88 0.02
1667 1776.120 241.2 0.92 0.01
1668 1777.048 59.2 0.90 0.01
1669 1778.204 88.7 1.00 -0.00
1670 1778.650 157.0 1.02 -0.00
1671 1778.896 207.1 1.03 0.01
1672 1779.078 168.4 0.82 0.00
1673 1779.934 109.2 0.84 0.02
1674 1780.562 157.0 0.91 0.03
1675 1780.662 129.7 0.97 0.03
1676 1782.036 86.5 1.03 0.00
1677 1783.438 195.7 0.86 -0.00
1678 1784.248 129.7 0.96 0.01
1679 1784.622 145.6 0.94 -0.00
1680 1784.722 150.2 0.95 -0.00
1681 1785.377 113.8 0.97 0.01
1682 1785.823 118.3 0.93 0.00
1683 1786.251 195.7 0.96 -0.00
1684 1786.770 107.0 0.92 0.00
1685 1787.052 72.8 0.94 0.00
1686 1787.898 216.2 0.94 -0.01
1687 1788.153 118.3 0.95 0.02
1688 1789.118 238.9 0.90 0.03
1689 1789.327 177.5 0.97 0.00
1690 1790.110 184.3 0.90 0.03
1691 1790.320 159.3 0.88 -0.01
1692 1791.139 129.7 0.96 0.00
1693 1792.741 163.8 0.97 -0.00
1694 1794.488 525.7 0.91 0.00
1695 1796.345 220.7 0.87 -0.01
1696 1797.064 134.3 0.88 -0.00
1697 1798.675 248.0 0.92 0.06
1698 1799.968 430.1 0.91 -0.00
1699 1800.723 227.6 0.90 -0.01
1700 1800.896 168.4 0.94 -0.01
1701 1801.069 138.8 0.86 -0.00
1702 1804.401 182.0 0.87 0.01
1703 1805.939 691.8 0.85 0.00
1704 1806.385 400.5 0.89 0.00
1705 1806.521 166.1 0.86 0.08
1706 1807.778 116.1 0.98 -0.00
1707 1807.887 120.6 0.96 0.09
1708 1809.826 172.9 0.88 0.10
1709 1811.600 88.7 0.97 0.07
1710 1813.639 138.8 1.00 0.06
1711 1813.885 182.0 0.89 0.06
1712 1814.122 175.2 1.05 0.07
1713 1817.608 182.0 1.05 0.05
1714 1818.227 91.0 1.05 0.03
1715 1819.046 198.0 1.04 0.04
1716 1819.711 109.2 1.03 0.06
1717 1819.975 75.1 1.01 0.09
1718 1820.111 125.2 1.04 0.09
1719 1820.320 122.9 0.98 0.05
1720 1821.740 218.5 1.01 0.00
1721 1823.552 209.4 1.07 0.14
1722 1824.653 122.9 0.90 0.02
1723 1825.299 245.8 1.03 0.08
1724 1826.028 163.8 0.97 0.07
1725 1829.459 198.0 0.97 0.05
1726 1831.188 100.1 0.97 0.02
1727 1833.719 95.6 0.98 -0.04
1728 1835.721 223.0 0.97 0.03
1729 1836.877 109.2 0.95 0.05
1730 1837.087 179.8 0.92 0.07
1731 1838.070 68.3 0.94 0.05
1732 1838.634 109.2 0.88 0.02
1733 1839.854 150.2 0.85 -0.07
1734 1842.348 163.8 0.84 -0.13
1735 1844.896 111.5 0.85 0.02
1736 1847.745 209.4 0.94 0.07
1737 1849.174 91.0 0.92 0.04
1738 1849.375 113.8 0.91 0.04
1739 1853.325 282.2 0.93 0.12
1740 1855.764 163.8 0.92 0.16
1741 1858.431 147.9 0.96 0.07
1742 1859.314 172.9 0.96 0.11
1743 1861.754 113.8 0.90 0.00
1744 1864.084 163.8 0.80 0.00
1745 1864.685 95.6 0.81 0.00
1746 1865.295 225.3 0.78 0.09
1747 1866.660 81.9 0.86 0.00
1748 1866.887 291.3 0.90 -0.00
1749 1867.734 136.5 0.92 -0.00
1750 1868.007 120.6 0.95 0.00
1751 1868.362 91.0 0.97 -0.01
1752 1868.489 102.4 0.93 -0.01
1753 1869.800 154.7 0.93 0.14
1754 1871.520 293.5 0.92 -0.00
1755 1872.777 302.6 0.92 -0.00
1756 1874.297 88.7 0.89 0.13
1757 1874.506 88.7 0.81 0.15
1758 1874.642 91.0 0.89 -0.01
1759 1876.072 204.8 0.87 0.10
1760 1878.356 202.5 0.93 0.09
1761 1879.266 120.6 0.88 0.11
1762 1879.485 84.2 0.91 0.12
1763 1884.145 154.7 0.89 0.11
1764 1889.106 109.2 0.95 0.10
1765 1890.417 50.1 1.00 0.08
1766 1890.763 168.4 0.93 0.07
1767 1891.363 152.5 0.98 0.06
1768 1892.547 141.1 0.96 0.05
1769 1892.729 54.6 0.90 0.04
1770 1892.865 170.7 0.93 0.02
1771 1893.184 170.7 0.97 0.03
1772 1895.996 154.7 0.88 0.11
1773 1896.624 186.6 0.86 0.12
1774 1897.043 159.3 0.89 0.04
1775 1897.434 245.8 0.90 0.03
1776 1897.717 120.6 0.90 0.04
1777 1898.581 200.2 0.89 0.07
1778 1899.555 204.8 0.90 0.07
1779 1899.865 100.1 0.95 0.12
1780 1900.912 95.6 0.92 0.15
1781 1902.386 127.4 0.89 0.20
1782 1903.560 200.2 0.86 0.15
1783 1904.507 172.9 0.81 0.11
1784 1904.734 209.4 0.93 0.12
1785 1905.062 170.7 0.85 0.12
1786 1905.271 116.1 0.84 0.12
1787 1905.636 145.6 0.89 0.10
1788 1906.173 113.8 0.89 0.12
1789 1906.327 91.0 0.89 0.14
1790 1907.037 136.5 0.87 0.15
1791 1907.392 102.4 0.86 0.11
1792 1907.684 209.4 0.88 0.12
1793 1914.492 104.7 0.89 0.17
1794 1916.130 218.5 1.06 0.14
1795 1917.223 97.8 1.01 0.17
1796 1917.432 200.2 1.02 0.15
1797 1918.543 154.7 1.15 0.03
1798 1922.775 209.4 0.92 -0.12
1799 1925.224 154.7 0.94 -0.01
1800 1925.660 122.9 0.92 -0.03
1801 1927.490 100.1 0.96 0.04
1802 1927.863 175.2 0.96 0.00
1803 1928.701 95.6 0.94 0.09
1804 1930.084 191.1 0.92 0.11
1805 1930.503 152.5 0.91 0.12
1806 1931.349 191.1 0.95 0.10
1807 1931.704 72.8 0.90 0.10
1808 1933.042 200.2 0.88 0.11
1809 1934.289 152.5 0.87 0.16
1810 1935.764 261.7 0.84 0.02
1811 1939.350 211.6 0.89 0.17
1812 1940.943 61.4 0.99 0.00
1813 1941.808 122.9 1.00 0.00
1814 1941.935 109.2 0.96 -0.00
1815 1942.236 88.7 1.04 -0.00
1816 1945.194 159.3 1.00 0.19
1817 1946.960 100.1 0.84 0.06
1818 1949.426 179.8 0.99 0.12
1819 1950.828 150.2 0.97 0.15
1820 1951.675 163.8 0.89 0.10
1821 1953.622 238.9 0.88 -0.01
1822 1953.941 109.2 0.89 -0.00
1823 1956.035 172.9 0.96 0.05
1824 1957.100 182.0 0.91 0.01
1825 1957.700 97.8 0.90 0.13
1826 1958.556 209.4 0.89 0.10
1827 1959.448 118.3 0.82 0.10
1828 1962.734 68.3 0.75 0.09
1829 1963.881 273.1 0.70 0.06
1830 1964.181 163.8 0.87 0.06
1831 1964.955 118.3 0.91 0.06
1832 1965.091 70.5 0.95 -0.01
1833 1966.029 232.1 0.91 0.08
1834 1966.302 170.7 0.94 0.08
1835 1966.948 86.5 0.87 0.10
1836 1967.039 54.6 0.89 0.10
1837 1967.685 118.3 0.95 -0.04
1838 1970.443 273.1 0.76 0.05
1839 1973.356 227.6 0.82 -0.10
1840 1973.602 145.6 0.80 -0.10
1841 1973.720 102.4 0.81 -0.01
1842 1974.976 66.0 0.77 -0.00
1843 1975.149 134.3 0.88 0.00
1844 1975.322 152.5 0.89 -0.00
1845 1977.734 127.4 1.02 -0.09
1846 1978.117 129.7 1.01 -0.10
1847 1978.390 141.1 1.06 -0.10
1848 1979.172 102.4 0.91 -0.07
1849 1981.384 223.0 1.01 -0.09
1850 1982.194 163.8 0.96 -0.17
1851 1984.361 282.2 0.99 0.00
1852 1984.652 109.2 0.97 -0.03
1853 1984.989 84.2 0.96 -0.03
1854 1987.865 118.3 0.98 0.00
1855 1988.029 136.5 0.97 -0.02
1856 1990.505 143.4 1.04 0.00
1857 1992.698 250.3 1.09 -0.01
1858 1993.882 295.8 1.01 0.02
1859 1994.109 198.0 1.06 0.02
1860 1994.883 129.7 1.06 -0.09
1861 1995.729 200.2 0.98 -0.09
1862 1997.595 270.8 0.99 0.03
1863 1997.932 118.3 1.02 -0.00
1864 2004.777 157.0 0.87 0.16
1865 2007.326 136.5 0.90 0.00
1866 2008.454 186.6 1.00 -0.02
1867 2009.510 302.6 0.84 -0.06
1868 2012.842 145.6 1.08 0.07
1869 2016.719 91.0 1.06 0.01
1870 2016.947 125.2 1.03 0.01
1871 2017.092 91.0 1.05 0.00
1872 2017.511 127.4 0.98 -0.01
1873 2019.331 138.8 0.94 -0.01
1874 2022.290 257.1 0.90 0.00
1875 2023.063 152.5 0.90 0.00
1876 2024.092 191.1 0.89 -0.01
1877 2026.440 45.5 0.82 -0.00
1878 2027.041 59.2 0.82 -0.00
1879 2029.116 220.7 0.82 -0.07
1880 2030.545 273.1 0.81 0.00
1881 2031.264 134.3 0.87 -0.03
1882 2031.583 100.1 0.90 -0.01
1883 2032.384 63.7 0.95 -0.00
1884 2033.112 200.2 0.98 -0.00
1885 2033.312 77.4 0.86 -0.00
1886 2034.123 464.2 0.87 0.12
1887 2037.163 248.0 0.95 -0.00
1888 2037.873 88.7 0.89 0.01
1889 2038.728 152.5 0.87 0.04
1890 2041.377 132.0 0.91 0.00
1891 2043.006 122.9 0.97 0.08
1892 2045.291 145.6 0.88 0.07
1893 2045.500 104.7 1.00 0.07
1894 2045.746 129.7 0.83 0.01
1895 2047.312 129.7 0.97 0.01
1896 2048.340 118.3 0.87 0.04
1897 2049.314 163.8 0.93 0.00
1898 2051.972 186.6 0.86 0.03
1899 2052.855 141.1 0.85 0.03
1900 2054.457 134.3 0.87 0.01
1901 2054.584 47.8 0.84 0.02
1902 2057.360 120.6 0.87 0.14
1903 2058.398 172.9 0.87 -0.12
1904 2058.790 273.1 0.89 0.03
1905 2059.154 63.7 0.85 -0.02
1906 2064.761 116.1 0.81 -0.01
1907 2067.136 323.1 0.94 0.04
1908 2069.567 172.9 0.90 0.06
1909 2070.832 209.4 0.86 0.06
1910 2071.742 136.5 0.90 0.10
1911 2075.410 145.6 0.87 0.06
1912 2078.787 157.0 0.87 0.10
1913 2081.800 168.4 0.88 0.02
1914 2085.769 118.3 0.95 0.07
1915 2088.590 66.0 0.93 0.09
1916 2091.394 127.4 0.80 0.07
1917 2092.122 122.9 0.90 0.11
1918 2092.222 75.1 0.85 0.11
1919 2093.023 72.8 0.82 0.05
1920 2094.243 145.6 0.88 0.01
1921 2094.589 270.8 0.85 0.02
1922 2095.681 179.8 1.08 0.07
1923 2095.945 175.2 1.09 0.00
1924 2096.582 81.9 0.93 0.00
1925 2096.837 77.4 0.91 0.00
1926 2099.786 72.8 1.08 -0.00
1927 2100.159 97.8 1.10 0.03
1928 2100.833 127.4 1.11 0.04
1929 2102.680 209.4 1.09 0.02
1930 2105.602 104.7 1.06 0.00
1931 2109.280 193.4 1.03 0.05
1932 2112.839 118.3 0.91 0.04
1933 2113.103 154.7 0.89 0.01
1934 2114.177 234.4 0.87 0.12
1935 2116.306 109.2 0.89 0.00
1936 2120.002 75.1 0.92 0.01
1937 2121.185 284.4 0.92 -0.02
1938 2122.077 118.3 0.87 0.09
1939 2123.361 207.1 0.88 0.05
1940 2126.301 191.1 0.91 0.12
1941 2127.611 122.9 0.88 0.12
1942 2127.721 43.2 0.90 0.01
1943 2131.662 211.6 0.78 0.07
1944 2131.908 86.5 0.80 0.04
1945 2132.235 241.2 0.81 0.00
1946 2132.690 136.5 0.83 -0.03
1947 2133.655 209.4 0.90 -0.00
1948 2136.850 163.8 0.93 0.05
1949 2137.160 241.2 1.01 0.04
1950 2137.451 61.4 1.04 0.08
1951 2140.400 157.0 1.03 0.06
1952 2141.046 245.8 1.02 0.05
1953 2141.565 195.7 1.01 0.06
1954 2142.839 91.0 0.99 0.01
1955 2143.804 88.7 0.91 0.00
1956 2146.817 188.9 0.97 0.06
1957 2148.692 200.2 1.00 0.11
1958 2149.184 136.5 1.00 0.18
1959 2152.488 191.1 0.97 0.08
1960 2153.170 168.4 0.99 0.10
1961 2154.427 191.1 1.03 0.01
1962 2154.636 195.7 1.05 0.01
1963 2154.891 59.2 1.00 0.01
1964 2156.438 216.2 0.99 0.07
1965 2156.830 182.0 0.96 0.14
1966 2157.567 154.7 0.99 0.11
1967 2157.831 168.4 0.97 0.11
1968 2158.058 143.4 0.96 0.11
1969 2158.304 134.3 0.92 0.11
1970 2159.961 141.1 1.03 0.10
1971 2160.753 172.9 0.98 0.14
1972 2163.502 136.5 1.05 0.18
1973 2164.430 400.5 1.05 0.10
1974 2166.951 116.1 0.99 0.17
1975 2172.003 136.5 0.98 0.13
1976 2173.978 145.6 0.94 0.20
1977 2174.606 172.9 1.00 0.15
1978 2175.225 111.5 0.98 0.15
1979 2175.962 270.8 1.02 0.19
1980 2176.499 45.5 0.99 0.17
1981 2177.865 118.3 0.98 -0.00
1982 2178.047 72.8 1.03 0.00
1983 2179.130 107.0 1.04 0.00
1984 2179.348 261.7 0.95 0.12
1985 2181.396 127.4 1.03 0.00
1986 2181.569 184.3 0.94 0.00
1987 2181.988 45.5 1.00 -0.00
1988 2182.216 91.0 1.04 0.00
1989 2182.489 102.4 0.97 0.00
1990 2182.789 136.5 1.06 0.00
1991 2182.998 111.5 1.03 0.00
1992 2183.117 61.4 1.02 0.00
1993 2184.173 277.6 1.08 0.00
1994 2184.409 152.5 1.08 -0.00
1995 2184.582 200.2 1.06 0.00
1996 2184.764 159.3 1.09 0.00
1997 2188.023 229.8 1.10 0.13
1998 2190.881 191.1 1.03 0.14
1999 2193.339 159.3 1.07 0.18
2000 2197.862 107.0 0.96 -0.02
