1 0.413 107.0 1.14 0.00
2 2.643 77.4 1.08 0.03
3 3.863 84.2 1.06 0.03
4 4.491 145.6 1.09 0.06
5 4.655 127.4 1.07 0.06
6 7.986 168.4 1.08 0.05
7 8.359 241.2 1.06 0.01
8 9.115 191.1 1.06 0.02
9 9.670 109.2 1.07 0.02
10 10.362 127.4 1.07 0.01
11 11.217 145.6 1.14 0.05
12 12.128 182.0 1.14 0.05
13 13.120 191.1 1.12 0.06
14 13.548 136.5 1.13 0.04
15 13.802 118.3 1.10 0.03
16 14.585 70.5 1.11 0.02
17 15.377 270.8 1.11 0.04
18 15.869 145.6 1.10 0.02
19 17.653 141.1 1.09 0.00
20 17.816 100.1 1.12 0.01
21 19.246 182.0 1.06 0.05
22 20.037 104.7 1.08 0.03
23 20.229 138.8 1.07 0.03
24 21.284 95.6 1.07 0.04
25 21.603 145.6 1.07 0.05
26 21.912 95.6 1.06 0.03
27 22.085 122.9 1.10 0.03
28 22.531 136.5 1.06 0.03
29 23.724 209.4 1.07 0.02
30 24.042 207.1 1.06 0.05
31 24.525 127.4 1.07 0.07
32 24.843 168.4 1.09 0.04
33 27.346 72.8 1.07 0.06
34 30.505 61.4 1.07 0.05
35 35.502 56.9 1.09 -0.00
36 36.258 118.3 1.09 -0.00
37 36.840 259.4 1.09 0.00
38 39.380 118.3 1.11 0.02
39 41.328 118.3 1.09 0.03
40 42.766 100.1 1.09 -0.00
41 43.694 141.1 1.06 -0.01
42 44.176 81.9 1.08 -0.01
43 44.349 93.3 1.06 -0.01
44 45.005 200.2 1.05 -0.00
45 45.424 100.1 1.09 -0.00
46 46.015 88.7 1.07 0.02
47 46.434 118.3 1.08 -0.01
48 47.581 100.1 1.11 -0.02
49 48.054 223.0 1.11 -0.01
50 49.237 138.8 1.10 -0.03
51 49.874 97.8 1.07 -0.02
52 50.157 127.4 1.15 -0.01
53 52.368 111.5 1.15 -0.04
54 53.124 118.3 1.17 -0.10
55 56.501 100.1 1.13 -0.04
56 57.639 84.2 1.09 -0.04
57 57.702 56.9 1.13 -0.04
58 58.367 100.1 1.13 -0.03
59 58.831 91.0 1.08 -0.01
60 59.541 154.7 1.11 -0.01
61 60.078 182.0 1.10 -0.00
62 61.871 145.6 1.10 0.02
63 63.473 145.6 1.09 0.02
64 63.792 145.6 1.10 0.02
65 64.238 59.2 1.12 -0.00
66 66.058 118.3 1.09 -0.01
67 66.632 134.3 1.11 -0.01
68 67.806 118.3 1.10 0.02
69 68.024 113.8 1.10 0.02
70 68.661 136.5 1.11 -0.02
71 69.080 100.1 1.09 0.00
72 73.404 59.2 1.14 -0.03
73 73.477 59.2 1.15 -0.03
74 73.722 127.4 1.20 -0.03
75 75.106 216.2 1.17 -0.04
76 75.470 56.9 1.16 0.01
77 76.080 154.7 1.15 -0.02
78 76.508 145.6 1.14 0.00
79 77.563 109.2 1.12 -0.00
80 79.420 107.0 1.09 0.04
81 79.666 200.2 1.08 0.05
82 82.479 161.6 1.09 0.08
83 83.025 118.3 1.05 0.10
84 83.598 163.8 1.12 0.08
85 84.026 93.3 1.09 0.09
86 84.536 118.3 1.10 0.06
87 84.745 161.6 1.11 0.08
88 85.710 81.9 1.08 0.05
89 86.384 136.5 1.09 0.09
90 86.875 118.3 1.18 0.10
91 87.494 41.0 1.17 0.08
92 87.549 41.0 1.09 0.08
93 88.441 145.6 1.15 0.10
94 90.106 127.4 1.13 0.15
95 90.443 61.4 1.16 0.14
96 93.429 61.4 1.11 0.11
97 94.412 129.7 1.06 0.17
98 97.579 145.6 1.11 0.06
99 100.774 118.3 1.10 0.07
100 101.275 118.3 1.04 0.09
101 102.968 264.0 1.05 0.05
102 104.288 138.8 1.09 0.06
103 105.444 50.1 1.09 0.07
104 105.607 95.6 1.10 0.06
105 106.672 209.4 1.11 0.07
106 107.373 52.3 1.16 0.08
107 107.501 109.2 1.14 0.08
108 108.229 127.4 1.14 0.07
109 110.131 68.3 1.08 0.05
110 110.723 127.4 1.16 0.06
111 112.106 127.4 1.15 0.07
112 114.009 109.2 1.14 0.06
113 114.236 127.4 1.13 0.06
114 115.538 172.9 1.14 0.05
115 115.811 141.1 1.13 0.05
116 116.430 43.2 1.15 0.01
117 117.058 109.2 1.14 0.04
118 117.904 157.0 1.15 0.03
119 119.780 257.1 1.17 0.05
120 119.998 31.9 1.14 -0.00
121 121.718 136.5 1.16 0.06
122 122.583 159.3 1.15 0.05
123 123.402 127.4 1.14 0.06
124 124.495 100.1 1.15 0.03
125 124.922 161.6 1.15 0.01
126 127.171 91.0 1.13 0.04
127 128.745 100.1 1.14 0.04
128 128.982 154.7 1.14 0.02
129 129.419 118.3 1.14 0.04
130 129.965 111.5 1.15 0.08
131 130.730 122.9 1.11 0.03
132 132.177 107.0 1.07 0.05
133 134.789 91.0 1.12 0.05
134 135.326 91.0 1.14 0.04
135 135.982 188.9 1.14 0.01
136 136.236 132.0 1.17 0.03
137 138.421 118.3 1.15 0.08
138 139.258 118.3 1.14 0.07
139 140.159 132.0 1.20 0.05
140 141.725 113.8 1.16 0.02
141 144.501 77.4 1.13 0.03
142 146.121 79.6 1.08 0.09
143 148.224 100.1 1.10 0.09
144 149.389 154.7 1.10 0.06
145 151.747 163.8 1.09 -0.00
146 152.821 70.5 1.05 0.07
147 157.372 182.0 1.07 -0.06
148 158.610 150.2 1.08 0.01
149 159.684 163.8 1.08 -0.00
150 160.494 122.9 1.17 -0.06
151 161.122 86.5 1.12 -0.05
152 161.996 182.0 1.08 0.01
153 162.569 147.9 1.07 0.03
154 163.215 104.7 1.06 0.05
155 164.244 141.1 1.08 -0.00
156 164.499 118.3 1.05 0.04
157 167.648 104.7 1.04 0.08
158 168.786 84.2 1.07 0.04
159 168.932 95.6 1.05 0.04
160 169.259 145.6 1.06 0.03
161 170.015 100.1 1.05 0.06
162 170.342 254.9 1.04 0.09
163 170.561 168.4 1.05 0.09
164 171.216 118.3 1.04 0.06
165 171.926 111.5 1.05 0.06
166 172.308 47.8 1.04 0.07
167 172.481 138.8 1.06 0.07
168 172.855 182.0 1.03 0.07
169 174.812 127.4 1.08 0.06
170 175.567 129.7 1.06 0.08
171 175.922 138.8 1.08 0.09
172 177.023 136.5 1.09 0.07
173 177.242 118.3 1.11 0.06
174 177.697 120.6 1.11 0.04
175 178.170 132.0 1.06 0.00
176 179.190 136.5 1.11 -0.02
177 179.918 127.4 1.04 0.00
178 181.429 59.2 1.11 -0.02
179 182.812 223.0 1.11 0.11
180 184.105 145.6 1.09 0.07
181 186.098 118.3 1.08 0.08
182 186.399 154.7 1.11 0.08
183 186.745 109.2 1.11 0.05
184 186.881 127.4 1.11 0.07
185 187.090 157.0 1.14 0.06
186 188.647 184.3 1.12 0.06
187 189.011 70.5 1.11 0.05
188 189.767 68.3 1.11 0.02
189 191.951 118.3 1.08 0.07
190 192.861 163.8 1.06 0.09
191 194.409 177.5 1.01 0.05
192 195.337 154.7 1.02 0.05
193 195.838 109.2 1.01 0.06
194 195.965 109.2 1.02 0.07
195 197.048 118.3 1.02 0.09
196 197.349 91.0 1.00 0.05
197 199.169 191.1 1.11 0.06
198 200.553 109.2 1.11 0.08
199 202.446 109.2 1.09 0.07
200 202.819 91.0 1.12 0.04
201 204.275 113.8 1.13 0.05
202 205.040 195.7 1.17 0.05
203 206.323 138.8 1.16 0.08
204 207.561 122.9 1.16 0.03
205 209.191 143.4 1.08 0.03
206 209.345 138.8 1.08 0.03
207 210.019 109.2 1.09 0.04
208 210.784 182.0 1.01 0.00
209 211.111 152.5 1.05 0.03
210 211.585 172.9 1.07 0.01
211 211.940 100.1 1.07 0.01
212 213.314 109.2 1.12 0.05
213 213.733 200.2 1.11 0.05
214 214.688 172.9 1.13 0.04
215 216.655 177.5 1.11 0.03
216 217.474 191.1 1.13 0.01
217 219.467 109.2 1.07 0.06
218 220.550 125.2 1.10 0.06
219 220.842 118.3 1.12 0.07
220 221.224 304.9 1.13 0.07
221 221.652 316.3 1.12 0.09
222 222.380 77.4 1.13 0.06
223 223.062 172.9 1.15 0.03
224 224.428 209.4 1.12 0.02
225 225.129 120.6 1.14 -0.01
226 225.274 134.3 1.13 -0.00
227 225.875 127.4 1.10 0.01
228 226.512 109.2 1.14 0.03
229 227.140 118.3 1.13 0.04
230 228.196 195.7 1.13 0.01
231 229.097 84.2 1.13 0.06
232 229.534 161.6 1.10 0.07
233 231.082 145.6 1.11 0.03
234 231.600 113.8 1.10 0.05
235 231.910 109.2 1.08 0.03
236 234.322 191.1 1.13 0.09
237 234.631 132.0 1.13 0.09
238 235.241 136.5 1.17 0.07
239 236.852 170.7 1.09 0.05
240 237.198 182.0 1.15 0.06
241 238.700 134.3 1.08 0.05
242 238.837 118.3 1.07 0.05
243 240.693 107.0 1.12 0.06
244 242.450 102.4 1.12 0.07
245 242.614 86.5 1.14 0.07
246 243.843 118.3 1.11 0.13
247 245.600 129.7 1.11 0.09
248 246.300 97.8 1.07 0.10
249 248.986 109.2 1.08 0.13
250 250.642 163.8 1.15 0.11
251 252.190 129.7 1.11 0.10
252 252.508 264.0 1.08 0.10
253 253.236 68.3 1.12 0.13
254 253.819 277.6 1.05 0.11
255 255.348 120.6 1.13 0.10
256 256.022 86.5 1.10 0.16
257 256.722 59.2 1.05 0.15
258 257.897 118.3 1.09 0.16
259 260.145 141.1 1.02 0.10
260 260.791 163.8 1.03 0.15
261 260.955 91.0 1.01 0.12
262 261.210 109.2 0.99 0.11
263 262.111 93.3 1.04 0.12
264 263.349 172.9 1.07 0.15
265 263.822 175.2 1.05 0.13
266 264.541 134.3 1.03 0.10
267 266.298 109.2 0.95 0.06
268 267.418 86.5 0.98 0.04
269 267.518 68.3 0.99 0.04
270 267.691 141.1 1.00 0.01
271 268.264 120.6 1.02 0.05
272 270.103 118.3 1.06 -0.00
273 272.142 204.8 0.99 0.01
274 273.680 88.7 1.00 -0.03
275 273.880 136.5 0.97 -0.02
276 274.153 245.8 1.04 -0.02
277 274.563 125.2 1.01 0.02
278 275.509 170.7 1.03 -0.02
279 278.231 86.5 1.02 0.00
280 279.769 154.7 1.09 0.04
281 279.970 118.3 1.09 0.04
282 280.798 163.8 1.08 -0.04
283 281.144 75.1 1.08 -0.01
284 281.226 72.8 1.06 -0.01
285 281.508 109.2 1.03 -0.03
286 282.627 145.6 1.08 -0.01
287 284.994 159.3 1.04 -0.04
288 285.322 118.3 1.05 -0.04
289 285.577 127.4 1.04 -0.03
290 285.786 95.6 1.04 -0.05
291 287.297 113.8 1.02 -0.06
292 287.843 118.3 1.05 -0.08
293 288.052 113.8 1.08 -0.08
294 290.819 136.5 1.05 -0.00
295 291.893 182.0 1.02 0.09
296 292.531 200.2 1.05 0.07
297 292.740 186.6 1.05 0.07
298 295.462 127.4 1.11 -0.06
299 295.835 91.0 1.07 -0.09
300 297.073 104.7 1.03 -0.02
301 297.191 109.2 1.08 -0.02
302 299.002 109.2 1.02 0.02
303 299.812 200.2 0.97 -0.07
304 300.104 218.5 0.99 -0.08
305 300.823 75.1 0.95 -0.16
306 301.979 182.0 1.00 -0.06
307 302.379 100.1 1.06 -0.09
308 302.843 86.5 1.08 -0.12
309 304.291 100.1 1.02 -0.05
310 305.219 100.1 1.04 -0.06
311 305.474 118.3 1.03 -0.04
312 308.860 120.6 1.02 -0.03
313 309.506 100.1 1.10 -0.03
314 309.652 95.6 1.09 -0.03
315 309.834 104.7 1.04 -0.00
316 310.935 109.2 1.06 -0.00
317 311.172 109.2 1.06 -0.04
318 311.582 154.7 1.04 -0.00
319 314.403 59.2 1.07 -0.06
320 314.494 86.5 1.02 -0.07
321 314.977 136.5 1.04 -0.06
322 315.496 145.6 1.01 -0.08
323 316.315 182.0 1.04 -0.10
324 318.181 77.4 1.02 -0.12
325 318.335 207.1 1.03 -0.13
326 319.965 154.7 1.01 -0.10
327 320.484 537.0 1.03 -0.09
328 321.758 136.5 1.03 0.01
329 322.286 118.3 1.04 0.01
330 324.807 136.5 1.07 0.03
331 325.153 127.4 1.07 0.02
332 325.845 113.8 0.97 0.03
333 326.336 113.8 1.04 0.03
334 329.149 118.3 0.96 0.04
335 330.623 182.0 0.95 0.06
336 330.951 109.2 0.97 0.07
337 332.062 145.6 0.96 0.05
338 334.774 132.0 0.98 0.04
339 335.402 170.7 0.94 0.03
340 335.866 254.9 0.97 0.04
341 336.440 204.8 1.03 0.04
342 336.786 134.3 0.99 0.04
343 336.959 150.2 1.05 0.05
344 338.825 127.4 1.07 0.00
345 341.473 93.3 1.05 0.07
346 341.874 172.9 1.04 0.08
347 345.214 163.8 1.01 -0.00
348 345.424 107.0 1.10 -0.00
349 348.500 109.2 1.15 -0.04
350 348.791 102.4 1.11 -0.02
351 349.274 198.0 1.12 -0.02
352 349.592 111.5 1.10 -0.02
353 350.430 41.0 1.14 -0.01
354 351.850 100.1 1.10 -0.01
355 352.350 163.8 1.14 -0.03
356 353.042 211.6 1.12 -0.02
357 354.499 152.5 1.11 -0.03
358 356.219 172.9 1.09 -0.02
359 356.865 211.6 1.08 -0.01
360 357.584 86.5 1.09 -0.01
361 357.748 118.3 1.05 -0.03
362 357.994 86.5 1.08 -0.03
363 358.367 91.0 1.09 -0.01
364 359.778 125.2 1.08 0.00
365 360.260 136.5 1.11 -0.04
366 360.579 191.1 1.11 -0.03
367 360.761 88.7 1.13 -0.03
368 362.390 202.5 1.05 -0.00
369 363.155 91.0 1.07 0.01
370 364.056 122.9 1.08 -0.00
371 364.748 120.6 1.09 -0.03
372 364.930 95.6 1.04 -0.06
373 365.103 93.3 1.12 -0.06
374 365.703 86.5 1.13 -0.10
375 365.858 141.1 1.09 -0.07
376 366.805 127.4 1.11 -0.11
377 367.697 100.1 1.10 -0.09
378 369.281 122.9 1.13 -0.03
379 370.455 81.9 1.13 -0.03
380 372.976 129.7 1.08 -0.03
381 373.295 145.6 1.14 -0.04
382 374.451 61.4 1.14 -0.04
383 378.000 154.7 1.12 -0.01
384 379.794 147.9 1.14 -0.03
385 380.249 163.8 1.12 -0.02
386 381.104 172.9 1.12 0.03
387 381.650 45.5 1.11 0.02
388 382.060 100.1 1.11 0.03
389 383.944 109.2 1.08 0.02
390 385.091 118.3 1.11 0.05
391 386.893 145.6 1.13 0.04
392 387.066 145.6 1.11 0.05
393 387.248 141.1 1.14 0.05
394 387.822 132.0 1.08 0.06
395 388.068 175.2 1.10 0.04
396 388.759 141.1 1.10 0.09
397 388.987 145.6 1.07 0.00
398 389.196 136.5 1.09 0.02
399 391.217 79.6 1.08 0.04
400 392.737 152.5 1.07 0.07
401 394.275 207.1 1.05 0.01
402 394.667 152.5 1.05 -0.00
403 395.713 86.5 1.05 0.01
404 396.196 136.5 1.05 0.07
405 399.718 100.1 1.09 0.05
406 400.283 163.8 1.11 0.06
407 400.783 118.3 1.14 0.05
408 401.366 136.5 1.13 0.01
409 401.675 97.8 1.11 0.01
410 401.839 150.2 1.12 -0.00
411 402.194 86.5 1.11 0.01
412 403.824 127.4 1.06 -0.03
413 404.306 168.4 1.06 -0.02
414 405.189 141.1 1.08 -0.01
415 406.299 163.8 1.10 -0.01
416 406.754 136.5 1.11 -0.01
417 407.009 132.0 1.11 -0.02
418 407.182 152.5 1.09 -0.01
419 408.402 163.8 1.09 -0.02
420 408.739 100.1 1.07 0.04
421 409.312 154.7 1.08 -0.01
422 409.740 132.0 1.11 0.01
423 410.577 152.5 1.06 -0.01
424 410.805 218.5 1.05 -0.02
425 411.133 100.1 1.06 -0.03
426 411.333 95.6 1.04 -0.02
427 411.688 86.5 1.04 -0.00
428 412.006 209.4 1.03 -0.03
429 412.680 109.2 1.07 0.00
430 412.917 102.4 1.04 -0.05
431 413.153 163.8 1.07 -0.05
432 413.354 109.2 1.07 -0.04
433 413.936 172.9 1.06 -0.04
434 415.092 79.6 1.07 0.01
435 415.238 136.5 1.06 -0.00
436 416.967 88.7 1.09 -0.01
437 417.186 70.5 1.05 -0.00
438 417.741 77.4 1.08 -0.01
439 418.460 79.6 1.06 -0.00
440 418.869 154.7 1.06 -0.00
441 419.816 100.1 1.04 0.01
442 420.217 118.3 1.04 -0.01
443 420.435 209.4 1.04 0.00
444 421.482 238.9 1.03 0.01
445 421.655 54.6 1.04 0.01
446 421.837 143.4 1.06 -0.01
447 423.411 163.8 1.01 -0.03
448 425.050 127.4 1.09 0.03
449 427.253 132.0 1.01 -0.01
450 428.400 120.6 1.05 -0.04
451 430.320 91.0 1.11 0.04
452 431.822 157.0 1.06 0.04
453 432.141 134.3 1.06 0.03
454 432.404 109.2 1.07 0.03
455 433.651 113.8 1.07 0.04
456 434.252 91.0 1.07 0.05
457 434.425 95.6 1.06 0.06
458 436.746 161.6 1.12 0.03
459 438.366 141.1 0.98 0.07
460 438.567 118.3 0.98 0.06
461 440.014 127.4 0.98 0.06
462 440.360 138.8 0.99 0.02
463 440.596 109.2 0.99 0.06
464 442.999 198.0 1.01 0.13
465 443.464 136.5 0.97 0.11
466 444.638 132.0 1.00 0.11
467 444.875 91.0 1.05 0.11
468 445.812 141.1 1.02 0.12
469 446.167 243.5 1.00 0.10
470 447.241 93.3 1.01 0.11
471 450.081 120.6 1.04 0.08
472 450.991 170.7 1.05 0.01
473 452.721 248.0 1.01 0.03
474 453.340 77.4 1.00 0.06
475 454.095 163.8 1.00 0.07
476 454.796 54.6 1.06 0.04
477 454.860 25.0 1.01 0.03
478 455.078 150.2 1.04 0.06
479 455.706 118.3 1.02 0.07
480 457.163 86.5 1.02 0.10
481 458.136 109.2 1.05 0.10
482 458.337 109.2 1.09 0.10
483 459.311 100.1 0.99 0.09
484 459.766 168.4 1.02 0.10
485 460.803 113.8 1.03 0.06
486 461.468 107.0 1.08 0.09
487 461.987 100.1 1.05 -0.00
488 462.196 141.1 1.06 0.05
489 462.496 86.5 1.06 0.00
490 463.643 179.8 1.01 0.02
491 464.262 109.2 1.05 -0.00
492 467.776 120.6 1.14 0.08
493 468.213 104.7 1.13 0.05
494 468.431 109.2 1.13 0.05
495 469.105 122.9 1.12 0.12
496 472.536 111.5 1.03 0.04
497 472.718 141.1 1.08 0.07
498 473.656 100.1 1.06 0.07
499 476.423 118.3 1.04 0.08
500 476.796 163.8 1.03 0.08
501 477.360 91.0 1.06 0.10
502 479.399 273.1 1.04 0.12
503 479.663 100.1 1.07 0.10
504 480.100 170.7 1.06 0.11
505 482.558 100.1 1.08 0.09
506 483.341 118.3 1.06 0.06
507 483.950 172.9 1.07 0.06
508 485.716 100.1 1.12 0.06
509 486.981 202.5 1.14 0.02
510 489.412 93.3 1.14 0.03
511 490.358 104.7 1.13 0.04
512 491.150 88.7 1.14 0.05
513 491.341 118.3 1.11 0.03
514 492.552 75.1 1.15 0.04
515 496.466 50.1 1.09 0.04
516 498.195 200.2 1.08 0.03
517 498.669 88.7 1.05 0.04
518 499.451 100.1 1.06 0.00
519 500.526 127.4 1.10 0.04
520 500.908 154.7 1.10 0.04
521 501.399 127.4 1.12 0.05
522 501.554 136.5 1.06 0.02
523 502.091 277.6 1.11 0.05
524 504.385 125.2 1.11 0.12
525 504.831 134.3 1.08 0.09
526 505.932 31.9 1.06 0.09
527 507.598 257.1 1.05 0.02
528 507.889 109.2 1.06 0.03
529 508.463 70.5 1.10 0.01
530 508.818 81.9 1.08 0.03
531 508.963 63.7 1.08 0.04
532 509.054 122.9 1.13 0.04
533 512.495 113.8 1.11 0.02
534 513.969 122.9 1.14 0.04
535 514.124 118.3 1.08 0.04
536 514.980 127.4 1.10 0.07
537 515.417 43.2 1.03 0.02
538 516.509 211.6 1.08 0.04
539 517.046 141.1 1.07 0.07
540 517.283 143.4 1.07 0.07
541 517.683 88.7 1.06 0.08
542 520.150 95.6 1.15 0.05
543 520.450 77.4 1.08 0.04
544 520.878 163.8 1.11 0.04
545 521.370 125.2 1.14 0.06
546 525.156 66.0 1.08 0.03
547 526.330 100.1 1.19 0.06
548 526.904 161.6 1.09 0.07
549 527.177 134.3 1.13 0.07
550 528.433 182.0 1.10 0.02
551 529.443 182.0 1.10 0.04
552 530.262 154.7 1.10 0.05
553 532.201 109.2 1.10 0.02
554 532.401 122.9 1.09 0.02
555 534.668 134.3 1.06 -0.03
556 534.977 93.3 1.10 -0.06
557 537.262 100.1 1.13 -0.03
558 537.799 109.2 1.12 -0.04
559 538.163 100.1 1.12 -0.01
560 539.164 109.2 1.11 0.03
561 539.965 127.4 1.13 0.05
562 540.202 109.2 1.13 0.02
563 540.867 88.7 1.13 0.03
564 541.449 132.0 1.11 0.05
565 542.487 154.7 1.16 0.04
566 542.878 122.9 1.10 0.03
567 543.260 118.3 1.12 0.01
568 543.570 84.2 1.14 -0.01
569 546.082 118.3 1.11 -0.01
570 546.392 127.4 1.11 -0.01
571 546.692 68.3 1.11 0.02
572 547.566 102.4 1.12 0.01
573 548.658 111.5 1.13 0.03
574 548.804 113.8 1.13 0.02
575 553.309 118.3 1.14 0.06
576 553.837 45.5 1.13 0.05
577 553.983 143.4 1.15 0.06
578 554.802 109.2 1.15 0.06
579 555.448 86.5 1.14 0.00
580 556.049 95.6 1.14 0.04
581 556.195 50.1 1.14 0.02
582 559.963 68.3 1.13 0.02
583 560.910 161.6 1.08 0.05
584 561.392 109.2 1.10 0.04
585 561.538 72.8 1.09 0.03
586 561.665 152.5 1.09 0.01
587 562.466 150.2 1.08 -0.06
588 563.149 118.3 1.10 -0.10
589 563.422 97.8 1.11 -0.11
590 563.841 145.6 1.06 -0.08
591 564.050 122.9 1.12 -0.08
592 565.861 88.7 1.16 0.02
593 567.664 118.3 1.16 0.03
594 568.110 86.5 1.15 0.01
595 568.938 132.0 1.17 0.00
596 573.462 97.8 1.16 -0.03
597 574.099 109.2 1.11 -0.00
598 575.009 166.1 1.14 -0.02
599 575.155 134.3 1.10 -0.02
600 575.491 213.9 1.10 0.02
601 575.828 59.2 1.12 -0.01
602 576.793 238.9 1.14 -0.03
603 577.530 129.7 1.17 0.00
604 577.812 118.3 1.17 0.02
605 578.195 122.9 1.18 0.06
606 579.560 59.2 1.15 0.03
607 579.952 145.6 1.14 0.03
608 580.206 141.1 1.12 0.00
609 581.617 154.7 1.12 -0.04
610 581.827 204.8 1.12 -0.01
611 583.283 291.3 1.16 0.01
612 584.284 150.2 1.15 0.01
613 585.622 113.8 1.14 0.02
614 585.868 182.0 1.13 0.03
615 586.988 56.9 1.17 0.05
616 588.853 100.1 1.17 0.03
617 589.454 79.6 1.18 0.02
618 589.873 84.2 1.14 0.02
619 590.255 163.8 1.18 -0.01
620 590.474 136.5 1.18 0.01
621 591.939 79.6 1.14 -0.02
622 594.124 86.5 1.18 -0.01
623 594.497 93.3 1.12 -0.04
624 595.243 122.9 1.15 -0.00
625 595.380 97.8 1.15 -0.00
626 597.018 97.8 1.15 -0.00
627 597.164 104.7 1.14 -0.00
628 598.402 75.1 1.15 0.01
629 599.075 104.7 1.15 0.00
630 599.239 104.7 1.19 0.00
631 600.040 75.1 1.14 -0.03
632 600.450 182.0 1.18 -0.00
633 601.096 97.8 1.16 -0.00
634 601.833 88.7 1.13 0.01
635 602.443 122.9 1.14 0.01
636 602.716 125.2 1.14 -0.00
637 603.162 154.7 1.11 0.02
638 604.992 172.9 1.12 0.07
639 605.319 72.8 1.08 -0.00
640 605.902 88.7 1.04 -0.03
641 606.876 56.9 1.05 0.01
642 607.040 22.8 1.05 0.01
643 607.941 136.5 1.06 -0.03
644 608.460 129.7 1.04 0.00
645 608.669 97.8 1.06 0.01
646 608.833 88.7 1.08 0.06
647 608.933 50.1 1.08 0.02
648 609.015 50.1 1.09 0.01
649 609.434 125.2 1.07 0.04
650 610.781 182.0 1.10 0.06
651 611.281 93.3 1.09 0.03
652 611.545 191.1 1.02 0.10
653 612.128 154.7 1.11 0.05
654 613.812 118.3 1.19 0.06
655 613.976 129.7 1.20 0.07
656 617.252 127.4 1.16 0.05
657 618.090 145.6 1.14 0.05
658 619.046 127.4 1.13 0.07
659 619.419 200.2 1.14 0.03
660 620.374 120.6 1.12 0.09
661 620.547 104.7 1.13 0.06
662 621.139 116.1 1.11 0.06
663 622.659 113.8 1.10 0.05
664 624.024 179.8 1.08 0.04
665 624.589 81.9 1.11 0.06
666 624.789 122.9 1.11 0.06
667 625.818 66.0 1.11 0.04
668 626.491 59.2 1.11 0.05
669 626.873 116.1 1.12 0.02
670 628.166 145.6 1.13 0.05
671 629.504 175.2 1.04 0.03
672 630.705 75.1 1.09 0.01
673 632.699 75.1 1.08 0.04
674 632.826 91.0 1.09 0.00
675 635.120 118.3 1.10 0.02
676 635.521 86.5 1.11 0.04
677 635.812 118.3 1.10 0.04
678 636.267 109.2 1.10 0.05
679 636.849 56.9 1.10 0.07
680 638.024 122.9 1.09 0.08
681 638.779 145.6 1.09 0.02
682 639.216 136.5 1.08 0.00
683 639.389 93.3 1.08 -0.01
684 640.363 172.9 1.10 0.02
685 641.583 100.1 1.09 0.08
686 641.856 166.1 1.10 0.08
687 642.165 172.9 1.09 0.07
688 645.296 95.6 1.16 0.03
689 646.425 159.3 1.17 0.03
690 646.716 154.7 1.17 0.05
691 647.426 118.3 1.16 -0.04
692 648.164 109.2 1.14 0.08
693 650.366 75.1 1.16 0.06
694 651.550 122.9 1.19 0.09
695 651.668 97.8 1.16 0.07
696 652.105 186.6 1.18 0.08
697 652.806 116.1 1.17 0.05
698 654.207 70.5 1.16 0.03
699 655.664 177.5 1.15 0.01
700 655.900 127.4 1.18 -0.00
701 656.483 91.0 1.15 0.02
702 657.521 113.8 1.14 0.10
703 658.231 66.0 1.13 0.09
704 658.303 31.9 1.14 0.08
705 659.041 154.7 1.14 0.10
706 659.732 107.0 1.12 0.07
707 661.762 138.8 1.12 0.11
708 663.000 104.7 1.09 0.08
709 663.164 118.3 1.13 0.08
710 664.994 127.4 1.10 0.08
711 665.285 122.9 1.07 0.07
712 666.295 109.2 1.09 0.06
713 666.796 145.6 1.06 0.09
714 668.188 84.2 1.09 0.07
715 668.562 122.9 1.08 0.09
716 672.339 227.6 1.12 0.08
717 672.940 75.1 1.11 0.07
718 673.313 143.4 1.08 0.03
719 673.568 132.0 1.10 0.01
720 674.068 59.2 1.08 0.00
721 674.160 50.1 1.11 0.00
722 676.417 109.2 1.08 0.01
723 676.817 100.1 1.12 -0.03
724 677.646 236.7 1.09 -0.03
725 677.982 102.4 1.08 -0.00
726 678.401 191.1 1.11 -0.02
727 678.620 120.6 1.10 -0.05
728 678.811 163.8 1.10 -0.05
729 679.584 109.2 1.11 -0.06
730 680.522 118.3 1.11 -0.04
731 680.759 113.8 1.09 -0.02
732 681.396 175.2 1.09 -0.02
733 681.587 152.5 1.07 -0.08
734 683.007 109.2 1.11 -0.03
735 683.562 100.1 1.10 -0.05
736 684.846 136.5 1.08 -0.03
737 685.246 236.7 1.10 -0.03
738 686.020 136.5 1.06 -0.01
739 686.356 207.1 1.15 0.02
740 686.903 163.8 1.12 0.03
741 687.640 100.1 1.13 -0.01
742 688.350 136.5 1.11 0.01
743 689.934 191.1 1.12 0.00
744 691.872 68.3 1.08 0.02
745 692.054 100.1 1.07 0.04
746 693.192 63.7 1.08 0.05
747 693.392 104.7 1.06 0.04
748 694.894 104.7 1.04 0.04
749 695.286 77.4 1.06 0.02
750 695.577 152.5 1.06 0.07
751 696.023 122.9 1.06 0.01
752 696.924 118.3 1.10 0.05
753 697.279 141.1 1.08 0.08
754 697.425 59.2 1.05 0.07
755 699.573 113.8 1.06 0.05
756 699.946 177.5 1.04 0.03
757 700.893 122.9 1.08 0.10
758 702.686 129.7 1.04 0.07
759 703.469 145.6 1.10 0.07
760 703.787 93.3 1.07 0.09
761 703.942 170.7 1.07 0.06
762 704.461 107.0 1.07 0.10
763 705.708 54.6 1.07 0.07
764 706.527 161.6 1.09 0.08
765 708.311 154.7 1.12 0.09
766 710.195 100.1 1.07 0.07
767 710.550 113.8 1.07 0.06
768 711.342 100.1 1.04 -0.00
769 711.579 191.1 1.08 -0.00
770 712.808 204.8 1.06 0.03
771 713.272 91.0 1.06 0.04
772 713.481 172.9 1.05 0.01
773 714.819 95.6 1.06 0.03
774 715.256 163.8 1.05 0.09
775 716.266 113.8 1.08 0.05
776 717.650 132.0 1.08 0.04
777 719.197 275.3 1.04 0.05
778 722.793 145.6 1.04 0.02
779 723.739 113.8 1.04 0.02
780 726.707 120.6 1.06 -0.02
781 728.509 91.0 1.03 0.01
782 729.219 136.5 1.02 0.00
783 729.892 172.9 1.07 0.01
784 730.384 163.8 1.07 -0.01
785 732.223 191.1 1.10 0.01
786 732.605 118.3 1.07 0.01
787 735.072 109.2 1.10 0.08
788 736.592 127.4 1.15 0.09
789 737.411 145.6 1.12 0.05
790 738.039 63.7 1.08 0.05
791 738.175 129.7 1.08 0.06
792 738.585 154.7 1.10 0.05
793 740.779 161.6 1.02 0.05
794 742.089 91.0 1.08 0.07
795 742.235 93.3 1.09 0.07
796 742.836 138.8 1.08 0.03
797 742.963 77.4 1.03 0.04
798 743.373 88.7 1.05 0.02
799 745.148 34.1 1.06 0.03
800 745.840 154.7 1.06 0.02
801 747.715 159.3 1.05 0.03
802 748.006 127.4 1.05 0.02
803 750.254 136.5 1.02 0.01
804 750.509 68.3 1.08 -0.06
805 752.156 225.3 1.02 0.07
806 752.666 186.6 1.04 0.05
807 752.839 50.1 1.06 0.04
808 753.221 118.3 1.04 0.04
809 753.713 77.4 1.06 0.05
810 754.022 95.6 1.06 0.05
811 755.115 229.8 1.05 -0.00
812 755.342 143.4 1.09 -0.01
813 755.907 152.5 1.09 -0.01
814 756.180 282.2 1.08 0.00
815 758.273 170.7 1.07 -0.00
816 759.083 166.1 1.10 0.05
817 759.493 86.5 1.09 0.03
818 759.866 195.7 1.05 0.03
819 761.978 100.1 1.10 0.06
820 763.580 134.3 1.09 0.05
821 763.762 111.5 1.09 0.06
822 764.718 136.5 1.08 0.02
823 768.131 100.1 1.08 0.00
824 770.270 91.0 1.10 0.01
825 772.081 118.3 1.08 0.06
826 772.218 109.2 1.05 0.02
827 772.727 145.6 1.09 0.06
828 773.173 70.5 1.07 0.06
829 774.166 118.3 1.06 0.03
830 775.012 100.1 1.12 0.02
831 775.294 118.3 1.06 0.02
832 775.531 122.9 1.05 0.02
833 776.387 132.0 1.08 0.06
834 776.614 102.4 1.01 0.05
835 777.151 202.5 1.06 0.06
836 777.734 132.0 1.05 0.06
837 778.990 113.8 0.97 0.08
838 780.446 116.1 1.02 0.06
839 784.060 127.4 1.04 -0.01
840 785.716 134.3 1.04 0.07
841 786.918 127.4 1.05 0.10
842 787.209 163.8 1.04 0.10
843 788.838 159.3 1.06 0.13
844 789.221 150.2 1.04 0.14
845 789.767 122.9 1.06 0.13
846 790.022 191.1 1.10 0.15
847 790.377 91.0 1.07 0.15
848 791.150 118.3 1.08 0.17
849 792.352 84.2 1.13 0.10
850 795.519 136.5 0.99 0.13
851 798.878 127.4 1.01 0.02
852 801.800 54.6 1.03 0.09
853 802.173 109.2 1.04 0.15
854 803.420 91.0 1.10 0.15
855 806.970 157.0 1.19 0.05
856 807.534 118.3 1.13 0.10
857 809.373 182.0 1.15 0.11
858 809.564 141.1 1.15 0.11
859 809.883 125.2 1.13 0.11
860 810.110 132.0 1.16 0.11
861 811.439 95.6 1.15 0.10
862 811.949 136.5 1.14 0.09
863 812.404 261.7 1.13 0.12
864 814.015 145.6 1.12 0.11
865 814.361 127.4 1.11 0.11
866 814.661 47.8 1.10 0.10
867 815.699 104.7 1.13 0.10
868 816.937 136.5 1.13 0.09
869 817.501 157.0 1.14 0.09
870 818.912 227.6 1.11 0.08
871 820.460 141.1 1.11 0.09
872 820.723 141.1 1.10 0.09
873 820.978 186.6 1.11 0.09
874 821.179 125.2 1.15 0.07
875 823.026 154.7 1.12 0.06
876 824.810 61.4 1.12 0.08
877 825.284 159.3 1.11 0.07
878 825.957 77.4 1.09 0.06
879 826.085 138.8 1.11 0.07
880 827.459 88.7 1.09 0.05
881 827.659 116.1 1.11 0.05
882 828.743 154.7 1.13 0.05
883 831.373 147.9 1.11 0.03
884 831.837 118.3 1.11 0.07
885 832.320 172.9 1.10 0.03
886 833.084 100.1 1.10 0.02
887 833.530 61.4 1.10 0.05
888 833.703 113.8 1.16 0.05
889 834.732 122.9 1.16 0.03
890 834.914 104.7 1.14 0.03
891 835.387 145.6 1.14 0.03
892 836.279 79.6 1.16 0.04
893 836.935 109.2 1.15 0.04
894 837.599 127.4 1.18 0.05
895 837.817 141.1 1.21 0.05
896 838.955 150.2 1.21 0.04
897 839.310 77.4 1.19 0.02
898 839.683 88.7 1.17 0.01
899 840.175 136.5 1.17 0.04
900 841.040 109.2 1.12 0.04
901 841.285 145.6 1.17 0.07
902 842.132 154.7 1.12 0.01
903 842.359 77.4 1.13 0.03
904 842.569 204.8 1.08 0.00
905 845.181 154.7 1.10 0.04
906 846.201 68.3 1.08 0.05
907 846.355 127.4 1.12 0.05
908 848.012 182.0 1.11 0.05
909 848.385 147.9 1.13 0.06
910 848.858 136.5 1.06 0.05
911 850.451 200.2 1.08 0.04
912 850.652 145.6 1.13 0.05
913 852.263 163.8 1.14 0.01
914 852.590 125.2 1.11 0.01
915 852.927 136.5 1.11 0.03
916 853.109 100.1 1.08 0.02
917 856.841 118.3 1.07 0.04
918 858.452 109.2 1.03 0.04
919 859.217 184.3 1.05 0.03
920 859.426 95.6 1.11 0.04
921 859.708 136.5 1.09 0.01
922 860.901 268.5 1.11 0.03
923 861.902 345.9 1.09 0.05
924 866.826 163.8 1.02 0.03
925 867.090 245.8 1.08 0.04
926 868.474 107.0 1.08 0.03
927 868.628 134.3 1.10 0.03
928 870.058 132.0 1.05 0.05
929 871.077 111.5 1.07 0.04
930 871.842 213.9 1.06 0.05
931 872.643 318.6 1.06 0.03
932 873.462 109.2 1.04 0.01
933 874.290 141.1 1.07 0.04
934 875.610 118.3 1.06 0.02
935 876.438 430.1 1.10 0.01
936 876.766 291.3 1.07 0.01
937 877.421 118.3 1.09 0.03
938 879.524 113.8 1.07 0.01
939 880.307 104.7 1.04 0.01
940 880.416 61.4 1.06 0.01
941 880.789 220.7 1.07 0.02
942 881.626 172.9 1.08 0.00
943 883.602 95.6 1.05 0.02
944 885.759 145.6 1.08 0.07
945 886.068 47.8 1.06 0.09
946 886.159 45.5 1.09 0.09
947 886.296 100.1 1.08 0.09
948 888.198 163.8 1.09 0.09
949 888.380 141.1 1.09 0.09
950 889.181 182.0 1.08 0.11
951 889.318 109.2 1.06 0.11
952 889.463 102.4 1.05 0.08
953 889.636 147.9 1.07 0.08
954 889.791 116.1 1.06 0.06
955 890.774 59.2 1.05 0.02
956 893.432 136.5 1.14 0.10
957 893.805 122.9 1.14 0.07
958 894.442 113.8 1.13 0.05
959 894.961 141.1 1.12 0.06
960 895.771 141.1 1.13 0.01
961 896.490 259.4 1.12 0.04
962 897.364 145.6 1.12 0.07
963 897.838 138.8 1.10 0.11
964 897.983 104.7 1.09 0.11
965 898.356 118.3 1.10 0.10
966 899.112 211.6 1.08 0.07
967 899.467 157.0 1.08 0.04
968 901.897 191.1 1.08 0.04
969 902.516 100.1 1.08 0.05
970 904.428 118.3 1.15 0.11
971 905.574 168.4 1.19 0.09
972 906.303 182.0 1.16 0.06
973 908.059 107.0 1.18 0.13
974 908.414 122.9 1.17 0.13
975 908.524 93.3 1.21 0.05
976 909.461 127.4 1.23 0.06
977 911.072 145.6 1.14 0.06
978 912.019 238.9 1.21 0.07
979 912.474 95.6 1.12 0.03
980 914.922 209.4 1.02 0.02
981 915.778 145.6 1.16 0.06
982 915.987 127.4 1.17 0.06
983 918.363 56.9 1.07 0.04
984 921.449 77.4 1.05 0.04
985 922.395 168.4 1.04 0.02
986 923.843 122.9 1.09 0.02
987 924.862 102.4 1.12 -0.00
988 926.746 154.7 1.10 0.00
989 927.019 68.3 1.09 -0.01
990 927.210 66.0 1.07 0.01
991 929.158 91.0 1.11 0.01
992 931.862 109.2 1.10 -0.00
993 932.908 136.5 1.09 -0.01
994 933.473 56.9 1.09 -0.01
995 934.246 145.6 1.16 0.00
996 935.066 129.7 1.17 0.01
997 935.311 113.8 1.16 0.01
998 937.541 111.5 1.16 0.04
999 938.115 109.2 1.16 0.04
1000 939.016 102.4 1.15 0.03
1001 939.234 107.0 1.13 0.03
1002 939.717 75.1 1.10 0.04
1003 941.000 79.6 1.11 0.08
1004 941.792 93.3 1.12 0.06
1005 942.083 100.1 1.12 0.04
1006 943.248 129.7 1.13 0.05
1007 944.532 100.1 1.12 0.01
1008 945.733 100.1 1.09 0.07
1009 946.161 102.4 1.10 0.03
1010 946.289 97.8 1.09 0.03
1011 946.489 59.2 1.11 0.02
1012 946.625 188.9 1.03 0.08
1013 947.108 136.5 1.04 0.08
1014 947.381 118.3 1.09 0.05
1015 949.083 77.4 1.10 0.08
1016 950.221 154.7 1.08 0.07
1017 950.922 132.0 1.09 0.08
1018 951.167 88.7 1.08 0.08
1019 952.214 104.7 1.08 0.03
1020 952.833 204.8 1.06 0.05
1021 953.106 191.1 1.06 0.05
1022 954.217 100.1 1.04 0.06
1023 955.054 129.7 1.02 0.08
1024 955.364 70.5 1.05 0.06
1025 956.674 150.2 1.03 0.06
1026 957.330 182.0 1.04 0.07
1027 959.987 177.5 1.07 0.08
1028 960.133 52.3 1.06 0.07
1029 960.952 59.2 1.05 0.03
1030 961.517 259.4 1.04 -0.01
1031 962.600 127.4 1.01 -0.01
1032 963.210 125.2 1.08 -0.04
1033 965.376 88.7 1.09 0.03
1034 965.503 41.0 1.06 0.03
1035 967.215 213.9 0.98 0.01
1036 967.888 154.7 1.04 -0.01
1037 970.601 66.0 1.04 0.01
1038 970.783 91.0 1.05 0.01
1039 971.129 100.1 1.07 0.02
1040 974.697 127.4 1.09 0.04
1041 975.780 154.7 1.07 0.05
1042 976.645 93.3 1.08 0.06
1043 979.475 111.5 1.04 0.07
1044 979.748 104.7 1.05 0.02
1045 979.949 132.0 1.04 0.04
1046 980.222 182.0 1.03 0.05
1047 981.159 145.6 1.00 0.02
1048 981.505 107.0 1.01 0.01
1049 981.860 154.7 1.02 0.01
1050 982.160 127.4 1.01 0.01
1051 982.625 86.5 1.05 0.04
1052 982.834 95.6 1.09 0.04
1053 983.417 136.5 1.04 0.01
1054 985.683 109.2 1.13 0.01
1055 985.974 56.9 1.10 -0.01
1056 986.775 200.2 1.13 0.04
1057 987.121 136.5 1.11 0.06
1058 989.424 102.4 1.12 0.07
1059 990.489 113.8 1.08 0.07
1060 991.199 182.0 1.08 0.08
1061 992.337 100.1 1.07 0.07
1062 993.502 150.2 1.08 0.07
1063 993.811 86.5 1.07 0.09
1064 994.294 136.5 1.05 0.05
1065 994.685 154.7 1.07 0.05
1066 994.867 127.4 1.07 0.05
1067 995.131 166.1 1.07 0.05
1068 996.733 109.2 1.08 0.05
1069 997.543 227.6 1.07 0.08
1070 998.326 102.4 1.07 0.05
1071 998.526 77.4 1.09 0.05
1072 1000.192 136.5 1.07 0.08
1073 1000.392 91.0 1.07 0.07
1074 1000.592 111.5 1.05 0.08
1075 1001.075 191.1 1.05 0.08
1076 1002.213 182.0 1.07 0.07
1077 1002.531 84.2 1.05 0.07
1078 1002.604 41.0 1.07 0.06
1079 1002.741 145.6 1.04 0.09
1080 1006.054 209.4 1.08 0.04
1081 1007.110 93.3 1.09 0.04
1082 1008.675 264.0 1.10 0.04
1083 1010.123 157.0 1.08 0.03
1084 1011.124 118.3 1.03 0.05
1085 1012.307 113.8 1.02 0.04
1086 1013.873 191.1 1.03 0.08
1087 1014.865 116.1 1.05 0.03
1088 1015.593 172.9 1.02 0.04
1089 1016.849 172.9 1.03 0.04
1090 1017.322 127.4 1.11 0.05
1091 1018.333 186.6 1.03 0.04
1092 1020.572 111.5 1.10 -0.01
1093 1022.001 86.5 1.10 0.03
1094 1024.877 109.2 1.10 -0.03
1095 1025.114 136.5 1.09 -0.03
1096 1026.497 129.7 1.15 -0.04
1097 1027.062 109.2 1.12 -0.01
1098 1027.999 145.6 1.18 -0.01
1099 1028.354 75.1 1.17 -0.02
1100 1030.175 116.1 1.13 -0.06
1101 1030.584 111.5 1.14 -0.07
1102 1031.331 191.1 1.13 -0.04
1103 1031.813 113.8 1.12 -0.05
1104 1032.123 177.5 1.12 -0.04
1105 1032.869 68.3 1.11 -0.04
1106 1033.033 161.6 1.11 -0.03
1107 1034.207 88.7 1.14 -0.02
1108 1034.425 204.8 1.14 -0.02
1109 1035.208 127.4 1.18 0.00
1110 1036.191 125.2 1.17 -0.01
1111 1036.492 163.8 1.11 0.01
1112 1037.757 97.8 1.15 0.00
1113 1038.075 127.4 1.17 0.02
1114 1038.512 43.2 1.10 0.03
1115 1039.286 63.7 1.12 -0.01
1116 1039.404 61.4 1.12 -0.01
1117 1039.878 143.4 1.12 0.01
1118 1040.369 86.5 1.11 -0.02
1119 1042.144 182.0 1.13 -0.04
1120 1042.563 63.7 1.12 -0.04
1121 1043.464 118.3 1.13 -0.03
1122 1044.720 191.1 1.14 -0.00
1123 1045.767 88.7 1.13 -0.02
1124 1047.150 122.9 1.10 -0.04
1125 1047.660 127.4 1.11 -0.05
1126 1048.088 22.8 1.13 -0.03
1127 1048.470 91.0 1.12 -0.00
1128 1050.473 86.5 1.12 0.02
1129 1051.392 100.1 1.12 0.01
1130 1051.993 386.8 1.14 0.02
1131 1052.302 47.8 1.08 0.01
1132 1053.103 204.8 1.10 -0.02
1133 1053.868 77.4 1.10 -0.00
1134 1055.179 111.5 1.13 -0.01
1135 1055.433 184.3 1.13 -0.03
1136 1055.998 102.4 1.11 -0.00
1137 1057.354 34.1 1.18 -0.01
1138 1059.812 109.2 1.15 -0.03
1139 1062.023 284.4 1.10 -0.00
1140 1062.397 113.8 1.10 -0.01
1141 1063.880 118.3 1.09 0.03
1142 1064.745 188.9 1.08 0.01
1143 1065.774 234.4 1.12 0.08
1144 1066.720 136.5 1.18 0.03
1145 1068.886 111.5 1.15 0.05
1146 1068.987 84.2 1.14 0.05
1147 1069.369 122.9 1.15 0.03
1148 1070.261 127.4 1.14 0.02
1149 1070.798 118.3 1.11 0.04
1150 1071.981 100.1 1.12 0.05
1151 1072.500 132.0 1.14 0.04
1152 1072.800 109.2 1.12 0.04
1153 1073.601 136.5 1.13 0.07
1154 1074.357 91.0 1.13 0.05
1155 1074.930 132.0 1.12 0.07
1156 1075.140 88.7 1.11 0.07
1157 1075.786 100.1 1.13 0.09
1158 1076.815 159.3 1.13 0.09
1159 1077.670 34.1 1.16 0.09
1160 1077.798 84.2 1.13 0.10
1161 1079.745 118.3 1.10 0.09
1162 1080.028 186.6 1.13 0.10
1163 1080.911 168.4 1.08 0.11
1164 1081.275 109.2 1.07 0.09
1165 1081.821 109.2 1.09 0.08
1166 1082.485 66.0 1.07 0.05
1167 1084.233 172.9 1.14 0.05
1168 1085.316 122.9 1.13 0.04
1169 1086.499 109.2 1.09 0.04
1170 1086.909 145.6 1.09 0.05
1171 1088.456 200.2 1.13 0.04
1172 1088.984 168.4 1.12 0.02
1173 1089.330 136.5 1.10 0.07
1174 1091.223 91.0 1.08 0.07
1175 1093.854 154.7 1.04 0.05
1176 1094.446 136.5 1.04 0.02
1177 1095.101 118.3 1.06 0.05
1178 1098.250 127.4 1.04 0.05
1179 1099.470 81.9 1.04 0.05
1180 1099.688 100.1 1.06 0.03
1181 1100.171 88.7 1.04 0.04
1182 1100.235 61.4 1.03 0.04
1183 1100.772 145.6 1.04 0.04
1184 1102.173 118.3 1.04 0.02
1185 1102.383 50.1 1.02 -0.00
1186 1102.992 154.7 1.02 0.01
1187 1103.966 127.4 1.00 0.01
1188 1105.505 91.0 1.02 0.00
1189 1106.916 220.7 1.01 0.01
1190 1107.798 150.2 1.01 0.03
1191 1108.481 364.1 1.01 0.04
1192 1109.537 143.4 1.00 0.03
1193 1109.765 79.6 1.02 0.02
1194 1111.002 154.7 1.03 0.01
1195 1111.567 191.1 1.03 0.02
1196 1112.259 111.5 1.04 0.04
1197 1114.179 264.0 0.99 0.03
1198 1114.634 127.4 0.97 0.04
1199 1114.907 145.6 1.00 0.03
1200 1115.253 52.3 1.00 0.01
1201 1115.863 182.0 1.00 0.04
1202 1116.336 111.5 1.00 0.02
1203 1116.591 125.2 1.01 0.02
1204 1116.873 75.1 0.99 0.03
1205 1117.019 152.5 0.99 0.06
1206 1117.656 91.0 1.01 0.07
1207 1118.084 204.8 0.98 0.08
1208 1118.548 113.8 1.00 0.08
1209 1118.849 150.2 1.02 0.05
1210 1121.434 120.6 1.04 0.04
1211 1123.309 66.0 1.05 0.02
1212 1124.902 136.5 1.07 0.02
1213 1125.848 163.8 1.08 0.00
1214 1126.394 159.3 1.07 -0.02
1215 1126.613 125.2 1.07 -0.01
1216 1126.886 136.5 1.07 0.02
1217 1128.060 218.5 1.08 0.03
1218 1128.497 59.2 1.06 0.02
1219 1128.861 95.6 1.08 0.01
1220 1128.988 75.1 1.05 0.00
1221 1129.125 100.1 1.07 -0.01
1222 1129.890 136.5 1.11 -0.01
1223 1130.336 209.4 1.06 -0.00
1224 1131.182 191.1 1.06 0.01
1225 1131.546 100.1 1.09 -0.02
1226 1132.484 63.7 1.10 0.01
1227 1133.112 132.0 1.06 -0.03
1228 1133.339 166.1 1.10 -0.03
1229 1134.805 118.3 1.11 -0.01
1230 1135.178 188.9 1.08 0.03
1231 1138.291 138.8 1.11 0.02
1232 1139.702 147.9 1.07 0.02
1233 1140.266 56.9 1.04 0.02
1234 1140.348 50.1 1.10 0.02
1235 1141.295 111.5 1.06 -0.02
1236 1142.150 88.7 1.08 0.03
1237 1142.605 88.7 1.09 0.01
1238 1143.734 113.8 1.09 0.01
1239 1143.898 177.5 1.09 -0.00
1240 1144.289 86.5 1.06 0.01
1241 1144.362 34.1 1.05 0.01
1242 1144.881 100.1 1.12 0.02
1243 1145.746 113.8 1.11 0.04
1244 1146.574 102.4 1.11 0.08
1245 1146.783 154.7 1.11 0.05
1246 1147.493 127.4 1.13 0.07
1247 1147.757 118.3 1.12 0.04
1248 1147.903 127.4 1.10 0.08
1249 1149.459 182.0 1.13 0.03
1250 1149.705 127.4 1.11 0.05
1251 1150.360 86.5 1.06 0.06
1252 1150.743 122.9 1.06 0.04
1253 1151.962 127.4 1.08 0.07
1254 1153.191 118.3 1.09 0.06
1255 1153.646 84.2 1.09 0.11
1256 1154.775 113.8 1.07 0.04
1257 1155.039 100.1 1.10 0.09
1258 1155.476 122.9 1.09 0.11
1259 1156.832 63.7 1.08 0.06
1260 1157.087 152.5 1.11 0.06
1261 1158.525 116.1 1.11 0.07
1262 1158.826 109.2 1.11 0.02
1263 1160.437 102.4 1.10 0.05
1264 1161.756 132.0 1.15 0.08
1265 1162.066 97.8 1.09 0.05
1266 1162.840 100.1 1.12 0.06
1267 1163.003 84.2 1.10 0.06
1268 1163.076 43.2 1.10 0.07
1269 1163.577 120.6 1.07 0.05
1270 1165.716 136.5 1.09 0.08
1271 1166.007 127.4 1.04 0.08
1272 1167.263 118.3 1.10 0.09
1273 1167.837 179.8 1.08 0.07
1274 1168.064 127.4 1.09 0.06
1275 1168.647 154.7 1.08 0.08
1276 1169.694 100.1 1.11 0.11
1277 1171.223 91.0 1.15 0.07
1278 1171.469 245.8 1.13 0.02
1279 1172.078 81.9 1.15 0.05
1280 1173.608 154.7 1.13 0.07
1281 1174.572 59.2 1.06 0.03
1282 1174.754 122.9 1.14 0.06
1283 1174.946 107.0 1.08 0.02
1284 1176.220 127.4 1.06 -0.00
1285 1177.694 200.2 1.09 0.03
1286 1178.860 47.8 1.11 0.06
1287 1179.488 250.3 1.11 0.05
1288 1179.715 129.7 1.11 0.06
1289 1180.134 113.8 1.14 0.06
1290 1180.243 79.6 1.14 0.06
1291 1181.790 79.6 1.12 0.05
1292 1182.482 75.1 1.14 0.06
1293 1183.047 236.7 1.13 0.07
1294 1183.338 182.0 1.13 0.06
1295 1183.857 127.4 1.12 0.06
1296 1185.850 143.4 1.06 0.10
1297 1186.241 145.6 1.11 0.06
1298 1186.751 100.1 1.08 0.09
1299 1188.581 91.0 1.08 0.10
1300 1189.755 163.8 1.10 0.05
1301 1189.946 52.3 1.10 0.05
1302 1190.019 43.2 1.09 0.05
1303 1191.184 243.5 1.10 0.07
1304 1193.714 175.2 1.11 0.10
1305 1194.397 120.6 1.10 0.12
1306 1195.335 129.7 1.06 0.12
1307 1195.571 116.1 1.08 0.12
1308 1196.054 109.2 1.11 0.11
1309 1197.237 70.5 1.08 0.08
1310 1198.584 136.5 1.07 0.10
1311 1198.839 70.5 1.03 0.09
1312 1199.367 81.9 1.04 0.09
1313 1199.613 218.5 1.05 0.09
1314 1200.031 91.0 1.05 0.09
1315 1200.523 145.6 1.06 0.09
1316 1200.841 129.7 1.09 0.07
1317 1200.969 54.6 1.07 0.08
1318 1201.588 91.0 1.09 0.08
1319 1202.116 100.1 1.08 0.07
1320 1202.434 154.7 1.08 0.07
1321 1202.780 245.8 1.08 0.06
1322 1203.527 100.1 1.07 0.09
1323 1203.900 191.1 1.07 0.07
1324 1204.318 111.5 1.07 0.06
1325 1204.555 43.2 1.06 0.05
1326 1205.065 118.3 1.10 0.05
1327 1206.148 136.5 1.13 0.04
1328 1207.941 111.5 1.17 0.05
1329 1209.042 88.7 1.16 0.06
1330 1209.552 141.1 1.16 0.06
1331 1209.771 109.2 1.09 0.02
1332 1210.836 159.3 1.13 0.04
1333 1211.364 136.5 1.13 0.03
1334 1211.719 95.6 1.13 0.03
1335 1213.994 150.2 1.08 0.05
1336 1214.258 38.7 1.07 0.03
1337 1214.768 100.1 1.09 0.04
1338 1215.068 166.1 1.10 0.05
1339 1216.133 166.1 1.12 0.05
1340 1217.644 91.0 1.12 0.02
1341 1220.229 132.0 1.10 0.08
1342 1220.702 88.7 1.08 0.06
1343 1221.039 127.4 1.07 0.04
1344 1221.412 163.8 1.07 0.02
1345 1222.323 84.2 1.09 0.04
1346 1222.414 34.1 1.07 0.02
1347 1223.178 154.7 1.10 0.06
1348 1223.679 134.3 1.10 0.07
1349 1225.372 109.2 1.11 0.07
1350 1225.581 109.2 1.10 0.07
1351 1226.164 91.0 1.08 0.07
1352 1227.028 68.3 1.08 0.06
1353 1227.811 50.1 1.08 0.06
1354 1228.139 84.2 1.06 0.05
1355 1229.805 91.0 1.06 0.08
1356 1230.769 63.7 1.08 0.09
1357 1231.707 66.0 1.04 0.07
1358 1233.573 104.7 1.09 0.10
1359 1234.219 100.1 1.06 0.12
1360 1234.592 100.1 1.07 0.06
1361 1234.957 109.2 1.06 0.09
1362 1236.213 34.1 1.05 0.05
1363 1237.760 145.6 1.17 0.02
1364 1240.008 127.4 1.13 0.07
1365 1241.064 100.1 1.14 0.07
1366 1241.492 111.5 1.13 0.05
1367 1241.692 127.4 1.18 0.02
1368 1242.238 52.3 1.11 0.05
1369 1243.030 161.6 1.12 0.05
1370 1244.860 113.8 1.12 0.03
1371 1245.069 100.1 1.08 0.04
1372 1246.890 116.1 1.03 0.05
1373 1248.346 182.0 1.11 0.02
1374 1248.692 97.8 1.09 0.02
1375 1249.110 227.6 1.15 0.04
1376 1251.732 172.9 1.15 0.03
1377 1253.880 277.6 1.12 0.03
1378 1255.591 84.2 1.14 0.05
1379 1255.937 122.9 1.17 0.06
1380 1256.055 61.4 1.15 0.06
1381 1256.629 109.2 1.15 0.05
1382 1257.721 200.2 1.10 0.07
1383 1258.204 136.5 1.14 0.05
1384 1258.786 225.3 1.15 0.06
1385 1259.059 109.2 1.14 0.07
1386 1260.934 91.0 1.18 0.06
1387 1262.318 125.2 1.16 0.07
1388 1263.101 100.1 1.15 0.06
1389 1263.656 200.2 1.13 0.04
1390 1265.731 66.0 1.13 0.05
1391 1265.795 52.3 1.10 0.05
1392 1268.362 200.2 1.10 0.06
1393 1268.535 152.5 1.12 0.06
1394 1268.762 97.8 1.09 0.06
1395 1269.108 254.9 1.12 0.09
1396 1270.501 118.3 1.11 0.06
1397 1271.247 161.6 1.10 0.06
1398 1272.075 127.4 1.10 0.06
1399 1272.430 136.5 1.11 0.05
1400 1273.468 143.4 1.12 0.05
1401 1274.460 95.6 1.11 0.05
1402 1276.845 116.1 1.16 0.04
1403 1277.500 91.0 1.11 0.04
1404 1277.946 154.7 1.15 0.03
1405 1278.456 136.5 1.13 0.02
1406 1279.885 68.3 1.13 0.03
1407 1280.504 70.5 1.14 0.03
1408 1280.641 100.1 1.13 0.01
1409 1282.907 104.7 1.14 0.05
1410 1283.016 107.0 1.12 0.05
1411 1283.535 81.9 1.16 0.02
1412 1283.690 91.0 1.12 0.04
1413 1287.941 100.1 1.19 0.08
1414 1289.206 118.3 1.17 0.07
1415 1290.471 118.3 1.20 0.06
1416 1290.689 141.1 1.16 0.06
1417 1291.445 107.0 1.18 0.05
1418 1292.555 97.8 1.14 0.05
1419 1293.193 141.1 1.16 0.03
1420 1293.921 143.4 1.13 0.03
1421 1294.166 136.5 1.16 0.03
1422 1295.113 152.5 1.15 0.01
1423 1298.554 195.7 1.12 0.06
1424 1299.464 172.9 1.09 0.07
1425 1299.610 120.6 1.11 0.04
1426 1300.056 172.9 1.13 0.03
1427 1300.447 118.3 1.13 0.04
1428 1301.139 127.4 1.13 0.05
1429 1301.503 254.9 1.15 -0.00
1430 1303.860 84.2 1.13 0.04
1431 1304.051 79.6 1.12 0.04
1432 1304.616 95.6 1.13 0.04
1433 1305.663 145.6 1.14 0.03
1434 1306.018 109.2 1.11 0.04
1435 1306.500 109.2 1.13 0.02
1436 1307.683 218.5 1.07 -0.00
1437 1308.521 127.4 1.08 -0.02
1438 1309.922 154.7 1.11 0.01
1439 1310.496 150.2 1.11 0.01
1440 1310.887 109.2 1.12 0.02
1441 1311.060 122.9 1.10 0.04
1442 1311.197 52.3 1.10 0.03
1443 1311.397 97.8 1.09 0.02
1444 1312.753 150.2 1.12 -0.00
1445 1312.926 43.2 1.14 0.00
1446 1313.199 109.2 1.11 0.01
1447 1313.381 136.5 1.15 0.03
1448 1314.474 136.5 1.13 0.00
1449 1315.766 75.1 1.09 0.04
1450 1317.723 111.5 1.12 0.04
1451 1318.287 72.8 1.09 -0.01
1452 1318.542 136.5 1.06 -0.02
1453 1319.252 172.9 1.09 0.02
1454 1319.835 191.1 1.10 0.01
1455 1323.066 220.7 1.06 0.00
1456 1324.131 91.0 1.06 0.02
1457 1324.559 113.8 1.06 0.02
1458 1324.805 132.0 1.07 0.02
1459 1325.460 188.9 1.07 0.02
1460 1326.898 66.0 1.06 0.02
1461 1327.599 41.0 1.06 0.01
1462 1328.855 43.2 1.11 0.00
1463 1329.465 100.1 1.09 0.04
1464 1329.729 159.3 1.09 0.04
1465 1332.241 163.8 1.15 0.06
1466 1332.532 154.7 1.13 0.07
1467 1332.878 79.6 1.13 0.10
1468 1333.989 129.7 1.12 0.07
1469 1334.617 302.6 1.13 0.10
1470 1335.445 150.2 1.14 0.07
1471 1338.076 86.5 1.12 0.08
1472 1338.558 163.8 1.11 0.06
1473 1340.597 127.4 1.07 0.05
1474 1340.815 141.1 1.04 0.05
1475 1341.453 127.4 1.07 0.03
1476 1341.798 172.9 1.04 0.02
1477 1342.008 129.7 1.03 0.03
1478 1343.009 70.5 1.03 0.03
1479 1343.510 193.4 1.06 0.04
1480 1343.928 138.8 1.03 0.04
1481 1344.247 127.4 1.06 0.04
1482 1345.858 52.3 1.01 0.04
1483 1345.922 111.5 1.02 0.07
1484 1346.841 127.4 1.05 0.06
1485 1346.996 116.1 1.04 0.06
1486 1348.543 161.6 1.04 0.05
1487 1349.117 150.2 1.09 0.06
1488 1349.308 157.0 1.09 0.04
1489 1349.717 95.6 1.04 0.04
1490 1351.356 95.6 1.11 0.03
1491 1353.777 50.1 1.08 0.01
1492 1356.125 136.5 1.04 0.03
1493 1357.236 100.1 1.04 0.02
1494 1357.372 127.4 1.09 0.01
1495 1358.574 136.5 1.10 -0.01
1496 1359.966 104.7 1.06 -0.03
1497 1361.687 109.2 1.09 -0.05
1498 1362.187 97.8 1.10 -0.02
1499 1362.288 61.4 1.10 -0.00
1500 1363.798 191.1 1.15 -0.04
1501 1364.044 134.3 1.08 -0.04
1502 1364.508 145.6 1.07 -0.07
1503 1367.048 77.4 1.12 -0.02
1504 1368.004 122.9 1.12 -0.02
1505 1368.495 118.3 1.16 -0.02
1506 1368.969 136.5 1.17 -0.03
1507 1369.242 145.6 1.13 -0.04
1508 1370.853 136.5 1.12 -0.02
1509 1374.312 100.1 1.14 0.01
1510 1381.293 136.5 1.09 0.00
1511 1382.622 127.4 1.07 0.01
1512 1383.050 109.2 1.07 0.01
1513 1383.678 97.8 1.06 0.00
1514 1384.552 116.1 1.07 -0.00
1515 1386.618 163.8 1.12 -0.01
1516 1388.675 109.2 1.06 -0.02
1517 1389.467 95.6 1.07 -0.04
1518 1390.759 116.1 1.10 -0.07
1519 1391.105 97.8 1.12 -0.04
1520 1391.333 127.4 1.05 -0.06
1521 1392.725 209.4 1.05 0.04
1522 1394.691 172.9 1.12 0.06
1523 1395.565 118.3 1.02 0.01
1524 1395.693 109.2 1.10 0.01
1525 1396.029 163.8 1.09 0.04
1526 1398.523 134.3 1.13 -0.02
1527 1399.725 91.0 1.11 -0.02
1528 1400.144 150.2 1.09 -0.05
1529 1400.280 70.5 1.09 -0.03
1530 1401.008 118.3 1.13 -0.05
1531 1401.291 109.2 1.11 -0.04
1532 1401.746 100.1 1.07 -0.03
1533 1402.428 170.7 1.08 -0.01
1534 1404.595 22.8 1.12 -0.01
1535 1406.069 159.3 1.14 -0.05
1536 1407.180 200.2 1.15 -0.05
1537 1407.489 177.5 1.12 -0.05
1538 1407.899 147.9 1.09 -0.05
1539 1409.592 118.3 1.07 -0.02
1540 1411.294 134.3 1.12 -0.03
1541 1412.122 75.1 1.12 -0.01
1542 1412.213 61.4 1.14 -0.01
1543 1413.624 127.4 1.12 0.04
1544 1415.171 118.3 1.03 -0.04
1545 1415.636 109.2 1.07 0.01
1546 1415.754 143.4 1.08 -0.01
1547 1416.336 127.4 1.06 0.00
1548 1416.537 100.1 1.02 0.01
1549 1417.438 70.5 1.08 0.01
1550 1419.741 245.8 1.10 0.01
1551 1420.178 75.1 1.00 0.02
1552 1420.778 141.1 1.07 0.00
1553 1422.171 107.0 1.07 -0.02
1554 1422.772 202.5 1.08 -0.04
1555 1422.945 88.7 1.11 0.01
1556 1423.127 111.5 1.09 -0.01
1557 1423.254 118.3 1.10 0.00
1558 1423.828 91.0 1.12 -0.02
1559 1424.401 97.8 1.17 -0.01
1560 1427.396 132.0 1.09 0.02
1561 1429.080 145.6 1.07 -0.04
1562 1431.219 182.0 1.06 -0.06
1563 1432.156 207.1 1.08 -0.04
1564 1432.639 127.4 1.08 -0.05
1565 1433.003 91.0 1.03 -0.04
1566 1433.376 122.9 1.07 -0.04
1567 1436.143 113.8 1.08 -0.05
1568 1436.489 125.2 1.10 -0.04
1569 1437.408 127.4 1.11 -0.06
1570 1437.627 145.6 1.13 -0.06
1571 1439.720 168.4 1.14 -0.08
1572 1440.102 81.9 1.11 -0.08
1573 1441.331 141.1 1.15 -0.07
1574 1442.105 136.5 1.04 -0.05
1575 1442.815 186.6 1.13 -0.10
1576 1443.215 134.3 1.11 -0.12
1577 1443.516 54.6 1.03 -0.07
1578 1443.843 104.7 1.07 -0.13
1579 1444.253 138.8 1.02 -0.13
1580 1444.726 107.0 1.08 -0.12
1581 1445.901 325.4 0.96 -0.00
1582 1449.705 109.2 1.11 0.00
1583 1450.406 97.8 1.06 -0.01
1584 1451.507 145.6 1.10 0.03
1585 1451.853 118.3 1.09 -0.06
1586 1452.090 132.0 1.13 -0.08
1587 1452.363 127.4 1.08 -0.00
1588 1455.121 93.3 1.11 -0.08
1589 1455.476 107.0 1.17 -0.07
1590 1455.822 100.1 1.15 -0.06
1591 1456.650 100.1 1.20 -0.07
1592 1457.469 54.6 1.14 -0.02
1593 1457.888 152.5 1.14 -0.07
1594 1459.044 50.1 1.18 -0.05
1595 1459.854 182.0 1.14 -0.05
1596 1461.001 145.6 1.09 -0.04
1597 1461.256 159.3 1.07 -0.02
1598 1461.529 104.7 1.08 -0.02
1599 1463.732 136.5 1.14 -0.01
1600 1464.551 109.2 1.18 0.01
1601 1465.134 116.1 1.15 -0.01
1602 1466.899 182.0 1.15 -0.05
1603 1467.090 47.8 1.14 -0.06
1604 1468.474 143.4 1.14 -0.06
1605 1468.774 143.4 1.15 -0.10
1606 1469.639 109.2 1.05 -0.02
1607 1470.649 66.0 1.15 -0.04
1608 1473.080 198.0 1.07 -0.02
1609 1473.407 127.4 1.11 -0.01
1610 1474.554 127.4 1.09 -0.01
1611 1477.139 191.1 1.08 -0.01
1612 1478.068 77.4 1.03 -0.00
1613 1478.195 152.5 1.02 -0.02
1614 1478.587 113.8 1.05 -0.04
1615 1479.661 145.6 1.06 -0.01
1616 1480.025 200.2 1.05 0.03
1617 1481.263 138.8 1.08 0.03
1618 1481.417 104.7 1.07 0.02
1619 1481.781 118.3 1.09 0.02
1620 1482.191 88.7 1.05 -0.01
1621 1482.519 86.5 1.07 -0.05
1622 1482.737 136.5 1.07 -0.01
1623 1484.103 188.9 1.03 -0.04
1624 1484.603 75.1 1.08 -0.02
1625 1485.568 207.1 1.03 0.02
1626 1485.750 125.2 1.02 -0.03
1627 1486.979 163.8 1.04 -0.02
1628 1488.417 191.1 1.07 -0.04
1629 1489.546 109.2 1.06 -0.01
1630 1489.919 202.5 1.08 -0.02
1631 1490.083 68.3 1.04 -0.03
1632 1492.313 127.4 1.10 -0.01
1633 1492.722 68.3 1.05 -0.02
1634 1494.343 145.6 1.04 0.02
1635 1495.844 109.2 1.08 0.02
1636 1496.682 136.5 1.07 0.02
1637 1497.009 254.9 1.07 -0.02
1638 1497.419 88.7 1.08 0.02
1639 1498.338 118.3 1.10 0.00
1640 1498.566 138.8 1.07 -0.00
1641 1499.640 59.2 1.07 0.02
1642 1499.749 143.4 1.07 0.01
1643 1501.724 91.0 1.10 0.01
1644 1501.843 50.1 1.09 -0.00
1645 1502.052 127.4 1.08 -0.00
1646 1502.252 50.1 1.06 0.01
1647 1503.053 273.1 1.10 0.01
1648 1503.490 100.1 1.08 0.00
1649 1504.309 100.1 1.08 0.00
1650 1504.482 118.3 1.06 0.01
1651 1504.646 109.2 1.05 0.00
1652 1505.957 109.2 1.05 0.00
1653 1506.621 118.3 1.03 -0.01
1654 1507.086 200.2 1.07 -0.00
1655 1507.313 191.1 1.07 -0.02
1656 1508.943 118.3 1.05 -0.03
1657 1509.744 93.3 1.08 0.00
1658 1511.955 132.0 1.09 -0.03
1659 1512.793 107.0 1.06 -0.00
1660 1512.984 70.5 1.07 0.00
1661 1513.758 134.3 1.06 -0.03
1662 1514.040 254.9 1.07 -0.05
1663 1514.640 59.2 1.06 -0.01
1664 1515.087 91.0 1.07 -0.03
1665 1516.015 91.0 1.06 -0.02
1666 1517.417 207.1 1.06 0.01
1667 1517.945 218.5 1.07 -0.00
1668 1518.418 159.3 1.08 0.00
1669 1518.773 109.2 1.08 0.01
1670 1518.991 145.6 1.09 -0.00
1671 1519.601 100.1 1.09 0.03
1672 1520.457 132.0 1.10 0.02
1673 1521.558 95.6 1.11 0.04
1674 1522.132 120.6 1.12 0.05
1675 1522.214 118.3 1.15 0.03
1676 1522.623 227.6 1.07 0.06
1677 1523.688 127.4 1.11 0.08
1678 1524.389 195.7 1.08 0.07
1679 1525.427 113.8 1.07 0.05
1680 1526.118 52.3 1.07 0.05
1681 1527.511 113.8 1.10 0.01
1682 1528.849 127.4 1.10 0.13
1683 1529.031 91.0 1.09 -0.01
1684 1530.442 104.7 1.07 0.00
1685 1531.771 93.3 1.14 -0.02
1686 1534.183 141.1 1.08 -0.01
1687 1534.511 127.4 1.08 -0.01
1688 1535.266 111.5 1.03 0.01
1689 1537.432 107.0 1.03 0.02
1690 1537.933 109.2 1.08 0.04
1691 1538.388 132.0 1.00 0.02
1692 1538.816 136.5 1.05 0.05
1693 1539.207 136.5 1.02 0.08
1694 1541.283 154.7 1.06 0.08
1695 1541.811 154.7 1.06 0.08
1696 1542.420 127.4 1.05 0.08
1697 1542.703 93.3 1.06 0.06
1698 1542.939 163.8 1.05 0.08
1699 1544.232 209.4 1.02 0.06
1700 1545.634 132.0 1.03 0.06
1701 1547.217 182.0 1.03 0.07
1702 1547.618 172.9 0.95 0.07
1703 1547.891 218.5 0.97 0.07
1704 1548.901 127.4 0.99 0.05
1705 1551.150 229.8 1.10 0.09
1706 1551.377 159.3 1.10 0.09
1707 1551.978 127.4 1.04 0.05
1708 1554.972 118.3 1.11 0.03
1709 1559.405 111.5 1.11 -0.05
1710 1559.833 122.9 1.05 0.06
1711 1560.297 172.9 1.11 -0.03
1712 1560.543 154.7 1.03 0.05
1713 1561.999 100.1 1.09 0.02
1714 1563.374 143.4 1.04 0.06
1715 1563.620 223.0 1.02 0.06
1716 1564.976 154.7 1.02 0.08
1717 1565.340 100.1 1.04 0.10
1718 1566.059 264.0 1.03 0.10
1719 1567.807 211.6 1.11 0.05
1720 1572.640 97.8 1.07 0.02
1721 1573.623 236.7 1.08 0.04
1722 1573.941 223.0 1.06 0.04
1723 1574.724 168.4 1.10 0.07
1724 1575.334 191.1 1.11 0.07
1725 1575.534 168.4 1.10 0.07
1726 1575.798 77.4 1.11 0.04
1727 1576.527 84.2 1.11 0.07
1728 1577.519 172.9 1.08 0.05
1729 1577.883 186.6 1.11 0.00
1730 1579.284 159.3 1.09 0.01
1731 1579.494 163.8 1.06 0.03
1732 1581.160 122.9 1.07 0.03
1733 1582.088 136.5 1.07 0.08
1734 1582.361 138.8 1.08 0.06
1735 1582.498 88.7 1.07 0.06
1736 1582.762 204.8 1.09 0.07
1737 1583.062 154.7 1.08 0.08
1738 1584.910 91.0 1.08 0.08
1739 1586.138 109.2 1.08 0.05
1740 1586.830 145.6 1.11 0.06
1741 1587.258 68.3 1.06 0.06
1742 1587.713 141.1 1.13 0.04
1743 1587.895 50.1 1.10 0.06
1744 1589.452 88.7 1.15 0.10
1745 1589.798 109.2 1.13 0.04
1746 1590.071 118.3 1.15 0.07
1747 1590.280 127.4 1.14 0.07
1748 1590.416 122.9 1.13 0.02
1749 1591.527 198.0 1.14 0.06
1750 1591.718 95.6 1.10 0.08
1751 1591.846 63.7 1.09 0.09
1752 1594.931 163.8 1.13 0.10
1753 1595.778 109.2 1.10 0.10
1754 1596.033 104.7 1.10 0.10
1755 1596.424 145.6 1.12 0.11
1756 1597.034 166.1 1.12 0.10
1757 1597.680 145.6 1.13 0.12
1758 1597.835 68.3 1.09 0.13
1759 1598.381 56.9 1.12 0.10
1760 1598.772 100.1 1.12 0.11
1761 1599.018 191.1 1.15 0.09
1762 1599.555 91.0 1.14 0.13
1763 1601.376 127.4 1.12 0.12
1764 1601.585 122.9 1.10 0.07
1765 1602.887 134.3 1.13 0.11
1766 1603.178 150.2 1.09 0.07
1767 1603.478 122.9 1.09 0.08
1768 1603.824 52.3 1.10 0.07
1769 1604.734 91.0 1.06 0.10
1770 1605.226 186.6 1.12 0.10
1771 1606.027 61.4 1.10 0.07
1772 1607.774 234.4 1.13 0.04
1773 1608.985 84.2 1.13 0.01
1774 1610.086 191.1 1.13 0.01
1775 1611.033 223.0 1.16 0.01
1776 1611.343 118.3 1.14 0.01
1777 1612.326 113.8 1.08 0.00
1778 1612.571 191.1 1.15 0.01
1779 1612.899 102.4 1.13 0.01
1780 1615.220 109.2 1.11 0.00
1781 1616.949 218.5 1.09 0.03
1782 1617.332 136.5 1.11 0.02
1783 1617.823 163.8 1.10 0.03
1784 1618.096 136.5 1.08 0.02
1785 1619.571 236.7 1.10 0.05
1786 1619.835 134.3 1.04 0.05
1787 1620.062 100.1 1.08 0.01
1788 1620.654 136.5 1.11 0.03
1789 1621.537 127.4 1.08 0.04
1790 1622.984 91.0 1.08 0.04
1791 1623.967 102.4 1.08 0.07
1792 1624.513 136.5 1.04 0.04
1793 1624.777 86.5 1.06 0.02
1794 1625.050 100.1 1.01 -0.01
1795 1625.205 104.7 1.03 0.00
1796 1626.024 109.2 1.01 0.00
1797 1628.245 107.0 1.12 -0.01
1798 1628.537 127.4 1.07 -0.01
1799 1630.475 109.2 1.03 -0.02
1800 1633.952 63.7 1.11 -0.02
1801 1634.080 100.1 1.14 -0.02
1802 1634.380 118.3 1.15 -0.05
1803 1634.580 107.0 1.15 -0.07
1804 1636.037 79.6 1.11 -0.07
1805 1637.129 102.4 1.12 -0.02
1806 1638.003 138.8 1.12 0.02
1807 1639.350 68.3 1.07 -0.00
1808 1640.470 118.3 1.05 -0.05
1809 1641.098 95.6 1.10 -0.04
1810 1643.137 154.7 1.07 0.06
1811 1644.083 95.6 1.08 0.03
1812 1644.547 170.7 1.10 0.04
1813 1645.740 127.4 1.11 -0.07
1814 1648.134 134.3 1.03 -0.04
1815 1648.498 75.1 1.03 -0.05
1816 1649.626 179.8 1.03 -0.05
1817 1650.555 127.4 1.03 -0.05
1818 1650.819 147.9 1.03 -0.05
1819 1652.439 129.7 1.01 -0.03
1820 1652.967 193.4 1.05 -0.04
1821 1653.613 70.5 1.00 -0.04
1822 1653.868 118.3 1.00 -0.02
1823 1654.797 86.5 1.03 -0.03
1824 1655.698 95.6 1.02 -0.03
1825 1656.262 182.0 1.04 0.07
1826 1656.990 75.1 1.04 0.04
1827 1657.500 186.6 1.00 0.05
1828 1658.874 116.1 1.01 0.01
1829 1659.903 100.1 1.06 0.00
1830 1661.068 109.2 1.11 0.01
1831 1664.545 118.3 1.08 -0.03
1832 1667.339 109.2 1.06 0.06
1833 1667.667 163.8 1.08 0.04
1834 1667.876 145.6 1.04 0.09
1835 1670.015 145.6 1.02 0.03
1836 1670.316 93.3 1.04 0.02
1837 1673.320 223.0 1.04 -0.00
1838 1673.920 172.9 1.03 -0.00
1839 1674.111 93.3 1.10 0.04
1840 1674.831 100.1 1.08 0.02
1841 1675.304 154.7 1.07 -0.04
1842 1675.604 125.2 1.05 0.02
1843 1675.895 170.7 1.10 -0.02
1844 1677.434 93.3 1.08 -0.01
1845 1677.907 84.2 1.02 -0.03
1846 1678.162 136.5 1.03 -0.01
1847 1678.298 109.2 1.08 -0.01
1848 1678.681 77.4 1.09 -0.02
1849 1679.109 127.4 1.13 0.00
1850 1679.555 95.6 1.10 0.01
1851 1680.538 136.5 1.06 -0.03
1852 1682.595 186.6 1.06 -0.04
1853 1683.041 157.0 1.04 -0.04
1854 1683.241 141.1 1.10 -0.04
1855 1684.670 59.2 1.06 -0.02
1856 1684.870 91.0 1.06 -0.00
1857 1685.098 154.7 1.06 -0.00
1858 1685.771 172.9 1.08 -0.01
1859 1685.999 223.0 1.08 -0.02
1860 1686.827 154.7 1.09 -0.00
1861 1687.828 186.6 1.08 0.02
1862 1688.083 159.3 1.10 0.03
1863 1688.830 47.8 1.10 -0.01
1864 1688.921 70.5 1.05 -0.02
1865 1690.031 118.3 1.10 -0.00
1866 1690.586 182.0 1.18 -0.05
1867 1691.333 218.5 1.18 -0.02
1868 1691.579 188.9 1.17 -0.02
1869 1693.235 109.2 1.12 -0.01
1870 1693.954 127.4 1.17 -0.03
1871 1694.519 104.7 1.18 -0.05
1872 1694.692 122.9 1.18 -0.05
1873 1694.901 111.5 1.13 -0.04
1874 1695.511 150.2 1.15 -0.03
1875 1697.031 154.7 1.14 0.01
1876 1698.778 129.7 1.12 0.03
1877 1699.052 102.4 1.11 0.03
1878 1699.652 182.0 1.10 0.05
1879 1702.055 50.1 1.04 0.07
1880 1702.601 145.6 1.10 0.06
1881 1703.266 102.4 1.09 0.08
1882 1703.475 109.2 1.08 0.08
1883 1704.030 132.0 1.09 0.10
1884 1704.240 122.9 1.08 0.10
1885 1704.595 111.5 1.09 0.08
1886 1704.995 200.2 1.06 0.07
1887 1706.588 141.1 1.06 0.06
1888 1707.080 170.7 1.06 0.02
1889 1707.444 104.7 1.09 0.01
1890 1708.026 168.4 1.06 -0.02
1891 1710.912 109.2 1.10 -0.06
1892 1711.449 120.6 1.14 -0.03
1893 1713.770 86.5 1.12 0.06
1894 1713.870 84.2 1.15 0.06
1895 1714.270 104.7 1.16 0.03
1896 1715.263 86.5 1.15 0.02
1897 1715.927 118.3 1.16 0.01
1898 1718.275 234.4 1.11 0.07
1899 1718.548 109.2 1.08 0.04
1900 1719.349 88.7 1.12 0.03
1901 1719.522 136.5 1.06 0.02
1902 1720.269 154.7 1.12 0.04
1903 1720.505 88.7 1.08 0.04
1904 1721.188 172.9 1.06 0.04
1905 1723.445 118.3 1.11 0.05
1906 1723.864 95.6 1.13 0.04
1907 1724.046 141.1 1.09 0.03
1908 1724.174 54.6 1.13 0.03
1909 1724.429 41.0 1.13 0.05
1910 1725.539 193.4 1.08 0.03
1911 1726.085 220.7 1.08 0.06
1912 1726.376 61.4 1.11 0.08
1913 1730.390 163.8 1.17 0.06
1914 1731.428 100.1 1.22 0.08
1915 1731.956 132.0 1.15 0.04
1916 1732.903 127.4 1.18 0.04
1917 1737.590 122.9 1.09 -0.01
1918 1739.584 84.2 1.11 0.09
1919 1741.668 127.4 1.06 0.07
1920 1741.987 136.5 1.08 0.05
1921 1742.715 102.4 1.08 0.02
1922 1743.325 250.3 1.07 0.02
1923 1743.753 118.3 1.04 0.04
1924 1744.463 113.8 1.08 0.03
1925 1744.781 136.5 1.09 0.03
1926 1745.455 113.8 1.09 0.02
1927 1745.710 97.8 1.08 0.03
1928 1747.439 104.7 1.04 -0.00
1929 1748.031 143.4 1.05 0.02
1930 1749.423 166.1 1.07 -0.04
1931 1749.696 100.1 1.06 -0.04
1932 1750.252 122.9 1.06 -0.04
1933 1750.679 172.9 1.05 -0.04
1934 1751.171 95.6 1.08 -0.03
1935 1752.873 86.5 1.03 -0.01
1936 1753.747 109.2 0.97 -0.05
1937 1755.412 154.7 0.99 0.00
1938 1756.159 100.1 0.99 -0.06
1939 1756.805 200.2 1.00 -0.07
1940 1757.542 145.6 1.01 -0.08
1941 1758.753 200.2 0.94 -0.05
1942 1759.463 154.7 0.92 -0.02
1943 1760.091 254.9 1.02 0.02
1944 1760.555 154.7 0.94 -0.04
1945 1762.157 72.8 0.96 -0.04
1946 1762.749 93.3 1.00 -0.00
1947 1762.904 118.3 0.99 -0.00
1948 1763.777 172.9 1.00 0.01
1949 1764.715 127.4 0.96 0.02
1950 1765.197 227.6 0.93 0.03
1951 1765.907 56.9 1.03 0.07
1952 1766.754 129.7 1.03 0.05
1953 1766.918 141.1 1.01 0.05
1954 1767.737 141.1 1.05 0.08
1955 1767.910 141.1 1.10 0.07
1956 1768.292 218.5 0.95 0.07
1957 1769.840 152.5 1.08 0.04
1958 1772.106 68.3 1.03 -0.00
1959 1772.261 113.8 1.06 -0.00
1960 1772.952 97.8 1.05 0.04
1961 1773.699 152.5 1.06 0.02
1962 1773.826 102.4 1.04 0.02
1963 1774.609 91.0 1.10 0.01
1964 1776.247 100.1 1.15 0.05
1965 1776.448 88.7 1.13 0.05
1966 1777.167 132.0 1.13 0.03
1967 1777.349 182.0 1.14 0.05
1968 1778.569 41.0 1.12 -0.02
1969 1779.033 116.1 1.14 0.02
1970 1779.242 113.8 1.14 0.02
1971 1780.589 279.9 1.07 0.02
1972 1780.844 245.8 1.08 0.02
1973 1781.572 81.9 1.10 0.02
1974 1782.082 202.5 1.07 0.02
1975 1783.411 77.4 1.12 0.01
1976 1783.520 84.2 1.12 0.01
1977 1784.512 97.8 1.09 0.02
1978 1784.767 118.3 1.11 0.02
1979 1785.022 132.0 1.13 0.06
1980 1785.532 127.4 1.06 0.03
1981 1787.971 132.0 1.15 -0.01
1982 1788.663 91.0 1.11 -0.02
1983 1789.537 122.9 1.09 -0.02
1984 1794.288 141.1 1.10 0.01
1985 1794.397 79.6 1.04 0.01
1986 1794.516 63.7 1.05 -0.03
1987 1796.008 136.5 1.07 -0.02
1988 1796.818 118.3 1.07 -0.05
1989 1797.201 86.5 1.05 -0.04
1990 1797.274 25.0 1.07 -0.05
1991 1797.829 86.5 1.04 -0.04
1992 1799.658 66.0 1.05 0.01
1993 1799.722 34.1 1.03 0.02
1994 1800.532 86.5 1.08 0.03
1995 1801.006 81.9 1.08 0.04
1996 1801.479 102.4 1.08 0.04
1997 1801.643 120.6 1.08 0.04
1998 1805.720 56.9 1.05 0.05
1999 1805.802 52.3 1.05 0.05
2000 1807.723 138.8 1.01 -0.02
