DXEX v3
C:\Documents and Settings\LDA\My Documents\TM_SANTOS\Equipo_5\Trailer.lda
2:48:22 PM
0.00 mm;0.00 mm;0.00 mm
Region1
"Row#"	"AT [ms]"	"LDA1 [m/s]"	
1	8.809	-23.248
2	45.912	-23.010
3	47.530	-23.106
4	49.947	-23.181
5	51.440	-23.551
6	56.179	-23.072
7	82.267	-22.906
8	89.025	-23.178
9	89.787	-23.055
10	98.346	-23.274
11	114.472	-23.263
12	131.579	-22.995
13	133.565	-23.134
14	136.643	-23.248
15	196.720	-23.208
16	221.829	-23.783
17	226.330	-22.971
18	226.542	-23.079
19	229.513	-22.851
20	229.769	-23.234
21	230.309	-23.180
22	261.532	-23.142
23	270.571	-23.170
24	288.732	-23.124
25	296.169	-23.238
26	334.227	-23.073
27	343.039	-22.693
28	343.384	-22.741
29	343.701	-23.065
30	343.737	-23.005
31	343.898	-23.115
32	417.944	-22.465
33	431.711	-22.955
34	494.864	-22.918
35	497.848	-22.834
36	499.423	-22.217
37	500.621	-23.125
38	502.035	-23.234
39	518.584	-22.982
40	531.034	-22.918
41	532.439	-22.902
42	533.450	-22.767
43	533.509	-22.871
44	534.213	-23.173
45	537.109	-22.853
46	544.257	-23.149
47	551.644	-23.048
48	558.592	-22.922
49	630.629	-23.028
50	631.493	-23.140
51	638.054	-23.157
52	638.302	-23.093
53	638.569	-22.879
54	641.684	-22.679
55	642.724	-22.887
56	650.781	-23.166
57	651.077	-22.586
58	652.224	-23.127
59	665.488	-23.242
60	665.976	-23.590
61	667.525	-22.541
62	672.374	-22.667
63	672.751	-23.164
64	679.473	-23.038
65	684.442	-23.013
66	685.725	-23.127
67	685.816	-23.086
68	686.646	-23.096
69	687.207	-23.109
70	687.268	-22.887
71	687.450	-23.203
72	687.475	-23.358
73	687.639	-23.249
74	687.806	-21.616
75	688.137	-22.870
76	689.267	-23.162
77	689.637	-22.973
78	692.232	-23.197
79	695.710	-23.097
80	695.789	-23.034
81	697.020	-23.151
82	698.282	-22.935
83	698.384	-22.995
84	698.781	-23.318
85	698.888	-23.119
86	699.414	-22.782
87	699.708	-23.273
88	700.712	-22.876
89	706.205	-22.866
90	707.403	-22.404
91	707.765	-23.115
92	722.511	-22.975
93	724.358	-22.985
94	727.032	-23.203
95	727.199	-23.007
96	727.313	-23.028
97	729.326	-23.173
98	731.195	-23.100
99	732.451	-22.996
100	732.533	-23.262
101	733.193	-23.098
102	734.024	-23.206
103	734.143	-23.518
104	734.484	-23.440
105	739.416	-23.037
106	740.118	-15.825
107	741.360	-23.160
108	743.726	-23.026
109	744.728	-23.155
110	746.880	-23.210
111	749.456	-23.050
112	758.825	-22.951
113	760.313	-22.592
114	777.072	-23.171
115	778.536	-22.684
116	779.061	-23.011
117	779.464	-22.966
118	780.685	-23.117
119	782.150	-23.095
120	783.255	-23.007
121	798.083	-23.292
122	799.330	-23.110
123	799.433	-23.222
124	799.771	-23.249
125	800.477	-23.405
126	800.561	-23.068
127	801.246	-23.732
128	802.924	-23.114
129	803.207	-23.090
130	804.437	-23.119
131	804.607	-22.743
132	804.680	-22.588
133	805.724	-22.907
134	805.810	-23.246
135	806.461	-23.039
136	807.199	-22.949
137	808.563	-23.033
138	809.446	-23.085
139	828.026	-23.166
140	834.559	-23.160
141	858.140	-23.167
142	859.470	-23.336
143	882.868	-23.140
144	887.616	-23.208
145	891.716	-23.176
146	900.894	-23.386
147	912.270	-23.166
148	924.130	-23.209
149	932.057	-23.078
150	936.195	-23.026
151	936.205	-23.268
152	946.103	-23.048
153	950.172	-23.228
154	951.201	-22.966
155	954.735	-23.078
156	992.417	-23.136
157	995.667	-23.057
158	1028.735	-23.203
159	1036.698	-23.450
160	1078.361	-23.063
161	1112.086	-23.300
162	1163.987	-23.304
163	1164.684	-23.420
164	1166.967	-23.355
165	1228.237	-23.067
166	1250.991	-23.305
167	1252.096	-23.138
168	1257.508	-22.887
169	1271.149	-23.397
170	1286.237	-23.547
171	1299.864	-23.427
172	1314.990	-23.291
173	1317.057	-23.045
174	1317.480	-22.981
175	1318.108	-23.332
176	1319.134	-22.836
177	1340.178	-23.336
178	1341.322	-22.509
179	1342.396	-23.283
180	1345.104	-23.356
181	1353.244	-23.298
182	1364.442	-23.284
183	1366.827	-23.435
184	1367.881	-23.377
185	1369.309	-22.978
186	1369.883	-23.002
187	1369.931	-23.041
188	1370.013	-23.815
189	1370.677	-22.989
190	1370.849	-23.281
191	1370.902	-23.340
192	1370.999	-23.398
193	1371.405	-23.355
194	1371.595	-23.430
195	1371.864	-23.092
196	1371.998	-23.844
197	1372.383	-23.329
198	1372.499	-23.230
199	1373.167	-23.144
200	1373.507	-23.259
201	1373.991	-22.968
202	1374.099	-23.251
203	1374.238	-23.133
204	1374.419	-23.523
205	1375.233	-23.063
206	1375.464	-22.986
207	1377.923	-23.126
208	1381.498	-23.240
209	1381.633	-23.325
210	1382.061	-23.181
211	1383.143	-23.870
212	1385.104	-22.894
213	1385.344	-23.292
214	1386.287	-23.413
215	1394.796	-23.292
216	1395.744	-23.183
217	1397.066	-23.405
218	1403.497	-23.141
219	1403.778	-23.209
220	1404.179	-23.370
221	1405.380	-23.327
222	1406.617	-23.214
223	1409.546	-23.830
224	1410.292	-23.437
225	1410.611	-22.660
226	1410.698	-23.147
227	1410.922	-23.237
228	1411.114	-23.073
229	1411.663	-23.257
230	1411.821	-23.250
231	1412.091	-23.192
232	1412.657	-23.111
233	1412.795	-22.963
234	1412.988	-23.361
235	1413.415	-23.466
236	1413.545	-23.131
237	1413.887	-23.569
238	1414.539	-23.623
239	1424.784	-23.003
240	1427.805	-23.283
241	1431.353	-23.811
242	1433.467	-23.354
243	1437.137	-23.348
244	1440.916	-23.443
245	1444.764	-23.284
246	1445.013	-23.330
247	1467.878	-23.502
248	1468.199	-23.407
249	1469.610	-23.385
250	1469.984	-23.440
251	1480.346	-23.248
252	1529.013	-23.304
253	1529.303	-23.396
254	1535.257	-23.276
255	1536.744	-23.395
256	1543.807	-23.108
257	1577.860	-23.465
258	1579.937	-23.217
259	1579.987	-23.226
260	1580.996	-23.359
261	1601.817	-23.359
262	1648.339	-23.058
263	1656.404	-23.160
264	1659.949	-23.235
265	1660.956	-23.405
266	1664.511	-23.436
267	1676.501	-23.283
268	1677.851	-23.122
269	1678.035	-23.169
270	1678.680	-23.172
271	1680.256	-23.407
272	1685.418	-23.315
273	1689.748	-23.219
274	1690.369	-23.171
275	1714.003	-23.142
276	1715.588	-23.640
277	1716.266	-23.337
278	1716.528	-22.992
279	1716.718	-23.319
280	1717.634	-23.132
281	1718.541	-23.315
282	1719.026	-23.652
283	1719.134	-22.906
284	1721.545	-23.355
285	1727.633	-23.121
286	1757.151	-23.233
287	1787.294	-23.341
288	1821.251	-23.621
289	1827.551	-23.328
290	1837.587	-23.371
291	1837.657	-23.292
292	1839.887	-23.399
293	1865.977	-23.142
294	1877.956	-23.338
295	1884.754	-23.127
296	1887.922	-23.429
297	1892.314	-23.310
298	1892.385	-23.368
299	1892.492	-23.242
300	1893.259	-23.411
301	1893.483	-23.263
302	1893.842	-23.255
303	1893.854	-23.641
304	1928.932	-23.154
305	1939.608	-23.246
306	1943.323	-23.226
307	1948.368	-23.416
308	1950.206	-23.038
309	1955.299	-23.232
310	1958.670	-23.235
311	1962.425	-23.225
312	1964.971	-23.283
313	1968.544	-23.555
314	1968.670	-23.230
315	1968.734	-23.830
316	1970.547	-23.705
317	1971.629	-23.748
318	1972.619	-22.976
319	1974.782	-23.492
320	1975.341	-23.391
321	1977.450	-23.007
322	1977.633	-23.122
323	1978.326	-23.272
324	1978.650	-23.121
325	1979.573	-22.901
326	1979.857	-23.281
327	1980.060	-23.303
328	1984.027	-23.378
329	1986.063	-23.147
330	1986.933	-23.090
331	1988.580	-23.203
332	1989.595	-23.317
333	1992.211	-22.699
334	1992.641	-23.355
335	1993.879	-23.152
336	1993.941	-23.376
337	1994.258	-23.251
338	1994.445	20.662
339	1994.457	-23.307
340	1994.782	-23.326
341	1994.876	-23.404
342	1994.921	-23.027
343	1995.287	-24.199
344	1995.480	-23.066
345	1995.926	-23.383
346	1996.919	-23.083
347	1997.168	-23.806
348	1997.427	-23.002
349	1997.465	-23.348
350	1997.541	-23.654
351	1999.385	-24.102
352	2001.084	-22.038
353	2001.765	-23.064
354	2002.493	-22.987
355	2002.912	-23.157
356	2003.334	-23.877
357	2004.207	-23.646
358	2004.744	-23.388
359	2005.426	-23.652
360	2005.459	-23.560
361	2005.936	-23.187
362	2006.632	-23.328
363	2006.686	-24.581
364	2007.172	-23.131
365	2007.306	-23.269
366	2007.875	-23.301
367	2009.464	-23.753
368	2010.509	-23.197
369	2010.678	-23.281
370	2012.366	-23.358
371	2012.568	-23.222
372	2014.224	-22.996
373	2014.427	-23.267
374	2014.896	-23.297
375	2015.004	-23.419
376	2015.310	-23.381
377	2017.963	-23.319
378	2018.935	-23.366
379	2021.592	-23.464
380	2021.677	-22.630
381	2021.758	-23.447
382	2022.795	-23.208
383	2023.434	-22.891
384	2023.664	-23.388
385	2024.576	-22.852
386	2027.099	-23.537
387	2028.048	-23.428
388	2029.314	-23.346
389	2029.412	-23.443
390	2030.875	-23.056
391	2031.163	-23.186
392	2031.521	-23.131
393	2032.516	-23.200
394	2032.808	-23.101
395	2032.840	-23.160
396	2033.090	-23.623
397	2033.236	-23.600
398	2033.284	-23.499
399	2033.343	-23.637
400	2034.150	-23.144
401	2034.781	-23.021
402	2035.596	-23.426
403	2035.607	-23.020
404	2035.697	-20.646
405	2036.059	-23.253
406	2036.264	-23.316
407	2036.574	-23.500
408	2037.705	-23.123
409	2037.772	-23.242
410	2038.255	-23.637
411	2038.298	-23.664
412	2039.087	-23.224
413	2039.629	-23.066
414	2040.243	-23.577
415	2040.480	-22.948
416	2040.504	-23.141
417	2040.515	-23.106
418	2040.784	-23.042
419	2041.419	-23.580
420	2041.683	-24.466
421	2041.939	-22.948
422	2042.288	-23.211
423	2048.656	-23.222
424	2052.403	-22.842
425	2052.441	-22.958
426	2052.466	-23.261
427	2053.034	-23.365
428	2053.231	-23.237
429	2053.444	-22.975
430	2055.068	-23.754
431	2055.456	-23.125
432	2056.404	-23.702
433	2056.422	-22.627
434	2056.841	-23.017
435	2057.301	-23.211
436	2058.549	-22.981
437	2059.937	-23.302
438	2060.006	-23.734
439	2060.046	-11.192
440	2060.298	-22.979
441	2060.484	-22.998
442	2061.776	-23.195
443	2061.845	-23.381
444	2062.228	-23.501
445	2062.239	-23.026
446	2063.147	-23.219
447	2063.619	-23.204
448	2064.314	-22.717
449	2065.703	-22.688
450	2065.867	-23.274
451	2066.826	-23.548
452	2067.140	-23.287
453	2067.146	-23.505
454	2067.297	-23.677
455	2067.313	-23.442
456	2067.378	-23.418
457	2067.399	-23.190
458	2067.690	-23.265
459	2068.339	-23.562
460	2068.632	-23.110
461	2069.820	-23.222
462	2070.969	-23.122
463	2071.299	-23.091
464	2071.987	-23.260
465	2072.176	-23.228
466	2072.420	-21.923
467	2072.504	-23.582
468	2072.667	-23.752
469	2073.027	-23.403
470	2073.524	-23.392
471	2074.275	-23.275
472	2075.163	-23.549
473	2075.315	-23.475
474	2075.702	-23.196
475	2076.801	-23.711
476	2077.670	-23.349
477	2078.557	-23.547
478	2079.096	-23.237
479	2079.175	-22.975
480	2079.266	-23.681
481	2079.603	-23.237
482	2081.280	-23.320
483	2082.570	-23.134
484	2083.166	-23.463
485	2084.138	-23.226
486	2084.726	-23.199
487	2085.135	-23.313
488	2087.037	-23.077
489	2087.256	-23.248
490	2087.514	-22.729
491	2087.518	-23.464
492	2087.780	-23.004
493	2087.821	-23.115
494	2088.213	-23.841
495	2088.957	-22.998
496	2089.275	-23.312
497	2089.363	-23.484
498	2089.683	-23.086
499	2090.370	-23.335
500	2090.867	-6.369
501	2092.473	-22.983
502	2093.069	-23.006
503	2093.200	-22.422
504	2093.363	-23.311
505	2094.055	-23.008
506	2094.232	-23.288
507	2094.476	-22.928
508	2094.974	-23.543
509	2095.273	-22.841
510	2095.451	-23.030
511	2096.277	-22.924
512	2096.885	-22.893
513	2097.033	-23.189
514	2098.348	-23.793
515	2098.746	-22.743
516	2100.594	-23.183
517	2101.656	-23.201
518	2101.792	-23.196
519	2101.965	-23.170
520	2102.054	-23.629
521	2102.138	-23.319
522	2102.826	-23.102
523	2103.172	-23.003
524	2103.280	-22.841
525	2103.926	-23.215
526	2104.862	-23.608
527	2104.929	-23.113
528	2105.012	-23.977
529	2105.121	-23.413
530	2105.856	-23.080
531	2106.352	-23.434
532	2106.357	-23.287
533	2106.840	-22.725
534	2107.785	-22.872
535	2108.338	-22.781
536	2109.170	-23.038
537	2109.744	-23.018
538	2110.273	-22.517
539	2117.518	-23.397
540	2119.578	-23.141
541	2122.455	-23.137
542	2122.757	-23.211
543	2123.652	-23.692
544	2124.435	-23.312
545	2124.506	-23.470
546	2124.595	-23.074
547	2124.607	-22.692
548	2125.536	-22.989
549	2125.706	-23.620
550	2126.084	-23.205
551	2127.902	-23.500
552	2127.908	-24.524
553	2128.758	-23.474
554	2129.842	-23.200
555	2130.067	-22.933
556	2130.392	-23.275
557	2132.452	-23.024
558	2135.960	-22.762
559	2136.378	-23.145
560	2142.572	-23.597
561	2143.859	-22.417
562	2143.898	-23.371
563	2144.251	-23.520
564	2145.007	-22.570
565	2146.440	-23.868
566	2146.609	-23.177
567	2146.918	-23.270
568	2147.095	-22.917
569	2147.528	-23.708
570	2148.426	-22.887
571	2149.776	-23.214
572	2149.868	-23.021
573	2150.100	-22.907
574	2150.794	-24.020
575	2150.942	-23.216
576	2151.933	-23.184
577	2152.447	-23.287
578	2153.581	-23.264
579	2154.127	-23.062
580	2154.539	-23.080
581	2155.798	-23.309
582	2156.042	-22.672
583	2156.145	-23.068
584	2156.263	-23.220
585	2156.633	-23.427
586	2157.462	-23.560
587	2159.341	-23.272
588	2159.902	-23.582
589	2160.039	-23.327
590	2160.730	-23.091
591	2160.938	-23.459
592	2161.704	-22.988
593	2161.782	-23.371
594	2162.003	-23.669
595	2162.285	-23.060
596	2162.703	-22.879
597	2165.070	-23.441
598	2166.025	-23.304
599	2169.023	-23.296
600	2169.462	-23.188
601	2169.796	-23.863
602	2172.852	-23.350
603	2174.017	-23.084
604	2175.768	-23.097
605	2175.785	-23.669
606	2176.225	-22.994
607	2176.597	-23.373
608	2177.364	-23.192
609	2178.350	-22.865
610	2179.284	-23.371
611	2179.669	-23.267
612	2179.875	-23.233
613	2180.119	-23.203
614	2181.197	-23.288
615	2183.225	-23.697
616	2183.652	-23.404
617	2183.775	-23.354
618	2183.864	-23.493
619	2184.462	-23.279
620	2184.832	-23.125
621	2185.021	-23.568
622	2185.244	-23.194
623	2185.465	-22.751
624	2186.146	-23.262
625	2186.171	-23.508
626	2186.515	-23.852
627	2186.942	-23.270
628	2187.170	-23.271
629	2187.620	-19.232
630	2187.961	-23.129
631	2188.268	-22.951
632	2188.454	-23.529
633	2188.524	-22.680
634	2188.693	-23.294
635	2188.821	-23.524
636	2189.098	-22.966
637	2189.310	-23.258
638	2190.097	-23.415
639	2190.523	-22.736
640	2191.041	-23.312
641	2191.517	-22.951
642	2192.233	-23.168
643	2192.703	-23.120
644	2192.768	-22.929
645	2192.842	-22.836
646	2193.926	-22.942
647	2194.107	-23.258
648	2194.228	-23.081
649	2194.436	-23.891
650	2194.519	-23.077
651	2195.061	-22.944
652	2195.223	-23.688
653	2195.250	-23.101
654	2195.645	-23.282
655	2196.145	-23.368
656	2196.275	-23.125
657	2196.942	-23.022
658	2197.380	-23.221
659	2197.608	-23.415
660	2198.851	-22.850
661	2199.582	-23.367
662	2199.594	-22.523
663	2200.132	-23.107
664	2200.248	-24.209
665	2200.412	-15.315
666	2200.589	-23.051
667	2200.620	-23.220
668	2200.640	-23.234
669	2201.045	-23.802
670	2201.052	-22.858
671	2201.159	-22.734
672	2201.486	-23.270
673	2202.512	-23.555
674	2202.552	-23.583
675	2202.870	-22.667
676	2202.910	-23.351
677	2203.143	-23.236
678	2203.155	-22.867
679	2203.979	-23.132
680	2204.013	-23.180
681	2204.031	-23.301
682	2204.045	-21.842
683	2204.122	-23.315
684	2204.232	-23.351
685	2204.410	-23.315
686	2204.691	-23.095
687	2204.901	-22.709
688	2205.281	-23.472
689	2205.309	-23.428
690	2205.788	-23.195
691	2206.266	-23.493
692	2208.143	-23.079
693	2208.208	-22.961
694	2208.376	-22.927
695	2208.426	-23.285
696	2208.596	-22.940
697	2208.619	-23.352
698	2208.853	-22.801
699	2209.185	-23.137
700	2209.285	-23.478
701	2209.297	-23.132
702	2209.940	-22.901
703	2210.088	-23.292
704	2210.684	-23.333
705	2210.727	-23.209
706	2210.928	-23.010
707	2211.131	-23.606
708	2212.047	-23.009
709	2217.130	-23.362
710	2219.626	-23.073
711	2220.047	-23.814
712	2220.069	-23.102
713	2220.313	-23.041
714	2221.188	-23.154
715	2221.234	-22.941
716	2222.832	-23.157
717	2224.481	-23.134
718	2224.542	-23.063
719	2225.322	-23.030
720	2226.257	-23.186
721	2226.432	-23.199
722	2227.215	-23.405
723	2227.224	-23.312
724	2227.301	-23.497
725	2227.630	-23.687
726	2228.097	-23.352
727	2228.203	-23.177
728	2228.216	-23.191
729	2228.672	-23.412
730	2229.904	-23.256
731	2230.063	-23.309
732	2230.432	-23.351
733	2231.498	-23.163
734	2232.322	-23.306
735	2232.522	-23.202
736	2232.775	-23.550
737	2232.834	-23.177
738	2233.497	-23.413
739	2233.561	-23.041
740	2233.643	-23.288
741	2234.246	-23.678
742	2235.932	-23.293
743	2236.245	-22.927
744	2236.431	-23.623
745	2236.745	-23.197
746	2237.662	-23.310
747	2238.055	-23.336
748	2238.334	-22.974
749	2241.064	-23.204
750	2241.438	-22.662
751	2241.581	-22.960
752	2241.592	-22.586
753	2241.814	-22.824
754	2242.092	-23.256
755	2242.780	-23.275
756	2242.893	-23.277
757	2243.887	-23.349
758	2244.388	-23.069
759	2248.995	-23.256
760	2249.031	-23.273
761	2249.411	-23.126
762	2253.716	-23.285
763	2256.564	-23.519
764	2256.843	-23.183
765	2257.398	-23.470
766	2257.808	-22.926
767	2258.090	-22.852
768	2258.323	-23.002
769	2258.544	-23.022
770	2258.584	-23.035
771	2259.191	-22.968
772	2259.197	-23.165
773	2259.480	-24.440
774	2259.624	-23.118
775	2261.128	-23.057
776	2262.081	-22.946
777	2262.311	-23.271
778	2262.379	-23.369
779	2262.959	-23.372
780	2263.777	-24.079
781	2263.922	-23.149
782	2264.744	-23.288
783	2264.968	-23.231
784	2266.023	-23.168
785	2266.753	-22.938
786	2273.246	-23.296
787	2277.848	-23.266
788	2279.218	-23.167
789	2279.333	-23.387
790	2279.751	-23.280
791	2280.789	-23.378
792	2281.350	-22.978
793	2281.414	-23.262
794	2281.659	-23.940
795	2282.459	-23.156
796	2282.706	-22.911
797	2282.743	-23.124
798	2282.877	-23.149
799	2283.028	-23.267
800	2283.032	-23.058
801	2283.310	-23.351
802	2283.437	-23.374
803	2283.678	-23.034
804	2284.104	-23.144
805	2284.316	-23.191
806	2284.326	-23.174
807	2284.357	-22.983
808	2285.452	-23.265
809	2285.984	-22.942
810	2285.999	-23.167
811	2288.331	-23.523
812	2289.465	-22.526
813	2292.600	-23.245
814	2293.596	-23.186
815	2294.130	-23.386
816	2295.749	-23.175
817	2296.781	-23.257
818	2298.736	-23.104
819	2303.910	-23.315
820	2304.684	-23.184
821	2306.051	-22.964
822	2306.590	-23.251
823	2308.841	-23.828
824	2309.377	-23.072
825	2309.445	-23.129
826	2312.189	-23.006
827	2315.775	-23.158
828	2316.939	-23.140
829	2318.037	-23.135
830	2320.678	-23.261
831	2323.616	-23.289
832	2329.737	-23.174
833	2341.064	-22.843
834	2341.315	-22.322
835	2341.373	-23.022
836	2341.469	-23.280
837	2341.511	-23.038
838	2341.553	-23.162
839	2341.768	-23.471
840	2341.851	-22.972
841	2341.950	-22.922
842	2342.402	-23.080
843	2343.602	-23.458
844	2344.010	-23.281
845	2344.775	-23.129
846	2345.255	-23.314
847	2346.064	-22.680
848	2346.939	-23.036
849	2348.487	-23.216
850	2349.005	-23.163
851	2349.159	-23.145
852	2349.292	-23.259
853	2349.342	-23.423
854	2349.546	-23.133
855	2349.798	-23.221
856	2350.035	-23.237
857	2350.400	-23.299
858	2350.514	-22.935
859	2350.832	-22.710
860	2351.569	-23.429
861	2351.868	-23.183
862	2352.258	-22.923
863	2353.240	-22.748
864	2353.421	-23.028
865	2353.479	-23.335
866	2354.740	-23.107
867	2355.063	-23.020
868	2355.195	-22.876
869	2355.452	-23.035
870	2356.394	-23.175
871	2358.097	-23.191
872	2360.062	-23.220
873	2362.562	-23.235
874	2362.958	-23.244
875	2363.358	-22.964
876	2365.964	-23.017
877	2369.344	-23.181
878	2370.703	-23.599
879	2371.933	-23.065
880	2372.897	-23.421
881	2373.153	-23.183
882	2374.056	-22.923
883	2374.849	-23.330
884	2375.465	-23.224
885	2375.541	-23.268
886	2376.692	-23.044
887	2377.005	-23.258
888	2377.324	-22.974
889	2377.656	-23.073
890	2377.892	-23.054
891	2378.038	-22.954
892	2378.444	-23.239
893	2378.681	-23.250
894	2378.761	-22.905
895	2379.386	-23.284
896	2379.675	-23.766
897	2380.138	-23.384
898	2381.316	-23.019
899	2381.500	-23.162
900	2382.056	-22.997
901	2384.289	-23.334
902	2386.950	-22.980
903	2391.013	-23.206
904	2391.818	-23.298
905	2392.416	-22.637
906	2394.436	-23.031
907	2395.283	-22.941
908	2396.994	-23.596
909	2398.302	-22.996
910	2400.924	-23.962
911	2402.050	-23.143
912	2402.817	-23.112
913	2403.352	-23.386
914	2403.433	-23.133
915	2403.452	-23.483
916	2403.514	-23.640
917	2403.589	-23.237
918	2403.841	-22.964
919	2403.901	-23.342
920	2403.940	-23.493
921	2404.136	-23.486
922	2404.477	-23.675
923	2404.904	-23.480
924	2405.371	-23.033
925	2406.668	-23.552
926	2406.916	-23.148
927	2406.985	-23.302
928	2407.127	-23.303
929	2407.256	-23.085
930	2407.270	-23.382
931	2407.386	-23.706
932	2407.640	-23.383
933	2408.027	-23.374
934	2408.964	-23.324
935	2409.207	-23.101
936	2409.237	-23.306
937	2410.194	-22.794
938	2412.768	-23.417
939	2418.067	-23.667
940	2420.881	-23.261
941	2420.885	-23.167
942	2420.945	-22.947
943	2421.062	-23.716
944	2421.243	-22.742
945	2421.327	-23.177
946	2421.357	-22.962
947	2421.687	-23.199
948	2422.157	-23.301
949	2422.547	-23.711
950	2422.599	-23.183
951	2423.108	-22.843
952	2423.239	-23.787
953	2423.550	-22.929
954	2423.765	-22.941
955	2423.827	-22.750
956	2423.896	-23.225
957	2424.653	-23.363
958	2425.299	-23.009
959	2425.651	-22.945
960	2425.738	-23.133
961	2426.601	-23.372
962	2427.160	-23.207
963	2427.471	-23.098
964	2427.786	-23.091
965	2428.353	-23.123
966	2429.527	-22.270
967	2430.111	-23.508
968	2430.296	-23.637
969	2430.399	-22.906
970	2431.004	-23.185
971	2431.198	-23.490
972	2431.498	-23.682
973	2431.646	-23.191
974	2432.133	-23.681
975	2432.637	-23.531
976	2432.686	-23.744
977	2434.347	-23.279
978	2434.874	-23.200
979	2435.015	-22.951
980	2435.163	-22.998
981	2435.176	-23.376
982	2435.558	-23.613
983	2435.571	-23.217
984	2435.583	-23.341
985	2435.599	-23.190
986	2435.614	-23.197
987	2435.878	-22.948
988	2436.047	-23.072
989	2436.111	-23.114
990	2436.412	-22.899
991	2437.374	-22.719
992	2437.393	-23.064
993	2437.599	-23.397
994	2437.775	-23.461
995	2437.975	-23.914
996	2438.343	-23.498
997	2438.415	-22.753
998	2438.683	-23.614
999	2439.009	-10.828
1000	2439.649	-23.016
1001	2439.871	-22.799
1002	2439.950	-23.371
1003	2440.001	-23.371
1004	2440.121	-23.093
1005	2440.400	-23.370
1006	2440.518	-23.018
1007	2441.269	-23.542
1008	2441.333	-23.452
1009	2441.357	-23.361
1010	2441.412	-23.143
1011	2441.467	-22.448
1012	2449.470	-23.080
1013	2452.779	-22.805
1014	2457.985	-22.681
1015	2458.191	-23.203
1016	2459.211	-23.111
1017	2459.430	-23.236
1018	2460.293	-23.265
1019	2461.421	-22.979
1020	2462.098	-23.300
1021	2462.571	-23.351
1022	2462.982	-23.238
1023	2463.085	-23.217
1024	2463.620	-23.046
1025	2463.732	-23.052
1026	2463.989	-23.407
1027	2464.243	-23.380
1028	2465.009	-22.602
1029	2465.439	-23.186
1030	2465.472	-23.026
1031	2466.083	-23.531
1032	2466.317	-23.539
1033	2466.671	-23.407
1034	2467.035	-23.195
1035	2467.175	-22.535
1036	2467.518	-23.336
1037	2468.431	-23.136
1038	2468.505	-23.181
1039	2468.626	-23.723
1040	2469.000	-22.807
1041	2469.133	-23.007
1042	2469.374	-23.265
1043	2469.524	-23.262
1044	2469.701	-23.325
1045	2470.020	-23.028
1046	2471.491	-23.400
1047	2471.533	-22.991
1048	2472.205	-23.195
1049	2472.777	-23.392
1050	2473.363	-23.159
1051	2474.069	-23.209
1052	2474.162	-23.057
1053	2474.293	-23.445
1054	2474.305	-23.310
1055	2474.433	-23.070
1056	2475.741	-23.750
1057	2477.617	-23.009
1058	2480.309	-23.247
1059	2481.535	-23.214
1060	2481.847	-23.007
1061	2482.011	-23.328
1062	2482.242	-23.364
1063	2482.326	-23.597
1064	2483.483	-22.927
1065	2484.892	-23.107
1066	2487.507	-22.740
1067	2488.386	-23.290
1068	2488.588	-23.295
1069	2488.885	-23.017
1070	2489.281	-23.371
1071	2490.076	-23.158
1072	2490.123	-22.985
1073	2491.559	-22.917
1074	2491.822	-23.128
1075	2491.987	-23.099
1076	2492.672	-23.786
1077	2493.211	-22.933
1078	2493.908	-22.836
1079	2494.074	-22.974
1080	2494.290	-23.099
1081	2494.306	-22.736
1082	2494.618	-22.982
1083	2494.636	-23.086
1084	2495.019	-22.984
1085	2495.058	-23.090
1086	2495.901	-22.951
1087	2496.246	-23.077
1088	2496.272	-22.856
1089	2496.429	-23.226
1090	2497.053	-23.215
1091	2497.834	-23.218
1092	2497.967	-22.990
1093	2498.326	-23.123
1094	2499.004	-22.631
1095	2501.125	-22.748
1096	2501.555	-23.086
1097	2502.134	-23.105
1098	2502.437	-23.001
1099	2502.763	-23.490
1100	2502.929	-23.181
1101	2502.943	-23.519
1102	2503.332	-22.995
1103	2503.601	-22.879
1104	2503.856	-23.371
1105	2503.860	-23.251
1106	2503.993	-24.049
1107	2504.347	-22.784
1108	2504.440	-23.054
1109	2504.773	-23.405
1110	2505.001	-23.136
1111	2505.288	-23.284
1112	2505.476	-23.304
1113	2505.623	-23.057
1114	2505.635	-23.368
1115	2505.896	-22.918
1116	2505.935	-22.794
1117	2506.140	-23.150
1118	2506.303	-21.913
1119	2507.195	-23.430
1120	2507.362	-23.177
1121	2507.376	-23.344
1122	2507.635	-24.134
1123	2507.699	-23.374
1124	2507.931	-22.831
1125	2507.999	-22.938
1126	2508.609	-23.531
1127	2508.906	-23.027
1128	2509.675	-23.100
1129	2510.264	-23.253
1130	2510.389	-23.354
1131	2510.560	-23.200
1132	2510.909	-23.036
1133	2511.501	-23.249
1134	2511.792	-23.231
1135	2515.410	-23.187
1136	2518.608	-23.117
1137	2519.295	-23.163
1138	2519.480	-23.062
1139	2520.159	-23.172
1140	2524.073	-23.129
1141	2526.897	-23.095
1142	2526.977	-23.427
1143	2527.025	-23.284
1144	2527.163	-23.482
1145	2527.515	-23.218
1146	2529.176	-23.022
1147	2531.269	-23.177
1148	2532.548	-23.715
1149	2533.171	-23.252
1150	2533.234	-22.982
1151	2533.865	-23.110
1152	2534.154	-23.061
1153	2534.482	-23.585
1154	2534.724	-6.469
1155	2535.405	-23.324
1156	2535.578	-23.035
1157	2536.284	-23.778
1158	2537.178	-22.828
1159	2537.358	-23.172
1160	2537.403	-22.995
1161	2537.939	-23.420
1162	2538.233	-23.023
1163	2538.356	-23.269
1164	2538.713	-23.292
1165	2539.043	-23.155
1166	2539.355	-23.408
1167	2540.277	-23.187
1168	2540.701	-23.138
1169	2540.940	-23.130
1170	2541.930	-22.810
1171	2542.098	-23.039
1172	2542.249	-23.596
1173	2542.398	-22.941
1174	2542.503	-23.251
1175	2542.737	-23.092
1176	2543.780	-23.135
1177	2543.944	-22.689
1178	2543.971	-22.900
1179	2545.607	-23.182
1180	2545.723	-23.587
1181	2545.984	-23.159
1182	2546.381	-23.191
1183	2551.024	-23.240
1184	2551.615	-22.126
1185	2552.533	-23.271
1186	2554.048	-23.240
1187	2556.244	-23.347
1188	2556.277	-23.853
1189	2557.941	-22.988
1190	2558.139	-23.363
1191	2559.068	-23.178
1192	2559.096	-23.328
1193	2560.115	-23.090
1194	2560.625	-23.354
1195	2560.671	-23.217
1196	2562.387	-23.188
1197	2562.439	-22.768
1198	2562.491	-23.518
1199	2562.673	-23.265
1200	2563.026	-23.430
1201	2563.125	-22.808
1202	2563.256	-23.215
1203	2563.492	-23.219
1204	2563.585	-23.070
1205	2563.985	-23.708
1206	2564.198	-23.120
1207	2564.459	-23.116
1208	2566.133	-23.374
1209	2566.306	-22.996
1210	2566.950	-23.227
1211	2567.739	-23.066
1212	2567.828	-23.203
1213	2567.859	-22.943
1214	2567.900	-23.290
1215	2568.391	-23.036
1216	2568.725	-23.039
1217	2569.443	-23.392
1218	2569.538	-23.327
1219	2569.571	-22.958
1220	2569.907	-23.211
1221	2570.393	-23.238
1222	2570.399	-23.087
1223	2570.694	-23.430
1224	2570.877	-23.444
1225	2571.350	-22.942
1226	2571.689	-23.053
1227	2572.422	-23.138
1228	2572.653	-22.901
1229	2572.723	-23.404
1230	2573.546	-23.301
1231	2573.835	-13.937
1232	2575.456	-22.662
1233	2575.869	-23.536
1234	2576.100	-23.204
1235	2578.397	-23.376
1236	2579.483	-23.395
1237	2579.520	-22.986
1238	2580.318	-23.461
1239	2580.795	-23.282
1240	2580.899	-23.380
1241	2580.967	-23.246
1242	2583.034	-23.807
1243	2584.149	-23.226
1244	2584.549	-23.566
1245	2584.794	-23.602
1246	2585.169	-23.314
1247	2585.781	-23.196
1248	2588.836	-23.175
1249	2589.031	-23.241
1250	2589.656	-24.075
1251	2589.900	-22.741
1252	2590.043	-23.105
1253	2591.840	-23.165
1254	2592.467	-23.275
1255	2592.656	-23.502
1256	2593.010	-23.254
1257	2593.444	-23.049
1258	2593.922	-23.065
1259	2595.154	-23.239
1260	2595.271	-23.119
1261	2595.320	-23.216
1262	2595.413	-23.130
1263	2595.652	-22.867
1264	2596.163	-22.902
1265	2596.256	-23.374
1266	2597.941	-23.066
1267	2598.903	-23.237
1268	2599.240	-23.135
1269	2599.465	-23.238
1270	2599.497	-23.262
1271	2599.774	-23.749
1272	2600.159	-22.759
1273	2600.435	-22.852
1274	2600.565	-23.461
1275	2600.618	-23.658
1276	2600.776	-23.067
1277	2600.808	-23.088
1278	2600.838	-23.064
1279	2601.173	-23.693
1280	2601.367	-23.325
1281	2605.678	-23.264
1282	2606.771	-23.508
1283	2607.233	-23.333
1284	2607.797	-23.204
1285	2608.038	-23.043
1286	2608.419	-23.407
1287	2608.655	-23.414
1288	2608.668	-23.493
1289	2608.779	-23.075
1290	2608.844	-23.124
1291	2610.259	-23.189
1292	2610.312	-23.798
1293	2610.339	-23.045
1294	2610.712	-23.216
1295	2611.203	-23.345
1296	2612.295	-23.206
1297	2613.684	-22.758
1298	2614.186	-23.160
1299	2614.229	-22.881
1300	2614.410	-22.826
1301	2614.672	-23.023
1302	2615.116	-23.186
1303	2616.052	-23.612
1304	2616.112	-23.223
1305	2616.680	-23.371
1306	2617.530	-22.737
1307	2618.354	-23.066
1308	2618.523	-22.967
1309	2619.399	-23.079
1310	2619.567	-22.827
1311	2620.983	-23.200
1312	2621.324	-23.130
1313	2622.608	-23.217
1314	2626.370	-23.118
1315	2626.908	-23.211
1316	2626.971	-23.209
1317	2628.063	-23.501
1318	2628.081	-23.367
1319	2628.728	-23.141
1320	2629.533	-23.060
1321	2630.667	-23.188
1322	2633.399	-23.134
1323	2633.839	-23.079
1324	2635.341	-23.425
1325	2636.498	-23.241
1326	2638.509	-23.066
1327	2639.117	-23.230
1328	2640.884	-22.720
1329	2641.500	-22.861
1330	2641.695	-23.235
1331	2642.159	-23.149
1332	2642.634	-23.129
1333	2642.645	-23.415
1334	2643.003	-23.798
1335	2643.784	-23.035
1336	2643.822	-23.364
1337	2647.686	-23.168
1338	2647.947	-23.230
1339	2649.810	-23.534
1340	2651.836	-23.474
1341	2653.156	-23.143
1342	2653.472	-23.128
1343	2653.601	-23.311
1344	2655.460	-23.291
1345	2656.798	-23.263
1346	2659.682	-23.131
1347	2660.046	-22.871
1348	2660.436	-23.407
1349	2661.546	-23.037
1350	2661.901	-22.810
1351	2662.153	-23.099
1352	2664.220	-23.252
1353	2667.385	-23.227
1354	2668.794	-23.167
1355	2670.192	-23.271
1356	2673.337	-22.989
1357	2673.585	-23.632
1358	2673.971	-23.396
1359	2675.972	-23.202
1360	2676.391	-23.094
1361	2677.281	-23.302
1362	2679.399	-22.869
1363	2679.464	-23.075
1364	2679.680	-22.907
1365	2681.129	-23.272
1366	2681.608	-23.005
1367	2682.252	-23.335
1368	2685.156	-23.193
1369	2685.229	-23.026
1370	2685.368	-23.255
1371	2685.863	-23.142
1372	2685.927	-23.260
1373	2685.959	-23.678
1374	2686.214	-22.992
1375	2687.029	-23.156
1376	2687.279	-23.234
1377	2687.434	-23.005
1378	2687.783	-23.083
1379	2688.459	-23.414
1380	2688.638	-23.265
1381	2688.672	-23.215
1382	2688.770	-23.601
1383	2688.903	-23.354
1384	2689.569	-23.283
1385	2689.949	-23.276
1386	2690.074	-23.400
1387	2690.131	-23.466
1388	2690.509	-22.790
1389	2690.518	-23.156
1390	2690.558	-22.898
1391	2692.091	-22.905
1392	2692.516	-22.982
1393	2692.804	-23.212
1394	2696.839	-23.106
1395	2698.497	-23.192
1396	2706.890	-22.960
1397	2707.192	-23.110
1398	2708.173	-23.234
1399	2708.328	-22.648
1400	2709.579	-23.241
1401	2719.285	-23.207
1402	2719.666	-23.163
1403	2719.982	-23.176
1404	2720.363	-23.362
1405	2720.654	-20.343
1406	2721.038	-22.718
1407	2721.981	-22.776
1408	2724.097	-23.301
1409	2724.323	-23.180
1410	2725.437	-23.067
1411	2725.666	-23.459
1412	2726.669	-23.134
1413	2726.698	-22.889
1414	2727.099	-23.935
1415	2735.808	-22.891
1416	2746.238	-23.031
1417	2748.327	-23.038
1418	2749.904	-23.366
1419	2750.196	-23.094
1420	2751.958	-23.193
1421	2755.835	-23.397
1422	2758.629	-23.448
1423	2762.686	-23.211
1424	2763.558	-23.101
1425	2765.313	-22.914
1426	2765.499	-22.630
1427	2765.938	-23.631
1428	2766.783	-23.223
1429	2767.152	-23.525
1430	2768.851	-23.261
1431	2768.877	-23.216
1432	2770.333	-22.883
1433	2771.274	-23.366
1434	2772.229	-22.984
1435	2773.983	-23.082
1436	2774.433	-23.197
1437	2777.956	-23.194
1438	2778.194	-22.950
1439	2778.605	-23.314
1440	2780.746	-22.882
1441	2780.887	-23.156
1442	2781.451	-23.119
1443	2782.006	-23.047
1444	2783.193	-23.099
1445	2785.421	-23.218
1446	2786.821	-23.565
1447	2786.926	-23.120
1448	2787.212	-23.264
1449	2787.271	-23.084
1450	2787.570	-23.187
1451	2787.583	-23.222
1452	2788.683	-23.130
1453	2790.093	-22.985
1454	2790.122	-22.762
1455	2790.882	-23.301
1456	2794.093	-22.775
1457	2794.113	-23.064
1458	2794.180	-23.078
1459	2794.532	-23.172
1460	2794.647	-23.129
1461	2794.996	-22.788
1462	2795.190	-22.692
1463	2795.753	-23.307
1464	2795.792	-22.874
1465	2796.052	-23.098
1466	2796.489	-22.798
1467	2796.710	-23.218
1468	2796.880	-23.351
1469	2797.622	-23.830
1470	2797.726	-23.143
1471	2797.753	-23.413
1472	2798.168	-22.865
1473	2798.379	-23.260
1474	2798.429	-22.690
1475	2798.744	-23.282
1476	2799.381	-23.311
1477	2799.774	-23.299
1478	2800.683	-23.211
1479	2800.993	-23.077
1480	2801.290	-23.106
1481	2801.613	-22.946
1482	2801.641	-22.933
1483	2802.711	-23.245
1484	2804.230	-23.932
1485	2804.542	-23.179
1486	2805.345	-22.991
1487	2808.287	-23.275
1488	2808.665	-22.623
1489	2809.092	-23.395
1490	2809.975	-22.609
1491	2810.171	-23.417
1492	2811.532	-23.186
1493	2811.665	-23.553
1494	2811.744	-23.106
1495	2812.043	-23.402
1496	2812.791	-23.177
1497	2812.807	-23.039
1498	2812.818	-23.433
1499	2812.906	-23.183
1500	2813.071	-23.074
1501	2813.854	-23.958
1502	2814.228	-23.325
1503	2814.820	-23.004
1504	2815.302	-23.298
1505	2815.465	-23.014
1506	2815.661	-23.155
1507	2816.017	-22.943
1508	2816.329	-23.365
1509	2816.347	-23.615
1510	2816.508	-23.320
1511	2816.606	-23.132
1512	2816.885	-23.317
1513	2817.251	-23.234
1514	2818.256	-23.029
1515	2818.323	-23.272
1516	2819.315	-22.630
1517	2819.806	-23.270
1518	2820.618	-23.047
1519	2820.634	-23.288
1520	2820.988	-23.392
1521	2821.082	-23.241
1522	2821.166	-22.755
1523	2821.315	-24.255
1524	2822.218	-23.720
1525	2822.400	-22.940
1526	2822.466	-23.203
1527	2822.683	-23.005
1528	2823.272	-22.988
1529	2823.776	-23.544
1530	2824.295	-23.287
1531	2824.349	-23.593
1532	2824.359	-23.136
1533	2824.691	-22.895
1534	2825.012	-23.383
1535	2825.528	-22.564
1536	2825.991	-23.164
1537	2827.763	-23.214
1538	2828.869	-24.221
1539	2829.263	-23.277
1540	2829.292	-23.343
1541	2829.636	-23.401
1542	2829.918	-23.296
1543	2830.948	-23.097
1544	2831.242	-23.476
1545	2831.426	-23.373
1546	2831.451	-23.215
1547	2831.712	-23.275
1548	2832.043	-23.351
1549	2832.464	-23.379
1550	2832.786	-23.359
1551	2833.296	-23.287
1552	2833.999	-22.959
1553	2835.445	-23.119
1554	2836.018	-22.683
1555	2837.406	-23.142
1556	2837.486	-22.676
1557	2838.029	-22.743
1558	2838.771	-23.204
1559	2839.015	-23.112
1560	2839.045	-23.109
1561	2839.238	-23.016
1562	2839.288	-22.651
1563	2840.335	-22.933
1564	2840.373	-22.999
1565	2840.406	-23.146
1566	2840.597	-23.359
1567	2840.689	-23.256
1568	2840.920	-23.328
1569	2841.041	-22.858
1570	2841.263	-23.920
1571	2841.965	-22.902
1572	2842.083	-23.404
1573	2842.700	-23.342
1574	2842.971	-22.353
1575	2843.230	-23.218
1576	2843.271	-23.300
1577	2843.521	-23.321
1578	2843.690	-23.339
1579	2843.994	-23.422
1580	2845.249	-23.321
1581	2846.731	-23.091
1582	2847.416	-23.287
1583	2848.092	-23.140
1584	2848.337	-23.198
1585	2853.320	-23.119
1586	2853.380	-22.959
1587	2854.131	-23.036
1588	2854.156	-22.626
1589	2854.800	-22.928
1590	2854.814	-23.892
1591	2856.602	-23.115
1592	2859.843	-23.390
1593	2861.129	-23.419
1594	2861.187	-23.304
1595	2861.819	-23.291
1596	2863.191	-23.068
1597	2863.762	-23.221
1598	2864.539	-23.490
1599	2865.913	-23.421
1600	2866.240	-23.194
1601	2867.455	-23.278
1602	2867.615	-23.713
1603	2869.047	-23.082
1604	2869.296	-23.263
1605	2870.567	-23.433
1606	2871.128	-23.126
1607	2871.572	-23.057
1608	2871.884	-23.215
1609	2871.997	-23.298
1610	2873.881	-23.253
1611	2874.721	-23.520
1612	2874.929	-23.258
1613	2876.175	-23.260
1614	2876.450	-23.086
1615	2876.721	-23.206
1616	2876.984	-22.924
1617	2877.184	-23.112
1618	2878.558	-23.182
1619	2878.858	-23.186
1620	2879.056	-22.965
1621	2879.212	-23.321
1622	2880.879	-23.283
1623	2881.127	-23.380
1624	2889.217	-23.150
1625	2892.914	-23.235
1626	2893.088	-23.125
1627	2894.445	-23.201
1628	2894.661	-23.435
1629	2896.527	-23.604
1630	2896.711	-23.106
1631	2898.166	-23.150
1632	2899.138	-23.236
1633	2899.213	-23.104
1634	2899.267	-23.556
1635	2899.303	-23.547
1636	2899.391	-23.440
1637	2899.545	-23.188
1638	2899.833	-23.356
1639	2900.578	-23.143
1640	2901.134	-23.298
1641	2901.145	-23.159
1642	2903.291	-23.165
1643	2903.474	-23.633
1644	2904.187	-23.178
1645	2904.568	-22.920
1646	2904.922	-23.258
1647	2908.484	-23.263
1648	2912.894	-23.165
1649	2913.878	-23.148
1650	2916.743	-23.184
1651	2928.129	-23.113
1652	2928.415	-23.344
1653	2930.529	-23.595
1654	2931.351	-22.930
1655	2933.072	-23.217
1656	2933.945	-23.015
1657	2934.154	-23.193
1658	2934.704	-23.266
1659	2935.960	-22.966
1660	2937.686	-23.222
1661	2937.853	-23.056
1662	2938.043	-22.909
1663	2938.292	-23.229
1664	2938.333	-23.570
1665	2939.034	-23.257
1666	2939.122	-23.430
1667	2939.969	-23.453
1668	2939.989	-22.938
1669	2940.253	-23.407
1670	2940.256	-23.318
1671	2940.682	-23.048
1672	2940.783	-23.245
1673	2941.077	-23.353
1674	2941.211	-23.302
1675	2942.241	-23.252
1676	2942.572	-23.317
1677	2943.029	-23.267
1678	2943.629	-23.472
1679	2943.670	-23.485
1680	2944.603	-23.282
1681	2944.756	-23.060
1682	2945.189	-23.389
1683	2945.218	-22.937
1684	2945.264	-23.210
1685	2945.507	-23.189
1686	2945.947	-23.285
1687	2946.124	-23.743
1688	2946.521	-23.215
1689	2947.948	-23.117
1690	2948.145	-23.302
1691	2948.612	-23.391
1692	2948.724	-23.072
1693	2948.912	-23.304
1694	2949.915	-23.325
1695	2950.965	-22.979
1696	2951.640	-23.136
1697	2951.772	-23.339
1698	2952.207	-22.707
1699	2953.537	-23.263
1700	2954.338	-23.472
1701	2955.190	-23.489
1702	2955.904	-23.380
1703	2956.583	-23.413
1704	2956.587	-22.996
1705	2958.757	-23.288
1706	2958.845	-23.794
1707	2959.321	-23.089
1708	2959.395	-23.271
1709	2959.514	-23.436
1710	2960.224	-23.329
1711	2961.944	-22.664
1712	2965.369	-23.055
1713	2966.779	-23.592
1714	2967.080	-23.921
1715	2967.421	-23.443
1716	2968.269	-23.108
1717	2968.776	-23.331
1718	2969.021	-23.438
1719	2969.332	-23.557
1720	2969.630	-23.407
1721	2969.801	-23.450
1722	2970.226	-23.489
1723	2970.722	-23.954
1724	2971.013	-23.429
1725	2971.271	-23.160
1726	2972.166	-23.378
1727	2972.275	-23.389
1728	2972.452	-23.324
1729	2972.555	-23.582
1730	2972.585	-24.372
1731	2972.664	-23.429
1732	2972.711	-23.349
1733	2972.927	-23.426
1734	2973.050	-23.805
1735	2973.142	-23.229
1736	2973.534	-23.105
1737	2973.934	-23.000
1738	2974.133	-23.047
1739	2974.314	-23.901
1740	2974.337	-22.842
1741	2975.027	-23.208
1742	2975.570	-23.274
1743	2975.621	-23.002
1744	2975.662	-23.188
1745	2975.771	-23.159
1746	2975.833	-23.316
1747	2976.064	-23.349
1748	2977.130	-22.887
1749	2977.478	-23.043
1750	2978.962	-23.245
1751	2978.997	-23.401
1752	2979.293	-23.249
1753	2979.649	-23.101
1754	2979.696	-23.462
1755	2979.871	-23.215
1756	2980.551	-22.842
1757	2980.929	-24.089
1758	2981.871	-23.109
1759	2983.696	-23.292
1760	2991.275	-23.652
1761	2991.582	-23.048
1762	2991.795	-23.038
1763	2996.929	-23.319
1764	2998.912	-23.376
1765	2999.947	-23.251
1766	3003.043	-23.431
1767	3003.505	-23.272
1768	3006.925	-23.083
1769	3010.903	-23.120
1770	3013.870	-23.318
1771	3018.513	-23.360
1772	3018.571	-23.328
1773	3019.536	-23.379
1774	3019.978	-23.212
1775	3021.398	-23.238
1776	3022.062	-23.463
1777	3024.709	-23.462
1778	3025.014	-23.006
1779	3025.702	-23.325
1780	3025.726	-23.506
1781	3025.903	-23.423
1782	3027.127	-23.334
1783	3027.151	-23.174
1784	3027.708	-21.250
1785	3028.540	-22.760
1786	3028.936	-23.329
1787	3029.460	-23.240
1788	3030.314	-23.468
1789	3030.742	-23.198
1790	3031.443	-22.454
1791	3032.082	-23.354
1792	3033.463	-23.348
1793	3034.102	-22.771
1794	3034.299	-23.187
1795	3034.724	-23.020
1796	3035.323	-23.372
1797	3035.450	-23.062
1798	3035.524	-23.382
1799	3035.608	-23.102
1800	3035.640	-23.538
1801	3036.065	-23.263
1802	3036.203	-23.326
1803	3037.384	-23.383
1804	3038.388	-23.581
1805	3038.938	-23.304
1806	3038.997	-23.184
1807	3039.284	-22.784
1808	3039.762	-23.383
1809	3040.004	-23.669
1810	3041.835	-23.731
1811	3042.747	-23.268
1812	3043.536	-22.934
1813	3043.596	-23.264
1814	3043.861	-23.824
1815	3045.521	-23.232
1816	3046.989	-22.812
1817	3048.609	-23.698
1818	3049.434	-23.414
1819	3049.680	-23.594
1820	3049.908	-23.576
1821	3050.341	-23.374
1822	3050.411	-23.209
1823	3050.509	-23.371
1824	3050.676	-23.382
1825	3050.752	-23.325
1826	3050.944	-23.102
1827	3051.333	-23.120
1828	3052.075	-23.044
1829	3053.060	-23.300
1830	3053.336	-23.302
1831	3053.632	-23.355
1832	3053.661	-23.541
1833	3053.730	-23.239
1834	3055.065	-23.177
1835	3055.547	-23.424
1836	3055.639	-23.654
1837	3059.803	-23.202
1838	3061.182	-23.655
1839	3065.890	-23.304
1840	3066.286	-23.136
1841	3066.954	-23.440
1842	3068.222	-23.415
1843	3068.372	-23.619
1844	3068.871	-23.851
1845	3069.234	-23.397
1846	3069.458	-23.333
1847	3070.101	-23.403
1848	3070.152	-23.476
1849	3070.238	-23.362
1850	3071.260	-23.022
1851	3074.253	-23.225
1852	3074.386	-23.157
1853	3074.542	-23.002
1854	3074.603	-22.864
1855	3075.245	-23.318
1856	3075.436	-23.279
1857	3075.456	-23.349
1858	3076.055	-23.387
1859	3076.406	-23.365
1860	3076.430	-23.274
1861	3076.482	-22.823
1862	3077.162	-23.322
1863	3077.370	-23.177
1864	3077.958	-23.500
1865	3078.177	-24.150
1866	3078.269	-23.390
1867	3078.308	-23.252
1868	3078.393	-23.402
1869	3078.877	-23.328
1870	3079.000	-22.727
1871	3079.137	-23.356
1872	3079.745	-23.240
1873	3079.848	-23.021
1874	3080.282	-23.323
1875	3080.399	-23.376
1876	3080.643	-23.570
1877	3081.079	-23.352
1878	3081.747	-23.401
1879	3081.799	-23.114
1880	3082.317	-23.867
1881	3082.918	-23.345
1882	3083.146	-23.300
1883	3083.507	-23.458
1884	3083.955	-22.846
1885	3085.539	-23.128
1886	3085.628	-23.402
1887	3085.662	-23.370
1888	3085.705	-23.443
1889	3086.085	-23.050
1890	3086.155	-23.127
1891	3086.249	-23.311
1892	3086.931	-23.166
1893	3087.216	-23.287
1894	3087.233	-23.273
1895	3087.781	-23.253
1896	3088.385	-23.033
1897	3088.411	-23.651
1898	3088.935	-23.344
1899	3089.075	-23.072
1900	3090.485	-23.315
1901	3090.769	-23.193
1902	3091.009	-22.845
1903	3091.568	-23.841
1904	3091.784	-23.123
1905	3091.824	-23.038
1906	3091.918	-23.092
1907	3092.190	-23.234
1908	3092.243	-23.376
1909	3092.307	-23.378
1910	3093.211	-23.131
1911	3093.571	-23.171
1912	3094.356	-23.240
1913	3094.399	-23.057
1914	3094.888	-23.373
1915	3095.056	-23.535
1916	3095.092	-23.304
1917	3095.440	-23.715
1918	3095.774	-23.266
1919	3095.939	-23.486
1920	3096.332	-23.211
1921	3096.706	-23.452
1922	3096.814	-23.677
1923	3097.008	-23.376
1924	3097.377	-23.304
1925	3097.639	-23.639
1926	3097.659	-23.113
1927	3098.486	-23.838
1928	3098.596	-23.600
1929	3098.773	-23.438
1930	3098.973	-23.265
1931	3099.465	-22.462
1932	3099.855	-23.610
1933	3100.203	-23.610
1934	3101.205	-23.609
1935	3102.582	-23.503
1936	3105.235	-23.112
1937	3107.342	-23.375
1938	3108.598	-23.325
1939	3109.461	-23.425
1940	3112.700	-23.417
1941	3117.614	-23.282
1942	3118.006	-23.321
1943	3118.535	-23.396
1944	3118.587	-23.192
1945	3118.787	-23.662
1946	3119.740	-23.414
1947	3121.131	-23.258
1948	3121.153	-23.684
1949	3121.170	-23.196
1950	3121.211	-23.371
1951	3123.770	-23.239
1952	3132.906	-23.733
1953	3133.277	-23.198
1954	3137.947	-23.402
1955	3138.114	-23.659
1956	3138.584	-23.225
1957	3139.053	-23.330
1958	3140.879	-23.325
1959	3141.783	-23.148
1960	3143.421	-23.202
1961	3143.524	-23.435
1962	3143.803	-23.331
1963	3143.966	-22.537
1964	3144.673	-22.332
1965	3144.932	-23.523
1966	3146.162	-23.058
1967	3147.942	-23.462
1968	3148.231	-23.161
1969	3148.935	-24.547
1970	3149.366	-23.372
1971	3149.710	-23.333
1972	3149.717	-23.535
1973	3149.896	-23.836
1974	3149.979	-23.212
1975	3150.029	-23.507
1976	3150.466	-24.009
1977	3150.613	-23.449
1978	3150.952	-22.530
1979	3151.130	-23.089
1980	3151.284	-23.237
1981	3151.496	-23.547
1982	3151.634	-23.544
1983	3152.072	-23.336
1984	3152.106	-23.173
1985	3152.528	-23.502
1986	3152.961	-23.165
1987	3153.812	-23.306
1988	3154.238	-23.384
1989	3154.472	-23.459
1990	3156.473	-23.205
1991	3157.573	-23.671
1992	3157.634	-23.321
1993	3157.766	-23.344
1994	3158.146	-23.966
1995	3158.276	-23.381
1996	3158.309	-23.371
1997	3158.638	-23.265
1998	3158.722	-23.282
1999	3158.763	-23.461
2000	3158.785	-23.303
