1 0.459 33.8 2.94 -0.19
2 0.629 83.6 2.70 -0.15
3 1.725 37.8 2.85 -0.24
4 1.793 34.4 2.87 -0.24
5 1.872 48.1 2.79 -0.28
6 2.312 66.6 3.06 -0.01
7 5.220 44.1 2.95 0.36
8 5.780 41.8 2.86 0.19
9 7.517 74.0 2.74 0.30
10 7.569 53.5 2.70 0.21
11 7.913 31.3 2.67 0.26
12 8.890 26.5 2.94 0.18
13 8.975 59.4 2.81 0.27
14 9.507 45.8 3.02 0.13
15 10.473 44.9 2.91 0.05
16 11.665 44.1 2.84 0.05
17 11.760 44.1 2.92 0.05
18 12.641 50.6 3.02 0.02
19 14.074 31.3 3.02 -0.17
20 14.214 37.0 3.08 -0.12
21 14.815 59.4 2.97 0.02
22 15.197 59.4 2.96 0.11
23 16.037 44.9 3.03 -0.08
24 16.679 26.5 2.92 0.01
25 16.911 37.0 2.98 -0.04
26 17.792 41.8 3.21 -0.02
27 18.979 69.1 2.97 -0.00
28 19.904 68.3 3.15 -0.12
29 20.195 45.5 3.15 0.04
30 20.335 83.6 3.07 0.04
31 20.631 37.3 3.02 -0.08
32 20.707 46.6 3.16 -0.12
33 20.963 44.9 3.28 -0.09
34 21.338 41.8 3.45 0.08
35 22.041 24.2 3.24 0.12
36 22.574 35.3 3.29 0.23
37 23.895 23.3 3.00 0.15
38 23.946 46.6 2.97 0.13
39 25.792 52.9 3.32 0.27
40 27.793 63.4 3.36 0.25
41 28.533 45.8 3.42 0.34
42 28.663 40.1 3.45 0.30
43 29.585 41.0 3.34 0.32
44 30.165 41.0 3.36 0.33
45 30.400 55.8 3.33 0.31
46 30.516 63.4 3.26 0.31
47 30.725 54.6 3.24 0.34
48 30.871 56.3 3.22 0.36
49 30.926 28.2 3.28 0.28
50 31.185 34.4 3.29 0.32
51 32.513 32.1 3.21 0.25
52 34.479 54.6 3.21 0.04
53 35.101 44.9 3.00 0.09
54 35.244 59.4 3.10 0.06
55 37.248 40.1 3.06 0.06
56 38.722 59.4 2.96 0.08
57 38.807 50.9 3.07 0.08
58 42.255 58.6 2.97 0.03
59 46.900 106.7 2.69 0.24
60 47.235 37.8 2.70 0.28
61 47.747 49.8 2.87 0.19
62 48.819 41.2 2.87 0.35
63 49.280 67.4 2.76 0.39
64 49.372 57.2 2.79 0.39
65 49.454 49.8 2.74 0.29
66 51.003 27.3 2.92 0.36
67 51.044 29.9 2.95 0.36
68 51.597 37.8 2.87 0.32
69 51.683 48.1 2.79 0.32
70 52.806 50.6 3.03 0.37
71 53.014 54.0 2.90 0.13
72 53.273 29.9 2.98 0.29
73 57.144 37.0 2.85 0.20
74 58.618 65.1 3.05 0.26
75 58.673 37.8 3.08 0.24
76 58.912 50.6 3.13 0.31
77 59.424 33.0 3.11 0.32
78 59.625 55.5 3.08 0.28
79 62.950 31.3 3.17 0.25
80 63.018 54.6 3.17 0.19
81 64.735 86.8 3.15 0.26
82 66.339 30.4 3.17 0.31
83 67.066 49.8 3.15 0.37
84 67.370 21.6 3.08 0.17
85 71.900 41.0 3.20 0.20
86 72.985 53.8 3.05 0.16
87 73.473 44.9 3.12 0.08
88 74.733 54.6 3.00 0.05
89 75.016 65.1 3.12 0.05
90 75.405 40.1 3.22 0.09
91 75.504 32.1 3.13 0.20
92 75.767 43.2 3.23 0.27
93 76.327 59.4 3.18 0.28
94 76.873 37.8 3.22 0.35
95 77.842 49.8 3.08 0.31
96 79.996 41.0 3.07 0.36
97 80.054 38.4 2.82 0.35
98 82.225 47.5 3.32 0.21
99 83.539 15.4 3.10 0.24
100 84.297 73.1 3.16 0.26
101 85.038 40.7 3.31 0.40
102 87.734 54.6 3.13 -0.00
103 90.393 90.7 2.59 -0.21
104 91.489 42.7 2.82 0.04
105 92.445 63.4 2.99 0.10
106 92.554 59.2 2.88 0.10
107 93.813 37.8 3.14 0.30
108 94.141 52.9 2.98 -0.16
109 94.977 36.1 3.12 0.22
110 96.199 27.3 3.12 0.16
111 96.271 37.5 3.20 0.15
112 96.704 22.5 3.19 0.26
113 96.960 24.2 3.13 0.21
114 97.172 49.8 3.02 0.26
115 100.387 46.6 3.23 0.36
116 101.882 67.4 3.12 0.32
117 102.012 27.3 3.05 0.27
118 102.674 18.5 3.24 0.08
119 103.644 48.1 3.14 0.06
120 103.756 52.3 3.16 0.06
121 103.811 46.1 2.94 0.10
122 104.347 45.8 3.29 0.03
123 104.425 33.8 3.15 0.03
124 104.927 44.9 3.13 0.15
125 105.200 44.1 3.12 0.16
126 105.408 49.8 3.17 0.13
127 105.951 68.3 3.16 0.08
128 106.153 44.9 3.16 0.14
129 106.255 16.8 3.18 0.09
130 106.572 63.4 3.18 0.14
131 106.866 40.1 3.26 0.23
132 108.900 37.8 3.15 0.17
133 109.562 54.6 2.96 0.24
134 109.716 32.1 2.99 0.23
135 110.440 50.6 3.04 0.24
136 112.706 50.6 3.14 0.13
137 114.375 17.6 3.29 -0.03
138 114.665 17.6 3.24 0.06
139 115.143 47.5 3.28 0.04
140 115.853 34.1 3.14 -0.08
141 116.287 52.9 3.34 -0.01
142 117.000 44.9 3.32 -0.04
143 117.533 59.4 3.18 0.03
144 118.782 17.6 3.14 0.09
145 122.543 40.1 3.11 0.17
146 122.646 37.0 3.18 0.18
147 123.468 48.1 3.15 0.11
148 123.929 63.4 3.13 0.05
149 124.291 59.4 3.04 0.18
150 124.687 44.9 2.99 0.09
151 125.131 81.9 3.01 0.19
152 126.462 68.3 3.16 0.26
153 126.667 45.8 3.19 0.27
154 128.196 45.8 3.22 0.25
155 128.602 17.6 3.20 0.13
156 128.633 16.8 3.14 0.13
157 129.933 45.8 3.22 0.04
158 130.264 50.6 3.14 0.17
159 130.735 79.6 3.20 0.30
160 132.323 35.3 3.07 0.26
161 132.896 45.8 3.21 0.29
162 134.394 54.6 3.14 0.11
163 134.599 49.8 3.23 0.09
164 135.354 45.8 3.22 0.14
165 135.961 21.6 3.26 0.17
166 136.470 68.3 3.25 0.00
167 136.671 33.0 3.24 0.21
168 136.719 27.3 3.24 0.11
169 138.620 41.0 3.12 0.26
170 140.204 39.3 3.09 0.28
171 140.289 42.7 3.10 0.28
172 144.143 49.8 3.34 0.16
173 145.966 50.6 3.00 0.38
174 147.099 50.6 2.79 0.25
175 147.973 81.9 2.95 0.10
176 148.140 49.8 2.88 0.05
177 148.321 49.8 2.86 0.04
178 148.884 36.1 2.86 0.07
179 148.959 17.6 2.78 0.01
180 149.778 44.9 2.90 -0.07
181 150.359 51.8 2.90 -0.10
182 151.707 72.2 3.20 0.03
183 152.147 47.5 3.14 0.07
184 152.977 24.5 3.17 0.17
185 154.984 44.1 3.15 -0.00
186 155.366 44.9 3.08 0.05
187 155.690 41.0 2.97 0.06
188 156.871 36.1 3.00 0.17
189 157.004 29.6 3.14 0.19
190 157.776 42.7 3.09 0.12
191 158.001 49.8 2.99 -0.01
192 158.612 63.4 3.03 0.11
193 159.322 45.8 3.16 -0.10
194 159.387 56.9 3.12 -0.08
195 159.537 29.6 3.06 -0.09
196 159.899 63.4 3.12 -0.18
197 159.950 21.6 3.14 -0.12
198 160.298 45.2 3.08 -0.16
199 161.670 97.8 3.05 -0.17
200 162.694 27.9 3.00 -0.15
201 162.886 49.8 2.96 -0.06
202 163.957 32.1 2.95 -0.17
203 164.234 54.6 2.98 -0.15
204 167.418 29.0 3.06 -0.03
205 168.197 29.0 2.95 -0.13
206 168.289 47.2 2.91 -0.04
207 170.217 44.9 2.93 -0.16
208 170.811 81.9 2.76 0.07
209 171.306 75.1 2.80 0.19
210 171.927 19.3 2.89 0.04
211 172.412 55.2 2.97 0.05
212 172.511 69.1 2.95 0.12
213 173.259 25.6 3.14 0.23
214 173.859 50.6 2.89 0.31
215 175.167 39.3 2.93 -0.06
216 175.727 54.6 2.84 0.04
217 175.924 86.8 2.87 0.09
218 176.419 35.3 2.75 0.15
219 176.604 55.5 2.80 0.15
220 176.972 53.8 2.90 0.14
221 177.082 52.9 2.88 0.14
222 177.515 81.9 2.88 0.12
223 177.720 23.3 2.86 0.04
224 177.757 16.8 2.87 0.03
225 178.263 55.5 2.86 0.08
226 178.717 54.6 2.88 -0.07
227 178.874 57.7 2.84 -0.06
228 179.471 85.9 2.70 -0.01
229 179.768 33.8 2.87 0.03
230 179.816 45.8 2.85 0.06
231 180.662 33.0 3.02 0.10
232 181.099 41.0 2.90 0.28
233 183.034 45.8 2.90 0.09
234 183.137 41.0 2.89 0.06
235 184.751 24.7 3.17 0.07
236 184.779 26.5 3.10 0.07
237 185.612 39.3 2.91 -0.30
238 185.769 47.5 2.73 0.23
239 186.813 33.8 2.74 0.09
240 186.977 53.8 2.59 -0.02
241 187.820 41.8 2.83 -0.08
242 187.864 41.0 2.88 -0.09
243 188.352 47.5 2.72 -0.04
244 188.468 58.6 2.72 -0.01
245 188.663 47.5 2.70 -0.02
246 188.748 46.6 2.65 -0.02
247 188.837 51.5 2.66 -0.08
248 189.581 54.6 2.85 0.08
249 189.684 43.5 2.83 0.18
250 189.745 35.0 2.85 0.20
251 190.476 32.1 2.86 0.03
252 190.506 20.8 2.75 0.01
253 190.790 100.4 2.82 0.08
254 191.875 41.0 2.95 -0.00
255 193.223 48.9 2.90 -0.00
256 194.418 34.4 2.84 0.16
257 194.493 61.4 2.84 0.23
258 194.578 34.1 2.88 0.19
259 194.681 26.7 2.84 0.18
260 195.449 48.6 2.90 0.10
261 195.507 52.1 2.82 0.13
262 199.425 63.4 2.91 0.08
263 201.248 77.9 2.69 -0.00
264 203.473 54.6 2.75 -0.10
265 203.624 73.1 2.78 0.05
266 204.050 13.7 2.80 -0.07
267 204.381 49.8 2.73 -0.04
268 205.842 62.6 2.75 -0.05
269 206.450 52.3 2.65 -0.03
270 206.614 50.6 2.63 -0.02
271 208.358 73.1 2.87 0.06
272 208.515 49.8 2.66 0.14
273 208.976 68.3 2.75 0.11
274 209.324 59.4 2.80 0.10
275 209.891 45.2 2.77 0.13
276 210.682 41.0 2.92 0.18
277 210.901 42.7 2.91 0.02
278 211.198 60.3 2.70 0.02
279 213.106 41.8 2.77 -0.02
280 213.956 78.8 2.90 0.19
281 214.727 74.0 2.89 -0.05
282 215.082 41.8 3.00 -0.11
283 215.994 35.6 3.22 -0.09
284 216.110 24.5 3.17 -0.09
285 216.847 44.9 3.19 0.07
286 217.076 47.5 3.29 0.06
287 218.014 70.0 3.31 0.12
288 219.008 49.8 3.30 0.12
289 219.390 37.0 3.27 -0.05
290 219.448 19.3 3.32 -0.07
291 220.069 59.4 3.32 -0.02
292 220.404 48.1 3.30 -0.04
293 221.032 40.1 3.42 -0.07
294 222.998 16.8 3.20 0.16
295 229.053 42.7 3.15 0.10
296 229.777 26.5 3.06 0.14
297 229.906 50.6 3.31 0.10
298 231.224 42.7 3.14 0.06
299 232.931 54.6 3.03 -0.00
300 233.026 34.4 3.07 -0.03
301 233.572 44.9 3.09 0.07
302 233.821 57.7 2.96 0.23
303 234.275 47.5 2.97 -0.11
304 235.098 49.8 2.91 -0.15
305 235.187 48.1 2.96 -0.06
306 235.504 81.9 2.85 -0.27
307 235.904 37.8 2.92 -0.24
308 235.945 24.7 3.01 -0.26
309 236.310 81.9 2.85 -0.29
310 236.907 42.7 3.18 -0.18
311 236.996 44.4 2.80 -0.18
312 237.211 50.6 2.98 -0.16
313 238.825 37.8 3.14 0.04
314 239.406 58.6 3.17 -0.07
315 240.464 49.8 3.20 0.05
316 241.082 18.5 3.16 -0.07
317 241.402 90.7 3.21 -0.05
318 241.583 49.8 3.26 -0.10
319 242.010 37.8 3.25 -0.01
320 242.686 67.7 3.17 -0.06
321 242.775 63.7 3.21 -0.03
322 243.041 42.7 3.20 0.04
323 243.935 47.5 3.28 0.07
324 244.485 54.6 3.21 0.06
325 246.434 44.9 3.18 -0.13
326 247.447 23.3 3.06 -0.14
327 247.482 17.4 3.08 -0.14
328 248.669 44.9 3.09 0.10
329 250.881 41.0 3.17 0.12
330 252.506 59.4 3.07 0.17
331 252.820 81.9 3.03 0.17
332 253.380 69.1 2.99 0.16
333 254.431 51.5 2.98 0.21
334 254.820 44.9 3.03 0.35
335 255.493 45.8 2.93 0.29
336 256.742 37.8 3.16 0.18
337 257.418 54.6 3.03 0.07
338 257.575 33.6 3.10 -0.00
339 259.828 37.0 3.13 0.08
340 261.285 37.8 3.04 0.25
341 263.623 77.1 3.07 0.02
342 263.999 35.0 3.14 0.03
343 264.043 28.2 2.97 0.03
344 264.244 45.8 3.06 -0.07
345 265.391 87.6 2.95 0.19
346 265.914 41.8 3.00 0.33
347 266.320 46.1 3.00 0.15
348 267.579 68.3 3.00 0.26
349 267.682 65.1 3.01 0.22
350 268.119 45.8 2.78 0.13
351 270.522 39.3 2.78 0.27
352 271.884 64.3 2.84 0.22
353 272.628 54.6 2.90 0.30
354 273.068 49.8 2.95 0.31
355 273.245 46.6 2.88 0.36
356 273.293 39.8 2.86 0.36
357 274.259 72.2 3.07 0.43
358 274.949 54.6 2.87 0.32
359 275.498 59.4 3.00 0.27
360 278.338 61.4 2.70 0.19
361 278.686 48.9 2.65 0.05
362 279.004 59.4 2.68 0.07
363 279.884 28.2 2.53 0.30
364 280.267 95.6 2.54 0.29
365 280.369 54.6 2.71 0.36
366 280.963 26.5 2.57 0.17
367 281.407 41.0 2.77 0.27
368 282.301 46.6 2.49 0.14
369 283.120 52.3 2.70 0.18
370 283.946 88.5 2.80 0.09
371 284.909 59.4 2.78 -0.06
372 284.963 34.4 2.87 -0.05
373 285.107 52.9 2.87 -0.07
374 285.189 32.1 3.01 -0.04
375 286.097 35.8 3.20 0.19
376 286.209 11.9 2.94 0.19
377 286.554 53.8 2.96 0.04
378 286.762 85.0 2.94 -0.08
379 287.349 49.5 3.02 -0.01
380 287.738 37.0 2.87 0.17
381 288.213 63.4 2.88 -0.05
382 288.896 66.6 3.12 -0.02
383 289.882 54.6 3.12 0.11
384 290.056 41.0 3.20 0.01
385 290.234 38.7 3.28 0.05
386 291.012 54.6 3.22 0.08
387 291.285 22.5 3.22 0.03
388 291.497 54.0 3.44 0.07
389 292.616 50.6 3.32 0.14
390 293.056 44.1 3.26 0.09
391 293.664 33.0 3.19 -0.01
392 293.906 18.5 3.15 -0.20
393 294.845 41.0 3.23 -0.15
394 295.975 33.0 3.31 0.01
395 296.862 52.9 3.21 0.08
396 298.180 70.5 3.14 0.06
397 298.446 53.8 3.13 -0.03
398 298.972 45.8 3.08 -0.08
399 300.924 36.1 3.16 -0.16
400 301.296 22.5 3.30 -0.08
401 302.399 49.8 3.36 -0.09
402 306.553 43.8 2.96 0.22
403 308.061 49.8 3.19 -0.10
404 309.502 44.9 3.25 -0.20
405 309.597 31.3 3.31 -0.20
406 309.894 26.5 3.21 -0.11
407 311.304 54.6 3.23 0.13
408 311.765 44.1 3.19 0.17
409 312.314 54.6 3.13 0.07
410 313.024 58.6 3.07 -0.06
411 313.226 49.8 2.98 0.04
412 314.065 43.2 3.02 0.04
413 315.240 41.0 2.90 -0.03
414 315.462 50.6 2.91 0.19
415 315.509 17.6 2.96 0.20
416 316.264 52.9 2.89 0.15
417 317.653 48.9 2.94 0.26
418 318.462 85.9 2.95 0.20
419 318.848 47.5 3.01 0.29
420 319.612 46.6 3.23 0.09
421 322.397 23.3 3.12 0.02
422 323.043 41.8 3.05 0.04
423 323.391 41.8 3.11 -0.01
424 323.442 27.3 3.04 -0.04
425 324.633 45.8 3.06 0.11
426 325.940 54.6 2.97 0.02
427 326.797 54.6 3.04 0.16
428 328.770 38.7 2.75 0.23
429 329.429 49.8 2.69 0.39
430 330.337 43.5 2.79 0.31
431 331.091 54.6 3.12 0.38
432 331.897 52.9 2.94 0.16
433 332.238 51.8 3.05 0.14
434 333.668 63.4 2.88 0.17
435 333.836 45.8 2.89 0.27
436 334.074 44.9 2.91 0.38
437 335.160 66.6 2.84 0.27
438 335.238 43.5 2.61 0.31
439 335.754 77.1 2.78 0.19
440 336.136 38.7 2.87 0.21
441 336.563 44.1 2.78 0.36
442 337.440 218.5 3.02 0.21
443 337.921 37.0 3.07 0.09
444 338.246 87.6 2.97 0.08
445 338.491 41.0 3.00 0.07
446 338.836 41.0 3.04 0.07
447 340.324 21.6 2.93 0.18
448 340.816 37.8 2.87 0.20
449 341.580 46.6 2.90 0.16
450 342.594 44.9 2.92 0.16
451 342.935 44.1 2.91 0.12
452 343.669 68.3 2.86 0.35
453 344.076 56.3 3.04 0.30
454 345.147 72.2 3.04 -0.11
455 345.352 54.6 2.95 -0.12
456 345.591 20.8 2.94 -0.15
457 345.666 26.5 2.98 -0.13
458 346.291 36.1 2.87 0.16
459 346.403 31.3 3.01 0.10
460 346.468 35.3 3.00 0.10
461 348.274 52.9 3.00 0.21
462 349.134 27.3 3.12 0.20
463 349.646 58.6 3.16 0.32
464 350.844 50.6 3.18 0.08
465 355.312 113.2 2.90 0.42
466 357.005 56.3 2.94 0.24
467 357.169 50.6 2.90 0.26
468 359.651 54.6 3.04 0.22
469 360.207 28.2 2.94 0.30
470 360.712 64.3 2.98 0.17
471 361.692 36.1 2.89 0.06
472 363.866 35.3 3.06 0.17
473 364.846 29.0 2.92 0.09
474 365.620 39.3 3.07 -0.10
475 366.385 29.0 3.08 -0.04
476 366.419 17.6 3.14 -0.04
477 367.143 29.6 3.11 0.11
478 367.733 50.6 3.40 0.05
479 368.174 27.3 3.35 -0.00
480 369.228 31.3 3.43 -0.02
481 369.699 54.6 3.38 -0.02
482 370.276 51.5 3.37 0.03
483 370.379 25.6 3.30 -0.03
484 370.471 50.9 3.34 0.01
485 371.092 58.6 3.39 -0.06
486 372.294 45.8 3.44 0.07
487 372.386 50.6 3.30 0.03
488 372.935 51.5 3.35 0.12
489 373.290 63.4 3.26 0.14
490 373.382 28.2 3.21 0.08
491 373.758 56.9 3.07 0.10
492 374.157 38.4 3.19 0.13
493 374.802 56.3 3.10 0.08
494 375.205 41.0 3.21 0.15
495 375.437 63.4 3.28 0.06
496 376.270 58.6 3.24 0.01
497 380.625 31.3 3.15 -0.25
498 382.417 41.0 3.12 -0.08
499 385.964 50.6 2.95 0.06
500 386.244 32.1 3.00 0.06
501 387.712 53.8 3.20 -0.12
502 388.104 48.1 2.97 -0.13
503 388.585 33.8 3.06 -0.17
504 389.971 44.9 2.92 -0.03
505 390.022 27.3 2.91 -0.05
506 390.091 57.7 2.92 -0.00
507 390.633 53.8 2.83 -0.12
508 390.814 58.6 2.80 -0.17
509 390.913 53.5 2.77 -0.17
510 391.804 100.4 3.06 -0.02
511 391.896 68.8 3.02 -0.02
512 393.077 68.0 3.03 -0.12
513 393.221 45.8 3.14 -0.12
514 394.518 44.1 3.19 -0.14
515 395.968 54.6 3.30 -0.02
516 396.047 41.0 3.32 -0.02
517 396.361 40.1 3.24 -0.13
518 396.979 63.4 3.25 -0.05
519 397.207 44.9 3.29 -0.09
520 397.446 52.9 3.28 -0.05
521 399.382 65.1 3.09 0.04
522 399.501 64.3 3.17 0.02
523 400.198 19.3 3.05 0.05
524 400.341 43.2 3.16 0.05
525 401.389 44.9 3.22 0.22
526 403.771 49.8 3.12 0.15
527 404.372 48.9 3.14 0.04
528 405.608 43.5 3.10 0.10
529 405.922 81.9 3.15 -0.00
530 406.301 44.1 3.10 -0.02
531 407.922 76.2 3.19 0.39
532 409.697 41.0 3.12 0.23
533 412.049 49.8 3.24 0.40
534 412.332 49.8 3.30 0.27
535 412.554 25.6 3.27 0.35
536 413.155 49.8 3.20 0.36
537 413.800 62.6 3.15 0.45
538 413.953 56.9 3.19 0.43
539 416.090 62.6 3.00 0.23
540 416.339 44.1 2.98 0.26
541 417.493 49.8 3.24 0.15
542 417.725 49.8 3.09 0.18
543 418.650 43.2 3.15 0.11
544 418.800 61.2 3.19 0.16
545 419.172 40.1 3.11 0.12
546 420.374 49.8 3.08 0.21
547 421.087 49.8 3.07 0.24
548 421.381 73.1 3.17 0.27
549 424.791 74.0 2.99 0.05
550 424.934 44.9 2.96 0.03
551 424.972 20.8 3.06 0.01
552 425.849 41.0 2.91 -0.04
553 426.156 27.3 2.96 0.05
554 426.644 67.4 2.92 0.03
555 426.804 59.4 2.97 0.03
556 427.289 44.9 3.05 -0.04
557 427.794 63.4 3.01 -0.00
558 427.938 41.0 3.18 0.01
559 428.911 44.9 2.75 -0.03
560 430.969 68.3 2.81 -0.08
561 431.286 43.2 2.94 0.15
562 432.549 54.6 2.95 0.25
563 432.921 59.4 2.93 0.12
564 433.085 27.3 3.01 0.55
565 434.003 54.6 2.80 0.17
566 434.365 25.0 2.87 0.16
567 434.897 49.8 2.95 0.29
568 435.266 25.6 2.90 0.39
569 436.259 65.4 2.90 0.31
570 437.167 30.4 2.86 0.28
571 438.673 69.1 2.80 0.37
572 438.860 57.7 2.85 0.28
573 440.099 63.4 2.78 0.29
574 440.226 49.8 2.82 0.28
575 440.345 54.6 2.86 0.35
576 441.144 41.0 2.98 0.35
577 442.079 36.1 2.88 0.38
578 442.281 45.8 2.79 0.34
579 442.898 45.8 2.88 0.30
580 443.997 54.6 3.16 0.36
581 445.090 61.2 3.08 0.30
582 446.687 40.1 3.17 0.41
583 448.790 55.5 2.90 0.48
584 448.841 34.4 2.92 0.47
585 449.059 48.1 3.09 0.38
586 449.592 44.1 3.00 0.38
587 449.810 23.9 2.95 0.27
588 450.421 92.4 2.82 0.45
589 450.828 63.4 3.02 0.12
590 450.988 68.3 2.93 0.39
591 451.783 32.1 3.14 0.18
592 452.111 70.8 3.02 0.14
593 453.824 50.3 2.79 0.18
594 455.210 45.8 2.77 0.14
595 455.470 22.2 2.91 0.16
596 456.343 16.8 3.15 0.15
597 456.767 62.6 2.96 -0.02
598 463.477 52.9 2.91 0.01
599 463.686 44.9 2.74 -0.08
600 464.757 37.8 2.97 0.12
601 467.102 105.0 2.92 0.20
602 467.242 124.6 2.88 0.20
603 468.369 64.3 3.18 0.37
604 468.594 58.6 3.06 0.39
605 468.915 32.1 3.00 0.34
606 468.963 27.3 2.98 0.34
607 470.154 49.8 2.96 0.24
608 470.321 44.9 2.95 0.26
609 471.854 53.8 2.97 0.24
610 472.826 50.6 3.28 0.29
611 473.707 65.7 3.26 0.02
612 473.827 55.5 3.26 0.02
613 476.410 77.1 3.03 0.10
614 476.762 37.8 3.13 -0.03
615 476.919 42.7 3.04 -0.04
616 477.233 53.8 3.11 -0.03
617 481.175 44.9 3.34 0.14
618 482.432 40.1 3.09 0.26
619 483.043 19.3 3.22 0.20
620 483.080 24.5 3.31 0.20
621 483.442 68.3 3.29 0.03
622 484.814 53.8 3.31 0.06
623 486.835 41.0 3.20 -0.02
624 488.214 54.6 3.14 0.08
625 489.060 52.3 3.03 0.10
626 489.125 56.6 3.03 0.10
627 489.524 38.7 3.19 0.01
628 490.361 58.6 3.03 -0.09
629 490.576 68.3 3.02 0.02
630 490.948 40.1 3.10 -0.14
631 491.108 36.1 3.07 -0.04
632 491.197 77.1 3.03 0.04
633 492.989 45.8 3.02 -0.07
634 494.296 42.7 3.00 -0.19
635 494.965 43.2 3.01 0.01
636 495.034 43.5 3.06 -0.01
637 495.139 22.2 3.08 -0.03
638 495.436 46.6 2.91 -0.01
639 496.041 36.1 3.09 -0.01
640 497.249 54.6 3.09 -0.02
641 497.809 61.2 3.00 0.05
642 497.863 44.1 3.06 0.13
643 498.102 46.6 3.05 0.09
644 499.543 37.0 2.93 0.04
645 500.222 52.3 3.03 -0.16
646 500.915 61.2 3.06 -0.03
647 501.201 19.3 3.09 -0.09
648 501.628 34.4 2.92 -0.11
649 501.724 64.3 2.93 0.07
650 502.014 63.4 3.09 0.04
651 502.993 61.7 2.90 -0.20
652 504.687 44.9 2.88 -0.28
653 504.874 41.0 2.98 -0.17
654 504.949 23.3 2.89 -0.15
655 505.021 41.5 2.99 -0.10
656 505.519 50.6 2.97 -0.19
657 505.584 44.9 2.94 -0.13
658 505.738 58.9 2.94 0.00
659 505.946 40.4 3.01 -0.04
660 508.684 52.9 3.15 -0.21
661 509.059 45.8 3.23 -0.18
662 510.417 29.0 3.16 -0.16
663 510.455 12.8 3.06 -0.16
664 512.117 42.7 2.89 -0.14
665 513.073 46.6 3.22 0.06
666 516.340 48.1 2.95 -0.06
667 518.388 54.6 2.99 -0.08
668 518.712 44.9 2.94 -0.16
669 519.593 47.5 3.30 0.04
670 520.091 37.8 3.27 0.11
671 520.613 68.3 2.89 0.06
672 521.548 54.6 3.12 -0.04
673 523.631 54.6 3.16 -0.24
674 523.948 48.9 3.12 0.01
675 524.873 57.7 3.17 0.17
676 525.313 27.3 3.22 -0.02
677 525.658 35.6 3.21 -0.03
678 525.774 33.8 3.18 -0.03
679 526.924 49.8 3.14 -0.03
680 528.143 54.6 3.25 0.13
681 528.672 41.0 3.28 0.17
682 530.239 50.6 3.23 0.31
683 530.529 22.5 3.28 0.17
684 531.597 56.3 3.23 0.21
685 532.225 25.0 3.08 0.19
686 532.734 68.6 3.23 0.21
687 532.853 32.4 3.18 0.26
688 533.823 43.2 3.16 0.15
689 534.608 36.1 3.14 -0.14
690 535.594 52.1 3.24 -0.11
691 536.717 45.8 2.90 -0.07
692 537.250 49.5 2.91 -0.10
693 537.704 38.4 2.92 0.04
694 538.752 59.4 2.80 0.06
695 539.359 41.0 2.89 0.02
696 541.110 49.8 2.94 0.11
697 541.530 41.0 2.94 0.05
698 542.052 44.9 2.93 0.02
699 542.697 22.5 2.94 0.01
700 544.035 49.8 3.03 0.14
701 545.739 44.9 3.06 0.05
702 545.991 45.8 3.05 -0.11
703 546.257 77.1 2.87 -0.27
704 548.357 45.8 2.90 -0.17
705 548.544 46.6 2.92 -0.15
706 549.114 58.9 2.91 -0.01
707 549.705 54.3 2.81 0.07
708 549.756 41.5 2.85 0.02
709 550.449 59.4 2.95 0.14
710 551.050 27.3 3.11 0.09
711 551.640 121.2 3.15 0.03
712 551.808 54.6 3.03 -0.05
713 552.378 54.6 2.95 0.03
714 553.480 60.3 2.96 0.01
715 553.538 43.8 3.10 -0.11
716 554.142 44.9 3.14 -0.09
717 555.484 48.1 2.93 0.01
718 555.682 44.9 2.98 -0.01
719 555.927 25.0 2.83 -0.08
720 556.255 49.8 2.89 0.02
721 556.733 44.9 2.92 -0.07
722 556.883 66.0 2.97 -0.11
723 557.016 62.6 3.02 -0.12
724 557.194 33.0 2.98 -0.18
725 557.463 54.6 3.05 -0.41
726 557.982 50.3 3.02 -0.23
727 558.037 43.2 3.05 -0.23
728 558.525 81.1 2.96 -0.15
729 558.743 27.3 3.08 -0.11
730 561.785 59.4 3.09 -0.16
731 562.150 77.1 3.10 -0.15
732 562.406 45.8 2.92 -0.11
733 568.789 45.8 2.97 -0.15
734 569.929 45.8 2.94 -0.13
735 570.489 52.9 3.03 -0.10
736 572.103 30.4 3.04 0.27
737 572.506 37.0 3.22 0.25
738 572.612 39.3 3.20 0.26
739 572.694 49.8 3.16 0.16
740 573.137 43.2 2.98 0.18
741 574.759 44.1 3.10 -0.12
742 574.919 37.8 3.04 -0.18
743 575.117 42.7 2.98 -0.20
744 575.349 107.5 2.95 -0.12
745 575.930 27.3 2.95 -0.14
746 576.278 73.1 2.94 -0.08
747 576.991 40.1 2.92 -0.28
748 577.715 20.5 2.96 -0.25
749 577.974 45.8 2.98 -0.15
750 578.329 44.9 2.85 -0.30
751 578.664 42.1 3.01 -0.08
752 579.357 138.2 2.98 -0.22
753 579.753 55.5 3.01 -0.15
754 580.695 72.2 2.92 -0.17
755 580.879 63.4 2.95 -0.15
756 581.763 61.7 2.84 -0.29
757 582.077 44.9 3.03 -0.15
758 583.702 40.1 2.87 -0.16
759 583.756 47.2 2.84 -0.23
760 584.149 54.6 2.89 0.07
761 584.630 53.8 2.77 -0.21
762 584.972 37.0 3.00 -0.21
763 585.681 49.8 2.96 -0.15
764 587.269 37.8 2.86 -0.01
765 588.938 86.8 2.84 -0.02
766 591.406 63.4 3.01 -0.03
767 591.679 39.3 2.98 -0.11
768 594.348 56.9 2.98 -0.26
769 595.181 56.3 3.02 0.01
770 595.406 54.6 2.97 0.05
771 596.959 35.0 2.96 0.14
772 599.031 44.1 3.03 -0.02
773 599.942 48.9 3.08 -0.09
774 600.376 20.8 3.00 -0.04
775 600.751 62.6 2.98 -0.01
776 601.728 59.4 3.09 0.06
777 602.816 20.8 2.99 0.15
778 603.277 47.5 2.97 0.23
779 604.445 83.6 2.93 0.06
780 605.308 27.3 2.93 0.10
781 605.964 49.8 2.96 0.10
782 606.093 32.1 2.83 0.14
783 606.537 52.1 2.89 0.08
784 606.854 49.8 2.95 0.07
785 607.820 37.8 2.83 0.09
786 609.363 59.4 2.86 -0.04
787 609.479 56.6 2.85 0.05
788 609.715 49.8 2.77 0.04
789 609.903 39.3 2.94 0.04
790 610.408 54.6 2.73 -0.10
791 612.541 54.6 2.89 0.04
792 613.626 43.2 3.22 -0.08
793 613.968 50.6 3.14 -0.15
794 614.214 118.9 2.97 -0.10
795 615.087 27.3 2.84 -0.16
796 615.470 61.7 2.95 -0.32
797 616.453 35.3 3.14 -0.31
798 616.490 17.6 3.15 -0.33
799 616.832 61.7 3.10 -0.30
800 618.931 52.9 3.11 -0.09
801 619.030 41.0 3.14 -0.14
802 619.142 49.8 3.12 -0.04
803 619.361 40.1 3.14 -0.05
804 619.863 28.2 3.16 -0.04
805 620.716 32.1 3.22 0.01
806 622.351 37.8 3.26 -0.09
807 622.938 44.9 3.13 -0.03
808 623.098 46.6 3.08 0.04
809 623.167 25.6 3.22 -0.13
810 623.665 47.5 3.03 -0.00
811 624.320 40.1 2.97 0.01
812 626.908 59.4 2.90 -0.35
813 629.430 58.6 2.88 0.09
814 630.017 33.0 2.98 0.14
815 630.127 50.6 2.95 0.10
816 631.185 50.1 3.21 0.01
817 631.523 36.1 3.21 -0.13
818 632.260 51.5 3.07 -0.09
819 632.311 39.3 3.11 -0.07
820 632.410 40.1 3.10 -0.05
821 633.041 49.8 2.93 -0.01
822 634.496 73.1 3.09 -0.02
823 635.520 48.9 2.90 -0.09
824 636.376 78.8 3.00 0.04
825 636.875 45.8 3.04 0.06
826 637.230 49.8 3.22 0.08
827 641.029 55.5 3.02 0.01
828 643.288 41.0 3.02 -0.00
829 643.340 44.9 3.06 -0.04
830 644.828 41.8 2.96 0.09
831 646.412 46.6 2.85 -0.01
832 648.053 31.3 3.11 0.23
833 649.586 44.9 3.02 0.11
834 649.808 29.0 2.98 0.10
835 650.088 29.0 2.92 0.23
836 650.275 23.3 3.06 0.14
837 650.306 26.5 2.99 0.14
838 650.661 28.2 2.99 0.09
839 650.989 45.8 3.06 0.16
840 651.586 58.6 2.83 0.21
841 651.716 41.8 3.05 0.23
842 652.006 18.5 3.04 0.29
843 653.364 46.6 2.91 0.28
844 653.870 58.6 2.88 0.26
845 654.276 21.6 3.02 0.42
846 654.464 26.5 3.00 0.41
847 656.058 44.1 3.06 0.18
848 656.225 56.9 3.07 0.21
849 656.634 54.6 3.00 0.11
850 656.972 81.1 2.98 -0.12
851 657.635 81.9 2.93 -0.01
852 658.188 55.5 2.92 0.01
853 659.003 56.3 3.14 0.07
854 659.072 43.2 3.07 -0.05
855 660.522 31.3 3.00 0.06
856 661.208 86.8 2.94 -0.01
857 662.198 50.6 3.07 0.17
858 663.584 32.1 2.95 0.13
859 664.782 52.9 2.81 0.10
860 665.666 58.6 2.92 -0.09
861 666.584 44.1 2.87 -0.10
862 667.455 57.2 2.96 -0.20
863 668.864 41.8 2.98 0.08
864 668.909 32.4 2.98 0.08
865 669.363 27.3 2.98 0.15
866 672.278 68.3 2.99 0.03
867 672.360 54.6 2.99 0.03
868 674.636 50.6 3.22 0.06
869 676.486 34.4 3.02 0.13
870 676.725 45.8 3.00 0.19
871 677.152 27.3 2.93 0.11
872 678.541 45.8 2.89 0.08
873 679.111 23.3 2.88 0.01
874 679.145 35.3 2.86 0.03
875 680.040 62.6 3.06 -0.00
876 680.951 35.3 2.96 -0.01
877 681.681 31.3 2.96 -0.02
878 682.125 59.4 2.96 0.07
879 683.125 45.8 2.94 0.10
880 684.439 70.5 3.03 0.07
881 685.354 37.0 3.23 0.07
882 685.866 54.6 3.20 0.08
883 686.945 57.2 3.12 0.14
884 688.337 44.9 3.05 0.13
885 689.645 25.6 3.21 0.15
886 691.263 25.3 3.19 0.19
887 691.283 19.3 3.16 0.19
888 691.556 74.8 3.30 0.19
889 692.352 44.1 3.14 0.12
890 692.884 49.8 3.11 0.14
891 695.188 34.4 3.06 0.02
892 695.608 68.3 3.14 0.04
893 696.659 33.8 3.25 0.31
894 697.117 59.4 3.21 0.22
895 697.216 52.6 3.29 0.22
896 700.721 52.9 3.25 0.03
897 702.356 32.1 3.15 -0.04
898 702.414 44.9 3.19 -0.10
899 702.834 30.4 3.19 -0.01
900 703.892 45.8 3.10 -0.18
901 704.203 15.4 3.38 0.03
902 704.240 44.9 3.29 0.03
903 704.322 41.8 3.32 0.04
904 704.486 48.9 3.35 0.03
905 704.605 48.9 3.26 0.07
906 704.814 41.0 3.21 0.10
907 706.008 41.8 3.38 0.12
908 706.278 35.3 3.32 0.14
909 708.305 55.5 3.20 -0.16
910 708.507 30.4 3.28 -0.11
911 708.906 73.1 3.19 -0.15
912 709.599 48.1 3.10 -0.10
913 710.313 36.1 3.22 -0.03
914 710.654 50.6 3.13 -0.10
915 710.964 30.4 3.16 -0.07
916 711.958 46.6 3.11 -0.03
917 712.852 33.8 3.05 0.06
918 713.753 54.6 3.06 0.03
919 713.835 43.2 3.07 0.01
920 714.368 60.3 3.19 0.04
921 715.293 33.0 3.17 0.02
922 715.463 49.8 3.14 -0.02
923 715.583 77.9 3.04 0.05
924 715.835 42.4 3.07 0.02
925 716.102 32.1 3.10 0.10
926 716.286 27.3 3.11 0.04
927 716.317 11.9 3.12 0.04
928 716.641 52.9 3.02 0.01
929 717.187 66.6 3.04 0.05
930 717.474 46.6 3.06 0.09
931 717.726 22.5 2.93 0.14
932 717.781 45.8 3.09 0.07
933 718.286 50.6 3.14 0.16
934 718.419 33.8 3.04 0.21
935 719.593 47.5 3.00 0.11
936 720.723 49.8 3.26 0.15
937 720.890 48.9 3.18 0.17
938 721.536 63.4 3.14 0.09
939 721.676 20.2 3.20 -0.00
940 721.795 57.7 3.14 -0.02
941 722.068 21.0 3.23 -0.08
942 722.805 28.2 3.19 -0.13
943 723.293 30.4 3.05 0.08
944 725.270 12.8 3.15 -0.11
945 726.068 58.6 3.02 -0.04
946 726.642 45.8 3.10 0.04
947 727.949 73.1 3.21 -0.09
948 728.400 100.4 3.32 0.04
949 728.601 53.8 3.23 0.03
950 728.758 53.8 3.23 0.00
951 729.762 56.6 3.28 -0.15
952 731.427 37.8 3.11 0.06
953 731.649 23.3 3.05 -0.00
954 732.015 54.6 3.23 -0.11
955 732.605 36.1 3.19 -0.16
956 732.977 41.0 3.33 -0.09
957 733.254 45.8 3.38 -0.01
958 735.489 48.9 3.12 -0.03
959 736.117 50.6 3.19 0.03
960 736.459 49.8 3.25 0.00
961 737.193 35.3 3.18 -0.01
962 737.278 51.5 3.26 -0.02
963 739.340 36.1 3.17 0.11
964 739.759 20.2 3.25 0.02
965 739.824 80.2 3.18 0.00
966 740.210 65.7 3.22 -0.09
967 742.913 41.8 3.24 0.07
968 743.565 39.3 3.21 0.08
969 743.961 49.8 3.22 0.09
970 744.736 49.8 3.21 0.12
971 745.043 45.8 3.11 0.12
972 745.255 31.3 3.04 0.13
973 746.129 58.6 3.20 0.20
974 747.327 41.8 3.13 0.00
975 748.982 47.5 3.35 -0.07
976 751.942 63.4 3.30 -0.04
977 752.723 77.1 3.31 0.04
978 752.955 65.1 3.27 0.08
979 753.624 26.5 3.19 -0.03
980 754.539 47.5 3.33 -0.08
981 757.539 38.7 3.12 0.18
982 759.908 49.8 3.11 0.16
983 760.076 48.1 3.17 0.11
984 761.205 41.8 3.12 0.03
985 761.444 37.0 3.16 0.11
986 763.837 37.8 3.29 -0.04
987 763.878 26.7 3.24 -0.04
988 764.339 26.5 3.15 0.08
989 765.701 81.1 2.97 -0.04
990 765.830 59.4 3.00 -0.13
991 766.810 42.7 3.09 -0.02
992 767.397 54.6 3.00 -0.01
993 767.776 65.1 3.02 -0.00
994 767.861 40.1 3.03 0.01
995 768.090 109.2 2.97 -0.00
996 768.162 26.5 3.01 -0.02
997 768.599 66.0 2.96 0.08
998 768.660 28.7 3.06 0.01
999 768.708 26.2 2.98 -0.01
1000 770.899 52.9 2.95 -0.12
1001 771.589 29.6 3.03 -0.20
1002 772.486 62.6 2.89 -0.18
1003 773.244 41.0 3.00 -0.09
1004 774.340 56.9 3.10 0.01
1005 774.951 61.2 2.96 -0.06
1006 775.900 41.8 3.07 -0.01
1007 776.576 35.3 3.09 0.01
1008 777.753 55.5 3.17 -0.00
1009 778.531 52.3 3.01 -0.12
1010 778.798 36.1 3.09 -0.17
1011 779.002 58.6 3.08 -0.10
1012 779.958 33.8 3.04 -0.11
1013 783.030 40.1 3.10 -0.01
1014 784.242 63.4 2.91 -0.08
1015 784.573 63.4 2.89 -0.07
1016 785.225 81.9 3.04 -0.01
1017 785.338 76.2 3.02 -0.02
1018 786.143 73.1 3.07 0.02
1019 786.471 27.9 3.04 0.11
1020 786.590 51.5 3.04 0.08
1021 787.717 65.1 2.98 0.02
1022 787.904 30.4 2.98 0.01
1023 788.799 38.7 3.10 -0.13
1024 789.911 55.2 2.96 -0.17
1025 790.891 38.4 2.97 -0.10
1026 791.413 24.2 2.86 -0.24
1027 791.604 91.6 2.79 -0.19
1028 792.106 40.1 2.84 -0.00
1029 792.833 15.4 2.90 0.02
1030 793.168 41.8 2.94 0.08
1031 794.069 49.8 3.01 -0.02
1032 795.158 49.8 2.95 0.06
1033 795.765 27.3 3.05 0.03
1034 796.172 41.0 3.08 0.00
1035 796.762 73.1 3.11 0.07
1036 797.097 48.9 2.97 0.01
1037 797.537 35.3 3.12 0.08
1038 798.090 41.0 3.19 0.09
1039 798.199 88.5 3.13 0.07
1040 798.578 54.6 3.18 0.13
1041 799.913 93.3 3.17 0.06
1042 800.257 45.8 3.08 -0.01
1043 802.193 38.7 3.05 -0.14
1044 803.718 56.3 3.09 -0.11
1045 805.797 49.8 3.09 -0.28
1046 806.350 45.8 3.17 -0.20
1047 806.463 32.1 3.18 -0.28
1048 809.071 48.9 3.17 0.09
1049 812.395 22.5 3.05 -0.02
1050 812.798 50.6 3.18 -0.11
1051 815.587 75.1 3.14 0.08
1052 816.365 45.8 3.18 -0.01
1053 816.583 54.6 3.23 0.01
1054 817.652 73.1 3.25 -0.04
1055 817.884 23.3 3.30 -0.07
1056 817.979 76.2 3.21 0.15
1057 818.157 36.1 3.25 0.09
1058 819.604 38.4 3.10 -0.03
1059 820.543 25.6 3.19 0.01
1060 820.734 60.9 3.12 -0.04
1061 821.649 44.9 3.18 -0.15
1062 821.836 86.8 3.32 -0.12
1063 822.198 45.8 3.24 -0.07
1064 822.734 53.8 3.21 -0.02
1065 822.840 36.1 3.21 0.07
1066 823.536 55.5 3.27 -0.03
1067 823.826 70.0 3.01 -0.02
1068 825.216 23.3 3.04 0.13
1069 825.291 68.3 2.95 0.20
1070 825.659 51.5 3.30 0.04
1071 825.697 12.8 3.12 0.06
1072 826.427 54.3 3.23 -0.12
1073 827.294 24.5 3.15 -0.08
1074 827.328 38.7 3.17 -0.01
1075 830.387 20.2 3.23 -0.10
1076 832.073 45.8 3.23 -0.11
1077 832.151 63.4 3.21 -0.07
1078 833.107 30.4 3.17 0.05
1079 833.548 58.6 3.12 -0.02
1080 834.483 46.6 3.27 0.02
1081 835.022 33.0 3.31 -0.04
1082 835.879 44.9 3.28 -0.01
1083 835.954 41.8 3.20 0.16
1084 836.678 47.5 3.17 0.00
1085 839.156 33.8 2.99 -0.11
1086 839.927 40.1 3.15 -0.07
1087 840.415 29.0 3.16 -0.06
1088 840.442 11.9 3.08 -0.04
1089 841.139 38.4 3.06 -0.16
1090 841.480 85.0 3.33 -0.15
1091 841.767 63.4 3.14 -0.16
1092 842.815 45.8 3.33 -0.02
1093 842.900 45.8 3.30 -0.02
1094 843.006 24.2 3.26 0.06
1095 843.248 37.8 3.29 0.03
1096 843.320 30.2 3.17 0.03
1097 844.368 25.6 3.27 0.21
1098 844.402 25.6 3.30 0.21
1099 845.450 23.3 3.12 0.14
1100 845.975 31.3 3.18 0.14
1101 846.307 21.6 3.05 0.17
1102 847.505 104.4 3.08 0.17
1103 848.191 17.6 2.90 0.19
1104 848.273 44.9 2.94 0.13
1105 848.614 64.3 2.94 0.24
1106 849.085 50.6 3.03 0.10
1107 849.474 44.1 3.02 0.19
1108 850.621 32.1 3.08 0.14
1109 851.584 60.6 3.23 0.14
1110 851.826 48.9 3.37 0.07
1111 852.321 63.4 3.41 0.10
1112 852.645 62.6 3.35 0.17
1113 853.440 26.5 3.24 0.26
1114 853.509 29.0 3.31 0.30
1115 855.345 62.6 3.32 0.20
1116 857.598 44.9 3.00 0.16
1117 859.550 29.6 2.96 0.19
1118 859.799 20.8 2.83 0.17
1119 861.551 45.8 2.86 0.24
1120 862.066 43.8 3.01 0.20
1121 862.387 49.8 2.99 0.25
1122 862.516 38.4 2.93 0.36
1123 862.970 54.6 3.12 0.13
1124 863.230 63.4 3.18 0.04
1125 863.476 64.3 3.26 0.02
1126 864.343 23.3 2.97 0.02
1127 864.500 12.8 3.02 0.04
1128 864.636 32.7 2.99 0.07
1129 864.916 54.6 2.95 0.05
1130 865.821 63.4 2.97 0.02
1131 866.288 50.6 3.04 -0.05
1132 866.462 44.9 3.11 -0.01
1133 866.708 33.8 3.03 0.12
1134 866.746 25.6 3.10 0.12
1135 866.828 41.0 3.03 0.13
1136 869.111 40.1 3.18 0.23
1137 869.224 11.9 3.15 0.23
1138 869.459 45.8 3.15 0.17
1139 870.531 45.8 3.25 0.33
1140 870.930 39.3 3.09 0.38
1141 871.012 45.8 3.19 0.27
1142 871.087 41.8 3.18 0.37
1143 871.616 41.0 3.29 0.31
1144 873.268 49.8 3.35 0.13
1145 873.596 42.7 3.22 0.19
1146 874.009 44.9 3.25 0.22
1147 874.241 25.0 3.31 0.07
1148 874.917 24.2 3.27 0.05
1149 875.907 62.6 3.59 0.15
1150 876.805 62.6 3.40 0.11
1151 876.999 65.1 3.40 0.20
1152 877.361 26.5 3.41 0.19
1153 877.521 44.9 3.42 0.26
1154 877.607 51.5 3.36 0.30
1155 877.661 48.1 3.42 0.30
1156 877.904 70.0 3.31 0.20
1157 878.180 50.6 3.30 0.17
1158 879.566 44.1 3.25 0.21
1159 879.754 49.8 3.21 0.10
1160 882.013 32.1 3.12 0.04
1161 882.048 22.5 3.04 0.03
1162 882.624 66.0 3.03 -0.01
1163 883.782 30.7 3.07 -0.01
1164 885.294 63.4 3.09 0.01
1165 885.512 45.8 3.13 -0.13
1166 886.802 42.7 3.10 -0.11
1167 887.560 54.6 3.12 -0.05
1168 889.584 59.4 3.17 0.05
1169 890.171 29.9 3.18 0.05
1170 893.704 59.2 3.29 0.06
1171 893.800 77.9 3.38 0.06
1172 894.605 57.2 3.14 -0.06
1173 895.226 72.2 3.28 0.06
1174 896.838 38.7 3.24 0.05
1175 898.063 49.8 3.01 0.18
1176 898.374 52.9 3.05 0.17
1177 899.510 29.9 3.14 0.29
1178 900.323 33.8 3.30 0.33
1179 900.367 26.2 2.99 0.33
1180 901.302 38.7 3.07 0.39
1181 901.493 49.8 2.95 0.14
1182 901.780 46.6 3.28 0.25
1183 902.196 54.6 3.06 0.25
1184 903.678 93.3 2.95 0.13
1185 903.968 28.2 3.01 0.18
1186 905.234 49.8 3.04 0.11
1187 905.330 40.1 3.04 0.18
1188 905.746 33.8 2.92 0.23
1189 908.596 43.5 3.29 0.13
1190 911.098 54.6 3.11 0.16
1191 911.931 29.6 3.20 0.15
1192 912.044 68.3 3.20 0.12
1193 912.692 43.5 3.18 0.11
1194 913.010 45.8 3.09 0.03
1195 914.928 41.0 3.16 0.13
1196 915.587 55.5 3.22 0.30
1197 916.573 65.1 3.17 0.27
1198 917.632 44.1 3.19 0.19
1199 919.386 45.8 3.27 0.07
1200 919.485 34.4 3.30 0.15
1201 919.898 91.6 3.23 -0.03
1202 921.871 36.1 3.24 0.25
1203 922.424 49.8 3.16 0.34
1204 922.888 44.9 3.16 0.35
1205 922.967 61.2 3.12 0.29
1206 923.025 39.3 3.12 0.26
1207 923.277 41.0 3.14 0.29
1208 923.397 14.5 3.13 0.27
1209 923.441 57.7 3.03 0.25
1210 923.810 108.4 3.08 0.25
1211 924.462 41.2 3.12 0.27
1212 924.520 50.6 3.08 0.27
1213 924.684 41.0 3.12 0.14
1214 925.097 25.6 3.07 0.23
1215 925.472 70.8 3.15 0.20
1216 925.530 29.6 3.17 0.23
1217 925.725 36.1 3.13 0.17
1218 926.373 27.3 3.20 0.09
1219 926.790 46.6 3.20 0.07
1220 926.940 35.3 3.38 0.17
1221 927.182 27.3 3.29 0.15
1222 927.278 39.3 3.34 0.15
1223 927.602 31.3 3.35 0.13
1224 927.803 34.4 3.22 0.15
1225 927.885 40.4 3.32 0.15
1226 928.257 54.6 3.22 0.22
1227 929.210 49.8 3.13 0.18
1228 929.489 64.3 3.14 0.18
1229 930.479 49.8 3.20 0.18
1230 930.684 75.7 3.27 0.18
1231 930.773 57.7 3.19 0.18
1232 931.548 49.8 3.05 0.18
1233 932.367 69.4 3.13 0.18
1234 934.142 48.1 3.12 0.28
1235 934.609 58.6 3.17 0.15
1236 935.340 44.4 3.33 0.05
1237 936.142 30.4 3.22 0.03
1238 936.593 54.6 3.19 -0.07
1239 937.381 50.6 3.12 0.11
1240 939.026 61.7 3.04 0.03
1241 940.508 19.1 3.27 0.29
1242 941.341 41.8 3.31 0.23
1243 941.641 45.8 3.22 0.22
1244 941.702 39.0 3.19 0.08
1245 942.460 45.8 3.09 0.19
1246 942.798 72.2 2.96 0.21
1247 944.228 65.1 3.03 0.09
1248 946.174 44.7 3.15 0.19
1249 946.652 48.9 3.20 -0.00
1250 948.577 54.6 3.16 0.15
1251 949.055 54.6 3.16 0.25
1252 949.263 110.1 3.18 0.13
1253 949.840 52.3 3.08 0.21
1254 950.778 33.0 3.13 0.02
1255 950.922 54.6 3.10 0.10
1256 951.983 53.8 3.08 -0.00
1257 952.492 66.8 3.26 0.06
1258 952.816 93.3 3.29 0.12
1259 953.990 46.6 3.10 0.08
1260 954.557 48.1 3.11 0.13
1261 955.178 54.6 3.13 0.07
1262 955.933 48.1 3.07 0.05
1263 956.455 54.6 3.06 0.19
1264 957.520 77.9 3.24 0.19
1265 957.728 44.1 3.11 0.20
1266 957.885 67.4 3.09 0.18
1267 963.316 49.8 3.06 0.21
1268 963.520 54.6 3.19 0.36
1269 964.688 70.0 2.98 0.44
1270 966.115 68.3 3.19 0.39
1271 966.579 43.2 3.17 0.46
1272 967.313 29.9 3.09 0.38
1273 967.381 29.0 3.20 0.05
1274 967.674 42.7 3.20 0.21
1275 968.565 50.6 3.22 0.38
1276 968.801 49.8 3.34 0.33
1277 970.142 39.3 3.38 0.13
1278 971.914 26.5 3.25 0.33
1279 972.228 37.0 3.18 0.18
1280 973.597 52.3 3.18 0.09
1281 974.771 59.4 2.98 0.41
1282 975.177 59.4 3.00 0.46
1283 975.767 41.0 3.10 0.50
1284 976.621 85.9 2.99 0.37
1285 976.836 39.5 3.04 0.37
1286 977.065 51.2 3.05 0.29
1287 978.959 24.7 3.06 -0.02
1288 979.474 44.9 3.01 -0.03
1289 980.150 32.1 3.08 0.06
1290 980.795 31.3 3.08 0.37
1291 981.939 22.5 2.98 0.17
1292 982.516 44.9 2.92 0.24
1293 982.662 44.9 2.91 0.32
1294 983.526 27.3 2.99 0.10
1295 985.052 56.9 2.80 0.34
1296 985.881 30.4 2.96 0.19
1297 987.489 58.6 3.03 0.35
1298 988.820 68.3 2.86 0.17
1299 989.250 18.5 2.72 0.32
1300 989.284 36.1 2.75 0.32
1301 989.581 44.9 2.82 0.27
1302 989.670 19.3 2.81 0.31
1303 989.701 22.5 2.84 0.33
1304 992.080 23.3 3.08 0.22
1305 992.571 68.3 3.11 0.29
1306 993.606 85.0 3.08 0.20
1307 994.725 54.6 3.05 0.15
1308 994.974 31.3 3.04 0.17
1309 995.084 29.9 3.06 0.18
1310 996.770 24.7 3.01 0.08
1311 997.483 112.4 3.07 0.28
1312 997.555 29.9 3.07 0.18
1313 997.930 54.6 3.20 0.20
1314 998.063 52.3 3.17 0.22
1315 999.497 78.8 3.01 0.21
1316 999.801 54.6 3.14 0.14
1317 1000.500 54.3 2.97 0.17
1318 1000.675 54.6 2.97 0.18
1319 1000.852 39.3 2.90 0.21
1320 1000.900 23.3 2.92 0.13
1321 1002.313 18.8 2.82 0.19
1322 1002.371 17.4 2.89 0.20
1323 1002.535 36.1 2.77 0.28
1324 1003.340 16.8 2.71 0.35
1325 1004.344 59.4 2.97 0.25
1326 1004.583 73.1 2.85 0.23
1327 1004.661 44.9 2.73 0.30
1328 1004.747 68.3 2.92 0.14
1329 1004.856 43.2 2.83 0.10
1330 1005.607 79.6 2.78 0.14
1331 1006.597 95.6 2.72 0.23
1332 1006.808 73.1 2.81 0.35
1333 1010.802 40.1 3.10 0.37
1334 1010.891 41.0 2.96 0.37
1335 1010.949 58.6 3.05 0.43
1336 1013.857 37.0 2.95 0.35
1337 1016.106 52.9 3.21 0.24
1338 1016.833 77.1 3.23 0.17
1339 1018.004 40.1 3.25 0.36
1340 1018.298 68.3 3.13 0.32
1341 1018.871 41.0 3.03 0.26
1342 1020.253 38.4 3.03 0.25
1343 1021.421 59.7 3.01 0.23
1344 1021.871 59.4 2.94 0.14
1345 1022.151 45.8 3.04 0.11
1346 1023.192 33.0 3.04 0.07
1347 1024.278 68.3 3.17 0.06
1348 1024.732 43.5 3.13 -0.05
1349 1024.783 35.8 3.14 -0.05
1350 1025.012 58.9 3.01 -0.12
1351 1025.913 49.8 3.02 0.12
1352 1027.234 55.5 3.06 0.06
1353 1027.391 27.3 3.22 -0.05
1354 1028.128 64.3 3.16 0.10
1355 1028.271 21.6 3.12 0.10
1356 1028.835 44.9 2.99 0.26
1357 1029.493 72.8 3.01 0.23
1358 1030.244 42.7 3.04 -0.02
1359 1030.879 38.7 3.00 0.02
1360 1031.046 50.6 2.87 0.03
1361 1031.217 44.9 2.91 -0.11
1362 1031.296 49.8 2.82 0.19
1363 1031.436 70.8 2.84 0.05
1364 1031.896 41.0 2.89 0.13
1365 1032.388 37.0 3.03 0.17
1366 1033.787 37.8 2.76 -0.21
1367 1033.886 57.2 2.89 -0.22
1368 1035.788 59.4 2.96 -0.02
1369 1035.849 48.4 2.74 -0.02
1370 1037.586 52.9 2.97 -0.08
1371 1038.150 45.8 2.93 -0.25
1372 1045.062 45.8 3.10 -0.26
1373 1046.188 49.8 3.35 -0.10
1374 1046.260 37.0 3.22 -0.03
1375 1046.830 48.9 3.23 -0.12
1376 1048.492 42.7 3.31 -0.20
1377 1048.833 41.0 3.13 -0.30
1378 1049.926 25.0 3.18 -0.14
1379 1050.629 86.8 3.42 -0.15
1380 1053.185 41.0 3.13 0.06
1381 1053.315 44.9 3.20 -0.02
1382 1053.363 35.3 3.14 -0.00
1383 1055.148 49.8 3.14 0.14
1384 1057.476 36.1 3.14 -0.08
1385 1058.237 33.0 3.12 0.00
1386 1058.268 21.0 3.15 0.00
1387 1058.438 59.4 3.14 -0.11
1388 1058.616 34.4 3.14 -0.04
1389 1060.009 45.8 3.29 0.17
1390 1060.063 44.9 3.23 0.17
1391 1060.384 41.0 3.25 0.22
1392 1061.333 64.3 3.41 0.15
1393 1062.036 45.8 3.36 0.29
1394 1063.063 62.6 3.21 0.11
1395 1067.351 59.4 2.95 0.02
1396 1067.948 43.2 3.02 -0.05
1397 1072.187 49.8 3.07 0.02
1398 1072.696 32.1 2.95 0.09
1399 1073.385 49.8 2.97 0.28
1400 1074.437 46.6 2.92 0.16
1401 1077.126 23.3 3.13 0.09
1402 1077.253 49.8 3.13 0.08
1403 1078.379 53.8 3.07 -0.09
1404 1079.181 48.9 3.20 -0.18
1405 1079.290 64.3 3.22 -0.12
1406 1080.164 45.8 3.16 -0.17
1407 1080.260 55.5 3.12 -0.19
1408 1081.311 54.6 3.15 -0.08
1409 1082.608 35.3 3.14 -0.21
1410 1082.752 46.6 3.04 -0.10
1411 1083.922 50.6 3.17 0.06
1412 1084.448 49.8 3.25 -0.04
1413 1085.250 16.8 3.14 0.02
1414 1086.728 59.4 3.12 0.17
1415 1086.940 41.0 3.12 0.13
1416 1088.380 49.8 3.23 -0.03
1417 1089.745 41.8 3.12 0.20
1418 1090.179 41.0 3.09 0.08
1419 1090.312 33.8 3.12 0.01
1420 1090.353 26.5 3.10 -0.02
1421 1090.653 29.0 3.13 0.04
1422 1091.575 39.3 3.05 0.02
1423 1092.288 69.1 3.01 -0.00
1424 1092.739 21.6 2.88 0.05
1425 1093.138 32.1 2.88 -0.03
1426 1094.848 37.0 3.11 0.25
1427 1095.084 45.8 3.00 0.16
1428 1095.190 37.0 2.95 0.09
1429 1095.268 45.8 3.12 0.07
1430 1095.535 49.8 3.13 0.20
1431 1096.074 50.6 3.02 -0.09
1432 1096.866 33.8 2.89 -0.12
1433 1097.548 56.9 3.00 -0.08
1434 1098.743 54.6 2.88 -0.07
1435 1099.323 50.6 2.95 -0.03
1436 1099.422 33.0 2.98 -0.01
1437 1099.808 72.2 3.08 0.31
1438 1101.071 29.6 3.24 0.26
1439 1101.573 46.6 3.21 0.08
1440 1102.525 28.2 3.09 0.25
1441 1103.013 132.6 2.98 0.22
1442 1103.614 49.8 3.04 0.13
1443 1104.307 77.9 3.02 0.15
1444 1105.768 46.6 3.18 -0.01
1445 1106.440 87.6 3.12 0.13
1446 1107.392 63.4 3.14 0.14
1447 1107.461 54.9 3.11 0.14
1448 1108.833 37.8 3.19 0.10
1449 1108.915 49.8 3.18 0.14
1450 1109.417 25.6 3.23 0.24
1451 1109.519 46.1 3.25 0.24
1452 1110.017 25.6 3.23 0.15
1453 1110.553 49.8 3.18 0.19
1454 1111.147 52.3 3.29 0.15
1455 1111.372 40.1 3.10 0.27
1456 1111.642 22.5 3.22 0.21
1457 1111.751 55.5 3.15 0.23
1458 1112.157 36.1 3.04 0.11
1459 1112.393 44.1 3.11 0.11
1460 1113.011 36.1 3.08 0.04
1461 1113.786 22.5 3.07 0.03
1462 1113.953 40.1 3.20 0.04
1463 1114.519 36.4 3.06 0.15
1464 1115.499 33.8 3.20 0.04
1465 1115.557 42.4 3.18 0.04
1466 1116.776 59.4 3.09 0.10
1467 1118.684 127.7 3.01 0.35
1468 1120.960 37.8 3.04 0.18
1469 1121.862 45.8 2.99 0.09
1470 1123.708 29.6 3.06 0.25
1471 1125.794 15.4 3.08 0.01
1472 1128.016 68.3 3.09 0.00
1473 1128.787 50.6 3.15 0.05
1474 1129.071 45.8 3.18 0.02
1475 1129.221 37.8 3.19 0.03
1476 1133.122 34.7 3.16 -0.08
1477 1134.627 43.5 3.20 -0.09
1478 1134.931 35.3 3.10 -0.10
1479 1135.047 20.2 3.19 -0.09
1480 1137.505 49.8 3.26 0.28
1481 1138.242 59.4 3.11 0.38
1482 1139.300 45.8 3.22 0.29
1483 1139.898 54.6 3.25 0.26
1484 1139.983 38.7 3.31 0.18
1485 1140.546 49.8 3.31 0.19
1486 1142.591 54.6 3.16 0.25
1487 1142.949 44.1 3.25 0.28
1488 1143.611 44.9 3.45 0.16
1489 1143.765 50.6 3.40 0.10
1490 1145.663 45.8 3.28 0.06
1491 1148.509 81.9 3.10 0.10
1492 1150.220 54.6 2.96 0.06
1493 1150.813 85.0 2.96 0.06
1494 1151.233 58.6 3.05 0.27
1495 1152.974 81.9 3.24 0.31
1496 1153.114 51.5 3.08 0.27
1497 1153.350 38.7 3.14 0.18
1498 1154.206 68.3 3.05 0.23
1499 1154.435 52.3 3.17 0.20
1500 1156.323 65.7 3.23 0.26
1501 1156.613 42.7 3.22 0.29
1502 1156.657 24.7 3.23 0.26
1503 1156.736 58.6 3.23 0.33
1504 1156.893 44.9 3.32 0.27
1505 1157.087 46.6 3.29 0.22
1506 1157.227 40.1 3.12 0.33
1507 1158.524 63.4 3.25 0.26
1508 1160.040 105.2 3.14 0.22
1509 1160.204 51.5 3.29 0.16
1510 1160.347 50.6 3.22 0.19
1511 1160.931 26.5 3.21 0.17
1512 1161.006 45.8 3.26 0.10
1513 1161.146 33.0 3.16 0.03
1514 1161.740 72.2 3.25 0.12
1515 1161.818 49.8 3.21 0.22
1516 1161.941 49.8 3.37 0.14
1517 1163.258 74.0 3.28 0.06
1518 1164.088 54.6 3.18 0.03
1519 1164.231 30.4 3.25 -0.09
1520 1164.323 60.3 3.21 -0.06
1521 1164.672 46.6 3.13 -0.08
1522 1165.009 62.0 3.20 0.01
1523 1165.873 46.6 3.13 0.00
1524 1166.242 46.6 3.16 -0.10
1525 1166.979 41.0 3.29 0.01
1526 1168.153 49.8 3.24 0.13
1527 1168.634 54.6 3.10 0.14
1528 1170.488 63.4 3.15 0.04
1529 1170.836 50.6 3.27 0.10
1530 1171.208 48.1 3.23 0.19
1531 1171.399 23.3 3.25 0.19
1532 1172.222 28.2 3.32 0.10
1533 1172.720 63.4 3.39 0.24
1534 1173.447 41.0 3.38 0.17
1535 1173.546 68.3 3.29 0.19
1536 1174.799 63.4 3.40 0.02
1537 1174.980 27.3 3.38 0.09
1538 1175.714 42.7 3.34 0.01
1539 1177.250 64.3 3.24 -0.00
1540 1177.332 23.3 3.27 0.11
1541 1177.861 30.4 3.28 0.29
1542 1178.141 50.6 3.32 0.31
1543 1178.287 44.9 3.30 0.24
1544 1179.905 48.1 3.29 0.04
1545 1180.421 75.7 3.31 0.07
1546 1181.609 44.1 3.19 0.05
1547 1181.718 66.3 3.31 0.05
1548 1182.001 36.1 3.26 -0.05
1549 1183.008 46.6 3.20 0.01
1550 1183.834 45.8 3.24 -0.07
1551 1184.107 44.9 3.23 -0.01
1552 1184.493 51.5 3.32 0.15
1553 1185.083 52.9 3.30 0.07
1554 1185.916 44.9 3.30 0.11
1555 1185.978 31.3 3.25 0.12
1556 1188.582 54.6 3.10 0.04
1557 1189.729 56.3 3.03 0.08
1558 1189.787 41.0 3.00 0.08
1559 1190.838 15.4 3.11 0.10
1560 1191.046 23.3 3.11 0.20
1561 1194.337 100.4 3.06 -0.06
1562 1195.020 53.8 3.10 -0.17
1563 1195.893 45.8 3.04 -0.16
1564 1197.491 58.6 3.10 -0.14
1565 1199.798 58.6 3.14 -0.00
1566 1199.880 50.6 3.21 -0.07
1567 1200.952 72.2 3.27 -0.10
1568 1201.082 58.6 3.21 -0.07
1569 1201.658 57.2 3.17 -0.02
1570 1203.024 68.3 3.01 -0.01
1571 1203.437 38.7 3.03 0.08
1572 1203.764 54.6 3.04 -0.04
1573 1204.536 48.1 3.06 0.01
1574 1205.140 40.1 3.10 -0.06
1575 1205.468 49.8 3.13 -0.15
1576 1205.615 50.6 3.08 -0.13
1577 1205.969 66.0 3.07 -0.08
1578 1206.567 48.9 3.12 0.03
1579 1208.499 58.0 3.02 -0.02
1580 1209.591 24.2 2.93 0.09
1581 1210.595 41.8 3.08 0.03
1582 1210.752 37.0 3.13 0.00
1583 1211.004 48.9 3.10 0.05
1584 1212.544 50.6 3.07 -0.11
1585 1212.677 21.6 3.18 -0.11
1586 1213.161 48.9 3.27 -0.04
1587 1213.254 49.8 3.23 -0.05
1588 1214.209 41.0 3.23 0.06
1589 1214.349 54.6 3.28 0.03
1590 1214.404 51.8 3.23 -0.08
1591 1215.732 33.0 3.16 0.01
1592 1215.769 17.6 3.19 -0.02
1593 1216.227 49.8 3.39 0.06
1594 1216.571 59.4 3.28 0.06
1595 1216.650 41.0 3.28 -0.09
1596 1217.551 59.4 3.18 -0.05
1597 1217.855 44.9 3.21 0.01
1598 1217.913 48.1 3.24 0.06
1599 1218.510 68.3 3.32 -0.00
1600 1220.415 45.8 3.25 0.20
1601 1222.627 40.1 3.12 0.15
1602 1223.094 49.8 3.06 0.20
1603 1224.016 54.6 3.26 0.14
1604 1225.634 68.3 3.07 -0.02
1605 1225.733 47.5 3.05 0.08
1606 1226.023 72.2 3.09 0.07
1607 1226.436 45.8 3.19 0.02
1608 1227.327 49.8 3.16 0.08
1609 1227.511 63.4 3.20 0.14
1610 1229.842 44.9 3.09 0.04
1611 1230.778 45.8 3.21 -0.06
1612 1231.969 56.3 3.31 0.10
1613 1233.208 45.8 3.27 -0.04
1614 1234.071 49.8 3.22 0.07
1615 1234.372 48.4 3.24 0.13
1616 1235.645 49.8 3.33 0.23
1617 1236.819 91.6 3.43 0.07
1618 1238.625 48.9 3.26 0.13
1619 1239.232 76.2 3.36 0.18
1620 1240.847 68.3 3.29 0.05
1621 1241.140 58.6 3.39 0.08
1622 1241.362 49.8 3.30 0.07
1623 1241.530 44.9 3.31 0.06
1624 1241.943 39.3 3.28 0.04
1625 1243.291 44.9 3.25 0.01
1626 1243.892 34.4 3.26 0.08
1627 1245.233 44.9 3.19 0.16
1628 1246.052 48.1 3.36 0.29
1629 1246.895 35.3 3.30 0.27
1630 1247.343 44.9 3.27 0.26
1631 1247.680 54.6 3.29 0.23
1632 1248.182 39.3 3.27 0.21
1633 1249.517 40.1 3.32 0.30
1634 1249.626 54.6 3.20 0.23
1635 1249.797 25.0 3.18 0.34
1636 1250.906 41.0 3.27 0.13
1637 1251.005 68.3 3.15 0.15
1638 1252.155 55.5 3.23 0.11
1639 1252.309 50.6 3.20 0.17
1640 1253.715 58.6 3.08 0.15
1641 1253.824 45.8 3.19 0.30
1642 1256.500 49.8 3.32 0.12
1643 1256.559 50.1 3.27 0.29
1644 1257.408 81.9 3.39 0.16
1645 1257.518 38.7 3.27 0.30
1646 1257.596 31.6 3.31 0.22
1647 1259.572 45.8 3.22 0.17
1648 1259.685 47.5 3.13 0.17
1649 1259.900 52.9 3.12 0.24
1650 1260.139 38.7 3.12 0.21
1651 1261.463 43.2 2.93 0.16
1652 1262.508 29.6 3.08 0.33
1653 1263.904 41.5 3.27 0.28
1654 1264.805 25.6 3.30 0.09
1655 1265.795 70.5 3.32 0.16
1656 1268.000 77.1 3.26 0.01
1657 1269.263 63.4 3.17 0.24
1658 1270.430 61.7 3.20 0.20
1659 1271.499 34.4 3.45 0.15
1660 1272.164 49.8 3.36 0.15
1661 1273.823 81.9 3.14 0.16
1662 1275.448 54.6 3.30 0.18
1663 1276.284 29.0 3.21 0.17
1664 1277.114 44.1 3.40 0.22
1665 1277.807 41.0 3.47 0.01
1666 1280.981 63.4 3.17 0.21
1667 1281.131 41.0 3.14 0.22
1668 1281.851 51.5 3.23 0.16
1669 1288.388 35.3 3.21 0.28
1670 1290.337 25.6 2.96 0.14
1671 1290.985 19.3 3.04 0.10
1672 1291.037 41.5 2.94 0.10
1673 1291.381 45.8 2.93 0.19
1674 1291.460 37.0 2.94 0.10
1675 1291.709 74.0 2.98 0.15
1676 1291.917 58.6 2.95 0.03
1677 1292.081 33.8 2.84 0.14
1678 1292.634 44.9 2.93 0.30
1679 1294.467 27.3 3.17 0.24
1680 1294.832 136.5 3.21 0.22
1681 1296.047 44.1 3.25 0.22
1682 1296.607 50.6 3.43 0.33
1683 1297.215 53.8 3.42 0.28
1684 1298.314 126.9 3.27 0.35
1685 1298.826 50.6 3.26 0.39
1686 1301.290 39.3 3.14 0.30
1687 1301.939 77.9 2.97 0.34
1688 1302.417 37.5 3.02 0.35
1689 1302.608 45.8 3.04 0.35
1690 1302.703 58.6 2.92 0.32
1691 1303.243 52.9 3.09 0.16
1692 1303.823 25.6 3.09 0.15
1693 1304.803 63.4 3.19 0.05
1694 1305.673 49.8 3.08 0.36
1695 1309.025 66.0 3.12 0.16
1696 1311.158 55.5 3.11 0.27
1697 1311.206 24.2 2.93 0.15
1698 1312.872 48.1 2.96 0.34
1699 1313.264 20.2 3.07 0.39
1700 1313.537 44.1 3.03 0.41
1701 1314.193 41.8 3.10 0.37
1702 1314.510 37.8 3.04 0.46
1703 1315.206 77.9 3.22 0.54
1704 1315.398 31.3 3.11 0.24
1705 1315.456 48.9 3.05 0.18
1706 1316.309 86.5 2.95 0.17
1707 1316.558 37.5 3.17 0.20
1708 1316.957 73.1 3.08 0.23
1709 1317.575 62.6 3.10 0.21
1710 1317.684 52.3 3.14 0.21
1711 1318.548 15.6 3.24 0.30
1712 1319.118 25.6 3.04 0.34
1713 1320.139 50.6 3.11 0.24
1714 1320.685 22.5 3.09 0.30
1715 1320.774 44.9 3.06 0.27
1716 1322.071 35.3 3.07 0.31
1717 1322.938 38.7 3.04 0.37
1718 1323.323 47.5 3.12 0.22
1719 1323.433 66.3 3.06 0.22
1720 1324.183 49.8 3.10 0.16
1721 1324.620 48.1 3.10 -0.06
1722 1324.713 59.4 3.00 0.04
1723 1324.873 39.3 2.92 0.21
1724 1324.999 54.6 2.89 0.33
1725 1325.320 44.9 2.95 0.22
1726 1325.576 52.9 2.91 0.25
1727 1326.092 48.1 2.85 0.20
1728 1327.426 63.4 2.87 0.34
1729 1329.628 41.0 3.19 0.26
1730 1329.734 44.4 2.91 0.26
1731 1330.996 50.6 3.12 0.33
1732 1331.119 24.7 3.14 0.21
1733 1331.174 27.3 3.07 0.21
1734 1331.706 49.8 3.32 0.22
1735 1331.843 57.7 3.42 0.16
1736 1334.406 45.8 3.28 0.36
1737 1334.625 46.4 3.32 0.26
1738 1335.048 22.5 3.20 0.32
1739 1335.308 41.0 3.18 0.26
1740 1335.482 44.9 3.19 0.27
1741 1335.881 58.6 3.29 0.26
1742 1336.076 48.9 3.08 0.28
1743 1336.550 22.5 3.20 0.35
1744 1337.246 57.7 2.94 0.30
1745 1337.813 31.3 3.15 0.29
1746 1338.127 68.3 3.18 0.27
1747 1338.321 63.7 3.12 0.29
1748 1338.673 34.1 3.13 0.26
1749 1338.765 54.6 3.21 0.24
1750 1339.267 37.0 3.11 0.21
1751 1339.393 33.8 3.26 0.30
1752 1339.492 43.2 3.24 0.30
1753 1340.127 58.6 3.14 0.29
1754 1340.298 34.4 3.07 0.25
1755 1340.369 40.4 3.11 0.25
1756 1341.178 44.9 2.97 0.20
1757 1342.557 83.6 3.14 0.23
1758 1344.950 59.4 3.08 0.39
1759 1345.500 61.7 2.99 0.29
1760 1345.578 66.8 3.06 0.29
1761 1345.769 49.8 2.96 0.40
1762 1345.916 50.6 3.04 0.44
1763 1346.094 53.8 3.05 0.40
1764 1346.428 33.0 3.02 0.35
1765 1346.565 54.6 3.00 0.41
1766 1346.797 31.3 2.87 0.40
1767 1347.005 64.3 2.86 0.37
1768 1347.148 54.9 2.94 0.37
1769 1347.544 51.5 2.89 0.26
1770 1347.892 45.8 2.87 0.34
1771 1348.026 44.9 2.91 0.31
1772 1348.268 31.3 2.91 0.34
1773 1348.497 90.7 2.96 0.23
1774 1348.886 55.5 2.93 0.31
1775 1349.244 43.5 2.85 0.14
1776 1349.585 40.7 2.94 0.25
1777 1350.152 40.1 2.93 0.36
1778 1351.425 45.8 2.87 0.40
1779 1351.490 62.6 2.84 0.39
1780 1351.535 16.8 2.98 0.41
1781 1352.907 45.8 2.90 0.24
1782 1354.248 41.8 2.82 0.26
1783 1354.436 85.9 2.82 0.27
1784 1355.166 44.9 2.91 0.31
1785 1357.924 47.5 2.91 -0.09
1786 1358.511 43.2 2.99 0.09
1787 1359.474 39.3 3.05 0.15
1788 1360.559 41.0 3.05 0.17
1789 1363.130 28.2 2.69 0.29
1790 1365.942 27.3 2.94 0.18
1791 1366.301 77.9 2.97 0.16
1792 1366.417 69.1 2.94 0.12
1793 1367.639 29.0 3.10 0.20
1794 1368.594 41.0 3.00 -0.07
1795 1369.758 21.6 3.00 0.04
1796 1370.741 49.8 3.12 0.21
1797 1371.622 54.6 3.03 0.24
1798 1372.257 49.8 3.00 0.06
1799 1374.045 74.0 3.11 -0.13
1800 1374.117 43.2 3.03 -0.20
1801 1374.202 47.5 3.04 -0.24
1802 1374.923 46.6 2.99 0.07
1803 1377.414 63.7 2.89 0.20
1804 1377.950 77.9 3.01 0.18
1805 1378.001 43.8 3.02 0.18
1806 1378.356 58.6 2.92 0.04
1807 1379.066 68.3 2.89 0.15
1808 1381.114 19.3 3.00 -0.06
1809 1381.657 54.6 3.13 0.14
1810 1382.360 30.4 3.10 0.17
1811 1384.118 50.6 2.97 -0.06
1812 1385.374 45.8 2.88 0.01
1813 1387.136 45.8 3.04 0.10
1814 1387.603 59.4 3.19 0.23
1815 1389.559 18.5 3.12 0.23
1816 1391.354 45.8 3.01 0.21
1817 1391.631 23.3 3.03 0.25
1818 1392.201 50.6 2.91 0.18
1819 1392.634 33.8 3.08 0.24
1820 1393.908 50.6 2.87 0.07
1821 1393.996 52.9 2.95 0.08
1822 1394.959 48.9 2.88 0.02
1823 1396.372 49.8 3.06 0.35
1824 1396.532 49.8 2.94 0.20
1825 1396.618 47.2 2.85 0.20
1826 1397.154 34.4 2.99 0.44
1827 1397.399 70.3 3.03 0.35
1828 1397.529 49.8 3.00 0.35
1829 1397.635 36.1 2.97 0.31
1830 1397.799 42.7 2.97 0.30
1831 1397.939 25.6 3.04 0.24
1832 1398.185 41.0 3.10 0.35
1833 1398.290 63.4 2.94 0.32
1834 1398.836 52.6 2.99 0.47
1835 1399.977 46.6 3.11 0.13
1836 1400.035 46.6 3.13 0.13
1837 1400.311 26.5 3.11 0.16
1838 1400.765 52.9 3.02 -0.01
1839 1401.041 27.3 3.07 0.14
1840 1401.072 46.1 3.04 0.17
1841 1401.434 20.8 3.07 -0.03
1842 1402.386 33.0 3.03 0.01
1843 1403.584 49.8 3.15 0.16
1844 1403.639 17.6 3.34 0.17
1845 1404.612 41.0 3.25 0.12
1846 1404.670 41.0 3.22 0.12
1847 1406.185 46.6 3.06 0.07
1848 1408.141 40.1 3.05 0.23
1849 1409.916 40.1 3.01 0.20
1850 1410.237 59.4 3.01 0.26
1851 1410.285 52.9 3.03 0.20
1852 1410.602 65.7 3.08 0.15
1853 1410.773 67.4 3.01 0.14
1854 1410.892 74.5 3.15 0.04
1855 1411.991 39.3 3.23 0.02
1856 1413.906 65.7 3.19 0.10
1857 1414.702 45.8 3.29 0.14
1858 1415.005 31.3 3.25 0.09
1859 1415.234 30.4 3.23 0.08
1860 1416.866 28.2 3.04 0.26
1861 1416.893 19.6 3.17 0.26
1862 1418.170 54.6 3.11 0.23
1863 1418.228 43.5 3.04 0.23
1864 1418.395 54.6 3.09 0.22
1865 1419.968 26.5 2.95 0.20
1866 1421.706 58.6 3.09 -0.03
1867 1422.235 23.3 3.17 0.23
1868 1422.283 34.4 3.15 0.23
1869 1422.371 41.8 3.00 0.04
1870 1422.941 37.5 3.16 0.18
1871 1424.129 21.6 3.15 0.24
1872 1424.204 51.5 3.08 0.19
1873 1424.293 62.3 3.09 0.26
1874 1424.563 50.6 3.10 0.21
1875 1424.631 29.9 3.20 0.29
1876 1424.675 47.8 3.13 0.26
1877 1426.478 44.9 2.96 0.25
1878 1426.826 45.8 2.91 0.21
1879 1427.082 33.8 3.09 0.29
1880 1427.150 57.7 3.04 0.27
1881 1427.508 37.0 3.09 0.14
1882 1427.580 41.0 3.12 0.09
1883 1428.669 78.8 3.03 -0.02
1884 1429.143 61.7 3.06 0.02
1885 1429.785 58.6 3.09 0.02
1886 1430.225 43.2 2.86 -0.03
1887 1430.915 77.1 3.17 -0.06
1888 1431.092 54.6 3.20 -0.00
1889 1431.758 37.8 3.22 0.09
1890 1432.052 47.5 3.13 0.04
1891 1432.195 44.9 3.06 -0.05
1892 1432.912 64.3 2.99 -0.11
1893 1432.980 37.8 2.94 -0.15
1894 1433.366 54.6 2.94 -0.21
1895 1433.666 59.4 3.06 -0.23
1896 1433.936 34.4 2.89 -0.18
1897 1434.192 44.1 3.06 -0.13
1898 1434.369 54.6 3.11 -0.01
1899 1434.636 63.4 3.21 -0.03
1900 1435.390 37.8 3.07 -0.11
1901 1435.656 39.3 3.20 -0.01
1902 1437.520 40.1 2.90 -0.16
1903 1438.431 58.6 2.94 -0.12
1904 1439.237 68.3 2.95 -0.02
1905 1439.940 54.6 3.03 -0.08
1906 1441.090 45.8 3.31 0.01
1907 1441.660 44.9 3.21 0.09
1908 1442.418 48.9 3.21 0.13
1909 1442.752 56.9 3.23 0.10
1910 1442.834 44.9 3.25 0.07
1911 1443.135 55.5 3.24 0.05
1912 1445.053 42.7 3.06 0.17
1913 1445.548 44.1 3.24 0.19
1914 1446.285 41.0 3.18 0.15
1915 1448.391 44.9 3.12 0.13
1916 1449.504 50.6 2.94 0.15
1917 1450.050 63.4 3.12 0.23
1918 1450.470 30.4 3.03 0.17
1919 1450.641 59.4 3.08 0.10
1920 1451.566 32.1 3.11 0.04
1921 1451.607 28.7 3.13 0.04
1922 1453.136 56.9 3.18 0.11
1923 1453.463 41.8 3.01 0.16
1924 1453.989 59.4 3.09 0.04
1925 1455.491 49.8 2.89 -0.04
1926 1455.856 32.4 3.04 -0.18
1927 1456.887 48.9 2.89 -0.09
1928 1456.959 53.2 3.00 -0.09
1929 1457.228 45.8 3.06 0.00
1930 1458.205 22.5 3.14 0.04
1931 1458.252 22.5 3.14 0.04
1932 1460.713 73.1 3.14 0.06
1933 1460.788 12.8 3.15 0.09
1934 1462.352 21.3 3.00 -0.01
1935 1465.489 54.6 2.84 -0.22
1936 1466.410 31.3 2.76 -0.09
1937 1468.455 22.5 2.94 -0.18
1938 1469.513 37.0 2.94 0.04
1939 1469.544 22.5 3.03 0.04
1940 1470.397 34.4 3.10 -0.05
1941 1471.254 58.6 3.05 -0.03
1942 1471.738 40.1 3.02 0.12
1943 1473.346 49.8 3.13 0.39
1944 1475.657 42.7 2.88 0.31
1945 1476.118 37.0 3.05 0.22
1946 1476.251 73.1 3.11 0.24
1947 1476.422 26.2 3.12 0.26
1948 1476.483 47.5 3.03 0.26
1949 1476.705 61.2 2.88 0.16
1950 1477.043 85.0 2.79 0.19
1951 1477.596 31.3 2.95 0.24
1952 1477.923 49.8 2.74 0.18
1953 1478.012 45.5 2.76 0.18
1954 1478.152 30.4 2.91 0.04
1955 1479.545 68.3 2.87 0.00
1956 1480.197 42.7 2.86 0.00
1957 1480.354 44.9 2.84 0.04
1958 1481.316 54.6 2.79 0.16
1959 1481.487 57.7 2.82 0.15
1960 1481.903 80.2 2.75 0.14
1961 1482.095 45.8 2.84 0.14
1962 1482.668 35.3 2.88 0.06
1963 1482.804 38.7 2.85 0.15
1964 1483.982 29.9 2.96 0.03
1965 1484.013 11.9 3.14 0.06
1966 1484.214 36.1 2.92 0.13
1967 1484.955 42.7 2.99 0.03
1968 1486.436 77.9 3.13 -0.12
1969 1487.040 52.9 3.07 -0.05
1970 1488.286 46.6 3.09 -0.07
1971 1488.433 41.0 3.06 0.05
1972 1489.034 49.8 3.09 0.16
1973 1489.536 29.0 3.03 0.07
1974 1489.740 48.1 3.00 0.14
1975 1489.785 21.6 3.01 0.12
1976 1489.873 41.0 2.95 0.15
1977 1489.918 21.0 3.07 0.10
1978 1490.119 33.0 2.97 0.10
1979 1491.317 44.9 3.00 0.12
1980 1492.515 12.8 3.05 -0.02
1981 1493.382 45.8 2.96 0.16
1982 1493.782 44.4 2.92 0.14
1983 1493.836 25.6 2.91 0.14
1984 1494.307 54.6 2.87 0.17
1985 1497.519 44.9 3.14 -0.15
1986 1499.175 15.9 3.28 -0.06
1987 1499.274 33.0 3.43 -0.12
1988 1499.724 25.6 3.41 -0.09
1989 1500.298 31.3 3.17 -0.26
1990 1500.342 38.1 3.21 -0.15
1991 1501.807 37.8 3.30 0.02
1992 1502.643 40.1 3.41 -0.10
1993 1503.909 34.4 3.23 0.01
1994 1504.926 48.1 3.22 -0.00
1995 1507.077 51.5 3.11 -0.03
1996 1508.660 33.8 3.15 -0.13
1997 1509.282 32.1 3.17 -0.12
1998 1509.367 24.2 3.11 -0.02
1999 1510.698 50.6 3.10 -0.06
2000 1511.019 49.8 3.14 -0.13
