1 0.056 44.1 3.11 0.29
2 0.445 53.8 3.37 0.36
3 1.076 50.6 3.17 0.34
4 1.394 48.1 3.20 0.26
5 1.667 141.4 3.12 0.15
6 2.210 68.3 3.17 0.13
7 2.998 44.1 3.21 0.26
8 3.439 87.6 3.24 -0.00
9 4.524 50.6 3.08 -0.02
10 5.712 47.5 3.26 -0.01
11 5.835 68.3 3.15 0.07
12 6.579 66.6 3.09 0.13
13 6.770 41.0 3.04 0.11
14 6.883 28.2 2.96 0.10
15 7.514 23.3 3.09 0.00
16 7.610 36.1 3.10 -0.10
17 8.224 29.6 3.00 0.15
18 8.480 60.3 3.03 -0.01
19 8.849 39.0 2.96 0.01
20 8.989 59.4 2.86 0.01
21 9.081 64.6 2.88 0.01
22 9.490 37.0 3.13 0.10
23 9.565 34.4 3.12 0.10
24 9.647 38.4 3.18 0.11
25 9.808 77.1 3.08 0.00
26 9.961 151.9 3.09 0.08
27 10.856 41.0 3.21 0.03
28 10.914 51.5 3.05 0.14
29 12.228 32.1 3.13 0.06
30 13.580 37.8 3.01 0.12
31 13.644 34.4 2.92 0.16
32 14.286 17.6 3.03 0.23
33 14.921 50.6 2.90 0.16
34 15.672 72.0 2.87 0.02
35 16.396 23.3 2.95 -0.16
36 16.433 30.4 3.01 -0.15
37 16.488 33.0 2.92 -0.16
38 16.812 52.3 2.95 -0.11
39 17.112 64.3 2.93 -0.03
40 17.280 81.1 2.94 -0.16
41 18.338 71.4 2.99 -0.09
42 18.440 37.8 3.03 -0.06
43 18.481 52.6 3.07 -0.16
44 20.031 37.8 2.98 0.10
45 20.321 59.4 2.97 0.08
46 21.389 26.5 2.77 0.02
47 22.133 48.1 3.13 0.07
48 23.430 44.1 3.19 -0.03
49 24.035 59.4 3.05 -0.15
50 24.427 25.6 3.01 -0.14
51 25.424 86.8 2.94 -0.15
52 25.823 59.4 2.88 -0.10
53 25.922 52.6 3.00 -0.10
54 26.137 26.7 3.02 0.00
55 26.171 31.6 2.86 0.02
56 26.765 49.8 3.12 -0.08
57 27.496 54.6 3.14 0.09
58 27.694 36.1 3.14 0.20
59 28.680 87.6 2.97 0.25
60 29.465 64.3 2.87 -0.08
61 29.547 31.3 2.95 -0.11
62 29.718 61.7 2.94 -0.01
63 31.407 81.9 3.02 0.14
64 31.578 63.4 3.03 0.01
65 31.704 37.8 2.98 0.02
66 32.353 33.8 3.10 0.05
67 32.387 17.6 3.11 0.03
68 33.380 58.6 3.23 -0.03
69 34.394 51.5 3.11 -0.10
70 34.671 90.7 3.04 -0.09
71 34.804 57.7 3.13 -0.09
72 36.155 47.5 3.20 -0.02
73 36.213 48.4 3.21 -0.02
74 36.807 20.8 3.15 0.22
75 37.773 23.3 3.25 0.21
76 37.804 23.3 3.25 0.21
77 39.374 50.6 3.11 0.25
78 39.453 73.1 3.18 0.24
79 39.627 52.6 3.11 0.24
80 40.350 24.2 3.21 0.30
81 40.374 16.8 3.23 0.29
82 41.268 48.9 3.20 0.24
83 41.528 61.2 3.13 0.32
84 41.763 45.5 3.02 0.21
85 42.077 63.4 3.16 0.23
86 45.276 33.0 3.31 0.38
87 45.368 43.2 3.12 0.38
88 45.644 37.8 3.19 0.44
89 46.658 25.0 3.12 0.55
90 47.785 25.6 2.93 0.30
91 48.454 41.0 3.11 0.44
92 49.174 50.6 3.01 0.32
93 49.259 45.8 3.11 0.35
94 49.880 54.6 3.06 0.37
95 50.403 33.8 2.87 0.28
96 50.761 66.0 2.82 0.30
97 51.017 73.1 2.92 0.32
98 51.457 61.2 2.83 0.40
99 51.597 41.0 2.89 0.36
100 51.754 46.6 2.86 0.25
101 51.833 72.2 2.90 0.30
102 51.939 49.8 2.96 0.24
103 52.328 45.8 3.04 0.20
104 53.031 78.8 2.91 0.27
105 53.488 54.6 2.95 0.23
106 53.700 34.4 2.93 0.21
107 53.949 36.1 2.91 0.25
108 54.444 48.9 3.01 0.12
109 54.912 43.2 2.93 0.12
110 55.219 44.9 2.98 0.35
111 55.581 52.3 3.08 0.24
112 55.942 27.3 3.17 0.36
113 57.308 37.0 3.15 0.45
114 58.325 56.3 3.21 0.48
115 58.369 13.7 3.13 0.48
116 59.011 59.7 3.12 0.51
117 59.649 41.8 3.17 0.47
118 59.953 54.0 3.00 0.43
119 60.298 91.6 3.02 0.48
120 60.851 50.6 2.97 0.41
121 62.086 59.4 2.85 0.53
122 62.387 52.9 3.07 0.35
123 64.059 54.6 3.22 0.40
124 66.094 43.2 2.99 0.25
125 66.824 86.8 3.01 0.48
126 67.817 68.3 2.84 0.41
127 68.804 59.4 3.23 0.40
128 71.429 44.9 3.04 0.38
129 72.610 47.5 3.03 0.40
130 72.989 31.3 3.18 0.51
131 73.849 48.4 3.23 0.69
132 75.125 40.1 3.21 0.42
133 76.470 100.4 3.16 0.53
134 76.600 64.3 3.06 0.55
135 76.740 45.8 2.99 0.56
136 77.047 88.5 3.04 0.52
137 77.996 37.8 3.12 0.68
138 78.713 45.8 3.09 0.35
139 79.088 58.3 3.13 0.41
140 79.573 74.0 3.06 0.47
141 79.750 33.0 3.28 0.34
142 80.198 35.3 3.21 0.33
143 81.594 35.3 3.25 0.44
144 82.379 45.8 3.29 0.41
145 82.536 47.5 3.10 0.55
146 84.628 49.8 3.31 0.39
147 84.799 63.4 3.21 0.37
148 84.956 37.0 3.24 0.35
149 85.765 47.2 3.17 0.38
150 87.308 45.8 3.11 0.30
151 88.151 29.6 3.00 0.44
152 89.386 39.3 3.12 0.30
153 89.581 86.8 3.22 0.25
154 90.028 93.9 3.19 0.28
155 90.659 68.3 3.01 0.31
156 90.735 36.1 3.03 0.29
157 91.503 50.6 3.16 0.34
158 91.820 24.7 3.23 0.36
159 91.974 59.4 3.24 0.27
160 93.786 41.0 3.16 0.19
161 93.865 41.0 3.12 0.23
162 94.544 54.6 3.40 0.24
163 94.721 54.6 3.28 0.22
164 95.841 34.4 3.46 0.25
165 95.916 37.0 3.45 0.27
166 96.810 42.7 3.45 0.33
167 96.875 58.9 3.48 0.33
168 97.476 41.0 3.52 0.29
169 97.885 67.4 3.47 0.35
170 98.128 33.8 3.43 0.27
171 98.312 45.8 3.47 0.38
172 98.933 49.8 3.49 0.43
173 101.022 65.1 3.42 0.22
174 101.193 44.9 3.37 0.20
175 101.271 44.9 3.37 0.27
176 101.620 63.7 3.32 0.21
177 101.708 48.9 3.30 0.28
178 101.971 44.1 3.32 0.20
179 103.125 61.7 3.24 0.28
180 103.210 52.3 3.27 0.22
181 103.736 45.8 3.02 0.30
182 104.227 70.0 3.25 0.20
183 104.309 33.0 3.07 0.24
184 104.371 39.0 3.16 0.21
185 104.415 69.1 3.10 0.18
186 104.531 61.7 3.13 0.09
187 104.975 47.5 3.28 0.14
188 105.425 47.5 3.20 0.13
189 105.975 45.8 3.19 0.18
190 106.883 49.8 3.09 0.12
191 107.105 34.4 3.03 0.18
192 107.323 37.8 3.13 0.32
193 107.446 49.8 3.24 0.29
194 107.822 37.8 3.24 0.34
195 107.859 21.6 3.25 0.32
196 108.347 43.5 3.24 0.34
197 108.965 63.4 3.22 0.48
198 109.392 52.9 3.27 0.35
199 110.341 54.6 3.18 0.33
200 111.505 30.4 3.06 0.42
201 112.191 80.2 3.23 0.41
202 113.177 70.0 3.02 0.35
203 113.553 52.9 3.10 0.40
204 113.833 49.8 3.01 0.46
205 114.065 72.2 2.97 0.50
206 114.799 29.0 2.94 0.47
207 115.932 33.0 3.06 0.53
208 117.171 54.6 2.86 0.49
209 117.949 58.6 3.15 0.25
210 118.260 39.3 3.17 0.31
211 118.574 63.4 3.19 0.30
212 118.973 19.3 3.30 0.19
213 119.096 26.5 3.29 0.19
214 119.321 41.0 3.23 0.19
215 119.642 52.9 3.17 0.40
216 119.686 26.5 3.14 0.35
217 120.468 44.9 3.20 0.41
218 123.072 32.1 3.12 0.11
219 125.189 49.8 3.05 0.17
220 125.264 36.1 3.14 0.19
221 125.527 58.6 3.00 0.26
222 126.059 33.0 3.14 0.41
223 126.189 46.6 3.12 0.28
224 127.199 49.8 3.05 0.34
225 127.322 79.6 2.97 0.34
226 130.128 63.4 2.94 0.26
227 130.991 77.9 3.06 0.23
228 131.322 40.1 2.91 0.24
229 132.207 59.4 2.72 0.23
230 132.613 52.9 2.86 0.35
231 133.620 23.3 2.88 0.16
232 134.101 38.7 2.90 0.36
233 135.173 55.5 2.97 0.21
234 135.333 43.2 3.04 0.28
235 135.558 44.9 2.89 0.24
236 135.787 68.3 3.06 0.19
237 135.999 25.6 3.05 0.11
238 137.207 54.6 3.22 0.05
239 137.282 53.8 3.21 0.08
240 137.634 54.6 3.04 0.11
241 139.064 42.7 2.91 -0.02
242 140.248 40.1 3.12 0.26
243 140.453 60.3 3.00 0.23
244 140.600 81.9 3.03 0.22
245 140.747 26.5 2.93 0.24
246 141.033 54.6 2.87 0.20
247 141.112 45.5 2.91 0.11
248 141.597 48.1 2.91 0.25
249 142.163 20.2 2.95 0.16
250 143.105 11.9 2.89 0.28
251 143.344 50.6 2.87 0.03
252 143.655 100.4 2.87 0.39
253 144.160 37.8 2.96 0.28
254 145.112 40.1 3.05 0.05
255 145.344 41.0 3.05 0.17
256 145.621 48.9 3.04 0.13
257 146.167 44.1 3.07 0.00
258 148.553 37.0 3.13 0.12
259 149.546 51.5 3.10 0.15
260 150.133 49.8 3.13 0.15
261 150.468 54.6 3.10 0.19
262 150.973 46.4 3.08 0.09
263 151.263 54.6 3.09 -0.00
264 151.611 37.8 3.08 0.03
265 152.461 51.5 3.33 0.02
266 153.072 49.8 3.18 0.07
267 153.400 35.3 3.25 0.12
268 153.451 45.2 3.24 0.01
269 153.912 41.0 3.16 0.02
270 153.994 50.6 3.21 -0.09
271 154.690 50.6 3.11 0.11
272 154.857 57.2 3.14 0.05
273 155.069 37.8 3.16 0.03
274 155.216 37.8 3.12 -0.01
275 156.827 68.3 2.97 0.12
276 157.687 70.0 2.96 0.07
277 158.066 48.9 2.99 0.09
278 158.301 53.8 2.96 0.19
279 158.581 60.3 3.05 0.12
280 159.226 59.4 3.04 0.19
281 159.745 49.8 2.95 0.22
282 159.855 72.8 2.99 0.22
283 160.295 111.5 2.94 0.15
284 161.602 57.2 3.21 0.00
285 162.138 77.1 3.06 0.20
286 163.183 54.6 3.10 0.14
287 163.459 49.8 3.01 0.01
288 163.592 56.9 3.04 0.01
289 163.814 41.2 3.02 0.09
290 163.971 60.3 3.10 0.16
291 165.114 63.4 3.15 0.01
292 165.196 49.8 3.18 0.06
293 165.906 45.8 3.19 -0.03
294 166.787 33.8 3.19 -0.05
295 166.978 94.4 3.13 -0.02
296 167.593 65.7 2.98 0.08
297 167.763 31.3 3.01 0.00
298 169.207 40.4 3.06 0.32
299 169.743 36.1 2.99 0.42
300 169.821 59.4 2.93 0.38
301 170.214 38.7 3.05 0.36
302 170.525 45.8 3.08 0.34
303 170.589 44.1 2.98 0.37
304 170.900 59.4 3.05 0.39
305 171.190 37.8 2.99 0.34
306 171.456 69.1 3.06 0.33
307 171.931 24.2 3.02 0.42
308 171.972 27.6 3.11 0.44
309 172.238 36.1 3.08 0.38
310 172.747 72.8 3.05 0.36
311 172.982 63.4 3.01 0.30
312 173.364 71.4 3.09 0.37
313 173.774 38.4 3.08 0.33
314 173.917 77.1 3.12 0.33
315 174.965 54.6 2.95 0.29
316 175.064 40.1 3.03 0.29
317 175.515 86.8 2.80 0.22
318 175.617 58.6 2.87 0.22
319 176.580 33.0 2.75 0.30
320 177.536 86.2 3.00 0.08
321 178.191 33.8 2.99 0.28
322 178.246 37.8 2.91 0.37
323 180.058 40.1 3.23 0.37
324 180.113 40.1 3.18 0.37
325 180.184 49.8 3.11 0.55
326 180.335 30.4 3.03 0.36
327 180.495 45.8 3.15 0.31
328 180.877 73.1 3.15 0.35
329 180.986 41.0 3.15 0.32
330 181.147 45.8 3.13 0.26
331 181.434 54.0 3.19 0.39
332 181.498 46.1 3.18 0.35
333 181.768 56.3 3.24 0.18
334 182.253 23.9 3.19 0.17
335 183.021 17.6 3.16 0.14
336 183.304 46.6 3.10 0.14
337 183.396 36.1 3.06 0.22
338 184.867 74.0 2.98 0.01
339 185.059 49.8 3.05 0.01
340 185.178 50.6 3.09 -0.03
341 185.581 42.7 2.98 0.11
342 186.171 61.7 3.03 0.08
343 186.506 44.9 2.92 0.11
344 187.697 53.8 2.86 0.35
345 188.100 50.6 2.77 0.31
346 188.376 37.8 2.68 0.26
347 188.520 35.3 2.78 0.41
348 188.902 54.6 2.79 0.44
349 188.963 40.1 2.80 0.40
350 189.431 49.8 2.83 0.47
351 189.772 68.3 2.82 0.37
352 190.025 51.8 2.89 0.33
353 190.762 41.0 3.15 0.44
354 192.281 49.8 3.10 0.19
355 193.312 43.0 3.04 0.11
356 194.415 43.2 3.04 -0.11
357 195.636 32.1 2.87 -0.25
358 196.179 27.3 2.87 -0.10
359 196.360 58.6 2.81 -0.07
360 197.149 67.4 2.90 -0.15
361 197.207 39.3 3.04 -0.04
362 198.408 50.6 3.06 -0.06
363 198.688 49.8 3.03 -0.03
364 198.767 41.8 2.99 -0.03
365 199.145 45.8 3.11 0.06
366 200.309 62.0 3.10 0.16
367 200.951 59.4 3.03 0.09
368 201.135 67.4 2.98 0.06
369 201.934 50.6 3.05 0.16
370 202.033 54.6 2.94 0.17
371 203.299 58.6 3.08 0.07
372 203.750 48.9 3.12 -0.07
373 204.518 46.6 3.16 0.21
374 206.426 41.0 3.07 0.31
375 206.808 45.8 3.06 0.42
376 207.133 33.0 3.16 0.36
377 207.215 18.5 3.27 0.34
378 207.334 32.1 3.27 0.18
379 207.914 37.8 3.04 0.31
380 208.273 59.4 3.23 0.24
381 208.607 15.9 3.04 0.28
382 209.133 59.4 2.87 0.35
383 210.061 54.6 3.19 0.42
384 210.710 42.7 3.10 0.34
385 211.358 72.2 2.99 0.35
386 211.430 48.1 3.05 0.40
387 211.918 41.0 2.96 0.32
388 213.365 59.4 2.96 0.31
389 213.567 47.5 3.07 0.39
390 213.925 51.8 3.08 0.29
391 214.109 50.6 3.18 0.27
392 214.550 29.6 3.00 0.32
393 214.611 19.3 3.09 0.32
394 215.601 41.5 3.20 0.37
395 216.260 54.6 3.05 0.37
396 216.806 52.9 3.15 0.41
397 216.902 26.5 3.08 0.33
398 216.970 53.8 3.19 0.27
399 217.973 53.8 3.19 0.37
400 218.079 36.1 3.20 0.37
401 218.124 33.6 3.15 0.28
402 218.615 36.1 3.27 0.31
403 219.117 48.9 3.36 0.46
404 219.533 59.4 3.22 0.39
405 220.151 47.5 3.27 0.58
406 220.666 43.2 3.19 0.48
407 221.619 54.6 3.18 0.36
408 222.049 44.9 3.11 0.41
409 223.807 52.1 2.75 -0.09
410 224.285 60.3 2.68 -0.02
411 225.612 49.8 2.87 0.11
412 225.978 59.4 2.96 0.09
413 226.954 61.2 2.84 0.09
414 227.043 47.5 2.91 0.12
415 227.845 56.3 2.93 0.08
416 228.664 55.2 3.04 0.11
417 228.753 38.4 3.05 0.12
418 229.114 58.6 2.96 0.08
419 230.842 39.3 2.90 -0.08
420 231.350 63.4 2.77 0.19
421 231.538 66.6 2.95 0.19
422 231.654 50.6 2.81 0.09
423 231.876 83.6 3.01 0.18
424 232.207 39.3 2.90 0.24
425 233.309 45.8 2.99 0.16
426 233.743 49.8 2.99 0.06
427 234.501 42.7 3.05 0.19
428 235.641 45.8 2.87 0.25
429 235.781 31.3 2.99 0.23
430 237.460 23.6 3.07 0.03
431 238.723 49.8 2.91 0.11
432 238.842 55.5 2.89 0.08
433 240.003 61.2 3.01 0.27
434 240.675 54.6 3.02 0.12
435 240.908 100.4 3.03 0.07
436 241.686 63.4 3.03 -0.05
437 241.928 54.6 2.88 0.00
438 242.307 33.0 2.94 -0.05
439 242.614 73.1 2.97 -0.01
440 242.850 61.2 3.05 -0.03
441 243.795 67.4 3.00 -0.02
442 244.502 77.9 2.98 0.12
443 244.748 52.3 2.97 0.01
444 245.457 73.1 3.04 0.12
445 245.891 45.8 2.88 -0.02
446 246.505 27.3 3.02 -0.01
447 246.761 41.0 3.07 -0.04
448 248.079 63.4 3.01 0.15
449 248.444 53.8 3.07 0.12
450 249.188 67.4 3.19 -0.04
451 249.516 29.0 3.11 0.03
452 251.718 46.6 3.31 0.12
453 251.857 41.8 3.35 0.15
454 252.038 40.1 3.22 0.14
455 252.581 48.1 3.31 0.24
456 252.701 81.1 3.24 0.23
457 253.858 41.8 3.39 0.13
458 254.127 57.7 3.27 0.13
459 254.571 54.6 3.21 0.02
460 254.759 68.3 3.25 0.03
461 256.486 48.1 3.13 0.02
462 257.076 50.6 3.14 0.08
463 257.892 32.7 3.01 0.14
464 259.022 44.4 2.98 0.16
465 260.346 48.6 2.94 0.59
466 260.439 41.0 3.01 0.59
467 260.671 46.6 3.00 0.51
468 261.012 61.2 2.95 0.45
469 261.664 52.3 2.90 0.45
470 262.196 63.4 2.94 0.34
471 262.613 44.9 2.81 0.38
472 263.569 56.9 2.90 0.31
473 264.094 50.6 3.03 0.32
474 264.548 46.6 3.07 0.24
475 264.640 54.6 3.10 0.32
476 264.876 40.1 3.27 0.26
477 265.180 59.4 3.27 0.41
478 265.890 44.9 2.99 0.22
479 266.552 41.5 3.23 0.03
480 266.661 48.4 3.08 0.03
481 267.579 37.8 2.88 0.32
482 268.777 37.0 3.04 0.34
483 268.808 12.8 3.00 0.33
484 268.986 131.7 3.03 0.26
485 269.498 63.4 2.95 0.37
486 270.105 49.8 2.86 0.47
487 270.228 106.7 2.94 0.40
488 270.812 33.0 2.88 0.42
489 272.634 30.4 2.95 0.31
490 273.201 44.9 3.13 -0.07
491 273.508 116.3 3.15 0.14
492 273.617 46.6 3.26 0.07
493 274.058 77.9 3.16 0.04
494 274.512 51.2 3.15 0.02
495 275.966 35.3 3.08 0.24
496 276.509 44.1 3.04 0.20
497 277.481 43.2 3.13 0.34
498 277.768 43.5 3.00 0.56
499 278.649 44.9 3.06 0.28
500 279.642 54.6 2.99 0.45
501 279.768 54.6 2.86 0.48
502 279.925 54.6 2.87 0.39
503 280.045 33.0 2.83 0.42
504 280.233 77.9 2.65 0.63
505 280.707 85.9 2.71 0.43
506 280.912 43.5 2.72 0.32
507 281.031 49.8 2.66 0.37
508 281.424 24.2 2.61 0.54
509 282.059 63.4 2.47 0.50
510 282.356 68.3 2.43 0.49
511 282.506 68.3 2.49 0.42
512 283.219 57.2 2.53 0.45
513 283.294 38.4 2.60 0.35
514 283.561 45.8 2.56 0.39
515 283.861 43.5 2.54 0.36
516 284.506 100.4 2.64 0.34
517 284.752 45.8 2.62 0.44
518 285.226 110.1 2.78 0.26
519 285.469 56.9 2.70 0.35
520 285.530 52.1 2.62 0.38
521 285.748 73.1 2.63 0.33
522 286.182 54.6 2.69 0.33
523 287.250 45.8 2.87 0.31
524 287.448 25.6 2.95 0.28
525 287.824 52.9 2.94 0.19
526 287.964 12.8 2.80 0.49
527 288.435 38.4 2.77 0.48
528 288.892 59.4 2.73 0.35
529 289.278 44.9 2.70 0.43
530 289.421 32.1 2.84 0.39
531 290.964 45.8 2.76 0.31
532 291.340 66.6 2.74 0.33
533 291.411 63.1 2.95 0.33
534 291.486 63.7 2.81 0.23
535 292.804 34.4 2.93 0.20
536 292.927 70.0 2.93 0.27
537 293.439 49.8 3.02 0.33
538 296.279 27.3 2.99 0.34
539 296.436 54.6 2.92 0.41
540 296.722 39.3 3.21 0.38
541 296.821 46.1 3.25 0.32
542 297.006 18.5 3.03 0.23
543 297.422 73.1 3.20 0.16
544 298.661 45.8 3.34 0.28
545 299.327 59.4 3.29 0.41
546 299.402 41.0 3.34 0.62
547 301.265 23.3 3.18 0.49
548 301.440 42.1 3.13 0.28
549 302.696 29.0 3.21 0.13
550 302.733 20.8 3.17 0.10
551 303.170 45.8 3.16 0.24
552 303.904 31.3 3.05 0.21
553 304.283 49.8 3.13 0.15
554 305.833 45.8 3.08 0.26
555 306.310 25.6 2.93 0.23
556 306.665 45.8 2.79 0.35
557 308.239 52.1 3.05 0.29
558 308.379 41.0 3.00 0.28
559 308.553 52.1 3.04 0.21
560 308.628 42.7 2.93 0.19
561 309.888 54.6 3.25 0.20
562 310.451 14.5 3.23 0.18
563 310.741 34.7 3.38 0.32
564 310.939 42.7 3.28 0.24
565 311.069 37.8 3.27 0.30
566 311.168 73.1 3.27 0.31
567 311.523 45.8 3.29 0.30
568 311.632 45.8 3.25 0.36
569 312.243 89.0 3.22 0.41
570 312.424 35.3 3.20 0.35
571 312.908 24.2 3.29 0.47
572 312.960 22.5 3.39 0.47
573 313.209 55.5 3.17 0.40
574 314.403 39.3 3.03 0.25
575 314.973 38.7 3.12 0.31
576 317.318 77.1 2.99 0.30
577 317.561 77.9 3.01 0.25
578 317.667 54.6 3.14 0.17
579 317.745 41.0 3.12 0.10
580 317.902 58.6 3.13 0.14
581 318.800 45.8 2.85 0.06
582 319.028 49.8 3.07 -0.11
583 319.984 41.8 2.93 0.16
584 320.271 62.9 2.82 0.16
585 320.442 40.1 2.83 0.20
586 320.476 24.7 2.81 0.20
587 321.223 47.5 2.82 0.05
588 321.268 8.8 2.90 -0.01
589 321.705 49.8 2.91 0.00
590 321.807 52.3 2.96 0.11
591 321.909 73.1 2.94 0.05
592 322.350 58.6 2.92 0.13
593 322.667 42.7 2.76 0.19
594 323.503 37.0 2.92 0.07
595 323.899 44.1 2.95 0.09
596 324.305 105.2 2.94 0.18
597 325.261 41.5 2.87 -0.06
598 326.415 67.4 3.10 0.16
599 326.797 38.7 3.14 0.13
600 327.292 54.6 3.25 0.14
601 327.715 25.6 3.26 0.19
602 328.204 56.9 3.17 0.16
603 328.538 45.8 2.96 0.14
604 328.599 62.6 3.08 0.10
605 328.975 44.9 3.11 0.05
606 329.910 32.4 3.11 0.17
607 330.231 51.5 3.18 -0.04
608 331.631 44.9 3.04 0.01
609 331.904 49.8 2.94 0.14
610 332.211 45.8 3.02 0.15
611 332.300 47.5 3.04 0.15
612 332.443 42.7 2.97 0.01
613 332.873 59.4 2.95 0.11
614 333.562 73.1 2.85 0.05
615 333.737 89.0 2.84 0.04
616 334.542 8.0 2.97 0.08
617 334.675 47.5 2.90 0.06
618 335.566 36.1 2.91 0.13
619 335.638 41.2 3.00 0.13
620 336.402 73.1 2.97 0.19
621 336.887 31.9 2.93 0.21
622 336.928 36.1 3.01 0.21
623 337.160 41.0 2.87 0.21
624 337.788 37.0 2.94 0.15
625 337.877 63.4 2.93 0.02
626 338.123 15.9 2.94 0.14
627 339.355 197.7 2.93 0.08
628 339.645 59.4 3.04 0.07
629 339.812 63.4 2.96 0.03
630 340.413 56.6 3.05 0.29
631 341.116 68.3 3.03 0.26
632 341.352 79.1 3.03 0.42
633 341.823 74.0 3.17 0.37
634 342.191 58.6 3.09 0.41
635 342.761 64.3 3.04 0.42
636 343.413 67.4 3.10 0.51
637 344.045 69.1 3.10 0.50
638 344.499 33.8 3.02 0.36
639 344.973 90.7 3.04 0.28
640 345.373 45.8 3.15 0.19
641 345.639 44.9 3.16 0.20
642 345.734 45.8 3.25 0.16
643 347.301 110.9 3.32 0.23
644 347.632 38.7 3.29 0.21
645 347.741 41.0 3.33 0.15
646 347.997 48.6 3.25 0.10
647 348.595 39.3 3.15 0.15
648 349.291 40.1 3.23 0.31
649 349.411 64.3 3.14 0.29
650 349.462 15.9 3.17 0.31
651 349.847 46.6 3.16 0.33
652 349.912 50.9 3.06 0.23
653 350.192 41.8 3.10 0.22
654 350.462 43.5 3.10 0.29
655 352.018 93.0 3.09 0.27
656 352.117 45.8 3.04 0.22
657 352.513 58.6 2.92 0.29
658 352.960 64.3 3.02 0.39
659 353.244 86.8 3.02 0.32
660 354.667 22.5 3.01 0.31
661 358.043 12.8 3.10 0.34
662 358.821 47.2 3.19 0.32
663 361.173 73.1 3.05 0.30
664 362.214 18.5 3.00 0.20
665 362.402 33.8 2.98 0.22
666 362.702 31.3 3.00 0.14
667 363.378 37.0 3.03 0.20
668 364.784 44.1 3.42 0.19
669 365.310 44.1 2.98 -0.09
670 365.651 52.1 3.20 0.18
671 365.737 44.9 3.24 0.22
672 367.453 25.6 3.27 0.14
673 367.785 47.5 3.20 0.17
674 367.849 48.1 3.24 0.26
675 368.235 62.6 3.06 0.35
676 368.983 49.8 3.18 0.31
677 369.143 50.6 3.28 0.31
678 369.501 33.0 3.21 0.22
679 371.669 30.4 3.11 0.20
680 372.167 55.5 3.34 0.19
681 375.550 59.4 3.13 0.06
682 376.997 52.1 3.12 -0.01
683 377.574 38.7 3.14 0.06
684 378.950 49.8 3.09 -0.03
685 379.062 47.5 3.14 -0.01
686 379.154 59.4 3.16 0.13
687 379.547 41.0 3.24 0.03
688 379.615 58.6 3.15 0.05
689 379.769 40.1 3.09 -0.01
690 382.554 49.8 3.09 0.15
691 384.841 55.5 3.30 0.13
692 384.899 48.1 3.30 0.01
693 385.073 46.9 3.30 0.02
694 386.374 58.6 3.34 0.12
695 387.978 68.3 3.31 0.01
696 388.377 47.5 3.33 0.13
697 388.452 61.7 3.26 0.08
698 388.517 56.6 3.27 -0.03
699 389.500 41.0 3.21 0.12
700 389.783 82.8 3.07 0.11
701 390.149 39.3 3.28 0.17
702 391.302 63.4 3.14 -0.03
703 391.432 79.6 3.11 -0.03
704 391.651 34.4 3.22 0.04
705 392.500 22.5 3.06 0.00
706 392.524 34.1 3.10 -0.11
707 392.961 77.1 3.23 -0.06
708 393.098 49.8 3.31 -0.09
709 393.531 46.6 3.14 0.03
710 393.972 25.6 3.01 0.02
711 394.528 86.8 3.19 0.05
712 395.033 105.2 3.09 -0.06
713 395.163 42.7 3.08 0.01
714 395.576 54.3 3.06 0.04
715 395.863 54.6 3.04 -0.06
716 396.003 59.4 3.05 -0.10
717 396.443 29.6 2.95 -0.06
718 396.538 16.2 2.99 -0.05
719 397.924 18.5 3.02 -0.06
720 398.109 35.3 3.02 -0.08
721 398.559 68.3 3.21 -0.06
722 398.662 63.4 3.20 -0.11
723 398.918 24.2 3.09 -0.02
724 398.952 13.7 3.10 0.02
725 399.030 91.6 3.05 -0.02
726 399.774 43.2 3.09 0.02
727 399.979 86.8 3.01 -0.04
728 400.307 33.6 2.94 -0.09
729 400.508 50.6 2.95 0.00
730 401.201 42.7 2.97 0.07
731 401.252 28.2 2.96 0.02
732 401.955 59.4 2.93 0.13
733 402.819 44.9 2.86 0.10
734 402.904 68.8 2.91 0.10
735 403.051 91.6 2.85 0.05
736 403.331 64.3 2.90 -0.04
737 403.741 38.7 2.93 0.28
738 405.188 58.6 2.89 0.22
739 405.348 43.5 2.90 0.16
740 406.574 44.9 3.21 0.23
741 406.864 46.6 3.23 0.18
742 406.956 45.8 3.25 0.26
743 411.660 33.0 3.15 0.13
744 412.448 63.4 3.04 0.32
745 413.452 41.0 3.11 0.41
746 413.776 42.7 3.07 0.32
747 414.209 61.7 3.19 0.22
748 415.305 32.1 3.10 0.36
749 416.500 39.3 3.26 0.41
750 417.373 62.6 3.34 0.35
751 418.001 24.2 3.15 0.50
752 418.312 49.8 3.02 0.51
753 419.514 47.5 3.04 0.35
754 419.671 86.8 2.99 0.36
755 420.046 55.8 2.82 0.30
756 421.306 43.2 2.90 0.29
757 421.408 58.6 2.89 0.29
758 421.975 37.8 2.94 0.53
759 422.340 46.6 2.96 0.48
760 422.726 74.2 2.84 0.29
761 423.220 47.5 2.79 0.25
762 423.838 54.6 2.79 0.28
763 423.889 23.0 2.85 0.27
764 424.671 67.7 3.05 0.28
765 425.248 65.1 3.16 0.22
766 425.528 38.4 3.30 0.13
767 425.736 54.6 3.35 0.23
768 425.886 49.8 3.29 0.19
769 426.272 104.4 3.24 0.21
770 426.705 44.9 3.13 0.24
771 427.682 41.0 3.29 0.23
772 427.764 37.0 3.22 0.21
773 427.982 44.9 3.19 0.21
774 428.129 40.1 3.25 0.23
775 428.685 50.6 3.25 0.17
776 429.382 50.6 3.23 0.22
777 429.467 49.8 3.20 0.21
778 429.866 59.4 3.14 0.25
779 430.368 29.9 3.15 0.24
780 430.447 32.1 3.12 0.22
781 432.081 97.3 3.17 0.14
782 432.174 44.9 3.12 0.20
783 432.399 83.6 3.08 0.18
784 432.505 37.0 3.21 0.11
785 433.590 29.0 3.25 0.14
786 433.624 11.1 3.26 0.12
787 434.590 45.8 3.23 -0.02
788 434.679 70.5 3.23 -0.01
789 436.109 44.9 3.25 0.11
790 439.017 45.8 3.30 0.20
791 439.362 42.7 3.30 0.27
792 440.212 46.6 3.19 0.02
793 440.263 35.6 3.19 0.02
794 440.775 49.8 3.31 0.06
795 440.915 37.8 3.35 -0.03
796 443.117 41.0 3.03 -0.10
797 443.226 90.7 3.15 -0.08
798 443.670 81.9 3.19 -0.02
799 443.779 44.1 3.12 -0.01
800 444.151 40.1 3.14 -0.09
801 444.462 39.3 3.08 -0.01
802 444.687 46.9 3.18 0.04
803 445.117 42.7 3.12 0.13
804 445.475 81.9 3.14 0.10
805 445.779 41.0 3.15 0.13
806 446.247 49.8 3.06 0.14
807 446.851 54.3 3.04 0.04
808 447.906 28.2 3.11 -0.11
809 447.964 57.7 3.10 -0.09
810 448.261 27.3 3.15 -0.04
811 448.336 44.1 3.16 0.02
812 448.445 25.6 3.12 0.07
813 448.469 12.8 2.93 0.04
814 449.315 93.3 3.08 0.05
815 450.565 37.0 3.05 0.04
816 450.725 25.6 3.09 0.08
817 450.865 49.8 3.14 -0.01
818 451.493 28.2 3.00 0.18
819 451.875 99.6 3.07 0.12
820 452.108 34.4 3.09 0.06
821 452.575 65.7 3.09 0.08
822 453.046 41.0 3.12 0.16
823 453.541 27.3 3.16 0.12
824 453.565 19.3 3.13 0.11
825 454.695 41.0 3.16 0.25
826 455.797 66.6 3.07 0.19
827 456.029 26.5 3.09 0.23
828 456.572 44.9 3.07 0.15
829 457.173 49.8 3.18 0.10
830 457.385 45.8 3.08 0.13
831 458.753 44.9 3.13 0.16
832 460.313 42.7 3.12 0.25
833 460.361 46.1 3.22 0.24
834 461.068 45.8 3.17 0.27
835 461.184 41.8 3.15 0.23
836 462.498 38.7 3.08 0.20
837 462.559 43.0 3.04 0.20
838 462.788 44.9 3.21 0.23
839 463.976 44.9 3.15 0.08
840 464.385 25.6 3.09 0.15
841 464.638 48.1 3.11 0.19
842 465.290 26.5 3.10 0.16
843 466.228 16.8 3.02 0.02
844 467.000 68.3 3.08 0.22
845 467.734 60.3 3.11 0.13
846 468.191 44.9 3.00 0.12
847 468.311 68.3 2.99 0.13
848 468.433 58.6 2.96 0.12
849 469.901 45.8 3.09 0.22
850 471.519 49.8 3.20 0.24
851 471.587 33.0 3.24 0.20
852 472.605 54.6 3.13 0.32
853 472.888 72.2 3.07 0.28
854 473.130 49.8 3.15 0.16
855 476.110 72.2 2.89 0.11
856 477.178 65.1 3.03 0.29
857 477.486 37.0 3.25 0.24
858 477.789 44.9 3.27 0.20
859 478.284 33.0 3.18 0.26
860 478.397 45.8 3.05 0.34
861 479.540 57.7 3.14 0.20
862 480.032 58.6 3.13 0.24
863 480.766 41.0 3.08 0.18
864 480.824 66.6 3.11 0.17
865 481.022 77.1 3.18 0.22
866 482.025 37.8 3.05 0.14
867 482.073 35.3 3.07 0.12
868 482.640 37.0 3.15 0.10
869 482.698 26.5 3.24 0.16
870 483.725 59.4 3.22 0.25
871 485.114 38.7 3.15 0.17
872 485.558 81.9 3.15 -0.04
873 486.251 64.3 3.17 -0.08
874 486.313 46.9 3.21 -0.05
875 486.394 63.7 3.27 -0.18
876 488.630 44.9 3.24 0.02
877 488.719 33.0 3.18 -0.00
878 489.108 41.8 3.10 0.03
879 489.303 48.1 3.13 -0.05
880 489.385 54.6 3.22 -0.13
881 490.228 54.6 3.22 -0.03
882 490.637 45.8 3.25 -0.10
883 491.402 28.2 3.22 0.07
884 491.900 63.4 3.27 0.16
885 492.224 77.9 3.18 0.09
886 492.736 68.3 3.09 0.24
887 493.071 76.5 3.02 0.22
888 493.126 48.9 3.14 0.23
889 494.037 46.6 3.13 0.05
890 494.156 56.3 3.12 0.17
891 494.706 41.0 3.34 0.31
892 495.696 68.3 3.29 0.25
893 496.791 32.7 3.30 0.31
894 496.826 34.4 3.27 0.31
895 497.010 46.4 3.33 0.24
896 497.249 81.1 3.32 0.22
897 498.031 66.0 3.33 0.35
898 499.232 40.1 3.21 0.20
899 499.549 33.0 3.34 0.22
900 499.611 72.2 3.29 0.30
901 499.741 56.3 3.33 0.35
902 500.550 57.2 3.19 0.36
903 501.679 35.3 2.98 0.31
904 501.727 35.3 3.05 0.31
905 502.376 33.0 2.91 0.33
906 502.966 40.1 2.80 0.30
907 503.048 49.8 2.75 0.26
908 503.731 44.9 2.81 0.42
909 503.977 42.7 2.93 0.49
910 504.335 48.9 2.98 0.38
911 505.055 41.0 3.12 0.26
912 505.755 63.4 3.00 0.23
913 507.342 45.8 3.14 0.24
914 507.649 26.5 3.10 0.28
915 508.431 42.7 3.13 0.25
916 508.694 50.6 3.11 0.32
917 508.779 49.8 3.04 0.34
918 509.984 44.1 2.97 0.35
919 510.151 37.0 2.94 0.31
920 510.578 39.3 3.01 0.25
921 510.749 31.3 2.93 0.29
922 511.346 41.0 2.81 0.42
923 511.411 28.2 2.83 0.29
924 511.820 50.6 2.95 0.25
925 511.930 52.3 2.81 0.25
926 512.022 52.1 2.97 0.30
927 514.271 41.2 3.07 0.36
928 514.503 52.1 3.11 0.41
929 514.599 53.8 3.16 0.41
930 515.910 44.9 2.94 0.02
931 516.084 53.2 2.85 -0.04
932 516.193 49.8 2.86 -0.04
933 516.377 36.1 2.80 -0.03
934 516.517 43.2 2.88 0.32
935 516.592 31.9 2.81 0.41
936 517.589 47.8 2.97 0.34
937 518.961 58.6 2.92 0.34
938 519.180 45.8 2.77 0.35
939 520.384 37.8 3.14 0.12
940 522.217 39.3 2.87 0.25
941 523.712 50.6 2.92 0.25
942 524.122 55.5 2.91 0.30
943 524.190 40.1 3.00 0.30
944 524.272 37.5 2.93 0.26
945 525.122 57.2 2.99 0.16
946 525.498 79.4 2.95 0.13
947 527.860 56.6 3.12 0.10
948 528.716 55.5 3.30 -0.00
949 531.136 37.8 3.24 0.06
950 531.406 39.5 3.27 0.20
951 531.816 54.6 3.17 0.23
952 532.034 33.0 3.25 0.27
953 532.365 33.0 3.22 0.33
954 534.997 39.3 3.08 -0.12
955 535.072 54.6 3.17 -0.12
956 535.164 51.5 3.22 -0.18
957 535.345 58.6 3.20 -0.20
958 535.488 36.1 3.21 -0.21
959 535.567 49.8 3.22 -0.15
960 536.765 114.9 3.16 -0.18
961 538.127 45.8 3.33 -0.23
962 538.465 126.9 3.32 -0.28
963 539.236 73.1 3.10 -0.18
964 539.861 37.5 3.13 -0.01
965 541.189 19.3 3.16 -0.00
966 541.492 49.8 3.15 0.00
967 541.738 62.6 3.17 0.00
968 542.073 20.8 3.16 -0.05
969 542.383 44.1 3.14 -0.00
970 543.233 65.7 3.12 0.09
971 543.766 53.8 3.15 -0.05
972 543.971 32.1 3.13 -0.22
973 544.336 34.4 3.15 -0.07
974 544.486 39.3 3.18 -0.21
975 544.896 44.9 3.17 -0.07
976 544.967 20.8 3.09 -0.10
977 545.530 34.1 3.20 -0.06
978 545.592 28.2 3.20 -0.05
979 546.005 54.6 3.18 -0.04
980 546.145 42.7 3.19 0.00
981 548.111 43.2 3.13 0.08
982 549.343 99.6 3.02 0.19
983 549.855 67.7 3.04 0.13
984 550.886 49.8 2.89 0.26
985 552.173 55.5 2.87 0.13
986 552.552 49.8 2.88 0.18
987 552.787 59.4 2.85 0.22
988 553.064 96.4 2.93 0.08
989 553.299 42.7 2.84 -0.03
990 553.757 29.0 2.89 0.00
991 553.804 41.0 2.81 -0.03
992 554.497 40.7 3.01 0.16
993 555.095 42.7 2.92 0.15
994 555.494 37.8 2.95 0.05
995 556.023 45.8 3.01 0.10
996 556.204 98.7 2.99 0.13
997 556.552 41.0 3.10 0.22
998 556.644 41.0 2.99 0.24
999 557.177 52.9 3.10 0.06
1000 557.607 72.2 3.06 0.05
1001 558.477 29.0 2.98 0.24
1002 559.027 59.4 3.00 0.17
1003 559.566 32.1 2.99 0.24
1004 559.761 34.4 3.02 0.13
1005 559.901 56.3 3.14 0.15
1006 560.235 57.7 3.05 0.18
1007 562.150 102.7 2.99 0.32
1008 562.280 45.8 3.01 0.26
1009 562.594 46.6 2.88 0.24
1010 562.747 26.5 2.95 0.22
1011 564.399 20.8 2.98 0.23
1012 564.498 74.8 3.06 0.25
1013 564.737 72.2 3.07 0.21
1014 565.096 31.3 3.10 0.20
1015 565.212 19.3 3.10 0.21
1016 565.369 96.4 3.16 0.26
1017 565.461 20.8 3.09 0.22
1018 566.724 41.0 3.03 0.21
1019 567.174 61.2 3.00 0.18
1020 568.448 52.3 3.02 0.17
1021 569.158 33.0 3.02 0.09
1022 569.216 49.8 3.03 0.06
1023 569.509 68.3 3.04 0.18
1024 569.639 54.6 3.06 0.14
1025 569.926 42.7 3.00 0.16
1026 570.393 52.9 2.96 0.14
1027 570.519 47.5 3.08 0.12
1028 570.581 31.3 3.05 0.11
1029 570.639 29.0 2.88 0.16
1030 570.714 44.9 2.91 0.05
1031 571.137 44.9 2.95 0.18
1032 572.062 46.6 3.02 0.17
1033 572.332 28.2 3.12 0.14
1034 572.400 76.2 3.08 0.19
1035 573.533 52.3 2.94 0.05
1036 573.899 45.8 2.94 0.13
1037 574.011 62.9 2.91 0.13
1038 574.073 38.7 2.83 0.09
1039 574.144 91.3 2.93 0.16
1040 574.254 83.6 2.97 0.09
1041 574.687 39.5 2.90 0.08
1042 574.936 95.6 2.95 0.02
1043 575.155 41.0 2.95 0.17
1044 575.244 33.8 2.88 0.16
1045 575.308 70.5 2.91 0.14
1046 575.448 102.4 2.83 0.08
1047 575.592 49.2 2.86 0.06
1048 575.848 54.6 2.84 0.01
1049 576.530 54.6 2.82 0.01
1050 577.199 37.8 2.82 0.05
1051 579.995 52.9 3.00 0.18
1052 580.777 44.9 3.06 0.19
1053 580.858 44.9 3.04 0.19
1054 581.722 37.8 3.10 0.12
1055 582.115 54.6 2.90 0.19
1056 582.787 48.1 2.93 0.23
1057 582.924 35.3 2.86 0.28
1058 584.070 54.6 2.95 0.21
1059 584.149 47.8 2.83 0.21
1060 584.763 68.6 3.09 0.19
1061 584.886 34.1 2.95 0.16
1062 584.978 30.4 2.84 0.18
1063 586.368 50.6 2.88 0.41
1064 586.852 41.0 2.76 0.58
1065 587.760 45.8 2.95 0.36
1066 588.129 45.8 3.01 0.31
1067 588.327 54.6 3.01 0.23
1068 588.433 56.3 2.99 0.27
1069 589.446 47.5 2.98 0.35
1070 589.518 18.5 3.02 0.30
1071 589.798 49.8 2.99 0.27
1072 589.938 59.4 3.01 0.20
1073 590.105 48.1 2.96 0.17
1074 591.392 54.6 2.83 0.06
1075 591.757 19.3 2.76 0.06
1076 592.157 113.2 2.73 0.04
1077 594.491 48.9 2.69 0.11
1078 596.963 51.5 2.90 0.35
1079 597.280 59.4 3.01 0.33
1080 597.963 49.8 2.84 0.36
1081 598.710 67.4 2.66 0.35
1082 598.758 40.7 2.78 0.17
1083 599.290 54.6 2.81 0.13
1084 599.451 56.3 2.85 0.24
1085 599.512 27.3 2.85 0.15
1086 600.130 45.8 2.97 0.33
1087 601.110 54.3 2.94 0.25
1088 601.683 54.6 3.10 0.47
1089 602.212 44.9 2.92 0.24
1090 603.325 50.6 2.94 0.28
1091 603.441 41.0 2.94 0.21
1092 603.714 68.3 2.75 0.23
1093 605.090 49.8 2.83 0.41
1094 605.168 45.5 2.92 0.41
1095 605.561 63.1 2.97 0.21
1096 605.817 52.9 3.01 0.27
1097 606.295 44.9 2.94 0.20
1098 606.882 40.1 2.84 0.27
1099 607.414 49.8 2.80 0.18
1100 608.489 37.8 2.70 0.19
1101 608.776 63.4 2.83 0.24
1102 608.861 53.2 2.82 0.24
1103 609.135 54.6 2.82 0.22
1104 609.343 45.8 2.71 0.23
1105 610.592 59.4 2.92 0.33
1106 610.671 41.0 2.92 0.36
1107 611.053 45.8 2.98 0.34
1108 611.220 65.1 2.95 0.40
1109 612.660 45.8 3.27 -0.06
1110 613.029 51.8 3.19 -0.05
1111 613.896 70.5 3.17 0.06
1112 613.978 57.7 3.27 0.15
1113 616.381 44.9 2.91 0.32
1114 616.920 28.2 2.75 -0.14
1115 618.518 48.1 3.00 -0.03
1116 618.832 55.5 3.06 -0.01
1117 620.941 131.7 2.84 0.21
1118 621.081 37.0 3.00 0.19
1119 621.416 53.8 3.02 -0.00
1120 622.440 52.9 2.98 0.00
1121 623.430 46.6 3.01 0.18
1122 625.389 44.7 3.14 -0.01
1123 625.457 43.8 3.12 0.05
1124 626.095 98.7 2.98 -0.06
1125 626.191 76.5 2.93 -0.06
1126 626.590 39.3 3.10 0.17
1127 626.669 42.7 3.08 0.17
1128 626.884 41.8 3.12 0.03
1129 627.031 57.2 3.00 0.02
1130 627.515 50.9 3.15 0.02
1131 627.737 73.1 3.16 0.03
1132 627.894 36.1 3.17 0.02
1133 628.058 37.0 3.21 -0.03
1134 628.495 59.4 3.21 -0.03
1135 628.700 54.6 3.19 -0.08
1136 629.328 67.4 3.16 -0.14
1137 629.632 52.6 3.17 -0.10
1138 629.963 49.8 3.19 -0.06
1139 630.089 40.1 3.16 -0.05
1140 630.710 23.3 3.18 -0.12
1141 631.973 20.2 3.30 0.03
1142 632.768 53.8 3.27 -0.10
1143 633.120 67.1 3.27 -0.06
1144 633.745 50.6 3.13 -0.06
1145 633.796 44.1 3.12 -0.03
1146 634.137 45.8 3.18 -0.01
1147 634.263 41.0 3.24 -0.00
1148 634.492 61.7 3.15 -0.14
1149 635.414 14.5 3.14 -0.05
1150 635.451 11.9 3.20 -0.05
1151 636.134 45.8 3.16 0.08
1152 637.322 48.9 3.20 -0.09
1153 638.308 41.0 3.24 -0.06
1154 638.779 34.4 3.26 0.02
1155 639.110 26.5 3.27 0.04
1156 639.639 45.8 3.16 0.06
1157 640.394 108.4 3.23 0.21
1158 641.431 27.3 3.21 0.30
1159 643.162 45.8 3.08 0.29
1160 643.261 21.6 3.02 0.28
1161 644.790 53.8 2.82 0.06
1162 645.005 33.0 2.95 0.01
1163 645.848 70.5 2.98 0.06
1164 646.708 64.3 2.98 -0.01
1165 647.466 42.7 2.99 -0.07
1166 647.596 59.4 3.08 -0.08
1167 647.763 54.6 3.04 -0.06
1168 648.852 40.1 3.10 -0.04
1169 649.989 38.4 3.18 0.22
1170 650.071 35.8 3.16 0.22
1171 650.607 39.3 3.09 0.18
1172 650.818 53.8 2.99 0.09
1173 650.961 56.9 2.99 0.15
1174 651.060 44.4 3.04 0.08
1175 651.651 44.9 3.13 0.08
1176 652.327 41.0 2.92 0.14
1177 652.798 40.1 3.01 0.06
1178 653.341 49.8 3.00 0.01
1179 653.539 33.0 3.12 0.06
1180 654.197 33.0 3.14 -0.08
1181 654.559 54.6 3.08 -0.08
1182 655.358 45.8 3.14 0.05
1183 655.501 49.8 3.16 0.06
1184 655.757 35.3 3.15 0.26
1185 656.023 47.5 3.18 0.30
1186 656.184 59.4 3.17 0.21
1187 656.249 44.9 3.23 0.21
1188 658.334 24.2 3.22 0.08
1189 658.430 52.9 3.21 0.05
1190 658.802 49.8 3.21 -0.04
1191 659.109 54.6 3.11 0.09
1192 659.177 38.4 3.15 0.08
1193 659.676 80.2 3.11 0.02
1194 660.007 47.5 3.08 0.07
1195 661.693 41.0 3.07 0.14
1196 663.434 47.5 3.00 0.25
1197 663.802 52.3 3.01 0.23
1198 664.065 37.8 2.95 0.18
1199 664.178 54.9 2.93 0.18
1200 665.021 37.0 3.01 0.24
1201 665.345 41.0 2.92 0.14
1202 666.250 73.1 2.93 0.22
1203 666.526 81.9 2.94 0.21
1204 666.762 32.1 2.86 0.26
1205 667.325 25.0 2.96 0.27
1206 669.315 31.3 2.88 0.34
1207 669.868 43.5 2.89 0.35
1208 670.001 38.7 2.92 0.29
1209 670.359 54.6 2.98 0.28
1210 670.472 41.0 3.01 0.37
1211 670.861 24.2 3.07 0.31
1212 671.602 54.6 3.22 0.24
1213 671.691 49.8 3.22 0.16
1214 671.988 50.6 3.25 0.21
1215 673.343 101.3 3.15 0.17
1216 675.046 50.6 3.01 0.26
1217 678.094 46.6 3.08 0.14
1218 678.224 63.4 3.11 0.09
1219 678.517 44.9 3.16 0.09
1220 679.671 45.8 3.11 0.20
1221 680.483 27.3 3.08 0.25
1222 680.719 47.5 3.19 0.09
1223 680.920 52.9 3.11 0.20
1224 682.344 43.2 3.10 0.14
1225 682.422 47.5 3.14 0.17
1226 682.508 37.8 3.14 0.09
1227 682.596 68.3 3.20 0.09
1228 683.078 64.3 3.13 0.18
1229 684.695 38.7 3.32 0.18
1230 685.484 54.6 3.32 0.15
1231 685.679 54.6 3.25 0.14
1232 685.969 52.3 3.24 0.08
1233 686.160 56.0 3.32 0.12
1234 686.580 54.6 3.17 0.13
1235 687.983 52.9 3.08 0.29
1236 688.628 45.8 3.12 0.35
1237 689.399 68.3 3.13 0.37
1238 690.392 56.0 3.05 0.41
1239 691.031 39.3 3.11 0.60
1240 691.508 54.6 3.11 0.15
1241 692.096 54.6 3.15 0.21
1242 694.594 30.4 3.16 0.37
1243 694.823 41.8 3.08 0.26
1244 695.055 72.2 3.09 0.12
1245 695.321 52.9 3.08 0.22
1246 696.273 20.8 3.22 0.26
1247 696.567 77.1 3.13 0.26
1248 697.151 81.9 3.13 0.35
1249 697.615 52.9 3.02 0.24
1250 697.748 51.5 2.97 0.26
1251 697.830 45.8 3.05 0.29
1252 698.124 40.1 3.23 0.22
1253 699.165 61.7 3.08 0.16
1254 699.912 52.9 3.20 0.12
1255 700.107 49.8 3.21 0.10
1256 700.397 37.3 3.17 0.04
1257 700.806 54.6 3.07 0.08
1258 701.281 26.5 3.07 0.33
1259 704.042 44.1 3.02 -0.03
1260 704.838 40.1 2.98 -0.10
1261 705.100 35.3 2.96 -0.02
1262 705.687 54.9 3.05 -0.12
1263 706.015 74.8 2.97 0.06
1264 707.517 49.8 2.99 0.19
1265 707.845 66.0 3.02 0.05
1266 708.483 75.4 3.03 0.02
1267 708.920 41.8 2.89 0.14
1268 709.493 24.2 3.02 0.10
1269 711.118 100.4 3.01 0.03
1270 711.436 44.1 2.91 -0.05
1271 712.029 51.5 2.85 0.08
1272 712.087 46.6 2.92 0.08
1273 712.664 37.0 2.97 0.21
1274 712.756 54.6 3.03 0.04
1275 713.088 57.7 2.96 0.16
1276 714.347 54.6 2.98 0.09
1277 714.822 41.8 2.97 0.20
1278 715.112 22.5 3.13 0.18
1279 716.497 61.2 3.11 0.19
1280 717.638 70.5 3.05 -0.07
1281 718.201 23.3 3.18 0.12
1282 718.692 89.0 3.13 0.10
1283 718.853 64.3 3.03 0.01
1284 719.327 52.1 3.02 0.18
1285 719.843 25.0 3.03 0.06
1286 720.129 41.8 3.00 0.04
1287 720.399 49.8 3.01 0.07
1288 720.631 71.4 3.10 0.25
1289 721.269 52.3 3.09 0.09
1290 723.024 33.0 3.14 0.46
1291 723.276 91.6 3.27 0.41
1292 723.959 49.8 3.23 0.47
1293 725.615 37.8 3.14 0.34
1294 725.724 18.2 3.24 0.34
1295 725.751 22.2 3.20 0.45
1296 726.208 41.0 3.23 0.40
1297 726.512 70.5 3.26 0.42
1298 727.011 45.8 3.02 0.39
1299 727.099 44.9 3.18 0.39
1300 728.372 55.8 3.30 0.40
1301 728.567 21.6 3.23 0.35
1302 728.758 49.8 3.26 0.20
1303 728.806 37.0 3.25 0.20
1304 729.014 26.5 3.21 0.24
1305 729.455 52.9 3.07 -0.15
1306 729.670 63.4 2.95 0.19
1307 729.762 59.4 3.10 0.39
1308 730.366 81.9 3.03 -0.01
1309 731.055 21.6 3.10 0.32
1310 731.356 37.8 3.12 0.26
1311 731.939 38.7 3.10 0.27
1312 732.516 41.8 3.13 0.19
1313 733.182 49.8 3.11 0.18
1314 734.093 49.8 3.22 0.09
1315 734.155 44.9 3.20 0.10
1316 734.339 58.6 3.24 0.07
1317 734.899 45.8 3.33 0.24
1318 739.384 33.8 3.33 0.20
1319 739.432 29.6 3.40 0.20
1320 739.681 49.8 3.46 0.25
1321 742.603 50.6 3.10 0.37
1322 745.081 55.2 3.15 0.22
1323 745.521 32.1 3.14 0.18
1324 745.600 38.1 3.27 0.18
1325 748.590 41.0 3.09 0.24
1326 748.815 68.3 3.09 0.26
1327 749.091 58.6 2.98 0.11
1328 750.023 81.6 2.92 0.07
1329 750.941 33.0 3.16 0.44
1330 751.440 44.9 3.22 0.37
1331 751.488 23.3 3.21 0.33
1332 752.658 49.8 3.23 0.41
1333 752.730 37.0 3.21 0.26
1334 753.041 49.8 3.18 0.50
1335 753.153 105.2 3.10 0.39
1336 753.365 41.0 3.17 0.41
1337 755.444 44.9 3.29 0.30
1338 756.956 53.5 2.81 0.19
1339 758.454 40.1 3.02 0.17
1340 759.806 68.3 3.12 0.41
1341 761.140 45.8 3.34 0.29
1342 761.393 37.8 3.23 0.49
1343 762.704 44.9 3.31 0.25
1344 763.424 63.4 3.22 0.31
1345 763.926 24.2 3.39 0.27
1346 764.233 33.0 3.30 0.25
1347 764.800 29.3 3.32 0.21
1348 764.844 36.7 3.38 0.26
1349 765.544 41.8 3.25 0.19
1350 765.595 33.8 3.17 0.25
1351 766.192 54.9 3.15 0.25
1352 766.458 41.8 3.15 0.29
1353 766.520 17.6 3.15 0.28
1354 767.073 62.6 3.24 0.31
1355 767.155 59.4 3.27 0.32
1356 767.824 49.8 3.14 0.30
1357 768.257 33.0 3.14 0.20
1358 768.308 40.1 3.12 0.20
1359 768.943 37.0 3.10 0.20
1360 769.008 50.6 3.06 0.20
1361 769.486 59.4 2.98 0.15
1362 770.681 44.9 3.11 0.25
1363 771.988 47.5 3.05 0.20
1364 774.234 34.4 3.00 0.06
1365 774.575 48.1 2.95 0.12
1366 774.736 39.8 3.10 0.11
1367 774.780 35.3 3.00 0.09
1368 775.156 67.4 3.08 -0.02
1369 776.313 45.8 3.02 -0.17
1370 776.395 39.3 3.00 -0.15
1371 777.606 61.2 3.04 -0.22
1372 777.681 40.4 2.99 -0.23
1373 778.306 40.1 2.92 -0.19
1374 778.525 45.8 2.99 -0.27
1375 778.938 119.8 2.94 -0.23
1376 779.095 54.6 3.07 -0.21
1377 779.371 54.6 3.05 -0.22
1378 779.825 68.3 2.99 -0.27
1379 779.979 51.8 3.05 -0.17
1380 780.177 68.3 2.98 -0.14
1381 780.685 51.5 3.10 -0.14
1382 780.771 93.9 3.15 -0.14
1383 781.747 52.3 2.97 0.08
1384 782.098 44.4 2.97 0.07
1385 782.573 77.9 3.03 0.08
1386 782.747 86.8 3.09 0.07
1387 783.136 56.6 3.22 0.29
1388 783.672 43.2 3.09 0.29
1389 783.788 44.9 3.07 0.26
1390 784.211 49.8 3.09 0.19
1391 784.409 58.6 2.90 0.27
1392 784.662 47.5 2.83 0.29
1393 786.065 36.1 3.00 0.41
1394 786.358 76.2 3.08 0.39
1395 786.730 50.6 3.07 0.33
1396 788.328 38.7 3.38 0.58
1397 790.277 28.2 3.33 0.34
1398 790.307 15.9 3.24 0.32
1399 790.864 36.1 3.16 0.40
1400 791.488 23.9 3.19 0.40
1401 792.581 42.7 3.07 0.30
1402 793.687 59.4 2.90 0.10
1403 793.799 58.9 2.89 0.19
1404 793.898 36.4 2.96 0.19
1405 794.359 47.5 2.83 0.08
1406 794.676 50.6 2.82 0.07
1407 794.813 56.3 2.85 0.12
1408 794.881 70.5 2.85 0.17
1409 795.315 54.6 2.97 0.15
1410 796.516 19.3 2.94 -0.02
1411 796.960 37.8 2.87 0.04
1412 797.144 36.1 2.91 -0.08
1413 797.223 40.4 2.88 -0.08
1414 797.687 72.0 2.80 0.06
1415 798.414 51.5 3.03 0.30
1416 799.008 21.6 3.09 0.26
1417 799.240 59.4 3.01 0.13
1418 799.558 59.4 2.94 0.07
1419 800.339 47.8 3.10 0.11
1420 800.452 49.5 3.06 0.14
1421 802.172 58.6 3.15 0.19
1422 803.387 43.8 3.23 0.23
1423 803.561 48.9 3.14 0.13
1424 804.009 40.1 3.33 0.22
1425 804.346 26.5 3.23 0.30
1426 804.712 77.9 3.47 0.18
1427 808.156 60.3 3.07 -0.17
1428 808.364 68.3 3.17 -0.11
1429 810.292 54.6 3.07 0.17
1430 811.224 30.4 3.01 0.14
1431 811.299 72.2 3.00 0.08
1432 811.699 35.3 3.14 -0.02
1433 812.187 45.8 3.23 0.06
1434 812.583 38.7 3.25 0.20
1435 812.788 49.8 3.29 0.19
1436 813.085 48.9 3.31 0.14
1437 815.023 58.6 3.16 0.29
1438 815.761 48.9 3.30 0.08
1439 816.020 49.8 3.31 0.22
1440 816.890 41.8 3.30 0.21
1441 817.566 34.4 3.21 -0.05
1442 817.938 73.1 3.12 -0.06
1443 818.754 72.5 3.08 0.04
1444 818.836 67.4 3.12 0.04
1445 819.194 58.6 3.13 -0.00
1446 820.034 77.1 3.03 0.05
1447 820.700 63.4 3.11 0.03
1448 820.816 39.3 3.05 0.17
1449 820.997 36.1 3.17 0.03
1450 821.608 41.0 3.06 0.12
1451 821.802 37.8 3.15 0.14
1452 821.942 32.1 3.06 0.18
1453 822.219 57.2 3.14 0.13
1454 822.751 86.8 3.01 0.08
1455 823.669 59.4 3.04 0.07
1456 823.775 114.1 3.08 0.06
1457 824.164 27.3 3.05 0.07
1458 825.257 44.4 2.94 -0.09
1459 826.182 44.9 3.07 -0.11
1460 826.356 40.1 2.96 -0.09
1461 826.973 42.7 3.16 -0.18
1462 827.008 15.9 3.19 -0.20
1463 827.117 54.6 3.13 -0.14
1464 828.284 49.8 3.24 -0.23
1465 828.974 41.8 3.19 -0.08
1466 829.185 63.7 3.17 -0.16
1467 829.943 24.2 3.23 -0.17
1468 831.018 37.0 3.06 0.07
1469 831.493 68.3 3.01 -0.08
1470 832.254 23.3 2.97 -0.21
1471 832.346 60.3 2.77 -0.16
1472 832.725 47.5 2.90 -0.23
1473 833.339 60.3 2.83 -0.10
1474 834.148 41.5 3.00 -0.19
1475 835.029 24.2 2.88 0.01
1476 835.203 45.8 2.92 -0.04
1477 835.319 21.6 2.90 0.03
1478 836.992 27.6 2.82 -0.24
1479 837.712 50.6 2.84 -0.17
1480 837.763 41.2 2.97 -0.17
1481 838.203 12.8 2.85 -0.27
1482 838.480 101.3 2.89 -0.31
1483 839.476 29.9 2.74 -0.19
1484 840.415 36.1 2.92 -0.23
1485 840.651 46.6 2.85 -0.20
1486 840.702 41.8 2.88 -0.22
1487 841.091 34.4 3.07 -0.16
1488 841.948 48.9 3.01 -0.25
1489 842.047 54.6 2.97 -0.17
1490 842.634 74.5 3.01 -0.21
1491 843.050 51.5 3.04 -0.20
1492 843.146 53.8 3.04 -0.20
1493 843.354 32.1 3.07 -0.24
1494 844.095 73.1 3.15 -0.23
1495 844.443 34.4 3.07 -0.26
1496 845.122 44.9 3.14 -0.15
1497 845.218 42.4 3.13 -0.15
1498 845.351 25.0 3.12 -0.08
1499 845.378 22.5 3.12 -0.08
1500 845.723 20.8 3.09 -0.06
1501 846.412 50.6 2.99 -0.09
1502 846.515 70.8 3.07 -0.06
1503 847.440 59.4 3.03 0.10
1504 848.559 49.8 3.03 0.10
1505 849.167 50.6 2.90 0.12
1506 850.170 29.0 3.06 0.11
1507 850.338 63.4 3.05 0.11
1508 850.734 42.7 3.02 0.00
1509 851.300 44.9 3.01 0.12
1510 851.522 36.1 3.02 0.21
1511 852.683 93.9 3.18 0.15
1512 852.765 49.8 3.14 0.04
1513 853.219 22.5 3.11 0.17
1514 855.963 40.1 3.17 -0.15
1515 856.161 34.4 3.13 -0.13
1516 857.338 48.6 3.08 0.15
1517 858.622 37.8 2.96 -0.01
1518 859.188 48.1 2.93 -0.14
1519 859.967 63.4 2.91 -0.10
1520 860.062 55.5 2.91 -0.12
1521 860.281 38.7 2.89 -0.12
1522 860.929 59.4 3.02 -0.06
1523 861.660 97.3 3.00 -0.05
1524 861.885 36.1 3.01 -0.07
1525 862.298 44.1 3.08 0.02
1526 863.134 77.9 2.95 -0.01
1527 863.786 51.5 3.04 -0.00
1528 865.684 55.5 3.02 0.16
1529 865.899 28.2 3.03 0.04
1530 866.008 31.9 3.00 0.01
1531 866.042 43.0 3.10 -0.04
1532 866.985 66.6 2.99 0.10
1533 867.230 45.8 3.07 0.06
1534 869.046 41.0 2.92 0.21
1535 869.101 34.1 2.92 0.19
1536 869.145 23.6 2.88 0.19
1537 869.302 63.4 3.05 0.18
1538 870.005 59.4 2.88 0.21
1539 870.609 84.2 3.06 -0.06
1540 870.831 81.1 3.03 0.05
1541 872.746 41.8 3.18 0.25
1542 874.187 79.6 3.19 0.16
1543 874.890 55.5 3.06 0.23
1544 875.098 50.6 3.02 0.22
1545 875.327 61.7 3.07 0.15
1546 876.409 59.4 3.07 -0.19
1547 876.467 41.8 3.00 -0.19
1548 877.214 68.3 3.08 -0.11
1549 877.733 61.2 2.86 -0.05
1550 878.621 49.8 3.07 -0.10
1551 878.976 59.4 3.16 -0.15
1552 879.668 23.3 3.14 -0.03
1553 879.703 43.2 3.09 0.00
1554 880.020 35.3 3.18 -0.05
1555 880.464 37.0 3.26 -0.03
1556 882.102 97.0 3.23 -0.06
1557 882.778 48.9 3.18 -0.09
1558 883.065 33.8 2.95 0.06
1559 884.652 48.9 3.08 0.09
1560 885.362 50.6 3.11 0.09
1561 885.836 73.1 3.23 0.03
1562 885.973 68.8 3.17 0.03
1563 886.130 64.3 3.08 -0.03
1564 886.188 44.9 3.17 -0.05
1565 887.533 41.8 3.08 0.09
1566 889.243 95.6 3.03 0.16
1567 889.809 49.8 3.29 0.15
1568 890.243 97.8 3.35 0.06
1569 890.625 47.5 3.16 -0.01
1570 890.799 8.0 3.18 0.06
1571 890.895 48.1 3.22 0.06
1572 891.100 49.8 3.17 0.20
1573 891.182 50.6 3.12 0.17
1574 891.479 61.2 3.20 0.24
1575 894.510 54.6 3.14 -0.03
1576 894.660 50.6 3.17 -0.03
1577 894.926 44.9 3.22 0.04
1578 895.578 37.0 3.21 -0.19
1579 895.725 60.3 3.09 -0.02
1580 896.459 49.5 3.18 0.28
1581 896.530 46.4 3.16 0.27
1582 898.568 57.7 3.02 0.18
1583 899.869 52.3 3.00 0.09
1584 899.937 62.6 2.98 0.11
1585 900.036 53.8 2.97 0.17
1586 900.561 52.9 3.09 0.18
1587 900.923 54.6 3.20 0.19
1588 901.459 55.2 3.35 0.11
1589 901.647 82.8 3.30 0.13
1590 901.725 44.9 3.16 0.08
1591 902.002 27.3 3.01 0.14
1592 902.449 41.8 3.27 0.09
1593 902.548 35.3 3.27 0.14
1594 902.633 29.0 3.28 0.14
1595 903.255 59.4 3.20 0.04
1596 903.948 40.1 3.30 0.26
1597 904.084 37.8 3.10 0.14
1598 905.340 49.8 3.20 0.22
1599 905.501 54.9 3.22 0.28
1600 905.975 90.7 3.17 0.14
1601 906.453 35.0 3.05 0.34
1602 907.422 73.1 3.19 0.17
1603 907.484 48.4 3.21 0.17
1604 907.576 37.0 3.22 0.29
1605 908.054 35.3 3.29 0.33
1606 908.791 41.8 3.18 0.13
1607 908.870 50.6 3.37 0.17
1608 909.023 29.0 3.25 0.18
1609 909.173 50.6 3.33 0.14
1610 910.092 35.3 3.11 0.28
1611 910.545 37.0 3.28 0.27
1612 910.880 69.1 3.25 0.29
1613 911.877 33.8 3.10 0.10
1614 911.952 37.3 3.14 0.10
1615 912.020 44.9 3.25 0.18
1616 912.679 75.4 2.94 0.09
1617 913.549 68.3 3.03 0.14
1618 914.324 60.3 3.02 0.18
1619 914.894 45.8 2.75 0.16
1620 915.010 77.1 2.83 0.19
1621 915.840 41.0 2.98 0.19
1622 916.997 38.7 2.76 0.27
1623 917.198 45.8 2.94 0.33
1624 919.523 33.0 2.90 0.37
1625 919.741 39.3 2.86 0.35
1626 920.297 54.6 2.89 0.19
1627 920.451 48.1 2.83 0.20
1628 920.833 51.5 2.90 0.13
1629 921.779 37.0 2.95 0.11
1630 923.250 77.9 3.04 0.20
1631 924.369 50.6 3.05 -0.05
1632 924.731 44.9 2.96 0.16
1633 925.701 91.6 2.98 0.14
1634 926.728 48.9 2.82 0.45
1635 926.831 68.3 2.81 0.41
1636 927.424 19.3 2.76 0.18
1637 928.223 37.0 2.80 0.26
1638 928.619 82.8 2.82 0.06
1639 928.923 68.3 2.79 0.22
1640 929.148 50.6 2.90 0.27
1641 931.036 68.3 2.94 0.16
1642 932.876 77.9 2.88 0.14
1643 933.237 41.0 2.97 0.08
1644 933.582 35.3 2.97 0.21
1645 934.367 91.6 2.85 0.21
1646 934.507 57.5 2.81 0.29
1647 935.903 45.8 2.80 -0.03
1648 936.412 76.2 2.67 0.36
1649 936.538 69.4 2.67 0.36
1650 938.907 51.5 2.80 0.20
1651 939.262 64.0 2.92 0.07
1652 941.245 45.8 2.98 0.06
1653 941.494 33.8 2.96 0.02
1654 942.921 61.7 2.98 0.06
1655 943.979 49.8 2.99 -0.02
1656 944.365 68.3 2.99 -0.11
1657 946.952 45.8 2.96 0.34
1658 947.703 36.4 2.81 0.29
1659 947.983 48.4 2.82 0.38
1660 948.447 56.3 2.68 0.33
1661 948.498 39.3 2.79 0.33
1662 949.942 50.6 2.85 0.22
1663 950.034 61.7 2.89 0.22
1664 950.874 41.0 2.75 0.29
1665 950.932 46.1 2.68 0.29
1666 951.663 68.3 2.69 0.20
1667 952.076 118.0 2.77 0.24
1668 952.762 45.8 2.73 0.12
1669 953.557 81.1 2.83 0.17
1670 953.693 30.4 2.75 0.00
1671 953.724 15.9 2.77 -0.00
1672 953.789 45.8 2.90 -0.19
1673 953.932 29.0 2.71 -0.01
1674 953.973 35.3 2.74 -0.02
1675 954.793 44.1 2.71 0.08
1676 955.827 50.6 2.72 0.16
1677 955.967 83.6 2.75 0.16
1678 957.165 73.1 2.54 0.31
1679 957.516 45.8 2.66 0.16
1680 957.772 24.2 2.61 0.04
1681 957.827 55.5 2.63 0.06
1682 958.837 25.0 2.58 0.23
1683 959.117 61.2 2.65 0.14
1684 959.633 61.2 2.62 0.29
1685 960.756 58.6 2.43 0.02
1686 961.343 47.5 2.73 0.09
1687 961.981 37.8 2.64 0.12
1688 962.295 81.9 2.72 0.13
1689 963.848 45.2 2.95 0.11
1690 963.903 66.0 2.87 0.14
1691 964.507 77.1 2.84 0.14
1692 964.725 26.2 2.64 -0.03
1693 965.015 73.1 2.88 0.01
1694 965.190 57.2 2.88 -0.04
1695 965.671 77.9 2.88 0.18
1696 966.906 66.6 2.86 0.52
1697 967.009 28.2 2.75 0.36
1698 967.528 54.6 2.97 0.13
1699 967.760 32.1 2.89 0.04
1700 968.722 39.3 3.05 0.07
1701 968.924 49.8 3.11 0.17
1702 969.709 61.7 3.12 0.31
1703 969.999 54.6 3.18 0.27
1704 971.774 42.7 3.25 0.38
1705 972.194 21.6 3.27 0.35
1706 973.259 46.6 3.24 0.40
1707 973.982 64.3 3.13 0.30
1708 974.528 43.5 3.16 0.32
1709 974.839 32.1 3.22 0.42
1710 975.860 91.6 3.15 0.36
1711 976.297 49.8 3.33 0.15
1712 976.454 44.9 3.16 0.33
1713 977.621 40.1 3.30 0.33
1714 978.198 54.6 3.28 0.40
1715 979.833 42.4 3.23 0.42
1716 980.099 54.6 3.37 0.37
1717 980.553 29.0 3.35 0.43
1718 980.672 38.4 3.53 0.50
1719 981.505 37.0 3.37 0.45
1720 982.512 54.6 3.25 0.26
1721 982.635 38.7 3.34 0.39
1722 983.198 37.8 3.41 0.40
1723 983.823 51.5 3.34 0.25
1724 985.994 72.2 3.07 0.17
1725 986.414 47.5 3.12 0.20
1726 986.871 81.9 3.09 0.36
1727 987.270 68.3 2.99 0.20
1728 987.700 47.5 2.99 0.31
1729 989.240 44.9 3.35 0.29
1730 989.769 45.8 3.29 0.38
1731 990.114 40.1 3.15 0.38
1732 991.868 33.8 3.19 0.34
1733 992.353 37.3 3.17 0.29
1734 993.701 52.9 3.24 0.37
1735 994.152 45.8 3.17 0.33
1736 994.401 23.9 3.19 0.30
1737 994.981 43.5 3.16 0.33
1738 995.404 55.2 3.21 0.30
1739 995.442 54.3 3.24 0.30
1740 996.469 32.1 3.28 0.29
1741 997.432 59.4 3.27 0.18
1742 998.050 59.4 3.25 0.28
1743 998.115 41.8 3.15 0.24
1744 998.569 49.8 3.37 0.23
1745 999.036 45.8 3.36 0.32
1746 999.627 36.1 3.40 0.34
1747 999.852 44.9 3.29 0.28
1748 1000.248 22.5 3.24 0.27
1749 1000.972 41.0 3.25 0.15
1750 1001.535 42.7 3.25 0.18
1751 1002.784 49.8 3.23 0.15
1752 1004.538 45.8 3.32 0.21
1753 1004.904 45.8 3.32 0.09
1754 1005.167 45.8 3.21 0.24
1755 1005.265 45.8 3.15 0.24
1756 1005.405 48.9 3.21 0.21
1757 1005.801 33.8 3.13 0.13
1758 1005.979 41.8 3.28 0.22
1759 1006.023 11.9 3.26 0.18
1760 1008.184 46.6 3.13 0.27
1761 1008.576 54.6 3.11 0.26
1762 1009.194 59.7 3.13 0.21
1763 1009.280 58.6 3.18 0.22
1764 1009.665 49.8 3.22 0.28
1765 1010.338 83.6 3.25 0.37
1766 1010.703 48.1 3.19 0.24
1767 1010.816 59.2 3.18 0.24
1768 1010.908 49.8 3.16 0.22
1769 1011.089 20.2 3.30 0.32
1770 1011.130 29.6 3.17 0.34
1771 1011.877 77.1 3.11 0.27
1772 1012.932 25.0 3.15 0.03
1773 1013.471 36.7 3.26 -0.07
1774 1014.475 53.2 3.18 0.08
1775 1015.185 50.6 3.29 0.23
1776 1016.055 41.0 3.18 0.26
1777 1016.407 36.1 3.05 0.37
1778 1017.260 44.9 3.05 0.13
1779 1018.100 32.1 3.01 0.05
1780 1018.577 60.3 2.99 0.15
1781 1018.690 47.5 2.96 0.09
1782 1019.247 23.3 3.00 0.12
1783 1019.987 46.6 3.01 0.13
1784 1020.718 35.3 3.09 0.27
1785 1021.223 63.4 3.06 0.15
1786 1022.523 45.8 3.06 0.17
1787 1023.110 39.5 3.09 0.22
1788 1023.506 41.0 3.15 0.20
1789 1023.878 59.4 3.14 0.20
1790 1024.554 61.7 3.14 0.18
1791 1024.623 39.8 3.15 0.23
1792 1024.872 48.1 3.11 0.20
1793 1024.930 14.5 3.16 0.21
1794 1024.957 20.8 3.05 0.19
1795 1025.063 95.6 3.10 0.18
1796 1025.872 49.8 3.11 0.24
1797 1026.479 50.6 3.12 0.29
1798 1026.585 55.5 3.15 0.34
1799 1027.623 59.4 3.03 0.26
1800 1028.005 41.8 3.13 0.29
1801 1028.862 72.2 3.27 0.14
1802 1028.944 60.3 3.29 0.10
1803 1029.626 59.4 3.25 0.15
1804 1030.900 41.0 3.36 0.01
1805 1030.951 41.0 3.33 0.01
1806 1032.145 90.7 3.23 0.01
1807 1033.644 25.0 3.19 0.01
1808 1033.678 29.6 3.20 0.01
1809 1034.617 31.3 3.34 0.17
1810 1034.671 55.5 3.28 0.15
1811 1034.787 19.3 3.33 0.21
1812 1035.880 24.7 3.38 0.09
1813 1037.214 61.2 3.35 0.15
1814 1037.412 59.4 3.37 0.17
1815 1038.976 45.8 3.28 0.03
1816 1040.286 41.0 3.33 0.16
1817 1041.044 88.7 3.18 0.11
1818 1041.372 59.4 3.31 0.07
1819 1041.720 64.0 3.44 -0.04
1820 1043.252 37.8 3.28 0.14
1821 1044.526 19.3 3.17 -0.03
1822 1044.556 34.4 3.29 -0.05
1823 1045.587 49.8 3.13 0.01
1824 1046.130 63.4 3.32 0.05
1825 1046.427 19.3 3.23 0.02
1826 1046.458 30.4 3.24 0.03
1827 1047.099 44.9 3.21 0.00
1828 1047.615 27.9 3.22 0.08
1829 1047.884 54.6 3.19 0.15
1830 1048.209 55.5 3.24 0.14
1831 1048.669 68.3 3.00 0.14
1832 1049.448 61.2 3.16 0.04
1833 1049.553 44.4 3.19 0.07
1834 1050.397 34.4 3.02 -0.12
1835 1050.639 23.3 3.28 0.01
1836 1050.769 49.5 3.19 0.03
1837 1052.110 33.8 3.00 0.09
1838 1052.462 32.1 3.25 0.11
1839 1052.909 59.4 3.27 0.28
1840 1053.042 71.4 3.23 0.07
1841 1053.346 44.9 3.09 0.03
1842 1053.837 52.3 3.17 -0.03
1843 1054.373 39.3 2.93 -0.07
1844 1055.124 47.5 2.91 0.13
1845 1055.639 54.6 3.07 0.14
1846 1055.837 85.9 3.04 0.10
1847 1056.250 68.3 2.99 0.13
1848 1056.425 21.6 3.06 0.14
1849 1058.141 48.9 3.21 0.10
1850 1058.780 23.3 3.08 0.13
1851 1059.080 72.2 3.10 0.19
1852 1059.196 50.6 3.16 0.29
1853 1060.561 33.8 3.08 0.03
1854 1061.043 41.5 3.01 -0.00
1855 1062.353 49.8 2.89 -0.11
1856 1062.422 51.5 2.96 -0.01
1857 1063.053 44.9 3.10 0.14
1858 1063.627 79.6 3.09 0.36
1859 1064.186 64.3 2.90 -0.02
1860 1064.541 63.4 2.86 -0.08
1861 1066.292 47.5 2.88 -0.09
1862 1066.579 45.8 2.81 -0.17
1863 1068.986 73.1 3.08 0.11
1864 1069.044 21.6 3.07 0.13
1865 1069.286 49.8 3.08 0.12
1866 1069.982 23.3 3.16 0.12
1867 1070.184 51.5 3.22 -0.01
1868 1070.272 42.1 3.17 -0.01
1869 1072.631 45.8 3.05 -0.21
1870 1073.078 43.5 2.96 -0.19
1871 1073.805 63.4 2.85 -0.10
1872 1073.983 29.0 2.88 -0.14
1873 1074.539 11.1 2.80 0.04
1874 1075.280 54.6 2.92 -0.14
1875 1076.662 62.6 2.93 -0.06
1876 1076.939 73.1 2.96 -0.08
1877 1077.034 53.8 2.95 -0.12
1878 1077.273 100.4 2.86 -0.13
1879 1077.812 41.8 2.91 -0.00
1880 1077.942 73.1 2.96 0.01
1881 1078.584 41.0 2.98 -0.02
1882 1079.413 55.5 2.95 0.10
1883 1079.577 58.9 2.85 0.10
1884 1079.652 48.4 2.92 -0.16
1885 1081.523 48.9 3.06 -0.06
1886 1082.468 35.3 3.13 -0.02
1887 1083.274 49.8 3.11 0.00
1888 1084.363 65.1 3.09 -0.02
1889 1084.946 48.1 3.12 -0.05
1890 1085.049 40.1 3.05 -0.04
1891 1085.223 48.9 3.11 -0.04
1892 1085.404 58.6 3.08 0.05
1893 1085.639 45.8 3.07 0.01
1894 1085.735 44.1 3.04 0.04
1895 1085.888 50.6 3.06 -0.01
1896 1086.192 31.3 3.09 0.03
1897 1086.991 65.1 3.04 0.04
1898 1087.735 36.4 3.00 0.23
1899 1088.715 132.6 3.03 0.21
1900 1089.158 37.8 3.13 0.31
1901 1090.281 81.9 3.11 0.17
1902 1090.466 33.0 3.11 0.22
1903 1091.855 29.0 3.08 0.18
1904 1092.159 27.3 3.15 0.23
1905 1093.227 41.0 3.12 0.21
1906 1093.487 49.8 3.11 0.23
1907 1094.842 42.7 3.12 0.14
1908 1096.029 19.3 3.32 0.26
1909 1096.060 21.6 3.21 0.25
1910 1097.221 38.7 3.16 0.26
1911 1097.722 46.6 3.06 0.28
1912 1098.316 35.3 3.03 0.08
1913 1098.347 16.8 3.00 0.15
1914 1099.091 50.6 3.16 0.18
1915 1099.883 23.3 3.07 0.19
1916 1100.050 48.1 3.02 0.23
1917 1100.122 46.6 3.09 0.11
1918 1100.272 54.9 3.12 0.14
1919 1100.733 59.4 3.14 0.14
1920 1100.832 41.8 3.15 0.07
1921 1102.115 70.0 3.03 0.14
1922 1102.368 73.1 2.97 0.13
1923 1102.962 47.5 3.08 0.16
1924 1103.969 82.8 3.16 0.15
1925 1104.204 53.8 3.13 0.15
1926 1104.983 33.0 3.22 0.03
1927 1105.658 37.8 3.20 0.19
1928 1105.928 37.8 3.20 0.11
1929 1105.983 54.6 3.17 0.08
1930 1106.133 51.5 3.19 0.13
1931 1106.938 16.8 3.27 -0.00
1932 1107.577 64.3 3.06 -0.01
1933 1108.341 41.0 3.05 0.12
1934 1109.611 52.3 3.00 -0.17
1935 1110.400 86.8 3.02 -0.08
1936 1110.522 37.0 3.01 -0.06
1937 1110.553 11.9 3.11 -0.07
1938 1110.645 76.2 3.04 -0.00
1939 1110.871 45.8 3.05 0.04
1940 1111.796 61.7 2.97 0.03
1941 1111.915 77.9 3.07 -0.01
1942 1112.113 23.3 2.93 -0.07
1943 1112.263 41.8 3.05 -0.15
1944 1112.751 44.1 3.04 -0.00
1945 1112.837 52.6 3.10 -0.00
1946 1112.997 59.4 3.23 0.04
1947 1114.004 33.0 3.13 0.01
1948 1114.161 31.6 3.09 -0.05
1949 1114.618 112.4 3.06 0.05
1950 1115.642 53.8 3.01 0.16
1951 1116.093 52.9 3.16 0.07
1952 1116.329 28.2 2.98 0.02
1953 1116.595 52.1 2.99 0.08
1954 1117.612 72.2 3.11 0.12
1955 1118.929 86.8 2.98 0.18
1956 1119.015 55.5 3.02 0.18
1957 1119.530 56.3 3.03 0.22
1958 1119.885 48.1 2.93 0.21
1959 1120.387 64.3 2.86 0.18
1960 1120.431 8.8 2.89 0.16
1961 1120.776 41.0 2.95 0.09
1962 1122.339 45.8 3.04 0.17
1963 1122.705 34.4 3.05 0.07
1964 1123.053 54.6 3.00 0.23
1965 1123.159 70.8 3.01 0.20
1966 1123.582 44.1 3.09 0.33
1967 1124.207 53.8 2.85 0.19
1968 1124.681 49.8 3.07 0.15
1969 1125.254 31.3 3.01 0.10
1970 1125.722 59.4 2.98 0.09
1971 1125.801 41.0 3.03 0.11
1972 1127.183 54.6 3.04 0.06
1973 1127.633 99.6 3.09 0.08
1974 1127.879 82.8 3.09 0.15
1975 1128.186 45.8 3.02 0.12
1976 1128.296 80.2 3.01 0.16
1977 1129.828 22.8 3.19 -0.03
1978 1130.337 52.9 3.14 -0.09
1979 1130.446 84.5 3.09 0.07
1980 1131.470 68.3 3.11 -0.08
1981 1131.596 31.3 3.15 -0.04
1982 1131.822 41.0 3.12 -0.12
1983 1132.078 54.6 3.13 -0.01
1984 1132.794 32.1 3.10 -0.13
1985 1132.941 49.8 3.06 -0.09
1986 1133.037 49.8 3.04 -0.09
1987 1133.088 36.4 3.13 -0.10
1988 1133.170 43.2 3.13 -0.10
1989 1134.078 72.2 3.08 -0.09
1990 1134.750 55.2 2.86 -0.28
1991 1134.825 59.4 2.88 -0.29
1992 1134.952 47.5 2.97 -0.30
1993 1137.157 54.6 2.88 0.27
1994 1138.280 72.2 3.15 -0.35
1995 1138.495 21.6 2.93 0.02
1996 1139.778 88.5 2.87 0.22
1997 1140.563 37.8 2.98 0.18
1998 1141.147 49.8 3.11 0.21
1999 1141.249 54.6 3.01 0.20
2000 1141.700 46.6 3.00 0.13
