1 0.237 85.0 2.32 0.00
2 0.332 32.1 2.83 0.00
3 0.438 53.8 2.72 -0.01
4 0.541 68.3 2.73 -0.00
5 0.851 44.9 2.60 -0.01
6 1.510 59.4 1.91 -0.03
7 1.636 91.6 2.21 -0.01
8 1.831 63.4 2.12 0.00
9 2.261 47.5 2.84 -0.01
10 2.319 32.1 2.32 0.01
11 2.401 95.6 2.82 -0.00
12 2.582 43.5 2.41 0.00
13 2.766 67.4 2.86 0.00
14 2.981 24.2 2.66 -0.00
15 3.394 18.5 2.41 -0.00
16 3.462 23.6 2.77 -0.00
17 3.725 33.0 2.88 0.01
18 3.780 28.7 2.92 0.01
19 3.869 41.0 2.96 0.00
20 3.974 64.3 2.71 -0.01
21 4.056 24.2 2.86 -0.01
22 4.265 42.7 2.66 0.00
23 4.391 37.8 2.48 -0.00
24 4.524 44.7 2.52 0.00
25 4.763 18.5 2.47 0.00
26 4.896 81.9 2.20 -0.01
27 4.981 18.5 2.66 0.00
28 5.060 23.3 3.00 -0.01
29 5.094 23.3 2.13 0.00
30 5.435 64.0 2.86 -0.00
31 5.534 62.9 2.05 -0.00
32 5.657 31.3 2.84 0.00
33 5.783 35.6 2.79 0.00
34 6.961 36.1 2.44 0.00
35 7.040 62.6 2.38 0.00
36 7.978 54.9 2.42 0.00
37 8.111 64.3 2.49 0.00
38 8.176 37.8 2.41 0.00
39 8.289 33.8 2.37 0.01
40 8.371 23.3 2.21 0.01
41 8.466 48.9 2.51 0.00
42 8.634 14.5 2.43 -0.00
43 8.982 66.6 2.06 0.00
44 9.094 75.9 2.34 0.00
45 9.344 55.5 1.55 0.01
46 9.432 71.4 2.03 0.00
47 9.647 93.0 2.21 0.01
48 9.763 72.2 1.82 0.01
49 9.842 40.1 2.62 0.00
50 10.132 65.1 2.40 0.00
51 10.248 73.1 1.95 0.01
52 10.627 22.5 2.55 0.00
53 11.224 57.7 2.43 0.01
54 11.296 39.0 2.47 0.01
55 11.753 55.5 2.56 0.01
56 11.941 41.0 2.60 0.01
57 12.289 54.6 2.45 0.01
58 12.385 65.7 2.21 0.01
59 12.453 57.5 2.48 0.01
60 12.484 25.0 2.60 0.01
61 12.538 35.8 2.18 0.00
62 12.668 37.8 2.54 0.00
63 12.716 35.3 2.53 0.00
64 14.825 100.7 2.13 0.01
65 14.921 81.4 3.06 0.01
66 14.979 42.4 1.86 0.00
67 15.440 59.4 2.79 0.01
68 16.317 49.8 2.88 0.00
69 16.460 37.8 1.74 0.00
70 16.546 40.4 2.39 0.00
71 16.699 104.4 2.59 0.00
72 16.901 87.6 1.37 0.00
73 17.566 16.8 2.68 0.01
74 17.955 27.3 2.67 0.00
75 18.338 149.3 2.46 0.00
76 18.515 64.3 2.48 0.00
77 18.956 24.2 2.38 0.00
78 18.993 14.5 2.46 0.00
79 19.266 63.4 2.16 -0.00
80 19.478 49.8 2.38 -0.00
81 19.727 38.4 2.43 -0.00
82 20.007 64.3 2.21 -0.00
83 20.256 58.3 3.07 -0.00
84 20.754 64.3 3.15 -0.00
85 20.860 35.3 3.00 0.00
86 20.928 59.4 3.07 -0.00
87 21.263 59.4 3.02 -0.00
88 21.427 30.4 2.85 0.00
89 21.751 76.2 2.71 -0.00
90 21.946 41.0 2.65 0.00
91 22.560 54.6 2.46 -0.00
92 22.707 60.3 2.80 -0.00
93 22.854 41.0 2.31 -0.00
94 23.103 45.8 2.59 -0.00
95 23.202 39.0 2.67 -0.00
96 23.369 37.0 2.77 -0.00
97 23.550 64.3 2.70 0.00
98 23.663 67.4 2.60 -0.00
99 23.717 21.6 2.32 -0.00
100 24.209 81.9 2.66 -0.00
101 24.366 26.5 1.98 0.00
102 24.451 64.3 2.58 -0.00
103 24.605 71.4 2.59 -0.00
104 24.765 19.3 2.40 -0.00
105 24.960 81.1 2.55 -0.00
106 25.048 36.1 2.38 -0.01
107 25.209 150.2 2.71 -0.00
108 25.530 59.4 2.47 -0.00
109 25.847 65.1 2.31 -0.00
110 25.939 19.3 2.17 -0.01
111 26.233 51.5 2.28 -0.01
112 26.789 30.7 2.53 -0.01
113 27.117 49.8 2.62 -0.00
114 27.182 50.6 2.62 -0.00
115 28.670 15.9 2.79 0.01
116 29.223 50.6 2.55 0.00
117 29.353 28.2 2.73 -0.00
118 29.462 68.3 3.08 -0.01
119 30.622 62.6 2.24 -0.00
120 31.083 41.0 2.28 0.00
121 31.199 38.7 2.77 0.00
122 31.281 28.7 2.27 0.00
123 31.629 34.4 2.66 0.01
124 33.117 90.7 2.94 0.00
125 33.189 66.0 2.51 0.00
126 33.233 37.5 2.69 -0.00
127 33.640 54.6 2.85 -0.00
128 33.834 21.6 2.85 -0.00
129 37.067 41.8 3.03 -0.01
130 37.111 38.4 2.83 -0.01
131 37.258 33.0 2.81 -0.00
132 39.193 19.3 2.48 -0.01
133 39.244 20.2 2.66 -0.01
134 40.320 49.8 2.65 0.24
135 43.330 38.7 2.96 -0.00
136 43.378 27.0 2.96 -0.01
137 43.716 44.4 2.55 0.00
138 45.395 32.7 3.05 -0.00
139 51.147 92.4 2.63 0.66
140 52.355 56.3 2.78 0.01
141 59.072 56.3 2.26 0.57
142 60.888 24.7 2.52 0.01
143 61.189 53.2 2.25 0.01
144 63.182 74.8 2.09 0.00
145 63.462 21.6 2.47 0.01
146 63.537 33.6 2.27 0.01
147 63.909 37.0 2.64 0.01
148 64.216 40.1 2.72 0.00
149 65.165 77.1 1.85 0.01
150 65.537 47.5 2.52 0.01
151 65.862 23.3 2.48 0.00
152 66.131 41.0 2.29 -0.00
153 66.196 73.1 1.93 0.01
154 66.660 69.1 2.37 0.01
155 67.630 77.1 2.27 0.00
156 68.353 36.1 2.26 0.00
157 68.667 31.3 2.47 0.01
158 70.292 47.5 2.44 0.00
159 70.726 20.8 2.20 -0.00
160 71.825 44.1 1.77 -0.00
161 72.029 81.9 1.97 -0.00
162 72.456 137.4 1.67 0.00
163 72.569 81.1 2.15 0.00
164 72.661 45.5 1.63 0.00
165 72.712 43.5 1.62 -0.00
166 74.234 17.6 2.01 0.00
167 74.275 39.8 1.72 0.00
168 75.955 28.2 2.53 0.00
169 76.385 32.1 1.98 -0.00
170 77.764 23.0 2.49 0.01
171 77.965 45.8 2.60 0.00
172 78.378 51.5 2.71 -0.00
173 79.020 37.8 2.28 -0.00
174 79.064 23.3 2.31 0.00
175 79.556 32.1 2.18 0.00
176 80.416 26.5 2.31 -0.01
177 80.836 40.1 2.30 -0.01
178 81.338 32.7 2.25 -0.01
179 81.853 17.6 2.66 -0.01
180 82.000 35.3 2.78 -0.01
181 82.423 27.3 2.69 -0.01
182 82.618 49.8 2.72 -0.01
183 82.730 19.3 2.76 -0.01
184 82.850 23.3 2.68 -0.01
185 82.990 108.4 2.52 -0.01
186 83.082 86.2 2.38 -0.01
187 83.208 36.1 2.54 -0.01
188 83.580 46.6 2.78 -0.01
189 83.884 54.6 2.65 -0.01
190 84.283 31.3 2.76 -0.00
191 84.628 19.3 2.79 -0.00
192 84.823 55.5 2.78 0.00
193 85.099 107.5 2.86 -0.00
194 85.758 41.0 2.89 -0.01
195 86.410 26.5 2.59 -0.01
196 86.509 32.1 2.48 -0.01
197 86.577 37.3 2.61 -0.01
198 86.635 33.3 2.65 -0.01
199 87.021 31.3 2.76 -0.01
200 87.724 64.3 2.69 -0.00
201 87.847 58.6 2.74 -0.00
202 88.332 54.6 2.95 -0.00
203 88.577 79.1 2.71 -0.01
204 88.632 40.7 2.56 -0.00
205 88.697 70.5 2.92 -0.00
206 88.785 79.4 2.89 0.00
207 88.902 36.1 2.73 -0.00
208 89.069 39.3 2.74 -0.00
209 89.410 63.4 2.90 -0.00
210 89.922 22.5 2.61 -0.00
211 90.714 49.8 2.54 -0.00
212 90.953 53.2 2.55 -0.00
213 91.076 45.8 2.58 -0.00
214 91.352 42.7 2.42 -0.00
215 91.543 54.6 2.65 0.01
216 92.154 58.6 2.85 -0.01
217 92.574 27.3 2.75 0.00
218 92.813 97.8 2.51 -0.00
219 93.008 65.1 2.70 -0.00
220 93.158 44.9 2.76 0.01
221 93.243 75.9 2.70 0.01
222 93.581 37.0 2.96 -0.00
223 93.653 60.9 2.72 0.00
224 93.820 61.7 2.81 -0.00
225 93.865 22.5 2.96 0.00
226 93.967 94.7 2.58 -0.00
227 94.086 72.2 2.80 0.01
228 94.397 54.6 2.85 -0.00
229 94.465 60.6 2.88 -0.00
230 94.793 54.6 2.76 0.00
231 96.510 20.2 2.33 0.00
232 96.650 59.4 2.68 -0.00
233 96.715 49.8 2.61 -0.00
234 96.800 19.3 2.72 -0.01
235 96.906 62.6 2.60 -0.01
236 97.431 59.4 2.44 0.00
237 97.571 22.5 2.64 -0.00
238 97.967 22.5 2.55 0.01
239 98.039 74.0 2.25 0.01
240 98.356 17.6 2.29 0.00
241 98.681 55.5 2.55 -0.01
242 99.251 53.8 2.30 0.01
243 99.664 50.6 2.01 0.00
244 99.800 58.6 2.05 0.00
245 100.131 44.9 2.69 -0.00
246 100.271 45.8 2.12 0.00
247 100.527 46.9 2.13 0.00
248 100.643 40.1 2.32 0.00
249 100.821 54.6 2.36 -0.00
250 100.971 85.0 2.08 0.00
251 101.323 59.4 2.82 0.00
252 101.442 35.3 2.86 0.00
253 101.599 53.8 2.91 -0.00
254 101.753 68.3 2.74 -0.00
255 102.077 54.6 2.93 0.00
256 102.879 71.7 3.08 -0.01
257 102.951 46.6 3.00 -0.00
258 103.128 109.2 2.70 -0.00
259 103.227 78.5 2.23 -0.00
260 103.350 73.1 2.58 0.00
261 103.558 42.7 2.83 -0.00
262 103.886 64.3 2.34 -0.00
263 103.951 59.2 2.97 -0.00
264 103.999 41.0 2.66 0.00
265 104.087 19.3 2.74 -0.00
266 104.156 55.5 2.42 -0.00
267 104.507 66.0 2.03 -0.00
268 104.617 47.8 2.55 -0.01
269 104.753 97.3 2.82 -0.00
270 105.077 44.1 2.62 -0.00
271 105.197 37.0 2.98 0.00
272 105.313 39.3 2.81 -0.00
273 105.548 48.1 3.18 -0.01
274 105.634 29.3 2.35 -0.01
275 109.324 18.5 2.22 0.00
276 109.481 68.6 2.36 0.00
277 109.583 76.2 2.43 0.00
278 110.334 71.4 2.98 0.00
279 110.822 45.5 2.96 0.00
280 110.880 35.8 2.28 0.00
281 111.170 46.6 2.18 0.00
282 111.365 108.4 2.66 0.00
283 111.955 27.3 2.86 0.00
284 112.153 35.3 3.09 0.01
285 112.341 27.3 3.02 0.01
286 112.471 49.8 2.69 0.01
287 112.696 37.0 3.08 0.00
288 112.761 40.4 2.39 0.00
289 112.822 57.7 2.58 0.00
290 112.904 58.0 2.52 0.00
291 113.194 49.5 2.72 0.01
292 113.276 56.0 2.92 0.01
293 113.348 33.6 3.15 0.00
294 113.553 49.8 2.40 0.00
295 113.846 41.8 2.36 0.01
296 113.911 38.4 2.49 0.01
297 113.986 62.6 2.56 0.01
298 114.054 45.8 2.46 0.01
299 114.437 50.6 2.44 0.01
300 114.652 29.0 2.33 0.01
301 114.771 20.8 2.27 0.01
302 114.860 64.3 2.91 0.00
303 115.372 41.0 2.77 0.01
304 115.450 110.1 2.53 0.01
305 115.768 36.1 2.75 0.01
306 115.829 43.0 2.75 0.01
307 115.932 63.7 3.09 0.01
308 116.246 32.1 3.10 0.01
309 116.464 32.1 2.80 0.00
310 116.577 16.8 3.07 0.00
311 117.222 31.6 2.72 0.01
312 118.621 26.5 2.47 0.01
313 118.741 41.0 2.48 0.01
314 119.103 24.2 2.98 0.00
315 119.164 26.5 2.50 0.01
316 119.550 65.1 2.49 0.00
317 119.830 22.5 2.61 0.00
318 119.867 28.4 2.69 0.00
319 120.116 20.2 2.86 0.01
320 120.161 27.0 2.79 0.01
321 120.772 50.6 2.65 0.01
322 120.943 31.3 2.56 0.00
323 120.997 38.1 3.08 0.00
324 121.349 48.9 3.23 0.01
325 122.782 41.8 2.68 0.00
326 123.673 17.6 2.90 0.00
327 125.178 14.5 3.10 0.00
328 125.663 27.3 3.16 0.00
329 126.585 26.5 2.80 0.00
330 127.588 27.3 2.68 0.00
331 128.121 17.6 2.93 0.00
332 128.807 21.6 2.87 -0.00
333 128.984 41.0 2.70 0.00
334 129.363 17.6 2.69 -0.00
335 130.090 48.1 2.77 -0.00
336 131.077 54.6 3.15 -0.00
337 131.592 64.3 3.20 -0.00
338 131.657 46.4 2.92 -0.00
339 131.756 16.8 2.92 -0.00
340 132.456 23.3 2.95 0.00
341 132.524 51.2 3.02 -0.00
342 132.838 25.6 2.95 0.00
343 132.906 35.3 3.00 0.00
344 133.237 36.1 2.74 0.00
345 133.493 53.2 2.83 -0.01
346 134.852 17.6 2.84 0.01
347 135.227 32.1 2.17 0.01
348 135.422 28.2 2.89 0.00
349 135.831 19.3 3.24 -0.00
350 136.436 36.1 2.63 0.00
351 136.675 21.6 3.05 -0.00
352 137.647 41.8 2.98 0.00
353 137.716 45.8 2.95 -0.00
354 138.033 70.0 2.67 0.00
355 138.917 18.5 2.85 -0.00
356 139.002 31.3 2.78 -0.00
357 139.675 41.8 2.74 -0.01
358 139.883 81.9 2.33 -0.00
359 140.006 40.1 2.68 -0.01
360 142.235 21.6 2.40 0.00
361 142.518 51.5 2.55 -0.01
362 142.791 63.4 2.16 0.00
363 142.938 27.3 2.77 -0.00
364 143.477 8.0 2.99 -0.01
365 146.375 81.9 2.72 0.57
366 150.051 73.1 1.90 0.73
367 152.123 53.8 3.18 -0.00
368 152.902 18.5 2.92 0.01
369 153.854 40.1 2.75 -0.00
370 154.025 50.6 3.07 0.00
371 154.144 18.5 3.11 0.00
372 154.229 29.9 3.13 -0.00
373 154.281 38.1 3.13 -0.00
374 154.345 46.9 3.07 -0.00
375 154.615 44.9 3.20 -0.00
376 154.724 68.0 2.88 -0.00
377 154.854 18.5 3.29 -0.00
378 155.124 62.3 3.07 -0.00
379 155.680 68.3 2.90 0.00
380 155.735 47.8 2.94 0.00
381 156.796 45.8 3.11 0.00
382 157.021 23.3 3.13 -0.00
383 157.090 37.0 3.12 0.01
384 157.271 55.5 2.73 0.01
385 157.349 37.8 3.07 -0.00
386 157.482 53.8 3.15 -0.00
387 157.639 41.0 3.13 0.00
388 157.964 68.8 2.74 0.00
389 158.049 33.6 2.79 0.00
390 158.158 55.2 2.95 0.01
391 158.278 46.6 2.71 0.00
392 158.540 71.1 2.58 -0.00
393 158.622 17.1 3.15 -0.00
394 158.871 48.9 2.66 0.00
395 159.380 100.7 2.64 0.00
396 160.534 41.0 2.97 -0.00
397 160.616 42.7 3.09 -0.00
398 160.981 46.9 3.24 0.00
399 161.175 22.5 3.18 0.01
400 161.612 61.4 3.07 0.01
401 161.844 68.3 3.09 0.01
402 161.988 28.7 3.00 -0.00
403 162.251 30.7 3.11 0.00
404 162.821 47.2 3.24 0.01
405 163.169 16.8 2.91 0.01
406 163.507 40.1 2.61 0.01
407 164.503 23.3 2.63 0.01
408 164.660 50.6 2.95 0.01
409 164.968 45.8 3.28 0.00
410 165.026 45.2 2.84 0.01
411 165.231 21.6 2.80 -0.00
412 165.596 58.6 2.64 -0.01
413 166.118 17.6 1.83 0.01
414 166.418 43.2 2.74 -0.01
415 166.691 72.2 3.19 -0.00
416 166.760 50.9 3.15 -0.00
417 166.934 40.1 3.13 -0.00
418 166.985 30.7 3.05 -0.00
419 167.255 33.0 3.06 -0.01
420 167.941 27.3 3.07 -0.00
421 168.047 24.5 2.92 0.00
422 168.105 27.0 2.67 -0.00
423 168.702 41.8 3.10 -0.00
424 168.811 54.6 3.19 0.01
425 169.234 56.3 3.00 -0.00
426 169.357 37.8 3.06 -0.01
427 170.726 15.4 3.04 -0.01
428 170.890 41.0 2.97 0.01
429 171.200 61.2 2.99 0.00
430 171.849 37.8 2.68 -0.01
431 171.904 38.4 2.80 -0.01
432 172.241 50.9 2.45 -0.01
433 172.518 58.6 2.61 -0.00
434 173.368 37.0 2.36 0.01
435 173.569 18.5 2.47 -0.00
436 174.016 16.8 2.04 0.00
437 174.310 95.6 2.19 -0.00
438 174.638 98.1 2.38 -0.00
439 175.023 78.8 2.69 -0.00
440 175.109 63.4 2.56 -0.01
441 175.464 72.8 2.50 0.00
442 176.105 58.9 2.28 0.00
443 176.177 41.0 2.43 0.00
444 176.894 99.3 2.20 0.00
445 177.269 67.4 2.13 0.00
446 178.003 22.5 2.82 -0.00
447 178.546 43.2 2.15 -0.01
448 179.505 19.3 2.79 -0.00
449 179.560 40.7 2.46 -0.00
450 179.805 118.0 2.48 0.01
451 179.935 34.4 2.24 0.00
452 179.997 68.3 2.29 0.01
453 180.126 37.0 2.42 0.00
454 180.341 40.1 2.71 0.01
455 180.942 37.0 2.57 0.01
456 181.147 65.1 2.66 -0.00
457 181.522 104.4 2.46 0.01
458 181.632 63.4 2.40 0.01
459 181.710 62.3 2.26 0.01
460 181.888 66.8 2.00 0.01
461 182.540 32.1 2.59 0.01
462 183.065 32.1 2.86 0.02
463 183.229 71.4 2.17 0.01
464 183.321 81.6 1.63 0.01
465 183.441 68.6 3.01 0.00
466 183.577 71.4 2.90 0.00
467 183.932 41.0 1.74 0.01
468 184.277 75.1 2.63 0.01
469 184.369 89.9 2.58 0.00
470 184.529 33.8 2.36 0.01
471 184.598 33.8 1.92 0.01
472 184.888 42.4 2.94 0.01
473 185.745 29.0 2.57 0.01
474 186.253 42.7 2.96 0.01
475 186.325 31.3 2.85 0.01
476 186.516 59.4 1.95 0.01
477 187.209 59.7 3.02 0.00
478 187.844 46.9 2.56 0.01
479 187.994 17.6 2.77 0.00
480 188.574 24.2 1.82 0.01
481 189.308 28.2 2.59 0.00
482 189.527 22.5 2.52 -0.01
483 189.981 35.3 2.36 -0.01
484 191.141 20.2 2.57 0.00
485 191.366 21.6 2.38 0.00
486 192.650 41.8 2.76 -0.00
487 192.766 45.8 2.76 -0.01
488 192.981 32.1 2.30 -0.01
489 193.240 26.5 2.25 -0.00
490 193.479 22.5 2.42 -0.00
491 193.640 61.7 2.57 -0.01
492 194.169 31.3 2.10 -0.01
493 194.667 22.5 2.74 -0.02
494 195.718 32.1 2.21 -0.01
495 195.790 44.9 2.48 -0.00
496 196.084 19.3 2.63 -0.02
497 196.142 39.0 2.64 -0.02
498 198.855 78.8 2.03 -0.01
499 199.313 26.2 2.04 -0.01
500 199.500 54.6 2.49 0.00
501 199.845 44.9 2.36 -0.01
502 200.463 39.3 2.31 -0.00
503 200.528 34.1 2.36 -0.00
504 201.606 26.5 2.38 0.05
505 202.405 59.4 1.90 0.01
506 209.901 32.1 2.69 -0.08
507 212.727 34.4 2.53 0.01
508 216.246 50.6 2.82 -0.31
509 216.915 8.8 2.98 -0.00
510 220.189 33.0 2.39 -0.01
511 220.786 17.6 2.57 -0.00
512 221.902 43.5 2.16 -0.00
513 224.111 37.8 1.86 -0.01
514 224.373 54.6 2.12 0.00
515 225.462 63.4 2.77 0.02
516 225.766 58.6 2.61 0.01
517 225.862 47.5 2.55 0.01
518 225.991 37.0 2.50 -0.01
519 226.244 47.5 2.79 -0.00
520 226.309 51.8 2.66 -0.00
521 230.009 19.3 2.79 0.00
522 230.053 44.9 2.87 0.00
523 230.176 27.3 3.03 0.01
524 230.674 49.8 3.03 -0.00
525 231.033 24.2 2.71 0.00
526 231.432 23.3 2.44 -0.00
527 231.866 55.8 2.20 0.01
528 232.323 50.6 3.05 0.00
529 232.572 78.8 2.91 0.00
530 233.006 41.0 2.63 0.00
531 233.200 49.8 2.72 0.01
532 233.477 28.2 2.78 0.00
533 233.740 34.4 2.57 0.00
534 233.931 44.9 2.43 -0.00
535 234.306 28.2 2.85 -0.01
536 234.436 54.6 2.35 -0.00
537 234.596 63.4 2.96 0.00
538 235.426 48.9 2.65 -0.00
539 235.883 44.9 1.85 -0.00
540 236.143 17.6 2.89 -0.00
541 236.361 41.0 3.05 -0.00
542 237.016 70.5 1.72 0.00
543 237.269 47.5 2.86 0.00
544 237.617 77.1 2.59 -0.01
545 237.754 34.7 2.61 -0.01
546 237.822 18.2 3.16 -0.00
547 237.989 37.0 2.50 -0.01
548 238.136 26.5 2.41 0.00
549 238.330 41.0 2.90 0.01
550 238.406 45.8 2.98 -0.00
551 238.685 60.3 2.16 -0.00
552 239.675 35.3 2.58 -0.00
553 239.976 18.5 2.94 0.00
554 240.484 67.4 2.72 -0.00
555 240.580 37.0 2.95 -0.00
556 240.976 28.2 3.03 -0.00
557 241.088 49.8 2.16 -0.00
558 241.379 45.8 3.07 0.00
559 241.501 55.5 3.11 0.01
560 241.580 39.3 2.68 -0.00
561 241.751 48.9 2.98 -0.00
562 241.911 17.6 2.96 0.00
563 242.099 48.9 1.86 0.00
564 242.143 30.4 3.12 0.01
565 242.430 23.3 2.45 0.01
566 242.549 53.8 3.23 0.01
567 242.747 55.5 2.93 -0.00
568 242.850 19.3 2.57 -0.00
569 242.938 50.1 3.10 -0.00
570 243.133 26.5 2.82 0.01
571 243.280 31.3 2.78 0.00
572 243.382 45.8 2.80 0.00
573 244.137 31.3 2.86 -0.00
574 244.181 19.3 2.97 0.00
575 244.338 44.9 2.94 0.01
576 244.676 82.5 2.91 0.00
577 245.021 36.1 2.77 -0.00
578 245.263 20.2 2.93 -0.00
579 245.437 64.3 2.67 -0.00
580 245.690 16.8 2.98 0.01
581 246.287 59.4 2.05 0.00
582 247.318 57.5 2.80 -0.00
583 247.379 56.6 2.65 -0.00
584 247.683 32.1 2.85 0.00
585 248.069 41.8 2.94 -0.00
586 248.161 15.4 2.94 -0.00
587 248.352 50.6 2.87 0.00
588 248.721 53.8 2.65 -0.00
589 249.110 35.3 3.04 0.00
590 249.564 54.6 3.05 -0.00
591 249.888 80.2 2.39 0.00
592 250.304 100.4 2.76 -0.00
593 250.496 23.3 3.11 -0.01
594 250.704 26.5 2.92 -0.00
595 250.765 28.2 2.97 -0.00
596 250.895 22.5 3.00 -0.00
597 250.932 49.8 3.00 -0.00
598 251.028 35.3 2.02 -0.00
599 251.165 16.8 2.87 -0.00
600 251.956 44.9 1.91 -0.01
601 252.045 47.5 2.80 -0.01
602 252.438 27.3 2.29 -0.00
603 252.854 27.3 2.69 -0.01
604 253.728 19.3 2.45 0.00
605 253.766 14.5 2.76 -0.00
606 254.175 56.3 2.83 -0.01
607 254.400 17.6 2.78 -0.00
608 254.650 48.1 2.76 0.00
609 254.824 32.1 2.36 0.00
610 255.325 73.1 2.51 -0.00
611 255.657 38.7 2.48 -0.00
612 256.326 37.0 2.63 -0.01
613 256.435 31.3 2.26 -0.00
614 256.527 33.0 2.63 -0.00
615 256.991 18.5 2.48 -0.00
616 257.042 16.8 2.97 -0.00
617 257.350 53.5 3.01 -0.00
618 258.507 36.1 3.12 -0.00
619 259.578 23.3 2.99 -0.00
620 260.340 94.7 2.65 0.01
621 260.473 50.6 2.91 -0.00
622 260.582 24.2 2.77 -0.00
623 260.923 51.5 2.94 -0.00
624 261.005 51.8 2.50 -0.00
625 261.142 54.0 2.82 0.26
626 261.432 81.1 2.54 -0.01
627 261.705 81.1 2.48 -0.00
628 262.200 60.9 2.73 0.01
629 262.319 73.1 2.97 -0.00
630 262.374 19.3 2.92 -0.01
631 262.476 24.2 2.79 -0.00
632 262.797 46.6 2.90 -0.01
633 263.019 44.4 2.85 -0.01
634 263.545 32.1 2.71 -0.01
635 263.814 57.7 2.69 -0.01
636 263.995 51.2 2.79 -0.01
637 264.115 45.8 2.76 -0.01
638 264.221 65.4 2.23 -0.01
639 264.954 29.9 2.49 0.02
640 265.453 44.1 2.66 0.00
641 265.501 37.3 2.63 -0.00
642 265.579 52.6 2.71 0.00
643 265.815 52.1 2.65 -0.00
644 266.641 61.4 2.56 -0.01
645 266.996 50.6 2.42 -0.00
646 267.183 27.0 2.29 -0.00
647 267.764 59.4 2.50 -0.00
648 267.972 48.1 2.56 0.00
649 268.207 27.9 2.55 0.01
650 268.337 41.0 2.64 -0.01
651 268.467 45.8 2.79 0.00
652 268.740 28.2 2.71 0.00
653 268.818 48.9 2.74 -0.00
654 269.081 48.1 2.45 -0.01
655 269.675 41.0 2.64 -0.00
656 269.897 37.8 2.97 -0.00
657 269.972 35.8 2.76 -0.00
658 270.033 41.5 2.77 0.00
659 270.204 17.6 2.88 0.00
660 271.419 44.9 3.08 -0.00
661 271.600 49.8 2.91 0.01
662 271.675 54.9 2.91 0.01
663 271.785 31.9 2.21 0.00
664 272.334 78.2 2.28 -0.00
665 272.447 59.4 3.11 0.01
666 274.304 77.1 2.68 0.00
667 281.721 13.7 2.64 0.01
668 282.513 37.0 2.18 -0.00
669 282.598 22.5 2.34 -0.00
670 283.117 36.1 2.69 0.01
671 283.724 53.5 2.33 0.00
672 283.796 28.4 2.26 -0.00
673 284.148 46.6 2.81 0.00
674 284.434 35.3 2.55 0.00
675 284.721 23.3 2.32 -0.00
676 284.830 72.2 1.83 0.00
677 285.011 39.3 2.38 -0.00
678 285.052 18.5 2.23 0.00
679 285.172 37.0 2.50 0.00
680 288.421 29.0 2.46 -0.01
681 288.483 44.4 2.52 -0.01
682 288.708 77.9 2.98 -0.00
683 289.029 97.6 2.78 0.00
684 289.193 37.0 2.60 -0.00
685 289.305 40.1 2.68 0.00
686 289.360 22.5 2.77 -0.00
687 289.913 37.0 1.94 -0.00
688 290.759 19.3 2.93 0.00
689 290.882 53.8 2.70 0.00
690 291.152 113.2 0.76 0.14
691 291.609 36.1 1.97 0.00
692 291.691 52.3 2.89 0.00
693 291.940 29.0 2.99 -0.00
694 292.705 29.0 2.45 0.01
695 292.814 41.8 2.64 0.01
696 293.261 51.8 2.49 0.00
697 293.510 35.3 2.67 0.00
698 293.753 21.6 2.36 0.00
699 293.958 23.3 1.94 0.01
700 294.121 61.2 1.93 0.01
701 294.555 48.9 2.50 0.00
702 295.101 41.0 2.80 0.01
703 295.261 71.4 2.47 0.01
704 295.381 21.6 2.43 0.00
705 296.221 53.8 2.61 0.01
706 296.292 61.2 2.65 0.00
707 296.367 74.8 2.40 0.00
708 296.579 44.9 1.95 0.01
709 296.692 21.6 2.06 0.00
710 297.320 21.6 3.05 0.00
711 298.323 53.8 1.86 0.00
712 299.743 29.0 2.84 0.00
713 301.354 22.5 2.62 0.00
714 303.505 27.3 3.25 -0.00
715 303.614 17.6 3.25 -0.00
716 304.126 19.3 3.21 -0.01
717 304.242 19.3 3.04 -0.01
718 305.351 14.5 3.20 -0.01
719 306.147 40.4 3.15 -0.01
720 306.287 31.3 2.79 -0.01
721 306.935 31.3 2.61 -0.01
722 307.543 85.0 2.69 -0.01
723 307.782 33.0 2.33 -0.01
724 308.096 27.3 2.15 -0.01
725 311.185 49.8 2.86 -0.00
726 311.239 45.8 2.76 -0.01
727 311.301 24.2 2.08 -0.00
728 311.383 81.9 2.12 -0.01
729 312.372 56.6 1.86 -0.01
730 312.475 43.0 2.21 -0.01
731 312.680 59.4 2.12 -0.01
732 312.939 17.6 2.24 -0.00
733 313.533 70.8 2.16 -0.00
734 313.854 85.0 2.67 -0.01
735 314.352 28.2 2.21 -0.00
736 314.591 48.9 2.68 -0.00
737 314.987 24.2 2.71 -0.01
738 315.444 36.1 2.53 -0.00
739 315.485 29.0 2.57 -0.01
740 315.700 35.3 2.63 -0.00
741 316.018 18.5 2.44 0.00
742 316.448 35.3 2.87 -0.01
743 316.687 68.6 3.22 -0.01
744 316.776 35.6 3.17 -0.00
745 316.974 23.3 2.86 -0.00
746 317.882 44.9 2.65 -0.00
747 318.233 23.3 2.77 -0.00
748 318.878 23.3 2.71 0.00
749 318.950 54.0 2.79 0.00
750 319.046 19.3 3.20 -0.00
751 319.343 53.5 2.43 0.00
752 320.001 71.4 3.33 0.00
753 320.520 41.0 3.05 0.00
754 320.756 39.3 2.87 0.00
755 321.213 54.6 3.12 -0.00
756 321.350 25.6 2.92 -0.00
757 321.411 73.1 3.38 0.00
758 321.479 19.3 3.24 0.00
759 321.585 44.9 3.29 0.01
760 321.657 22.5 2.87 0.00
761 322.230 45.8 2.41 -0.00
762 322.650 54.6 2.70 0.01
763 322.848 24.2 2.78 0.00
764 323.200 42.7 2.84 -0.00
765 323.343 22.5 2.99 0.00
766 323.507 69.1 1.89 -0.00
767 323.906 81.1 2.71 0.00
768 323.968 28.4 2.86 0.00
769 324.152 94.7 2.49 0.00
770 324.217 88.7 2.71 0.00
771 324.319 37.8 2.66 0.00
772 324.800 51.5 2.72 0.01
773 325.108 65.1 2.12 0.00
774 325.452 92.2 2.68 0.01
775 325.538 76.2 2.73 0.00
776 325.927 51.5 2.71 0.00
777 326.381 49.8 3.08 0.00
778 326.463 32.1 2.59 0.00
779 326.657 24.7 2.68 0.01
780 326.708 32.4 2.47 0.01
781 326.992 89.9 2.43 0.01
782 327.214 73.1 2.60 0.00
783 327.354 48.9 2.45 0.00
784 327.439 35.3 2.90 0.01
785 327.883 39.3 2.96 0.00
786 327.934 55.5 2.07 0.00
787 328.391 33.0 2.41 -0.00
788 328.524 82.8 2.65 0.00
789 329.030 58.6 2.32 0.01
790 329.094 44.1 2.42 0.01
791 329.149 46.1 2.47 0.00
792 329.934 22.5 2.93 0.00
793 329.996 49.8 3.16 0.00
794 330.088 63.7 3.15 -0.00
795 330.153 50.6 3.26 0.00
796 330.279 41.8 3.26 0.01
797 330.354 56.3 3.27 0.00
798 330.460 72.0 1.93 0.01
799 331.156 78.8 3.18 0.00
800 331.388 38.1 3.29 0.00
801 332.125 57.7 2.95 0.00
802 332.334 44.9 3.02 0.01
803 332.429 36.1 2.54 0.01
804 332.614 43.0 2.86 -0.00
805 332.760 48.9 3.11 -0.01
806 333.993 36.1 3.27 -0.00
807 334.047 46.4 3.30 -0.00
808 336.457 57.7 2.71 0.01
809 336.563 55.2 2.83 0.01
810 336.699 51.5 2.95 -0.01
811 336.870 41.0 3.13 -0.00
812 336.972 34.4 3.03 -0.00
813 337.146 12.8 3.04 0.00
814 337.358 78.5 2.87 0.00
815 337.583 48.9 2.69 0.00
816 337.665 88.5 2.84 0.00
817 337.761 27.3 2.78 0.00
818 337.949 37.8 3.05 0.00
819 338.065 11.1 3.11 0.01
820 338.464 45.2 2.98 -0.00
821 338.512 43.0 2.96 0.00
822 338.645 57.7 2.88 -0.00
823 338.717 37.8 2.99 0.00
824 338.956 35.3 2.95 0.01
825 339.194 72.2 2.87 0.01
826 339.457 58.0 2.65 0.00
827 339.549 41.8 2.96 0.01
828 339.631 39.5 2.67 -0.00
829 339.696 55.2 3.02 0.00
830 339.764 48.1 2.89 0.01
831 340.085 60.9 2.85 0.01
832 340.143 54.3 2.41 -0.00
833 340.379 40.1 2.54 -0.01
834 340.492 59.4 2.91 0.01
835 340.567 63.4 2.89 0.00
836 340.802 44.1 2.85 0.01
837 341.362 99.6 2.93 0.00
838 341.444 53.8 3.04 0.01
839 342.703 50.6 3.08 -0.00
840 342.847 39.3 2.93 0.00
841 342.956 59.7 2.79 0.00
842 343.024 59.2 3.07 0.00
843 343.335 37.3 2.79 0.00
844 344.294 53.8 2.48 0.00
845 344.458 53.8 3.15 0.01
846 344.519 44.4 2.64 0.01
847 344.605 49.8 2.60 0.00
848 345.465 54.6 2.70 0.00
849 346.441 77.1 2.48 0.01
850 346.519 54.9 2.48 0.01
851 346.615 38.7 2.72 0.01
852 346.909 86.8 2.96 -0.00
853 347.076 59.4 2.16 0.00
854 347.185 18.5 3.04 0.00
855 347.509 22.5 2.97 0.00
856 347.980 36.1 3.09 0.01
857 348.100 41.8 2.01 0.00
858 348.281 81.9 2.59 0.00
859 348.765 35.3 2.95 0.01
860 348.793 24.2 2.98 -0.00
861 349.731 41.8 2.88 0.01
862 350.165 29.0 2.77 0.00
863 350.247 32.4 2.99 0.00
864 350.766 19.3 2.86 0.01
865 351.059 41.8 2.98 0.00
866 351.131 27.3 2.97 0.01
867 351.517 62.6 2.84 0.01
868 351.605 18.5 2.88 0.01
869 351.670 33.0 2.80 0.00
870 352.066 14.5 2.99 0.00
871 357.022 44.1 2.85 -0.00
872 357.797 29.0 2.67 -0.01
873 358.094 19.3 2.40 -0.01
874 358.497 49.8 2.02 -0.01
875 358.644 59.4 1.95 -0.01
876 359.285 23.3 1.91 -0.01
877 359.309 22.5 3.13 -0.01
878 359.483 60.3 2.54 -0.01
879 360.105 77.1 2.72 -0.00
880 360.258 14.5 2.86 0.00
881 360.306 37.8 2.84 -0.00
882 360.572 22.5 2.40 -0.01
883 363.456 62.3 3.04 -0.02
884 363.559 43.2 2.64 -0.01
885 364.596 45.5 2.54 -0.00
886 366.938 61.7 2.41 0.00
887 367.283 71.4 2.36 0.00
888 367.344 32.1 2.89 0.00
889 367.597 13.7 2.87 0.01
890 367.617 8.0 2.98 0.00
891 369.669 55.5 2.43 0.41
892 372.311 13.7 2.91 0.01
893 374.038 48.1 2.72 -0.00
894 374.352 27.3 2.68 0.01
895 376.004 69.1 2.62 0.01
896 376.410 30.4 2.67 0.00
897 376.690 53.8 2.27 0.01
898 377.011 65.1 3.02 0.01
899 377.130 58.3 2.79 0.01
900 377.195 46.9 2.93 -0.00
901 377.594 41.8 3.08 0.00
902 377.796 55.5 2.42 0.00
903 377.980 44.9 2.74 0.00
904 378.567 32.1 2.87 0.00
905 379.062 37.3 2.89 0.00
906 379.243 18.5 2.81 0.00
907 380.189 31.0 2.92 0.01
908 380.301 27.9 2.57 -0.00
909 380.851 88.5 1.91 0.01
910 381.185 54.6 2.55 -0.00
911 381.288 74.0 2.37 -0.00
912 381.766 81.9 2.28 -0.00
913 382.226 48.1 2.47 -0.00
914 382.612 59.2 2.41 0.00
915 382.653 56.6 2.58 0.00
916 383.677 59.4 2.97 0.00
917 383.947 50.6 2.95 -0.01
918 384.018 33.6 2.30 -0.01
919 384.988 49.8 2.51 0.00
920 385.261 49.8 2.55 0.00
921 389.104 58.9 1.63 -0.00
922 389.326 53.8 2.95 -0.01
923 389.469 85.3 1.75 -0.01
924 389.773 49.8 2.66 -0.00
925 391.565 31.3 2.93 -0.00
926 392.436 78.8 2.77 -0.00
927 392.562 66.8 3.03 -0.00
928 393.361 58.0 3.02 0.01
929 393.443 31.0 2.69 -0.00
930 394.030 23.3 2.83 -0.00
931 394.924 87.6 2.83 -0.00
932 394.992 33.0 2.86 0.01
933 395.136 56.0 2.68 -0.00
934 395.422 90.7 2.69 0.00
935 395.576 27.3 2.43 -0.00
936 395.634 29.9 2.64 -0.00
937 395.699 40.1 2.83 0.01
938 395.846 69.1 3.07 0.00
939 395.948 24.2 2.81 0.00
940 396.774 45.8 2.33 0.00
941 397.726 37.0 2.77 0.00
942 398.112 20.2 2.34 0.00
943 398.542 91.6 2.39 0.00
944 398.740 41.0 2.32 0.01
945 399.119 66.6 2.94 -0.01
946 399.836 82.8 2.48 0.01
947 400.184 22.5 3.14 0.00
948 400.706 22.5 1.91 0.00
949 401.085 46.6 2.17 0.00
950 403.065 41.8 2.41 0.00
951 403.618 23.3 2.96 -0.00
952 403.823 48.9 2.65 0.01
953 404.502 17.6 2.70 -0.00
954 404.935 27.3 2.74 -0.01
955 405.079 46.6 3.10 0.00
956 405.154 40.1 2.85 -0.01
957 405.522 29.0 3.00 -0.01
958 405.577 35.3 2.66 -0.01
959 405.877 54.6 2.71 -0.00
960 405.952 63.1 2.89 -0.00
961 406.062 46.6 2.93 -0.01
962 406.113 23.6 2.82 -0.01
963 406.604 18.5 3.03 -0.01
964 406.642 22.8 3.05 -0.01
965 407.096 54.6 2.93 -0.00
966 407.953 63.4 2.94 -0.00
967 408.318 61.7 2.45 -0.01
968 408.413 46.6 2.08 -0.01
969 408.591 59.4 2.73 -0.01
970 408.792 83.6 2.87 -0.00
971 409.516 59.4 2.63 -0.01
972 409.704 60.0 1.78 0.00
973 409.926 56.6 2.92 -0.01
974 410.025 48.1 3.00 0.00
975 410.403 54.6 2.45 -0.01
976 410.827 19.3 2.06 -0.00
977 411.233 122.9 2.79 -0.01
978 411.578 62.6 2.20 -0.01
979 411.663 53.2 2.62 -0.01
980 411.711 39.8 2.65 -0.01
981 411.878 70.0 2.58 -0.01
982 412.028 36.4 2.17 -0.00
983 412.346 43.5 2.48 -0.01
984 412.721 52.3 2.21 -0.01
985 412.905 46.4 2.46 -0.01
986 413.271 112.9 2.21 -0.01
987 413.475 137.4 2.06 -0.01
988 413.752 44.9 2.24 -0.00
989 414.114 45.8 2.01 -0.00
990 414.182 44.1 2.09 -0.00
991 414.404 31.3 2.06 -0.00
992 414.499 38.1 1.84 -0.00
993 414.923 73.1 2.31 -0.00
994 415.247 98.7 0.76 0.00
995 415.346 21.6 2.44 -0.00
996 415.677 54.6 2.70 -0.01
997 415.848 17.6 2.63 -0.01
998 416.111 28.2 2.53 -0.01
999 416.158 28.2 2.54 -0.01
1000 416.503 113.2 2.50 -0.01
1001 416.643 99.6 2.82 0.00
1002 416.960 50.6 2.54 -0.01
1003 417.257 36.1 2.70 0.00
1004 417.346 52.3 2.47 0.00
1005 417.476 37.8 2.25 -0.00
1006 417.554 57.5 2.27 -0.00
1007 417.964 23.3 2.97 -0.00
1008 418.223 68.3 1.94 0.00
1009 418.432 37.8 2.20 0.01
1010 418.541 63.1 2.06 0.00
1011 418.650 95.6 2.10 0.00
1012 418.995 59.4 2.17 0.00
1013 419.114 49.8 2.71 0.00
1014 419.223 33.0 2.76 -0.00
1015 419.261 42.4 2.71 -0.00
1016 419.336 53.5 2.63 0.01
1017 419.404 50.9 2.65 0.00
1018 419.585 24.2 2.60 -0.00
1019 419.633 41.0 1.71 0.01
1020 419.732 30.2 2.73 0.00
1021 419.834 46.6 2.85 0.00
1022 420.452 86.8 1.97 0.01
1023 420.609 17.6 2.90 0.00
1024 420.749 29.6 2.85 0.01
1025 421.169 186.6 1.40 0.01
1026 421.995 17.6 2.81 0.00
1027 422.084 75.1 1.61 -0.00
1028 422.749 44.9 2.17 0.01
1029 422.845 44.1 2.78 0.01
1030 423.507 62.9 2.10 -0.00
1031 423.644 63.7 2.69 -0.00
1032 423.736 33.8 2.67 0.01
1033 423.801 48.9 1.96 0.00
1034 426.603 39.3 2.67 0.00
1035 428.835 32.7 3.00 -0.01
1036 428.928 48.1 2.11 -0.01
1037 429.071 48.9 1.87 -0.00
1038 429.139 27.3 3.10 0.00
1039 432.129 64.3 2.83 0.00
1040 433.204 54.6 2.39 -0.01
1041 435.003 64.3 3.04 -0.00
1042 435.078 49.8 2.28 -0.00
1043 435.130 36.1 2.91 -0.00
1044 435.181 38.7 2.85 0.00
1045 435.324 41.0 2.64 -0.01
1046 436.945 91.9 2.39 -0.00
1047 437.034 45.2 2.81 0.00
1048 437.178 41.0 2.68 0.00
1049 437.260 31.3 2.01 -0.00
1050 437.799 41.5 2.90 -0.01
1051 437.888 51.2 2.72 0.00
1052 438.188 26.5 2.89 -0.00
1053 438.256 49.5 2.72 -0.00
1054 438.970 50.3 2.94 0.00
1055 439.028 68.3 2.98 0.00
1056 440.485 47.8 2.93 0.00
1057 440.570 40.4 3.27 0.01
1058 441.168 37.8 2.69 0.00
1059 442.762 114.1 2.44 0.01
1060 442.840 114.9 2.74 0.01
1061 443.178 53.8 2.54 0.02
1062 450.998 46.6 2.57 0.00
1063 451.186 18.5 2.71 -0.01
1064 451.340 41.0 2.62 0.00
1065 451.691 39.3 2.68 -0.01
1066 451.828 22.5 2.65 0.00
1067 452.084 37.0 2.71 -0.00
1068 452.128 41.2 2.63 -0.00
1069 452.241 49.2 2.56 0.01
1070 452.350 51.5 2.80 0.01
1071 452.671 47.5 2.62 0.00
1072 452.736 45.8 2.49 0.00
1073 452.975 15.4 2.63 0.00
1074 453.476 44.1 2.75 -0.00
1075 455.490 37.8 2.70 0.00
1076 455.633 12.8 2.51 0.01
1077 456.797 107.5 2.85 0.00
1078 457.036 29.6 2.48 -0.01
1079 457.777 55.5 2.32 0.00
1080 458.610 40.1 1.98 0.00
1081 458.941 18.5 2.86 -0.00
1082 459.262 60.6 2.32 -0.00
1083 459.470 57.7 2.52 0.01
1084 459.900 22.5 2.64 0.00
1085 459.992 53.8 2.93 -0.00
1086 460.706 41.0 2.67 0.00
1087 460.979 59.4 2.16 0.01
1088 462.071 63.4 2.91 -0.01
1089 462.378 26.5 2.86 0.00
1090 463.846 58.6 2.73 -0.00
1091 464.061 28.2 2.69 0.00
1092 464.549 23.3 2.79 0.00
1093 464.873 37.0 2.77 -0.00
1094 465.146 13.7 2.78 0.00
1095 465.645 40.1 2.97 0.00
1096 465.730 45.2 2.81 0.00
1097 469.263 19.3 2.62 -0.00
1098 469.502 52.9 2.65 -0.01
1099 469.768 33.0 2.69 -0.00
1100 469.836 14.5 2.76 -0.01
1101 470.048 77.1 2.71 -0.01
1102 470.441 54.6 2.56 -0.01
1103 471.144 41.0 2.68 -0.00
1104 471.707 50.6 2.52 -0.01
1105 471.738 37.5 2.47 0.00
1106 472.076 45.8 2.32 -0.01
1107 472.345 58.6 2.04 -0.03
1108 478.499 44.1 2.88 0.01
1109 478.933 29.6 2.78 -0.00
1110 479.049 81.6 2.82 0.01
1111 479.435 35.3 2.48 -0.02
1112 480.343 40.1 2.88 -0.01
1113 480.609 22.5 2.93 0.00
1114 481.701 58.6 2.14 -0.10
1115 481.763 41.0 2.89 -0.00
1116 481.875 36.1 2.38 -0.00
1117 482.227 52.9 2.57 -0.00
1118 482.531 65.7 2.78 0.00
1119 482.985 66.0 2.80 -0.02
1120 483.510 68.3 2.80 -0.00
1121 483.596 29.0 2.44 -0.00
1122 484.002 27.3 2.79 -0.00
1123 484.125 18.5 2.74 -0.00
1124 484.189 31.3 2.75 -0.00
1125 484.879 77.9 2.78 -0.00
1126 485.183 44.1 2.75 -0.01
1127 485.357 99.6 2.61 0.00
1128 485.507 68.3 2.68 -0.01
1129 485.592 31.3 2.24 -0.00
1130 485.749 44.9 2.63 -0.00
1131 485.964 17.6 2.58 -0.00
1132 486.162 53.8 2.59 -0.01
1133 486.647 22.5 2.58 -0.00
1134 486.685 28.4 2.65 -0.00
1135 486.780 22.5 2.29 -0.00
1136 486.941 94.7 2.46 0.00
1137 487.405 19.3 2.37 -0.00
1138 487.739 33.0 2.86 -0.00
1139 487.869 62.6 2.37 0.00
1140 488.016 30.4 3.04 -0.00
1141 488.159 81.9 2.36 -0.00
1142 488.244 32.1 2.79 -0.00
1143 488.896 58.6 2.28 -0.01
1144 489.221 57.2 2.54 -0.01
1145 489.456 55.5 2.68 -0.02
1146 489.692 145.9 2.49 -0.00
1147 489.879 137.1 2.40 -0.00
1148 490.050 44.4 2.88 -0.01
1149 490.275 89.3 2.71 -0.00
1150 490.436 46.6 2.56 -0.00
1151 491.006 40.1 2.57 -0.01
1152 491.078 51.5 2.86 -0.01
1153 491.439 27.3 2.53 0.00
1154 491.661 26.5 2.15 -0.00
1155 491.777 54.6 2.03 -0.00
1156 492.474 62.6 2.70 -0.01
1157 492.658 41.0 2.01 -0.01
1158 492.934 55.5 2.78 0.00
1159 493.399 68.8 2.86 -0.00
1160 493.504 60.3 2.78 -0.00
1161 493.829 65.1 2.76 -0.01
1162 494.433 64.3 2.73 -0.01
1163 494.644 16.8 2.51 -0.01
1164 494.808 73.1 2.96 -0.00
1165 494.976 31.3 2.86 -0.01
1166 495.177 45.8 2.61 -0.01
1167 495.341 14.5 2.81 -0.00
1168 495.740 71.4 2.77 -0.00
1169 496.389 33.6 1.99 -0.01
1170 497.317 79.1 2.71 -0.00
1171 497.409 42.4 2.48 -0.00
1172 497.703 35.3 2.72 0.00
1173 497.976 28.2 2.52 -0.00
1174 498.106 48.9 2.56 0.00
1175 498.392 68.3 2.31 0.00
1176 498.662 55.5 2.61 0.00
1177 499.212 33.3 2.39 0.00
1178 499.369 96.4 2.64 0.01
1179 499.584 19.3 2.49 0.00
1180 499.758 29.0 2.49 0.01
1181 499.966 108.9 1.72 0.00
1182 500.631 57.7 2.53 0.01
1183 500.853 53.8 2.81 0.01
1184 501.314 105.2 2.37 0.01
1185 501.673 47.8 2.42 0.01
1186 501.857 79.4 2.47 0.01
1187 503.058 59.4 2.17 0.01
1188 503.546 55.8 2.24 0.01
1189 503.666 27.3 2.53 0.02
1190 504.611 75.9 1.77 0.01
1191 505.089 73.4 2.69 0.02
1192 505.195 68.3 2.51 0.03
1193 505.820 122.0 2.79 0.01
1194 506.407 42.7 2.63 0.01
1195 506.909 45.8 2.57 0.03
1196 507.854 30.4 2.65 0.01
1197 507.933 42.4 2.66 0.01
1198 508.110 27.9 2.58 0.01
1199 508.206 38.7 2.50 0.01
1200 508.322 37.0 2.58 0.01
1201 508.438 27.3 2.57 0.01
1202 508.513 45.2 2.42 0.01
1203 508.653 19.9 2.45 0.01
1204 508.885 54.6 2.26 0.01
1205 509.110 32.1 2.85 0.00
1206 509.445 29.9 2.25 0.01
1207 509.612 41.0 2.77 0.00
1208 510.056 36.1 2.86 0.00
1209 510.141 71.1 2.27 0.00
1210 510.264 21.6 2.92 0.00
1211 511.127 28.2 2.36 0.01
1212 511.189 14.5 2.50 0.00
1213 512.008 50.6 2.52 0.01
1214 512.448 22.5 2.57 -0.00
1215 512.677 36.1 2.65 -0.00
1216 512.762 66.0 2.73 -0.00
1217 512.913 60.3 2.52 -0.00
1218 513.073 46.6 2.71 -0.01
1219 513.322 16.8 2.57 0.00
1220 513.578 45.8 2.72 -0.00
1221 513.640 37.0 2.16 0.00
1222 514.271 63.4 2.69 -0.00
1223 514.527 73.1 2.70 -0.00
1224 514.681 30.4 2.60 -0.01
1225 515.005 33.0 2.29 0.00
1226 515.213 44.9 2.67 -0.00
1227 515.497 32.1 2.66 -0.01
1228 515.640 46.6 2.67 -0.00
1229 515.742 19.3 2.61 -0.00
1230 516.295 44.4 1.72 -0.01
1231 516.364 23.6 2.63 -0.00
1232 516.459 17.6 2.61 0.00
1233 516.613 68.3 2.26 -0.00
1234 517.388 45.8 2.52 -0.00
1235 517.531 23.6 2.66 0.00
1236 517.616 64.0 2.36 -0.01
1237 517.975 29.3 2.22 0.00
1238 518.067 61.7 2.20 -0.01
1239 518.521 54.6 2.56 -0.00
1240 518.739 32.1 2.59 -0.01
1241 520.463 60.3 2.43 -0.00
1242 520.695 32.1 2.83 -0.01
1243 521.036 44.9 2.75 0.00
1244 521.193 48.9 2.10 -0.00
1245 521.429 54.6 2.57 -0.01
1246 521.873 44.1 2.60 -0.01
1247 523.026 41.8 1.68 -0.00
1248 523.115 29.9 2.45 -0.00
1249 523.149 23.3 2.47 -0.00
1250 523.586 32.1 2.35 -0.00
1251 523.648 34.7 2.18 -0.00
1252 524.047 89.9 2.48 0.01
1253 524.429 28.2 2.60 -0.00
1254 524.583 65.1 2.49 0.00
1255 524.784 53.8 2.40 -0.00
1256 524.931 21.6 2.56 -0.00
1257 524.996 34.4 2.47 -0.00
1258 527.573 54.6 2.19 -0.00
1259 527.856 22.5 2.77 0.00
1260 528.160 40.1 2.60 -0.01
1261 528.256 89.0 2.19 -0.10
1262 528.648 62.6 2.45 -0.00
1263 530.686 35.3 2.17 -0.00
1264 534.447 44.1 2.59 -0.01
1265 536.949 59.4 2.41 0.00
1266 537.287 80.2 2.19 0.07
1267 537.772 68.3 2.43 0.02
1268 538.318 27.3 2.23 -0.00
1269 538.407 44.4 2.29 -0.02
1270 538.769 33.8 2.15 -0.01
1271 539.247 73.1 2.27 -0.01
1272 539.414 52.9 2.12 0.13
1273 539.779 50.6 2.12 -0.01
1274 540.028 40.1 1.80 -0.01
1275 540.236 52.9 1.88 -0.02
1276 542.540 44.1 2.18 -0.01
1277 542.800 44.9 2.15 0.01
1278 543.339 52.1 2.41 0.01
1279 543.551 73.7 2.40 -0.01
1280 543.650 58.6 2.49 0.01
1281 543.803 51.5 2.34 0.01
1282 544.052 47.5 1.40 -0.01
1283 544.107 20.2 1.39 -0.00
1284 544.165 67.4 2.91 -0.01
1285 545.083 33.0 2.82 -0.00
1286 545.745 37.5 2.62 -0.01
1287 545.971 31.3 2.83 0.01
1288 546.234 15.4 3.07 0.01
1289 546.671 36.1 3.21 -0.00
1290 548.312 81.1 2.54 -0.01
1291 549.118 117.5 2.69 0.00
1292 549.251 41.8 2.66 0.00
1293 549.681 89.9 2.59 0.00
1294 550.306 50.6 3.14 0.01
1295 550.364 43.0 1.39 0.01
1296 551.074 77.9 2.09 0.00
1297 551.251 46.1 2.84 -0.00
1298 551.456 15.4 2.74 0.00
1299 551.490 34.4 2.59 0.00
1300 551.709 59.4 2.56 0.01
1301 551.791 69.1 2.68 0.01
1302 551.934 22.5 2.70 0.01
1303 552.009 32.1 2.43 0.01
1304 555.781 37.8 2.59 -0.01
1305 556.774 23.3 2.39 0.00
1306 557.129 18.5 2.80 -0.00
1307 557.716 41.8 2.60 0.00
1308 557.846 23.3 2.35 -0.00
1309 557.880 19.3 2.26 0.00
1310 558.873 27.3 2.48 -0.00
1311 559.023 37.0 2.35 -0.00
1312 559.549 54.6 2.47 -0.00
1313 559.730 49.8 2.49 0.00
1314 559.924 48.9 2.63 -0.00
1315 560.006 34.7 2.54 -0.00
1316 560.884 48.9 2.09 0.00
1317 561.553 52.9 2.58 0.00
1318 561.672 60.3 2.40 0.01
1319 561.918 60.3 2.62 -0.00
1320 562.242 73.1 2.45 0.00
1321 562.317 48.9 2.42 0.00
1322 562.590 36.1 2.54 0.00
1323 562.843 65.1 2.69 0.00
1324 563.969 19.3 3.12 -0.00
1325 564.031 45.8 2.97 -0.00
1326 564.208 65.1 2.90 0.01
1327 564.304 87.3 2.63 0.01
1328 565.000 83.6 2.72 -0.01
1329 565.116 124.6 2.26 -0.00
1330 565.277 30.4 2.73 -0.00
1331 565.406 56.3 2.55 0.00
1332 565.498 51.8 2.39 0.00
1333 565.826 31.3 2.44 0.00
1334 566.171 42.1 3.06 0.00
1335 566.335 54.6 2.50 0.01
1336 566.591 54.6 2.35 0.01
1337 566.881 41.8 2.20 0.00
1338 567.185 55.5 1.99 0.00
1339 567.290 63.4 2.15 0.00
1340 567.502 48.9 2.09 -0.00
1341 567.686 68.3 2.36 0.00
1342 567.799 22.5 2.26 0.00
1343 567.864 45.8 2.38 0.01
1344 568.209 48.9 2.12 0.00
1345 568.458 78.5 2.20 0.00
1346 569.178 13.7 2.08 0.00
1347 569.205 17.1 2.01 0.00
1348 569.226 19.9 2.24 0.01
1349 569.383 81.9 2.06 0.00
1350 569.673 78.8 2.15 0.00
1351 569.734 47.2 1.99 0.00
1352 570.362 62.6 2.05 0.00
1353 570.642 53.8 2.44 0.01
1354 571.158 58.6 2.77 -0.00
1355 572.015 59.2 2.90 -0.00
1356 572.970 47.5 2.53 0.00
1357 573.069 48.1 2.70 0.00
1358 574.008 85.0 2.69 0.01
1359 574.452 65.1 2.79 -0.00
1360 574.929 24.2 2.73 0.00
1361 575.083 42.1 2.53 0.00
1362 575.162 65.1 2.74 0.00
1363 575.267 69.4 2.70 0.00
1364 575.329 47.5 2.64 -0.00
1365 575.435 61.7 2.77 -0.00
1366 575.523 52.3 2.54 0.00
1367 575.605 41.0 2.64 0.01
1368 575.848 44.1 2.74 0.00
1369 575.913 59.4 2.34 0.00
1370 576.308 81.9 2.68 0.00
1371 576.585 23.3 2.50 -0.00
1372 577.114 48.9 2.89 0.00
1373 577.230 55.5 2.64 0.01
1374 577.534 36.1 2.69 0.00
1375 577.961 41.0 2.86 -0.00
1376 578.100 19.3 2.70 -0.00
1377 578.189 28.2 2.71 -0.01
1378 578.756 40.7 3.12 -0.01
1379 578.845 75.4 2.99 -0.00
1380 579.070 39.3 2.88 0.00
1381 579.483 27.3 2.71 0.00
1382 583.169 86.2 2.59 -0.01
1383 583.425 18.5 3.01 -0.00
1384 583.917 61.2 2.36 -0.01
1385 584.098 66.0 2.39 -0.01
1386 584.514 92.7 2.70 -0.00
1387 585.132 93.0 2.28 -0.01
1388 585.187 49.8 2.24 -0.01
1389 585.255 42.7 2.11 -0.01
1390 585.559 50.6 2.13 -0.01
1391 586.327 37.0 2.41 -0.01
1392 586.531 57.2 2.24 0.00
1393 586.733 54.6 2.47 0.00
1394 587.583 94.7 2.41 -0.00
1395 587.941 122.9 2.20 -0.00
1396 588.129 38.4 2.21 -0.01
1397 588.218 60.6 2.55 -0.01
1398 588.388 56.3 2.41 -0.00
1399 588.736 73.1 2.31 -0.00
1400 589.184 41.8 2.12 -0.01
1401 589.484 47.5 2.16 -0.00
1402 589.719 32.7 2.52 -0.00
1403 589.754 25.6 2.45 -0.00
1404 590.098 69.1 2.45 0.00
1405 591.238 36.1 2.21 0.00
1406 591.460 40.1 2.25 0.01
1407 591.955 29.0 2.53 -0.00
1408 592.375 49.8 2.68 0.00
1409 605.858 39.3 2.89 0.01
1410 605.974 15.4 2.99 -0.00
1411 607.510 17.6 2.28 0.01
1412 607.653 55.5 2.66 0.01
1413 607.742 39.3 2.65 0.01
1414 607.779 25.6 2.82 0.00
1415 608.360 48.1 2.55 0.00
1416 608.421 51.8 2.63 0.00
1417 608.503 44.9 2.50 0.00
1418 608.564 47.5 2.54 -0.00
1419 608.786 71.4 2.40 -0.00
1420 608.960 73.1 2.78 -0.00
1421 609.032 36.7 2.73 0.00
1422 609.117 28.2 1.97 0.00
1423 609.503 51.5 2.60 0.00
1424 610.148 54.6 2.90 -0.00
1425 610.466 29.0 2.87 -0.00
1426 610.592 77.9 2.81 0.00
1427 610.653 20.2 2.92 -0.00
1428 610.773 31.3 2.93 -0.00
1429 610.865 22.5 3.05 0.00
1430 611.131 46.1 2.97 0.01
1431 611.753 33.0 2.83 0.00
1432 611.852 49.8 2.89 -0.00
1433 611.920 45.5 2.31 -0.00
1434 612.087 32.1 2.83 0.00
1435 612.684 67.4 2.52 0.00
1436 613.456 66.6 2.80 -0.00
1437 613.869 63.4 2.79 -0.00
1438 614.336 19.3 2.41 -0.00
1439 614.606 13.7 2.76 -0.01
1440 614.958 21.6 2.76 -0.00
1441 615.313 60.3 2.83 -0.00
1442 615.965 50.6 2.68 0.00
1443 616.105 32.1 2.74 -0.01
1444 616.391 42.7 2.55 -0.01
1445 616.552 20.8 2.68 0.00
1446 616.634 36.1 2.78 0.00
1447 616.709 34.7 2.65 -0.00
1448 616.852 54.6 2.74 0.00
1449 617.006 17.6 2.73 -0.01
1450 617.391 50.6 2.61 0.01
1451 617.914 36.1 2.52 -0.01
1452 618.272 19.3 2.66 -0.01
1453 620.255 27.3 2.14 0.00
1454 625.177 25.6 2.48 0.01
1455 625.300 45.8 2.43 0.00
1456 625.392 31.0 2.51 -0.00
1457 625.474 29.9 1.69 -0.00
1458 626.665 53.8 2.43 -0.01
1459 626.788 36.1 2.47 -0.00
1460 626.949 57.7 2.41 -0.00
1461 627.164 40.1 2.38 0.01
1462 627.328 54.6 2.55 0.01
1463 627.662 63.4 2.34 0.01
1464 628.096 49.8 2.39 -0.00
1465 628.290 123.7 2.27 -0.00
1466 628.546 77.1 2.25 0.00
1467 628.870 33.3 2.10 -0.01
1468 629.044 71.4 1.87 -0.00
1469 629.539 73.1 2.28 -0.00
1470 629.628 83.6 2.49 0.00
1471 629.700 41.0 2.62 0.01
1472 630.048 24.2 2.44 -0.00
1473 630.362 48.9 2.74 -0.00
1474 630.628 39.8 2.34 -0.00
1475 631.584 35.3 2.04 -0.00
1476 632.854 22.5 2.66 -0.01
1477 633.383 11.9 2.70 -0.00
1478 634.042 23.3 2.52 -0.00
1479 634.072 32.1 2.50 -0.00
1480 634.117 39.3 2.38 -0.00
1481 636.380 49.8 2.28 -0.00
1482 636.629 81.1 2.28 -0.01
1483 636.899 26.5 1.99 -0.01
1484 637.540 55.5 2.38 -0.00
1485 637.646 11.9 2.11 -0.01
1486 638.598 22.5 2.39 -0.00
1487 638.636 16.8 2.42 -0.01
1488 638.691 48.1 2.35 -0.01
1489 639.008 45.8 2.10 -0.01
1490 639.479 55.5 2.43 -0.01
1491 639.704 76.8 1.98 -0.00
1492 640.390 37.0 2.55 -0.01
1493 640.483 55.8 1.99 -0.01
1494 640.564 61.2 2.50 0.00
1495 641.121 168.7 2.31 -0.01
1496 641.315 41.8 2.36 -0.01
1497 641.619 23.3 2.33 -0.01
1498 641.722 18.5 2.81 -0.01
1499 641.868 73.1 2.52 -0.01
1500 642.121 39.3 2.25 -0.01
1501 642.189 51.2 2.26 -0.01
1502 643.145 32.1 2.61 -0.01
1503 643.193 24.5 2.51 -0.01
1504 643.520 70.0 2.53 -0.00
1505 643.650 59.4 1.95 -0.00
1506 643.886 62.6 2.64 0.00
1507 643.947 51.5 2.43 0.00
1508 644.104 35.3 2.55 -0.00
1509 644.186 33.6 2.53 -0.00
1510 644.285 40.7 2.72 -0.00
1511 644.517 40.1 2.91 -0.00
1512 644.736 21.6 2.79 -0.00
1513 644.862 37.0 2.93 -0.00
1514 644.975 22.5 3.10 -0.00
1515 645.080 21.6 2.50 -0.00
1516 645.534 45.8 2.93 -0.00
1517 645.777 43.2 2.63 -0.00
1518 646.046 26.5 2.48 -0.00
1519 646.466 34.1 2.96 -0.00
1520 646.777 46.4 2.69 -0.00
1521 646.838 59.2 2.42 -0.00
1522 647.190 34.4 2.89 0.00
1523 647.231 27.6 2.94 0.00
1524 647.374 36.1 2.67 -0.00
1525 647.439 35.3 2.35 -0.00
1526 647.494 23.6 2.72 -0.00
1527 647.668 19.3 2.66 -0.00
1528 647.750 17.6 2.80 -0.00
1529 647.825 54.6 2.94 0.01
1530 648.033 76.2 2.81 0.01
1531 648.255 61.7 2.65 0.01
1532 651.811 37.0 2.74 0.00
1533 651.866 44.9 2.16 0.00
1534 651.962 45.8 1.94 0.01
1535 652.378 41.8 2.47 0.01
1536 652.603 70.8 2.74 -0.00
1537 652.934 57.7 2.18 0.01
1538 652.989 42.4 2.19 0.01
1539 653.085 53.2 2.27 0.00
1540 653.163 66.3 2.27 0.01
1541 653.801 27.0 2.12 0.01
1542 653.846 33.0 2.49 0.01
1543 654.225 53.8 2.40 0.01
1544 654.423 73.1 2.61 0.01
1545 654.508 24.2 2.55 0.01
1546 654.648 28.2 2.38 0.01
1547 654.699 53.8 2.55 0.01
1548 655.153 71.4 2.34 0.01
1549 655.436 41.0 2.47 0.00
1550 655.600 19.3 2.46 0.01
1551 655.747 32.1 2.41 0.00
1552 657.105 16.8 2.36 0.01
1553 657.136 17.6 2.27 0.00
1554 658.522 118.0 2.62 0.01
1555 658.621 25.6 2.32 0.01
1556 659.263 70.0 2.38 0.00
1557 660.259 41.0 2.50 0.00
1558 660.338 54.6 2.50 0.00
1559 660.502 58.6 2.48 0.00
1560 660.689 48.9 2.63 0.01
1561 660.963 21.6 2.56 0.00
1562 661.563 39.3 2.48 -0.00
1563 661.628 30.4 2.45 -0.01
1564 661.717 73.1 2.43 -0.00
1565 662.113 26.5 2.41 0.01
1566 662.219 31.0 2.39 -0.00
1567 662.301 32.1 2.60 0.01
1568 662.942 33.0 2.29 0.00
1569 663.000 20.2 2.36 0.00
1570 663.427 55.5 2.24 -0.00
1571 663.509 59.7 2.40 -0.00
1572 667.834 63.4 2.16 0.03
1573 668.230 46.6 2.10 -0.01
1574 668.479 66.6 1.92 -0.00
1575 668.639 11.9 1.96 -0.01
1576 668.854 39.3 2.06 -0.01
1577 668.950 54.6 2.19 -0.00
1578 669.462 60.3 2.12 0.00
1579 669.527 48.1 2.11 -0.00
1580 670.772 22.5 2.07 -0.01
1581 670.929 36.1 2.03 -0.01
1582 671.008 45.8 2.05 0.00
1583 671.561 34.4 2.10 0.00
1584 671.694 69.1 2.16 0.00
1585 671.984 74.2 1.99 0.00
1586 672.230 11.9 1.94 0.01
1587 672.605 75.4 2.02 -0.01
1588 672.725 70.3 2.08 -0.01
1589 673.090 30.7 2.01 0.02
1590 673.257 66.6 2.15 -0.01
1591 673.961 29.9 2.14 -0.00
1592 674.415 61.7 2.11 0.00
1593 674.537 44.4 2.05 -0.00
1594 677.319 54.6 1.79 0.01
1595 677.405 39.3 2.65 0.01
1596 677.777 92.4 1.72 0.01
1597 678.487 45.8 1.88 0.01
1598 678.753 18.5 2.08 0.01
1599 679.214 95.6 1.98 0.01
1600 680.258 34.4 2.08 0.01
1601 681.654 22.5 2.63 0.00
1602 682.275 22.5 2.81 -0.00
1603 683.030 30.4 2.47 0.01
1604 683.992 24.2 2.88 0.00
1605 684.818 49.8 2.80 -0.00
1606 685.569 30.4 2.91 -0.01
1607 685.829 37.8 2.82 -0.01
1608 686.218 54.6 2.58 -0.00
1609 686.447 23.3 3.10 -0.01
1610 687.112 53.8 2.63 0.00
1611 687.720 92.4 2.67 0.00
1612 687.928 31.3 2.68 -0.00
1613 687.969 27.0 2.80 -0.00
1614 688.037 32.7 2.60 -0.01
1615 688.256 24.2 2.61 -0.01
1616 689.280 48.1 2.83 -0.00
1617 689.996 56.3 0.91 0.01
1618 690.754 62.9 2.78 0.00
1619 691.635 31.3 2.53 0.00
1620 693.123 72.2 2.15 -0.00
1621 701.615 75.9 2.47 0.01
1622 702.714 46.6 2.09 -0.00
1623 703.383 35.3 2.61 0.01
1624 703.762 33.8 2.89 0.01
1625 703.803 27.0 2.73 0.01
1626 704.022 8.0 2.95 0.01
1627 704.667 41.8 1.47 0.01
1628 704.841 33.6 2.67 0.01
1629 704.896 37.3 1.88 -0.01
1630 705.223 44.9 2.38 -0.00
1631 705.500 56.3 2.45 -0.00
1632 706.923 32.1 2.94 0.00
1633 707.005 44.9 3.01 0.00
1634 707.350 36.1 3.01 -0.00
1635 707.677 16.8 2.05 0.00
1636 708.340 65.7 1.57 -0.00
1637 708.449 72.8 2.91 -0.01
1638 708.841 49.8 2.98 0.56
1639 709.353 37.0 2.38 -0.01
1640 710.988 41.0 2.13 -0.00
1641 711.057 53.8 3.04 -0.01
1642 711.121 58.6 2.46 -0.01
1643 711.603 83.6 1.76 0.00
1644 711.777 73.1 2.59 -0.02
1645 712.514 59.4 2.59 -0.01
1646 712.582 53.5 2.83 -0.01
1647 712.883 37.8 2.68 -0.01
1648 713.067 44.9 2.42 -0.01
1649 713.579 25.3 2.83 -0.00
1650 713.634 31.3 2.56 -0.00
1651 713.681 41.0 2.96 -0.01
1652 713.736 50.6 2.24 -0.01
1653 714.084 44.9 2.11 -0.01
1654 714.190 58.6 2.72 -0.01
1655 714.340 53.5 2.61 -0.01
1656 714.402 76.5 2.87 -0.01
1657 714.514 69.4 2.58 -0.01
1658 714.675 42.7 2.68 -0.01
1659 714.743 41.8 2.67 -0.01
1660 714.811 54.6 2.75 -0.01
1661 714.907 56.3 2.63 0.00
1662 714.996 42.7 2.36 -0.01
1663 715.098 45.5 2.35 -0.01
1664 715.364 59.4 2.42 -0.01
1665 715.456 16.8 2.50 -0.01
1666 715.590 28.2 2.88 -0.01
1667 715.651 77.1 2.82 -0.01
1668 715.985 70.0 2.68 -0.00
1669 716.064 37.0 2.43 -0.00
1670 716.402 26.5 2.72 -0.00
1671 716.617 48.6 2.14 -0.00
1672 716.665 46.1 2.75 -0.01
1673 716.788 22.5 2.63 -0.01
1674 716.904 55.8 2.70 -0.01
1675 716.979 31.3 2.56 -0.00
1676 717.016 33.0 2.69 0.00
1677 717.429 64.3 2.60 0.00
1678 717.535 65.1 2.87 0.00
1679 717.651 56.6 2.73 -0.00
1680 718.334 81.9 2.24 -0.00
1681 719.453 36.1 2.52 0.00
1682 719.822 63.4 2.67 0.00
1683 719.959 73.7 2.75 0.00
1684 720.689 101.3 2.05 0.01
1685 720.921 65.7 2.16 0.00
1686 720.989 37.0 2.20 0.01
1687 721.146 63.4 2.26 0.00
1688 721.495 23.3 2.62 0.00
1689 721.815 32.1 2.81 0.00
1690 721.863 37.0 2.62 0.00
1691 722.058 37.0 2.58 0.00
1692 722.157 18.5 2.42 0.01
1693 722.208 51.5 2.40 0.00
1694 722.304 58.6 2.31 0.00
1695 722.409 37.8 2.33 0.00
1696 722.570 89.9 2.37 0.01
1697 722.747 46.6 2.50 0.00
1698 722.925 98.7 2.40 0.01
1699 723.106 38.1 2.43 0.01
1700 723.450 41.0 2.71 0.01
1701 723.932 63.4 2.40 0.00
1702 724.007 59.2 2.56 0.00
1703 724.072 52.1 2.35 0.00
1704 724.164 44.9 2.50 0.01
1705 724.304 100.4 2.67 0.01
1706 724.451 52.3 2.20 0.00
1707 724.512 65.1 3.05 0.00
1708 725.980 18.5 2.70 0.01
1709 726.157 48.9 2.77 0.00
1710 726.294 81.4 2.18 0.00
1711 726.437 51.5 2.74 0.00
1712 726.918 49.8 3.16 0.01
1713 727.038 45.8 2.78 0.01
1714 727.198 36.1 2.69 0.01
1715 727.243 36.1 2.74 0.00
1716 727.335 85.9 2.32 0.01
1717 727.680 55.5 3.25 0.01
1718 727.840 61.2 2.90 0.01
1719 728.079 60.3 2.98 0.00
1720 728.236 50.6 3.14 0.00
1721 728.342 146.2 3.00 0.00
1722 729.147 47.2 2.56 0.01
1723 729.209 42.4 3.02 0.00
1724 729.478 54.6 2.82 0.01
1725 729.919 36.1 2.92 0.01
1726 730.045 37.0 2.79 0.01
1727 730.431 32.1 2.49 0.01
1728 730.513 31.3 2.70 -0.01
1729 730.639 19.3 2.54 0.00
1730 731.267 26.5 2.43 0.01
1731 731.523 36.1 3.03 0.00
1732 731.567 27.3 1.59 0.01
1733 731.660 81.9 2.99 0.00
1734 732.516 39.5 2.16 0.01
1735 732.796 30.4 2.98 0.00
1736 732.834 26.2 2.97 0.00
1737 733.288 63.4 2.38 -0.00
1738 733.387 50.6 3.04 -0.00
1739 733.492 22.5 2.98 -0.00
1740 734.083 45.8 2.88 -0.00
1741 734.220 76.5 1.98 -0.00
1742 734.755 81.9 2.45 -0.00
1743 735.080 40.1 2.41 -0.00
1744 735.476 53.8 2.98 0.00
1745 735.544 28.2 2.10 -0.01
1746 735.817 59.4 1.98 0.00
1747 735.902 46.6 2.80 0.00
1748 737.804 48.9 2.92 -0.00
1749 737.879 45.8 2.94 -0.00
1750 737.940 32.1 2.86 -0.00
1751 738.421 41.0 2.89 -0.01
1752 738.548 32.1 2.84 -0.01
1753 738.589 42.4 2.75 -0.01
1754 738.630 19.3 2.73 -0.01
1755 738.701 36.1 2.74 -0.00
1756 738.817 52.9 2.86 -0.00
1757 739.066 42.7 2.82 -0.00
1758 739.145 49.5 2.73 -0.00
1759 739.592 54.6 2.78 -0.01
1760 741.466 59.4 2.53 0.00
1761 741.667 73.1 2.80 -0.00
1762 741.879 53.8 2.72 -0.01
1763 742.070 50.9 2.84 -0.00
1764 744.555 49.8 2.68 0.01
1765 746.770 14.5 2.60 0.00
1766 748.600 42.7 2.92 -0.00
1767 749.600 95.6 2.29 0.00
1768 750.443 51.5 2.47 0.01
1769 750.808 55.5 2.72 0.01
1770 751.122 71.7 2.87 0.01
1771 752.208 22.5 2.87 0.00
1772 752.686 55.5 2.91 0.00
1773 752.809 48.9 2.93 -0.01
1774 752.972 43.5 2.72 0.00
1775 753.505 32.1 2.81 -0.01
1776 753.775 31.3 2.88 -0.00
1777 756.945 40.1 1.84 -0.01
1778 757.038 40.1 3.00 -0.01
1779 757.116 37.8 2.54 -0.00
1780 757.249 34.7 2.67 -0.01
1781 757.457 18.5 2.38 0.00
1782 757.758 40.7 2.43 -0.01
1783 757.816 24.7 2.78 -0.01
1784 758.021 22.5 2.65 0.01
1785 760.847 25.6 1.74 0.29
1786 761.656 29.6 2.64 0.00
1787 763.421 82.8 3.10 0.00
1788 764.404 19.3 3.23 0.00
1789 764.653 32.1 1.87 0.01
1790 765.895 40.1 2.86 0.01
1791 767.503 37.8 2.92 0.00
1792 768.066 12.8 2.44 0.01
1793 769.206 54.6 2.51 0.00
1794 770.005 26.5 2.96 0.00
1795 770.561 58.6 3.07 0.00
1796 771.486 17.6 2.64 0.00
1797 772.049 37.0 3.05 0.00
1798 782.436 26.5 1.69 0.18
1799 783.375 33.8 2.51 0.38
1800 786.191 72.2 1.67 -0.00
1801 786.566 53.8 2.57 0.00
1802 786.874 50.6 2.36 0.01
1803 787.041 31.3 2.15 0.01
1804 787.297 27.3 2.09 0.01
1805 787.495 109.2 2.17 0.01
1806 787.604 46.6 2.18 0.01
1807 788.826 28.2 2.76 0.01
1808 788.945 36.1 2.78 0.00
1809 789.638 34.7 3.13 0.01
1810 789.734 33.0 2.29 0.01
1811 789.789 53.8 2.27 0.00
1812 789.853 44.9 3.22 0.00
1813 790.369 23.3 3.35 0.01
1814 790.543 21.6 3.38 0.00
1815 790.724 17.6 3.25 0.00
1816 790.761 33.8 3.34 0.00
1817 790.997 26.5 2.57 -0.00
1818 791.946 18.5 3.35 0.00
1819 792.144 45.8 3.35 0.00
1820 792.376 29.0 2.98 0.01
1821 792.492 74.0 3.27 -0.00
1822 792.601 57.7 2.97 -0.00
1823 792.666 45.2 3.32 -0.01
1824 792.994 23.3 3.36 0.00
1825 793.168 52.9 2.70 -0.00
1826 794.455 17.6 3.45 -0.00
1827 794.830 59.4 3.20 -0.00
1828 794.895 55.2 2.51 -0.00
1829 794.980 43.8 3.10 -0.01
1830 795.049 33.6 2.96 -0.01
1831 795.171 48.9 2.89 -0.01
1832 795.359 36.1 2.45 -0.01
1833 795.632 25.6 2.47 -0.01
1834 795.796 27.3 3.18 -0.01
1835 796.035 48.4 3.24 -0.00
1836 796.096 77.9 2.12 -0.01
1837 796.564 50.6 3.21 -0.01
1838 796.779 60.9 2.69 -0.00
1839 796.841 56.6 3.14 -0.01
1840 797.359 51.5 3.15 -0.01
1841 797.595 69.1 2.88 0.00
1842 797.708 64.0 3.02 0.00
1843 798.458 22.5 3.12 -0.02
1844 798.489 27.6 3.01 -0.02
1845 798.714 37.8 3.00 -0.01
1846 799.005 32.1 3.07 -0.01
1847 799.056 23.3 2.99 -0.01
1848 799.185 37.0 3.12 -0.01
1849 799.298 36.1 3.06 -0.01
1850 799.691 40.1 3.15 -0.01
1851 799.984 41.0 2.95 -0.01
1852 800.131 41.8 2.94 -0.01
1853 800.196 44.9 3.06 -0.00
1854 800.551 14.5 2.99 -0.00
1855 800.612 47.5 3.07 -0.01
1856 800.810 81.9 2.93 -0.01
1857 801.186 70.8 2.95 -0.01
1858 801.302 33.0 2.95 -0.00
1859 801.418 40.1 2.47 -0.01
1860 801.588 44.1 2.87 -0.01
1861 801.742 22.5 3.09 -0.00
1862 801.769 21.6 2.98 -0.00
1863 802.063 48.6 2.82 -0.01
1864 802.135 45.2 2.60 -0.01
1865 802.199 37.0 2.44 -0.01
1866 802.336 58.6 2.82 -0.00
1867 802.408 23.3 2.68 0.00
1868 802.643 27.3 3.09 -0.00
1869 802.838 99.6 2.83 -0.00
1870 803.186 37.0 2.39 -0.00
1871 803.288 88.2 2.62 -0.00
1872 803.773 14.5 2.48 0.00
1873 804.196 44.9 2.40 0.00
1874 804.247 40.7 2.50 0.00
1875 804.862 35.8 2.34 -0.00
1876 805.053 77.1 2.49 -0.00
1877 805.377 31.9 2.66 0.00
1878 805.531 32.1 2.46 0.00
1879 805.889 27.3 2.57 0.00
1880 806.268 26.5 2.37 -0.00
1881 806.330 44.4 2.52 -0.00
1882 806.511 64.3 2.88 0.00
1883 807.026 85.0 2.29 0.00
1884 807.251 44.9 2.25 0.01
1885 807.436 82.8 2.71 0.00
1886 808.729 61.2 1.95 0.00
1887 808.797 44.9 2.18 0.00
1888 808.951 82.2 2.50 0.00
1889 809.251 50.9 2.57 0.00
1890 809.402 86.8 2.36 0.00
1891 809.562 45.8 2.31 0.01
1892 809.630 64.3 2.58 0.00
1893 809.688 18.5 2.62 0.00
1894 809.767 123.7 2.11 0.01
1895 810.033 62.6 2.29 -0.00
1896 810.255 41.0 1.84 -0.00
1897 810.914 41.8 2.42 0.00
1898 810.968 44.1 2.21 -0.01
1899 811.146 123.7 2.08 0.00
1900 811.347 35.8 2.40 0.00
1901 812.637 18.5 2.45 -0.00
1902 812.672 31.3 2.44 -0.00
1903 812.907 181.5 2.47 -0.00
1904 813.057 105.2 2.43 -0.00
1905 813.245 80.2 2.66 -0.00
1906 813.371 105.2 1.52 -0.01
1907 813.672 46.6 2.07 -0.01
1908 813.993 59.4 2.07 -0.00
1909 814.170 23.3 2.86 -0.00
1910 814.225 72.2 1.84 -0.00
1911 814.361 82.8 2.83 0.01
1912 814.600 33.6 2.04 -0.01
1913 814.672 41.8 2.89 -0.01
1914 814.743 58.6 2.85 -0.00
1915 814.999 26.5 2.58 -0.00
1916 815.037 37.0 1.93 0.00
1917 815.300 36.1 2.38 0.00
1918 815.617 61.7 2.32 0.00
1919 815.737 78.2 2.59 -0.01
1920 815.802 56.3 2.50 -0.00
1921 815.897 53.5 2.44 -0.01
1922 816.303 41.0 2.60 -0.01
1923 816.559 35.3 2.46 -0.01
1924 817.071 48.1 2.58 -0.00
1925 817.839 46.6 2.56 -0.00
1926 817.969 49.8 2.71 0.01
1927 818.659 63.4 2.57 -0.01
1928 819.287 66.6 2.55 -0.00
1929 819.505 80.2 2.31 0.01
1930 819.689 37.0 2.40 -0.00
1931 820.546 63.4 2.41 0.00
1932 821.191 77.1 2.15 -0.00
1933 821.314 31.3 2.41 -0.01
1934 821.348 30.4 2.44 -0.01
1935 821.539 40.1 2.45 0.00
1936 822.164 65.4 2.30 0.01
1937 822.239 96.7 2.53 -0.00
1938 822.533 50.6 2.67 0.00
1939 822.611 74.0 2.64 0.00
1940 822.959 53.8 2.87 0.00
1941 823.383 26.5 2.85 0.01
1942 824.086 66.8 2.56 -0.00
1943 824.178 64.0 2.64 -0.00
1944 824.451 75.9 2.76 0.00
1945 824.796 41.0 2.68 0.01
1946 825.018 37.0 2.42 0.00
1947 825.059 24.2 2.54 0.00
1948 825.594 54.6 2.74 0.00
1949 825.697 70.8 2.75 0.00
1950 825.874 56.3 2.85 -0.00
1951 826.287 49.8 2.86 -0.01
1952 826.980 27.3 2.88 -0.00
1953 827.458 36.1 2.87 -0.00
1954 827.718 26.5 2.43 -0.00
1955 827.779 35.0 2.44 0.00
1956 828.854 61.7 1.84 -0.00
1957 829.448 58.6 2.19 0.01
1958 829.554 18.5 2.70 0.01
1959 830.032 68.3 2.30 0.46
1960 830.496 49.8 2.21 0.01
1961 836.469 50.6 2.67 0.01
1962 837.278 44.1 2.32 0.01
1963 837.527 18.5 2.41 0.01
1964 837.684 68.3 2.25 0.02
1965 838.664 17.6 2.64 0.01
1966 839.128 17.6 2.48 0.01
1967 839.692 41.0 2.47 0.01
1968 839.801 22.5 2.52 0.01
1969 841.231 62.6 2.15 -0.00
1970 841.453 27.3 2.43 -0.00
1971 843.153 42.7 2.13 0.00
1972 843.904 35.3 2.48 -0.01
1973 844.211 55.5 2.43 -0.01
1974 844.463 33.0 2.38 -0.00
1975 844.951 23.3 2.25 -0.01
1976 845.337 23.3 2.61 0.00
1977 845.580 37.0 2.30 -0.00
1978 845.730 105.2 2.13 -0.01
1979 846.310 30.4 2.41 -0.01
1980 846.535 33.0 2.35 -0.00
1981 847.116 46.6 2.12 -0.01
1982 847.201 54.6 2.63 -0.01
1983 847.341 64.3 2.65 -0.01
1984 848.167 72.2 2.90 -0.00
1985 848.382 49.8 2.90 -0.01
1986 848.436 36.1 3.22 -0.01
1987 848.549 32.1 2.83 -0.00
1988 848.908 18.5 2.71 -0.00
1989 849.198 81.4 2.54 -0.01
1990 850.017 31.3 3.12 -0.00
1991 850.426 33.8 3.05 -0.01
1992 850.717 41.8 3.03 -0.01
1993 850.785 36.7 2.84 -0.01
1994 850.966 58.6 2.84 0.00
1995 851.795 81.9 2.52 0.00
1996 851.925 41.2 2.36 0.00
1997 851.973 38.7 2.29 0.00
1998 855.847 44.9 2.64 0.00
1999 856.983 45.8 2.53 0.01
2000 857.239 22.5 2.54 -0.00
