1 0.012 32.4 3.17 0.29
2 0.442 35.3 3.19 0.16
3 0.517 45.8 3.17 0.21
4 0.824 64.3 3.13 0.15
5 0.892 54.6 3.07 0.10
6 1.121 44.9 3.11 0.17
7 1.783 51.5 3.01 0.23
8 3.302 50.6 3.19 0.15
9 3.691 64.3 3.09 0.16
10 4.708 41.8 2.91 0.24
11 6.063 50.3 3.06 0.06
12 7.180 76.2 3.33 0.09
13 8.309 39.3 3.25 0.17
14 8.521 27.3 3.22 0.21
15 8.948 16.8 2.99 0.23
16 9.129 40.7 3.09 0.12
17 9.204 27.6 3.15 0.11
18 9.555 30.4 3.21 0.19
19 9.658 61.4 3.11 0.23
20 10.907 58.6 3.18 0.21
21 11.020 50.9 3.11 0.21
22 11.753 64.3 3.04 0.11
23 11.794 37.0 3.03 0.11
24 12.361 40.1 3.07 0.23
25 12.511 54.6 2.99 0.22
26 12.730 68.3 3.01 0.15
27 13.399 69.1 2.99 0.20
28 14.918 37.0 3.04 -0.05
29 15.255 77.1 2.97 0.01
30 16.109 67.4 3.02 0.15
31 16.225 49.8 3.07 0.09
32 17.471 70.3 2.95 0.03
33 19.174 64.3 3.20 0.11
34 20.642 45.8 3.03 0.02
35 22.225 43.2 2.92 0.11
36 24.953 54.6 3.13 0.19
37 25.403 33.8 3.13 0.01
38 26.366 49.8 3.33 0.12
39 26.506 44.9 3.35 0.16
40 26.977 29.0 3.38 0.24
41 27.008 13.7 3.28 0.23
42 27.455 25.6 3.29 0.16
43 28.509 35.3 3.44 0.17
44 29.240 34.4 3.36 0.12
45 29.318 59.4 3.35 0.16
46 30.957 46.6 3.27 0.19
47 32.650 44.9 3.22 0.03
48 34.879 35.3 3.04 0.05
49 36.015 57.7 3.10 -0.14
50 36.312 60.3 3.07 -0.04
51 36.377 45.8 3.09 -0.04
52 37.661 41.8 3.19 0.02
53 38.319 48.1 3.09 0.06
54 39.074 50.6 3.22 -0.00
55 40.292 35.3 3.25 0.13
56 40.770 25.6 3.30 0.10
57 40.961 59.4 3.31 0.14
58 42.040 49.8 3.27 0.10
59 43.443 49.5 3.42 0.10
60 44.300 36.1 3.09 0.14
61 44.590 40.1 3.28 0.09
62 44.661 29.0 3.33 0.12
63 45.385 49.8 3.28 0.14
64 46.088 48.9 3.35 0.21
65 46.221 59.4 3.29 0.20
66 47.098 27.3 3.38 0.16
67 47.464 48.6 3.33 0.05
68 47.542 64.6 3.37 0.03
69 49.007 30.4 3.22 0.21
70 49.402 51.5 3.18 0.32
71 49.491 64.3 3.21 0.21
72 50.368 49.8 3.14 0.25
73 50.795 36.1 3.00 -0.07
74 51.160 49.8 3.04 0.38
75 51.519 47.5 2.99 0.12
76 52.905 43.2 3.09 0.27
77 53.280 55.5 3.12 0.34
78 53.952 53.8 3.08 0.25
79 54.512 68.8 3.09 0.14
80 54.546 67.1 3.15 0.14
81 55.034 53.8 3.15 0.13
82 55.246 68.3 3.08 0.23
83 56.127 52.9 3.29 0.24
84 57.021 35.3 3.29 0.38
85 57.151 87.6 3.30 0.44
86 60.731 64.3 3.20 0.41
87 61.755 32.1 3.23 0.34
88 63.018 63.4 3.29 0.18
89 63.424 54.6 3.31 0.23
90 64.428 49.8 3.18 0.28
91 64.493 54.6 3.13 0.42
92 64.704 44.1 3.07 0.18
93 65.350 59.4 3.31 0.30
94 66.394 25.0 2.81 0.30
95 66.793 54.6 3.17 0.34
96 68.108 41.8 3.23 0.26
97 68.654 52.9 3.15 0.24
98 68.715 33.3 3.22 0.24
99 69.179 50.6 3.25 0.23
100 70.534 115.8 3.36 0.29
101 70.633 36.1 3.41 0.29
102 70.814 81.1 3.42 0.35
103 71.261 44.9 3.33 0.24
104 72.374 50.6 3.33 0.21
105 73.524 29.9 3.18 0.14
106 76.190 49.8 3.26 0.29
107 76.685 52.9 3.20 0.08
108 76.788 35.6 3.20 0.11
109 77.600 63.4 3.23 0.12
110 78.324 43.5 3.19 0.25
111 78.467 49.8 3.19 0.20
112 78.747 47.5 3.23 0.10
113 78.921 49.8 3.19 0.15
114 79.535 41.0 3.27 0.20
115 79.597 54.6 3.19 0.22
116 79.976 73.1 3.24 0.31
117 80.870 59.4 3.20 0.18
118 82.471 49.8 3.25 0.33
119 83.167 54.6 3.24 0.27
120 83.986 13.7 3.21 0.03
121 84.212 29.0 3.27 -0.06
122 84.833 50.6 3.24 -0.06
123 85.782 48.9 3.33 0.14
124 86.092 54.6 3.24 0.22
125 86.403 65.1 3.27 0.21
126 87.011 30.4 3.21 0.23
127 88.683 32.1 3.29 0.18
128 88.830 40.1 3.32 0.12
129 89.007 52.3 3.43 0.09
130 89.192 57.7 3.41 0.17
131 90.062 49.8 3.27 0.24
132 90.376 66.6 3.47 0.16
133 90.475 57.7 3.38 0.04
134 91.107 109.2 3.34 0.19
135 91.813 48.9 3.40 0.24
136 92.185 54.6 3.28 0.26
137 92.533 31.3 3.29 0.27
138 93.902 53.8 3.28 0.09
139 94.015 58.6 3.23 -0.09
140 94.315 50.6 3.11 0.28
141 96.022 107.5 3.18 0.13
142 96.636 42.7 3.12 0.14
143 96.749 49.8 3.14 0.13
144 96.882 27.6 3.16 0.02
145 97.244 64.3 3.21 0.09
146 97.954 52.9 3.19 0.11
147 99.903 28.2 3.13 0.08
148 101.196 51.5 3.21 0.26
149 102.190 54.6 3.13 0.24
150 102.582 37.0 3.20 0.24
151 102.879 25.6 3.24 0.23
152 103.777 53.8 3.18 0.27
153 105.630 23.3 3.27 0.22
154 106.292 37.0 3.21 0.25
155 108.852 45.8 3.24 0.07
156 109.866 61.2 3.19 0.11
157 109.928 43.2 3.24 0.11
158 110.150 41.8 3.21 0.02
159 110.296 75.7 3.24 0.01
160 111.771 44.9 3.16 0.14
161 113.167 31.3 2.95 0.10
162 113.334 50.6 3.05 0.12
163 113.996 36.1 3.01 0.00
164 114.682 58.6 3.06 0.04
165 115.109 45.8 3.11 0.04
166 115.990 61.4 3.06 0.13
167 116.079 41.8 3.05 0.13
168 116.754 44.1 3.09 0.13
169 117.010 49.8 3.05 0.09
170 117.242 32.1 3.16 0.17
171 117.280 27.0 3.13 0.17
172 118.335 36.1 3.04 0.09
173 118.386 49.8 3.16 0.01
174 119.342 43.2 3.04 0.10
175 120.209 57.7 3.02 -0.01
176 120.407 25.6 2.99 0.09
177 120.854 55.5 3.01 -0.02
178 121.509 31.3 3.01 0.08
179 121.608 39.3 3.14 -0.00
180 122.663 40.1 3.26 0.26
181 124.172 45.8 3.08 0.30
182 125.349 50.6 3.19 0.23
183 125.827 81.9 3.19 0.24
184 126.622 46.6 3.21 0.27
185 126.714 49.2 3.08 0.27
186 127.691 44.9 3.07 0.32
187 127.759 28.2 3.10 0.18
188 127.790 16.8 3.23 0.17
189 127.909 25.6 3.20 0.28
190 127.991 52.9 3.15 0.26
191 129.459 50.6 3.08 0.12
192 129.534 36.1 3.16 0.10
193 129.735 22.5 3.12 0.07
194 130.469 41.0 3.26 0.21
195 130.626 64.3 3.20 0.27
196 130.732 56.6 3.29 0.27
197 130.804 38.4 3.19 0.21
198 131.947 49.8 3.18 0.26
199 133.077 42.7 3.20 0.22
200 133.302 44.9 3.24 0.16
201 133.398 71.4 3.26 0.21
202 133.954 58.0 3.27 0.23
203 134.637 41.0 3.28 0.08
204 136.190 21.6 3.25 0.11
205 137.115 17.1 3.06 -0.01
206 137.405 33.8 2.99 -0.09
207 138.627 44.9 3.22 0.15
208 139.439 42.4 3.11 0.12
209 140.228 45.8 3.08 0.05
210 141.337 63.4 2.96 0.01
211 141.463 59.4 2.98 0.08
212 141.665 54.6 2.97 0.01
213 142.426 48.9 3.00 0.16
214 142.771 53.8 2.97 0.11
215 143.337 66.6 2.97 -0.09
216 143.515 28.7 3.01 0.03
217 144.962 37.0 2.97 0.13
218 145.484 45.8 3.18 0.17
219 145.573 41.8 3.17 0.13
220 145.727 59.4 3.08 0.03
221 148.379 48.1 2.97 0.36
222 149.082 37.8 2.88 0.27
223 149.140 72.2 2.83 0.25
224 149.751 48.9 2.87 0.32
225 149.823 49.8 2.86 0.32
226 149.952 40.1 2.86 0.22
227 150.792 44.9 2.92 0.35
228 150.915 44.9 2.94 0.32
229 152.024 15.4 2.95 0.30
230 152.956 41.0 3.09 0.25
231 154.359 72.2 3.04 0.21
232 155.475 37.0 2.96 0.17
233 155.687 36.1 2.86 0.01
234 156.704 49.8 2.97 0.26
235 156.871 54.6 2.92 0.23
236 156.994 27.3 2.99 0.23
237 157.134 32.1 2.99 0.16
238 157.718 58.6 2.91 0.14
239 157.762 11.9 2.97 0.12
240 158.513 56.3 3.07 -0.07
241 158.711 44.9 3.00 0.16
242 159.274 51.5 3.05 -0.04
243 159.496 38.7 2.87 -0.04
244 159.530 12.8 2.96 -0.03
245 159.752 17.6 2.85 0.07
246 160.230 43.5 2.82 0.04
247 161.175 50.6 2.87 0.24
248 161.278 53.2 2.85 0.24
249 161.476 47.5 2.79 0.25
250 161.537 70.5 2.80 0.25
251 162.237 36.1 2.81 0.21
252 162.496 54.6 2.83 0.19
253 162.671 68.3 2.80 0.13
254 162.930 64.3 2.76 0.19
255 163.507 22.5 2.87 0.17
256 164.374 20.2 2.84 0.25
257 164.725 43.2 2.87 0.32
258 164.848 25.6 2.90 0.31
259 165.152 63.1 2.87 0.29
260 165.415 35.3 2.82 0.35
261 165.493 20.8 2.82 0.37
262 165.623 31.3 2.84 0.36
263 165.999 94.7 2.79 0.28
264 166.203 47.5 2.80 0.14
265 166.541 54.6 2.83 0.24
266 166.903 44.9 2.75 0.21
267 167.535 45.8 2.74 0.24
268 168.036 42.7 2.80 0.17
269 168.139 45.8 2.64 0.14
270 168.391 59.4 2.78 0.31
271 169.378 46.6 2.65 0.28
272 169.733 54.6 2.70 0.20
273 171.433 49.8 2.81 0.16
274 171.910 40.1 2.83 0.24
275 173.163 45.8 3.01 0.38
276 173.252 52.6 3.03 0.38
277 173.593 73.1 2.98 0.22
278 173.689 68.0 2.92 0.22
279 175.836 33.8 2.94 0.24
280 176.894 33.8 3.04 0.42
281 177.119 37.0 3.07 0.34
282 177.426 67.4 3.07 0.36
283 177.966 38.4 3.20 0.25
284 178.334 53.5 3.25 0.36
285 179.464 68.3 3.00 0.11
286 180.932 28.2 2.96 0.07
287 180.966 30.7 3.00 0.07
288 181.847 32.1 3.01 0.09
289 182.304 42.7 3.16 0.18
290 182.441 44.1 3.03 0.04
291 185.478 45.8 3.22 0.26
292 185.827 37.8 3.09 0.22
293 187.130 50.6 3.05 0.34
294 188.721 54.6 3.19 0.34
295 190.779 59.7 3.06 0.37
296 190.831 81.9 3.02 0.37
297 196.019 72.8 2.75 0.12
298 196.104 49.8 2.61 0.18
299 196.630 32.1 2.64 0.24
300 196.688 23.6 2.69 0.24
301 196.712 11.1 2.62 0.17
302 197.036 43.2 2.67 0.19
303 197.360 77.1 2.69 0.31
304 199.804 59.4 2.55 0.29
305 200.869 55.5 2.76 0.30
306 203.726 36.1 3.20 0.40
307 203.774 31.9 3.05 0.40
308 205.965 64.3 2.99 0.06
309 206.354 30.4 2.71 0.19
310 206.436 73.1 2.68 0.19
311 206.634 64.3 2.86 -0.09
312 207.146 68.3 2.83 0.36
313 208.307 21.9 2.92 0.29
314 208.484 41.8 2.96 0.22
315 208.989 51.5 2.95 0.28
316 209.877 41.0 2.82 0.31
317 210.607 52.3 2.85 0.34
318 210.771 63.7 2.81 0.47
319 211.123 16.8 2.73 0.59
320 211.293 46.6 2.71 0.57
321 211.925 37.8 2.69 0.49
322 212.451 46.6 2.69 0.44
323 212.823 43.5 2.67 0.32
324 213.321 48.9 2.89 0.32
325 213.628 44.9 2.73 0.31
326 214.014 68.3 2.81 0.32
327 214.727 44.1 2.90 0.34
328 214.789 22.5 2.90 0.35
329 214.843 81.1 2.88 0.36
330 215.284 38.7 3.05 0.35
331 215.724 22.5 2.97 0.32
332 216.048 59.7 3.12 0.43
333 216.345 19.3 2.97 0.37
334 216.383 11.9 3.12 0.36
335 217.229 49.8 3.12 0.52
336 217.482 11.9 3.19 0.30
337 217.601 54.6 3.24 0.28
338 217.850 29.0 3.31 0.19
339 217.891 41.0 3.22 0.23
340 221.052 67.4 3.32 0.29
341 222.506 39.3 3.32 0.13
342 223.063 70.0 3.30 0.14
343 223.800 47.5 3.22 0.20
344 224.868 33.0 3.10 0.31
345 225.643 58.0 3.32 0.36
346 228.043 44.1 3.25 0.30
347 228.254 41.0 3.20 0.36
348 228.961 54.6 3.30 0.15
349 229.282 33.0 3.23 0.24
350 229.773 41.0 3.16 0.27
351 230.678 54.6 3.26 0.26
352 231.333 61.7 3.19 0.38
353 231.500 48.1 3.19 0.35
354 232.439 52.9 3.11 0.08
355 233.466 90.7 3.22 0.17
356 233.664 44.9 3.08 0.10
357 233.890 54.6 3.12 0.09
358 234.617 53.8 3.20 0.14
359 234.695 37.0 3.06 0.03
360 235.378 26.5 3.08 0.14
361 235.719 81.9 3.09 0.07
362 235.842 110.1 3.12 0.20
363 236.576 40.1 3.22 0.20
364 237.081 56.3 3.36 0.30
365 237.211 48.1 3.41 0.29
366 238.508 45.8 3.20 0.21
367 238.921 37.0 3.15 0.20
368 238.976 39.5 3.19 0.20
369 239.481 50.6 3.19 0.23
370 239.709 41.5 3.27 0.09
371 240.341 26.5 3.18 0.10
372 240.440 47.8 3.24 0.10
373 241.529 62.9 3.27 0.06
374 242.283 44.9 3.09 0.16
375 242.587 30.4 3.05 0.17
376 242.877 60.3 3.27 0.21
377 243.526 56.3 3.28 0.10
378 243.843 49.2 3.23 0.27
379 244.239 44.9 3.23 0.29
380 244.311 45.8 3.24 0.22
381 245.010 49.8 3.34 0.20
382 245.543 41.0 3.32 0.18
383 245.990 24.2 3.35 0.13
384 246.031 36.1 3.37 0.18
385 246.109 50.6 3.41 0.19
386 246.550 42.7 3.30 0.22
387 246.884 38.7 3.26 0.16
388 246.949 19.3 3.29 0.19
389 247.471 37.0 3.24 0.20
390 247.574 68.3 3.28 0.24
391 247.772 59.4 3.23 0.21
392 248.564 59.4 3.35 0.09
393 248.833 36.1 3.33 0.08
394 249.567 27.3 3.28 0.17
395 249.792 81.1 3.17 0.13
396 251.178 22.5 3.30 0.19
397 251.209 18.5 3.36 0.18
398 252.301 33.8 3.22 0.17
399 252.841 41.0 3.23 0.19
400 252.946 52.9 3.25 0.19
401 254.247 19.3 3.23 0.20
402 254.547 19.3 3.21 0.14
403 254.578 21.6 3.29 0.11
404 254.650 49.8 3.20 0.19
405 255.049 44.9 3.23 0.17
406 255.278 58.6 3.19 0.13
407 256.387 55.5 3.27 0.18
408 256.899 73.1 3.27 0.14
409 257.384 44.9 3.25 0.19
410 258.022 44.1 3.35 0.17
411 258.326 46.6 3.32 0.14
412 260.585 37.8 3.14 0.14
413 260.640 33.6 3.23 0.14
414 260.978 41.5 3.15 0.25
415 261.951 58.6 3.19 0.19
416 263.029 25.6 3.17 0.17
417 263.480 58.6 3.20 0.29
418 264.204 39.3 3.12 0.29
419 265.951 36.1 3.19 0.27
420 265.978 38.7 3.21 0.27
421 267.262 41.0 3.20 0.08
422 267.729 59.4 3.14 0.11
423 269.853 19.1 3.05 0.29
424 270.170 45.8 3.17 0.29
425 271.969 37.0 3.07 0.29
426 272.320 64.3 3.00 0.30
427 274.348 41.0 3.02 0.25
428 274.720 41.0 2.97 0.22
429 275.164 54.6 2.98 0.22
430 275.430 37.0 2.96 0.21
431 276.689 49.8 2.85 0.23
432 277.171 48.9 2.81 0.17
433 277.502 33.8 2.86 0.10
434 277.802 67.4 2.77 0.26
435 278.843 29.0 2.83 0.21
436 279.338 39.3 2.99 0.21
437 279.550 48.9 2.76 0.10
438 280.499 70.5 2.61 0.24
439 280.591 49.8 2.82 0.10
440 280.663 88.7 2.57 0.08
441 281.349 54.6 2.74 0.22
442 281.492 49.8 2.71 0.16
443 282.646 45.8 3.02 -0.01
444 282.793 31.3 2.90 0.08
445 283.219 33.8 2.92 0.13
446 283.250 20.8 2.90 0.12
447 283.574 61.2 2.92 0.16
448 283.653 29.6 2.89 0.14
449 285.342 49.8 2.87 0.07
450 286.097 72.2 2.89 0.10
451 286.680 67.4 2.83 0.03
452 287.616 45.8 2.78 0.10
453 287.878 50.6 2.95 0.21
454 288.022 44.9 2.87 0.23
455 288.786 43.2 3.04 0.38
456 288.865 39.8 3.13 0.38
457 290.916 83.6 2.98 0.52
458 291.882 72.2 3.09 0.46
459 292.036 59.4 3.03 0.49
460 292.835 33.8 3.18 0.51
461 293.053 48.1 3.16 0.60
462 293.152 33.8 3.10 0.56
463 294.261 59.4 3.00 0.31
464 295.197 38.7 3.03 0.23
465 296.354 27.3 2.94 0.25
466 297.176 31.3 2.92 0.24
467 297.347 53.8 3.02 0.28
468 297.555 21.6 3.00 0.26
469 297.900 41.8 2.79 0.28
470 298.333 84.8 2.91 0.24
471 298.531 29.9 2.86 0.24
472 299.159 33.8 2.93 0.22
473 300.245 81.9 3.10 0.02
474 302.276 26.5 2.89 0.12
475 302.402 61.7 3.02 0.06
476 302.672 68.3 3.10 0.09
477 302.798 35.3 3.15 0.16
478 303.440 34.4 3.08 0.23
479 304.457 58.6 2.97 0.16
480 305.099 61.2 3.11 0.20
481 305.672 44.1 3.09 0.27
482 305.744 46.6 3.01 0.24
483 306.188 73.1 3.12 0.30
484 306.505 47.2 3.12 0.27
485 306.590 40.7 3.08 0.27
486 307.379 64.3 3.09 0.16
487 307.444 50.6 3.13 0.16
488 307.553 54.6 3.10 0.21
489 307.840 48.9 3.06 0.10
490 308.116 31.3 3.10 0.18
491 308.430 62.6 3.15 0.17
492 308.543 61.2 3.22 0.16
493 308.853 41.0 3.19 0.18
494 309.021 38.7 3.18 0.23
495 309.980 38.4 3.11 0.16
496 310.908 54.6 3.22 0.28
497 311.000 46.6 3.20 0.19
498 311.103 68.3 3.13 0.24
499 311.181 54.6 3.22 0.24
500 311.509 54.6 3.18 0.23
501 312.017 31.3 3.13 0.31
502 312.632 38.7 3.13 0.27
503 312.721 74.8 3.10 0.29
504 313.857 37.0 3.00 0.38
505 313.977 41.0 3.02 0.23
506 314.922 41.8 3.00 0.37
507 315.096 54.6 3.00 0.36
508 315.226 58.6 3.06 0.31
509 315.417 56.3 3.00 0.27
510 315.530 41.8 3.13 0.26
511 316.042 27.3 3.11 0.29
512 316.325 46.6 3.09 0.33
513 316.639 64.3 3.16 0.23
514 316.967 39.3 2.98 0.35
515 317.950 44.9 3.02 0.31
516 320.838 58.6 3.00 0.19
517 322.688 41.8 2.89 0.04
518 322.735 20.8 2.93 0.11
519 322.824 74.0 2.91 0.11
520 323.210 63.4 2.94 0.13
521 323.377 54.6 2.90 0.17
522 324.428 37.0 2.79 0.15
523 324.565 58.6 2.86 0.08
524 325.043 48.1 2.88 -0.01
525 325.418 104.4 2.86 0.17
526 325.620 68.3 2.88 0.13
527 325.684 38.7 2.87 0.30
528 325.722 23.3 2.91 0.30
529 326.156 49.8 2.96 0.27
530 326.463 68.3 2.97 0.22
531 326.852 45.8 2.81 0.19
532 326.937 54.6 2.81 0.11
533 327.002 52.9 2.76 0.15
534 327.081 41.0 2.79 0.13
535 327.197 37.5 2.82 0.13
536 327.302 52.3 2.85 0.07
537 327.398 29.9 2.92 0.19
538 327.586 22.5 2.95 -0.02
539 329.057 50.6 2.83 0.27
540 329.299 81.9 2.82 0.10
541 329.514 93.9 2.85 0.11
542 329.955 19.3 2.81 0.18
543 330.033 32.1 2.78 0.18
544 330.200 90.7 2.95 -0.09
545 330.989 55.5 2.85 0.22
546 331.337 23.3 2.87 0.06
547 331.381 31.0 2.92 0.06
548 331.706 45.8 2.90 0.15
549 332.777 39.3 3.05 0.13
550 333.750 39.3 2.94 0.11
551 335.310 58.6 2.93 0.10
552 335.744 70.0 2.87 0.16
553 337.160 25.0 2.89 0.23
554 337.669 77.4 2.96 0.21
555 338.068 46.9 2.94 0.27
556 339.403 41.5 3.06 -0.00
557 339.481 44.9 3.09 -0.00
558 340.229 37.8 3.07 0.26
559 341.417 19.3 3.16 0.24
560 342.550 49.8 3.06 0.37
561 343.888 77.1 3.06 0.19
562 344.021 24.2 2.92 0.23
563 344.151 44.9 3.05 0.27
564 344.349 50.6 3.10 0.25
565 344.854 58.6 3.18 0.18
566 345.393 49.8 3.05 0.24
567 345.591 20.8 3.09 0.21
568 345.649 36.1 2.97 0.21
569 345.748 42.1 2.77 0.20
570 345.809 31.0 2.90 0.16
571 346.492 57.7 3.08 0.13
572 346.765 51.5 3.12 0.17
573 347.526 26.5 3.33 0.19
574 348.127 36.1 3.19 0.05
575 348.820 31.6 3.00 -0.03
576 349.093 59.4 2.97 -0.03
577 349.690 29.0 3.13 0.19
578 349.725 16.8 3.12 0.20
579 349.800 46.6 3.15 0.18
580 350.472 54.6 3.12 0.19
581 351.114 37.8 3.12 0.13
582 351.145 17.6 3.00 0.12
583 353.056 30.4 3.04 0.13
584 353.903 54.6 3.25 0.23
585 354.032 29.9 3.23 0.24
586 355.937 37.0 3.32 0.06
587 357.865 23.3 3.29 0.07
588 358.261 45.8 3.33 0.17
589 358.623 49.8 3.23 0.15
590 358.763 52.1 3.32 0.13
591 359.377 42.7 3.27 0.19
592 361.897 36.1 3.16 0.19
593 362.067 45.8 3.07 0.20
594 363.211 61.2 3.12 0.18
595 363.743 59.4 3.20 0.26
596 363.839 39.8 3.20 0.26
597 363.958 67.4 3.29 0.34
598 364.777 48.1 3.20 0.19
599 365.033 50.6 3.19 0.32
600 365.180 32.1 3.25 0.28
601 365.344 41.0 3.15 0.30
602 365.730 48.1 3.16 0.23
603 366.703 41.0 3.09 0.36
604 367.232 42.7 3.00 0.27
605 367.392 33.0 3.17 0.38
606 368.546 40.1 3.18 0.26
607 368.672 17.6 3.19 0.30
608 369.136 44.9 3.21 0.26
609 369.372 58.6 3.14 0.31
610 369.867 36.1 3.28 0.28
611 371.160 65.1 3.29 0.14
612 371.218 25.6 3.17 0.10
613 372.184 58.6 3.25 0.04
614 372.512 51.2 3.17 0.18
615 373.669 41.0 3.08 0.30
616 375.540 43.2 3.06 0.11
617 376.471 54.6 3.11 0.28
618 376.714 44.1 3.17 0.09
619 377.158 68.3 3.03 0.13
620 377.724 45.5 2.97 0.10
621 379.117 49.8 3.16 0.28
622 379.349 72.2 3.13 0.18
623 379.670 33.0 3.06 0.13
624 379.997 28.2 3.05 0.15
625 380.032 48.6 3.12 0.09
626 381.107 22.5 3.11 0.01
627 382.366 54.6 3.07 0.02
628 383.339 68.3 3.13 -0.07
629 383.776 39.3 3.11 0.01
630 384.169 65.4 3.05 -0.02
631 386.452 97.3 3.11 0.13
632 386.831 59.4 3.14 0.20
633 387.066 54.6 3.10 -0.04
634 388.101 43.2 3.15 0.01
635 388.930 53.5 3.20 0.36
636 389.289 36.1 3.22 0.23
637 390.087 31.3 3.16 0.30
638 390.149 44.1 3.10 0.24
639 391.381 45.8 3.04 0.30
640 391.579 48.9 3.06 0.30
641 392.098 26.5 3.04 0.17
642 392.180 41.0 3.09 0.12
643 392.825 44.9 3.01 0.23
644 393.791 49.8 3.16 0.31
645 394.156 48.9 3.12 0.25
646 394.402 21.6 3.08 0.14
647 396.409 30.4 3.21 0.07
648 397.487 75.4 3.20 0.23
649 397.945 48.6 3.14 0.29
650 398.498 41.0 3.18 0.18
651 399.450 50.6 3.19 0.12
652 399.529 38.7 3.11 0.12
653 399.802 42.7 3.15 0.15
654 400.314 20.8 3.05 -0.02
655 400.819 63.4 3.01 0.12
656 401.167 97.0 2.99 0.06
657 401.843 28.2 2.99 0.14
658 401.976 54.3 2.82 0.19
659 403.205 31.3 3.07 0.12
660 403.471 89.0 3.11 0.23
661 403.782 41.8 3.13 0.16
662 404.072 44.9 3.21 0.03
663 404.734 45.8 3.19 0.06
664 404.812 52.9 3.19 0.06
665 405.758 51.5 2.96 0.08
666 407.277 33.8 2.82 0.18
667 408.123 52.3 3.09 0.20
668 408.335 44.9 3.07 0.20
669 408.424 77.9 3.23 0.09
670 408.687 48.1 3.24 0.07
671 408.867 33.3 3.15 0.18
672 408.908 34.7 3.14 0.17
673 409.362 72.2 3.22 0.14
674 410.124 37.8 3.21 0.27
675 410.267 38.4 3.24 0.20
676 410.636 29.0 3.16 0.10
677 410.932 37.0 3.17 0.06
678 410.994 41.0 3.16 0.25
679 412.243 45.8 3.04 0.06
680 412.574 40.1 3.03 -0.01
681 413.656 99.6 3.06 0.19
682 416.455 51.5 2.93 0.09
683 416.923 20.2 3.07 0.12
684 416.957 19.3 3.12 0.08
685 417.810 41.8 3.20 0.08
686 418.981 46.9 3.06 0.13
687 419.459 32.1 3.12 0.17
688 419.667 46.6 3.07 0.19
689 420.763 45.8 3.02 0.18
690 423.692 19.3 3.01 0.31
691 423.818 68.6 2.90 0.27
692 424.221 54.6 2.94 0.17
693 424.668 63.4 3.04 0.17
694 426.613 49.8 3.08 0.15
695 427.852 50.6 3.28 0.17
696 429.463 95.6 3.24 0.14
697 431.580 60.3 3.15 0.06
698 431.969 49.8 3.14 0.07
699 432.324 54.6 3.15 0.00
700 433.566 46.6 3.02 0.16
701 434.218 59.4 3.11 0.06
702 434.751 65.1 3.29 0.09
703 434.805 17.6 3.08 0.07
704 436.993 44.9 3.17 0.24
705 437.911 74.0 3.04 0.31
706 439.253 88.5 3.13 0.17
707 439.314 47.5 3.07 0.17
708 439.369 54.6 3.04 0.12
709 439.570 68.3 3.08 0.13
710 439.669 49.8 3.00 -0.01
711 439.898 89.9 3.10 0.07
712 440.495 53.8 3.15 -0.06
713 440.731 44.9 3.05 -0.02
714 440.946 50.6 3.09 0.03
715 441.140 71.4 3.09 0.14
716 441.250 41.0 3.11 0.06
717 441.349 28.2 3.11 0.17
718 441.379 26.5 3.02 0.16
719 441.598 33.0 3.19 0.17
720 443.144 44.1 3.29 0.22
721 443.335 50.6 3.30 0.10
722 443.741 37.8 3.22 0.21
723 445.472 49.8 3.07 0.11
724 445.598 108.4 3.07 0.20
725 445.738 132.6 3.08 0.15
726 446.097 28.2 3.00 0.21
727 446.394 66.6 3.03 0.15
728 446.769 34.4 3.15 -0.01
729 446.813 42.7 3.12 -0.00
730 448.005 54.6 3.21 0.20
731 449.070 58.6 3.06 0.03
732 449.135 27.3 3.09 0.02
733 449.353 47.5 3.03 0.08
734 449.431 49.8 3.02 0.11
735 449.647 53.2 3.02 0.08
736 449.995 100.4 2.96 0.01
737 450.572 54.6 3.00 0.08
738 450.851 63.4 3.08 0.15
739 451.036 41.0 2.97 0.08
740 451.742 20.8 3.08 0.14
741 452.032 45.8 2.99 0.21
742 452.452 50.6 2.95 0.16
743 453.275 50.6 3.01 0.17
744 453.521 37.8 3.02 0.23
745 454.125 24.7 3.01 0.25
746 455.087 54.6 3.09 0.14
747 455.517 46.6 3.01 0.17
748 457.084 77.9 3.07 0.26
749 457.357 29.0 3.11 0.25
750 457.388 18.5 3.12 0.27
751 457.443 41.0 3.11 0.22
752 457.518 45.8 3.14 0.21
753 458.405 44.9 2.84 0.25
754 458.716 54.6 2.97 0.19
755 458.818 59.4 2.91 0.26
756 459.013 49.8 3.08 0.19
757 459.828 45.8 3.07 -0.05
758 460.337 37.0 2.96 -0.02
759 460.897 44.1 3.09 0.20
760 461.528 43.2 2.92 0.22
761 461.897 72.2 2.89 0.30
762 462.037 64.3 2.99 0.31
763 462.624 39.3 2.97 0.07
764 462.805 54.6 2.90 0.11
765 464.566 66.0 3.09 0.24
766 464.979 74.0 3.00 0.26
767 466.116 58.6 3.00 0.14
768 467.747 41.8 2.85 0.13
769 468.468 59.4 2.70 0.16
770 468.526 33.8 2.80 0.16
771 469.775 38.7 2.96 0.40
772 471.168 23.3 2.93 0.17
773 471.690 27.3 2.92 0.29
774 472.011 31.3 2.98 0.24
775 472.881 79.6 2.96 0.34
776 474.803 33.0 2.94 0.37
777 475.660 56.6 2.84 0.37
778 476.052 57.7 3.06 0.32
779 476.305 54.6 2.87 0.25
780 476.544 27.3 2.97 0.44
781 476.902 22.5 2.97 0.45
782 477.571 42.7 2.94 0.08
783 477.680 8.8 3.27 0.06
784 477.786 23.3 3.14 0.13
785 478.004 21.6 3.15 0.07
786 478.114 59.4 3.13 0.11
787 478.206 24.2 3.10 -0.01
788 478.602 41.8 2.99 0.12
789 479.807 20.8 2.96 0.37
790 479.868 36.1 2.89 0.37
791 480.131 24.2 2.88 0.44
792 480.169 35.3 2.90 0.46
793 480.254 81.9 2.90 0.34
794 480.411 44.9 2.87 0.34
795 480.762 23.3 2.82 0.48
796 482.425 50.6 3.10 0.13
797 483.988 59.4 3.23 -0.04
798 484.213 75.4 3.27 0.01
799 484.377 27.9 3.13 0.05
800 484.575 44.1 3.24 -0.02
801 484.660 65.7 3.25 -0.03
802 484.828 95.6 3.31 -0.00
803 485.999 70.8 3.24 -0.11
804 486.104 63.4 3.29 -0.06
805 486.227 30.4 3.20 -0.09
806 486.569 49.8 3.11 -0.12
807 487.063 47.5 3.16 -0.20
808 487.524 59.4 2.91 0.11
809 487.971 40.1 3.16 -0.01
810 488.193 52.9 3.15 0.04
811 488.535 45.8 3.03 -0.05
812 488.808 66.0 3.14 -0.06
813 490.214 39.3 3.22 -0.05
814 490.487 33.0 3.15 -0.04
815 491.238 38.7 2.95 -0.09
816 491.306 22.5 3.15 0.00
817 493.211 73.1 2.88 0.21
818 494.163 63.4 3.14 0.05
819 494.904 77.9 2.92 0.01
820 497.361 48.9 3.11 -0.08
821 497.983 44.9 3.15 -0.12
822 499.580 59.4 3.15 -0.13
823 500.215 48.1 3.18 -0.01
824 500.782 44.9 3.17 -0.02
825 501.174 41.8 3.30 0.02
826 501.860 54.6 3.00 0.05
827 503.744 39.3 2.91 0.13
828 505.082 43.2 3.11 -0.03
829 507.622 86.8 3.00 -0.04
830 507.840 37.0 3.03 0.03
831 508.271 26.5 3.08 -0.04
832 508.462 42.7 3.10 0.02
833 508.960 55.5 3.06 0.09
834 509.578 11.1 3.13 0.14
835 511.697 50.6 3.17 -0.13
836 512.039 54.6 3.20 0.20
837 512.892 41.8 3.05 0.30
838 512.940 31.6 3.07 0.30
839 513.561 63.1 2.92 0.39
840 513.647 54.6 2.98 0.39
841 513.739 52.3 3.02 0.31
842 514.060 35.0 2.99 0.37
843 515.486 44.9 2.97 0.03
844 516.497 59.4 2.99 0.50
845 517.210 33.0 2.99 0.47
846 517.517 52.9 2.87 0.20
847 517.654 35.3 2.75 0.06
848 517.801 63.4 2.90 -0.02
849 518.237 77.9 2.99 0.15
850 518.609 57.7 2.75 0.15
851 518.968 26.5 3.17 0.38
852 519.507 50.6 2.97 0.35
853 519.794 44.4 2.93 0.37
854 520.378 33.0 2.91 0.36
855 521.071 54.6 3.08 -0.06
856 521.159 52.9 2.91 -0.06
857 521.268 56.3 2.99 -0.01
858 521.839 65.7 2.89 0.08
859 522.074 68.3 2.83 0.00
860 523.859 73.1 2.78 0.05
861 524.026 36.7 2.73 0.05
862 524.061 26.5 2.80 0.10
863 524.320 28.2 2.82 0.06
864 524.395 47.8 2.83 0.06
865 524.873 80.2 2.76 0.05
866 525.047 45.8 2.84 0.06
867 525.163 51.5 2.83 -0.06
868 525.508 29.0 2.81 0.03
869 525.549 36.1 2.83 0.03
870 526.033 41.0 2.88 0.03
871 526.293 49.8 2.73 0.09
872 526.443 54.6 2.79 0.02
873 526.518 35.3 2.87 0.06
874 526.853 66.3 2.81 -0.00
875 526.976 62.0 2.85 0.02
876 527.935 56.9 3.14 0.11
877 528.303 76.2 2.88 0.20
878 528.774 28.2 2.87 0.21
879 528.897 81.9 2.92 0.25
880 528.983 49.8 2.96 0.23
881 529.051 45.8 2.91 0.23
882 529.949 38.4 2.92 0.20
883 530.048 97.3 2.93 0.19
884 530.495 45.8 2.93 0.20
885 530.587 71.4 2.97 0.13
886 531.317 52.3 2.95 0.20
887 531.788 44.1 2.91 0.17
888 532.007 64.3 2.88 0.34
889 532.454 54.3 2.88 0.15
890 532.782 61.7 2.87 -0.02
891 533.543 73.1 2.77 0.14
892 534.191 41.0 2.86 0.14
893 535.577 45.8 3.01 0.15
894 535.796 54.6 2.98 0.18
895 536.424 23.3 3.04 0.07
896 537.533 40.1 3.00 0.13
897 538.100 44.1 2.90 0.12
898 538.376 38.7 2.92 0.17
899 538.973 127.7 3.00 0.08
900 539.086 41.0 2.94 0.06
901 539.229 44.9 2.96 0.05
902 539.345 39.3 2.93 0.03
903 540.073 59.4 2.84 0.03
904 540.315 54.6 2.91 0.05
905 540.608 49.8 2.89 0.08
906 541.295 54.6 2.80 0.08
907 541.943 102.1 2.93 0.23
908 542.175 86.8 2.90 0.01
909 542.745 45.8 3.01 0.22
910 542.871 49.8 3.02 0.08
911 543.165 136.5 2.96 0.19
912 543.916 81.9 2.88 0.15
913 544.885 33.8 3.17 0.12
914 545.206 40.1 3.17 0.18
915 545.718 30.4 3.08 0.16
916 545.848 37.0 3.15 0.12
917 546.592 48.9 3.15 0.51
918 546.664 41.0 3.15 0.49
919 547.155 41.8 3.12 0.31
920 548.350 33.0 3.15 0.27
921 548.780 50.6 3.08 0.25
922 549.244 38.7 3.20 0.28
923 549.811 50.1 3.11 0.19
924 550.087 44.1 3.18 0.11
925 550.364 41.0 3.17 0.19
926 551.381 118.9 3.12 0.07
927 551.852 25.6 3.08 0.05
928 552.183 35.3 3.15 -0.07
929 552.436 39.8 3.13 -0.06
930 552.521 37.0 3.23 -0.15
931 552.951 61.7 3.12 -0.14
932 553.572 39.3 3.05 0.02
933 554.146 49.8 3.11 0.07
934 554.443 61.2 3.05 -0.09
935 554.900 62.6 3.07 -0.10
936 555.453 28.2 3.03 -0.29
937 556.238 41.8 2.95 -0.02
938 556.276 8.8 2.95 0.02
939 558.095 19.3 3.04 0.15
940 558.132 27.0 3.01 0.15
941 558.341 28.2 2.88 0.07
942 560.730 69.1 3.16 0.28
943 561.498 30.4 2.98 0.14
944 563.239 50.6 3.04 0.12
945 563.986 49.8 3.06 0.09
946 564.212 12.8 2.99 0.05
947 565.253 26.5 3.02 0.18
948 565.717 61.4 3.05 0.12
949 566.065 53.8 3.04 0.09
950 566.185 63.4 3.02 0.19
951 566.509 36.1 3.07 0.11
952 567.058 54.6 2.95 0.13
953 567.284 64.6 2.90 0.06
954 567.328 29.9 2.92 0.07
955 567.389 51.5 2.98 0.10
956 568.768 50.6 2.92 0.11
957 569.949 92.4 2.84 0.05
958 571.683 44.9 2.86 0.07
959 571.943 91.6 2.83 0.08
960 572.414 29.6 2.86 0.08
961 573.185 93.6 2.90 0.22
962 574.086 81.9 2.87 0.14
963 574.571 30.4 2.96 0.14
964 575.025 49.8 2.96 0.17
965 575.721 22.5 2.95 0.17
966 577.810 128.6 3.17 0.10
967 578.667 51.5 3.04 0.34
968 578.964 33.0 3.11 0.19
969 579.882 27.3 3.09 0.27
970 580.510 41.0 2.96 0.21
971 584.135 54.6 3.00 0.21
972 584.422 37.0 2.88 0.18
973 585.374 69.1 2.94 0.09
974 585.501 45.8 2.98 0.08
975 586.647 64.3 3.23 0.03
976 587.764 40.1 3.18 0.09
977 588.108 47.5 3.14 0.11
978 588.241 33.8 3.04 0.07
979 588.552 35.3 3.11 -0.02
980 591.358 30.4 3.17 0.13
981 592.703 54.6 3.21 0.04
982 593.385 58.6 3.36 0.21
983 593.764 38.4 3.27 0.18
984 594.010 54.6 3.23 0.22
985 594.123 49.8 3.25 0.25
986 595.235 52.9 3.08 0.38
987 596.611 37.0 3.11 0.11
988 598.079 64.3 3.09 0.13
989 598.785 18.5 3.08 0.12
990 599.925 50.6 3.08 0.18
991 600.796 45.8 3.09 0.06
992 603.922 32.1 3.16 0.20
993 605.407 49.8 2.83 -0.02
994 605.585 19.6 2.99 -0.11
995 605.725 34.4 2.98 -0.04
996 605.793 45.2 3.01 -0.19
997 606.247 88.5 2.95 -0.03
998 606.779 52.9 3.09 0.08
999 607.670 36.1 3.17 0.01
1000 609.619 73.1 3.10 0.11
1001 610.292 65.1 3.27 0.06
1002 611.056 62.9 3.14 -0.06
1003 611.384 65.1 3.06 -0.03
1004 612.418 83.6 2.95 0.06
1005 612.572 44.9 3.13 0.04
1006 612.715 11.9 3.18 -0.03
1007 613.104 29.9 3.01 0.01
1008 615.377 27.3 3.26 -0.02
1009 615.429 71.4 3.28 -0.02
1010 616.398 36.1 3.35 0.11
1011 616.623 49.8 3.30 -0.09
1012 617.224 45.8 3.35 -0.03
1013 617.507 31.3 3.30 0.01
1014 617.862 33.0 3.30 0.03
1015 618.269 58.9 3.24 0.07
1016 618.688 34.1 3.20 0.00
1017 619.631 32.1 3.20 -0.02
1018 619.985 59.7 3.26 -0.08
1019 620.201 58.6 3.24 0.01
1020 620.265 54.6 3.26 -0.03
1021 620.334 67.4 3.23 -0.03
1022 620.515 23.3 3.28 -0.02
1023 620.695 35.3 3.18 0.03
1024 620.969 59.4 3.21 -0.01
1025 622.754 58.6 3.31 0.20
1026 623.569 54.6 3.25 0.09
1027 623.689 65.1 3.25 0.04
1028 623.880 68.3 3.36 0.03
1029 624.628 46.6 3.26 -0.00
1030 625.204 19.3 3.20 -0.03
1031 626.324 52.3 3.23 -0.03
1032 626.956 45.8 3.16 0.23
1033 627.109 27.3 3.21 0.12
1034 627.143 16.8 3.30 0.17
1035 627.311 66.6 3.25 0.19
1036 628.212 54.6 3.25 0.24
1037 628.420 48.1 3.30 0.26
1038 628.481 43.8 3.23 0.26
1039 629.492 36.1 3.28 0.19
1040 629.666 44.9 3.28 0.28
1041 629.731 57.7 3.25 0.26
1042 630.031 31.3 3.30 0.26
1043 630.693 31.3 3.23 0.15
1044 631.492 45.8 3.17 0.19
1045 632.035 54.6 3.14 0.28
1046 632.195 77.1 3.10 0.23
1047 632.318 54.6 3.11 0.22
1048 632.386 54.6 3.08 0.18
1049 632.687 41.2 3.17 0.19
1050 632.922 44.1 3.17 0.11
1051 633.489 52.9 3.11 0.29
1052 634.349 49.8 3.19 0.20
1053 634.789 74.5 3.14 0.31
1054 635.250 86.8 3.12 0.19
1055 636.158 26.5 3.29 0.17
1056 636.380 51.5 3.31 0.22
1057 637.158 54.6 3.42 0.29
1058 637.295 59.4 3.38 0.25
1059 637.564 37.8 3.31 0.14
1060 639.213 49.8 3.20 0.15
1061 639.274 57.2 3.29 0.18
1062 640.715 42.7 3.15 0.01
1063 641.889 29.0 3.17 0.19
1064 641.940 27.9 3.18 0.19
1065 642.438 33.8 3.13 0.24
1066 643.596 56.3 3.18 0.11
1067 644.189 48.1 3.29 0.26
1068 644.568 39.3 3.24 0.18
1069 644.626 45.8 3.17 0.16
1070 645.435 56.3 3.27 0.07
1071 646.906 85.9 3.27 0.13
1072 647.715 56.0 3.21 0.25
1073 648.634 66.6 3.22 0.13
1074 648.712 20.2 3.17 0.21
1075 648.763 30.4 3.17 0.20
1076 648.862 48.9 3.21 0.23
1077 649.927 37.0 3.28 0.23
1078 650.682 46.6 3.33 0.21
1079 650.750 59.4 3.21 0.15
1080 651.105 64.3 3.33 0.22
1081 651.549 58.6 3.39 0.16
1082 652.050 39.3 3.35 -0.13
1083 652.399 40.1 3.30 -0.31
1084 652.747 53.8 3.22 -0.17
1085 652.863 37.0 3.08 -0.22
1086 656.293 65.4 2.91 -0.04
1087 656.355 53.8 2.78 -0.09
1088 657.078 68.3 2.91 -0.06
1089 659.771 41.0 3.02 0.01
1090 659.962 47.5 2.93 -0.03
1091 660.085 52.1 2.93 0.05
1092 660.246 63.4 2.94 0.01
1093 662.649 48.9 2.84 0.14
1094 663.103 44.9 2.82 0.11
1095 665.181 54.6 3.04 0.15
1096 666.909 58.6 3.13 0.18
1097 667.096 30.4 3.18 0.18
1098 667.796 45.8 3.14 0.12
1099 667.881 49.8 3.17 0.15
1100 670.086 38.4 3.26 0.39
1101 670.694 49.8 3.22 0.25
1102 671.206 54.6 3.16 0.19
1103 671.820 73.1 3.27 0.19
1104 673.179 35.3 3.13 0.08
1105 673.629 37.5 3.12 0.08
1106 674.206 86.8 3.20 0.08
1107 675.565 45.8 3.31 0.11
1108 675.865 68.3 3.25 0.14
1109 676.012 37.0 3.21 0.09
1110 677.589 44.9 3.12 0.02
1111 678.237 46.6 3.07 0.16
1112 678.429 74.0 3.08 0.19
1113 679.063 36.1 2.87 0.33
1114 679.674 53.8 2.97 0.13
1115 682.613 29.9 3.18 0.38
1116 683.006 49.8 3.20 0.40
1117 684.631 33.8 3.07 0.30
1118 684.829 37.0 3.14 0.17
1119 685.945 41.0 2.87 0.59
1120 686.191 41.0 2.96 0.62
1121 688.774 28.2 3.11 0.17
1122 688.914 58.6 3.14 -0.03
1123 689.512 49.8 3.27 0.23
1124 689.617 47.2 3.24 0.23
1125 690.280 51.5 3.18 0.20
1126 691.590 37.8 3.07 -0.02
1127 693.372 86.8 3.06 0.24
1128 694.362 68.3 3.04 0.21
1129 694.584 50.6 2.89 0.27
1130 694.666 37.8 2.99 0.27
1131 694.939 58.6 3.01 0.19
1132 697.072 41.0 2.97 0.19
1133 697.328 54.6 3.00 0.08
1134 697.564 45.8 2.92 0.15
1135 698.325 70.5 2.95 0.09
1136 700.294 56.3 3.12 0.06
1137 700.605 50.6 3.13 0.09
1138 701.103 49.8 3.21 0.24
1139 702.602 49.8 3.00 0.18
1140 703.022 56.9 2.93 0.21
1141 703.697 44.9 3.08 0.31
1142 704.059 15.4 2.84 0.36
1143 704.882 59.4 3.06 0.48
1144 705.114 98.7 3.05 0.54
1145 705.394 60.3 3.04 0.50
1146 707.503 41.0 2.99 0.40
1147 708.073 53.8 3.10 0.32
1148 708.422 81.1 3.10 0.41
1149 709.179 35.3 3.07 0.42
1150 710.842 44.9 3.31 0.21
1151 711.299 44.1 3.21 0.22
1152 711.889 59.4 3.24 0.26
1153 712.477 44.9 3.29 0.19
1154 713.118 41.0 3.32 0.18
1155 714.859 33.0 3.24 0.32
1156 716.057 54.6 3.18 0.32
1157 716.480 54.6 3.07 0.31
1158 716.870 49.8 3.31 0.32
1159 719.785 44.9 3.39 0.27
1160 720.034 54.6 3.31 0.27
1161 720.307 50.6 3.31 0.36
1162 720.914 37.8 3.45 0.29
1163 721.211 33.8 3.48 0.25
1164 721.280 79.4 3.35 0.19
1165 721.382 17.6 3.46 0.33
1166 721.549 70.0 3.43 0.36
1167 722.099 37.0 3.36 0.29
1168 722.327 43.2 3.33 0.27
1169 722.723 58.6 3.39 0.18
1170 723.351 50.6 3.40 0.23
1171 723.567 79.6 3.42 0.20
1172 724.283 44.9 3.37 0.13
1173 724.498 45.8 3.42 0.14
1174 726.120 32.1 3.41 0.36
1175 726.342 81.1 3.52 0.31
1176 726.843 47.5 3.52 0.34
1177 727.656 41.0 3.28 0.32
1178 727.833 86.8 3.51 0.35
1179 728.594 58.6 3.54 0.40
1180 728.813 60.3 3.45 0.39
1181 728.861 15.9 3.40 0.40
1182 729.270 43.2 3.37 0.26
1183 729.676 37.0 3.45 0.08
1184 730.690 35.3 3.25 0.23
1185 731.274 50.6 3.41 0.10
1186 733.001 37.3 3.40 -0.08
1187 735.994 18.5 3.32 0.03
1188 736.216 59.4 3.46 0.14
1189 737.131 68.3 3.49 0.18
1190 737.558 56.3 3.28 0.06
1191 737.875 54.6 3.14 0.14
1192 738.049 42.7 3.23 0.20
1193 738.104 37.5 3.22 0.20
1194 740.060 54.6 3.26 -0.12
1195 740.244 44.1 3.26 0.00
1196 740.357 44.9 3.24 0.06
1197 740.643 45.8 3.06 0.06
1198 742.125 52.3 3.17 0.14
1199 742.231 55.5 3.19 0.10
1200 742.592 36.1 3.22 0.17
1201 743.531 31.6 3.14 -0.01
1202 743.705 55.5 3.20 0.08
1203 743.756 27.3 3.22 0.03
1204 746.740 32.1 3.11 0.16
1205 747.501 87.6 3.10 0.15
1206 747.637 100.4 3.12 0.15
1207 748.812 70.8 3.04 0.09
1208 750.293 46.6 3.02 0.21
1209 750.354 40.7 3.13 0.21
1210 750.481 77.9 3.03 0.20
1211 751.126 34.4 3.14 0.30
1212 751.795 49.8 3.09 0.46
1213 752.153 42.7 3.08 0.41
1214 752.849 49.8 3.12 0.50
1215 754.447 64.3 3.27 0.21
1216 756.157 34.4 3.27 0.19
1217 756.532 47.5 3.29 0.11
1218 757.461 18.5 3.08 0.28
1219 757.772 37.8 3.01 0.39
1220 758.789 49.8 3.13 0.29
1221 758.939 54.6 3.09 0.23
1222 762.332 53.8 3.00 0.14
1223 762.997 63.7 3.09 0.18
1224 763.240 63.1 3.20 0.02
1225 764.274 41.0 3.17 0.19
1226 764.523 44.9 3.17 0.29
1227 765.172 63.4 3.30 0.30
1228 765.725 24.5 3.12 0.26
1229 765.970 37.0 3.35 0.32
1230 766.298 64.3 3.43 0.25
1231 767.244 45.8 3.17 0.23
1232 768.650 57.5 3.46 0.26
1233 768.711 76.2 3.47 0.51
1234 769.326 44.9 3.45 0.14
1235 769.940 21.6 3.35 0.33
1236 770.138 43.2 3.44 0.29
1237 770.780 46.6 3.34 0.42
1238 771.039 48.9 3.33 0.28
1239 771.394 24.2 3.44 0.40
1240 772.333 49.8 3.37 0.25
1241 773.835 15.9 3.34 0.28
1242 774.500 49.8 3.38 0.33
1243 775.159 44.9 3.28 0.29
1244 775.709 26.5 3.25 0.29
1245 775.849 49.8 3.29 0.26
1246 777.463 53.8 3.25 0.18
1247 778.351 68.3 3.56 0.36
1248 778.658 71.4 3.39 0.32
1249 778.934 59.7 3.45 0.37
1250 780.504 63.4 3.48 0.08
1251 781.115 44.9 3.36 0.38
1252 782.801 50.6 3.22 0.33
1253 782.959 58.6 3.23 0.29
1254 783.232 27.6 3.20 0.37
1255 785.051 56.9 3.10 0.34
1256 786.007 36.1 3.06 0.20
1257 787.205 43.0 2.83 0.13
1258 787.314 37.8 2.73 0.02
1259 787.454 58.6 2.96 -0.06
1260 787.863 29.0 2.93 0.03
1261 788.044 23.3 2.89 0.13
1262 788.072 12.8 2.95 0.15
1263 788.461 44.9 2.85 0.07
1264 788.751 63.4 2.93 0.05
1265 789.225 45.8 3.06 0.16
1266 789.584 51.5 3.08 0.17
1267 789.635 17.6 3.13 0.19
1268 789.713 49.8 3.11 0.24
1269 790.287 59.4 3.12 0.08
1270 790.864 55.5 3.03 0.05
1271 791.325 72.2 3.07 0.00
1272 791.396 24.2 3.04 0.06
1273 791.608 77.1 3.08 0.09
1274 795.093 54.6 3.20 0.18
1275 795.414 59.4 3.21 0.01
1276 795.574 41.5 3.12 -0.01
1277 796.875 61.2 3.27 0.11
1278 796.943 58.6 3.25 0.11
1279 797.260 44.7 3.18 0.02
1280 797.837 47.5 3.23 0.17
1281 797.905 49.8 3.27 0.20
1282 798.766 51.5 3.15 0.04
1283 799.414 54.6 3.05 0.25
1284 799.599 49.8 3.10 0.31
1285 799.711 34.4 3.06 0.16
1286 799.981 29.6 2.97 0.24
1287 800.302 45.8 2.93 0.18
1288 800.568 54.6 2.97 0.33
1289 801.254 50.6 3.03 0.32
1290 801.599 33.0 3.02 0.22
1291 802.370 49.8 2.99 0.29
1292 802.746 22.5 2.96 0.29
1293 803.346 41.0 3.01 0.22
1294 803.418 35.8 2.99 0.22
1295 805.050 54.3 2.82 0.03
1296 805.343 35.3 2.72 0.03
1297 805.425 59.4 2.74 0.00
1298 806.493 59.4 2.84 0.18
1299 807.084 45.8 2.99 0.13
1300 808.166 50.6 2.78 0.14
1301 808.494 95.6 3.04 -0.19
1302 808.705 72.2 2.92 0.10
1303 810.108 41.0 3.24 0.28
1304 810.723 39.3 3.24 0.26
1305 810.787 50.6 3.19 0.21
1306 810.931 49.8 3.15 0.26
1307 811.166 63.4 3.05 0.22
1308 811.330 21.0 3.03 0.28
1309 811.518 59.4 3.00 0.17
1310 811.648 45.8 3.00 0.09
1311 812.221 78.8 3.01 0.10
1312 812.327 85.3 2.87 0.17
1313 813.661 41.5 2.91 0.07
1314 814.225 60.3 2.97 0.20
1315 815.406 57.2 3.00 0.29
1316 816.846 44.1 3.10 0.18
1317 817.638 30.4 3.22 0.06
1318 817.921 49.8 3.36 -0.02
1319 818.679 105.2 3.14 0.39
1320 819.403 53.8 3.09 0.08
1321 819.584 45.8 3.18 0.04
1322 819.631 17.6 3.13 0.03
1323 820.092 68.3 3.04 0.15
1324 820.911 21.6 3.10 0.29
1325 821.464 42.7 3.00 0.25
1326 821.512 25.6 3.00 0.31
1327 822.277 36.1 3.08 0.30
1328 822.761 45.8 3.09 0.20
1329 824.475 54.6 3.12 0.15
1330 824.608 50.6 3.08 0.13
1331 824.997 58.6 3.05 0.11
1332 827.322 77.9 3.13 0.29
1333 827.601 35.3 3.03 0.30
1334 828.776 66.6 3.25 0.25
1335 830.168 43.2 3.11 0.35
1336 831.588 35.3 3.05 0.48
1337 832.291 63.4 3.12 0.31
1338 833.483 31.3 3.14 0.31
1339 834.182 32.1 3.02 0.38
1340 835.906 54.6 3.05 0.20
1341 836.957 41.8 3.03 0.34
1342 837.319 46.6 2.99 0.25
1343 838.551 41.0 2.96 0.34
1344 838.988 49.8 2.83 0.26
1345 840.797 45.8 2.85 0.26
1346 841.016 41.0 2.92 0.23
1347 841.139 46.4 2.90 0.22
1348 841.197 96.7 3.01 0.14
1349 842.351 53.8 3.05 0.38
1350 842.873 45.8 3.19 0.29
1351 843.204 28.2 3.17 0.26
1352 843.740 46.6 3.12 0.39
1353 844.108 60.9 3.20 0.31
1354 844.286 38.7 3.12 0.38
1355 844.399 48.9 3.06 0.31
1356 844.528 48.1 3.02 0.20
1357 844.658 45.8 3.08 0.20
1358 845.508 48.1 2.94 0.20
1359 845.839 19.3 3.08 0.26
1360 847.184 48.9 3.16 0.16
1361 847.436 27.3 3.06 0.10
1362 848.030 63.4 3.05 0.12
1363 848.174 66.0 2.98 0.02
1364 848.396 62.6 2.96 0.21
1365 849.385 54.6 3.01 0.15
1366 849.863 37.0 2.99 0.19
1367 853.280 40.1 2.88 -0.21
1368 853.355 59.4 2.61 -0.03
1369 854.352 45.8 2.91 0.00
1370 854.621 45.8 2.77 0.13
1371 854.707 22.5 2.77 0.01
1372 855.966 29.0 3.21 0.22
1373 856.785 55.2 2.93 -0.11
1374 857.041 48.1 2.91 0.01
1375 858.697 58.6 2.86 0.18
1376 860.011 62.6 2.81 0.07
1377 860.868 66.6 3.05 0.20
1378 862.889 42.7 3.20 -0.10
1379 864.117 50.6 3.05 0.21
1380 865.172 24.7 3.21 0.21
1381 866.042 66.0 3.29 0.05
1382 866.186 54.6 3.21 -0.05
1383 866.612 54.6 3.27 0.04
1384 867.411 72.2 3.13 0.18
1385 867.551 55.5 3.10 0.19
1386 867.742 44.9 3.21 0.17
1387 868.029 59.4 3.20 0.08
1388 868.131 81.9 3.23 0.10
1389 868.824 50.3 3.21 0.19
1390 870.336 52.9 3.11 -0.06
1391 870.463 61.4 3.22 -0.06
1392 870.708 61.2 3.15 0.09
1393 870.995 41.5 3.18 0.07
1394 872.500 52.3 3.08 -0.12
1395 873.763 68.3 3.01 0.04
1396 875.528 51.5 3.04 0.15
1397 876.542 54.6 3.15 -0.10
1398 877.047 32.1 3.23 0.24
1399 877.515 69.4 3.12 0.22
1400 878.105 44.9 3.14 0.32
1401 882.201 49.8 3.08 0.12
1402 882.563 68.3 3.11 0.16
1403 882.689 66.6 3.16 0.16
1404 882.805 59.2 3.08 0.11
1405 883.894 49.8 3.11 0.13
1406 883.997 49.8 3.09 0.08
1407 884.253 73.1 3.16 0.03
1408 885.328 28.2 3.19 0.05
1409 885.382 47.5 3.30 0.04
1410 885.440 44.1 3.20 0.04
1411 885.618 54.6 3.14 0.04
1412 885.731 56.9 3.14 -0.02
1413 885.809 47.5 3.21 -0.05
1414 886.744 141.4 3.07 0.01
1415 888.123 68.3 2.96 -0.06
1416 888.185 30.4 2.98 -0.00
1417 889.297 68.3 3.18 0.08
1418 889.748 49.8 3.01 0.03
1419 890.021 44.1 3.22 0.06
1420 890.260 47.5 3.15 0.08
1421 890.434 41.0 3.14 0.04
1422 890.939 53.8 3.16 0.22
1423 891.038 45.8 3.24 0.25
1424 891.158 37.8 3.09 0.22
1425 891.192 12.8 3.22 0.21
1426 892.038 29.6 3.30 0.10
1427 892.424 30.4 3.18 0.08
1428 892.547 48.1 3.22 0.22
1429 893.353 25.6 3.08 0.10
1430 893.609 82.8 3.13 0.08
1431 893.697 50.6 3.20 0.12
1432 893.977 77.9 3.12 0.08
1433 894.585 49.8 3.28 0.05
1434 894.776 43.2 3.07 -0.08
1435 894.994 44.9 3.31 0.05
1436 895.629 33.8 3.11 0.05
1437 895.697 31.3 3.23 0.04
1438 895.895 47.5 3.30 0.06
1439 896.278 48.9 3.25 -0.03
1440 896.687 54.6 3.27 0.02
1441 901.459 48.9 3.25 0.06
1442 901.654 49.8 3.31 0.11
1443 903.275 56.3 3.22 0.21
1444 903.473 49.8 3.23 0.08
1445 903.671 53.8 3.09 0.21
1446 903.842 49.8 3.24 0.16
1447 904.685 17.6 3.18 -0.18
1448 904.797 21.6 3.07 -0.14
1449 905.084 68.3 3.19 -0.10
1450 906.354 37.8 3.23 -0.03
1451 906.456 68.3 3.33 0.19
1452 908.569 76.8 3.04 -0.00
1453 909.296 73.1 3.14 -0.21
1454 910.621 45.8 3.00 0.03
1455 911.020 42.4 3.12 -0.11
1456 911.979 58.6 3.04 0.19
1457 912.225 45.8 2.98 0.25
1458 912.938 21.6 2.99 -0.25
1459 914.201 78.8 2.99 -0.25
1460 914.304 56.6 2.92 -0.25
1461 914.351 36.4 3.00 -0.30
1462 914.484 75.9 2.88 -0.29
1463 915.549 42.7 2.79 -0.13
1464 915.983 100.4 2.85 -0.12
1465 916.276 25.9 2.95 -0.23
1466 916.686 49.8 3.20 0.04
1467 916.887 100.4 3.30 0.27
1468 917.113 42.7 3.09 0.28
1469 917.242 50.6 3.03 0.25
1470 917.645 54.6 3.00 0.13
1471 917.761 29.6 3.00 0.14
1472 917.833 51.5 2.98 0.21
1473 918.379 40.1 3.06 0.24
1474 918.830 41.0 3.07 0.15
1475 918.874 34.1 3.06 0.15
1476 919.174 37.8 3.12 0.28
1477 919.219 31.9 3.08 0.28
1478 919.789 44.9 3.03 0.20
1479 919.912 22.8 3.00 0.17
1480 919.939 19.3 3.11 0.17
1481 920.871 61.2 3.19 0.15
1482 920.977 56.9 3.12 0.15
1483 921.113 49.8 3.18 0.09
1484 921.318 52.9 3.09 0.09
1485 921.946 73.1 2.96 0.14
1486 923.895 72.2 3.10 0.18
1487 924.199 44.9 3.34 0.08
1488 924.492 35.8 3.15 0.13
1489 924.707 30.4 3.14 0.20
1490 925.445 46.6 3.13 0.24
1491 925.557 41.0 3.24 0.35
1492 926.411 68.3 3.07 0.37
1493 926.796 41.0 3.14 0.59
1494 927.383 48.9 3.19 0.23
1495 928.008 37.0 3.28 0.09
1496 928.056 42.7 3.23 0.03
1497 928.384 26.5 3.31 0.01
1498 928.544 30.4 3.39 0.05
1499 929.647 50.6 3.50 0.15
1500 929.725 31.3 3.49 0.15
1501 929.937 53.8 3.50 0.19
1502 930.203 52.9 3.44 0.14
1503 930.421 34.4 3.38 0.07
1504 930.548 74.0 3.42 -0.01
1505 930.619 35.3 3.50 0.06
1506 930.985 24.2 3.37 0.12
1507 931.230 37.0 3.42 0.15
1508 931.722 41.8 3.43 0.27
1509 934.558 31.9 3.14 0.05
1510 934.865 23.3 3.29 0.00
1511 935.152 55.5 3.44 0.06
1512 935.391 71.4 3.25 0.00
1513 937.408 45.8 3.46 0.22
1514 939.405 44.9 3.33 0.18
1515 939.487 34.7 3.32 0.18
1516 941.129 37.8 3.18 0.08
1517 941.829 18.5 3.38 0.22
1518 942.358 63.4 3.20 0.20
1519 942.781 44.9 3.22 0.19
1520 943.453 36.1 3.24 0.19
1521 943.580 22.5 3.25 0.20
1522 943.648 32.1 3.31 0.30
1523 943.761 41.8 3.20 0.28
1524 943.812 53.8 3.36 0.29
1525 944.194 49.8 3.28 0.18
1526 944.634 52.1 3.33 0.04
1527 944.733 45.8 3.19 0.03
1528 944.901 61.7 3.27 -0.08
1529 945.331 49.8 3.31 0.07
1530 946.484 73.1 3.20 -0.11
1531 946.693 41.0 3.08 -0.01
1532 946.781 27.3 3.15 -0.00
1533 947.157 25.0 3.18 -0.11
1534 947.218 36.1 3.13 -0.11
1535 947.266 20.8 3.13 -0.12
1536 949.004 41.0 3.13 -0.10
1537 949.065 31.6 3.10 0.06
1538 949.154 35.8 3.16 0.07
1539 949.372 40.1 3.04 0.05
1540 950.167 36.1 3.12 0.20
1541 951.802 56.3 3.32 0.06
1542 951.987 26.5 3.30 0.04
1543 952.284 47.5 3.33 0.01
1544 952.376 39.0 3.38 0.01
1545 952.407 28.2 3.34 0.01
1546 953.137 36.1 3.41 0.03
1547 953.325 53.8 3.51 0.04
1548 955.014 54.6 3.19 0.22
1549 955.564 24.2 3.25 0.14
1550 955.987 38.4 3.29 0.11
1551 956.086 48.1 3.23 0.19
1552 956.468 28.2 3.25 0.16
1553 956.503 17.6 3.26 0.20
1554 956.707 49.8 3.25 0.13
1555 957.083 99.6 3.17 0.16
1556 957.677 67.4 3.18 0.11
1557 958.612 48.9 3.36 0.09
1558 958.711 21.6 3.28 0.06
1559 958.762 51.5 3.30 0.18
1560 958.988 37.0 3.34 0.17
1561 959.131 45.8 3.35 0.17
1562 959.414 65.7 3.24 0.22
1563 959.517 61.2 3.27 0.25
1564 959.718 56.9 3.28 0.24
1565 960.230 49.8 3.28 0.16
1566 960.298 37.0 3.23 0.19
1567 960.759 68.3 3.19 0.17
1568 960.896 32.1 3.27 0.15
1569 961.677 44.9 3.24 -0.03
1570 961.769 68.3 3.26 0.06
1571 962.049 32.1 3.10 0.01
1572 962.735 53.5 3.25 0.05
1573 963.387 32.1 3.24 0.03
1574 963.439 39.3 3.26 0.12
1575 963.510 19.3 3.31 0.07
1576 963.834 49.8 3.22 0.09
1577 964.473 37.8 3.10 0.10
1578 964.886 49.8 3.15 0.02
1579 965.527 77.9 3.14 0.07
1580 966.135 45.8 3.08 0.04
1581 966.743 54.6 3.15 0.02
1582 967.367 74.0 3.21 -0.03
1583 967.442 48.9 3.26 -0.01
1584 967.773 39.3 3.23 0.03
1585 967.927 68.3 3.07 -0.04
1586 969.026 21.6 3.20 0.13
1587 969.303 24.2 3.17 0.05
1588 969.531 33.0 3.07 0.04
1589 969.559 11.1 3.15 0.01
1590 969.787 57.7 3.15 0.08
1591 969.832 26.5 3.17 0.12
1592 969.934 44.1 3.16 0.08
1593 971.900 61.2 2.95 0.06
1594 971.955 13.7 3.02 0.05
1595 973.658 68.3 3.06 0.05
1596 974.078 100.4 3.00 0.01
1597 975.447 43.2 3.08 0.04
1598 976.518 55.5 3.14 0.05
1599 978.017 24.2 3.15 0.02
1600 978.167 94.7 3.14 0.03
1601 980.393 32.7 3.19 0.05
1602 980.433 35.3 3.15 0.05
1603 980.611 41.0 3.14 -0.01
1604 980.696 47.5 3.00 0.04
1605 981.492 38.4 3.05 0.01
1606 981.673 68.3 3.04 0.06
1607 981.785 47.5 3.05 0.06
1608 981.949 55.2 3.14 0.04
1609 982.430 49.8 3.15 0.04
1610 982.983 33.0 3.12 0.19
1611 984.970 32.1 3.18 0.06
1612 985.557 77.1 3.08 0.01
1613 987.083 61.2 3.11 0.15
1614 987.226 72.2 3.22 0.15
1615 987.339 27.3 3.13 0.20
1616 988.110 36.1 3.16 0.15
1617 988.615 41.8 3.07 0.09
1618 989.168 68.3 3.22 0.14
1619 991.244 50.6 3.10 0.03
1620 995.145 68.3 2.96 -0.10
1621 995.285 58.6 3.11 0.06
1622 995.831 82.8 3.04 -0.05
1623 995.892 50.3 3.03 -0.05
1624 996.094 49.8 2.95 -0.02
1625 997.231 47.5 3.06 0.11
1626 997.350 76.2 3.03 0.33
1627 998.917 55.5 3.18 0.33
1628 1001.484 50.6 3.07 0.34
1629 1001.989 58.6 3.20 0.18
1630 1003.081 46.6 3.06 0.36
1631 1003.136 49.8 3.21 0.02
1632 1003.811 41.0 2.89 0.27
1633 1004.600 41.0 3.10 0.26
1634 1005.289 27.3 3.36 0.46
1635 1005.880 68.3 3.27 0.37
1636 1006.153 58.6 3.15 0.42
1637 1007.255 21.6 3.16 0.41
1638 1008.133 64.3 3.07 0.37
1639 1008.508 39.3 3.48 0.38
1640 1009.416 49.5 3.38 0.53
1641 1009.863 44.1 3.23 0.45
1642 1012.522 39.0 3.29 0.35
1643 1013.062 54.3 3.21 0.41
1644 1013.178 29.0 3.31 0.46
1645 1015.379 45.8 3.03 0.48
1646 1015.707 73.1 3.06 0.33
1647 1016.441 91.6 2.94 0.30
1648 1016.891 40.1 3.13 0.23
1649 1017.526 60.3 3.22 0.54
1650 1018.796 62.6 3.14 0.27
1651 1018.854 54.9 3.14 0.27
1652 1019.062 49.8 3.03 0.45
1653 1020.690 45.8 2.96 0.14
1654 1020.823 33.0 3.02 0.08
1655 1020.953 49.8 3.01 0.11
1656 1021.574 70.5 3.10 0.32
1657 1021.701 46.6 3.02 0.31
1658 1022.813 41.0 3.14 0.60
1659 1023.162 70.0 3.11 0.54
1660 1023.855 39.3 3.08 0.27
1661 1024.503 77.9 2.93 0.32
1662 1024.715 56.3 3.04 0.23
1663 1025.240 53.8 3.18 0.36
1664 1026.626 72.2 3.18 0.46
1665 1026.821 63.4 3.17 0.38
1666 1028.258 57.7 3.22 0.39
1667 1028.722 51.5 3.24 0.35
1668 1029.667 29.9 3.11 0.28
1669 1029.790 24.7 3.15 0.23
1670 1029.896 52.3 3.16 0.29
1671 1030.002 45.8 3.16 0.27
1672 1030.258 44.9 3.19 0.19
1673 1031.459 68.3 3.09 0.30
1674 1031.883 49.8 3.10 0.34
1675 1032.043 37.0 3.13 0.37
1676 1032.313 63.4 3.20 0.31
1677 1032.801 50.6 3.17 0.20
1678 1033.040 60.3 3.19 0.16
1679 1035.682 49.8 3.02 0.31
1680 1037.184 45.8 3.16 0.38
1681 1037.484 57.7 3.29 0.25
1682 1037.941 94.7 3.37 0.32
1683 1041.355 49.8 3.27 0.36
1684 1041.836 58.3 3.31 0.21
1685 1042.160 48.1 3.35 0.31
1686 1042.874 79.6 3.22 0.29
1687 1042.945 54.9 3.16 0.29
1688 1043.065 44.9 3.17 0.35
1689 1043.235 36.1 3.33 0.32
1690 1044.061 24.2 3.29 0.22
1691 1044.133 48.1 3.23 0.30
1692 1044.335 24.2 3.14 0.17
1693 1044.423 63.4 3.16 0.23
1694 1044.686 35.8 3.04 0.34
1695 1044.730 23.3 3.14 0.36
1696 1044.826 87.0 3.19 0.26
1697 1045.099 37.8 3.16 0.30
1698 1045.294 91.6 3.16 0.40
1699 1045.420 61.2 3.11 0.28
1700 1045.553 26.7 3.07 0.32
1701 1046.864 28.2 3.19 0.26
1702 1047.427 48.1 3.16 0.25
1703 1047.543 41.0 3.10 0.26
1704 1047.632 45.8 3.07 0.30
1705 1047.802 61.7 3.18 0.33
1706 1048.134 25.3 3.13 0.29
1707 1048.451 66.6 3.11 0.29
1708 1050.758 41.5 3.08 0.20
1709 1052.257 63.4 3.13 0.28
1710 1052.588 48.1 3.02 0.33
1711 1053.851 45.8 3.31 0.18
1712 1054.202 53.8 3.23 0.26
1713 1055.749 66.0 3.17 0.11
1714 1057.752 41.0 3.27 0.22
1715 1058.326 36.1 3.26 0.20
1716 1059.510 39.3 3.25 0.17
1717 1059.596 64.0 3.30 0.17
1718 1059.923 77.1 3.23 0.27
1719 1060.387 56.3 3.18 0.28
1720 1060.606 64.3 3.17 0.22
1721 1061.517 54.6 3.28 0.20
1722 1064.664 37.0 3.27 0.31
1723 1066.518 35.3 3.29 0.16
1724 1070.348 54.6 3.07 0.18
1725 1070.788 27.3 3.16 0.08
1726 1071.348 54.6 3.25 0.10
1727 1071.501 41.0 3.30 0.13
1728 1071.658 40.1 3.14 0.15
1729 1072.017 39.3 3.18 0.04
1730 1072.105 38.7 3.08 0.06
1731 1072.426 50.6 3.12 0.13
1732 1072.860 51.5 3.17 0.07
1733 1073.676 64.3 3.20 0.04
1734 1073.873 59.4 3.12 0.08
1735 1074.416 45.8 3.05 -0.01
1736 1075.113 48.9 3.24 0.16
1737 1076.901 44.1 3.16 -0.10
1738 1077.103 38.7 3.02 0.03
1739 1077.809 49.8 3.02 -0.05
1740 1077.949 42.7 3.11 -0.10
1741 1078.297 45.8 3.15 0.08
1742 1078.714 37.0 3.08 0.08
1743 1078.908 72.2 3.19 -0.05
1744 1079.021 54.6 3.01 0.04
1745 1079.331 21.0 3.10 0.02
1746 1079.758 37.0 3.13 -0.03
1747 1080.284 47.8 3.09 -0.04
1748 1080.338 66.6 2.99 -0.04
1749 1080.471 19.3 3.28 0.01
1750 1080.502 16.8 3.16 0.01
1751 1080.553 24.5 3.11 -0.04
1752 1081.864 59.4 3.15 -0.21
1753 1082.161 68.8 3.14 -0.09
1754 1084.496 66.0 3.21 -0.12
1755 1084.827 86.8 3.20 0.06
1756 1084.919 45.8 3.19 0.03
1757 1085.387 48.1 3.18 0.00
1758 1085.527 28.2 3.18 0.09
1759 1085.561 30.4 3.14 0.11
1760 1085.919 50.6 3.02 -0.03
1761 1086.172 38.4 3.17 -0.04
1762 1086.929 59.4 3.20 0.00
1763 1087.390 54.0 3.28 0.02
1764 1087.465 35.3 3.24 0.02
1765 1087.889 68.3 3.18 0.04
1766 1088.172 32.1 3.30 0.03
1767 1089.834 50.6 3.18 0.08
1768 1090.558 30.2 3.31 -0.07
1769 1091.326 41.0 3.21 0.06
1770 1091.411 54.6 3.26 0.11
1771 1092.899 64.3 3.21 0.06
1772 1093.231 81.1 3.10 -0.10
1773 1093.336 27.3 3.13 -0.00
1774 1093.422 77.9 3.16 -0.07
1775 1094.231 24.2 3.10 -0.04
1776 1094.633 44.9 3.11 -0.02
1777 1095.036 20.8 3.11 0.09
1778 1095.753 49.8 3.00 -0.03
1779 1095.968 46.6 3.08 -0.03
1780 1096.323 48.9 2.96 0.06
1781 1098.545 31.3 2.96 0.33
1782 1102.460 60.3 3.03 0.13
1783 1102.528 56.0 3.03 0.13
1784 1102.918 37.8 3.07 0.22
1785 1103.590 44.9 3.23 0.10
1786 1103.781 22.5 3.08 0.08
1787 1104.010 69.7 3.14 0.06
1788 1104.409 49.8 3.21 0.06
1789 1105.440 78.8 3.00 0.11
1790 1105.986 117.8 3.06 0.13
1791 1106.071 88.5 3.09 0.12
1792 1107.495 38.7 3.21 0.09
1793 1107.549 35.3 3.07 0.09
1794 1108.123 71.4 3.20 0.02
1795 1108.399 49.8 3.28 -0.09
1796 1109.819 40.1 3.16 0.20
1797 1109.853 13.7 3.22 0.21
1798 1110.857 30.4 3.19 0.10
1799 1111.673 45.8 3.28 0.03
1800 1112.458 58.6 3.23 -0.07
1801 1113.089 35.8 3.36 -0.24
1802 1113.943 63.4 3.34 -0.15
1803 1116.479 47.5 3.17 -0.03
1804 1116.574 77.1 3.17 0.08
1805 1117.417 78.8 3.14 -0.04
1806 1118.742 95.3 3.09 0.11
1807 1120.148 65.1 3.11 0.14
1808 1120.663 41.0 3.05 0.14
1809 1121.138 47.5 3.03 0.21
1810 1122.182 40.1 3.15 0.20
1811 1122.780 45.8 3.12 0.17
1812 1122.868 29.0 3.15 0.27
1813 1123.520 22.5 3.20 0.26
1814 1123.626 45.8 3.20 0.28
1815 1125.299 70.5 3.12 0.37
1816 1125.408 41.0 3.21 0.26
1817 1125.613 53.8 2.97 0.33
1818 1126.688 44.9 3.21 0.24
1819 1126.920 41.0 3.21 0.19
1820 1126.971 23.3 3.14 0.38
1821 1127.855 31.3 3.12 0.28
1822 1127.903 28.2 3.13 0.21
1823 1127.982 68.3 3.09 0.17
1824 1128.589 59.4 3.01 0.22
1825 1128.705 22.5 3.02 0.23
1826 1128.750 48.9 3.07 0.28
1827 1130.323 52.3 3.10 0.31
1828 1130.385 49.8 3.09 0.17
1829 1130.750 44.9 3.18 0.15
1830 1130.835 50.6 3.11 0.13
1831 1131.091 38.4 3.12 0.16
1832 1131.586 32.1 3.22 0.21
1833 1131.654 22.5 3.18 0.23
1834 1135.706 37.0 3.09 0.21
1835 1136.392 48.9 3.18 0.09
1836 1136.549 44.9 3.09 0.20
1837 1136.645 54.6 3.08 0.28
1838 1137.553 73.1 2.94 0.32
1839 1138.167 58.6 2.83 0.21
1840 1138.252 29.0 3.02 0.21
1841 1140.577 68.3 3.16 0.35
1842 1142.355 45.8 3.07 0.48
1843 1142.662 19.6 3.18 0.48
1844 1143.772 49.8 3.19 0.56
1845 1144.284 38.4 2.94 0.43
1846 1144.328 25.0 3.00 0.31
1847 1144.902 49.8 3.05 0.32
1848 1145.461 47.5 2.83 0.26
1849 1146.052 49.8 2.84 0.26
1850 1147.182 44.9 2.89 0.23
1851 1147.642 45.8 2.78 0.03
1852 1147.929 28.2 2.81 0.03
1853 1147.984 39.3 2.81 0.08
1854 1148.414 68.3 2.95 0.17
1855 1149.411 45.8 2.96 0.31
1856 1151.059 48.1 3.12 0.28
1857 1151.697 24.2 3.09 0.27
1858 1151.725 20.8 2.97 0.27
1859 1151.824 37.0 3.02 0.27
1860 1152.247 49.8 2.88 0.21
1861 1153.076 80.5 2.81 0.22
1862 1153.804 41.0 2.88 0.18
1863 1155.053 73.1 2.95 0.06
1864 1155.138 45.8 2.97 0.12
1865 1155.507 102.7 2.88 0.03
1866 1155.865 41.0 3.22 0.30
1867 1156.961 91.6 3.15 0.09
1868 1157.067 53.8 3.15 0.16
1869 1157.196 45.8 3.17 0.27
1870 1159.545 36.1 3.23 -0.04
1871 1159.613 45.5 3.22 -0.04
1872 1160.251 74.8 3.25 0.01
1873 1160.323 45.8 3.08 0.01
1874 1160.429 29.0 3.20 0.05
1875 1160.470 25.6 3.24 0.05
1876 1160.763 32.1 3.21 -0.12
1877 1161.303 77.9 3.10 -0.28
1878 1161.371 52.3 3.09 -0.28
1879 1161.524 44.9 3.04 -0.12
1880 1161.610 38.4 3.02 0.02
1881 1162.204 89.0 3.05 0.12
1882 1162.699 39.3 2.94 0.18
1883 1162.839 49.8 2.91 0.18
1884 1162.958 54.6 2.88 0.11
1885 1164.006 36.1 3.16 0.09
1886 1164.248 16.8 3.17 0.06
1887 1164.887 61.2 3.01 0.27
1888 1165.429 58.6 2.95 0.06
1889 1165.665 55.5 2.93 -0.07
1890 1166.348 45.8 2.97 0.12
1891 1166.703 77.9 2.95 0.16
1892 1167.215 27.3 3.11 0.28
1893 1167.344 23.3 3.13 0.17
1894 1167.628 43.5 3.21 0.31
1895 1167.767 33.8 3.17 0.34
1896 1168.409 54.6 3.14 0.19
1897 1168.542 27.3 3.01 0.39
1898 1168.921 64.3 3.02 0.26
1899 1169.467 72.2 2.95 0.30
1900 1170.327 45.2 3.20 -0.03
1901 1170.385 68.3 3.20 -0.03
1902 1171.317 45.8 3.18 0.18
1903 1171.655 64.3 3.29 0.20
1904 1171.932 50.6 3.32 0.26
1905 1172.560 58.6 3.21 0.15
1906 1173.710 37.0 3.32 0.00
1907 1173.761 47.5 3.17 0.13
1908 1174.075 76.2 3.28 0.12
1909 1175.355 44.1 3.27 -0.04
1910 1175.407 28.2 3.18 -0.01
1911 1176.222 39.8 3.24 -0.01
1912 1176.284 33.6 3.27 -0.13
1913 1176.973 40.1 3.20 -0.06
1914 1177.373 34.4 3.13 -0.05
1915 1178.724 31.3 3.15 0.01
1916 1178.994 41.0 3.16 0.03
1917 1179.660 26.5 3.22 0.04
1918 1182.011 14.5 3.07 0.15
1919 1182.179 54.6 3.07 0.21
1920 1182.332 17.6 3.11 0.18
1921 1182.363 34.7 3.10 0.15
1922 1182.407 35.8 3.10 0.09
1923 1184.855 49.8 3.10 -0.07
1924 1186.927 41.0 2.98 0.15
1925 1186.971 36.7 3.00 0.15
1926 1189.114 49.8 3.16 0.06
1927 1190.039 59.4 3.15 -0.09
1928 1190.446 63.4 3.16 -0.03
1929 1190.848 74.0 3.18 -0.03
1930 1190.995 28.2 3.36 0.11
1931 1191.688 38.7 3.19 0.11
1932 1192.050 37.3 3.09 0.06
1933 1192.156 36.1 3.11 0.07
1934 1192.623 36.1 3.19 -0.05
1935 1193.289 28.2 3.19 -0.11
1936 1193.415 39.3 3.22 -0.07
1937 1193.859 40.1 3.29 -0.11
1938 1194.409 50.9 3.20 -0.06
1939 1194.818 47.5 3.19 -0.08
1940 1195.419 59.4 3.24 -0.27
1941 1197.610 51.5 3.17 -0.04
1942 1197.798 52.3 3.11 -0.02
1943 1198.078 63.4 3.21 0.03
1944 1198.791 41.8 3.12 0.14
1945 1199.075 31.3 3.07 0.16
1946 1199.720 41.8 3.02 0.04
1947 1200.215 44.9 3.07 -0.00
1948 1200.293 41.0 3.07 0.03
1949 1201.017 58.6 3.01 0.06
1950 1201.082 45.8 3.08 0.07
1951 1201.146 58.6 3.08 0.08
1952 1202.454 54.6 3.13 0.22
1953 1202.829 54.6 3.11 0.16
1954 1203.386 46.6 2.96 -0.08
1955 1204.116 41.0 2.93 -0.01
1956 1204.502 77.1 3.05 -0.03
1957 1204.939 56.3 3.01 -0.08
1958 1204.990 45.2 3.10 -0.08
1959 1206.990 54.6 2.91 -0.18
1960 1207.465 44.9 3.06 -0.06
1961 1207.543 81.6 3.08 -0.01
1962 1209.997 45.8 3.17 0.11
1963 1210.588 37.5 3.13 0.15
1964 1211.817 27.3 3.06 0.03
1965 1212.390 62.6 3.10 0.13
1966 1212.513 41.8 3.15 0.17
1967 1213.912 38.4 3.23 -0.09
1968 1216.465 35.3 3.06 0.28
1969 1216.551 78.8 3.07 0.36
1970 1217.438 77.7 3.24 0.05
1971 1217.510 41.5 3.10 0.01
1972 1218.179 68.3 3.06 0.04
1973 1218.449 32.1 3.22 0.06
1974 1218.725 49.8 3.28 0.18
1975 1219.015 41.8 3.28 0.25
1976 1220.026 25.0 3.15 0.04
1977 1220.404 24.2 3.16 0.22
1978 1221.804 27.3 3.08 0.31
1979 1222.541 54.6 3.05 0.20
1980 1223.436 77.1 2.99 0.25
1981 1225.641 45.8 3.13 0.27
1982 1226.159 63.4 3.14 0.25
1983 1226.559 26.5 3.27 0.12
1984 1226.637 37.5 3.20 0.12
1985 1227.071 68.8 3.18 0.12
1986 1227.514 27.3 3.08 0.24
1987 1228.125 48.9 3.19 0.13
1988 1229.255 44.9 3.12 0.31
1989 1230.081 54.6 3.05 0.28
1990 1230.177 16.8 3.01 0.22
1991 1231.023 54.6 3.10 0.33
1992 1231.119 57.7 3.10 0.32
1993 1233.116 49.8 3.22 0.15
1994 1233.423 54.6 3.17 0.18
1995 1233.515 44.9 3.17 0.21
1996 1234.368 68.3 3.02 0.12
1997 1235.669 49.8 2.93 0.06
1998 1236.580 32.1 2.85 0.09
1999 1236.635 42.4 2.82 0.09
2000 1238.133 53.8 2.76 0.14
