1 0.367 153.0 3.03 -0.00
2 0.602 68.3 3.02 -0.00
3 0.766 47.5 2.99 -0.01
4 0.824 41.2 3.05 -0.01
5 0.988 74.5 2.95 -0.00
6 1.107 27.0 2.93 -0.00
7 1.247 33.0 3.06 -0.01
8 1.431 22.8 2.92 -0.01
9 1.493 26.5 3.14 0.00
10 1.537 33.3 2.88 -0.01
11 1.578 56.6 2.87 -0.00
12 2.012 36.4 3.00 0.00
13 2.650 72.2 3.01 -0.00
14 2.776 72.2 3.10 -0.00
15 2.828 31.6 2.95 -0.00
16 3.186 39.3 2.97 -0.01
17 3.223 29.0 3.05 -0.01
18 4.466 32.1 3.00 -0.01
19 4.599 32.1 3.03 -0.00
20 4.654 32.1 2.94 -0.01
21 5.063 40.1 2.95 -0.00
22 5.114 27.3 2.86 0.00
23 5.302 58.0 2.83 -0.01
24 5.388 41.2 2.98 0.00
25 5.466 69.1 2.91 0.00
26 7.033 54.3 2.91 0.00
27 7.145 39.3 2.87 0.00
28 7.190 36.1 2.87 -0.00
29 7.535 74.8 2.87 0.00
30 7.709 28.7 2.77 -0.00
31 7.767 19.3 2.97 -0.00
32 7.852 49.8 3.07 -0.00
33 7.934 99.6 2.94 -0.00
34 8.029 25.6 2.93 -0.00
35 8.084 29.0 2.93 0.00
36 8.774 48.1 2.99 -0.00
37 9.047 41.8 2.92 0.00
38 9.152 45.8 2.97 -0.00
39 9.579 41.0 2.89 -0.00
40 9.671 37.0 2.80 0.01
41 10.112 40.1 2.80 -0.01
42 10.159 31.6 2.66 -0.01
43 10.224 25.0 2.70 0.00
44 13.764 67.4 2.86 0.01
45 13.907 100.4 2.83 0.00
46 14.136 13.7 2.69 0.00
47 14.163 18.5 2.74 0.00
48 14.723 28.2 2.73 0.00
49 14.842 19.3 2.85 0.00
50 16.310 31.3 2.71 0.00
51 16.689 26.5 2.58 -0.00
52 16.863 27.3 2.72 0.00
53 16.938 91.6 2.53 -0.00
54 17.078 20.8 2.60 -0.00
55 17.522 89.6 2.58 -0.00
56 17.682 44.1 2.66 0.01
57 17.921 23.3 2.81 -0.00
58 17.972 39.3 2.64 -0.00
59 18.157 59.7 2.54 -0.06
60 18.792 28.2 2.37 0.00
61 19.037 37.0 2.85 -0.01
62 19.321 105.5 2.78 -0.01
63 19.679 37.0 2.75 -0.01
64 19.836 50.9 2.74 -0.01
65 19.932 71.4 2.77 -0.00
66 20.061 73.1 2.85 -0.00
67 20.266 21.6 2.59 0.00
68 20.543 54.6 2.47 -0.00
69 20.594 39.3 2.74 -0.00
70 20.748 22.5 2.68 -0.00
71 20.785 20.2 2.52 -0.00
72 20.959 27.3 2.54 -0.00
73 21.079 59.4 2.45 -0.00
74 21.597 63.4 2.67 -0.01
75 21.819 102.7 2.69 -0.01
76 21.946 66.3 2.55 -0.00
77 22.103 44.9 2.66 -0.01
78 22.212 17.6 2.48 -0.01
79 22.239 17.6 2.57 -0.00
80 22.359 24.2 2.56 -0.00
81 22.478 52.9 2.57 -0.00
82 22.632 57.7 2.74 0.00
83 22.686 40.7 2.75 0.00
84 22.850 17.6 2.63 -0.01
85 23.086 36.7 2.77 -0.01
86 23.140 31.9 2.53 0.00
87 23.185 49.8 2.33 -0.01
88 23.628 80.2 2.92 0.00
89 23.772 29.0 2.42 -0.01
90 27.154 77.1 2.64 -0.01
91 27.199 37.0 2.61 -0.01
92 27.243 38.4 2.73 0.01
93 27.492 32.1 2.72 -0.00
94 27.540 28.7 2.61 -0.00
95 27.571 23.9 2.75 -0.00
96 27.728 145.4 2.60 -0.00
97 28.052 31.3 2.61 0.00
98 28.434 36.1 2.70 -0.01
99 28.482 36.1 2.67 0.01
100 29.059 36.1 2.34 -0.00
101 29.161 24.2 2.29 0.00
102 29.196 27.3 2.57 -0.00
103 29.254 24.2 2.45 0.00
104 29.414 41.0 2.45 0.00
105 29.527 36.1 2.50 0.00
106 30.011 92.4 2.24 -0.00
107 30.189 73.1 2.30 0.00
108 30.592 109.5 2.26 0.00
109 30.633 25.6 2.23 0.00
110 30.813 56.9 2.29 0.00
111 31.612 121.2 2.34 0.01
112 31.974 73.1 2.33 0.02
113 32.165 77.9 2.28 0.02
114 32.336 110.1 2.42 0.01
115 32.585 23.3 2.32 0.00
116 32.684 50.6 2.61 0.01
117 33.220 52.9 2.05 0.01
118 33.500 18.5 2.11 0.01
119 33.739 37.8 2.23 0.00
120 34.001 27.3 2.27 0.00
121 34.090 80.2 2.47 0.00
122 34.223 116.9 2.21 0.00
123 34.302 68.3 2.39 0.00
124 34.350 30.7 2.66 0.00
125 34.643 77.9 2.78 0.01
126 34.752 101.0 2.46 0.01
127 34.933 23.3 2.47 0.00
128 35.142 85.0 2.65 0.00
129 35.486 27.3 2.73 0.01
130 35.630 53.8 2.80 0.01
131 35.831 57.7 2.71 0.01
132 35.964 25.6 2.60 0.01
133 36.005 30.7 2.62 0.01
134 36.189 71.1 2.86 0.01
135 36.432 43.8 2.78 0.00
136 36.503 43.8 2.61 0.01
137 36.616 28.7 2.59 0.00
138 36.688 36.7 2.61 0.01
139 36.845 157.9 2.66 0.01
140 37.347 71.1 2.73 0.01
141 37.381 44.7 2.58 0.01
142 37.592 35.3 2.55 0.01
143 37.654 122.0 2.46 0.00
144 38.268 73.4 2.78 0.00
145 38.456 52.3 2.57 0.00
146 42.074 23.3 2.82 -0.01
147 42.142 81.9 2.72 0.00
148 43.610 56.3 3.05 0.01
149 43.689 28.7 2.84 0.01
150 43.825 40.1 2.60 0.01
151 43.989 53.8 2.88 -0.00
152 44.183 55.2 2.87 0.00
153 44.279 52.9 2.63 -0.00
154 45.170 44.7 2.73 0.00
155 45.259 35.6 2.99 0.00
156 46.382 28.2 2.34 -0.01
157 47.044 85.9 2.87 -0.00
158 47.430 41.8 2.92 -0.00
159 47.686 23.3 2.87 -0.00
160 47.993 101.3 2.96 -0.00
161 48.092 31.3 2.71 -0.00
162 48.256 57.7 2.96 0.01
163 48.553 82.2 2.89 0.00
164 48.747 41.8 2.74 0.00
165 48.904 54.0 2.74 -0.01
166 48.989 37.3 2.74 0.00
167 49.082 36.7 2.95 0.00
168 49.293 59.2 2.74 0.16
169 50.461 19.3 2.98 -0.01
170 51.014 24.2 2.78 0.00
171 51.099 44.9 2.83 0.00
172 51.157 41.0 2.84 0.00
173 51.212 47.8 3.02 0.01
174 56.755 49.8 2.78 0.11
175 57.731 67.4 3.28 -0.01
176 60.646 36.4 3.13 0.20
177 61.042 49.8 3.18 0.13
178 65.131 62.3 2.93 0.00
179 65.268 42.4 2.81 -0.00
180 65.346 52.6 2.76 0.00
181 66.203 37.0 2.81 -0.00
182 66.384 58.0 2.77 -0.01
183 66.722 49.8 2.66 -0.02
184 68.036 91.0 2.83 -0.00
185 68.746 53.8 2.64 -0.01
186 69.200 122.9 3.07 -0.01
187 69.289 27.3 2.78 -0.00
188 69.343 40.1 2.62 -0.01
189 69.667 51.8 3.03 -0.01
190 69.743 38.1 2.97 -0.01
191 69.889 57.7 2.62 -0.00
192 70.108 14.5 2.91 -0.01
193 70.647 36.1 2.96 -0.00
194 70.767 41.8 2.96 -0.01
195 70.988 64.3 2.98 -0.00
196 71.135 23.3 2.85 0.00
197 71.210 43.0 2.96 0.00
198 71.289 44.7 2.85 -0.01
199 71.589 35.0 2.70 -0.01
200 71.722 41.8 2.91 -0.00
201 71.869 59.7 3.01 -0.00
202 71.948 41.8 2.97 -0.01
203 72.313 44.9 2.78 -0.01
204 72.398 39.0 2.84 -0.01
205 72.480 32.1 2.64 -0.01
206 72.647 67.4 2.63 -0.01
207 73.180 130.8 2.96 -0.00
208 73.286 89.0 2.87 -0.00
209 73.350 44.9 2.89 -0.01
210 73.449 15.4 2.82 -0.00
211 73.641 39.8 2.83 -0.01
212 74.333 41.0 2.99 -0.00
213 74.415 19.3 2.89 -0.00
214 74.924 27.3 2.90 -0.01
215 75.170 41.8 3.02 -0.00
216 75.310 46.6 2.91 0.00
217 76.900 39.3 2.91 0.00
218 77.337 50.6 2.75 -0.00
219 77.433 59.4 2.85 -0.00
220 77.552 168.7 2.81 -0.00
221 77.975 31.3 2.78 0.00
222 78.470 31.3 2.73 -0.00
223 78.556 24.2 2.67 -0.01
224 78.604 41.0 2.63 0.00
225 78.976 93.6 2.55 0.00
226 79.194 41.2 2.64 -0.01
227 79.532 18.5 2.65 -0.00
228 79.638 44.9 2.67 -0.00
229 79.938 60.3 2.71 -0.01
230 80.464 73.1 2.62 0.00
231 80.785 35.0 2.73 0.00
232 80.983 28.2 2.54 -0.01
233 81.235 20.8 2.78 -0.00
234 81.273 27.6 2.61 -0.00
235 81.457 69.1 2.61 -0.00
236 81.911 63.7 2.73 0.00
237 82.051 56.3 2.65 -0.00
238 82.160 28.2 2.64 -0.00
239 82.904 32.1 2.68 0.01
240 82.945 29.0 2.75 0.00
241 83.055 53.8 2.66 0.00
242 83.160 89.0 2.55 0.01
243 84.048 54.6 2.60 -0.00
244 84.140 52.9 2.51 -0.00
245 84.201 39.5 2.54 0.00
246 84.242 31.6 2.63 0.00
247 84.317 39.5 2.71 -0.00
248 84.375 46.9 2.66 -0.00
249 84.471 48.6 2.65 -0.00
250 84.573 84.5 2.59 0.00
251 84.864 53.8 2.66 0.01
252 85.457 56.9 2.67 0.00
253 85.584 57.7 2.65 0.00
254 85.942 29.0 2.53 0.01
255 97.483 81.9 2.23 -0.00
256 97.674 43.8 2.47 0.01
257 97.783 31.6 2.39 0.00
258 98.575 55.2 2.34 0.00
259 98.640 88.2 2.42 0.45
260 98.793 130.0 2.30 0.00
261 100.002 24.2 2.18 0.00
262 100.046 38.4 2.28 -0.00
263 100.200 40.1 2.14 -0.00
264 100.387 54.9 2.24 0.00
265 100.596 48.9 2.17 0.00
266 100.643 38.7 2.21 0.00
267 100.869 130.0 2.19 0.01
268 100.995 22.5 2.33 0.00
269 102.220 72.5 2.39 -0.00
270 102.650 82.8 2.23 0.01
271 103.217 170.7 2.09 0.00
272 103.463 66.3 2.19 0.00
273 103.504 22.8 2.16 0.00
274 103.715 55.2 2.31 -0.00
275 103.958 53.8 2.23 0.00
276 104.006 38.4 2.20 0.00
277 104.084 30.2 1.99 -0.00
278 104.668 31.3 2.44 0.00
279 105.053 38.4 2.66 0.00
280 106.525 18.5 2.13 0.01
281 106.764 90.2 2.45 0.01
282 106.985 14.5 2.21 -0.00
283 107.887 27.3 1.98 0.01
284 107.934 43.5 1.96 0.01
285 108.006 63.4 1.98 0.00
286 110.460 54.6 2.25 0.32
287 113.170 60.3 2.78 0.43
288 117.792 90.7 2.63 0.01
289 119.072 37.8 2.53 0.26
290 119.297 35.3 2.61 0.01
291 121.543 37.0 2.72 0.00
292 123.503 44.9 2.94 -0.00
293 123.574 33.8 2.94 -0.00
294 123.772 28.4 2.98 -0.01
295 123.864 31.6 2.87 -0.01
296 124.151 67.4 2.87 0.00
297 124.537 64.3 2.79 -0.00
298 124.786 69.1 3.00 -0.00
299 125.667 32.1 2.85 -0.00
300 125.721 46.6 2.75 -0.00
301 126.097 41.8 2.92 -0.00
302 126.192 37.5 2.90 -0.00
303 126.237 33.8 2.88 0.00
304 126.278 32.1 2.90 -0.00
305 126.329 41.8 2.90 0.00
306 126.496 131.7 2.90 -0.00
307 126.670 54.6 2.79 -0.00
308 126.749 45.8 2.93 -0.01
309 126.800 45.8 2.91 -0.00
310 127.244 128.0 2.82 -0.00
311 127.332 145.9 2.83 -0.00
312 127.660 71.1 2.97 -0.00
313 127.766 60.0 3.00 -0.01
314 127.837 34.7 2.96 -0.01
315 127.885 37.0 2.84 -0.00
316 128.001 54.9 2.92 -0.00
317 128.111 45.8 2.75 -0.00
318 128.240 40.1 2.82 -0.00
319 128.295 23.3 2.97 -0.01
320 128.861 35.6 2.99 -0.00
321 128.940 47.2 2.93 -0.00
322 129.117 45.8 2.90 -0.01
323 129.449 81.9 2.85 -0.01
324 129.602 56.9 2.84 -0.00
325 129.763 36.1 2.90 -0.00
326 129.855 50.6 2.80 -0.00
327 130.001 41.8 2.86 -0.00
328 130.111 58.0 2.97 -0.00
329 130.237 84.2 2.94 -0.00
330 130.391 77.1 2.91 -0.00
331 130.500 101.8 2.37 -0.00
332 130.650 37.0 3.06 -0.00
333 130.735 32.7 2.67 -0.00
334 130.971 51.5 3.06 -0.01
335 131.336 23.3 2.86 -0.00
336 131.462 58.6 2.97 -0.00
337 131.811 13.7 2.83 -0.00
338 132.244 25.9 2.94 -0.01
339 132.292 29.9 3.04 -0.00
340 132.521 54.6 3.05 -0.01
341 132.630 28.2 3.01 -0.01
342 132.701 24.7 2.72 -0.01
343 132.753 37.0 2.92 -0.00
344 135.944 103.8 2.94 -0.00
345 135.988 91.0 2.84 -0.00
346 136.244 83.6 2.97 -0.00
347 136.419 116.1 2.78 -0.00
348 136.664 83.3 2.88 -0.00
349 136.753 81.1 2.97 -0.00
350 137.204 68.3 2.56 0.00
351 137.258 46.9 3.03 0.00
352 137.306 62.0 3.09 -0.00
353 137.675 38.4 2.92 0.00
354 137.825 42.7 2.96 -0.00
355 138.159 64.3 1.99 0.00
356 138.272 35.3 2.93 0.00
357 138.313 36.1 2.87 0.00
358 138.364 39.5 2.88 -0.00
359 138.456 54.3 2.89 0.00
360 138.719 23.3 2.79 0.00
361 138.845 103.5 2.89 -0.00
362 138.921 63.4 2.81 -0.00
363 139.170 26.7 2.90 -0.00
364 139.238 22.5 2.83 -0.00
365 139.282 41.0 2.89 0.01
366 139.788 86.8 2.89 0.00
367 139.880 52.6 2.94 0.00
368 140.255 30.4 2.91 0.00
369 140.388 31.3 2.98 0.00
370 140.480 37.0 2.96 0.00
371 140.689 27.3 2.98 0.00
372 140.757 68.3 2.98 -0.01
373 140.846 54.6 2.92 -0.00
374 140.924 76.2 2.93 0.00
375 141.023 76.2 2.94 -0.00
376 141.139 41.0 3.06 0.01
377 141.187 27.3 2.88 0.00
378 141.416 64.3 2.96 0.00
379 142.054 23.3 3.09 0.00
380 142.368 40.1 3.03 0.00
381 142.450 31.6 3.09 0.00
382 142.894 46.6 2.94 0.00
383 142.959 27.9 2.82 0.01
384 143.092 74.0 2.86 0.00
385 143.327 17.6 2.76 -0.01
386 143.696 57.7 2.74 0.00
387 143.887 84.2 2.70 -0.00
388 144.020 77.7 2.76 0.01
389 144.095 49.2 2.97 0.01
390 144.314 78.2 2.74 0.00
391 144.450 18.5 2.63 0.01
392 145.007 155.9 2.94 -0.00
393 145.092 72.2 2.79 -0.00
394 145.460 32.7 3.02 0.01
395 145.532 32.4 2.78 -0.00
396 145.645 51.5 2.87 -0.00
397 146.034 37.0 2.65 0.00
398 146.099 34.4 2.94 0.00
399 146.177 34.7 3.05 -0.00
400 146.362 20.8 2.69 0.00
401 146.587 24.2 2.78 0.00
402 146.638 35.3 2.81 0.00
403 146.764 27.3 2.65 -0.00
404 146.843 68.3 2.78 -0.00
405 147.058 31.3 2.70 -0.00
406 147.143 54.3 2.69 -0.00
407 147.365 31.3 2.77 -0.00
408 147.635 41.0 2.69 -0.01
409 147.836 41.8 2.60 0.00
410 147.881 35.0 2.70 0.00
411 147.932 34.1 2.59 -0.00
412 148.082 86.8 2.65 -0.00
413 148.430 37.8 2.48 0.00
414 148.850 35.3 2.60 0.00
415 149.369 39.5 2.69 -0.00
416 149.420 40.1 2.66 0.00
417 149.563 84.8 2.69 -0.00
418 149.662 83.9 2.64 -0.00
419 149.741 31.0 2.57 0.01
420 150.191 70.0 2.59 -0.00
421 150.362 35.3 2.49 -0.00
422 150.669 36.1 2.78 0.00
423 150.891 89.9 2.74 0.01
424 151.004 63.7 2.84 -0.00
425 151.069 41.8 2.58 0.00
426 151.325 100.4 2.67 0.00
427 151.533 44.9 2.88 -0.00
428 151.591 51.8 2.67 -0.00
429 151.710 57.2 2.67 0.01
430 151.796 50.9 2.55 -0.00
431 151.980 44.9 2.69 -0.00
432 152.130 81.1 2.85 0.01
433 152.393 18.5 2.63 0.01
434 152.465 60.3 2.79 0.01
435 152.540 66.0 2.74 0.00
436 153.018 19.3 2.64 -0.00
437 153.086 44.9 2.66 -0.00
438 153.185 47.8 2.65 -0.00
439 153.250 46.9 2.72 -0.00
440 153.315 47.2 2.66 0.00
441 153.417 49.8 2.70 0.00
442 153.489 43.0 2.76 0.00
443 153.540 32.7 2.69 0.00
444 153.666 51.2 2.68 0.00
445 153.827 63.4 2.67 0.00
446 154.025 158.2 2.72 0.00
447 154.277 58.6 2.75 -0.00
448 154.339 45.8 2.73 -0.00
449 154.455 57.7 2.68 0.00
450 154.554 72.5 2.69 0.00
451 154.615 50.1 2.66 0.00
452 154.915 28.7 2.69 0.00
453 157.735 64.3 2.47 0.00
454 157.786 72.0 2.55 0.00
455 158.138 68.3 2.45 0.01
456 158.537 52.3 2.39 0.01
457 158.694 49.5 2.45 0.01
458 158.732 32.1 2.66 0.00
459 159.315 64.3 2.69 -0.00
460 159.380 52.1 2.74 0.00
461 159.527 96.4 2.79 -0.00
462 159.633 65.7 2.78 -0.00
463 159.694 45.8 2.78 0.01
464 160.411 78.8 2.76 -0.00
465 161.469 69.1 2.77 -0.01
466 162.107 45.8 2.68 0.01
467 165.630 62.6 2.52 0.20
468 169.084 29.0 2.29 -0.01
469 169.374 56.9 2.70 -0.01
470 172.856 55.5 2.45 0.01
471 172.931 33.0 2.81 -0.00
472 172.999 30.4 2.67 -0.00
473 173.143 28.2 2.66 -0.01
474 173.829 83.9 2.95 -0.00
475 174.037 17.6 2.91 -0.00
476 174.088 64.3 2.83 -0.00
477 174.296 61.7 2.90 0.00
478 174.388 57.7 2.87 0.00
479 174.440 41.0 2.97 0.01
480 174.648 63.1 3.23 -0.01
481 174.928 56.3 3.04 -0.00
482 175.061 53.5 2.88 -0.00
483 175.095 39.0 3.28 -0.01
484 175.174 41.2 3.34 0.01
485 176.365 83.1 2.96 -0.01
486 176.546 18.5 3.00 -0.00
487 176.631 32.1 2.89 -0.00
488 176.812 56.3 2.96 -0.00
489 177.126 69.1 2.80 0.00
490 177.204 75.9 2.83 0.00
491 177.549 49.2 2.74 -0.00
492 177.587 57.7 2.80 -0.00
493 177.751 22.5 2.81 -0.00
494 177.897 50.6 3.10 0.00
495 178.635 46.6 2.64 -0.00
496 178.747 33.0 2.89 0.00
497 178.911 83.3 2.99 0.00
498 179.392 45.8 2.90 -0.01
499 179.618 96.4 2.43 0.01
500 179.836 19.3 2.22 -0.00
501 180.225 19.3 3.07 -0.01
502 181.174 22.5 2.91 -0.00
503 181.539 76.2 2.75 0.00
504 181.611 59.2 2.70 -0.00
505 181.673 29.0 3.10 0.00
506 182.000 74.5 2.96 -0.00
507 182.683 44.9 2.83 -0.00
508 182.761 61.2 2.53 -0.00
509 182.912 68.3 2.94 -0.01
510 183.427 46.6 2.82 -0.00
511 183.707 28.4 2.87 -0.00
512 183.755 24.5 2.83 -0.00
513 183.806 42.4 2.87 -0.01
514 183.942 34.4 2.84 -0.01
515 184.130 33.0 2.84 -0.01
516 184.291 48.1 2.71 -0.01
517 184.533 45.2 2.85 -0.00
518 184.611 38.7 2.84 -0.00
519 185.062 75.1 3.09 0.00
520 186.147 58.3 2.71 -0.00
521 186.410 55.5 2.48 -0.00
522 186.509 18.5 2.59 -0.00
523 187.014 41.0 2.96 -0.00
524 187.366 81.1 2.92 0.00
525 187.465 64.0 2.59 0.00
526 187.523 35.6 2.81 -0.00
527 187.970 21.6 2.63 -0.00
528 188.015 32.7 2.70 -0.00
529 188.059 32.4 2.77 -0.00
530 188.151 69.4 2.81 -0.00
531 188.257 77.9 2.64 -0.00
532 188.489 44.1 2.67 -0.00
533 188.629 60.3 2.62 -0.01
534 189.086 36.1 2.39 -0.00
535 189.226 42.7 2.48 0.00
536 189.380 28.2 2.53 -0.00
537 189.612 58.6 2.59 0.00
538 189.882 58.0 2.67 -0.00
539 189.994 49.8 2.60 -0.01
540 190.377 108.4 2.67 0.00
541 190.598 31.3 2.77 -0.00
542 190.684 53.5 2.62 -0.00
543 190.742 44.9 2.66 0.00
544 191.141 85.0 2.61 -0.00
545 191.486 47.2 2.89 0.00
546 191.657 51.5 2.97 0.00
547 191.967 18.5 3.00 0.00
548 192.196 66.6 2.73 0.00
549 192.254 78.5 2.80 0.00
550 192.322 54.9 2.69 0.00
551 192.435 62.0 2.61 -0.00
552 192.517 63.4 2.59 -0.00
553 192.814 37.8 2.62 -0.00
554 193.135 85.9 2.66 0.00
555 193.643 54.6 2.72 0.01
556 193.800 27.0 2.77 0.00
557 193.988 53.8 2.74 0.00
558 194.053 49.8 2.57 0.00
559 194.196 35.6 2.75 0.00
560 194.247 30.2 2.73 0.01
561 194.404 50.9 2.62 0.00
562 194.507 62.3 2.90 0.00
563 194.647 17.6 2.95 0.00
564 194.674 20.2 2.96 0.00
565 194.735 25.9 2.75 0.00
566 194.824 31.3 2.84 0.00
567 195.223 68.3 2.94 0.00
568 195.326 27.3 2.86 0.00
569 195.394 32.1 2.67 0.00
570 195.466 24.2 2.86 0.00
571 195.623 30.4 2.69 0.00
572 196.005 41.8 3.02 -0.00
573 196.179 73.1 2.92 -0.00
574 196.247 35.3 2.97 0.01
575 196.370 52.9 2.84 0.00
576 196.971 70.8 2.69 0.00
577 197.060 14.5 3.02 0.00
578 197.527 33.0 2.93 0.00
579 197.599 57.7 3.23 0.00
580 198.087 18.5 3.05 0.00
581 198.261 90.7 3.10 -0.00
582 198.463 45.8 3.24 0.00
583 198.589 27.3 3.35 -0.00
584 198.685 26.5 3.09 0.00
585 198.944 27.3 2.32 0.01
586 199.046 44.9 3.30 0.00
587 199.104 47.5 3.27 0.00
588 199.627 28.2 3.24 0.01
589 199.722 43.5 2.93 0.01
590 199.968 35.3 2.89 0.00
591 202.409 35.0 3.10 -0.00
592 202.494 64.9 2.75 -0.00
593 202.566 36.1 3.34 -0.00
594 202.613 41.0 2.71 0.00
595 202.665 49.8 2.94 -0.00
596 202.770 73.4 3.16 0.00
597 202.873 68.3 3.06 -0.00
598 203.344 21.3 3.00 0.00
599 203.784 73.1 3.03 -0.00
600 203.934 18.5 2.89 -0.00
601 204.003 30.4 2.93 -0.01
602 204.050 41.8 3.05 -0.00
603 204.119 23.3 2.98 -0.00
604 204.207 59.4 2.97 0.00
605 204.477 50.6 2.98 -0.00
606 204.549 64.3 3.10 -0.00
607 204.658 65.7 2.88 -0.00
608 204.870 36.1 2.93 -0.00
609 204.986 77.9 2.90 -0.01
610 205.467 81.1 2.95 0.01
611 206.081 60.3 2.69 -0.00
612 206.163 65.4 2.73 -0.00
613 206.928 20.8 2.71 0.00
614 207.023 150.2 2.77 -0.00
615 207.266 41.8 2.93 -0.00
616 207.884 64.3 3.14 0.00
617 208.006 48.1 3.08 -0.00
618 208.061 80.5 2.71 0.00
619 208.256 25.6 3.03 0.00
620 208.433 16.8 3.11 -0.00
621 208.669 37.8 3.16 -0.00
622 209.157 65.1 2.87 0.00
623 209.218 32.1 2.77 -0.00
624 209.365 41.2 2.64 0.00
625 209.833 53.8 2.71 0.01
626 209.938 59.7 2.79 0.00
627 210.498 30.4 2.76 -0.00
628 210.723 100.7 2.72 0.00
629 210.836 53.8 2.64 0.01
630 210.901 54.6 2.71 0.00
631 210.986 60.6 2.63 0.01
632 211.044 39.3 2.74 0.00
633 211.174 75.1 2.77 0.00
634 211.560 54.6 2.68 0.00
635 212.416 18.5 2.78 0.01
636 212.857 65.1 2.88 0.00
637 216.588 46.9 2.41 0.40
638 216.666 41.8 2.47 0.40
639 222.489 46.6 2.97 0.32
640 223.189 32.1 3.14 0.33
641 226.438 22.5 3.34 -0.01
642 226.701 60.9 3.22 -0.02
643 226.769 30.4 3.22 -0.01
644 226.804 29.0 3.23 -0.01
645 226.903 37.8 3.20 -0.02
646 227.114 33.3 3.25 -0.01
647 227.176 48.9 3.28 -0.01
648 227.264 46.6 3.39 -0.01
649 227.316 37.5 3.41 -0.01
650 227.439 42.4 3.25 -0.00
651 230.821 38.7 3.33 -0.01
652 231.217 74.2 3.35 -0.00
653 231.354 68.3 3.35 -0.01
654 231.562 77.4 3.24 -0.00
655 232.166 58.3 3.04 -0.01
656 232.378 33.8 3.15 -0.01
657 232.637 64.6 2.94 -0.00
658 232.733 44.1 3.29 -0.01
659 232.815 44.9 2.91 -0.00
660 233.344 19.3 3.30 -0.01
661 233.408 14.2 3.22 -0.01
662 233.477 12.8 3.17 -0.00
663 233.733 40.1 3.06 -0.01
664 233.941 42.7 3.30 -0.00
665 235.320 51.5 2.86 0.00
666 236.026 63.4 2.88 0.00
667 236.084 43.8 2.74 0.00
668 236.392 19.3 2.68 -0.00
669 236.620 75.9 2.72 0.00
670 236.777 43.5 2.85 0.00
671 237.580 63.7 2.66 0.00
672 237.733 40.1 2.90 0.00
673 237.924 33.0 2.66 0.01
674 238.607 40.1 2.97 0.01
675 238.849 37.0 2.53 -0.00
676 239.542 105.2 2.85 -0.00
677 239.634 49.8 2.77 0.00
678 239.832 59.4 2.77 0.00
679 239.996 22.5 2.90 0.00
680 240.054 26.7 3.10 0.00
681 240.501 39.8 3.05 0.00
682 240.570 25.0 2.86 0.00
683 240.652 26.5 2.79 -0.00
684 240.979 27.6 2.91 0.00
685 241.314 18.5 3.05 -0.00
686 241.402 40.1 3.05 0.01
687 241.559 31.3 3.06 0.01
688 241.764 41.8 2.83 0.00
689 241.887 44.7 3.00 0.00
690 242.095 23.3 2.97 0.00
691 242.174 34.4 2.95 0.00
692 242.300 46.1 2.89 0.00
693 242.532 24.2 2.77 0.01
694 245.468 46.6 3.06 0.00
695 245.526 40.1 3.02 -0.00
696 245.570 28.2 3.08 0.01
697 245.662 72.2 3.00 0.00
698 245.751 44.9 3.00 0.01
699 245.843 18.5 2.93 0.00
700 245.884 18.5 2.94 -0.00
701 246.004 32.1 3.18 0.00
702 246.062 69.1 3.04 0.00
703 246.253 69.1 3.00 -0.00
704 246.502 39.0 3.01 0.00
705 246.621 64.3 2.94 0.00
706 246.826 38.7 2.83 0.01
707 247.154 40.1 2.81 0.00
708 247.355 53.8 3.00 0.00
709 247.615 60.9 2.68 -0.01
710 248.171 133.4 2.68 0.00
711 248.253 27.3 2.59 -0.00
712 248.297 41.0 2.50 -0.00
713 248.588 37.0 2.61 -0.00
714 248.673 30.2 2.65 0.00
715 248.714 28.4 2.91 0.00
716 248.874 19.3 2.59 0.00
717 248.936 68.3 2.83 0.00
718 249.417 89.3 2.59 -0.00
719 249.543 43.5 3.11 -0.00
720 249.646 41.8 3.06 -0.00
721 249.874 82.5 2.76 0.00
722 250.083 40.1 2.39 0.00
723 250.137 43.5 2.40 0.00
724 250.219 44.9 3.18 0.00
725 250.397 74.2 2.44 -0.00
726 250.810 68.3 3.03 0.00
727 251.769 18.5 3.07 0.00
728 251.837 39.8 3.10 0.00
729 251.881 43.2 2.95 -0.00
730 251.943 47.8 3.20 0.00
731 252.042 18.5 3.23 -0.00
732 252.086 20.2 3.13 0.01
733 252.127 37.0 3.13 0.00
734 252.288 43.2 3.29 0.00
735 252.369 57.2 2.55 -0.00
736 252.636 93.9 3.23 0.00
737 252.902 96.4 3.08 0.00
738 253.417 78.5 3.00 0.00
739 253.602 50.6 2.97 -0.00
740 253.779 36.1 2.95 0.00
741 253.854 38.7 2.87 -0.00
742 253.950 76.8 2.87 0.00
743 254.093 58.6 2.97 0.00
744 254.807 128.9 3.02 0.00
745 255.404 70.0 3.22 0.00
746 255.472 64.9 2.87 0.00
747 255.595 65.4 3.23 0.00
748 255.663 35.3 3.01 0.00
749 255.790 62.6 3.19 -0.00
750 255.872 62.0 3.24 -0.00
751 256.066 64.9 3.19 -0.00
752 256.544 32.1 3.12 0.00
753 257.056 31.3 3.05 -0.00
754 257.435 136.5 3.11 0.01
755 257.565 77.9 3.32 0.01
756 258.104 22.5 3.12 0.01
757 258.141 24.2 3.25 0.01
758 258.281 45.8 3.23 0.00
759 258.360 46.6 3.32 0.00
760 258.411 36.1 3.34 0.37
761 258.585 27.3 3.15 0.01
762 258.998 78.8 3.25 0.01
763 260.828 19.3 2.84 0.02
764 261.043 39.3 3.16 0.00
765 261.145 22.8 3.02 0.01
766 261.828 30.4 3.07 0.00
767 265.869 48.1 3.26 0.33
768 266.101 31.3 3.21 0.29
769 267.965 34.4 3.40 0.47
770 273.682 53.8 3.11 -0.00
771 277.864 49.8 3.27 0.37
772 279.065 37.8 3.29 -0.00
773 279.270 66.0 3.29 0.00
774 279.707 60.3 3.23 -0.01
775 279.840 22.5 3.18 -0.00
776 281.943 18.5 3.10 -0.00
777 282.420 43.5 2.93 -0.01
778 282.673 18.5 3.12 -0.01
779 282.803 40.7 2.89 -0.01
780 283.786 22.5 2.84 -0.01
781 284.523 25.6 3.12 -0.00
782 284.591 32.4 3.14 -0.00
783 284.724 41.2 3.22 -0.00
784 284.752 40.4 3.16 -0.00
785 284.813 20.2 3.19 -0.00
786 284.916 48.9 3.17 -0.01
787 285.066 21.6 3.33 -0.00
788 285.284 40.4 3.40 -0.01
789 285.530 94.2 3.31 -0.01
790 285.735 40.1 3.37 -0.01
791 285.789 49.5 3.32 -0.01
792 285.892 61.2 3.23 -0.00
793 286.138 36.1 3.23 -0.01
794 286.199 23.3 3.25 -0.01
795 286.615 96.4 3.10 -0.01
796 286.653 93.9 3.31 -0.01
797 286.735 29.0 3.10 -0.01
798 286.858 67.4 3.12 0.00
799 287.056 40.1 3.19 -0.00
800 287.155 68.3 3.25 -0.00
801 287.281 69.1 3.30 -0.00
802 287.646 32.1 3.33 -0.01
803 287.769 44.7 3.27 -0.00
804 287.991 27.3 3.28 -0.01
805 288.066 40.1 3.31 -0.01
806 288.247 27.3 3.20 -0.00
807 288.305 35.0 3.19 -0.00
808 288.401 39.0 3.20 -0.00
809 288.448 31.3 3.22 -0.00
810 288.530 39.8 3.16 -0.01
811 288.715 40.1 3.21 0.00
812 288.943 18.5 3.25 -0.01
813 289.094 49.2 3.30 -0.00
814 289.165 28.2 3.29 -0.00
815 289.428 72.2 3.27 -0.01
816 289.524 68.0 3.22 -0.01
817 289.599 51.5 3.18 -0.00
818 289.882 81.4 3.21 -0.00
819 289.940 33.8 3.09 -0.00
820 290.094 25.3 3.11 0.00
821 290.145 40.7 3.20 0.00
822 290.247 39.5 3.13 -0.00
823 290.442 41.0 3.10 -0.00
824 290.630 65.4 3.11 -0.00
825 290.739 49.5 3.13 -0.00
826 291.008 36.1 3.16 0.00
827 291.200 54.6 3.02 -0.00
828 291.288 43.5 3.11 -0.00
829 291.336 38.1 3.12 -0.00
830 291.609 19.3 3.19 -0.00
831 291.773 68.3 3.03 -0.00
832 291.903 57.7 3.00 0.00
833 291.957 51.8 3.08 0.00
834 292.056 69.1 3.16 0.00
835 292.162 70.8 3.11 0.00
836 292.329 71.4 3.13 0.00
837 292.469 87.6 3.06 0.00
838 292.654 36.1 3.05 0.00
839 292.742 67.4 2.95 0.00
840 292.828 85.9 2.97 0.00
841 293.562 68.3 3.01 0.00
842 293.906 54.6 3.05 -0.00
843 294.087 18.5 3.07 -0.00
844 294.255 85.9 3.07 0.00
845 294.541 85.3 3.06 0.00
846 294.903 30.4 3.23 0.01
847 294.930 37.3 3.16 0.01
848 295.173 54.6 3.09 0.01
849 295.248 70.8 3.03 0.01
850 295.521 32.4 3.10 0.01
851 295.633 44.9 3.18 0.01
852 295.773 41.0 3.21 0.00
853 296.074 32.1 3.19 -0.00
854 296.357 17.6 3.15 0.01
855 296.412 58.6 3.05 0.01
856 296.477 45.8 3.03 0.01
857 296.623 52.6 3.09 0.00
858 296.743 57.2 3.00 0.01
859 297.115 56.0 2.91 0.01
860 297.183 64.9 3.10 0.00
861 297.306 59.2 2.86 0.01
862 297.402 64.9 2.81 0.01
863 297.712 63.4 2.75 0.00
864 297.879 45.8 3.01 0.01
865 298.006 38.4 3.01 -0.00
866 301.952 50.6 2.94 0.01
867 302.388 50.6 2.79 -0.00
868 303.464 24.2 2.75 0.00
869 304.146 90.5 3.23 0.00
870 304.392 91.3 3.08 0.00
871 305.730 63.1 3.21 0.01
872 305.846 27.3 2.96 0.00
873 305.932 37.5 3.13 0.00
874 305.976 42.1 3.06 0.00
875 306.024 38.1 3.22 -0.00
876 306.106 46.6 3.17 -0.00
877 306.276 53.2 3.10 -0.01
878 306.484 54.6 3.09 -0.00
879 306.723 44.9 3.12 -0.00
880 306.778 36.1 3.00 -0.00
881 306.829 33.8 3.03 -0.00
882 306.969 30.2 3.11 -0.00
883 307.017 31.0 3.11 -0.01
884 307.314 18.5 3.07 -0.00
885 308.420 77.1 2.98 -0.00
886 308.495 37.0 2.96 -0.01
887 308.567 19.3 2.98 0.00
888 309.065 78.5 3.20 0.00
889 309.126 44.1 2.98 -0.00
890 309.239 40.1 2.97 -0.00
891 309.287 32.1 3.05 -0.00
892 309.345 28.2 2.95 -0.01
893 309.430 41.8 3.00 -0.00
894 309.519 32.1 3.00 -0.00
895 309.556 21.6 3.29 -0.00
896 309.615 64.3 3.01 -0.00
897 309.898 104.4 3.30 -0.00
898 310.082 64.9 2.95 -0.00
899 310.737 36.1 2.93 -0.01
900 310.789 47.2 3.15 -0.01
901 310.850 19.3 3.08 -0.01
902 310.884 33.8 3.15 0.00
903 311.147 7.1 3.19 -0.00
904 311.847 95.6 3.30 -0.01
905 311.980 29.0 3.10 0.01
906 312.267 70.8 3.35 -0.01
907 312.427 68.3 3.11 -0.00
908 312.489 44.4 3.05 -0.00
909 312.980 77.9 3.12 -0.00
910 313.362 37.0 2.73 -0.00
911 313.632 73.7 2.74 0.00
912 314.096 33.0 3.38 -0.01
913 314.229 44.1 3.47 0.01
914 314.311 31.3 3.00 -0.00
915 314.690 53.8 3.19 0.00
916 314.741 35.3 3.40 -0.00
917 314.830 54.6 3.20 0.00
918 315.049 46.4 3.38 -0.00
919 315.421 32.1 3.09 0.00
920 315.520 20.5 3.32 -0.00
921 315.741 45.8 3.06 -0.01
922 317.216 30.4 3.43 -0.00
923 317.421 55.5 2.90 0.00
924 317.807 56.3 2.76 0.00
925 318.032 42.7 2.94 0.00
926 318.138 45.8 2.87 0.00
927 318.233 68.6 2.84 0.00
928 318.919 177.2 3.11 -0.00
929 319.370 116.3 3.13 0.00
930 319.619 91.3 3.07 0.00
931 319.701 27.3 3.06 0.00
932 320.708 88.7 3.08 -0.00
933 320.861 86.8 2.89 0.00
934 321.083 62.3 3.01 -0.00
935 321.274 104.4 3.02 0.00
936 321.401 75.4 3.04 0.00
937 321.530 41.8 3.10 0.01
938 321.783 36.4 3.08 0.00
939 321.954 72.2 3.00 0.00
940 322.541 51.5 3.20 0.00
941 322.595 44.7 3.35 0.00
942 322.643 30.7 2.85 0.01
943 322.787 25.0 3.32 0.00
944 324.753 72.0 3.04 0.01
945 325.213 23.3 3.10 0.00
946 325.258 62.6 3.05 0.01
947 325.661 44.9 2.97 0.00
948 325.749 55.2 3.00 0.00
949 326.548 34.4 2.90 -0.00
950 326.715 23.3 2.87 0.01
951 327.098 18.5 2.87 -0.00
952 328.821 41.8 3.06 0.01
953 329.019 77.7 3.09 0.00
954 331.545 74.8 3.32 0.00
955 332.467 39.0 3.30 -0.00
956 332.521 32.1 3.43 -0.00
957 332.579 40.1 3.46 -0.00
958 332.774 32.1 3.31 -0.00
959 332.835 38.7 3.23 -0.01
960 335.174 45.8 3.23 -0.00
961 335.426 36.1 3.01 -0.01
962 335.505 31.0 3.01 -0.01
963 335.573 122.0 3.37 -0.01
964 335.668 22.5 3.16 -0.01
965 335.843 41.2 3.27 -0.00
966 336.068 66.6 3.29 -0.01
967 336.583 155.0 3.20 -0.01
968 336.819 56.6 3.28 -0.01
969 337.396 64.3 3.12 -0.01
970 337.515 50.6 2.97 -0.01
971 337.672 72.2 3.09 -0.00
972 337.812 33.0 3.01 -0.00
973 337.914 37.3 3.15 -0.01
974 338.355 50.6 2.96 -0.00
975 338.406 18.5 2.86 -0.01
976 338.484 33.0 3.03 -0.01
977 338.618 64.0 2.95 -0.00
978 338.740 40.1 3.00 0.00
979 338.915 76.2 2.94 -0.00
980 339.140 66.3 2.83 -0.00
981 339.239 46.6 2.76 0.00
982 339.280 27.0 2.84 -0.01
983 339.334 41.5 2.86 -0.01
984 339.409 59.2 2.89 -0.01
985 339.515 18.5 2.70 -0.01
986 339.549 17.6 2.73 -0.01
987 339.662 72.2 2.72 -0.01
988 340.492 30.4 2.74 -0.00
989 340.737 83.9 2.79 -0.00
990 340.850 153.9 2.88 -0.00
991 340.986 96.7 2.68 -0.00
992 341.027 29.3 2.91 -0.01
993 341.051 26.7 2.77 -0.01
994 341.318 35.0 2.69 -0.00
995 341.369 38.4 2.71 -0.00
996 341.451 48.9 2.76 -0.00
997 341.580 56.3 2.74 -0.00
998 341.754 68.3 2.72 -0.01
999 342.195 104.1 2.70 -0.00
1000 342.246 37.5 2.67 -0.01
1001 342.321 29.3 2.65 -0.00
1002 342.406 70.3 2.74 -0.00
1003 342.516 68.6 2.72 -0.01
1004 342.939 127.4 2.84 -0.00
1005 343.089 51.5 2.89 -0.00
1006 343.400 26.5 2.88 0.00
1007 343.475 36.7 3.12 0.01
1008 343.581 66.8 3.10 -0.00
1009 343.669 72.2 3.03 -0.00
1010 343.727 50.1 2.65 0.00
1011 343.802 44.4 2.66 0.00
1012 344.318 24.2 3.00 0.00
1013 344.366 29.0 3.03 0.00
1014 344.448 54.6 3.03 0.00
1015 344.782 72.5 2.98 0.00
1016 345.612 32.1 3.20 0.01
1017 345.724 27.3 2.62 0.01
1018 345.816 91.6 3.18 0.01
1019 345.902 35.3 3.12 0.01
1020 346.031 27.3 3.09 0.01
1021 346.240 51.5 3.15 0.01
1022 346.362 82.8 3.13 0.00
1023 346.475 18.5 3.02 0.00
1024 346.636 31.3 3.08 0.01
1025 346.939 50.6 3.13 0.01
1026 347.093 82.8 3.15 0.01
1027 347.212 89.6 3.23 0.01
1028 347.284 72.2 3.01 0.01
1029 347.567 67.4 3.31 0.00
1030 347.636 58.0 3.22 0.00
1031 347.683 34.7 3.21 0.01
1032 347.823 33.0 3.35 0.01
1033 347.936 28.7 3.07 0.01
1034 348.468 41.8 3.29 0.00
1035 348.632 40.1 3.27 0.02
1036 348.701 30.7 3.15 0.02
1037 348.793 36.1 3.20 0.02
1038 349.114 40.4 3.15 0.01
1039 353.063 26.5 3.06 -0.01
1040 353.698 76.2 3.19 0.18
1041 355.974 14.5 3.14 -0.01
1042 356.224 68.8 3.14 -0.01
1043 356.326 126.9 3.14 -0.01
1044 356.794 58.6 3.06 -0.01
1045 356.865 81.9 3.17 -0.00
1046 357.237 69.1 2.94 -0.01
1047 357.340 21.6 3.17 -0.01
1048 357.903 83.3 2.58 -0.01
1049 358.005 54.6 2.80 -0.00
1050 358.234 46.6 2.67 -0.01
1051 358.398 33.3 2.39 -0.01
1052 358.524 36.1 2.91 -0.01
1053 358.695 27.3 2.49 -0.00
1054 359.258 46.4 2.95 -0.01
1055 359.828 27.3 2.92 -0.00
1056 359.889 28.2 2.90 -0.00
1057 360.016 32.1 2.95 -0.01
1058 360.292 33.0 2.87 -0.00
1059 360.343 47.5 2.95 -0.01
1060 360.460 65.1 2.90 -0.00
1061 360.719 37.8 2.91 -0.00
1062 360.849 144.5 2.98 -0.01
1063 361.067 46.6 3.02 -0.01
1064 361.156 101.3 2.98 -0.01
1065 361.535 107.2 3.07 -0.01
1066 361.753 56.0 3.03 -0.01
1067 361.910 25.6 3.06 -0.01
1068 362.221 49.8 3.06 -0.01
1069 362.477 40.1 3.07 -0.01
1070 362.641 18.5 3.05 -0.00
1071 362.712 60.3 3.01 -0.00
1072 362.798 75.4 2.99 -0.00
1073 362.852 50.1 3.03 -0.01
1074 362.975 39.8 3.06 -0.01
1075 363.064 45.8 3.07 -0.00
1076 363.180 22.5 3.07 -0.01
1077 363.217 27.6 3.09 -0.01
1078 363.644 35.3 2.97 -0.00
1079 363.706 59.4 3.12 0.00
1080 363.767 26.5 2.95 0.00
1081 363.808 23.3 3.08 -0.00
1082 363.897 36.1 3.14 0.00
1083 363.992 15.4 3.02 0.00
1084 364.197 33.0 3.08 0.00
1085 364.334 42.7 2.86 -0.00
1086 364.586 81.1 3.05 -0.00
1087 365.197 28.2 2.80 0.00
1088 365.347 34.1 3.04 0.00
1089 365.539 75.4 2.95 0.00
1090 365.603 47.5 2.81 0.00
1091 365.750 63.7 2.95 0.00
1092 365.907 37.8 2.87 0.00
1093 365.996 47.2 2.95 0.00
1094 366.088 48.4 2.93 0.00
1095 366.252 59.4 3.07 -0.00
1096 370.795 40.4 2.92 0.01
1097 370.857 44.9 2.80 0.01
1098 371.072 68.3 2.82 0.01
1099 371.167 81.1 2.75 0.01
1100 371.362 37.8 2.89 0.01
1101 371.659 31.3 2.80 0.01
1102 371.717 83.9 2.85 -0.01
1103 371.925 45.8 2.86 -0.00
1104 371.990 64.9 2.73 0.02
1105 372.437 46.9 2.91 0.00
1106 372.604 41.8 2.77 -0.00
1107 372.655 39.3 2.92 -0.00
1108 372.792 83.9 2.74 0.01
1109 372.887 77.1 2.96 0.00
1110 373.157 20.8 2.77 0.01
1111 373.570 61.2 2.82 -0.00
1112 373.625 44.7 2.92 0.01
1113 373.775 24.2 2.78 0.01
1114 373.894 62.6 2.94 0.01
1115 374.004 51.5 3.03 0.01
1116 374.103 46.4 2.93 0.01
1117 374.379 46.6 2.89 0.01
1118 374.495 40.1 2.84 0.00
1119 374.836 42.1 2.87 0.01
1120 374.932 50.6 2.90 0.01
1121 375.710 36.4 3.00 0.01
1122 375.772 33.0 2.67 -0.01
1123 379.479 68.3 2.81 0.01
1124 380.407 49.8 2.88 -0.08
1125 381.069 56.3 2.94 -0.03
1126 381.772 26.5 2.50 0.22
1127 384.018 17.6 2.98 0.13
1128 384.947 42.7 3.00 0.03
1129 385.793 37.8 3.00 -0.01
1130 385.943 21.6 3.04 -0.00
1131 386.029 14.5 3.05 -0.01
1132 386.872 33.0 2.87 0.01
1133 387.012 41.5 2.86 -0.00
1134 387.210 26.5 2.89 -0.03
1135 387.537 28.2 3.10 -0.01
1136 387.957 109.2 2.95 -0.01
1137 388.265 31.3 2.87 -0.01
1138 388.343 104.4 2.93 -0.01
1139 388.415 24.2 2.94 -0.01
1140 388.565 62.3 2.76 -0.00
1141 388.886 46.6 2.85 0.03
1142 388.985 77.9 2.81 0.01
1143 389.207 60.0 2.75 -0.01
1144 389.278 31.3 3.05 -0.01
1145 389.347 30.7 2.68 -0.00
1146 389.483 24.2 2.92 -0.01
1147 389.623 93.0 2.92 0.01
1148 389.763 86.8 2.92 -0.01
1149 389.975 17.6 2.85 -0.00
1150 390.497 44.9 2.73 -0.01
1151 390.558 45.8 2.73 -0.01
1152 390.630 32.1 2.74 -0.01
1153 390.708 23.6 2.85 0.00
1154 390.807 40.1 2.86 -0.01
1155 391.436 72.2 2.78 -0.00
1156 391.535 85.9 2.76 -0.00
1157 391.729 64.3 2.83 -0.01
1158 391.794 37.8 2.73 -0.00
1159 392.019 50.6 2.91 -0.00
1160 392.084 21.6 2.74 -0.00
1161 392.354 29.6 2.85 -0.00
1162 393.436 83.3 2.97 -0.00
1163 393.501 54.9 2.86 0.00
1164 393.794 33.6 2.77 -0.00
1165 394.030 27.3 2.73 0.00
1166 394.221 23.3 2.67 -0.00
1167 394.351 90.7 2.76 0.00
1168 394.409 18.5 2.85 -0.00
1169 394.542 58.6 2.81 0.00
1170 394.999 57.7 2.86 0.00
1171 395.245 70.0 2.89 0.00
1172 395.422 31.3 2.65 0.01
1173 395.470 45.8 2.71 -0.01
1174 395.566 32.1 2.71 0.01
1175 395.661 23.3 2.71 -0.00
1176 395.989 36.1 2.66 -0.00
1177 396.020 20.2 2.60 0.01
1178 396.084 50.6 2.58 -0.00
1179 396.631 26.5 2.60 0.01
1180 396.969 29.0 2.42 -0.00
1181 397.098 87.6 2.85 0.00
1182 397.252 59.7 2.71 0.00
1183 397.392 85.9 2.83 0.00
1184 397.685 129.4 2.57 -0.00
1185 398.180 77.7 2.92 0.01
1186 398.597 60.3 2.69 0.01
1187 399.085 44.9 2.86 0.01
1188 399.139 55.2 2.76 0.01
1189 399.341 58.0 2.87 0.00
1190 399.559 60.0 2.83 0.00
1191 399.604 76.2 2.90 0.00
1192 399.955 100.4 2.79 -0.00
1193 400.095 95.6 2.78 0.00
1194 400.262 57.5 2.87 0.00
1195 400.368 36.1 2.71 0.01
1196 400.713 48.9 2.80 -0.00
1197 400.761 41.2 2.74 -0.00
1198 400.843 29.6 2.67 0.01
1199 400.897 23.9 2.71 -0.00
1200 401.065 56.3 2.51 0.00
1201 401.109 36.7 2.54 0.00
1202 401.146 27.0 2.47 0.00
1203 401.389 78.8 2.66 0.00
1204 404.515 45.8 2.76 0.00
1205 404.594 68.3 2.75 0.00
1206 404.877 83.6 2.69 0.22
1207 405.280 36.1 2.81 -0.01
1208 405.328 62.9 2.78 -0.00
1209 405.580 32.1 2.77 -0.00
1210 406.191 61.7 2.97 -0.00
1211 406.724 41.0 2.71 -0.01
1212 406.867 107.5 2.87 -0.01
1213 407.492 26.5 2.65 -0.01
1214 407.529 23.3 2.62 -0.00
1215 407.635 49.8 2.88 -0.01
1216 407.721 68.3 2.67 -0.01
1217 407.823 59.4 2.61 -0.01
1218 407.898 74.0 2.87 -0.01
1219 408.755 45.8 2.65 -0.00
1220 408.943 72.0 2.76 -0.01
1221 409.048 23.3 2.75 -0.01
1222 409.260 48.9 2.71 -0.01
1223 409.386 40.1 2.76 -0.01
1224 409.499 44.9 2.73 -0.00
1225 409.543 41.0 2.72 -0.01
1226 409.806 89.0 2.79 -0.01
1227 410.083 68.3 2.85 0.00
1228 410.301 41.5 2.78 -0.01
1229 410.390 46.6 2.64 -0.01
1230 410.557 69.4 2.80 -0.00
1231 414.557 41.0 2.91 0.01
1232 414.728 17.6 2.49 -0.00
1233 414.878 18.5 2.54 0.00
1234 415.151 85.9 2.60 -0.01
1235 415.291 44.9 2.55 0.00
1236 415.370 69.7 2.90 0.00
1237 415.558 89.0 3.07 0.00
1238 415.670 87.3 3.01 0.00
1239 415.940 49.8 3.09 0.00
1240 416.326 14.5 3.02 0.00
1241 416.390 34.1 3.02 0.00
1242 416.452 46.1 3.06 0.00
1243 416.629 59.4 2.99 0.02
1244 417.141 45.8 2.92 0.01
1245 417.237 45.8 2.94 0.00
1246 417.285 17.6 2.83 0.01
1247 417.387 44.1 2.84 0.01
1248 417.568 66.3 3.03 0.00
1249 417.742 31.3 3.00 0.00
1250 417.899 59.2 2.81 0.01
1251 417.998 45.5 3.06 0.01
1252 418.189 59.4 3.00 0.00
1253 418.247 47.5 2.94 0.00
1254 418.281 29.3 2.96 0.01
1255 418.415 81.9 2.79 0.01
1256 418.544 41.8 2.91 0.01
1257 419.155 43.8 2.91 0.01
1258 419.254 43.5 2.80 0.00
1259 419.387 46.6 2.70 0.01
1260 424.084 37.5 2.82 0.01
1261 424.217 44.9 2.82 0.01
1262 424.292 50.1 2.98 0.01
1263 424.401 52.1 2.92 -0.00
1264 426.692 38.7 2.92 0.13
1265 427.484 25.0 2.96 0.18
1266 427.528 48.9 3.08 0.20
1267 429.641 40.1 3.08 0.27
1268 429.948 56.9 3.14 0.26
1269 433.536 63.4 2.93 0.24
1270 435.389 54.6 3.08 -0.00
1271 436.215 48.6 2.77 0.00
1272 436.273 78.8 2.84 -0.01
1273 436.689 44.1 2.85 -0.01
1274 436.857 37.8 2.94 0.00
1275 436.915 41.8 2.85 -0.00
1276 436.973 54.6 2.95 0.00
1277 438.109 27.3 2.83 0.00
1278 438.195 23.3 2.81 -0.01
1279 438.266 93.9 2.73 0.00
1280 438.359 68.3 3.05 0.00
1281 438.854 93.9 3.18 0.00
1282 438.966 49.8 2.98 0.00
1283 439.355 26.7 3.04 0.00
1284 439.403 41.8 3.05 0.00
1285 440.000 39.3 3.06 0.00
1286 440.093 60.9 3.02 0.01
1287 440.164 41.0 3.05 -0.00
1288 440.277 20.8 3.09 -0.00
1289 440.581 27.3 3.07 -0.00
1290 440.622 29.0 3.11 -0.00
1291 441.028 22.5 3.06 0.00
1292 442.171 41.5 3.00 -0.00
1293 442.373 18.5 2.99 -0.00
1294 442.441 41.0 3.14 -0.00
1295 442.547 33.8 3.03 -0.01
1296 442.697 78.8 3.10 0.00
1297 443.260 55.5 3.15 0.00
1298 445.615 43.8 3.20 -0.00
1299 445.776 49.2 2.81 -0.00
1300 445.878 49.5 3.11 0.00
1301 446.134 51.5 3.13 0.01
1302 446.209 33.6 3.12 0.01
1303 446.298 27.9 3.17 -0.01
1304 446.387 45.5 3.07 -0.00
1305 446.441 42.7 3.15 -0.01
1306 446.633 77.9 3.08 0.01
1307 446.718 41.0 3.12 -0.01
1308 446.844 38.7 2.98 0.00
1309 446.899 34.7 3.09 -0.01
1310 447.052 54.6 3.06 -0.01
1311 447.124 22.5 2.98 0.00
1312 447.247 57.7 2.93 -0.01
1313 447.336 91.6 3.14 0.00
1314 447.697 49.8 3.06 -0.00
1315 447.885 53.8 3.05 0.00
1316 447.974 69.1 3.12 0.00
1317 448.472 37.0 3.08 -0.00
1318 448.527 44.7 2.94 -0.00
1319 449.005 33.3 2.89 -0.00
1320 449.059 28.2 3.06 -0.00
1321 449.100 28.2 3.10 -0.00
1322 449.336 68.8 3.07 0.00
1323 449.445 58.6 3.12 0.00
1324 449.517 46.6 3.09 0.00
1325 449.687 18.5 3.10 -0.01
1326 449.834 87.6 3.04 -0.00
1327 449.937 37.8 3.20 -0.00
1328 450.015 81.9 3.19 -0.02
1329 450.223 86.2 3.19 -0.00
1330 450.356 62.9 3.17 -0.01
1331 450.435 23.6 2.98 -0.00
1332 450.469 27.6 2.90 -0.00
1333 450.507 43.0 3.09 -0.01
1334 450.903 50.3 2.99 -0.00
1335 451.053 63.4 2.93 0.00
1336 451.145 95.3 3.03 -0.00
1337 451.264 94.4 3.07 -0.00
1338 451.602 56.9 3.03 -0.00
1339 451.739 41.0 3.04 -0.01
1340 451.793 41.8 3.03 -0.01
1341 451.886 62.6 3.01 0.00
1342 452.002 44.9 2.67 -0.01
1343 452.067 75.4 3.10 -0.00
1344 452.114 34.1 2.97 0.00
1345 452.295 63.4 2.95 0.00
1346 452.439 46.1 2.85 -0.00
1347 452.722 61.7 3.11 -0.00
1348 453.084 65.1 3.28 -0.00
1349 453.831 97.0 3.29 -0.00
1350 453.913 53.8 3.22 0.00
1351 454.033 54.6 3.22 -0.00
1352 454.084 46.9 3.22 -0.00
1353 454.528 26.5 3.11 -0.00
1354 454.606 27.3 3.16 -0.00
1355 459.047 65.7 3.11 0.00
1356 459.149 79.6 2.98 -0.00
1357 459.245 88.7 2.91 0.00
1358 459.402 41.0 2.97 -0.00
1359 459.511 22.5 2.81 0.00
1360 459.811 40.4 3.08 -0.00
1361 460.112 49.8 3.03 0.00
1362 460.241 18.5 2.94 -0.00
1363 460.300 17.6 3.01 -0.00
1364 460.436 33.3 3.02 0.00
1365 460.651 37.8 3.06 -0.00
1366 460.859 60.3 2.87 0.00
1367 460.951 71.4 2.96 -0.00
1368 461.016 14.5 2.96 0.00
1369 461.265 46.6 3.27 0.00
1370 461.515 40.1 2.96 0.01
1371 461.655 22.5 3.05 -0.00
1372 461.723 22.5 3.04 -0.00
1373 461.812 21.9 3.12 0.00
1374 462.085 86.8 3.04 0.01
1375 462.505 48.9 3.17 -0.01
1376 462.600 32.4 3.11 0.01
1377 462.655 43.0 3.15 0.01
1378 469.099 66.0 3.26 0.01
1379 469.215 32.1 3.28 0.01
1380 469.393 44.9 3.17 0.01
1381 469.461 40.1 3.06 0.01
1382 469.748 31.3 3.14 0.01
1383 470.082 33.8 3.01 0.01
1384 470.137 31.3 3.04 0.01
1385 470.191 29.0 3.14 -0.00
1386 470.301 70.8 2.90 0.01
1387 470.505 77.7 2.86 0.01
1388 470.587 41.5 2.79 0.01
1389 470.758 41.0 2.98 0.00
1390 471.048 52.9 3.13 0.00
1391 471.311 44.1 3.07 0.00
1392 471.441 33.0 2.83 0.00
1393 471.560 69.1 2.92 0.00
1394 471.632 48.6 2.81 0.00
1395 471.884 29.0 2.66 0.01
1396 471.977 41.8 2.92 0.01
1397 473.970 74.0 2.75 0.00
1398 474.724 31.6 3.17 0.01
1399 474.758 32.4 2.94 0.01
1400 474.994 46.6 3.27 0.00
1401 475.134 36.4 3.16 -0.00
1402 475.683 28.2 3.30 0.00
1403 475.997 41.0 3.19 -0.01
1404 476.090 37.5 3.18 -0.01
1405 476.940 47.8 3.04 0.00
1406 477.240 43.5 3.47 0.00
1407 477.701 44.9 3.34 -0.00
1408 477.933 40.1 3.34 -0.00
1409 478.486 23.3 2.80 0.00
1410 478.585 27.3 3.00 0.00
1411 479.636 31.3 3.40 -0.00
1412 479.674 31.3 3.30 0.00
1413 479.878 23.3 3.37 -0.01
1414 480.012 68.3 3.39 -0.00
1415 481.049 37.0 3.33 -0.01
1416 481.251 41.0 3.19 0.00
1417 481.500 100.4 3.02 -0.01
1418 481.640 28.2 3.06 0.00
1419 481.718 43.5 3.04 0.00
1420 481.817 40.7 3.05 -0.00
1421 482.148 45.8 3.39 -0.00
1422 482.199 45.8 3.43 -0.00
1423 482.312 95.6 3.21 -0.00
1424 482.401 69.1 3.40 -0.01
1425 482.612 23.3 3.20 -0.00
1426 482.711 69.1 3.45 -0.00
1427 482.776 22.5 3.59 -0.00
1428 483.029 21.6 2.96 0.00
1429 483.398 48.9 3.30 0.00
1430 486.821 69.1 3.25 0.00
1431 486.982 54.6 3.22 0.00
1432 487.101 41.8 3.12 0.01
1433 487.234 60.3 3.18 0.00
1434 487.299 46.6 3.27 0.00
1435 487.340 37.0 3.22 0.00
1436 487.801 36.7 2.83 -0.00
1437 487.920 18.5 3.12 -0.00
1438 489.245 65.1 2.97 -0.00
1439 489.309 43.8 3.00 -0.00
1440 489.378 29.3 3.04 0.00
1441 489.432 57.7 3.03 0.00
1442 489.692 75.7 3.04 0.00
1443 489.798 53.2 2.97 0.00
1444 490.006 58.9 2.99 -0.00
1445 491.153 23.3 2.96 0.01
1446 491.327 54.3 3.02 0.00
1447 491.808 18.5 3.02 0.00
1448 491.839 20.2 3.08 0.00
1449 491.907 26.2 3.15 0.00
1450 492.105 32.1 3.03 0.00
1451 493.549 28.2 2.99 0.00
1452 495.344 95.6 3.12 0.53
1453 497.440 63.4 2.98 0.26
1454 498.775 56.3 2.81 0.64
1455 500.393 44.1 3.00 -0.00
1456 500.478 46.1 3.16 0.00
1457 500.536 43.5 3.01 -0.00
1458 500.676 23.3 3.18 -0.01
1459 500.806 68.3 3.09 -0.00
1460 501.382 54.0 2.77 -0.01
1461 501.502 49.8 2.88 -0.01
1462 501.833 35.3 2.73 -0.01
1463 501.877 37.0 2.77 -0.01
1464 502.202 61.4 2.63 -0.00
1465 502.400 46.6 2.82 -0.01
1466 502.546 50.3 2.54 -0.00
1467 502.618 53.8 2.81 -0.00
1468 502.976 35.8 2.80 -0.00
1469 503.116 81.9 2.95 -0.01
1470 503.256 77.9 2.88 -0.00
1471 503.345 73.1 2.84 -0.01
1472 503.403 21.6 2.77 -0.00
1473 503.434 18.5 3.10 -0.01
1474 504.052 68.3 2.59 -0.00
1475 504.325 49.2 2.92 -0.01
1476 504.410 45.5 2.83 -0.00
1477 504.707 86.8 2.97 -0.00
1478 504.799 65.4 3.25 -0.00
1479 504.861 42.4 3.17 -0.01
1480 504.943 48.1 3.19 -0.00
1481 505.185 59.4 3.20 -0.00
1482 505.489 55.5 3.24 -0.00
1483 505.581 60.6 3.24 -0.00
1484 505.687 56.6 3.26 -0.00
1485 505.891 76.2 3.24 -0.01
1486 505.946 47.2 3.18 -0.01
1487 506.250 28.7 3.26 -0.00
1488 506.332 52.9 3.24 -0.01
1489 506.461 44.1 3.23 -0.00
1490 506.543 58.6 2.96 -0.00
1491 506.912 44.1 3.15 0.00
1492 507.011 50.9 3.10 0.00
1493 507.561 62.6 3.03 -0.00
1494 507.629 44.9 3.03 -0.00
1495 508.028 41.8 3.03 -0.01
1496 508.185 39.3 2.88 0.00
1497 508.264 41.0 2.95 0.00
1498 508.492 77.9 2.84 0.00
1499 508.663 57.5 2.95 -0.01
1500 508.977 81.1 2.93 -0.00
1501 509.172 13.7 3.05 0.00
1502 509.404 44.9 2.97 0.00
1503 510.247 35.3 3.22 0.00
1504 510.742 22.5 3.02 0.00
1505 510.779 29.3 3.03 0.00
1506 510.929 33.0 3.20 0.00
1507 511.482 59.4 3.18 -0.01
1508 511.616 41.8 3.24 -0.00
1509 511.752 44.9 3.23 0.00
1510 512.015 40.1 3.13 -0.00
1511 512.114 50.6 3.06 0.00
1512 512.192 60.0 3.25 0.00
1513 512.353 26.5 3.22 0.01
1514 512.732 49.8 3.15 0.01
1515 512.950 74.8 2.88 0.00
1516 513.012 36.1 2.88 0.00
1517 513.319 41.8 3.21 0.00
1518 513.384 59.4 3.13 0.01
1519 513.599 118.0 3.04 0.01
1520 513.759 25.6 3.07 0.01
1521 513.971 23.3 3.04 0.01
1522 514.432 72.2 3.00 0.00
1523 514.787 59.2 3.17 0.00
1524 515.210 17.6 3.23 0.02
1525 515.442 23.9 3.29 0.00
1526 515.899 90.7 3.32 0.01
1527 515.968 56.6 2.91 0.01
1528 516.015 30.2 2.86 0.01
1529 516.060 34.4 2.75 0.00
1530 516.254 18.5 3.22 0.00
1531 517.070 18.5 3.21 0.01
1532 517.620 18.5 2.99 0.01
1533 518.705 87.6 3.17 0.00
1534 519.128 45.8 3.20 -0.00
1535 520.797 37.0 3.11 -0.01
1536 521.074 27.3 3.03 -0.01
1537 521.518 81.1 2.99 -0.00
1538 521.589 50.6 3.04 -0.00
1539 521.985 38.7 2.90 -0.01
1540 522.371 51.5 2.93 -0.00
1541 522.429 28.2 3.01 -0.00
1542 522.579 48.1 2.95 -0.01
1543 523.125 38.4 2.82 -0.01
1544 523.180 27.3 2.79 -0.01
1545 523.310 64.3 3.08 -0.00
1546 523.375 37.0 2.99 -0.00
1547 523.460 72.2 3.10 -0.00
1548 523.712 74.0 2.97 -0.00
1549 523.866 40.7 3.03 -0.00
1550 524.146 67.4 3.09 -0.00
1551 524.525 52.9 2.88 -0.01
1552 524.702 50.6 2.78 -0.01
1553 524.747 54.9 2.92 -0.01
1554 524.876 41.0 2.94 -0.00
1555 524.917 29.0 2.66 -0.00
1556 524.951 24.5 2.77 -0.01
1557 525.504 31.3 2.69 -0.01
1558 526.129 27.3 2.57 -0.00
1559 526.197 24.2 2.72 -0.01
1560 526.388 26.5 3.02 -0.01
1561 526.522 66.0 2.91 -0.00
1562 526.634 45.5 2.86 -0.01
1563 526.716 48.9 2.92 -0.01
1564 527.051 65.1 2.85 -0.00
1565 527.655 75.9 3.15 -0.01
1566 527.709 63.1 3.05 -0.01
1567 527.795 39.0 3.07 0.00
1568 527.870 36.1 2.88 -0.01
1569 527.938 52.3 3.01 0.00
1570 528.396 50.6 3.02 0.00
1571 528.450 45.5 2.89 0.00
1572 528.559 42.4 2.88 -0.00
1573 528.597 44.9 3.00 -0.00
1574 528.757 51.5 3.00 0.00
1575 528.925 51.5 2.94 -0.00
1576 528.976 24.2 2.80 0.00
1577 529.085 31.3 2.77 -0.00
1578 529.259 59.4 2.78 -0.00
1579 529.338 45.8 2.89 0.01
1580 529.604 52.3 2.84 0.01
1581 529.788 80.5 2.78 0.01
1582 529.897 57.2 2.94 0.00
1583 530.181 112.6 2.59 0.00
1584 530.372 44.7 2.91 0.01
1585 530.437 65.1 2.95 0.01
1586 530.652 64.3 2.86 0.01
1587 530.764 41.0 2.86 0.00
1588 530.867 52.9 2.79 0.01
1589 530.983 66.6 2.70 0.01
1590 531.256 86.8 3.05 -0.00
1591 531.515 46.6 2.93 -0.00
1592 531.771 62.0 2.84 -0.00
1593 531.990 95.6 2.84 0.00
1594 532.195 35.3 3.08 0.00
1595 532.273 43.0 2.93 0.00
1596 532.321 37.8 2.93 0.00
1597 532.389 26.7 3.17 0.01
1598 532.509 34.4 3.12 0.00
1599 532.570 44.1 3.18 0.00
1600 532.884 37.5 2.91 0.01
1601 532.973 53.8 2.94 0.01
1602 533.290 99.6 2.90 -0.00
1603 533.454 27.3 3.04 0.00
1604 533.608 58.6 2.85 0.00
1605 533.792 65.4 2.78 0.01
1606 533.881 85.9 2.96 0.00
1607 533.990 32.1 2.90 0.00
1608 534.109 52.9 3.01 0.01
1609 534.256 34.4 2.98 0.01
1610 534.321 50.6 2.99 0.01
1611 534.690 60.3 3.02 0.00
1612 535.304 67.4 2.96 -0.00
1613 535.359 23.3 3.10 0.01
1614 535.417 40.1 2.96 0.01
1615 535.577 41.0 2.96 0.01
1616 535.768 34.1 3.06 0.00
1617 536.175 40.1 2.95 0.01
1618 539.875 40.1 3.09 -0.00
1619 539.922 35.8 3.09 -0.00
1620 539.967 24.7 3.03 0.00
1621 540.455 79.1 2.96 0.37
1622 540.745 107.0 3.03 0.33
1623 540.895 41.8 3.01 0.00
1624 541.059 49.8 3.02 -0.00
1625 541.110 41.5 3.03 -0.01
1626 541.226 21.6 2.95 -0.01
1627 541.834 45.8 3.11 -0.01
1628 541.895 41.0 3.04 -0.01
1629 541.981 50.1 3.07 -0.00
1630 542.148 43.2 3.05 -0.01
1631 543.496 26.5 3.04 -0.01
1632 543.629 55.5 3.08 -0.01
1633 543.728 46.6 2.98 -0.01
1634 543.803 63.4 3.04 -0.01
1635 543.950 46.6 3.06 -0.01
1636 544.049 43.0 2.97 -0.01
1637 544.237 83.1 3.13 -0.01
1638 544.360 77.1 3.04 -0.01
1639 544.452 37.8 2.96 -0.01
1640 544.626 37.0 3.07 -0.01
1641 544.776 46.6 2.95 -0.01
1642 544.831 26.5 3.01 -0.01
1643 544.977 54.0 3.01 0.00
1644 545.336 32.1 2.95 -0.01
1645 545.756 39.3 2.92 -0.00
1646 545.817 29.0 3.00 -0.00
1647 545.882 51.5 3.04 -0.00
1648 545.995 75.4 2.94 -0.00
1649 546.087 39.3 2.81 -0.01
1650 546.210 104.7 2.98 -0.00
1651 546.281 63.1 2.93 -0.01
1652 546.353 66.8 2.90 -0.00
1653 546.554 67.7 2.98 -0.00
1654 546.698 32.4 2.85 -0.00
1655 546.810 34.1 2.99 -0.01
1656 547.077 40.7 3.00 -0.01
1657 547.176 89.0 2.82 -0.00
1658 547.271 79.9 2.89 -0.01
1659 547.541 88.2 2.80 0.00
1660 547.596 26.2 2.92 -0.00
1661 549.367 27.3 2.82 -0.00
1662 549.466 54.6 2.79 -0.00
1663 549.623 81.1 2.73 0.00
1664 549.804 35.3 2.71 -0.00
1665 550.466 41.0 2.74 0.01
1666 550.521 59.4 2.55 0.01
1667 550.698 57.5 2.66 -0.00
1668 550.862 81.9 2.76 0.00
1669 550.961 52.1 2.71 0.00
1670 556.880 24.7 2.55 0.00
1671 557.074 15.4 2.61 0.00
1672 557.313 37.0 2.51 0.00
1673 557.409 46.6 2.43 0.01
1674 557.917 80.5 2.88 -0.00
1675 558.368 36.1 2.58 0.00
1676 558.450 37.0 2.56 0.00
1677 558.539 54.0 2.76 0.00
1678 558.948 49.8 2.73 0.00
1679 559.283 37.5 2.70 0.48
1680 560.327 35.3 2.74 0.01
1681 560.948 67.4 2.56 -0.01
1682 562.051 80.2 2.80 -0.01
1683 562.201 126.3 2.43 -0.01
1684 562.416 28.2 2.55 0.00
1685 562.887 70.3 2.84 0.00
1686 563.392 108.1 2.55 0.00
1687 563.747 28.2 2.48 -0.01
1688 563.826 82.8 2.53 -0.00
1689 564.133 141.4 2.28 -0.01
1690 564.335 41.0 2.38 -0.01
1691 564.710 41.2 2.32 -0.00
1692 564.768 52.1 2.56 -0.01
1693 564.826 92.4 2.35 -0.01
1694 565.055 37.8 1.90 -0.01
1695 565.881 102.1 2.45 -0.01
1696 566.041 32.7 2.68 -0.00
1697 566.147 37.8 2.47 -0.01
1698 566.195 43.0 2.35 -0.01
1699 566.461 75.1 2.51 -0.01
1700 566.652 43.5 2.60 -0.01
1701 566.741 53.5 2.69 -0.01
1702 566.840 48.9 2.61 -0.01
1703 566.888 26.7 2.41 -0.01
1704 567.164 96.7 2.73 -0.01
1705 567.659 108.4 2.72 -0.01
1706 567.765 58.9 2.81 -0.01
1707 567.854 33.0 2.74 -0.01
1708 567.905 35.6 2.81 -0.01
1709 568.017 56.3 2.88 -0.01
1710 568.116 61.4 2.93 -0.01
1711 568.219 37.8 2.85 -0.01
1712 568.267 33.8 2.91 -0.01
1713 568.325 33.6 2.90 -0.01
1714 568.533 37.0 2.79 -0.01
1715 568.871 45.8 2.54 -0.00
1716 568.980 73.1 2.38 -0.00
1717 569.144 24.2 2.71 -0.01
1718 569.519 91.6 2.76 -0.01
1719 569.639 60.9 2.76 -0.01
1720 569.734 56.9 2.82 -0.00
1721 570.154 49.8 2.80 0.00
1722 570.540 50.6 2.43 -0.01
1723 571.028 24.2 2.72 -0.01
1724 571.086 24.2 2.71 -0.01
1725 571.171 24.7 2.67 -0.00
1726 571.233 51.5 2.73 0.00
1727 571.308 60.9 2.82 0.00
1728 571.369 51.8 2.81 -0.01
1729 571.509 70.0 2.80 -0.00
1730 571.574 47.8 2.79 -0.00
1731 571.673 18.5 2.48 0.00
1732 572.185 71.4 2.83 -0.00
1733 572.346 90.7 2.80 0.00
1734 572.557 41.0 2.94 0.00
1735 572.619 55.5 2.91 0.00
1736 572.728 52.9 2.85 -0.00
1737 572.974 46.9 2.88 -0.00
1738 573.151 45.8 2.85 -0.00
1739 573.219 45.8 2.74 -0.00
1740 573.581 24.2 2.87 0.00
1741 573.708 47.8 2.93 -0.00
1742 573.759 20.2 2.84 0.01
1743 573.789 15.4 2.96 0.00
1744 573.851 36.1 2.88 0.00
1745 574.042 62.0 2.86 0.00
1746 574.284 52.9 3.01 0.00
1747 574.465 54.0 2.91 0.00
1748 574.530 54.3 2.96 -0.00
1749 574.605 43.8 3.08 -0.00
1750 574.677 60.0 2.91 0.01
1751 574.871 48.1 2.91 0.01
1752 575.008 64.3 2.91 0.01
1753 575.100 32.1 2.89 0.00
1754 575.172 49.8 2.91 0.01
1755 575.257 59.4 2.89 0.01
1756 575.759 70.8 2.83 0.01
1757 575.885 71.4 2.86 0.01
1758 576.049 73.4 2.75 0.01
1759 576.165 72.0 2.82 0.00
1760 576.244 35.3 2.92 0.01
1761 576.500 33.0 2.71 0.00
1762 576.612 54.6 2.83 0.01
1763 576.817 63.1 2.84 0.01
1764 576.889 38.1 2.86 0.00
1765 577.036 36.1 2.90 0.01
1766 577.158 19.3 2.82 0.01
1767 577.220 47.5 2.97 0.01
1768 577.459 36.1 2.68 0.00
1769 578.053 140.2 2.86 0.00
1770 578.285 32.1 2.93 0.00
1771 578.493 105.2 2.88 0.01
1772 578.606 72.0 2.67 0.01
1773 579.002 82.8 2.89 0.37
1774 579.114 70.8 2.93 0.37
1775 579.217 52.6 2.89 0.01
1776 579.312 48.4 2.90 0.01
1777 579.493 72.8 2.86 0.01
1778 579.592 42.7 2.77 0.00
1779 579.633 21.6 2.80 0.01
1780 579.855 36.1 2.81 0.01
1781 579.899 49.8 2.80 0.01
1782 580.128 39.8 2.85 0.00
1783 580.227 44.9 2.85 0.00
1784 580.411 18.5 2.87 0.01
1785 580.691 27.3 2.97 0.01
1786 581.244 27.3 2.97 0.00
1787 581.521 32.1 3.00 0.01
1788 581.582 52.9 3.00 -0.00
1789 581.691 40.1 2.99 0.00
1790 581.783 25.9 3.04 0.01
1791 582.039 106.1 3.04 0.00
1792 582.159 41.0 3.01 0.00
1793 582.289 41.8 3.06 0.25
1794 586.036 55.5 3.07 -0.00
1795 586.511 45.5 3.09 0.00
1796 586.654 17.6 3.07 0.00
1797 586.784 31.3 3.14 0.01
1798 586.876 87.6 3.06 0.01
1799 587.047 62.6 3.03 0.01
1800 587.651 44.9 3.10 0.00
1801 592.030 57.7 3.20 0.50
1802 592.802 54.6 3.09 -0.00
1803 592.890 134.5 2.97 0.00
1804 593.614 46.4 2.93 -0.01
1805 593.713 28.2 3.23 -0.00
1806 594.085 62.6 3.06 0.44
1807 594.857 35.8 2.70 -0.00
1808 594.938 22.5 2.89 -0.00
1809 594.976 31.0 2.81 -0.00
1810 595.450 18.5 2.92 0.51
1811 597.621 35.3 2.64 0.01
1812 597.679 26.7 2.76 0.01
1813 598.072 45.8 2.87 -0.01
1814 598.150 54.3 2.83 -0.01
1815 598.413 27.3 2.96 0.00
1816 598.782 73.1 2.93 -0.00
1817 599.461 15.4 2.86 0.00
1818 599.540 37.3 2.74 0.00
1819 599.802 44.9 3.00 0.00
1820 599.854 41.0 2.93 -0.00
1821 601.861 31.3 2.95 0.00
1822 601.980 21.6 3.06 0.00
1823 602.093 46.6 2.92 -0.00
1824 602.315 45.2 3.00 0.01
1825 604.083 138.8 2.79 -0.00
1826 604.431 42.1 2.79 0.02
1827 604.718 85.0 2.77 0.01
1828 605.127 12.8 2.68 0.00
1829 605.325 47.5 2.69 -0.00
1830 605.400 23.3 2.66 -0.01
1831 605.516 23.3 2.85 -0.00
1832 605.810 48.6 2.83 0.00
1833 606.602 58.0 3.11 -0.00
1834 606.728 53.8 2.99 -0.00
1835 607.076 31.3 2.91 -0.01
1836 607.244 43.2 3.00 -0.00
1837 607.281 33.3 2.99 0.00
1838 607.936 22.5 3.05 0.01
1839 608.066 26.5 3.03 0.00
1840 608.179 50.6 2.94 -0.01
1841 608.367 77.9 3.02 -0.00
1842 608.578 37.0 3.05 0.01
1843 609.619 33.8 2.79 -0.01
1844 609.674 32.1 2.80 -0.01
1845 609.722 37.3 2.89 -0.01
1846 609.793 60.3 2.90 -0.00
1847 610.155 13.7 2.81 0.00
1848 611.179 107.8 2.78 -0.01
1849 611.398 79.6 2.88 -0.00
1850 611.572 32.1 2.84 -0.00
1851 611.865 46.6 3.02 -0.00
1852 612.596 89.0 2.75 -0.01
1853 612.981 61.4 3.05 -0.01
1854 613.084 39.3 2.97 -0.01
1855 613.237 30.4 2.83 -0.01
1856 613.299 34.7 2.97 -0.01
1857 613.463 45.8 3.04 -0.01
1858 613.565 38.1 2.90 -0.01
1859 613.702 37.5 2.93 -0.00
1860 614.046 59.2 2.92 -0.01
1861 614.145 57.5 3.02 -0.01
1862 614.210 44.7 2.64 -0.00
1863 614.353 14.5 2.96 -0.01
1864 614.633 40.1 3.03 -0.01
1865 614.736 40.1 2.80 -0.00
1866 615.241 47.8 3.01 -0.00
1867 615.306 36.7 3.17 -0.01
1868 615.354 35.3 2.89 0.00
1869 615.705 23.3 2.95 -0.00
1870 615.736 22.5 3.00 -0.00
1871 615.811 29.3 2.87 -0.00
1872 615.883 44.1 2.93 -0.00
1873 615.954 37.5 2.91 -0.00
1874 616.009 38.1 3.00 -0.01
1875 616.081 25.3 3.02 -0.01
1876 616.128 39.0 2.92 0.00
1877 616.231 19.1 2.89 -0.00
1878 616.640 37.0 3.01 -0.00
1879 616.702 37.0 3.04 -0.00
1880 616.815 25.6 2.86 0.00
1881 617.023 47.8 2.99 -0.00
1882 617.081 41.0 2.88 0.01
1883 617.156 30.7 2.85 -0.00
1884 617.197 35.6 2.74 -0.01
1885 617.323 41.0 2.92 -0.00
1886 617.593 24.2 2.95 -0.00
1887 617.671 32.1 2.91 -0.00
1888 617.777 36.1 2.91 -0.00
1889 617.965 22.5 2.93 -0.00
1890 618.252 42.4 2.72 -0.00
1891 618.296 35.6 2.93 -0.00
1892 618.637 48.9 3.18 -0.00
1893 618.767 74.5 3.02 -0.00
1894 618.927 115.8 3.13 0.00
1895 619.136 33.6 3.01 -0.00
1896 619.590 21.6 3.08 0.00
1897 619.668 29.0 3.02 0.00
1898 619.729 24.2 3.05 -0.00
1899 619.781 59.4 3.05 0.00
1900 620.207 41.0 3.12 0.00
1901 620.439 18.5 2.90 -0.00
1902 620.552 36.4 3.11 0.00
1903 645.289 98.7 2.60 0.01
1904 646.039 56.6 2.66 -0.00
1905 646.104 35.6 2.49 0.01
1906 646.231 50.6 2.65 0.00
1907 646.903 23.3 2.51 0.01
1908 646.934 21.6 2.50 0.01
1909 647.108 46.6 2.60 0.01
1910 647.214 24.2 2.73 -0.00
1911 647.302 28.2 2.73 -0.00
1912 647.354 23.3 2.76 0.00
1913 647.535 26.5 2.74 0.00
1914 647.654 158.2 2.72 0.00
1915 647.753 17.6 2.66 0.01
1916 647.801 39.3 2.67 -0.01
1917 648.535 13.7 2.66 0.02
1918 648.716 37.0 2.66 0.01
1919 649.047 122.9 2.82 -0.00
1920 649.637 27.3 2.47 -0.00
1921 649.842 21.6 2.68 -0.00
1922 650.562 41.0 2.67 -0.00
1923 650.825 84.5 2.70 -0.00
1924 650.890 56.9 2.79 -0.01
1925 651.006 73.4 2.62 0.01
1926 651.197 49.8 2.65 0.01
1927 651.842 19.3 2.81 -0.00
1928 652.023 44.9 2.88 -0.00
1929 652.525 45.8 2.90 0.01
1930 652.713 27.3 2.86 0.01
1931 654.156 26.5 2.82 0.01
1932 654.235 27.3 2.74 0.00
1933 654.443 22.5 2.66 0.01
1934 654.498 25.6 2.95 -0.01
1935 654.668 62.6 2.69 -0.01
1936 654.750 30.4 2.73 -0.01
1937 655.662 54.6 2.96 0.00
1938 655.747 40.1 2.77 -0.02
1939 655.894 55.5 2.94 0.00
1940 656.017 111.5 2.65 -0.00
1941 656.262 86.8 2.63 0.00
1942 656.604 51.5 2.57 -0.01
1943 656.867 53.2 2.82 0.01
1944 656.993 19.3 2.95 -0.00
1945 657.256 57.7 2.87 -0.00
1946 657.341 63.7 2.77 -0.00
1947 657.402 32.1 2.71 -0.00
1948 657.505 59.4 2.69 0.00
1949 657.566 18.5 2.82 0.00
1950 657.662 14.5 3.11 -0.01
1951 657.713 23.3 2.74 0.00
1952 657.771 56.6 2.69 -0.00
1953 657.880 49.8 2.81 0.00
1954 657.969 31.3 2.65 -0.00
1955 658.218 35.6 2.77 -0.00
1956 658.546 90.7 2.63 -0.00
1957 658.641 59.2 2.47 -0.00
1958 658.952 66.0 2.92 -0.00
1959 659.058 78.5 2.58 -0.00
1960 659.297 105.8 2.80 -0.00
1961 659.703 64.3 2.49 -0.01
1962 659.853 69.4 2.97 -0.02
1963 660.594 51.5 2.70 0.00
1964 660.700 90.2 2.47 -0.01
1965 660.898 73.1 2.78 0.00
1966 661.109 33.0 2.17 -0.00
1967 661.362 122.9 2.87 -0.00
1968 661.457 86.2 2.58 0.00
1969 661.731 57.7 2.32 -0.00
1970 662.113 54.6 2.22 0.01
1971 662.355 68.6 2.11 0.00
1972 662.444 65.4 2.31 -0.01
1973 662.799 41.0 2.37 -0.00
1974 662.970 77.7 2.63 -0.01
1975 663.171 23.3 2.43 -0.00
1976 663.212 37.8 2.47 -0.00
1977 664.031 37.8 2.97 0.00
1978 664.120 50.6 2.32 0.00
1979 664.243 24.2 2.92 -0.00
1980 664.680 44.9 2.99 -0.01
1981 664.741 37.3 2.75 -0.01
1982 665.577 45.2 2.70 -0.00
1983 665.635 49.2 2.82 -0.00
1984 668.625 32.1 1.96 -0.00
1985 668.670 17.6 2.16 -0.00
1986 668.721 41.0 2.15 -0.00
1987 669.093 20.8 2.09 -0.01
1988 669.257 104.1 2.48 -0.00
1989 669.318 101.5 2.12 -0.00
1990 669.554 61.4 2.52 -0.00
1991 669.615 53.8 2.22 0.00
1992 670.250 54.6 2.32 0.00
1993 670.769 60.6 2.41 -0.00
1994 670.974 45.8 2.69 -0.00
1995 671.042 19.3 2.61 -0.00
1996 671.479 49.8 2.64 -0.00
1997 671.803 21.6 2.48 -0.00
1998 672.322 31.3 3.05 0.00
1999 673.271 53.8 2.12 0.00
2000 673.629 17.6 2.19 0.00
