1 144.890 62.0 1.64 0.00
2 145.532 59.4 1.70 0.01
3 146.676 27.3 2.22 0.00
4 147.150 72.2 2.00 0.00
5 149.154 89.9 2.58 0.01
6 149.372 61.7 2.51 0.01
7 150.471 42.7 2.13 0.00
8 150.662 84.2 2.35 0.01
9 151.253 89.3 2.75 0.01
10 151.744 49.8 2.48 0.01
11 152.052 55.5 2.15 0.00
12 152.687 55.2 2.11 0.01
13 158.970 54.6 1.82 0.00
14 160.732 979.1 1.63 -0.00
15 165.698 99.6 2.26 -0.00
16 166.470 201.4 2.23 -0.00
17 167.231 45.5 2.59 -0.01
18 167.900 183.2 1.63 -0.01
19 168.896 27.3 2.43 -0.00
20 168.992 46.9 2.76 -0.00
21 169.835 104.4 2.52 -0.00
22 170.252 63.4 2.17 -0.00
23 170.709 86.8 2.12 -0.01
24 170.948 78.8 2.56 -0.00
25 171.272 18.5 2.72 -0.00
26 171.334 41.5 2.32 -0.00
27 172.074 86.8 2.71 -0.00
28 172.183 103.5 1.20 -0.00
29 172.259 21.6 1.14 -0.01
30 173.777 37.0 2.72 -0.00
31 173.883 18.5 2.84 0.00
32 174.890 59.4 1.75 -0.00
33 177.017 32.1 2.04 0.01
34 178.409 63.4 1.90 0.00
35 178.597 69.1 2.52 -0.00
36 179.246 31.3 2.53 -0.00
37 179.471 157.3 1.61 -0.00
38 180.304 18.5 1.74 -0.00
39 180.850 30.2 2.56 0.00
40 181.635 100.4 1.22 -0.00
41 181.969 46.6 2.42 0.00
42 182.307 50.6 2.60 -0.00
43 182.389 60.3 2.17 -0.00
44 182.458 41.0 2.38 -0.00
45 182.546 67.4 2.62 -0.01
46 183.133 56.3 2.76 -0.00
47 183.185 19.3 2.69 -0.00
48 183.741 19.3 2.32 -0.00
49 183.915 23.3 2.12 0.01
50 184.130 18.5 2.59 -0.00
51 184.553 54.6 1.72 -0.00
52 184.789 82.8 2.65 -0.01
53 185.106 102.1 1.96 -0.00
54 185.403 23.9 2.46 -0.00
55 185.553 61.4 2.59 -0.00
56 186.113 34.4 2.37 0.00
57 186.704 18.5 2.40 -0.00
58 187.274 51.5 2.33 -0.00
59 187.376 43.8 2.45 -0.01
60 189.994 165.5 1.27 -0.00
61 190.322 51.8 2.26 -0.01
62 190.557 98.1 2.21 -0.00
63 191.189 163.0 1.98 -0.00
64 191.390 156.4 1.63 -0.00
65 191.933 41.8 1.66 -0.00
66 192.121 146.2 1.51 0.00
67 192.257 125.7 1.94 0.00
68 192.332 69.4 2.22 -0.00
69 193.479 61.2 1.80 0.01
70 193.653 147.1 1.77 0.00
71 194.203 77.1 1.70 0.01
72 194.752 73.1 1.87 -0.00
73 195.237 50.1 2.01 -0.00
74 196.193 103.5 1.90 0.01
75 196.773 25.6 1.74 0.00
76 196.817 39.3 1.74 0.00
77 197.473 90.7 1.38 0.00
78 197.845 105.2 1.68 0.00
79 198.394 55.5 2.36 0.01
80 199.067 49.8 2.73 0.01
81 199.999 31.3 2.13 0.00
82 200.828 41.0 2.20 0.00
83 201.210 82.8 2.52 0.00
84 201.473 22.5 2.29 0.00
85 202.006 70.0 2.50 0.00
86 202.685 32.1 2.24 0.00
87 202.815 18.5 2.46 0.00
88 205.392 48.9 2.40 -0.00
89 205.433 37.8 2.24 -0.00
90 208.805 73.1 1.73 -0.00
91 209.109 31.3 2.58 -0.00
92 209.379 69.1 1.22 -0.00
93 209.519 14.5 2.17 -0.00
94 209.686 35.3 1.93 -0.00
95 210.324 90.7 1.94 0.00
96 211.055 44.1 2.37 -0.00
97 211.304 45.8 2.62 -0.00
98 212.109 32.1 2.17 -0.00
99 212.379 35.3 1.64 -0.00
100 212.744 54.6 2.76 -0.00
101 212.976 54.6 2.81 -0.00
102 213.072 64.3 2.60 0.00
103 213.236 60.3 2.24 -0.01
104 213.693 28.2 2.50 -0.00
105 213.795 35.8 2.55 -0.00
106 214.608 71.4 2.12 -0.00
107 215.147 58.6 2.50 0.00
108 215.796 47.5 1.65 0.00
109 216.113 53.8 2.44 0.00
110 216.953 52.9 2.50 0.00
111 217.581 18.5 2.08 0.00
112 217.915 87.6 2.14 0.01
113 218.912 34.4 2.18 0.01
114 219.349 60.3 2.92 -0.00
115 221.189 37.8 2.90 0.00
116 221.714 48.1 2.72 0.01
117 222.615 38.4 2.57 0.00
118 223.479 55.8 2.41 0.00
119 223.967 75.1 2.09 -0.00
120 225.251 77.9 2.11 0.00
121 225.493 77.9 2.13 -0.00
122 227.657 54.6 2.05 0.00
123 228.022 25.6 2.82 0.00
124 228.189 17.6 2.89 0.00
125 229.097 41.8 2.95 -0.00
126 229.210 31.3 2.85 -0.00
127 229.691 29.0 1.94 0.00
128 230.609 41.8 2.50 -0.00
129 230.708 36.1 2.28 -0.00
130 231.029 27.3 2.64 -0.00
131 232.528 17.6 2.98 -0.00
132 232.767 53.8 2.27 -0.00
133 233.484 126.0 2.21 0.00
134 233.617 41.2 2.41 0.00
135 235.013 21.6 2.73 0.00
136 235.917 23.3 2.76 -0.00
137 239.003 123.7 2.03 0.01
138 241.071 49.8 2.32 -0.00
139 241.730 66.3 2.41 -0.00
140 242.522 246.6 1.95 -0.00
141 242.901 50.1 2.21 0.00
142 244.403 86.8 1.79 0.00
143 245.225 417.6 1.96 0.00
144 247.335 52.3 2.21 -0.00
145 247.403 74.5 1.70 -0.00
146 249.199 55.2 2.33 0.00
147 249.550 141.4 1.97 0.00
148 252.243 186.0 2.53 0.00
149 257.295 300.7 1.61 -0.00
150 259.159 105.8 2.25 -0.00
151 260.934 253.7 1.98 -0.00
152 262.429 88.7 2.01 -0.01
153 262.609 122.0 1.80 -0.01
154 262.903 39.3 2.16 -0.01
155 263.633 47.2 1.79 -0.01
156 264.866 36.1 2.18 -0.01
157 265.156 64.3 1.86 -0.01
158 265.449 78.8 1.97 -0.00
159 265.675 95.6 1.87 -0.00
160 265.859 17.6 1.89 -0.01
161 266.528 134.0 2.07 -0.01
162 266.876 135.4 1.69 -0.00
163 267.023 139.7 1.41 -0.00
164 267.156 103.0 1.91 0.00
165 268.852 29.3 2.28 -0.00
166 268.938 71.4 2.08 -0.00
167 269.426 234.7 1.93 -0.00
168 270.692 355.0 2.23 -0.00
169 271.870 79.4 1.96 -0.00
170 273.256 36.1 1.74 0.00
171 273.399 101.8 1.70 0.00
172 273.720 172.9 1.74 0.00
173 274.416 40.1 2.28 0.01
174 274.624 41.0 1.69 0.01
175 274.918 50.6 2.31 0.01
176 275.311 40.1 2.21 0.00
177 275.375 64.3 2.14 0.01
178 275.764 61.2 2.29 0.01
179 276.713 27.6 1.97 0.00
180 276.911 57.7 1.87 0.01
181 277.270 81.9 2.09 0.00
182 277.758 66.6 1.87 0.01
183 277.946 61.7 1.83 0.01
184 278.034 44.7 1.95 0.01
185 278.782 49.8 2.22 0.01
186 279.427 77.1 1.11 0.01
187 280.710 81.6 1.92 0.01
188 285.151 333.9 2.27 -0.00
189 287.063 36.1 2.46 -0.00
190 287.663 83.6 1.99 -0.00
191 288.414 134.0 2.26 -0.00
192 289.756 19.3 1.91 -0.00
193 290.083 47.5 1.49 -0.00
194 290.561 81.4 2.11 -0.00
195 290.698 132.6 1.83 -0.00
196 291.428 68.3 1.60 -0.01
197 291.486 44.4 1.67 -0.01
198 291.510 22.5 1.71 0.00
199 291.681 71.4 1.68 -0.01
200 291.759 67.1 1.72 -0.01
201 292.114 40.1 1.56 -0.01
202 292.408 77.9 1.88 -0.01
203 292.650 127.7 1.72 -0.00
204 293.190 33.8 1.56 -0.01
205 293.326 20.8 1.63 -0.01
206 293.667 114.1 1.43 -0.01
207 294.459 286.7 1.36 -0.00
208 295.033 74.0 1.68 -0.00
209 295.149 98.7 1.60 -0.00
210 295.241 68.3 1.76 -0.00
211 295.548 96.4 1.22 0.00
212 295.801 68.3 1.61 0.01
213 296.504 57.2 1.69 -0.00
214 297.883 74.5 1.57 0.00
215 299.357 121.2 1.69 -0.00
216 299.777 112.4 1.93 -0.00
217 300.453 126.0 1.43 0.00
218 300.532 23.3 1.46 0.00
219 300.614 54.6 1.54 0.00
220 301.252 22.8 1.33 0.03
221 301.303 83.6 1.31 -0.00
222 302.115 102.4 1.39 0.00
223 302.238 100.4 1.37 0.00
224 303.279 119.5 1.51 -0.01
225 304.307 96.1 1.52 0.01
226 304.730 33.0 1.81 0.01
227 308.635 143.6 1.92 0.00
228 309.123 126.3 2.26 0.00
229 311.062 98.7 2.27 0.01
230 311.761 172.1 1.68 0.00
231 312.905 42.7 2.35 -0.00
232 314.653 55.2 2.26 -0.00
233 314.885 44.4 2.19 -0.01
234 314.912 35.8 2.32 -0.01
235 316.288 22.2 1.94 -0.01
236 316.561 58.6 2.34 -0.01
237 316.895 68.0 1.83 -0.01
238 317.312 56.3 1.99 -0.01
239 317.612 127.1 2.28 -0.01
240 317.697 51.8 2.17 -0.01
241 317.793 71.7 2.18 -0.01
242 317.902 81.4 2.12 -0.01
243 317.984 73.4 2.16 -0.01
244 318.066 66.8 2.10 -0.01
245 318.141 68.0 2.36 -0.00
246 318.708 68.3 2.07 -0.01
247 319.196 27.3 2.45 -0.01
248 320.250 69.1 1.90 -0.00
249 320.431 65.4 1.98 -0.01
250 320.506 44.9 1.95 -0.01
251 320.636 116.6 1.98 -0.01
252 323.633 868.1 2.17 -0.00
253 325.934 110.4 2.45 0.00
254 327.046 22.5 2.59 0.01
255 327.367 104.4 2.38 0.00
256 328.145 113.2 1.90 0.00
257 328.978 81.9 2.32 0.00
258 329.200 41.0 2.61 0.00
259 329.296 42.7 2.61 0.01
260 329.381 40.1 2.00 0.00
261 329.579 90.7 2.46 0.02
262 329.664 37.0 2.30 0.00
263 330.183 116.9 2.02 0.01
264 330.327 250.0 0.83 0.01
265 330.555 73.1 1.76 0.00
266 330.907 70.0 2.36 0.01
267 331.217 91.6 1.54 0.00
268 333.180 99.8 2.10 0.00
269 334.767 57.2 1.98 0.00
270 335.119 105.0 1.74 0.00
271 335.614 82.8 1.92 0.01
272 338.549 28.2 2.30 -0.00
273 340.191 369.8 1.82 -0.00
274 342.560 43.8 2.14 -0.00
275 343.686 337.1 1.70 -0.00
276 344.011 44.9 2.16 -0.00
277 345.014 78.5 1.67 0.00
278 345.553 18.5 2.12 0.00
279 345.963 128.0 2.30 -0.00
280 346.485 97.3 1.92 -0.00
281 347.096 70.3 1.95 0.00
282 347.574 41.0 1.55 -0.00
283 349.393 53.8 1.64 0.00
284 349.469 70.0 1.25 0.00
285 349.800 28.2 2.26 -0.00
286 349.981 85.9 2.31 -0.00
287 350.226 129.4 1.28 0.00
288 350.615 58.6 2.06 -0.00
289 350.793 106.1 1.88 -0.00
290 351.902 46.6 1.78 -0.00
291 352.155 58.6 1.59 -0.00
292 353.015 118.0 1.39 -0.00
293 353.691 77.7 1.33 -0.00
294 353.937 43.0 2.31 -0.00
295 354.029 36.1 1.75 -0.00
296 354.271 112.4 1.68 -0.01
297 354.763 70.0 1.83 -0.00
298 356.323 41.0 2.18 0.00
299 356.391 48.6 2.18 -0.00
300 357.149 81.4 1.82 -0.00
301 357.900 64.3 2.00 -0.00
302 358.063 50.1 1.78 -0.00
303 358.712 21.6 2.03 0.01
304 359.388 117.2 1.19 -0.01
305 361.528 38.7 1.93 -0.00
306 361.893 187.4 1.03 0.00
307 362.333 83.6 1.77 0.00
308 362.542 141.4 1.59 0.00
309 363.600 81.1 2.12 0.00
310 363.985 89.9 1.12 -0.00
311 364.303 50.6 1.85 0.01
312 364.610 73.1 1.90 0.01
313 364.887 77.1 2.27 0.00
314 365.573 18.5 2.18 0.00
315 366.409 32.1 2.00 -0.00
316 366.586 63.4 2.17 0.00
317 366.638 60.9 2.10 0.00
318 366.880 69.4 1.03 -0.00
319 367.436 62.6 1.60 0.00
320 368.092 41.0 1.57 -0.00
321 368.491 74.0 1.92 0.01
322 369.361 17.6 2.11 -0.00
323 369.945 121.2 1.77 0.00
324 370.529 163.0 1.71 0.00
325 372.335 18.5 1.56 -0.00
326 373.157 35.3 2.08 -0.00
327 373.471 123.7 1.44 -0.01
328 373.724 70.0 1.83 -0.00
329 375.553 141.4 1.27 -0.00
330 376.857 75.4 1.78 -0.01
331 377.065 65.1 2.23 -0.00
332 377.414 51.5 1.63 -0.01
333 377.482 66.0 2.01 -0.01
334 377.803 103.0 1.27 -0.00
335 378.018 59.4 1.74 -0.01
336 378.366 77.9 1.55 -0.00
337 378.830 105.2 1.19 -0.01
338 379.305 123.7 1.19 -0.00
339 380.574 81.9 1.23 0.00
340 381.472 59.4 2.60 -0.00
341 381.581 72.2 2.47 -0.00
342 381.783 54.6 2.69 -0.00
343 382.107 62.6 2.07 -0.00
344 383.441 55.5 2.55 0.00
345 383.721 24.2 2.47 -0.00
346 383.875 118.9 1.46 0.03
347 384.493 48.9 2.23 0.00
348 385.175 28.2 2.33 0.01
349 386.114 26.5 2.50 0.00
350 386.305 27.3 2.25 0.01
351 386.490 71.4 2.27 0.01
352 386.742 54.6 2.33 0.00
353 386.800 53.8 2.56 0.01
354 387.114 90.7 2.56 0.00
355 387.387 50.6 2.24 0.01
356 387.582 70.0 2.08 0.01
357 388.179 99.6 2.28 0.00
358 388.701 135.4 0.99 0.00
359 389.367 73.1 1.90 0.00
360 390.412 95.6 2.38 0.00
361 393.897 293.0 2.30 0.00
362 394.091 50.6 2.19 -0.00
363 394.828 21.9 2.06 0.00
364 395.788 106.7 1.74 -0.00
365 396.013 103.0 1.76 -0.00
366 396.173 154.5 1.87 0.00
367 396.532 81.4 1.98 -0.01
368 397.692 21.6 1.95 -0.01
369 398.938 82.8 1.41 -0.01
370 399.064 72.5 1.98 -0.01
371 400.136 60.3 1.90 -0.01
372 400.239 62.9 2.63 -0.01
373 401.877 112.1 0.68 -0.00
374 401.979 62.6 0.70 -0.02
375 402.594 42.7 2.34 -0.01
376 403.601 43.2 1.98 -0.00
377 405.447 105.2 2.49 0.00
378 406.884 300.1 2.24 0.00
379 407.471 562.6 1.85 0.00
380 408.543 222.4 1.85 0.00
381 409.915 958.3 1.84 0.00
382 411.161 67.7 2.47 0.01
383 413.448 82.8 2.16 0.01
384 413.820 53.8 1.83 0.01
385 413.871 33.0 2.06 0.01
386 414.086 51.5 2.21 0.01
387 414.527 41.0 2.40 0.00
388 415.230 54.6 1.84 0.01
389 415.820 92.2 2.01 0.00
390 416.612 67.4 2.31 0.00
391 416.851 67.4 0.97 0.01
392 417.145 33.0 2.20 0.00
393 418.923 81.9 1.73 0.00
394 422.227 64.3 1.34 -0.00
395 422.777 67.1 2.54 -0.00
396 424.040 36.1 2.66 -0.01
397 426.528 85.0 2.54 0.00
398 427.119 22.5 2.16 -0.01
399 427.200 69.4 1.80 -0.01
400 427.835 31.0 2.18 -0.01
401 427.897 36.1 1.83 -0.01
402 428.231 49.8 2.80 0.00
403 428.549 92.4 1.97 0.00
404 428.788 58.6 2.84 0.00
405 429.259 87.6 2.44 0.00
406 429.395 30.4 2.54 0.00
407 429.900 49.8 2.71 0.00
408 430.074 42.7 2.87 -0.00
409 430.334 39.5 1.73 0.00
410 430.491 49.8 2.52 0.00
411 433.218 44.9 2.39 0.00
412 434.969 52.1 2.09 0.00
413 435.468 108.4 2.40 0.00
414 438.816 323.7 2.37 0.00
415 442.223 168.1 1.53 0.00
416 443.482 43.0 2.37 -0.00
417 445.376 45.8 2.60 -0.00
418 445.445 29.6 2.51 -0.00
419 445.475 37.3 2.56 -0.00
420 445.960 17.6 2.42 -0.01
421 446.288 48.9 2.23 -0.00
422 446.650 69.1 2.50 -0.00
423 446.994 41.0 2.10 -0.00
424 447.407 39.0 2.25 -0.00
425 447.742 63.4 2.16 -0.01
426 447.998 18.5 2.09 -0.00
427 448.151 32.1 2.24 -0.00
428 448.281 54.6 2.04 -0.00
429 448.602 54.6 2.82 -0.00
430 448.848 31.3 2.35 -0.00
431 449.332 83.3 2.05 -0.00
432 449.708 91.6 1.87 -0.00
433 449.814 95.6 1.88 -0.00
434 450.612 49.8 0.96 -0.01
435 451.063 37.0 2.79 -0.00
436 451.309 59.4 2.66 0.00
437 452.510 60.3 1.41 -0.01
438 453.521 49.8 2.47 -0.01
439 454.282 81.9 2.27 -0.01
440 455.152 36.1 2.72 -0.00
441 455.808 32.1 2.59 -0.00
442 456.815 38.4 2.44 0.00
443 457.794 33.8 3.18 0.00
444 457.972 24.2 1.33 0.00
445 458.023 41.0 2.58 -0.00
446 458.839 54.6 2.05 0.00
447 459.204 44.1 2.46 0.01
448 459.555 92.4 1.86 0.00
449 459.849 54.6 2.08 0.00
450 459.914 37.8 2.31 0.00
451 460.279 27.3 2.38 0.01
452 461.013 90.7 2.07 0.00
453 461.163 58.6 2.34 0.00
454 461.525 22.5 2.24 0.00
455 461.832 27.3 2.45 0.00
456 461.917 75.4 2.40 0.00
457 462.313 103.5 1.90 0.00
458 462.604 63.7 1.96 0.00
459 462.897 36.1 1.90 0.00
460 463.010 59.4 2.10 0.01
461 467.604 328.0 0.65 0.00
462 469.488 19.3 2.42 -0.00
463 470.410 93.3 1.72 0.00
464 473.608 56.3 2.02 -0.00
465 474.137 103.3 1.05 0.00
466 475.018 191.1 0.67 -0.00
467 475.431 42.7 1.82 0.00
468 477.052 85.9 1.96 -0.01
469 477.257 54.0 2.27 -0.00
470 478.516 155.6 1.97 -0.00
471 479.691 60.3 2.10 -0.00
472 480.537 37.0 2.19 0.00
473 480.971 75.1 1.29 0.00
474 481.629 74.0 1.95 -0.00
475 481.995 91.0 2.18 0.00
476 482.111 113.5 2.13 -0.00
477 482.264 102.7 1.77 -0.00
478 482.565 53.8 1.85 0.00
479 483.790 69.1 1.94 -0.00
480 484.043 50.6 1.95 0.00
481 484.476 44.9 1.97 -0.00
482 485.114 69.1 1.78 0.00
483 486.220 34.1 1.61 0.00
484 486.620 64.3 1.54 -0.00
485 486.712 45.5 2.20 -0.00
486 486.831 14.5 2.73 -0.00
487 487.476 59.4 2.80 0.00
488 488.869 109.2 1.49 -0.00
489 490.361 63.7 2.51 -0.00
490 490.637 21.6 2.25 -0.00
491 491.081 37.0 2.24 -0.01
492 491.514 59.4 1.52 -0.00
493 491.658 53.8 2.31 -0.00
494 493.484 49.8 1.83 -0.00
495 494.037 164.4 1.96 -0.01
496 496.682 112.4 2.33 -0.00
497 496.781 61.2 2.15 -0.00
498 497.450 83.3 1.95 -0.00
499 497.600 50.6 2.32 -0.00
500 498.044 118.0 2.28 -0.00
501 498.126 67.7 2.11 -0.00
502 498.205 62.0 2.07 -0.01
503 499.263 80.2 2.17 -0.00
504 499.628 56.9 2.08 -0.00
505 500.092 141.4 2.17 -0.00
506 500.717 122.0 2.13 -0.00
507 501.239 93.6 1.87 0.00
508 501.454 110.1 0.67 -0.00
509 501.696 45.8 1.83 0.01
510 501.990 44.9 2.21 0.00
511 502.359 120.3 2.02 0.00
512 502.976 27.9 2.08 0.00
513 503.178 46.6 1.96 -0.00
514 503.584 41.2 2.01 0.01
515 504.007 31.3 2.22 0.00
516 504.369 117.5 2.52 0.00
517 504.908 67.4 2.25 0.00
518 505.250 35.3 2.82 0.00
519 505.393 77.1 1.23 0.00
520 506.062 90.7 1.90 0.01
521 506.745 95.6 2.31 0.00
522 507.120 24.2 2.36 0.00
523 507.363 85.9 2.27 0.00
524 508.233 77.1 2.06 0.00
525 509.380 19.3 2.27 0.00
526 509.865 59.4 2.25 -0.00
527 510.291 66.0 2.03 -0.00
528 511.424 48.9 2.05 0.00
529 511.469 25.6 2.05 -0.00
530 511.882 32.1 2.37 0.00
531 512.073 68.3 1.54 -0.00
532 512.554 45.8 2.32 0.00
533 513.036 24.2 2.50 0.00
534 513.158 27.3 2.87 -0.00
535 513.281 81.1 1.85 0.00
536 513.554 68.8 2.64 0.00
537 513.629 62.6 1.79 -0.00
538 514.950 32.1 2.63 -0.00
539 515.281 27.3 2.88 -0.00
540 515.548 65.1 1.99 0.00
541 515.746 40.1 2.17 -0.00
542 515.995 93.6 1.92 -0.00
543 516.302 118.0 1.96 0.00
544 516.814 109.2 1.99 0.00
545 517.312 43.8 2.03 0.01
546 518.166 77.9 1.83 0.01
547 518.319 68.3 1.52 0.00
548 518.848 101.0 2.10 0.00
549 518.985 41.8 1.98 0.00
550 519.408 127.4 2.57 0.00
551 519.958 46.6 2.56 0.00
552 520.238 73.1 1.98 -0.00
553 527.914 126.9 2.50 -0.00
554 528.945 171.0 1.41 -0.00
555 529.286 91.0 1.52 -0.01
556 529.676 82.2 1.61 -0.00
557 530.915 143.6 1.78 -0.01
558 531.058 69.1 1.90 -0.01
559 532.154 37.8 2.73 -0.00
560 533.246 53.8 1.93 -0.01
561 533.772 53.8 2.26 -0.00
562 534.212 37.0 2.27 -0.00
563 534.546 44.4 2.32 -0.00
564 534.799 72.2 2.16 -0.00
565 535.133 52.9 2.96 0.01
566 535.881 72.2 2.54 -0.00
567 535.994 85.9 1.98 -0.00
568 536.745 95.3 1.73 -0.00
569 537.321 105.8 1.87 -0.00
570 538.362 54.6 1.70 -0.00
571 540.189 36.1 2.05 0.01
572 540.475 51.5 2.79 0.00
573 540.690 19.3 2.88 -0.00
574 540.810 29.9 2.88 0.01
575 541.097 28.2 2.59 0.01
576 541.124 17.6 2.58 0.01
577 541.366 46.6 2.83 0.00
578 542.093 42.1 2.26 0.00
579 542.762 37.0 1.57 0.01
580 542.878 64.3 1.20 0.01
581 543.308 25.0 2.76 0.01
582 544.117 46.6 2.31 0.00
583 544.237 57.7 2.12 0.00
584 545.370 49.2 1.83 0.01
585 545.476 46.6 1.90 0.01
586 545.582 32.1 2.82 0.01
587 546.845 220.7 2.63 0.00
588 550.671 145.6 1.27 -0.00
589 552.152 30.7 2.62 -0.00
590 552.217 41.8 2.54 -0.00
591 552.436 18.2 2.52 0.00
592 553.774 379.7 2.71 -0.00
593 554.900 64.3 2.63 0.00
594 557.259 99.6 2.24 -0.00
595 557.757 104.4 2.23 -0.00
596 558.522 41.0 2.38 -0.00
597 558.737 46.6 1.80 -0.00
598 559.174 59.4 2.13 0.00
599 559.505 54.9 1.65 -0.00
600 559.576 63.7 2.57 -0.01
601 559.948 32.1 2.63 -0.00
602 561.351 40.4 2.24 -0.00
603 561.723 55.8 2.57 -0.00
604 562.553 32.1 3.05 0.00
605 562.727 43.8 3.06 0.00
606 562.758 42.1 3.06 0.00
607 563.065 50.6 2.87 0.00
608 563.560 57.2 2.28 0.00
609 565.727 27.9 2.39 -0.00
610 566.761 224.4 2.14 0.00
611 568.294 67.4 2.00 -0.00
612 568.424 71.7 2.59 -0.00
613 571.489 95.0 1.16 0.00
614 571.984 36.1 2.69 -0.00
615 573.315 54.6 1.97 -0.00
616 575.185 43.8 2.93 0.00
617 575.325 17.6 2.79 0.00
618 576.196 17.9 3.08 0.00
619 577.667 31.3 2.73 0.00
620 577.851 64.3 2.78 -0.00
621 579.360 232.1 1.38 0.00
622 581.893 46.6 2.27 0.00
623 582.087 47.2 1.94 -0.00
624 583.883 73.7 2.49 -0.01
625 584.057 46.6 1.99 -0.01
626 584.589 63.4 2.48 -0.01
627 585.572 76.5 2.14 -0.01
628 586.043 99.6 2.71 -0.00
629 586.296 28.4 2.67 -0.00
630 586.439 62.6 2.30 -0.01
631 586.886 59.4 2.58 -0.00
632 587.095 58.0 1.37 -0.01
633 587.153 39.3 2.67 -0.01
634 587.473 28.2 2.53 -0.01
635 587.542 31.3 2.41 -0.01
636 587.962 59.4 2.53 -0.00
637 588.020 24.2 1.35 -0.01
638 588.102 33.0 2.56 -0.01
639 588.241 46.1 2.42 -0.01
640 588.364 19.1 2.68 -0.00
641 589.412 89.9 2.33 -0.00
642 589.672 108.4 2.44 -0.00
643 591.064 570.0 2.25 -0.00
644 593.443 338.2 1.33 0.00
645 595.239 54.3 2.24 0.01
646 595.546 87.3 1.24 0.00
647 595.686 34.4 2.40 0.00
648 596.014 77.1 2.46 -0.00
649 596.423 50.6 3.01 0.01
650 596.761 96.1 2.35 0.01
651 596.942 69.7 1.82 0.01
652 597.143 40.7 2.55 0.00
653 597.389 21.6 2.66 0.01
654 598.075 54.6 2.26 0.01
655 598.256 49.8 2.49 0.01
656 598.352 108.4 2.04 0.00
657 599.147 37.0 2.34 0.00
658 599.987 45.8 2.00 0.00
659 600.830 33.0 2.30 0.00
660 601.062 49.8 1.96 0.00
661 601.154 41.2 2.62 0.00
662 601.188 25.3 2.66 -0.00
663 601.250 50.1 1.21 0.00
664 601.932 127.7 1.89 0.00
665 605.339 68.0 2.52 -0.00
666 606.250 132.0 2.84 -0.00
667 607.069 37.0 2.58 -0.00
668 607.360 34.4 2.15 -0.01
669 608.148 45.2 2.52 -0.01
670 609.554 28.2 2.86 -0.01
671 609.817 53.8 2.35 0.00
672 610.899 18.5 2.80 -0.00
673 612.384 51.5 2.48 -0.01
674 612.480 35.3 2.52 -0.01
675 612.544 30.4 2.58 -0.00
676 612.763 82.8 2.33 -0.01
677 612.879 79.4 1.49 -0.01
678 613.814 110.1 2.14 -0.01
679 613.958 36.1 2.71 -0.00
680 614.039 27.3 2.12 -0.00
681 614.401 77.1 2.46 -0.00
682 614.514 27.3 2.32 -0.00
683 615.651 21.6 3.03 -0.00
684 615.886 68.3 3.25 -0.00
685 617.716 22.5 3.21 0.00
686 619.695 35.3 3.01 0.00
687 619.743 30.4 2.81 0.00
688 620.006 55.5 2.70 0.00
689 620.566 69.1 2.53 0.01
690 620.614 17.6 2.37 -0.00
691 620.989 36.1 2.59 0.00
692 621.945 49.8 2.63 -0.00
693 622.057 20.8 2.46 0.00
694 622.153 60.3 2.58 0.00
695 622.580 26.5 2.74 0.01
696 623.177 33.8 2.14 0.00
697 623.361 20.2 2.24 0.00
698 623.539 19.3 2.52 0.00
699 623.764 96.4 2.23 0.00
700 623.904 28.2 2.69 0.00
701 624.170 70.0 2.51 0.00
702 625.030 151.0 1.39 0.00
703 625.856 63.4 2.46 0.00
704 627.000 31.0 2.15 0.00
705 627.212 68.3 2.19 0.00
706 627.635 115.5 1.92 0.00
707 629.068 120.6 1.79 0.00
708 629.536 48.1 2.27 0.00
709 630.683 76.2 1.95 -0.00
710 631.843 64.0 1.87 -0.00
711 632.041 301.8 1.77 -0.00
712 632.526 64.3 1.22 0.00
713 633.239 76.2 1.49 -0.00
714 636.800 41.0 2.53 -0.00
715 637.547 76.8 1.78 -0.00
716 637.868 54.6 2.54 0.00
717 638.772 36.1 2.33 -0.00
718 638.899 77.9 2.14 -0.00
719 639.353 82.8 2.22 0.00
720 640.056 74.8 2.20 0.00
721 643.070 85.9 1.53 0.00
722 643.155 22.5 2.59 0.00
723 643.189 14.5 2.60 -0.00
724 643.609 44.9 1.89 -0.00
725 644.459 133.4 1.97 0.00
726 645.708 80.2 2.14 0.00
727 645.821 76.8 1.84 0.00
728 646.343 151.6 1.93 0.00
729 647.562 144.5 1.70 -0.00
730 647.930 602.5 1.94 -0.00
731 649.108 21.9 2.43 -0.00
732 651.767 20.8 2.06 -0.01
733 651.934 53.8 1.20 -0.01
734 653.143 90.7 2.63 -0.00
735 655.146 48.4 2.51 -0.01
736 655.215 62.6 2.34 -0.00
737 655.266 60.9 2.68 -0.00
738 655.802 60.3 2.60 -0.01
739 656.832 46.6 2.19 -0.00
740 658.119 51.8 2.21 -0.01
741 659.078 78.2 2.89 -0.00
742 659.136 28.7 1.80 -0.00
743 659.846 132.6 1.91 0.00
744 660.160 71.7 2.81 -0.00
745 660.707 62.3 2.46 -0.00
746 660.905 44.9 2.39 -0.00
747 661.150 200.5 2.23 0.00
748 662.058 61.4 1.90 -0.00
749 662.509 71.1 2.07 0.00
750 662.901 105.8 2.35 -0.00
751 663.137 69.1 1.69 0.00
752 664.506 37.5 2.77 0.01
753 664.888 60.0 2.48 0.01
754 665.181 45.8 2.76 0.01
755 665.943 31.3 2.54 0.01
756 666.540 42.4 1.62 0.01
757 667.117 41.0 2.88 0.01
758 667.516 53.8 2.68 0.01
759 667.905 35.3 2.56 0.01
760 668.455 68.6 2.51 0.01
761 668.899 41.0 2.60 0.01
762 669.161 35.6 2.51 0.01
763 669.387 47.8 2.45 0.01
764 669.615 21.6 2.63 0.01
765 670.527 31.9 2.45 0.00
766 671.455 100.1 2.30 0.00
767 675.633 46.9 2.61 -0.00
768 675.800 75.4 2.45 -0.00
769 676.561 219.6 2.44 -0.00
770 676.688 309.2 2.62 -0.00
771 677.582 390.8 2.32 -0.00
772 677.708 477.0 1.26 -0.00
773 680.552 64.3 2.40 -0.01
774 681.111 99.6 1.89 -0.01
775 681.446 32.1 2.31 0.02
776 682.473 37.0 2.23 -0.00
777 682.839 44.9 2.26 -0.00
778 682.985 36.1 2.54 -0.00
779 683.272 48.9 2.26 -0.01
780 683.631 76.2 2.36 -0.00
781 683.992 48.4 1.84 -0.01
782 684.457 77.1 1.98 -0.00
783 684.535 69.7 1.56 -0.00
784 684.600 22.5 2.27 0.00
785 684.784 60.3 1.62 -0.00
786 684.907 14.5 2.39 0.00
787 685.037 62.6 2.04 0.00
788 685.617 70.8 2.16 0.00
789 687.057 144.8 1.55 0.00
790 688.928 28.2 2.16 0.01
791 690.495 64.3 1.73 0.01
792 694.676 56.0 2.16 -0.00
793 696.639 61.2 2.36 -0.01
794 697.079 72.0 2.55 -0.00
795 697.130 82.2 2.11 -0.00
796 698.079 126.9 2.31 -0.01
797 699.963 68.3 2.45 -0.00
798 700.178 58.6 2.49 -0.01
799 700.240 44.9 2.51 -0.01
800 701.475 73.1 2.35 -0.01
801 701.578 57.7 2.26 -0.01
802 701.677 46.6 2.16 -0.01
803 703.083 64.3 2.39 -0.01
804 703.479 85.0 1.64 -0.01
805 703.817 68.3 1.94 -0.01
806 703.936 101.5 1.69 -0.01
807 704.575 41.8 2.53 -0.01
808 704.684 37.0 2.28 -0.00
809 705.288 54.6 2.45 -0.01
810 705.899 69.7 2.88 -0.01
811 706.032 74.0 2.85 -0.01
812 706.380 24.2 2.65 -0.00
813 706.950 59.2 2.79 -0.01
814 707.094 45.8 2.77 0.00
815 708.435 150.8 2.04 -0.00
816 709.022 301.2 2.16 -0.00
817 709.125 126.9 2.15 0.00
818 709.490 186.9 2.03 -0.00
819 711.794 105.0 2.25 0.01
820 712.053 100.4 2.32 0.00
821 712.511 62.6 1.71 0.01
822 712.627 23.3 2.47 -0.00
823 713.006 21.0 2.22 0.01
824 713.053 19.3 2.23 0.01
825 714.412 74.0 2.06 0.01
826 714.473 60.3 2.34 0.01
827 714.746 18.5 2.37 0.01
828 715.142 63.4 1.94 0.00
829 716.706 64.3 1.01 0.01
830 716.880 55.5 2.46 0.01
831 717.730 91.6 2.42 0.00
832 718.262 20.8 2.54 0.01
833 718.371 49.8 2.65 0.01
834 719.566 40.1 2.16 0.00
835 721.204 74.8 2.73 0.00
836 721.546 118.3 2.42 0.00
837 722.263 12.8 2.81 -0.00
838 722.935 56.0 2.91 -0.00
839 722.973 57.7 2.93 -0.00
840 723.406 31.3 2.57 -0.00
841 725.270 62.6 2.44 -0.01
842 725.908 124.9 2.01 -0.00
843 726.932 73.1 2.08 -0.00
844 727.072 68.3 1.68 -0.00
845 728.226 55.5 2.55 -0.00
846 730.048 16.8 2.66 0.00
847 730.209 22.5 2.36 -0.00
848 731.762 126.6 1.98 -0.00
849 732.137 67.4 2.30 -0.00
850 732.192 46.1 2.21 -0.00
851 732.264 22.5 2.33 0.00
852 732.397 63.4 2.37 -0.00
853 733.629 76.2 2.50 -0.00
854 733.714 72.0 2.34 -0.00
855 734.134 41.8 2.49 0.00
856 734.561 64.3 2.30 0.00
857 734.677 65.1 2.11 0.00
858 734.984 95.0 1.68 0.00
859 736.599 110.1 1.70 -0.00
860 737.005 153.0 2.11 0.00
861 737.063 159.0 2.15 0.00
862 739.889 35.3 2.43 -0.00
863 740.111 40.1 1.95 0.00
864 742.872 70.3 2.26 -0.00
865 745.139 63.4 2.25 -0.00
866 745.600 62.6 1.40 -0.01
867 746.620 44.1 2.28 -0.00
868 747.334 54.6 2.22 -0.01
869 748.713 97.3 2.18 -0.01
870 748.852 76.2 2.04 -0.01
871 749.917 42.7 2.03 0.00
872 750.689 65.1 2.45 0.00
873 750.788 68.6 2.40 0.00
874 751.621 58.6 2.19 0.00
875 751.983 37.0 2.49 -0.00
876 752.556 82.8 2.48 0.00
877 752.641 79.4 2.03 0.00
878 752.884 48.4 2.55 0.01
879 753.143 60.3 0.96 0.00
880 754.048 25.6 2.08 0.00
881 754.331 52.6 1.85 0.00
882 754.607 37.8 2.32 0.01
883 754.662 43.8 2.28 0.01
884 754.945 37.0 1.54 0.00
885 755.044 77.9 1.66 0.00
886 757.608 76.2 1.92 0.01
887 757.918 35.3 2.10 0.00
888 758.802 253.7 1.82 0.01
889 759.427 160.7 1.63 0.01
890 760.233 147.1 1.85 0.00
891 760.454 33.6 2.16 0.01
892 760.738 59.4 1.73 0.01
893 761.560 192.3 1.54 0.00
894 761.748 183.8 1.58 0.00
895 763.895 233.2 1.58 0.00
896 765.243 77.4 1.59 0.00
897 765.390 70.8 1.26 0.00
898 769.455 58.6 2.52 -0.00
899 771.029 88.5 2.58 -0.00
900 772.275 46.6 2.01 -0.00
901 772.360 58.6 1.77 -0.00
902 773.893 113.2 2.30 0.00
903 774.282 54.6 2.49 -0.00
904 774.708 34.4 2.66 0.00
905 774.947 56.3 2.56 0.00
906 775.193 48.9 2.29 0.00
907 775.261 33.8 2.50 -0.00
908 775.446 54.6 2.55 0.00
909 775.746 63.4 2.29 -0.00
910 776.436 32.1 2.72 -0.00
911 776.692 23.3 2.83 -0.00
912 777.436 27.3 2.87 -0.00
913 778.494 58.6 2.20 0.00
914 778.555 44.9 2.29 0.00
915 778.931 40.1 3.01 0.00
916 779.136 45.8 2.20 0.00
917 779.511 67.4 2.28 0.00
918 779.897 44.9 2.47 0.00
919 780.061 39.0 2.63 -0.00
920 780.259 27.0 2.39 0.00
921 780.433 37.8 2.91 -0.00
922 780.532 48.9 1.97 0.00
923 781.805 47.5 2.34 -0.00
924 781.972 54.3 1.85 -0.00
925 782.187 59.4 1.78 -0.00
926 782.406 55.5 2.23 -0.00
927 782.682 33.0 2.77 0.00
928 782.976 37.0 2.73 -0.00
929 783.232 43.8 0.64 -0.00
930 784.000 54.6 2.27 -0.00
931 784.344 37.8 1.86 -0.00
932 784.433 32.7 1.02 -0.00
933 785.307 27.3 2.49 0.00
934 785.583 77.9 2.18 0.00
935 785.658 66.8 2.48 0.00
936 785.716 40.1 2.44 -0.01
937 785.761 35.3 2.42 0.00
938 786.232 33.0 2.04 0.00
939 786.996 64.3 2.52 -0.00
940 787.331 56.3 1.76 0.00
941 787.700 22.5 2.78 -0.00
942 787.761 21.6 2.54 -0.00
943 787.836 44.7 2.53 -0.00
944 788.109 45.8 2.15 -0.00
945 789.143 45.8 2.47 -0.00
946 789.591 27.6 2.64 -0.00
947 789.806 72.0 2.47 -0.00
948 789.850 62.6 2.30 -0.00
949 790.045 19.3 2.19 0.00
950 790.219 48.9 2.32 -0.00
951 790.284 64.3 2.32 -0.00
952 790.656 54.6 2.05 -0.00
953 791.359 54.6 2.09 -0.00
954 791.478 54.6 2.66 0.00
955 791.826 44.1 1.91 -0.00
956 792.311 77.1 2.18 -0.00
957 792.765 67.4 2.67 -0.00
958 793.601 76.8 2.59 -0.00
959 794.185 51.5 2.78 0.00
960 794.236 43.8 2.90 0.00
961 794.509 87.3 2.71 0.01
962 795.468 33.0 2.44 0.00
963 796.073 60.3 2.54 0.00
964 797.817 81.1 1.92 0.00
965 797.916 72.5 1.94 0.00
966 799.578 85.9 2.28 0.00
967 799.841 64.3 2.58 0.00
968 800.872 85.3 1.32 0.00
969 801.527 41.8 2.55 -0.00
970 801.725 14.5 2.54 -0.00
971 802.217 152.2 1.32 0.00
972 802.667 37.8 2.27 0.00
973 804.230 95.6 2.40 -0.00
974 804.500 34.4 2.45 -0.00
975 804.565 72.2 2.05 0.01
976 804.691 34.7 2.72 -0.00
977 804.944 63.4 1.48 -0.00
978 805.575 82.8 2.05 0.00
979 806.476 27.3 2.24 -0.00
980 806.592 40.1 1.94 -0.00
981 807.374 62.6 2.65 -0.00
982 807.702 54.6 2.25 -0.00
983 808.135 50.6 2.20 -0.00
984 808.296 51.5 2.41 0.24
985 808.654 49.8 2.51 -0.00
986 808.743 69.4 2.07 -0.00
987 809.589 55.5 2.50 0.00
988 809.961 63.4 2.33 -0.00
989 810.388 52.1 2.29 -0.00
990 811.194 63.4 2.05 -0.00
991 811.900 65.1 1.30 -0.00
992 812.071 49.8 2.67 -0.00
993 812.170 43.0 2.75 -0.00
994 812.320 25.6 2.82 -0.00
995 812.586 62.6 2.51 -0.01
996 813.197 68.3 2.48 -0.00
997 813.689 52.1 2.42 -0.00
998 814.023 44.9 2.55 0.00
999 814.074 50.1 2.57 0.00
1000 814.487 37.8 2.44 -0.00
1001 814.634 37.0 2.48 -0.00
1002 814.798 76.2 2.52 -0.00
1003 815.846 34.4 2.18 0.00
1004 816.423 18.5 2.39 -0.00
1005 816.774 76.2 2.60 -0.00
1006 817.201 55.5 2.29 -0.00
1007 817.290 60.6 2.36 -0.00
1008 817.539 14.5 2.41 -0.01
1009 818.338 55.5 2.18 -0.00
1010 818.860 109.2 1.88 -0.00
1011 819.287 59.4 1.90 -0.00
1012 819.724 63.4 2.18 -0.01
1013 819.860 51.5 2.01 -0.01
1014 820.239 114.6 2.10 -0.00
1015 821.355 58.9 2.12 -0.00
1016 821.795 26.5 2.45 -0.00
1017 822.038 51.5 2.49 -0.01
1018 822.236 16.8 2.49 0.00
1019 822.406 114.1 1.17 0.01
1020 822.584 60.3 2.59 -0.01
1021 823.157 94.2 2.76 0.00
1022 823.604 41.0 2.34 -0.01
1023 824.359 45.8 2.47 -0.00
1024 824.468 59.4 2.20 -0.00
1025 824.618 51.5 2.47 -0.00
1026 824.820 53.8 2.22 -0.01
1027 825.007 73.4 1.94 -0.00
1028 825.403 58.6 2.34 -0.01
1029 825.775 57.2 2.48 0.00
1030 826.096 62.0 2.49 -0.00
1031 826.694 49.8 2.81 -0.00
1032 826.905 67.4 2.70 -0.00
1033 827.008 63.1 2.81 -0.00
1034 827.605 69.1 2.15 -0.00
1035 827.980 74.0 1.95 0.00
1036 828.288 60.3 1.61 0.00
1037 829.912 62.6 2.85 0.00
1038 830.138 21.6 2.67 -0.00
1039 830.650 49.2 2.63 0.00
1040 830.721 57.7 2.64 0.00
1041 830.882 31.3 2.36 0.00
1042 831.076 24.2 2.67 0.01
1043 831.581 18.5 2.42 0.00
1044 832.107 41.2 2.40 0.00
1045 833.223 55.5 2.25 0.00
1046 833.728 45.8 2.79 0.01
1047 833.889 126.0 0.76 0.01
1048 834.817 73.7 2.57 0.00
1049 835.080 45.8 2.28 0.01
1050 835.223 43.0 2.22 0.00
1051 835.486 44.9 2.19 0.00
1052 835.732 47.5 2.32 0.00
1053 836.374 25.6 2.41 0.01
1054 836.770 32.1 2.17 0.00
1055 836.814 36.4 2.08 0.00
1056 837.739 41.0 1.75 0.00
1057 838.548 50.6 1.96 0.01
1058 839.476 25.6 1.80 0.00
1059 842.153 68.3 2.37 0.00
1060 842.497 44.9 1.95 0.00
1061 843.665 63.4 1.41 0.00
1062 843.883 37.0 2.16 0.00
1063 845.474 20.8 2.60 0.00
1064 845.948 92.4 2.03 0.00
1065 846.399 61.7 2.38 0.00
1066 851.003 158.2 1.04 -0.00
1067 851.939 425.2 2.19 -0.00
1068 854.697 350.2 2.19 -0.00
1069 855.799 68.6 1.95 0.00
1070 856.748 256.3 2.01 -0.00
1071 856.990 450.8 1.86 -0.00
1072 861.093 390.3 0.70 0.00
1073 864.530 211.6 1.96 -0.00
1074 864.814 122.6 1.36 -0.00
1075 864.943 124.9 2.13 0.00
1076 865.210 82.2 1.75 -0.00
1077 865.370 54.6 2.06 -0.00
1078 865.821 60.0 1.85 -0.00
1079 865.984 148.5 2.00 0.00
1080 867.367 92.2 2.01 -0.00
1081 867.681 73.7 1.52 -0.00
1082 868.787 180.1 1.55 -0.00
1083 869.845 162.1 1.93 -0.00
1084 872.521 58.6 1.85 -0.00
1085 873.030 41.8 2.12 -0.01
1086 873.456 45.8 2.09 -0.01
1087 874.234 77.9 1.48 -0.01
1088 874.545 60.3 1.75 -0.00
1089 875.467 68.3 2.22 0.00
1090 875.887 20.8 2.35 -0.00
1091 876.289 85.0 2.19 -0.00
1092 877.382 18.5 2.18 0.00
1093 877.481 105.2 2.33 0.01
1094 878.170 68.3 1.94 0.00
1095 878.771 134.8 2.13 0.00
1096 879.593 127.7 2.27 -0.01
1097 879.856 85.9 1.82 0.00
1098 879.962 97.3 1.88 0.01
1099 880.457 114.1 1.84 -0.01
1100 880.972 76.5 2.21 0.00
1101 881.860 16.8 2.32 0.01
1102 881.932 35.6 1.75 0.01
1103 883.116 58.6 1.41 0.01
1104 884.594 61.2 1.82 0.01
1105 884.761 68.3 1.96 0.00
1106 884.884 82.8 2.03 0.00
1107 885.778 53.8 1.78 0.00
1108 885.881 52.1 1.95 0.00
1109 886.321 76.2 1.91 0.01
1110 886.417 72.2 2.06 0.01
1111 886.703 47.2 2.37 0.00
1112 886.877 30.4 2.04 0.01
1113 887.273 58.0 2.22 0.00
1114 888.089 50.6 1.83 0.01
1115 888.465 44.9 1.83 0.01
1116 889.304 69.1 1.60 0.00
1117 890.905 44.7 2.29 0.00
1118 892.073 468.8 1.89 0.00
1119 898.527 289.8 2.23 0.00
1120 898.691 112.6 2.05 0.00
1121 899.363 80.8 2.45 0.00
1122 900.599 225.0 1.65 0.00
1123 900.981 198.3 1.85 -0.00
1124 901.852 81.6 2.09 0.00
1125 902.255 159.0 2.07 0.00
1126 902.859 73.1 1.87 -0.00
1127 903.016 102.7 2.01 -0.00
1128 903.200 95.9 2.10 -0.00
1129 904.094 67.4 2.22 -0.00
1130 904.569 41.0 1.77 -0.00
1131 905.323 64.3 1.30 0.00
1132 905.415 67.7 2.19 0.00
1133 905.873 18.5 1.75 0.00
1134 906.381 32.1 2.11 -0.00
1135 906.422 27.9 2.11 -0.00
1136 907.122 56.0 1.83 -0.00
1137 909.945 103.8 1.80 -0.00
1138 910.307 114.1 1.24 0.01
1139 911.006 36.1 2.05 -0.01
1140 911.057 32.1 1.83 -0.01
1141 911.170 69.7 2.00 -0.01
1142 911.580 17.6 2.24 -0.01
1143 912.314 101.3 1.88 -0.01
1144 912.894 73.1 2.01 -0.00
1145 913.013 105.5 2.33 -0.00
1146 913.658 313.5 1.82 -0.00
1147 915.000 240.6 1.98 -0.00
1148 916.792 84.5 2.64 -0.00
1149 916.816 87.0 2.73 -0.00
1150 917.382 92.2 2.27 0.00
1151 918.434 193.1 1.28 0.00
1152 918.587 133.4 2.14 0.00
1153 919.103 37.8 2.37 0.00
1154 919.284 174.9 1.12 0.01
1155 920.867 290.7 2.29 0.01
1156 922.390 48.9 2.21 0.01
1157 922.608 71.4 2.51 0.00
1158 922.799 62.6 2.49 0.00
1159 923.748 71.1 2.45 0.00
1160 923.779 60.9 2.50 0.00
1161 924.045 21.6 2.30 0.00
1162 924.318 55.5 2.28 0.00
1163 924.438 68.3 2.34 0.00
1164 924.844 50.6 2.53 0.01
1165 925.588 26.5 2.18 0.00
1166 926.527 94.7 1.82 -0.00
1167 927.151 77.9 1.86 0.00
1168 927.240 64.3 1.88 0.00
1169 927.657 44.9 2.08 -0.00
1170 928.401 14.5 2.27 0.00
1171 928.520 55.5 2.31 -0.00
1172 928.943 32.7 2.64 -0.00
1173 929.203 75.9 2.81 0.00
1174 930.633 49.2 2.06 -0.00
1175 931.159 22.5 2.37 -0.00
1176 932.329 37.8 1.97 -0.00
1177 933.736 73.4 2.51 -0.00
1178 935.770 49.8 2.34 -0.00
1179 936.070 24.2 2.16 -0.00
1180 936.190 77.1 2.47 0.00
1181 936.361 46.6 2.54 0.00
1182 936.518 66.3 1.92 -0.00
1183 937.268 79.4 2.54 0.00
1184 937.787 51.2 2.44 0.01
1185 939.009 33.0 2.61 0.00
1186 939.514 52.9 2.74 0.00
1187 940.112 40.4 2.25 0.01
1188 940.893 90.5 2.02 0.00
1189 942.334 14.5 2.68 0.01
1190 944.023 217.9 2.27 0.00
1191 944.522 237.2 2.15 0.00
1192 946.317 81.6 2.50 0.01
1193 946.563 85.6 2.14 0.00
1194 947.345 125.2 1.64 0.00
1195 951.191 27.0 2.28 -0.00
1196 951.577 55.5 2.11 -0.00
1197 954.670 79.4 2.11 -0.00
1198 955.724 50.6 2.17 -0.01
1199 957.469 36.1 2.18 -0.00
1200 958.667 57.7 2.33 -0.00
1201 958.875 21.6 2.22 -0.01
1202 959.203 41.8 1.96 -0.01
1203 959.315 68.3 2.24 -0.01
1204 959.913 74.0 1.74 -0.00
1205 960.643 45.8 2.42 -0.00
1206 961.401 50.3 1.96 -0.01
1207 961.438 51.2 2.03 -0.01
1208 962.619 34.4 2.17 -0.01
1209 963.145 24.5 2.01 0.00
1210 963.435 72.5 2.82 -0.00
1211 963.613 73.1 2.08 -0.00
1212 966.244 157.6 2.13 -0.00
1213 966.944 32.7 2.93 -0.00
1214 967.459 75.4 2.41 0.01
1215 967.944 65.4 2.36 0.00
1216 968.142 50.6 2.76 -0.00
1217 969.180 39.0 2.40 0.00
1218 969.436 30.4 2.57 0.01
1219 970.074 32.1 2.15 0.01
1220 970.211 20.2 2.89 0.01
1221 970.798 68.3 1.35 0.01
1222 970.965 22.5 2.85 0.01
1223 971.456 40.1 2.83 0.00
1224 971.822 64.3 2.86 0.01
1225 972.115 40.1 2.36 0.00
1226 972.296 40.7 2.66 0.01
1227 972.938 44.1 2.78 0.01
1228 973.139 37.0 2.68 0.01
1229 973.385 57.2 2.87 0.01
1230 974.730 70.0 2.27 -0.00
1231 977.372 218.7 2.44 0.00
1232 984.550 27.3 2.38 -0.00
1233 985.523 168.1 2.14 -0.00
1234 985.932 30.4 2.17 -0.00
1235 985.984 41.5 2.20 -0.00
1236 986.103 58.3 2.18 -0.00
1237 987.619 35.3 1.84 0.00
1238 987.847 83.9 1.64 0.00
1239 988.854 123.7 1.31 -0.00
1240 989.363 99.6 2.01 -0.00
1241 989.486 63.4 2.00 -0.00
1242 989.824 33.0 2.25 -0.00
1243 991.974 74.8 1.12 -0.00
1244 993.530 85.0 1.60 0.00
1245 994.374 146.2 1.26 0.00
1246 994.541 54.6 2.01 0.00
1247 994.698 49.8 2.64 0.00
1248 995.353 110.1 1.59 0.00
1249 995.671 41.0 1.57 -0.00
1250 995.995 45.8 1.63 -0.00
1251 996.131 54.6 2.05 -0.00
1252 996.691 91.6 1.53 0.00
1253 998.323 31.9 2.52 -0.00
1254 998.903 27.3 2.40 -0.00
1255 999.087 37.8 2.61 -0.01
1256 999.272 53.8 1.84 0.00
1257 1000.190 132.6 1.17 -0.00
1258 1000.668 118.0 1.64 -0.00
1259 1001.456 36.1 1.60 -0.00
1260 1001.702 24.2 2.00 -0.00
1261 1002.166 72.2 2.21 -0.00
1262 1002.282 63.7 2.02 -0.00
1263 1002.538 81.4 2.54 -0.01
1264 1003.412 25.6 2.63 -0.00
1265 1003.863 41.0 2.08 -0.00
1266 1004.870 54.6 2.64 0.00
1267 1005.068 23.3 2.69 0.00
1268 1005.535 42.7 2.32 0.00
1269 1006.245 27.9 2.06 0.00
1270 1006.436 105.2 2.02 -0.00
1271 1007.894 59.4 2.22 0.00
1272 1008.631 47.5 2.30 -0.00
1273 1008.860 98.7 2.34 0.00
1274 1008.962 68.0 2.24 0.00
1275 1009.054 25.0 2.25 -0.00
1276 1009.105 21.9 2.25 0.00
1277 1009.215 22.5 2.23 -0.00
1278 1009.740 27.3 2.42 0.00
1279 1010.126 28.2 2.26 0.00
1280 1010.160 21.3 2.27 0.00
1281 1010.771 17.6 1.96 0.01
1282 1011.215 64.3 2.06 -0.00
1283 1011.420 27.9 2.06 0.00
1284 1011.553 54.6 2.13 0.00
1285 1011.884 67.4 2.25 0.00
1286 1012.099 57.7 2.06 0.00
1287 1013.379 93.0 2.18 0.00
1288 1013.891 73.1 2.10 0.00
1289 1014.253 64.3 2.37 0.00
1290 1014.365 62.6 2.55 0.00
1291 1014.939 40.1 2.43 0.00
1292 1014.987 15.9 2.07 -0.00
1293 1015.034 64.3 2.17 0.80
1294 1015.557 48.9 2.35 0.01
1295 1015.635 62.6 1.97 0.00
1296 1015.959 54.6 1.51 0.00
1297 1017.816 81.1 1.50 0.00
1298 1018.069 28.2 2.56 -0.00
1299 1019.472 104.7 2.11 0.00
1300 1020.950 150.8 1.91 0.00
1301 1021.424 106.4 2.00 0.00
1302 1023.196 59.4 2.46 -0.00
1303 1024.029 198.8 2.86 0.00
1304 1025.138 186.0 2.47 0.00
1305 1026.544 108.4 2.37 0.00
1306 1029.456 108.9 2.35 -0.00
1307 1033.521 57.2 2.23 -0.00
1308 1034.170 270.8 2.00 -0.00
1309 1035.508 50.9 1.86 -0.00
1310 1037.187 109.5 1.91 -0.01
1311 1037.573 236.4 1.61 -0.00
1312 1038.231 58.6 1.76 -0.00
1313 1038.638 64.3 2.42 -0.00
1314 1038.873 61.7 2.54 -0.00
1315 1040.122 13.7 1.84 0.00
1316 1040.225 59.7 1.11 0.00
1317 1040.518 64.3 1.68 -0.00
1318 1040.962 39.3 2.26 0.00
1319 1041.426 73.7 2.13 -0.01
1320 1042.157 90.7 2.32 -0.01
1321 1042.536 50.6 1.56 -0.00
1322 1043.597 50.1 1.91 -0.00
1323 1043.747 123.7 1.92 0.01
1324 1043.881 123.7 2.01 0.01
1325 1044.075 54.6 2.06 -0.01
1326 1044.218 94.7 2.40 -0.01
1327 1044.338 106.1 2.21 -0.00
1328 1044.410 95.6 1.98 -0.01
1329 1044.543 71.1 2.12 -0.01
1330 1045.372 72.2 2.20 -0.01
1331 1045.894 115.8 1.43 -0.00
1332 1046.775 412.7 2.27 0.00
1333 1047.130 349.0 1.84 -0.00
1334 1047.860 103.5 2.35 -0.00
1335 1048.229 247.8 2.37 -0.00
1336 1048.362 154.7 2.48 -0.00
1337 1049.765 109.2 1.85 0.00
1338 1050.042 121.2 1.93 0.00
1339 1050.185 133.1 1.53 0.00
1340 1050.506 94.7 2.30 0.00
1341 1051.076 107.2 2.04 0.00
1342 1051.752 199.7 1.95 0.00
1343 1052.209 54.9 1.68 0.00
1344 1052.373 164.7 2.33 0.00
1345 1052.813 53.8 1.56 0.00
1346 1052.902 208.5 2.14 0.00
1347 1053.779 48.9 2.38 0.00
1348 1054.022 72.0 2.25 0.00
1349 1054.950 74.2 2.37 0.00
1350 1055.114 101.8 2.20 -0.00
1351 1055.800 35.0 2.44 0.01
1352 1056.933 48.9 2.22 0.01
1353 1057.008 68.3 1.78 0.01
1354 1057.493 109.2 2.07 0.00
1355 1058.298 23.3 2.63 0.00
1356 1058.592 31.3 1.62 0.00
1357 1059.066 56.9 2.29 0.00
1358 1059.428 22.5 2.17 -0.00
1359 1059.534 53.8 1.48 -0.00
1360 1060.009 122.0 1.80 0.01
1361 1061.101 64.3 2.60 0.00
1362 1062.108 45.5 0.77 0.01
1363 1062.162 52.1 0.71 0.01
1364 1064.552 33.6 2.75 0.00
1365 1065.098 286.7 1.00 0.00
1366 1066.122 95.3 2.67 0.00
1367 1066.569 26.2 2.58 0.01
1368 1067.661 145.6 2.30 0.00
1369 1068.306 80.2 2.49 0.00
1370 1069.928 73.1 1.65 0.00
1371 1077.471 1932.8 2.47 -0.00
1372 1077.898 237.8 1.72 -0.00
1373 1080.103 595.1 2.43 -0.00
1374 1081.915 1033.1 2.46 0.00
1375 1084.178 148.8 2.86 -0.00
1376 1084.462 130.6 2.61 -0.00
1377 1085.680 83.9 1.71 -0.00
1378 1087.322 37.8 1.87 -0.01
1379 1088.315 23.3 2.30 -0.01
1380 1088.571 57.7 1.92 -0.00
1381 1089.025 42.7 2.28 -0.00
1382 1089.493 60.6 2.26 -0.01
1383 1090.469 73.1 2.36 -0.01
1384 1090.821 44.9 2.21 -0.01
1385 1090.957 76.2 2.46 -0.02
1386 1091.183 45.2 1.99 -0.01
1387 1091.729 76.2 2.00 -0.01
1388 1091.937 49.8 2.08 -0.01
1389 1092.063 44.4 2.17 -0.01
1390 1092.118 46.4 1.78 -0.01
1391 1092.210 63.4 1.91 -0.01
1392 1092.899 71.7 2.31 -0.01
1393 1092.985 44.9 2.11 -0.01
1394 1093.193 29.3 2.08 -0.01
1395 1096.169 106.4 2.46 -0.01
1396 1096.535 42.4 2.52 -0.00
1397 1096.763 49.5 2.41 -0.00
1398 1100.730 275.6 2.64 0.00
1399 1101.583 45.2 2.56 0.01
1400 1101.679 39.5 2.32 0.00
1401 1102.245 74.5 2.69 0.01
1402 1103.348 210.8 2.29 0.01
1403 1104.402 95.6 2.15 0.00
1404 1105.983 91.6 2.09 0.00
1405 1106.058 62.6 2.11 0.00
1406 1106.164 56.3 2.24 0.01
1407 1106.703 23.3 1.89 0.00
1408 1107.184 60.3 2.20 0.01
1409 1107.317 73.1 2.05 0.01
1410 1107.399 68.3 2.06 0.01
1411 1107.512 93.9 1.78 0.00
1412 1107.945 68.3 1.90 0.00
1413 1108.034 46.4 2.31 0.00
1414 1108.652 100.4 2.11 0.01
1415 1110.458 122.9 0.83 0.01
1416 1110.574 95.6 2.04 0.00
1417 1111.860 64.3 2.09 0.00
1418 1112.192 60.9 1.91 0.00
1419 1112.471 98.7 1.94 -0.00
1420 1113.895 98.4 2.39 0.00
1421 1114.141 71.4 2.11 0.00
1422 1115.318 90.5 2.10 0.00
1423 1117.148 47.8 2.22 0.00
1424 1120.670 72.2 2.15 -0.00
1425 1123.425 534.5 1.49 0.00
1426 1124.224 795.6 1.84 0.00
1427 1126.589 345.3 1.60 -0.00
1428 1128.927 229.3 1.61 -0.00
1429 1129.258 83.1 1.83 -0.00
1430 1129.937 46.6 2.22 -0.00
1431 1131.252 39.3 2.06 0.00
1432 1132.904 91.6 1.94 -0.00
1433 1133.016 104.4 1.89 -0.00
1434 1133.334 60.3 1.89 -0.00
1435 1133.429 82.5 1.94 -0.00
1436 1133.829 99.6 1.69 -0.00
1437 1134.150 15.4 1.51 -0.00
1438 1134.242 34.1 1.96 -0.00
1439 1134.470 21.6 0.82 0.00
1440 1134.559 42.7 0.89 -0.00
1441 1134.600 26.5 1.03 -0.00
1442 1134.655 51.5 0.87 -0.01
1443 1134.815 233.0 1.85 0.00
1444 1134.948 19.3 1.77 -0.00
1445 1134.986 33.8 1.60 -0.00
1446 1135.255 54.6 1.86 -0.00
1447 1135.317 38.4 1.82 -0.00
1448 1135.761 70.0 1.95 -0.01
1449 1136.198 124.6 1.87 -0.00
1450 1136.392 46.6 1.85 -0.00
1451 1137.331 22.5 2.14 -0.00
1452 1137.727 85.0 2.05 -0.00
1453 1139.048 43.8 2.03 -0.00
1454 1139.556 59.4 1.88 -0.00
1455 1139.867 26.5 2.19 -0.00
1456 1140.092 67.4 1.78 -0.01
1457 1141.533 60.3 2.24 -0.00
1458 1141.826 22.5 2.16 0.00
1459 1142.755 56.3 2.34 -0.00
1460 1143.058 131.7 0.85 -0.00
1461 1143.703 44.9 2.14 -0.00
1462 1143.751 41.0 2.07 0.00
1463 1144.656 25.6 2.66 -0.00
1464 1144.816 44.9 2.38 0.00
1465 1144.973 13.7 2.19 -0.00
1466 1145.482 23.3 2.59 -0.00
1467 1145.516 26.5 2.28 0.00
1468 1146.025 41.8 2.62 -0.01
1469 1146.226 90.7 1.86 0.00
1470 1146.359 44.4 2.48 -0.00
1471 1146.874 103.0 1.96 -0.00
1472 1148.004 53.8 2.94 -0.00
1473 1148.622 51.5 2.43 0.00
1474 1148.711 37.8 2.90 0.00
1475 1148.827 51.5 2.79 0.00
1476 1149.032 39.3 2.50 0.00
1477 1149.387 76.2 1.61 0.00
1478 1149.585 52.9 2.76 0.00
1479 1149.742 35.8 2.42 0.00
1480 1149.994 36.1 2.37 -0.00
1481 1150.394 62.6 1.92 0.00
1482 1151.892 31.3 1.57 0.00
1483 1152.612 64.3 1.60 0.00
1484 1152.851 46.6 2.68 0.00
1485 1153.015 77.9 2.11 0.00
1486 1153.370 203.1 0.68 0.00
1487 1153.530 41.0 2.45 0.00
1488 1153.674 21.6 1.35 -0.00
1489 1154.793 67.4 2.63 0.00
1490 1154.892 56.3 2.59 -0.00
1491 1155.312 26.5 2.76 0.00
1492 1155.439 40.1 2.76 0.00
1493 1155.524 33.0 2.69 -0.00
1494 1156.473 73.1 2.55 0.00
1495 1156.814 24.2 2.48 -0.00
1496 1156.944 49.8 1.99 -0.00
1497 1157.497 57.7 1.97 -0.00
1498 1158.149 47.5 2.63 0.00
1499 1158.958 67.4 2.25 0.00
1500 1159.149 41.8 2.42 0.00
1501 1159.395 50.6 1.42 -0.00
1502 1159.869 86.8 2.50 -0.00
1503 1160.835 23.0 2.43 -0.00
1504 1160.978 17.6 2.68 -0.00
1505 1161.378 78.5 2.74 -0.00
1506 1161.978 127.7 2.57 -0.01
1507 1162.354 37.0 2.13 -0.00
1508 1162.487 52.9 2.08 -0.01
1509 1162.801 46.6 1.68 0.00
1510 1164.241 69.1 2.53 0.00
1511 1165.207 46.6 2.19 -0.00
1512 1165.272 49.2 2.32 -0.00
1513 1165.399 93.9 1.34 0.00
1514 1165.638 46.6 1.82 -0.00
1515 1165.784 30.4 2.65 -0.00
1516 1166.334 29.0 2.37 -0.00
1517 1166.573 15.4 2.62 0.00
1518 1166.641 17.9 2.79 0.00
1519 1166.795 15.4 2.44 -0.00
1520 1167.979 21.6 2.46 0.01
1521 1168.150 48.1 2.45 0.00
1522 1169.003 74.5 1.77 0.01
1523 1169.088 54.3 1.92 0.00
1524 1169.512 81.9 2.75 0.00
1525 1169.921 49.8 2.42 0.00
1526 1170.430 41.0 2.69 0.00
1527 1170.638 65.1 2.45 0.00
1528 1170.781 64.3 2.38 0.00
1529 1170.996 49.8 2.32 0.00
1530 1171.061 40.1 2.39 0.00
1531 1171.222 86.8 2.31 -0.00
1532 1171.396 86.8 2.10 0.00
1533 1171.539 35.3 2.19 0.00
1534 1172.007 41.8 3.02 0.00
1535 1172.201 18.5 2.86 -0.00
1536 1172.969 32.1 1.83 -0.00
1537 1173.352 45.2 2.44 0.00
1538 1173.843 48.9 2.73 0.00
1539 1174.802 102.7 2.26 0.00
1540 1175.389 51.5 2.25 0.00
1541 1176.014 68.3 2.53 -0.00
1542 1176.089 44.4 2.26 -0.00
1543 1176.731 79.1 2.11 -0.00
1544 1176.813 71.4 1.92 -0.00
1545 1177.212 36.1 2.24 0.00
1546 1178.100 59.4 2.45 -0.00
1547 1178.185 21.6 2.37 -0.00
1548 1178.304 85.0 2.28 -0.00
1549 1179.066 121.2 1.66 -0.00
1550 1179.325 54.9 2.46 -0.01
1551 1179.366 62.0 2.48 -0.01
1552 1180.001 104.4 1.11 -0.01
1553 1181.056 27.9 2.37 0.00
1554 1181.168 69.4 2.12 -0.00
1555 1181.250 78.2 2.12 -0.01
1556 1182.107 64.6 1.96 -0.01
1557 1183.138 53.8 2.43 -0.00
1558 1183.476 32.1 2.49 -0.00
1559 1183.855 56.9 1.88 -0.00
1560 1184.322 68.3 1.29 -0.01
1561 1184.455 37.0 2.26 -0.01
1562 1184.602 89.9 2.02 -0.00
1563 1184.960 40.1 2.33 -0.01
1564 1185.233 48.9 2.26 -0.00
1565 1185.810 77.9 2.10 -0.00
1566 1186.005 77.1 1.95 0.00
1567 1188.739 50.6 2.13 -0.00
1568 1188.913 27.3 2.39 0.00
1569 1189.169 26.5 2.48 -0.00
1570 1189.312 36.1 2.39 0.00
1571 1190.340 85.9 2.06 0.00
1572 1190.473 121.7 1.86 0.00
1573 1191.364 24.2 1.99 0.00
1574 1191.524 69.1 1.92 0.00
1575 1192.197 72.2 2.49 0.00
1576 1192.398 68.3 1.76 0.01
1577 1193.275 22.5 2.25 0.00
1578 1194.176 10.5 2.21 0.00
1579 1194.351 37.0 2.72 0.01
1580 1195.689 228.1 1.73 0.00
1581 1196.900 69.1 2.14 0.00
1582 1197.743 27.3 1.69 -0.00
1583 1198.590 74.0 2.33 -0.00
1584 1198.737 36.1 2.37 -0.00
1585 1200.201 31.3 2.63 0.00
1586 1200.904 68.3 2.05 0.00
1587 1202.136 46.6 2.54 -0.00
1588 1202.959 63.1 1.95 0.00
1589 1203.157 80.8 2.41 0.00
1590 1203.754 138.2 2.30 -0.00
1591 1204.956 163.6 1.55 0.00
1592 1205.103 44.1 2.16 0.00
1593 1207.301 48.9 2.02 0.00
1594 1208.052 38.1 2.43 0.00
1595 1208.253 78.5 2.11 -0.00
1596 1209.622 23.6 2.52 0.00
1597 1211.192 58.6 2.58 0.00
1598 1211.441 122.0 2.17 0.00
1599 1211.799 32.4 2.74 0.00
1600 1212.274 54.6 2.15 0.00
1601 1213.933 56.3 2.00 -0.00
1602 1214.680 60.6 1.95 0.00
1603 1214.984 42.4 2.55 -0.00
1604 1215.445 86.8 1.84 -0.00
1605 1215.523 62.0 2.22 -0.00
1606 1215.612 64.3 2.10 -0.00
1607 1215.841 18.5 2.42 -0.00
1608 1216.100 25.6 2.24 -0.01
1609 1216.367 44.1 2.11 -0.01
1610 1217.240 50.6 1.49 -0.01
1611 1217.923 61.4 1.88 -0.01
1612 1218.032 29.6 2.33 -0.00
1613 1218.261 74.0 2.11 -0.01
1614 1218.455 31.3 2.42 -0.01
1615 1218.828 41.0 2.08 -0.01
1616 1219.193 35.3 1.94 -0.01
1617 1219.302 71.4 1.66 -0.00
1618 1219.537 68.6 2.61 -0.01
1619 1220.285 76.8 2.36 -0.01
1620 1220.828 26.5 2.20 -0.00
1621 1222.295 66.6 1.64 -0.01
1622 1222.770 96.4 2.07 -0.00
1623 1223.070 141.9 1.61 -0.00
1624 1223.528 178.6 2.07 0.00
1625 1223.900 53.8 2.31 -0.00
1626 1224.316 22.5 2.69 -0.00
1627 1224.541 52.3 2.46 0.00
1628 1224.729 109.2 2.70 0.00
1629 1225.228 44.1 2.13 0.01
1630 1225.378 27.3 2.50 0.00
1631 1225.456 58.0 1.94 0.00
1632 1226.142 94.7 2.28 0.01
1633 1226.245 64.0 1.57 0.01
1634 1227.347 44.7 2.17 0.00
1635 1228.870 55.5 1.77 0.01
1636 1229.037 48.9 1.89 0.00
1637 1229.634 107.5 2.49 0.00
1638 1229.876 44.9 2.28 0.01
1639 1229.917 30.4 2.26 0.00
1640 1229.969 57.7 2.34 0.00
1641 1230.583 58.0 2.55 0.00
1642 1231.914 69.7 2.01 0.01
1643 1232.436 81.4 0.83 0.00
1644 1232.733 45.8 2.18 0.00
1645 1233.559 46.6 2.45 0.00
1646 1236.908 105.2 2.05 -0.01
1647 1237.662 92.2 1.71 -0.00
1648 1238.898 240.9 2.34 -0.00
1649 1239.191 23.3 2.35 0.00
1650 1240.106 54.6 2.14 0.00
1651 1241.519 109.8 2.06 0.00
1652 1249.431 171.8 2.25 0.00
1653 1250.715 367.2 1.94 0.00
1654 1252.534 121.5 2.70 -0.00
1655 1253.435 48.4 2.08 -0.01
1656 1254.391 65.4 2.14 -0.01
1657 1256.244 122.9 2.01 -0.01
1658 1256.995 37.0 2.71 -0.01
1659 1257.289 26.5 2.54 -0.01
1660 1257.477 15.4 2.27 -0.01
1661 1258.067 39.3 1.69 -0.01
1662 1259.238 51.5 2.64 -0.01
1663 1259.470 59.4 1.68 -0.01
1664 1260.542 59.4 2.67 -0.01
1665 1260.870 44.9 1.98 -0.00
1666 1261.064 73.1 2.17 -0.00
1667 1261.436 126.9 1.68 0.00
1668 1261.528 82.5 2.20 0.00
1669 1261.863 24.2 1.80 -0.00
1670 1262.085 63.7 1.84 -0.00
1671 1262.358 83.6 1.93 -0.01
1672 1262.457 58.0 0.66 -0.01
1673 1262.767 155.3 1.18 -0.00
1674 1263.382 17.6 2.77 -0.00
1675 1263.610 88.5 2.67 0.00
1676 1263.907 82.8 2.91 -0.00
1677 1264.116 99.6 3.03 -0.00
1678 1264.262 36.1 2.82 -0.00
1679 1264.392 31.9 2.54 -0.00
1680 1264.604 16.8 2.76 0.00
1681 1264.672 22.8 2.60 0.00
1682 1264.768 64.0 2.25 -0.00
1683 1264.928 27.3 2.76 -0.00
1684 1264.986 29.0 2.75 -0.00
1685 1265.358 22.5 2.67 0.00
1686 1265.478 50.6 2.54 -0.00
1687 1265.583 37.0 2.72 0.00
1688 1265.689 81.9 2.67 0.01
1689 1265.966 42.4 2.60 0.00
1690 1266.368 40.1 2.47 0.01
1691 1266.577 40.1 2.40 0.01
1692 1266.628 31.3 2.42 0.00
1693 1267.041 72.2 2.29 0.01
1694 1267.171 90.2 2.34 0.01
1695 1267.884 69.1 2.30 0.01
1696 1268.085 70.5 2.11 0.00
1697 1268.215 61.7 1.88 0.01
1698 1268.532 72.2 2.39 0.00
1699 1268.696 52.9 1.92 0.00
1700 1268.867 22.5 2.47 0.00
1701 1269.304 48.9 1.94 0.00
1702 1269.662 60.9 2.09 0.00
1703 1269.836 85.9 2.25 0.00
1704 1270.454 128.6 0.71 0.00
1705 1270.724 149.3 2.09 0.00
1706 1270.860 105.0 1.24 0.00
1707 1272.649 56.0 1.98 0.00
1708 1272.960 34.1 2.44 0.00
1709 1274.680 89.3 2.19 -0.00
1710 1274.919 47.2 2.45 0.00
1711 1274.956 53.2 2.17 0.00
1712 1275.202 52.9 2.60 -0.00
1713 1276.240 88.5 2.25 0.00
1714 1276.410 57.7 2.13 0.00
1715 1276.643 66.0 2.06 -0.00
1716 1279.687 28.2 2.66 0.01
1717 1279.899 117.2 1.90 0.00
1718 1280.192 25.6 1.93 0.01
1719 1281.322 22.5 2.51 0.00
1720 1281.360 28.4 2.49 0.00
1721 1282.063 53.8 1.89 0.00
1722 1282.111 32.1 2.53 0.00
1723 1284.155 87.6 2.33 0.00
1724 1287.917 204.8 0.91 0.00
1725 1288.999 144.8 2.38 -0.00
1726 1289.593 215.9 2.19 0.00
1727 1289.808 27.3 2.56 -0.00
1728 1294.218 46.6 1.83 -0.00
1729 1294.716 53.8 2.05 0.00
1730 1297.341 53.8 2.54 0.00
1731 1297.887 56.3 1.80 0.00
1732 1299.085 72.2 1.83 -0.00
1733 1299.167 75.7 1.94 -0.00
1734 1301.321 67.4 2.87 0.00
1735 1301.768 21.6 2.59 0.00
1736 1302.113 84.5 2.87 0.00
1737 1302.830 59.4 2.83 0.00
1738 1305.670 332.5 2.05 -0.00
1739 1305.902 252.0 2.32 -0.00
1740 1308.117 149.9 0.74 -0.00
1741 1309.134 41.0 2.42 -0.00
1742 1309.209 62.3 1.31 -0.00
1743 1309.564 15.4 2.00 -0.00
1744 1309.772 66.6 2.17 -0.00
1745 1310.445 48.1 2.18 -0.01
1746 1310.871 50.1 1.88 -0.01
1747 1311.800 27.9 2.52 0.00
1748 1311.851 45.8 2.65 0.00
1749 1311.953 49.2 2.11 -0.01
1750 1312.148 60.3 2.52 -0.01
1751 1312.237 17.6 2.41 -0.01
1752 1312.534 71.4 1.72 -0.01
1753 1312.663 45.8 2.64 -0.01
1754 1314.257 274.8 1.09 -0.00
1755 1315.776 46.4 2.93 -0.00
1756 1318.289 278.8 2.04 0.00
1757 1318.732 75.7 2.66 0.00
1758 1319.347 276.5 2.67 0.00
1759 1320.275 119.8 2.22 0.00
1760 1320.422 56.9 2.58 0.00
1761 1321.535 217.3 2.54 0.01
1762 1322.129 58.6 2.34 0.00
1763 1322.200 53.5 2.82 0.00
1764 1322.760 46.6 2.76 0.01
1765 1322.951 81.1 2.70 0.01
1766 1323.105 15.1 2.64 0.01
1767 1323.371 31.3 2.33 0.01
1768 1325.033 103.0 0.68 0.01
1769 1330.416 31.0 2.44 0.01
1770 1338.137 63.4 2.54 -0.01
1771 1339.035 395.7 2.43 -0.01
1772 1339.895 104.4 2.33 -0.00
1773 1340.762 59.4 2.52 -0.00
1774 1341.742 28.2 2.76 -0.00
1775 1342.527 41.8 2.09 -0.00
1776 1342.991 49.8 2.64 -0.00
1777 1344.493 57.7 2.49 -0.01
1778 1344.575 46.6 2.18 -0.00
1779 1344.653 37.0 2.23 -0.00
1780 1345.329 62.6 2.79 -0.00
1781 1346.049 73.1 2.38 -0.00
1782 1346.524 45.8 1.99 0.00
1783 1346.674 94.7 1.53 -0.00
1784 1346.769 18.5 2.42 -0.00
1785 1347.046 100.4 2.03 0.00
1786 1347.602 78.8 1.54 0.01
1787 1347.718 84.5 2.27 -0.00
1788 1347.954 44.9 2.07 0.00
1789 1348.309 47.2 2.43 0.00
1790 1349.002 60.3 2.40 0.00
1791 1349.551 88.7 2.23 -0.00
1792 1350.043 41.8 2.53 0.00
1793 1350.357 58.6 1.62 0.00
1794 1350.415 48.4 2.73 0.00
1795 1350.900 68.3 2.38 0.00
1796 1351.186 32.1 2.20 0.00
1797 1351.367 40.1 2.23 -0.00
1798 1351.965 22.5 2.23 0.00
1799 1352.026 37.8 2.36 0.00
1800 1352.350 64.3 2.28 0.00
1801 1353.224 79.9 2.00 0.00
1802 1353.692 57.7 2.17 0.00
1803 1353.808 37.0 2.19 0.01
1804 1354.337 41.0 2.14 -0.00
1805 1354.610 31.3 2.87 0.00
1806 1354.733 53.8 0.89 -0.00
1807 1355.016 50.3 2.78 0.00
1808 1355.467 45.8 2.91 0.00
1809 1355.757 42.7 2.99 0.00
1810 1355.941 41.0 2.41 -0.00
1811 1356.033 37.5 2.54 -0.00
1812 1356.293 20.8 2.73 0.00
1813 1356.364 31.0 2.75 0.00
1814 1356.596 82.8 2.80 -0.00
1815 1357.426 23.9 2.94 0.00
1816 1357.498 38.7 2.97 -0.00
1817 1357.972 20.8 2.81 -0.00
1818 1358.484 20.2 2.61 0.00
1819 1358.586 54.6 2.48 -0.00
1820 1358.750 60.3 2.49 -0.00
1821 1359.160 56.3 2.34 -0.00
1822 1359.785 19.3 2.35 -0.00
1823 1359.969 91.9 0.77 -0.01
1824 1360.198 31.3 2.84 -0.01
1825 1361.628 32.1 2.00 -0.01
1826 1362.167 35.3 2.84 -0.00
1827 1363.184 112.4 2.53 -0.00
1828 1363.338 32.1 3.03 -0.00
1829 1364.126 48.9 2.81 -0.01
1830 1364.249 72.2 2.20 -0.00
1831 1364.297 84.2 2.18 -0.00
1832 1364.676 156.4 2.91 -0.00
1833 1365.283 88.7 0.83 -0.00
1834 1366.854 28.2 2.89 -0.00
1835 1367.284 62.6 2.85 0.00
1836 1368.082 64.6 2.40 0.00
1837 1368.400 114.9 1.33 0.01
1838 1369.028 119.8 2.23 0.00
1839 1370.270 45.8 2.72 0.01
1840 1370.362 53.5 3.01 0.01
1841 1371.192 64.3 2.20 0.00
1842 1371.728 71.4 1.85 0.01
1843 1372.090 37.8 2.69 0.01
1844 1372.482 64.3 2.54 0.01
1845 1372.595 52.3 2.47 0.01
1846 1372.677 38.4 2.57 0.01
1847 1373.175 54.6 2.39 0.00
1848 1373.516 23.3 2.77 0.01
1849 1373.646 88.5 2.13 0.01
1850 1374.592 192.0 1.80 0.01
1851 1374.735 118.6 2.66 0.01
1852 1377.257 30.7 2.25 0.01
1853 1385.490 23.3 2.60 -0.00
1854 1387.009 46.6 2.22 -0.00
1855 1388.508 48.9 2.13 -0.00
1856 1388.552 26.5 2.42 -0.00
1857 1389.545 17.6 2.08 0.00
1858 1389.880 30.4 2.30 -0.00
1859 1389.921 28.7 2.26 -0.00
1860 1390.095 94.7 2.31 0.01
1861 1390.412 67.1 2.04 0.00
1862 1390.569 23.9 2.09 0.00
1863 1390.662 64.3 1.96 0.00
1864 1390.743 40.7 2.10 0.01
1865 1391.167 81.4 2.17 0.01
1866 1392.385 33.0 2.66 0.00
1867 1392.488 69.1 2.30 0.00
1868 1393.887 33.0 2.58 0.01
1869 1394.471 49.8 2.51 0.01
1870 1395.095 22.5 2.36 0.00
1871 1395.300 85.3 2.33 0.00
1872 1395.379 22.5 2.50 0.00
1873 1395.689 69.4 2.79 0.00
1874 1395.823 51.5 2.36 0.00
1875 1396.433 77.4 2.22 0.00
1876 1396.942 113.5 2.24 0.00
1877 1398.106 48.9 2.11 0.00
1878 1398.403 37.8 2.16 0.00
1879 1399.741 68.3 1.88 -0.01
1880 1402.127 55.5 2.18 -0.01
1881 1402.192 39.3 2.39 -0.01
1882 1402.376 64.3 1.77 -0.01
1883 1402.451 60.0 2.26 -0.01
1884 1404.714 19.3 2.36 -0.01
1885 1405.349 75.1 2.41 -0.01
1886 1405.680 86.8 1.78 -0.01
1887 1405.847 41.8 2.80 -0.01
1888 1405.984 74.8 2.70 -0.01
1889 1410.012 59.4 2.39 -0.00
1890 1411.415 64.3 2.30 0.01
1891 1411.964 117.5 1.85 0.00
1892 1412.370 112.6 2.46 0.00
1893 1413.295 42.1 2.32 -0.00
1894 1413.565 32.1 2.14 0.00
1895 1414.094 70.5 2.21 0.00
1896 1414.483 78.8 2.06 0.00
1897 1414.777 82.5 2.03 0.00
1898 1414.869 71.1 2.33 0.00
1899 1415.087 41.8 2.18 0.01
1900 1415.456 116.9 2.01 0.00
1901 1416.217 64.3 0.90 0.01
1902 1416.797 23.3 2.21 0.00
1903 1417.309 31.9 2.31 0.00
1904 1418.757 92.4 1.84 -0.00
1905 1419.736 76.8 1.24 -0.00
1906 1419.873 57.7 2.08 0.01
1907 1421.668 82.8 2.07 -0.00
1908 1421.917 75.7 2.63 0.00
1909 1422.006 55.5 1.81 -0.00
1910 1423.273 105.2 2.25 0.00
1911 1423.337 61.7 2.51 0.00
1912 1423.467 69.1 1.41 -0.00
1913 1423.921 72.2 2.25 0.01
1914 1424.959 56.3 1.42 -0.00
1915 1425.334 18.5 2.58 0.00
1916 1426.628 36.1 2.00 0.00
1917 1427.508 58.6 2.93 0.01
1918 1428.679 26.5 2.31 -0.00
1919 1429.768 152.2 1.31 0.00
1920 1430.639 51.5 1.80 0.01
1921 1431.663 82.8 2.47 0.00
1922 1432.509 101.3 2.00 0.01
1923 1432.605 77.1 2.35 -0.00
1924 1439.482 226.1 2.39 -0.00
1925 1441.298 62.6 3.13 -0.00
1926 1443.473 128.6 2.38 -0.00
1927 1443.869 190.3 2.27 -0.00
1928 1445.183 31.3 2.53 -0.00
1929 1445.678 61.7 2.31 -0.00
1930 1446.661 78.8 1.53 0.00
1931 1447.067 62.3 2.49 0.00
1932 1447.241 84.8 2.37 -0.00
1933 1447.971 36.7 2.35 0.00
1934 1448.535 57.7 2.95 -0.00
1935 1449.036 70.0 2.23 0.00
1936 1451.726 173.5 2.24 0.00
1937 1452.276 18.5 2.86 0.00
1938 1453.576 299.0 2.16 0.00
1939 1455.153 37.0 2.36 -0.00
1940 1455.286 24.2 2.55 0.00
1941 1456.460 45.8 2.51 -0.00
1942 1456.716 169.5 2.05 -0.00
1943 1457.290 16.8 2.09 -0.00
1944 1458.208 64.3 2.57 0.00
1945 1458.529 167.5 0.86 -0.00
1946 1458.969 58.6 2.55 0.00
1947 1459.037 51.8 2.73 0.00
1948 1459.341 39.3 2.90 -0.00
1949 1459.427 58.9 1.71 -0.00
1950 1459.867 24.2 2.92 -0.00
1951 1461.966 45.8 1.94 -0.00
1952 1462.714 74.0 1.75 -0.00
1953 1463.031 33.0 2.30 -0.00
1954 1463.171 92.2 1.91 -0.01
1955 1464.178 61.7 2.43 -0.00
1956 1464.263 68.8 1.96 -0.00
1957 1464.837 53.5 2.08 -0.00
1958 1465.226 29.6 3.00 -0.00
1959 1465.676 63.4 2.91 0.00
1960 1465.741 57.5 2.90 0.00
1961 1466.144 29.6 1.94 -0.00
1962 1466.403 42.7 2.59 -0.00
1963 1466.769 37.0 2.31 -0.00
1964 1466.810 26.7 2.86 -0.00
1965 1467.055 41.5 2.66 -0.00
1966 1467.554 68.0 2.52 -0.00
1967 1467.666 48.1 2.78 -0.00
1968 1467.844 26.5 2.66 -0.00
1969 1468.267 31.9 1.99 -0.00
1970 1470.394 51.5 2.86 0.00
1971 1470.493 25.6 2.75 -0.00
1972 1470.615 37.0 3.01 -0.01
1973 1470.738 67.4 2.89 0.00
1974 1471.069 63.4 3.05 0.00
1975 1471.332 23.3 2.95 -0.00
1976 1472.237 49.8 2.92 -0.00
1977 1475.176 22.5 0.94 0.00
1978 1475.350 61.2 2.67 -0.01
1979 1475.787 72.2 2.33 0.00
1980 1475.903 32.1 2.75 -0.00
1981 1476.701 48.9 2.33 0.00
1982 1476.862 56.3 2.55 0.00
1983 1477.029 55.2 2.22 0.01
1984 1477.203 54.6 2.27 0.00
1985 1478.132 41.8 2.45 0.00
1986 1478.753 44.9 2.24 0.00
1987 1480.951 63.4 2.48 0.00
1988 1481.234 44.9 2.40 0.00
1989 1481.702 57.5 2.20 -0.00
1990 1481.965 87.6 2.54 0.00
1991 1482.101 81.6 1.94 0.00
1992 1482.586 112.4 2.31 0.01
1993 1482.699 60.3 2.11 0.00
1994 1483.634 142.2 1.65 -0.01
1995 1483.941 61.7 1.98 0.00
1996 1485.999 17.6 2.81 0.00
1997 1486.784 159.0 1.74 0.00
1998 1487.716 60.6 2.02 0.01
1999 1488.631 86.5 1.98 0.01
2000 1489.495 70.5 1.85 0.00
