1 5.770 24.2 2.27 0.45
2 10.402 70.0 2.05 0.13
3 10.917 68.3 2.34 -0.01
4 12.542 78.2 2.40 -0.02
5 13.204 34.4 2.64 -0.02
6 14.327 39.3 2.65 -0.00
7 14.849 40.1 2.40 -0.01
8 15.105 58.0 2.51 -0.00
9 15.382 31.3 2.62 -0.01
10 15.515 41.8 2.42 -0.01
11 15.808 17.6 2.63 -0.00
12 16.085 65.1 2.33 -0.00
13 16.221 76.2 2.47 -0.00
14 16.553 58.0 2.94 -0.00
15 16.614 37.0 2.72 -0.01
16 16.996 74.0 2.53 0.00
17 17.539 34.4 2.65 -0.00
18 17.891 49.8 2.40 -0.00
19 20.263 41.8 2.59 -0.00
20 20.410 50.1 2.73 0.00
21 20.621 45.8 2.08 0.00
22 21.126 43.0 3.00 0.00
23 21.307 83.9 2.33 0.01
24 21.451 90.7 2.60 0.01
25 21.601 28.2 2.64 -0.00
26 22.215 29.0 2.91 0.00
27 22.365 27.3 3.05 0.00
28 22.673 25.6 2.87 -0.00
29 22.775 28.2 2.98 -0.00
30 23.164 77.1 2.62 -0.00
31 23.222 22.5 2.72 0.00
32 23.584 52.1 2.82 -0.01
33 24.379 92.4 2.82 -0.01
34 24.611 47.5 2.83 0.01
35 24.680 25.9 2.67 0.01
36 24.741 34.7 2.96 -0.01
37 24.871 21.6 2.87 -0.01
38 25.055 89.3 3.00 -0.01
39 25.502 52.1 2.89 0.00
40 25.731 41.0 2.76 -0.00
41 25.833 35.3 2.85 0.00
42 25.960 67.4 2.93 -0.00
43 26.991 20.5 2.74 0.01
44 27.028 13.7 2.70 0.01
45 27.137 31.3 2.84 -0.01
46 27.356 62.9 2.61 -0.01
47 27.523 55.5 2.60 -0.01
48 27.670 32.1 2.76 -0.01
49 27.984 69.4 2.82 -0.00
50 28.096 27.3 2.70 -0.01
51 28.134 24.7 2.65 -0.01
52 28.230 46.4 2.31 0.00
53 28.783 17.6 2.80 0.00
54 29.199 27.9 2.51 -0.00
55 29.236 18.5 2.62 -0.00
56 29.527 49.8 2.73 -0.01
57 29.585 51.5 2.84 0.01
58 29.667 11.9 2.82 -0.02
59 29.950 93.9 2.90 -0.01
60 31.059 20.8 2.83 -0.01
61 31.612 63.1 2.52 -0.01
62 31.807 42.7 2.87 -0.01
63 32.056 35.0 2.84 0.00
64 32.636 70.0 2.83 -0.00
65 32.964 76.5 2.99 -0.01
66 33.036 46.1 2.90 0.00
67 33.162 35.3 2.84 -0.01
68 33.257 31.9 2.77 -0.01
69 33.418 66.6 2.93 -0.01
70 33.500 49.8 2.92 -0.00
71 33.677 23.3 2.79 -0.01
72 34.036 101.0 2.75 -0.02
73 34.199 62.9 2.71 -0.01
74 34.268 60.6 2.75 -0.01
75 34.360 109.2 2.81 -0.01
76 35.718 37.8 2.59 -0.00
77 36.343 33.0 2.52 -0.00
78 37.193 40.4 2.34 0.00
79 37.282 46.6 2.78 -0.02
80 37.521 32.1 2.75 0.00
81 38.115 35.3 2.70 -0.00
82 38.261 49.8 2.63 0.01
83 38.347 29.3 2.75 -0.01
84 39.019 59.4 2.79 -0.05
85 39.111 51.5 2.75 -0.00
86 39.572 54.6 2.76 -0.00
87 39.920 64.3 2.78 0.00
88 40.562 77.1 2.83 0.01
89 40.688 37.8 2.66 0.00
90 41.002 33.0 2.90 0.01
91 41.060 50.6 2.80 0.00
92 41.374 86.2 2.83 0.02
93 41.507 44.9 2.91 0.01
94 41.862 55.5 2.95 0.01
95 42.040 32.1 2.71 0.00
96 42.098 27.0 2.78 0.00
97 42.354 67.1 2.97 0.04
98 42.415 51.5 2.84 0.01
99 42.675 94.4 2.68 0.00
100 42.743 67.7 2.97 0.01
101 43.023 64.3 2.75 0.02
102 43.299 21.6 2.87 0.01
103 43.791 51.5 2.78 0.00
104 43.832 37.8 2.73 0.00
105 43.866 22.5 2.61 0.01
106 44.764 27.3 2.58 0.01
107 45.085 72.5 2.66 0.00
108 46.679 31.0 2.67 0.02
109 46.849 39.3 2.91 0.01
110 46.996 56.0 2.54 0.02
111 47.051 31.3 2.59 0.02
112 47.290 21.6 2.69 0.00
113 47.375 24.2 2.90 0.00
114 47.464 24.7 2.83 0.01
115 47.638 98.1 2.71 0.01
116 47.713 105.8 2.65 0.01
117 47.911 40.7 2.52 0.00
118 48.355 23.3 2.64 0.00
119 48.525 93.0 2.62 0.01
120 48.587 41.2 2.66 0.00
121 48.737 41.8 2.62 -0.00
122 49.003 44.1 2.66 0.01
123 49.338 23.3 2.53 0.00
124 49.563 54.6 2.30 0.01
125 49.990 28.2 2.30 0.00
126 50.020 26.5 2.60 0.00
127 50.188 56.3 2.14 -0.03
128 50.293 15.4 2.48 -0.01
129 50.614 45.8 1.96 -0.00
130 51.812 40.1 2.30 0.00
131 51.874 36.7 2.04 0.00
132 52.399 24.2 2.19 -0.00
133 52.515 77.9 2.01 -0.00
134 52.727 48.9 2.33 -0.00
135 52.823 127.7 2.30 -0.01
136 52.928 69.1 2.33 0.01
137 53.051 25.3 2.86 -0.01
138 55.878 11.1 2.47 -0.00
139 57.567 54.6 2.62 0.04
140 59.025 28.2 2.42 0.00
141 59.175 50.9 2.48 0.01
142 59.236 21.3 2.46 0.00
143 59.274 33.6 2.53 0.01
144 59.878 49.8 2.31 0.01
145 59.922 18.5 2.29 0.00
146 60.001 31.3 2.26 0.00
147 60.062 22.5 2.19 0.00
148 60.329 63.1 2.14 -0.00
149 60.711 27.3 2.13 0.01
150 60.834 26.5 2.35 0.01
151 62.117 74.0 2.55 -0.04
152 69.978 86.8 2.03 0.00
153 71.770 133.4 2.35 -0.01
154 71.944 22.5 2.75 -0.01
155 72.746 35.3 2.39 -0.01
156 73.071 58.6 2.18 -0.01
157 73.897 59.4 2.05 -0.01
158 74.258 64.0 1.99 -0.01
159 74.692 53.8 2.81 0.01
160 74.733 48.9 2.73 -0.01
161 75.040 14.5 2.73 -0.01
162 75.586 120.0 2.77 0.00
163 75.654 28.7 2.71 0.00
164 76.893 72.2 2.50 -0.00
165 77.262 39.3 2.48 0.01
166 77.385 63.4 2.45 0.01
167 77.911 98.7 2.47 0.00
168 78.115 43.2 2.77 0.01
169 78.566 23.3 2.60 -0.01
170 78.610 50.6 2.63 -0.00
171 78.900 60.9 2.15 0.00
172 79.378 85.0 2.53 0.01
173 81.614 19.3 2.55 0.00
174 81.716 44.1 2.22 -0.00
175 81.870 13.7 2.52 -0.00
176 82.570 15.4 2.23 0.01
177 82.604 36.1 2.19 -0.00
178 82.822 77.4 2.09 -0.00
179 82.935 83.3 2.38 -0.00
180 84.754 41.0 2.09 0.00
181 84.997 63.4 2.46 0.01
182 85.516 19.3 2.35 -0.00
183 85.997 93.0 2.23 0.00
184 86.669 30.4 2.52 -0.01
185 86.816 36.1 2.45 0.00
186 86.922 31.9 2.31 0.00
187 86.963 28.2 2.35 0.00
188 88.168 18.5 2.42 -0.00
189 88.325 22.5 2.52 0.00
190 88.366 36.1 2.48 -0.00
191 88.506 27.3 2.42 -0.01
192 88.939 27.3 2.27 0.00
193 88.983 22.2 2.36 0.00
194 89.041 18.8 2.34 -0.01
195 89.970 100.4 2.29 -0.00
196 90.526 41.2 3.03 -0.00
197 90.895 50.6 2.57 -0.00
198 91.076 21.6 3.05 -0.00
199 91.223 48.9 2.27 -0.01
200 91.322 48.1 2.85 -0.01
201 91.875 29.6 3.13 -0.00
202 91.909 18.5 3.02 -0.00
203 92.113 41.8 2.98 -0.01
204 92.346 32.1 2.91 -0.00
205 92.967 63.4 2.77 -0.00
206 93.073 48.1 2.81 0.01
207 93.342 54.3 2.83 -0.00
208 93.540 25.6 2.86 -0.00
209 93.940 54.9 2.86 0.00
210 96.302 36.1 2.66 -0.00
211 99.357 13.7 2.76 -0.00
212 100.094 17.6 2.94 0.00
213 100.329 60.3 2.62 0.00
214 101.743 22.5 2.27 0.00
215 102.900 91.6 2.67 0.00
216 103.285 51.5 2.48 0.00
217 104.576 68.3 2.38 -0.01
218 104.709 52.9 2.75 -0.01
219 104.883 22.5 2.86 0.00
220 105.275 41.0 2.58 0.01
221 105.405 101.3 2.76 0.01
222 105.477 8.8 2.64 0.01
223 105.514 24.2 2.77 0.00
224 105.552 24.2 2.72 0.00
225 105.644 24.2 2.68 0.01
226 106.303 61.2 2.80 0.01
227 106.378 29.6 2.70 0.01
228 106.501 47.5 2.79 0.01
229 106.637 34.1 2.97 0.01
230 107.269 77.1 2.72 0.01
231 119.434 40.1 2.69 -0.00
232 119.485 54.6 2.69 -0.00
233 120.007 29.9 2.74 -0.00
234 120.519 81.1 2.76 -0.00
235 123.656 30.4 2.82 0.00
236 130.711 27.3 2.47 0.04
237 131.462 61.7 2.36 0.56
238 135.971 22.5 2.67 -0.01
239 136.473 77.1 2.70 -0.00
240 137.088 34.7 2.70 -0.01
241 139.586 27.3 2.58 -0.00
242 139.863 83.6 2.56 0.00
243 141.600 23.6 2.91 -0.01
244 141.655 33.0 2.77 -0.01
245 144.512 49.8 3.00 0.36
246 148.976 69.1 2.74 0.01
247 149.154 27.3 2.82 0.01
248 151.468 110.6 2.98 0.01
249 153.403 62.6 2.96 0.01
250 156.206 59.4 2.98 0.00
251 156.397 30.4 3.02 0.01
252 156.878 44.9 2.87 0.00
253 157.202 46.6 2.97 -0.01
254 158.568 36.1 3.20 0.00
255 158.929 53.8 3.05 -0.00
256 160.749 42.7 2.88 -0.01
257 161.503 60.3 2.88 0.00
258 161.595 74.5 2.80 0.00
259 161.862 79.4 2.95 0.01
260 161.950 42.7 2.92 0.00
261 162.145 13.7 2.73 -0.00
262 162.271 51.5 2.74 -0.00
263 162.466 15.4 2.92 -0.00
264 162.568 50.6 2.94 0.00
265 162.660 43.8 2.88 0.00
266 162.725 52.9 2.94 -0.00
267 163.203 47.5 2.92 -0.01
268 163.258 38.1 2.96 -0.01
269 164.862 40.1 2.98 0.00
270 164.992 35.3 2.80 -0.00
271 165.210 47.5 2.90 0.01
272 165.268 37.0 2.89 -0.00
273 165.370 45.8 3.02 0.00
274 165.411 28.2 3.02 0.01
275 165.592 37.0 2.93 0.01
276 165.667 77.1 3.03 0.00
277 165.865 45.8 3.00 0.01
278 165.937 90.7 3.03 -0.00
279 166.111 45.2 3.11 0.01
280 166.340 48.9 2.92 -0.00
281 166.429 43.5 2.96 -0.00
282 166.490 32.1 2.93 0.01
283 166.548 58.6 2.55 -0.00
284 167.948 58.6 2.98 0.01
285 168.207 26.5 2.91 0.00
286 169.060 41.0 2.92 0.00
287 169.241 27.3 3.03 0.01
288 169.961 39.8 2.95 0.01
289 170.415 68.3 2.88 0.00
290 170.719 33.8 2.94 0.16
291 173.743 49.8 2.89 0.22
292 175.549 38.4 2.80 0.24
293 178.911 50.6 2.79 0.13
294 183.854 21.6 2.93 -0.01
295 185.222 26.5 2.49 -0.11
296 185.922 62.3 2.56 0.01
297 186.219 86.8 2.53 -0.00
298 186.311 31.3 2.57 -0.00
299 186.417 57.7 2.58 0.00
300 187.390 50.6 2.58 -0.13
301 187.499 22.5 2.46 -0.00
302 187.806 59.2 2.61 -0.00
303 188.083 50.3 2.67 -0.01
304 188.393 74.5 2.65 -0.00
305 188.629 34.4 2.70 -0.00
306 188.871 67.4 2.60 -0.01
307 189.998 74.0 2.47 0.01
308 190.223 65.1 2.52 -0.01
309 190.445 89.6 2.51 0.00
310 190.540 105.0 2.48 0.00
311 190.595 42.4 2.45 0.00
312 190.643 24.7 2.57 0.01
313 190.783 64.3 2.33 -0.01
314 191.827 38.7 2.39 -0.00
315 192.042 37.8 2.59 0.00
316 192.626 31.3 2.76 0.00
317 192.773 19.3 2.67 -0.00
318 192.885 60.3 3.03 0.01
319 192.957 35.3 2.56 0.01
320 193.063 35.8 2.50 -0.00
321 193.193 57.2 2.83 0.00
322 194.681 63.4 2.86 0.00
323 194.879 44.9 2.29 -0.00
324 194.937 52.6 2.91 -0.00
325 195.107 36.4 2.20 -0.00
326 195.196 44.9 2.94 -0.00
327 195.940 130.0 2.45 -0.00
328 196.015 66.3 2.70 0.00
329 196.357 54.6 2.71 0.01
330 197.565 40.4 2.54 -0.01
331 198.248 62.6 2.72 0.00
332 198.459 42.7 2.48 -0.00
333 198.756 36.1 2.39 -0.01
334 199.565 77.9 2.57 -0.00
335 200.698 77.1 2.30 -0.00
336 200.845 31.3 2.49 -0.01
337 200.913 68.3 2.37 -0.01
338 201.146 22.5 2.33 -0.00
339 201.258 61.7 2.49 -0.00
340 201.330 41.8 2.29 -0.00
341 201.405 28.7 2.47 -0.01
342 201.507 27.3 2.44 -0.01
343 201.555 34.4 2.47 0.00
344 201.801 59.4 2.39 0.00
345 201.982 42.7 2.45 -0.00
346 202.883 48.1 2.42 -0.01
347 203.378 85.9 2.50 -0.01
348 203.665 49.8 2.73 -0.01
349 203.805 50.6 2.69 0.00
350 204.224 48.1 2.66 -0.02
351 204.306 48.9 2.66 -0.02
352 205.156 27.3 2.82 -0.02
353 206.098 71.4 2.63 0.34
354 206.672 31.3 3.00 0.00
355 207.102 17.6 2.82 -0.00
356 207.481 20.2 2.94 0.01
357 210.280 15.9 2.46 0.00
358 211.365 50.6 2.20 0.00
359 214.222 34.4 2.08 0.01
360 215.495 81.1 1.85 0.01
361 215.686 79.6 2.65 0.00
362 215.826 67.4 2.78 -0.00
363 217.335 118.0 2.07 0.01
364 217.509 41.0 3.17 0.00
365 218.209 22.5 2.26 0.02
366 218.581 37.8 2.66 0.01
367 218.721 19.3 2.81 0.01
368 218.775 30.4 2.29 0.00
369 218.970 75.4 2.86 0.00
370 219.615 39.3 2.94 0.01
371 219.752 34.4 2.90 0.01
372 219.827 48.1 2.45 0.01
373 219.871 41.5 2.86 -0.00
374 219.936 26.7 2.44 0.02
375 220.690 48.1 2.85 -0.00
376 220.861 48.6 3.03 0.01
377 227.094 48.9 2.93 0.00
378 230.732 25.6 2.80 -0.00
379 230.876 30.4 2.84 0.00
380 232.101 27.3 2.81 -0.01
381 232.149 36.1 2.95 0.00
382 237.542 17.6 2.97 -0.00
383 237.730 46.4 2.94 0.01
384 238.016 49.8 2.97 -0.01
385 238.685 23.3 2.94 0.01
386 250.482 46.1 3.16 -0.01
387 250.806 30.4 3.23 -0.01
388 250.844 37.8 3.16 0.00
389 251.888 48.6 3.05 -0.00
390 251.929 30.4 3.07 -0.00
391 252.042 48.9 3.04 -0.01
392 252.110 27.3 2.94 0.00
393 252.168 71.7 3.01 -0.00
394 252.813 85.6 2.83 -0.01
395 252.851 29.6 2.83 -0.00
396 252.888 55.8 2.95 -0.00
397 252.960 62.9 2.97 -0.00
398 253.076 25.9 2.94 -0.00
399 253.124 23.9 3.03 -0.01
400 253.223 44.7 3.09 -0.01
401 253.414 85.9 2.95 0.00
402 253.527 58.6 2.78 -0.00
403 253.629 44.1 2.87 -0.00
404 253.731 51.5 3.02 0.00
405 255.626 27.3 2.90 -0.00
406 255.735 58.6 2.93 0.00
407 255.872 52.1 2.91 0.00
408 255.971 63.7 2.94 0.00
409 256.073 52.6 2.80 -0.01
410 256.213 25.6 2.77 -0.00
411 256.295 25.0 2.52 0.00
412 256.442 15.4 2.77 0.00
413 256.571 24.2 2.63 -0.00
414 256.623 44.9 2.66 -0.00
415 256.844 74.0 2.68 -0.00
416 256.940 46.6 2.56 -0.00
417 257.083 46.6 2.82 0.01
418 257.135 85.3 2.60 0.01
419 257.687 65.4 2.58 -0.00
420 257.769 67.1 2.57 0.01
421 257.834 46.6 2.64 0.00
422 257.872 33.8 2.47 0.00
423 258.056 55.5 2.62 -0.01
424 258.104 41.0 2.61 0.02
425 258.145 25.6 2.66 -0.01
426 258.350 57.7 2.46 -0.00
427 258.401 41.5 2.57 -0.00
428 258.438 25.9 2.58 -0.01
429 258.623 65.1 2.62 0.01
430 258.735 26.5 2.65 0.00
431 258.838 42.4 2.66 -0.00
432 259.223 46.6 2.71 0.00
433 259.295 57.7 2.72 0.00
434 259.370 64.0 2.58 0.00
435 259.585 41.8 2.50 0.00
436 259.940 18.5 2.54 -0.00
437 260.039 37.3 2.65 -0.00
438 260.343 36.1 2.30 0.00
439 260.480 54.3 2.20 0.00
440 260.558 74.0 2.54 0.01
441 260.633 27.3 2.79 -0.01
442 260.681 46.4 2.40 -0.00
443 264.743 89.9 2.22 0.00
444 264.838 11.9 2.50 -0.00
445 265.385 74.8 2.61 0.01
446 265.449 25.6 2.61 0.00
447 265.613 45.8 2.49 0.00
448 265.702 53.5 2.41 0.00
449 266.323 37.0 2.39 0.01
450 266.422 68.3 2.24 0.00
451 266.542 28.2 2.24 0.01
452 266.658 21.6 2.34 -0.00
453 266.705 32.7 2.28 -0.00
454 266.941 69.7 3.23 -0.00
455 267.006 36.1 2.61 -0.00
456 267.484 90.5 3.12 -0.01
457 267.695 18.5 3.03 0.00
458 267.849 41.0 2.96 -0.00
459 267.917 37.0 2.99 -0.00
460 268.020 41.0 2.98 0.00
461 268.119 32.1 2.94 -0.00
462 268.255 50.6 3.08 0.01
463 268.323 46.1 3.06 -0.00
464 268.419 87.6 2.97 0.00
465 269.907 41.8 2.89 0.01
466 270.320 36.1 3.11 -0.01
467 270.412 58.6 2.99 -0.00
468 270.597 31.0 3.07 0.01
469 270.662 22.5 2.88 0.01
470 270.720 45.8 3.21 -0.00
471 271.324 46.6 3.12 -0.00
472 271.430 37.8 3.01 -0.00
473 271.610 41.0 3.16 0.00
474 271.819 59.2 3.18 -0.00
475 271.866 46.6 3.17 0.00
476 271.924 62.6 3.26 0.00
477 272.023 64.3 2.94 0.00
478 272.259 33.0 3.30 -0.00
479 272.300 35.3 3.22 0.00
480 272.423 50.6 3.22 0.00
481 272.593 47.5 3.33 0.00
482 272.706 32.1 3.22 0.00
483 272.809 52.1 3.21 0.01
484 272.979 22.5 3.11 0.00
485 273.102 45.8 3.17 0.01
486 273.471 17.6 3.19 0.00
487 273.686 33.0 3.20 0.00
488 274.771 33.3 3.16 0.01
489 276.345 44.9 3.17 0.01
490 276.997 51.5 3.30 -0.00
491 279.335 36.1 3.18 0.40
492 280.297 75.4 3.14 0.30
493 282.939 44.1 2.86 0.10
494 283.584 41.8 2.90 0.01
495 289.664 69.1 3.15 -0.02
496 289.865 39.3 3.09 -0.01
497 290.100 28.7 3.11 -0.01
498 290.988 68.3 2.81 0.00
499 291.271 39.3 3.06 -0.01
500 291.350 31.3 2.32 -0.00
501 291.428 62.6 3.04 -0.01
502 291.616 88.2 2.91 -0.01
503 291.841 22.5 3.04 0.00
504 292.391 58.6 2.83 0.00
505 292.517 54.6 2.94 -0.01
506 292.715 73.1 2.64 -0.00
507 292.766 21.6 2.87 -0.01
508 293.374 92.4 2.70 -0.00
509 293.456 41.8 2.96 -0.00
510 293.766 53.5 2.51 0.00
511 293.968 61.2 3.03 0.00
512 294.077 54.0 2.82 0.01
513 294.289 35.3 2.71 -0.01
514 294.466 74.0 2.59 -0.01
515 294.517 43.8 2.71 -0.00
516 294.705 64.9 2.69 -0.00
517 294.763 50.6 2.60 -0.01
518 294.862 75.4 2.81 0.00
519 295.671 60.0 2.50 -0.01
520 295.937 19.3 2.94 0.00
521 296.115 50.9 2.80 -0.00
522 296.183 67.1 2.87 -0.00
523 296.364 78.8 2.91 -0.00
524 296.896 45.8 2.95 0.00
525 298.702 50.6 2.64 -0.00
526 301.402 44.9 2.84 0.00
527 301.788 51.5 2.64 -0.00
528 301.883 36.1 2.52 -0.01
529 302.429 63.7 2.46 0.00
530 302.941 31.3 3.00 0.01
531 303.071 40.1 2.97 -0.01
532 303.327 33.6 2.60 0.01
533 303.989 75.9 2.52 0.01
534 304.081 68.3 2.46 0.01
535 304.372 64.3 2.75 -0.00
536 304.491 57.7 2.79 0.01
537 305.184 61.4 2.71 0.01
538 306.648 18.5 2.76 0.00
539 306.720 61.2 2.52 0.00
540 306.877 41.8 2.63 0.00
541 307.249 68.3 2.70 0.00
542 307.662 59.4 2.57 0.00
543 308.147 38.1 2.50 -0.00
544 308.188 47.5 2.48 -0.00
545 308.236 26.5 2.69 0.00
546 308.297 61.7 2.74 -0.00
547 308.379 18.5 2.65 0.00
548 309.468 46.6 2.59 0.00
549 309.707 69.7 2.40 0.00
550 310.297 122.0 2.58 0.01
551 310.393 81.9 2.43 0.01
552 310.765 118.0 2.59 -0.00
553 311.901 15.1 2.65 0.00
554 312.273 31.6 2.55 -0.00
555 312.328 43.5 2.28 -0.00
556 312.751 102.7 2.59 -0.00
557 313.130 82.5 2.93 -0.00
558 313.574 27.6 2.57 0.00
559 313.823 75.7 2.32 -0.01
560 314.018 27.3 2.90 0.01
561 314.093 41.8 2.36 0.00
562 314.263 53.8 2.42 0.00
563 314.311 32.1 2.42 0.00
564 314.369 22.5 2.49 -0.00
565 314.560 59.4 2.96 0.00
566 314.909 105.0 2.89 0.00
567 315.182 67.4 2.45 0.01
568 315.397 45.8 3.02 -0.00
569 315.823 100.4 2.77 0.00
570 316.189 33.0 2.71 -0.01
571 316.670 45.8 3.00 0.00
572 316.786 56.9 2.86 0.00
573 317.021 41.0 2.63 0.01
574 317.202 54.6 2.84 -0.01
575 317.400 48.9 2.82 -0.01
576 317.496 59.4 2.81 -0.00
577 317.585 77.9 2.56 -0.00
578 317.646 32.1 2.61 -0.00
579 317.701 73.1 2.60 -0.00
580 317.912 64.3 2.62 -0.00
581 318.076 58.0 2.73 0.00
582 318.267 27.0 2.71 -0.00
583 318.308 17.6 2.66 -0.00
584 318.346 36.1 2.69 -0.01
585 318.411 69.4 2.67 -0.01
586 320.022 78.8 2.46 0.14
587 320.858 55.5 2.78 -0.00
588 322.981 12.8 2.65 -0.01
589 323.118 41.8 2.61 -0.01
590 324.384 40.7 2.42 -0.00
591 324.449 22.5 2.35 0.00
592 324.483 26.7 2.51 0.00
593 324.599 73.1 2.27 0.00
594 324.695 63.7 2.23 0.00
595 324.763 52.1 2.27 -0.01
596 325.336 145.4 2.51 0.00
597 325.531 57.7 2.29 0.00
598 325.732 44.9 2.72 0.00
599 325.971 45.8 2.20 0.01
600 326.067 33.0 2.50 0.01
601 327.125 45.8 2.47 0.01
602 327.234 39.5 2.69 0.01
603 327.323 48.1 2.61 0.01
604 327.377 48.1 2.46 0.01
605 329.313 22.5 2.62 0.00
606 329.371 31.9 2.58 0.00
607 329.514 45.8 2.61 0.00
608 330.030 31.3 2.76 0.00
609 333.337 70.0 2.85 -0.00
610 333.730 86.8 2.63 0.01
611 333.914 46.1 2.55 0.00
612 334.040 36.1 2.66 0.00
613 334.126 37.0 2.78 -0.00
614 334.187 41.2 2.73 -0.00
615 334.965 29.3 2.69 0.01
616 345.062 66.8 2.53 -0.00
617 346.581 56.9 2.84 0.32
618 347.154 47.5 2.12 -0.01
619 347.243 27.3 2.55 -0.01
620 347.475 37.0 2.68 -0.00
621 348.107 26.5 2.50 -0.01
622 348.168 32.4 2.27 -0.01
623 348.257 47.2 2.62 -0.00
624 348.356 50.6 2.28 -0.00
625 349.465 36.1 2.59 -0.01
626 349.632 99.6 2.59 0.00
627 350.008 31.3 2.63 -0.00
628 350.127 82.8 2.69 -0.00
629 350.503 45.8 2.63 -0.00
630 353.558 167.8 2.24 0.00
631 353.872 59.4 2.64 0.01
632 354.087 37.8 2.64 0.00
633 354.186 44.1 2.56 0.00
634 354.438 87.6 2.48 0.01
635 354.531 18.5 2.60 0.01
636 354.592 23.9 2.52 0.01
637 354.677 71.4 2.47 0.01
638 354.828 77.1 2.53 0.01
639 357.248 54.6 2.65 0.00
640 357.545 40.1 2.57 0.00
641 357.780 50.6 2.56 0.01
642 358.057 51.5 2.55 0.00
643 358.654 42.7 2.48 -0.00
644 359.104 58.6 2.03 0.00
645 359.412 50.3 2.33 0.01
646 359.849 34.7 2.42 -0.00
647 359.896 48.4 2.51 -0.00
648 360.285 48.9 2.99 0.01
649 361.299 62.6 2.80 0.01
650 361.637 41.0 2.50 0.00
651 361.688 37.0 2.58 -0.00
652 361.842 68.3 2.44 0.00
653 362.064 89.9 2.51 0.00
654 362.402 21.6 2.98 0.00
655 362.473 50.6 3.02 -0.00
656 362.583 20.2 3.19 0.01
657 362.675 79.4 2.54 0.00
658 362.849 37.0 2.58 -0.00
659 363.002 30.4 2.78 0.00
660 366.303 23.3 2.92 0.00
661 366.477 26.5 2.99 0.00
662 367.870 33.0 2.90 0.01
663 368.023 33.8 2.94 -0.01
664 368.112 21.6 2.98 -0.00
665 368.242 29.0 2.81 0.00
666 368.279 18.5 2.76 -0.00
667 368.358 44.1 2.79 0.01
668 368.419 57.7 3.00 -0.01
669 368.744 37.0 2.57 -0.01
670 369.689 25.6 2.85 -0.00
671 369.754 53.8 2.84 -0.00
672 370.058 52.9 2.74 0.00
673 370.461 84.2 2.70 0.00
674 370.560 41.8 2.70 -0.01
675 370.648 25.6 2.71 0.00
676 371.355 44.1 2.56 -0.00
677 371.635 100.1 2.64 -0.00
678 372.143 66.3 2.70 0.00
679 372.362 31.3 2.55 -0.01
680 372.461 110.9 2.60 -0.01
681 372.529 23.3 2.66 -0.01
682 372.659 28.2 2.72 -0.00
683 372.696 32.1 2.71 -0.00
684 372.993 79.6 2.36 -0.00
685 373.167 56.9 2.52 -0.00
686 373.321 37.0 2.60 -0.00
687 373.362 30.2 2.53 -0.00
688 374.891 56.3 2.51 0.01
689 375.171 83.6 2.39 -0.01
690 375.383 119.5 2.27 -0.01
691 375.465 84.5 2.24 -0.01
692 375.523 45.5 2.25 -0.00
693 375.618 89.9 2.66 -0.00
694 375.939 50.6 2.34 -0.00
695 376.233 55.5 2.29 0.01
696 376.413 134.8 2.16 0.01
697 376.622 42.7 2.20 0.00
698 376.693 60.6 2.37 0.00
699 376.837 39.0 2.21 -0.01
700 376.888 46.6 2.31 0.00
701 378.226 50.3 2.46 -0.01
702 378.349 61.2 2.51 0.00
703 378.516 27.3 2.27 -0.00
704 378.670 37.5 2.43 -0.00
705 378.936 97.3 2.27 0.00
706 379.431 41.8 2.49 -0.00
707 379.615 39.3 2.64 0.02
708 380.076 51.8 2.56 -0.01
709 380.148 57.7 2.64 0.01
710 380.352 56.3 2.64 -0.00
711 381.168 39.5 2.16 -0.00
712 381.216 20.8 2.43 -0.00
713 381.591 64.0 1.98 0.01
714 381.803 58.9 2.16 0.00
715 381.878 60.0 2.08 0.01
716 382.127 38.7 2.64 -0.00
717 382.189 42.7 2.55 0.00
718 382.288 88.5 2.52 0.01
719 383.080 50.6 2.45 0.01
720 383.155 36.1 2.46 -0.00
721 384.356 30.4 2.30 0.02
722 384.721 32.1 2.08 -0.01
723 385.073 63.4 2.10 -0.00
724 386.394 81.9 2.10 0.01
725 386.967 53.8 2.09 0.01
726 387.715 22.5 2.58 0.01
727 387.807 21.6 2.42 0.01
728 388.889 26.5 2.37 0.00
729 388.923 23.3 2.35 0.01
730 389.005 49.8 3.00 0.01
731 389.183 90.7 1.94 0.00
732 389.261 44.1 2.23 0.00
733 390.412 60.3 2.58 0.02
734 396.914 37.8 2.67 0.00
735 396.996 20.8 2.49 0.00
736 397.054 41.8 2.97 -0.00
737 398.406 37.0 2.63 0.44
738 398.778 44.9 2.80 0.43
739 399.877 49.8 2.57 -0.00
740 400.430 74.0 2.72 -0.00
741 400.641 63.4 2.51 -0.00
742 400.768 69.4 2.63 -0.00
743 401.249 82.8 2.69 -0.00
744 401.621 63.4 2.50 0.01
745 401.716 40.4 2.65 0.01
746 402.293 23.3 2.64 -0.00
747 402.491 33.0 2.61 -0.00
748 402.539 33.8 2.64 -0.00
749 402.850 81.9 2.74 -0.01
750 403.334 60.3 2.73 -0.00
751 403.539 48.6 2.77 -0.00
752 404.799 39.3 2.54 -0.00
753 404.976 19.3 2.64 -0.00
754 405.208 40.1 2.53 0.01
755 406.444 57.7 2.61 -0.00
756 407.116 64.3 2.55 0.01
757 407.171 42.1 2.53 0.01
758 407.243 30.2 2.56 0.00
759 407.806 39.3 2.35 0.01
760 407.949 41.8 2.63 -0.00
761 408.332 37.0 2.53 0.00
762 408.431 97.6 2.74 -0.01
763 408.758 41.0 2.48 0.00
764 409.195 66.6 2.45 -0.01
765 409.891 64.3 2.57 -0.03
766 410.096 58.9 2.51 0.00
767 410.420 41.8 2.64 0.00
768 410.932 54.6 2.54 0.00
769 411.021 49.8 2.69 0.01
770 411.363 91.6 2.50 0.00
771 412.707 67.4 2.45 0.00
772 413.332 93.3 2.24 0.01
773 413.649 64.3 2.16 0.00
774 413.916 27.3 2.53 0.00
775 414.824 55.8 2.27 0.01
776 416.879 16.8 2.37 -0.00
777 417.759 122.0 2.30 0.02
778 418.124 44.9 2.33 0.01
779 418.561 43.8 2.40 0.00
780 419.896 33.8 2.36 0.03
781 420.186 22.5 2.03 -0.00
782 422.736 60.3 2.28 -0.01
783 422.807 33.8 2.05 -0.01
784 423.869 94.7 2.23 0.17
785 424.425 50.9 2.68 -0.01
786 424.514 27.3 2.37 0.02
787 424.606 18.5 2.55 -0.00
788 424.654 35.3 2.62 -0.01
789 424.900 95.6 2.56 -0.00
790 424.965 19.3 2.37 0.00
791 425.012 64.0 2.53 -0.00
792 425.258 31.3 2.50 -0.01
793 425.780 17.6 2.25 -0.00
794 425.828 38.1 2.37 -0.00
795 426.023 48.9 2.72 0.01
796 426.095 58.3 2.19 -0.01
797 426.187 46.6 2.66 -0.01
798 427.125 66.0 2.60 0.01
799 427.197 54.6 2.62 0.00
800 427.375 35.3 2.56 -0.01
801 427.439 60.6 2.61 -0.00
802 427.566 36.4 2.49 -0.00
803 427.770 72.2 2.53 -0.00
804 427.883 86.8 2.29 -0.00
805 428.211 143.4 2.53 0.00
806 429.006 73.1 2.53 0.00
807 429.143 42.7 2.54 -0.00
808 429.204 46.6 2.14 0.01
809 429.310 65.1 2.57 0.00
810 429.457 49.2 2.68 0.00
811 429.620 102.1 2.60 0.01
812 430.761 78.8 2.48 -0.00
813 432.211 41.0 2.58 0.01
814 432.495 44.9 2.61 0.00
815 432.771 51.5 2.48 0.00
816 432.938 32.1 2.34 -0.00
817 433.027 56.0 2.58 -0.00
818 433.099 54.0 2.48 0.00
819 433.211 41.0 2.52 0.00
820 433.727 38.4 2.29 0.00
821 433.792 38.4 2.54 0.00
822 433.914 31.3 2.45 0.00
823 434.119 85.0 2.19 0.00
824 434.426 74.8 2.10 0.02
825 434.525 85.0 2.40 0.01
826 434.768 47.5 2.34 0.00
827 434.836 31.9 2.20 0.01
828 435.048 41.5 2.37 0.00
829 435.095 40.4 2.38 0.01
830 436.826 75.4 2.38 -0.00
831 437.782 118.9 2.26 0.01
832 437.891 80.5 1.79 0.01
833 438.546 40.1 2.18 0.02
834 438.925 73.1 2.04 0.37
835 442.127 87.6 2.10 0.37
836 443.564 31.3 2.19 -0.00
837 444.035 22.5 2.52 0.00
838 447.244 68.3 2.11 -0.02
839 447.435 50.6 2.03 0.00
840 447.493 29.6 2.24 0.01
841 448.192 39.3 2.15 0.00
842 448.254 29.9 2.18 0.09
843 450.251 53.5 2.38 -0.00
844 450.476 61.7 2.38 0.00
845 450.558 29.6 2.42 -0.00
846 453.203 22.5 2.64 0.00
847 453.466 51.5 2.76 -0.00
848 453.596 24.2 2.76 -0.01
849 453.647 64.3 2.54 -0.00
850 453.937 55.5 2.66 -0.00
851 454.801 63.4 2.54 -0.00
852 455.917 118.9 2.41 -0.01
853 456.026 53.8 2.13 -0.00
854 456.122 106.7 2.54 -0.00
855 457.146 76.5 2.52 -0.00
856 457.900 109.5 2.02 0.00
857 461.580 27.3 2.44 0.01
858 463.412 67.4 2.81 -0.01
859 463.511 64.0 2.76 -0.01
860 463.593 37.3 2.87 0.00
861 463.976 40.1 2.25 -0.00
862 464.071 36.1 2.37 0.00
863 464.215 36.1 2.89 0.01
864 464.549 11.1 3.07 -0.00
865 464.737 19.3 2.48 -0.01
866 464.863 35.0 2.79 -0.01
867 464.925 53.8 2.72 -0.00
868 465.358 75.4 2.50 -0.00
869 466.375 32.1 3.17 -0.00
870 466.416 43.2 2.83 -0.00
871 467.000 73.1 3.09 0.00
872 467.068 27.3 3.07 -0.01
873 467.287 71.4 3.15 -0.00
874 467.741 37.0 3.11 0.00
875 467.853 22.5 3.14 0.00
876 467.881 15.6 3.15 0.00
877 468.007 24.2 3.06 -0.00
878 468.106 40.1 2.92 -0.01
879 468.355 51.2 3.02 0.00
880 468.430 48.9 2.95 -0.01
881 468.843 70.5 3.00 0.02
882 468.928 45.8 2.97 0.01
883 469.512 30.7 3.05 0.01
884 469.700 46.4 3.05 0.01
885 469.915 51.8 2.95 0.01
886 469.983 50.1 3.05 0.01
887 470.099 64.3 3.22 0.02
888 470.628 91.9 3.00 0.00
889 470.871 34.4 3.12 -0.00
890 471.045 28.2 3.03 0.01
891 471.297 46.6 3.02 0.01
892 471.400 35.6 3.11 -0.00
893 472.103 36.1 3.10 -0.00
894 472.431 37.0 2.92 0.01
895 472.605 48.4 2.98 -0.00
896 472.693 45.5 2.93 0.00
897 472.919 45.8 2.88 -0.00
898 473.079 50.6 2.92 0.00
899 473.171 48.1 2.87 0.00
900 473.328 74.0 2.93 0.02
901 473.567 22.5 2.87 0.01
902 473.697 46.6 2.92 0.01
903 473.786 41.0 2.85 -0.00
904 473.881 75.4 2.80 0.01
905 474.260 14.5 2.81 0.01
906 474.339 27.3 3.03 0.01
907 474.444 41.0 3.00 0.00
908 474.840 51.5 2.73 -0.00
909 475.223 26.5 2.83 0.00
910 475.591 38.7 2.55 -0.01
911 475.769 15.9 2.77 0.00
912 476.625 54.6 2.92 0.01
913 476.960 24.2 2.95 -0.01
914 477.438 41.8 3.00 0.00
915 479.080 32.1 2.61 -0.00
916 479.616 23.3 3.13 0.00
917 480.012 73.1 2.56 0.01
918 480.111 15.9 2.68 0.00
919 480.568 59.4 2.80 -0.01
920 480.640 59.4 2.69 0.00
921 480.756 39.3 2.76 -0.00
922 481.029 19.3 2.54 -0.00
923 481.244 41.0 2.41 -0.00
924 481.606 25.6 2.66 -0.02
925 482.397 29.0 3.00 -0.00
926 483.090 31.3 2.50 0.00
927 483.667 52.9 2.48 -0.01
928 483.892 71.4 2.52 -0.01
929 485.234 55.5 2.85 0.01
930 485.753 24.2 2.62 0.00
931 485.794 23.3 2.80 -0.00
932 485.995 52.3 2.73 0.00
933 486.043 45.2 2.72 0.00
934 486.214 32.1 2.63 -0.00
935 487.166 93.9 2.59 -0.00
936 488.299 23.6 2.65 0.00
937 488.395 39.0 2.56 0.00
938 488.490 58.6 2.91 0.00
939 488.750 31.3 2.59 0.00
940 488.818 31.3 2.71 0.00
941 490.477 42.7 2.61 0.01
942 490.569 41.8 2.48 0.00
943 493.815 52.1 2.86 0.43
944 500.724 52.9 2.21 -0.00
945 501.229 19.3 2.38 -0.01
946 501.389 25.3 2.34 -0.01
947 501.440 44.7 2.29 -0.01
948 501.942 56.3 2.51 -0.00
949 502.116 89.9 2.44 0.30
950 502.413 82.8 2.26 -0.01
951 503.393 77.9 2.58 -0.01
952 503.458 46.4 1.85 -0.01
953 504.390 72.5 2.43 -0.01
954 505.492 23.0 2.33 -0.01
955 505.741 62.9 2.12 -0.01
956 506.164 50.6 2.75 -0.00
957 506.721 33.3 2.72 -0.02
958 506.967 33.0 2.73 -0.01
959 507.045 44.1 2.76 -0.01
960 507.124 67.4 2.65 -0.01
961 508.175 50.6 2.64 -0.01
962 513.520 48.9 2.24 0.00
963 513.728 64.3 2.83 0.01
964 517.271 107.8 2.69 0.01
965 517.562 48.9 2.37 0.00
966 517.637 50.6 2.60 0.00
967 518.947 49.2 2.66 0.01
968 519.589 24.2 2.90 0.00
969 524.351 49.8 2.64 0.01
970 524.733 60.6 3.01 0.05
971 526.115 73.1 2.33 0.33
972 528.785 32.1 2.42 0.01
973 528.832 37.0 2.84 -0.02
974 529.317 61.2 2.30 -0.01
975 529.402 81.1 2.51 -0.00
976 529.553 30.4 2.66 -0.02
977 529.590 18.5 2.60 0.01
978 529.658 89.0 2.63 -0.01
979 531.055 45.8 2.76 0.00
980 531.177 66.6 2.72 -0.00
981 531.235 36.1 2.64 0.00
982 531.293 49.8 2.71 -0.01
983 531.904 94.7 2.67 -0.00
984 531.966 55.5 2.75 -0.00
985 532.020 26.2 2.78 -0.01
986 532.283 68.8 2.64 -0.00
987 533.420 37.0 2.74 0.00
988 533.570 52.3 2.68 -0.00
989 533.659 51.5 2.70 -0.00
990 534.580 26.5 2.07 0.01
991 534.652 107.5 2.61 0.01
992 534.918 33.0 2.65 -0.00
993 534.976 18.5 2.40 -0.01
994 535.618 46.6 2.68 0.01
995 535.881 60.0 2.69 -0.00
996 535.949 42.7 2.69 -0.00
997 536.031 36.7 2.50 -0.01
998 536.209 64.9 2.45 0.01
999 536.461 81.9 2.36 -0.00
1000 536.710 40.1 2.42 0.01
1001 537.001 77.1 2.45 0.01
1002 537.076 56.6 2.54 0.01
1003 537.147 29.0 2.49 0.00
1004 537.676 32.1 2.34 0.00
1005 537.745 40.7 2.46 0.00
1006 538.007 29.6 2.76 0.00
1007 539.919 24.2 2.59 0.01
1008 539.953 44.1 2.42 0.00
1009 540.827 16.8 2.15 0.01
1010 540.946 59.4 2.22 -0.00
1011 541.028 85.9 2.49 -0.01
1012 541.199 37.0 2.30 0.01
1013 541.441 105.2 2.23 0.01
1014 541.858 82.8 2.44 0.01
1015 541.964 65.7 2.51 0.01
1016 542.691 96.1 2.82 0.01
1017 542.957 50.6 2.87 0.01
1018 543.281 23.9 2.82 0.00
1019 543.336 48.9 2.43 0.01
1020 544.111 85.0 2.56 0.07
1021 545.974 44.9 2.61 0.34
1022 547.572 41.8 2.62 -0.09
1023 551.371 28.2 2.76 -0.01
1024 551.415 23.0 2.67 -0.01
1025 554.876 22.5 2.54 0.00
1026 554.944 70.0 2.65 -0.00
1027 555.057 31.3 2.51 -0.00
1028 555.119 22.5 2.55 -0.01
1029 555.197 59.4 2.70 0.01
1030 556.033 155.9 2.56 -0.01
1031 556.177 37.5 2.47 -0.01
1032 556.259 29.6 2.46 -0.01
1033 556.494 57.7 2.29 0.00
1034 556.569 36.1 2.24 -0.01
1035 556.620 41.0 2.30 0.00
1036 556.794 22.2 2.44 0.00
1037 556.951 82.8 2.47 -0.01
1038 557.211 87.9 2.24 0.00
1039 557.999 49.5 2.31 0.00
1040 558.167 68.3 2.46 -0.00
1041 558.443 82.8 2.33 -0.00
1042 558.518 52.9 2.43 0.01
1043 558.805 44.4 2.33 -0.00
1044 558.856 37.0 2.43 -0.01
1045 558.976 50.6 2.35 -0.00
1046 559.040 58.6 2.41 0.00
1047 559.105 64.3 2.45 -0.00
1048 559.201 36.7 2.37 0.00
1049 559.259 53.5 2.32 0.00
1050 559.317 47.5 2.17 0.00
1051 559.416 51.5 2.31 -0.00
1052 559.505 54.0 2.47 0.00
1053 559.576 37.5 2.38 0.00
1054 559.709 86.8 2.43 0.01
1055 559.798 66.3 2.58 0.01
1056 560.061 28.2 2.98 0.01
1057 560.269 41.0 2.65 -0.00
1058 560.566 104.4 2.97 -0.00
1059 560.652 68.6 2.58 -0.00
1060 560.826 86.8 2.74 0.00
1061 560.925 53.5 2.77 0.00
1062 561.129 29.6 2.69 0.01
1063 561.170 25.3 2.79 0.01
1064 561.208 32.7 2.90 -0.00
1065 561.437 52.9 2.75 0.00
1066 565.413 32.1 2.39 0.00
1067 565.727 27.3 2.48 -0.00
1068 566.379 114.1 2.31 -0.00
1069 566.461 37.8 2.46 0.00
1070 567.642 37.8 2.67 0.17
1071 569.465 30.4 2.67 -0.00
1072 572.697 28.2 2.67 0.00
1073 573.875 77.7 2.32 -0.08
1074 574.288 68.3 2.21 0.00
1075 574.540 54.6 2.66 0.00
1076 574.704 48.9 2.53 0.01
1077 575.162 78.2 2.59 -0.00
1078 575.247 74.2 2.41 0.00
1079 575.947 83.6 1.77 -0.00
1080 576.046 29.0 2.55 -0.00
1081 576.332 30.4 2.36 -0.00
1082 576.462 41.0 2.48 0.00
1083 577.445 89.9 2.65 0.00
1084 579.114 48.1 2.95 0.00
1085 579.398 25.9 2.90 0.00
1086 580.517 41.8 2.92 0.00
1087 580.715 35.3 2.85 -0.01
1088 580.777 42.7 2.61 -0.00
1089 580.838 35.3 3.02 0.00
1090 581.220 22.5 2.52 -0.01
1091 581.770 54.3 2.98 -0.00
1092 582.555 54.6 2.69 -0.00
1093 583.050 41.0 2.99 0.00
1094 583.121 26.5 2.87 0.00
1095 583.268 55.5 2.67 -0.01
1096 583.668 58.6 2.98 0.00
1097 583.780 64.3 2.84 0.02
1098 583.896 39.5 2.96 0.01
1099 584.415 37.8 2.92 -0.01
1100 584.866 98.7 2.97 0.01
1101 585.982 24.2 3.02 0.00
1102 589.132 42.7 2.78 0.01
1103 591.682 35.3 2.71 0.01
1104 591.976 59.4 2.53 -0.00
1105 592.129 35.6 2.99 -0.01
1106 592.221 43.0 3.09 -0.00
1107 594.583 63.4 3.02 0.01
1108 594.696 69.4 2.95 0.01
1109 594.781 74.0 2.81 0.00
1110 595.205 82.8 2.90 0.00
1111 595.283 70.8 3.00 0.00
1112 595.351 54.3 2.91 0.00
1113 595.611 41.0 3.00 0.00
1114 596.406 72.5 3.12 -0.00
1115 597.027 17.6 2.97 0.02
1116 597.563 72.2 2.85 0.01
1117 597.795 72.2 2.89 -0.00
1118 599.082 83.9 2.66 0.00
1119 599.741 36.1 2.57 0.00
1120 600.608 54.6 2.71 0.00
1121 600.772 26.5 2.56 0.00
1122 600.908 21.6 2.73 0.01
1123 602.857 27.3 2.77 0.00
1124 607.319 47.5 2.87 -0.00
1125 607.626 67.1 2.87 -0.00
1126 607.694 41.0 2.92 0.00
1127 608.022 69.1 2.86 -0.01
1128 608.087 45.8 2.93 -0.00
1129 608.947 115.5 2.73 0.00
1130 609.254 18.5 2.75 -0.01
1131 609.288 32.1 2.92 -0.01
1132 609.868 61.2 2.83 0.01
1133 610.012 93.9 2.64 0.00
1134 611.022 44.9 2.60 -0.00
1135 611.247 54.9 2.55 -0.01
1136 613.162 43.0 2.64 0.00
1137 613.589 70.0 2.88 -0.01
1138 613.739 70.0 2.43 -0.11
1139 614.097 68.0 2.65 -0.00
1140 614.193 64.9 2.49 -0.01
1141 615.183 58.6 2.42 -0.01
1142 615.282 62.6 2.46 0.01
1143 615.354 72.2 2.13 0.00
1144 615.702 41.8 2.33 0.00
1145 615.791 34.1 2.59 -0.01
1146 615.900 48.1 2.55 0.01
1147 616.139 27.3 2.98 -0.01
1148 616.186 40.1 2.64 -0.00
1149 616.241 50.6 2.89 -0.00
1150 616.442 51.5 2.89 -0.00
1151 617.606 73.4 2.73 0.01
1152 617.641 21.6 3.08 -0.00
1153 617.705 44.7 2.75 -0.00
1154 617.852 98.1 2.60 -0.00
1155 617.961 71.4 2.61 0.00
1156 618.033 54.6 2.68 -0.00
1157 618.088 47.8 2.59 -0.01
1158 618.279 18.5 2.77 -0.00
1159 618.419 48.9 2.78 0.00
1160 618.910 33.8 2.97 0.00
1161 618.975 33.6 2.91 -0.00
1162 619.354 45.5 2.81 0.00
1163 619.562 50.6 2.64 -0.00
1164 619.637 44.7 2.74 -0.00
1165 619.736 36.7 2.82 0.00
1166 619.794 41.5 2.71 0.01
1167 619.839 41.0 2.72 -0.01
1168 619.890 27.3 2.61 0.01
1169 620.013 46.6 2.67 -0.00
1170 620.149 107.2 2.81 -0.00
1171 620.265 100.4 2.84 0.00
1172 620.402 27.3 2.80 0.00
1173 620.743 34.4 2.84 -0.00
1174 620.794 27.6 2.89 -0.00
1175 620.941 127.7 2.81 0.00
1176 621.303 84.8 2.68 0.00
1177 621.392 57.5 2.88 0.01
1178 621.463 37.5 2.66 0.01
1179 622.580 76.2 2.44 0.00
1180 622.699 70.3 2.70 0.00
1181 622.921 40.1 2.60 -0.00
1182 623.020 37.0 2.69 0.00
1183 623.105 63.4 2.71 0.00
1184 623.474 58.3 2.49 0.00
1185 623.747 68.3 2.45 0.00
1186 623.853 22.5 2.48 0.00
1187 623.983 44.9 2.60 -0.00
1188 624.116 44.4 2.68 -0.00
1189 624.303 16.8 2.61 -0.00
1190 624.464 159.0 2.63 0.00
1191 624.607 124.0 2.59 0.00
1192 624.689 51.8 2.51 -0.00
1193 624.966 71.4 2.31 -0.00
1194 625.389 40.7 2.44 -0.01
1195 625.505 47.5 2.41 -0.00
1196 625.737 97.6 2.50 0.00
1197 625.952 53.8 2.49 -0.01
1198 626.027 56.3 2.48 -0.01
1199 626.164 42.7 2.54 -0.01
1200 626.225 49.5 2.47 -0.01
1201 626.283 41.0 2.55 0.00
1202 626.379 60.6 2.52 -0.01
1203 626.457 76.8 2.50 0.00
1204 626.539 32.1 2.57 -0.01
1205 626.597 62.6 2.49 0.00
1206 626.959 22.5 2.52 -0.00
1207 627.031 98.7 2.47 0.00
1208 627.570 130.8 2.53 0.18
1209 627.689 44.1 2.53 -0.00
1210 627.771 50.6 2.56 -0.00
1211 627.949 71.4 2.44 0.00
1212 628.154 51.5 2.51 -0.01
1213 628.229 14.5 2.88 -0.00
1214 628.597 39.0 2.65 -0.01
1215 628.874 27.3 2.30 0.01
1216 630.065 17.6 2.46 0.00
1217 630.164 44.9 2.48 -0.00
1218 630.287 66.6 2.61 0.01
1219 630.355 49.5 2.48 0.01
1220 630.611 17.6 2.50 -0.01
1221 630.802 27.3 2.67 0.01
1222 630.850 41.8 2.61 -0.01
1223 630.918 64.3 2.66 -0.00
1224 630.990 23.3 2.46 -0.01
1225 631.659 91.3 3.13 -0.09
1226 631.977 51.5 2.43 -0.01
1227 632.407 26.5 2.56 -0.01
1228 632.478 32.4 2.76 -0.01
1229 632.642 72.2 2.72 -0.01
1230 632.772 33.0 2.64 -0.01
1231 632.902 53.8 2.41 0.00
1232 633.178 37.0 2.78 -0.01
1233 634.260 145.1 2.66 -0.01
1234 634.663 36.1 2.38 0.00
1235 634.827 96.4 2.97 -0.01
1236 634.943 94.7 2.78 -0.01
1237 635.400 36.1 2.66 -0.00
1238 635.526 52.1 2.81 -0.01
1239 635.687 69.1 2.84 -0.00
1240 635.799 93.9 2.76 -0.00
1241 635.977 54.6 2.67 -0.01
1242 636.049 55.5 2.52 -0.01
1243 637.632 33.6 2.18 0.00
1244 637.772 44.9 2.68 -0.00
1245 637.970 81.1 2.15 0.00
1246 638.226 17.6 2.33 0.01
1247 639.397 44.1 2.17 0.00
1248 639.472 17.6 1.95 -0.00
1249 639.643 31.3 2.11 0.00
1250 639.684 17.6 2.23 -0.00
1251 639.773 77.1 2.16 -0.00
1252 639.875 86.8 2.11 0.00
1253 640.104 17.6 2.26 0.00
1254 641.817 118.9 2.14 0.01
1255 642.264 163.8 2.35 0.00
1256 643.824 41.0 2.93 -0.12
1257 644.432 45.8 3.09 0.01
1258 644.490 48.1 2.03 0.01
1259 644.585 56.3 3.07 0.00
1260 645.080 62.6 3.00 0.01
1261 645.231 29.0 2.99 0.01
1262 645.370 69.1 3.00 0.01
1263 645.620 57.7 2.37 0.01
1264 645.674 41.8 3.06 0.01
1265 646.077 51.8 2.82 0.00
1266 646.835 55.5 2.83 0.00
1267 646.937 18.5 3.03 0.01
1268 647.016 46.9 2.67 0.00
1269 647.046 42.1 2.71 0.01
1270 648.767 18.5 2.56 0.01
1271 654.170 41.0 2.67 0.30
1272 655.255 44.9 3.03 0.18
1273 655.699 41.8 2.82 0.23
1274 656.942 24.2 2.90 0.22
1275 659.986 32.1 2.82 0.01
1276 660.106 41.2 2.92 0.03
1277 661.355 41.8 2.77 0.01
1278 661.638 39.0 2.56 -0.01
1279 661.690 44.1 2.47 0.00
1280 661.778 50.9 2.88 -0.02
1281 662.639 19.1 3.13 -0.01
1282 663.222 20.8 2.99 -0.01
1283 663.683 94.4 2.62 -0.01
1284 663.837 85.0 2.74 -0.01
1285 664.437 83.6 2.60 -0.00
1286 664.574 96.4 2.59 -0.01
1287 664.659 36.1 2.49 -0.01
1288 664.789 28.2 2.60 -0.01
1289 665.216 67.4 2.91 -0.00
1290 665.738 54.0 2.71 -0.01
1291 665.809 54.0 2.78 -0.01
1292 666.533 62.6 2.82 -0.01
1293 666.639 57.5 2.67 -0.01
1294 667.485 50.6 2.32 -0.00
1295 667.786 46.6 2.62 -0.00
1296 668.032 29.0 2.49 -0.01
1297 668.800 39.3 2.50 0.00
1298 668.909 66.0 2.60 0.00
1299 669.004 56.3 2.61 -0.00
1300 669.226 44.9 2.53 0.00
1301 669.342 50.6 2.54 0.00
1302 669.438 68.3 2.53 0.00
1303 669.571 33.0 2.48 0.00
1304 670.039 57.2 2.08 -0.01
1305 670.749 25.6 2.38 0.00
1306 670.960 16.8 2.37 0.00
1307 671.090 69.1 2.61 -0.01
1308 671.151 26.5 2.57 0.00
1309 671.240 22.5 2.73 -0.00
1310 671.848 50.1 2.67 0.01
1311 671.967 113.8 2.79 0.00
1312 672.356 55.5 2.67 -0.00
1313 672.500 65.7 2.85 -0.00
1314 672.585 120.6 2.66 -0.00
1315 673.254 26.5 2.86 0.00
1316 673.619 45.5 2.34 0.01
1317 673.681 58.9 2.34 0.00
1318 674.090 37.0 2.36 -0.00
1319 674.186 56.6 2.65 -0.00
1320 674.339 67.4 2.61 0.01
1321 674.421 68.6 2.77 0.01
1322 674.872 90.7 2.51 0.01
1323 675.019 41.8 2.43 -0.00
1324 675.159 61.7 2.50 0.00
1325 677.357 151.0 2.52 0.00
1326 677.712 49.8 2.39 0.01
1327 677.937 18.5 2.76 -0.00
1328 677.995 59.4 2.68 -0.00
1329 678.255 36.1 2.62 0.00
1330 679.442 50.3 2.67 -0.00
1331 679.558 81.1 2.58 0.00
1332 680.098 109.2 2.46 0.01
1333 682.866 54.6 2.47 -0.02
1334 683.105 77.1 2.48 -0.00
1335 683.323 41.2 2.43 0.01
1336 683.781 50.9 2.34 0.00
1337 685.375 96.4 2.51 -0.01
1338 685.641 37.0 2.85 0.00
1339 686.098 85.9 2.68 0.00
1340 686.221 70.5 2.58 0.00
1341 687.064 48.1 2.49 0.01
1342 687.450 74.8 2.46 -0.00
1343 687.593 20.8 2.43 -0.01
1344 687.870 52.1 2.43 -0.01
1345 688.798 54.6 2.42 -0.00
1346 688.849 41.0 2.46 0.00
1347 689.484 70.3 2.29 0.00
1348 689.570 26.7 2.24 -0.01
1349 689.614 33.8 2.25 0.00
1350 690.184 58.6 2.30 -0.02
1351 691.010 27.3 2.34 0.00
1352 691.863 23.3 2.22 -0.00
1353 691.973 57.5 2.21 -0.00
1354 692.065 89.9 2.26 0.00
1355 692.618 22.5 2.22 0.01
1356 692.870 58.0 2.18 -0.00
1357 693.802 11.1 2.53 -0.00
1358 693.881 18.8 2.00 0.00
1359 694.533 73.7 2.14 0.01
1360 694.652 48.1 2.10 0.01
1361 694.772 49.5 2.13 0.01
1362 696.188 41.0 2.35 0.01
1363 696.273 127.7 2.40 0.01
1364 696.553 49.8 2.44 0.01
1365 696.642 31.3 2.44 0.01
1366 697.560 33.6 2.44 -0.00
1367 697.803 40.1 2.36 0.01
1368 698.332 34.4 2.17 -0.02
1369 698.496 23.3 2.24 0.00
1370 698.680 62.6 2.13 0.00
1371 699.004 54.6 2.23 0.01
1372 700.141 32.1 2.07 -0.00
1373 700.909 59.7 2.26 0.00
1374 701.284 47.5 2.22 0.01
1375 703.981 41.8 1.92 -0.03
1376 704.650 37.0 2.02 -0.06
1377 705.575 19.3 1.99 0.01
1378 706.879 49.8 2.07 0.00
1379 707.360 57.7 2.07 0.01
1380 709.388 97.0 2.11 0.00
1381 710.432 20.8 2.22 -0.01
1382 710.995 48.9 1.82 -0.01
1383 711.145 32.1 2.32 -0.01
1384 711.217 29.6 2.22 -0.01
1385 713.282 72.8 2.28 -0.01
1386 713.808 49.8 2.13 -0.00
1387 713.955 65.7 2.14 0.19
1388 714.538 72.2 2.16 0.00
1389 714.842 40.1 2.23 -0.00
1390 714.948 28.2 2.22 -0.01
1391 715.002 15.4 2.33 -0.01
1392 715.060 77.1 2.25 -0.01
1393 715.306 69.1 2.02 0.00
1394 715.832 66.0 2.23 0.01
1395 715.910 69.1 2.77 -0.01
1396 716.231 128.0 2.74 -0.01
1397 716.702 233.0 2.69 0.00
1398 717.050 55.2 2.19 -0.01
1399 717.129 58.6 1.98 -0.01
1400 718.849 41.8 2.59 -0.00
1401 718.959 58.9 2.31 -0.00
1402 719.061 57.5 2.79 -0.00
1403 719.262 20.2 2.60 0.00
1404 719.706 32.4 2.32 -0.01
1405 719.996 44.1 2.24 0.00
1406 720.099 62.9 2.22 0.00
1407 720.204 100.4 2.21 -0.00
1408 720.310 76.2 2.34 -0.00
1409 720.481 59.4 2.35 0.01
1410 720.675 23.3 2.19 0.00
1411 720.716 41.0 2.17 -0.00
1412 721.399 49.5 2.48 -0.01
1413 721.460 75.1 2.34 0.00
1414 721.607 80.5 2.31 0.00
1415 721.798 95.6 1.96 -0.00
1416 721.873 27.3 2.30 0.00
1417 722.249 21.6 2.38 0.00
1418 722.368 55.5 2.18 -0.01
1419 722.641 25.6 2.31 0.01
1420 722.672 26.5 2.34 0.01
1421 723.092 22.5 2.12 -0.02
1422 723.123 27.3 1.92 0.00
1423 723.809 93.9 1.74 -0.01
1424 724.055 22.5 2.55 -0.01
1425 724.546 62.0 2.63 -0.01
1426 724.642 37.8 1.90 -0.00
1427 724.724 45.5 2.66 -0.00
1428 725.389 17.6 1.91 0.00
1429 725.683 46.4 2.43 0.01
1430 726.697 30.4 2.83 -0.01
1431 726.734 27.0 2.88 -0.01
1432 727.089 100.1 2.34 -0.00
1433 727.222 146.2 2.26 -0.00
1434 727.652 82.2 2.18 -0.00
1435 727.949 51.5 2.49 -0.00
1436 728.024 47.2 2.31 -0.00
1437 728.352 154.2 2.66 -0.00
1438 728.512 97.8 2.40 -0.00
1439 728.949 52.9 2.59 0.01
1440 729.127 41.8 2.40 -0.00
1441 730.588 45.8 2.23 0.01
1442 730.673 53.5 2.11 0.01
1443 731.308 74.0 2.62 -0.00
1444 732.219 60.3 2.52 -0.00
1445 732.393 69.1 1.93 0.00
1446 732.585 73.1 2.29 0.01
1447 733.120 73.4 2.45 -0.00
1448 733.434 35.3 2.23 -0.00
1449 733.503 44.9 2.19 0.01
1450 733.953 122.9 2.02 0.02
1451 734.513 80.2 2.39 0.13
1452 734.772 59.4 2.34 -0.05
1453 735.332 76.5 2.15 0.01
1454 735.428 48.6 2.20 -0.00
1455 735.537 41.8 2.19 0.01
1456 735.814 36.1 2.38 0.01
1457 736.083 40.1 2.30 0.36
1458 736.459 22.5 2.33 0.00
1459 736.674 93.0 2.35 0.01
1460 736.858 77.1 2.33 -0.00
1461 737.025 40.1 2.41 0.01
1462 737.872 66.0 2.08 0.36
1463 738.060 70.3 1.98 0.00
1464 738.367 30.4 2.16 0.01
1465 739.124 48.9 2.43 0.01
1466 741.415 52.9 2.43 0.16
1467 742.156 40.1 2.35 0.03
1468 743.753 32.1 2.25 0.04
1469 747.405 21.9 2.23 -0.00
1470 747.846 76.2 2.29 -0.01
1471 747.941 40.1 2.25 -0.00
1472 748.061 38.4 2.24 -0.01
1473 748.603 40.1 2.32 -0.01
1474 748.955 41.8 2.22 -0.01
1475 749.296 41.0 2.30 -0.01
1476 749.952 76.5 2.19 -0.02
1477 750.033 40.1 2.15 -0.00
1478 750.235 55.5 2.26 -0.01
1479 750.296 52.1 2.17 -0.01
1480 750.354 47.2 2.23 -0.02
1481 750.860 67.4 2.27 -0.01
1482 751.027 37.0 2.32 -0.02
1483 751.119 109.2 2.31 -0.02
1484 751.283 90.7 2.32 -0.01
1485 751.559 44.9 2.19 -0.01
1486 752.785 58.6 2.06 -0.01
1487 753.157 120.6 2.07 -0.01
1488 753.904 43.8 2.19 -0.02
1489 754.194 55.5 2.13 -0.00
1490 755.177 59.4 2.16 -0.00
1491 755.382 19.3 2.09 -0.01
1492 755.621 82.5 2.19 -0.01
1493 755.754 81.9 2.27 -0.01
1494 757.318 160.7 2.51 -0.00
1495 758.393 47.5 2.14 0.02
1496 758.505 75.7 2.62 0.01
1497 760.188 133.4 2.65 0.00
1498 760.277 16.8 2.49 -0.00
1499 760.499 60.9 2.42 0.00
1500 760.622 50.6 2.60 0.00
1501 760.823 36.1 2.85 0.01
1502 761.424 43.0 2.51 0.01
1503 761.598 92.4 2.58 0.01
1504 762.666 57.7 2.58 0.01
1505 762.755 41.8 2.56 0.01
1506 762.874 136.5 2.58 0.00
1507 763.165 60.3 2.50 0.00
1508 763.516 85.9 2.46 0.01
1509 763.854 72.8 2.53 0.00
1510 763.933 60.6 2.50 0.00
1511 764.393 64.3 2.18 0.01
1512 764.489 28.2 2.57 0.00
1513 764.527 32.1 2.47 0.01
1514 764.752 59.2 2.57 0.01
1515 764.994 45.2 2.65 0.01
1516 765.110 36.1 2.31 0.00
1517 766.305 127.1 2.24 0.01
1518 766.448 131.7 2.39 0.00
1519 766.602 94.7 2.07 0.01
1520 766.691 77.7 2.51 0.01
1521 766.783 46.6 2.47 0.00
1522 767.240 107.5 2.55 0.01
1523 767.319 64.9 2.63 0.00
1524 767.496 64.3 2.50 0.00
1525 767.622 55.2 2.62 0.00
1526 767.899 24.2 2.62 0.00
1527 768.100 81.6 2.53 0.00
1528 768.223 49.5 2.53 -0.00
1529 768.254 41.8 2.62 -0.00
1530 768.319 23.9 2.57 0.00
1531 768.640 18.5 2.44 0.00
1532 768.687 18.5 2.43 0.00
1533 768.742 39.0 2.61 0.00
1534 768.848 102.7 2.54 0.00
1535 769.565 78.8 2.30 0.00
1536 769.674 90.7 2.43 -0.00
1537 769.838 39.3 2.46 0.01
1538 769.991 33.8 2.56 0.00
1539 770.592 23.3 2.25 0.00
1540 770.701 41.0 2.33 0.01
1541 770.913 29.3 2.40 -0.01
1542 772.353 60.3 2.26 0.00
1543 772.975 54.3 2.48 -0.00
1544 773.091 66.0 2.57 -0.01
1545 773.190 14.5 2.42 -0.01
1546 773.456 150.2 2.31 -0.01
1547 773.794 46.4 2.31 -0.00
1548 773.893 46.6 2.33 -0.00
1549 774.207 21.6 2.32 -0.00
1550 774.412 35.0 2.51 -0.01
1551 774.545 51.5 2.38 -0.01
1552 775.791 57.7 2.22 -0.01
1553 775.913 51.5 2.22 0.01
1554 775.999 57.7 2.15 -0.01
1555 776.105 46.6 2.15 -0.01
1556 776.231 44.1 2.11 0.01
1557 776.965 132.6 2.37 -0.00
1558 777.327 26.5 2.27 -0.01
1559 777.729 70.3 2.25 -0.01
1560 777.931 55.5 2.53 -0.01
1561 779.050 50.1 2.05 -0.01
1562 779.224 36.1 2.55 -0.01
1563 779.593 86.8 2.06 -0.01
1564 780.190 136.5 2.20 -0.01
1565 780.392 50.6 2.25 -0.02
1566 781.040 96.4 2.22 -0.01
1567 781.163 62.6 2.12 -0.01
1568 781.293 32.1 2.35 -0.00
1569 781.521 15.4 2.17 -0.00
1570 782.037 72.0 2.34 0.00
1571 782.146 33.0 2.37 0.00
1572 782.330 62.6 2.43 -0.01
1573 782.839 51.5 2.52 -0.00
1574 783.146 109.5 2.52 0.00
1575 783.453 49.8 2.40 0.00
1576 783.839 84.2 2.50 0.00
1577 784.030 124.3 2.36 0.00
1578 784.382 116.6 2.17 0.00
1579 784.419 22.2 2.44 0.01
1580 784.570 50.6 2.45 0.01
1581 784.901 49.8 2.41 0.01
1582 784.969 37.8 2.78 0.01
1583 785.013 25.9 2.54 0.01
1584 785.194 52.3 2.74 0.00
1585 785.368 19.3 2.41 0.00
1586 786.300 23.3 2.34 0.01
1587 786.345 27.6 2.35 0.01
1588 786.396 30.4 2.70 0.01
1589 786.515 37.0 2.25 0.01
1590 787.181 93.3 2.55 0.01
1591 787.283 65.7 2.45 0.01
1592 787.423 42.1 2.59 0.01
1593 787.502 46.1 2.60 0.01
1594 788.666 24.2 2.60 0.00
1595 788.891 41.8 2.51 0.02
1596 789.068 101.5 2.59 0.01
1597 790.051 61.7 2.54 0.01
1598 790.225 30.4 2.62 0.03
1599 790.690 78.8 2.42 0.00
1600 796.608 48.1 2.80 -0.01
1601 797.540 59.4 2.79 0.00
1602 798.482 11.9 2.58 -0.01
1603 798.537 31.6 3.07 -0.01
1604 798.588 37.0 2.66 -0.01
1605 798.834 50.1 3.04 -0.01
1606 799.711 47.2 2.47 -0.01
1607 799.957 56.6 2.56 -0.02
1608 800.029 78.8 2.95 -0.02
1609 800.363 68.3 3.13 -0.01
1610 800.483 65.7 3.11 -0.01
1611 800.564 43.8 3.10 -0.01
1612 800.807 30.7 3.14 0.01
1613 801.373 49.8 3.11 -0.02
1614 801.609 48.9 2.97 -0.02
1615 801.681 68.3 2.96 -0.01
1616 802.165 36.1 2.95 0.00
1617 802.261 19.3 2.90 -0.02
1618 802.333 45.8 2.84 -0.02
1619 804.268 72.8 2.93 -0.01
1620 804.377 89.3 2.84 -0.01
1621 804.599 42.7 2.67 -0.01
1622 804.797 41.8 3.03 0.00
1623 806.097 40.1 2.61 0.00
1624 806.336 20.8 2.75 0.00
1625 806.613 32.1 2.52 0.00
1626 806.913 26.5 2.67 0.00
1627 806.985 36.1 2.73 -0.00
1628 807.135 61.7 2.64 -0.00
1629 807.197 26.5 2.71 -0.00
1630 807.231 31.3 2.53 -0.01
1631 808.825 87.0 2.65 -0.01
1632 809.849 37.0 2.72 0.02
1633 809.910 61.7 2.50 0.00
1634 810.914 45.8 2.55 0.00
1635 810.989 84.8 2.51 -0.00
1636 812.528 19.3 2.80 0.02
1637 812.750 42.1 2.12 0.01
1638 812.805 99.0 2.53 0.01
1639 812.911 122.9 2.54 0.00
1640 813.061 72.8 2.69 0.01
1641 813.511 33.0 2.69 0.00
1642 814.320 70.5 2.64 -0.02
1643 815.075 73.1 2.49 0.01
1644 815.399 15.4 2.27 0.01
1645 815.426 15.4 2.47 0.00
1646 815.460 19.3 2.49 0.01
1647 815.638 26.5 2.34 0.01
1648 815.825 40.7 2.50 0.01
1649 815.901 39.5 2.57 0.01
1650 816.027 54.6 2.50 -0.01
1651 819.901 29.0 2.20 0.05
1652 825.161 53.8 2.53 -0.01
1653 825.519 48.1 2.69 0.00
1654 825.762 93.6 2.67 0.00
1655 825.868 50.9 2.60 0.00
1656 826.932 45.8 2.66 -0.00
1657 827.096 33.0 2.75 -0.00
1658 827.325 63.4 2.77 -0.00
1659 827.793 50.6 2.78 -0.00
1660 827.864 50.6 2.57 -0.01
1661 828.001 31.9 2.63 0.01
1662 828.086 31.6 2.81 -0.01
1663 828.165 39.3 2.71 -0.00
1664 828.520 98.1 2.63 -0.01
1665 828.677 21.6 2.75 -0.01
1666 828.793 46.6 2.55 -0.00
1667 828.912 19.3 2.68 -0.00
1668 829.325 59.4 2.50 -0.00
1669 829.486 27.3 2.81 -0.00
1670 829.779 41.8 2.91 0.00
1671 829.909 99.6 2.98 0.00
1672 830.018 27.3 3.01 -0.00
1673 830.308 65.1 2.97 -0.01
1674 830.547 37.0 2.84 -0.01
1675 830.633 38.7 2.93 -0.01
1676 830.680 45.2 2.92 -0.00
1677 831.834 41.8 3.05 0.01
1678 832.046 33.8 3.01 0.00
1679 832.233 77.9 2.00 0.00
1680 832.445 79.1 2.94 -0.00
1681 832.558 35.3 2.92 -0.03
1682 832.633 52.3 2.86 -0.03
1683 834.664 33.8 2.89 0.01
1684 835.241 68.3 2.84 0.01
1685 835.312 54.9 2.75 -0.00
1686 836.971 59.4 2.77 0.00
1687 837.224 94.2 2.85 -0.00
1688 837.439 41.0 2.71 0.00
1689 837.514 45.8 2.92 0.00
1690 837.650 50.6 2.70 -0.01
1691 837.859 32.1 2.41 0.00
1692 838.029 81.9 2.81 -0.00
1693 838.121 57.2 2.70 -0.00
1694 838.415 77.4 2.79 -0.00
1695 838.763 75.4 2.71 -0.00
1696 838.982 32.1 2.68 0.00
1697 839.070 27.3 2.60 -0.01
1698 839.145 78.8 2.72 0.01
1699 839.330 64.9 2.58 0.00
1700 839.395 34.1 2.68 0.00
1701 839.476 35.6 2.24 -0.00
1702 839.572 37.5 2.82 0.01
1703 840.705 81.6 2.68 -0.00
1704 840.770 58.3 2.70 0.01
1705 840.835 51.5 2.82 0.00
1706 840.873 11.9 2.77 0.00
1707 841.555 30.4 2.84 0.00
1708 841.770 41.0 2.80 -0.00
1709 842.118 24.2 2.82 0.00
1710 842.402 44.1 2.88 -0.00
1711 842.552 33.0 2.94 0.00
1712 842.709 48.1 2.82 -0.01
1713 842.787 66.0 2.88 -0.01
1714 842.876 42.4 2.89 0.01
1715 842.934 32.1 2.73 0.00
1716 843.289 79.1 2.88 0.00
1717 844.064 77.1 2.65 0.00
1718 844.607 35.3 2.82 0.00
1719 845.013 22.8 2.73 0.01
1720 845.385 103.5 2.68 0.00
1721 845.777 21.6 2.61 -0.01
1722 845.829 23.3 2.66 0.00
1723 845.955 26.5 2.68 0.00
1724 846.354 20.8 2.68 0.00
1725 846.426 57.5 2.12 0.00
1726 846.600 64.9 2.65 0.00
1727 846.747 27.3 2.59 -0.00
1728 846.877 41.0 2.51 -0.00
1729 847.023 31.3 2.58 -0.00
1730 847.204 64.3 2.92 0.00
1731 847.375 35.3 2.51 -0.00
1732 847.457 32.1 2.47 0.00
1733 847.849 37.5 2.74 0.00
1734 847.901 26.5 2.56 0.00
1735 848.112 14.5 2.40 0.00
1736 848.860 27.0 2.47 -0.01
1737 849.437 54.6 2.59 0.00
1738 850.065 41.0 2.69 0.00
1739 850.297 31.3 2.49 0.01
1740 850.874 22.5 2.70 0.00
1741 851.191 25.6 2.54 -0.00
1742 851.246 68.3 2.57 0.00
1743 851.491 107.2 2.58 0.10
1744 852.331 47.8 2.60 0.01
1745 852.918 50.6 2.70 -0.00
1746 852.976 37.0 2.86 -0.00
1747 853.085 17.6 2.64 0.01
1748 853.150 89.9 2.56 0.00
1749 854.086 35.3 2.80 -0.01
1750 854.273 15.9 2.63 0.01
1751 857.076 45.8 2.48 0.00
1752 857.161 49.2 2.42 0.00
1753 857.393 44.9 2.33 -0.00
1754 857.707 89.0 2.30 -0.00
1755 857.792 68.3 2.34 0.01
1756 858.284 22.5 2.21 -0.00
1757 858.414 37.0 2.71 -0.00
1758 858.523 46.4 2.88 -0.00
1759 859.178 39.8 2.75 0.01
1760 859.264 33.0 2.62 0.01
1761 860.919 69.1 2.45 -0.01
1762 862.083 41.0 2.42 -0.00
1763 862.144 41.8 2.18 -0.00
1764 862.209 54.6 1.99 -0.00
1765 862.854 46.9 2.41 0.00
1766 863.230 29.0 2.34 0.01
1767 863.356 63.7 2.43 -0.00
1768 863.697 67.4 2.43 0.00
1769 863.851 59.4 2.27 0.00
1770 864.227 19.3 2.43 -0.00
1771 864.660 66.6 2.20 0.00
1772 865.015 60.3 2.21 -0.01
1773 865.558 44.9 2.12 -0.00
1774 865.933 27.3 2.20 -0.00
1775 866.148 11.9 2.10 0.01
1776 866.199 27.3 1.99 0.01
1777 867.002 32.1 2.08 -0.00
1778 867.251 51.5 2.16 0.01
1779 867.520 44.1 2.08 0.00
1780 867.862 23.3 2.08 0.00
1781 868.312 61.2 1.94 0.01
1782 869.176 40.1 2.23 0.01
1783 869.254 45.2 2.20 0.01
1784 870.295 24.2 2.69 -0.00
1785 870.432 29.6 2.70 0.00
1786 870.927 19.3 2.16 0.00
1787 871.463 46.9 2.05 -0.00
1788 871.613 45.8 2.17 -0.01
1789 871.999 106.7 2.78 0.03
1790 872.357 63.4 2.85 0.00
1791 873.088 29.0 2.56 -0.00
1792 876.586 41.8 2.51 -0.01
1793 877.887 79.6 2.76 -0.01
1794 878.197 65.1 2.60 0.00
1795 878.644 44.9 2.37 0.00
1796 878.709 84.2 2.60 0.00
1797 879.252 64.3 2.54 -0.00
1798 879.709 67.4 2.60 -0.00
1799 880.204 31.3 2.27 0.00
1800 880.634 23.3 2.35 -0.00
1801 880.798 45.8 2.60 -0.00
1802 880.989 167.0 2.35 -0.00
1803 881.170 120.0 2.44 -0.00
1804 881.252 74.5 2.45 -0.00
1805 881.420 55.8 2.86 -0.00
1806 882.324 42.7 2.53 0.03
1807 882.631 80.5 2.59 -0.00
1808 882.857 49.8 2.66 -0.00
1809 883.126 48.9 2.24 -0.00
1810 883.276 69.4 2.42 -0.00
1811 883.590 67.4 2.38 -0.01
1812 883.717 33.0 2.46 -0.01
1813 883.775 21.6 2.42 -0.00
1814 883.956 60.0 2.36 -0.00
1815 884.079 53.8 2.40 -0.01
1816 887.092 50.6 2.39 0.00
1817 887.195 43.8 2.46 0.00
1818 887.267 45.5 2.49 0.00
1819 887.707 11.1 2.09 0.00
1820 888.454 176.1 2.29 -0.00
1821 888.594 158.2 2.34 -0.00
1822 888.864 40.1 2.39 0.00
1823 888.919 46.9 2.45 0.00
1824 889.318 46.6 2.31 -0.00
1825 889.417 41.5 2.33 -0.00
1826 889.475 35.3 2.48 -0.00
1827 889.830 44.1 2.16 -0.00
1828 889.932 18.5 2.33 -0.00
1829 889.960 23.3 2.26 -0.00
1830 890.199 64.3 2.27 0.01
1831 890.830 21.6 2.45 0.01
1832 891.670 86.8 2.67 -0.01
1833 891.803 58.6 2.73 -0.00
1834 893.066 42.1 2.37 0.02
1835 893.110 39.5 2.43 0.02
1836 893.196 13.7 2.38 0.00
1837 893.271 60.3 2.43 -0.00
1838 893.629 45.8 2.37 0.00
1839 893.933 68.6 2.46 0.00
1840 893.957 17.6 2.32 0.01
1841 894.049 23.3 2.26 0.01
1842 894.714 94.4 2.43 0.00
1843 895.110 81.1 2.36 0.01
1844 895.209 58.0 2.14 -0.00
1845 895.448 77.9 2.59 0.01
1846 895.711 34.4 2.36 0.01
1847 896.547 95.6 2.53 0.01
1848 896.623 22.5 2.32 -0.00
1849 896.756 40.7 2.57 0.01
1850 897.104 83.9 3.00 0.01
1851 897.247 23.6 2.59 -0.01
1852 898.080 49.8 2.94 0.01
1853 898.329 68.3 3.11 0.01
1854 898.534 41.8 3.03 0.00
1855 898.585 40.1 2.85 0.00
1856 898.705 55.5 2.89 0.00
1857 899.002 12.8 2.97 0.00
1858 899.049 52.3 2.94 0.00
1859 900.234 43.0 2.56 0.01
1860 905.726 17.6 2.49 -0.04
1861 905.931 34.4 2.11 0.10
1862 907.238 33.0 2.22 0.03
1863 907.480 46.6 2.14 -0.02
1864 907.794 58.6 2.21 0.01
1865 910.416 22.5 2.16 -0.02
1866 912.689 29.0 2.83 0.33
1867 914.007 32.1 2.36 0.00
1868 914.174 85.9 2.26 0.00
1869 914.293 70.5 2.32 0.00
1870 915.799 81.1 2.46 0.00
1871 916.283 43.2 2.56 -0.00
1872 917.341 32.1 2.50 -0.00
1873 917.536 102.1 2.65 -0.06
1874 917.785 31.3 2.39 -0.00
1875 920.004 61.7 2.44 0.00
1876 923.810 85.9 2.50 -0.07
1877 924.851 49.8 2.35 -0.01
1878 927.595 69.7 2.74 -0.00
1879 927.909 70.0 2.15 0.02
1880 928.363 68.0 2.68 -0.01
1881 928.476 64.3 2.87 -0.00
1882 928.667 60.3 2.81 -0.01
1883 929.841 105.2 2.84 0.00
1884 930.292 58.0 2.79 -0.00
1885 930.534 64.6 2.73 0.00
1886 931.391 81.9 2.56 -0.00
1887 931.524 37.3 2.74 0.00
1888 931.555 39.8 2.48 0.00
1889 931.708 24.2 2.97 0.00
1890 931.828 59.4 2.55 0.00
1891 931.964 36.1 2.29 0.00
1892 932.418 23.3 2.94 -0.00
1893 933.388 76.2 2.83 0.00
1894 933.930 22.5 2.67 0.02
1895 934.026 83.6 2.81 0.00
1896 934.166 54.6 2.76 0.00
1897 934.275 42.7 2.70 -0.00
1898 934.415 150.2 2.70 -0.00
1899 934.951 20.8 2.88 -0.01
1900 935.023 65.1 2.96 -0.01
1901 935.265 18.5 2.93 0.01
1902 935.825 74.5 2.79 0.01
1903 935.988 21.6 2.77 -0.01
1904 936.231 78.8 2.82 -0.01
1905 936.303 67.7 2.75 -0.01
1906 936.401 36.7 2.51 0.01
1907 936.975 46.6 2.69 -0.00
1908 937.064 51.8 2.66 -0.00
1909 937.122 41.5 2.46 -0.01
1910 937.821 52.9 2.53 -0.00
1911 938.040 25.6 2.59 -0.01
1912 938.084 15.9 2.58 0.00
1913 939.115 105.2 2.46 -0.01
1914 939.504 31.3 2.53 -0.01
1915 939.538 11.9 2.80 -0.00
1916 939.661 28.2 2.36 -0.01
1917 940.736 33.8 2.68 0.00
1918 941.279 50.6 2.46 0.00
1919 941.839 71.4 2.42 0.01
1920 941.917 48.9 2.74 -0.01
1921 942.071 77.9 2.62 -0.01
1922 942.221 35.3 2.71 -0.00
1923 944.563 48.1 2.32 0.00
1924 944.976 84.5 2.49 -0.01
1925 945.556 38.4 2.44 0.02
1926 945.887 48.9 2.34 0.01
1927 946.672 34.4 2.51 -0.00
1928 947.297 41.0 2.75 -0.03
1929 947.420 24.7 2.44 0.01
1930 948.253 79.4 2.62 0.01
1931 948.478 45.8 2.70 0.00
1932 949.294 16.8 2.87 0.01
1933 949.546 20.8 2.57 0.00
1934 949.594 22.5 2.75 0.00
1935 950.034 54.6 2.79 0.00
1936 950.580 20.8 2.89 0.00
1937 953.393 45.8 2.73 -0.20
1938 955.950 54.6 2.42 -0.11
1939 956.499 46.6 2.62 0.06
1940 962.288 41.8 2.97 -0.01
1941 965.401 39.5 2.72 0.00
1942 966.091 91.9 2.32 -0.01
1943 966.377 63.4 2.70 0.00
1944 966.910 41.0 2.95 -0.01
1945 967.412 58.6 2.92 -0.00
1946 967.801 50.6 3.02 -0.01
1947 967.999 73.1 2.54 -0.00
1948 968.729 48.1 2.71 -0.00
1949 968.815 37.0 2.70 -0.01
1950 969.197 37.0 2.90 -0.01
1951 969.429 107.5 2.46 -0.01
1952 971.043 19.3 2.54 -0.01
1953 971.245 18.5 2.34 -0.01
1954 972.153 44.1 2.68 -0.01
1955 972.300 61.7 2.60 0.01
1956 972.917 41.8 2.34 0.01
1957 972.989 25.6 2.77 0.00
1958 973.436 59.4 2.88 0.00
1959 973.508 86.8 2.85 0.00
1960 973.569 28.2 2.83 0.00
1961 974.617 58.6 2.58 -0.00
1962 974.696 65.4 2.81 -0.00
1963 975.286 60.3 2.67 0.00
1964 975.832 44.1 2.69 0.00
1965 976.061 54.6 2.49 0.01
1966 977.720 93.3 2.74 -0.00
1967 979.355 108.4 2.62 0.01
1968 979.631 55.5 2.78 0.01
1969 980.072 39.0 2.79 0.00
1970 980.157 66.3 2.64 -0.00
1971 980.604 89.6 2.58 0.00
1972 980.734 22.5 2.68 0.01
1973 980.768 11.9 2.77 -0.01
1974 982.113 36.1 2.32 -0.01
1975 983.065 35.0 2.52 0.00
1976 983.249 18.5 2.03 0.01
1977 983.345 34.4 2.48 -0.01
1978 984.103 32.1 2.44 -0.06
1979 984.431 51.5 2.46 0.01
1980 985.745 13.7 2.62 0.00
1981 985.895 103.8 2.42 0.01
1982 986.120 15.4 2.66 -0.01
1983 987.291 55.8 2.71 -0.01
1984 987.492 66.8 2.66 -0.00
1985 987.574 39.3 2.71 -0.01
1986 987.823 45.2 2.77 0.00
1987 987.892 26.5 2.68 -0.01
1988 988.383 35.3 2.67 -0.01
1989 988.523 13.7 2.63 -0.01
1990 988.827 78.8 2.89 0.00
1991 989.137 28.2 2.80 -0.02
1992 989.189 24.2 2.60 0.00
1993 989.469 56.9 2.14 -0.01
1994 989.718 66.0 2.81 0.00
1995 989.789 33.3 2.71 -0.01
1996 990.810 21.6 2.34 -0.01
1997 990.936 39.3 2.73 -0.00
1998 991.022 17.6 2.71 0.00
1999 993.923 87.6 2.78 0.00
2000 994.425 20.8 2.84 0.00
