1 0.769 60.3 2.97 -0.04
2 0.848 26.5 2.80 0.01
3 0.889 49.8 2.74 -0.01
4 1.046 30.4 2.87 -0.01
5 3.497 37.0 3.16 0.00
6 5.766 40.1 3.07 -0.00
7 6.101 66.0 3.04 0.01
8 6.633 71.1 3.05 0.01
9 11.456 53.8 3.03 0.00
10 11.709 27.3 2.51 -0.01
11 11.832 35.3 2.52 0.01
12 11.887 22.5 2.79 -0.01
13 12.190 37.3 2.68 0.01
14 12.747 106.1 2.83 -0.00
15 12.887 107.5 2.92 -0.01
16 13.405 15.9 3.01 -0.00
17 13.436 37.0 2.95 -0.01
18 14.634 60.3 2.84 -0.01
19 14.812 60.3 3.04 -0.01
20 14.904 73.1 2.90 -0.01
21 15.047 53.2 3.05 -0.01
22 15.648 68.3 3.10 -0.01
23 15.730 51.2 3.11 -0.01
24 16.116 23.3 3.03 -0.00
25 16.297 41.8 3.13 -0.00
26 16.358 38.4 3.02 -0.00
27 16.751 57.7 3.00 -0.01
28 16.860 55.2 3.00 -0.01
29 16.938 68.3 3.20 -0.01
30 17.341 44.9 2.94 -0.00
31 17.416 50.9 2.94 -0.00
32 17.778 89.9 3.11 -0.01
33 17.918 37.8 2.97 -0.01
34 17.976 45.5 3.18 -0.01
35 18.157 30.2 3.12 0.00
36 18.502 44.1 3.18 -0.01
37 19.246 37.3 3.02 0.00
38 20.792 66.0 2.88 0.00
39 20.887 44.7 2.85 0.00
40 21.120 72.2 3.09 0.00
41 21.236 63.4 2.76 0.01
42 21.485 19.3 2.85 0.00
43 21.516 18.5 2.91 -0.00
44 21.584 87.6 3.05 0.00
45 21.983 22.5 2.88 0.01
46 22.062 35.3 2.86 0.01
47 22.833 89.0 2.99 0.00
48 23.011 47.8 2.91 0.00
49 23.191 33.8 3.11 -0.00
50 23.290 11.9 3.21 0.01
51 23.509 124.6 2.87 0.01
52 23.652 44.4 3.07 0.01
53 23.840 18.5 3.06 0.01
54 24.396 69.1 2.89 0.01
55 24.567 15.9 3.07 0.00
56 25.164 27.3 3.11 0.01
57 25.410 46.6 2.95 0.01
58 26.202 31.3 3.10 0.01
59 26.537 45.2 2.95 0.01
60 26.915 30.4 2.86 0.01
61 27.339 48.9 2.81 0.01
62 27.458 65.1 2.96 0.01
63 27.540 68.3 3.05 0.01
64 28.206 37.8 2.91 0.18
65 29.513 45.8 2.73 -0.17
66 30.523 40.1 2.89 -0.22
67 30.568 33.3 2.78 -0.22
68 30.680 56.3 3.03 -0.16
69 31.250 27.3 2.92 -0.04
70 33.244 40.1 2.94 -0.23
71 33.391 62.6 3.04 -0.01
72 36.476 54.6 2.89 -0.03
73 37.200 36.1 2.79 -0.01
74 38.500 43.2 3.18 -0.02
75 41.443 51.5 2.86 -0.01
76 42.180 35.3 2.83 0.01
77 42.269 31.3 2.96 0.01
78 42.624 48.1 2.99 -0.00
79 44.829 49.8 2.84 -0.01
80 49.150 19.3 2.91 -0.03
81 52.188 21.6 2.91 0.01
82 53.471 11.9 2.87 -0.02
83 54.239 8.0 2.69 0.07
84 55.932 19.9 2.91 0.03
85 61.182 53.8 2.82 -0.00
86 62.008 56.6 3.20 0.01
87 62.080 58.3 2.61 0.01
88 62.909 32.1 3.13 -0.01
89 62.960 24.5 3.05 -0.01
90 63.336 119.5 3.14 -0.01
91 63.657 18.5 3.20 0.00
92 63.715 68.3 2.85 -0.00
93 64.356 27.3 2.99 0.00
94 66.111 64.3 2.92 0.00
95 66.240 81.1 2.99 0.01
96 66.449 108.9 3.00 0.00
97 66.592 15.4 2.90 -0.00
98 66.824 26.5 2.95 0.00
99 67.592 32.1 3.06 0.00
100 67.698 33.0 2.95 -0.00
101 67.766 36.4 3.00 -0.00
102 67.845 31.6 2.97 0.00
103 67.882 22.5 3.07 -0.01
104 68.077 74.2 3.05 -0.00
105 68.186 32.1 3.09 -0.00
106 70.026 56.9 2.46 0.00
107 70.384 39.3 2.85 0.01
108 70.688 50.6 3.18 -0.00
109 70.773 113.2 3.06 0.01
110 70.992 85.3 3.12 -0.00
111 71.077 56.3 3.21 -0.00
112 71.135 59.4 3.18 0.00
113 71.248 21.6 2.91 -0.01
114 71.337 77.1 3.25 0.00
115 72.231 15.4 2.61 0.00
116 72.361 27.3 2.66 0.01
117 72.927 17.6 2.49 -0.01
118 73.238 74.8 3.05 -0.00
119 73.634 39.3 2.73 0.01
120 73.934 35.3 2.72 -0.00
121 74.019 26.7 2.87 -0.00
122 74.067 18.5 2.92 0.01
123 74.122 35.6 2.93 0.00
124 76.272 42.7 2.95 0.01
125 76.521 65.7 2.89 0.00
126 83.102 82.8 3.02 -0.01
127 83.212 51.2 2.90 -0.01
128 83.495 72.2 2.75 0.01
129 83.713 24.2 2.95 -0.01
130 84.092 53.8 3.06 -0.01
131 84.188 37.8 3.11 -0.00
132 84.232 44.9 3.10 -0.01
133 84.338 59.4 3.14 -0.01
134 84.942 33.0 2.89 -0.00
135 85.314 35.3 2.76 -0.01
136 85.451 28.4 2.78 -0.00
137 85.618 49.8 3.09 -0.01
138 85.744 23.3 2.96 -0.01
139 86.181 65.7 3.15 -0.01
140 86.481 37.8 2.86 -0.00
141 86.608 44.9 2.91 0.00
142 86.785 44.9 2.96 -0.01
143 86.918 56.3 3.08 -0.00
144 87.229 41.0 2.93 -0.01
145 87.488 19.3 3.08 -0.01
146 87.526 27.9 3.01 -0.01
147 88.031 68.3 2.99 -0.01
148 88.202 122.0 3.05 -0.00
149 88.311 81.1 3.09 -0.00
150 88.451 37.0 2.95 0.00
151 88.567 24.2 3.03 -0.00
152 88.601 19.9 3.02 -0.00
153 89.192 39.3 3.15 0.00
154 89.239 34.1 3.21 0.00
155 89.499 41.8 2.86 0.01
156 89.676 13.7 2.99 0.00
157 89.711 23.0 3.03 0.00
158 90.458 50.6 3.00 -0.00
159 91.086 31.3 3.04 0.00
160 91.356 65.1 3.15 -0.01
161 91.687 89.0 3.07 0.00
162 91.817 94.2 2.98 0.00
163 92.622 32.7 2.99 0.00
164 92.666 33.0 3.01 0.01
165 92.991 46.6 3.01 -0.01
166 93.151 77.1 2.96 0.01
167 93.216 51.5 2.94 0.01
168 93.479 41.0 2.98 0.01
169 94.237 52.9 3.05 0.00
170 94.967 54.6 2.54 0.00
171 95.472 81.9 2.72 0.50
172 95.916 41.2 2.71 0.01
173 103.470 54.6 2.99 0.61
174 103.811 49.8 3.20 0.52
175 104.381 25.6 2.97 0.37
176 106.391 41.0 3.28 0.60
177 107.555 45.8 3.16 0.69
178 113.754 35.3 2.76 -0.00
179 114.290 74.0 2.78 -0.01
180 114.706 85.9 2.45 -0.00
181 114.778 60.3 2.36 -0.01
182 115.133 41.8 2.46 0.00
183 115.809 71.4 2.86 -0.01
184 116.481 53.8 2.92 -0.01
185 117.505 40.1 2.91 0.01
186 120.693 34.1 2.98 -0.00
187 121.690 31.3 3.05 -0.00
188 122.318 59.4 3.18 0.01
189 124.311 27.3 3.05 0.01
190 125.431 77.1 3.15 0.00
191 126.083 62.6 3.05 0.01
192 126.243 14.2 3.12 0.01
193 126.366 35.3 3.00 0.00
194 126.564 30.4 2.94 -0.00
195 126.793 60.3 2.93 0.00
196 126.906 49.5 3.06 0.00
197 127.428 30.4 3.01 0.01
198 128.261 37.0 3.15 0.01
199 131.155 62.9 2.82 -0.01
200 131.237 57.7 2.78 -0.01
201 131.592 89.9 2.97 0.00
202 131.671 23.3 2.75 -0.00
203 131.886 49.8 2.75 -0.01
204 133.254 44.1 3.08 0.00
205 133.428 66.6 3.03 0.00
206 133.572 37.0 3.04 -0.00
207 134.289 45.8 2.86 -0.01
208 134.910 68.3 2.62 -0.00
209 135.149 39.3 2.73 -0.01
210 135.261 87.6 2.87 0.46
211 135.937 50.6 2.72 -0.00
212 136.166 48.9 2.79 -0.00
213 136.244 44.9 2.75 -0.00
214 136.323 26.5 2.80 0.00
215 136.405 77.1 2.68 -0.00
216 136.743 70.0 2.83 -0.00
217 136.985 82.8 2.88 -0.01
218 137.610 22.5 2.67 0.02
219 137.750 43.5 2.62 0.00
220 137.934 32.1 2.71 -0.01
221 137.978 40.1 2.66 0.01
222 138.207 18.5 2.67 0.01
223 138.678 59.4 2.48 0.00
224 138.767 46.6 2.54 -0.00
225 139.398 147.1 2.58 0.00
226 139.846 37.0 2.48 -0.00
227 139.948 48.9 2.47 -0.01
228 140.218 80.5 2.39 0.00
229 140.378 83.1 2.51 0.00
230 140.491 32.1 2.42 0.01
231 140.583 60.3 2.42 0.01
232 140.812 18.5 2.44 0.00
233 141.358 81.9 2.33 0.00
234 141.559 94.7 2.52 0.01
235 141.866 15.4 2.47 0.01
236 142.170 51.5 2.46 0.00
237 142.269 114.1 2.54 0.01
238 142.375 68.3 2.46 -0.01
239 142.593 70.5 2.67 0.01
240 142.655 62.6 2.60 -0.00
241 142.743 33.8 2.47 0.00
242 143.150 44.1 2.56 0.01
243 143.211 53.8 2.66 -0.00
244 143.395 41.8 2.66 0.00
245 143.471 45.2 2.37 0.00
246 144.426 31.3 2.61 0.01
247 146.740 82.8 2.84 0.09
248 147.382 33.8 2.58 -0.03
249 148.696 63.4 2.32 0.25
250 149.939 29.0 2.82 0.38
251 150.611 21.6 3.05 0.40
252 150.966 24.2 2.94 0.38
253 154.485 43.2 2.71 0.38
254 157.172 73.1 2.84 0.01
255 157.325 61.2 2.58 0.07
256 157.472 20.8 2.66 0.09
257 157.803 52.1 2.95 -0.19
258 158.513 43.2 2.82 -0.10
259 162.155 87.3 2.74 -0.01
260 163.302 74.0 2.65 -0.01
261 163.503 34.4 2.49 0.01
262 163.937 17.6 2.29 -0.01
263 164.067 63.4 2.29 -0.00
264 164.159 77.9 2.51 -0.00
265 164.230 63.4 2.20 0.00
266 164.486 40.1 2.28 -0.00
267 164.698 32.1 2.23 0.01
268 165.565 100.4 2.20 -0.08
269 165.961 66.6 2.21 0.01
270 166.022 26.2 2.52 0.00
271 166.947 32.1 2.34 0.00
272 168.541 63.4 2.42 0.00
273 174.528 26.5 2.28 -0.00
274 174.771 81.9 2.28 -0.20
275 175.228 64.3 2.22 -0.02
276 175.443 32.1 2.32 0.13
277 175.696 44.1 2.32 -0.01
278 176.078 92.4 2.41 0.00
279 176.177 71.1 2.48 0.00
280 176.460 74.8 2.46 -0.00
281 176.573 60.3 2.34 -0.00
282 177.505 73.4 2.37 0.02
283 177.614 27.3 2.26 0.02
284 177.730 31.3 2.51 -0.01
285 177.798 63.4 2.29 -0.01
286 177.955 33.8 2.31 -0.01
287 178.341 58.0 2.13 0.00
288 178.546 95.6 2.11 -0.01
289 179.055 23.3 2.38 -0.01
290 179.181 77.1 2.55 0.00
291 179.259 41.2 2.38 0.00
292 179.345 33.0 2.42 -0.01
293 181.034 36.1 2.36 -0.01
294 181.188 68.6 2.31 -0.01
295 181.249 32.1 2.67 -0.00
296 182.772 49.8 2.72 -0.00
297 182.898 58.6 2.61 -0.02
298 183.171 48.1 2.57 0.00
299 183.369 66.6 2.68 0.01
300 187.031 41.0 2.58 -0.00
301 187.441 37.8 2.66 -0.03
302 191.185 8.8 2.61 0.02
303 191.319 41.8 2.57 0.01
304 191.366 32.4 2.67 0.01
305 191.650 122.6 2.74 0.01
306 191.745 12.8 2.78 0.02
307 195.793 23.6 2.88 -0.28
308 196.398 90.7 2.61 -0.14
309 197.766 70.5 3.01 -0.03
310 198.285 32.1 2.82 -0.09
311 201.268 35.8 2.86 -0.20
312 201.753 91.6 2.98 -0.35
313 201.835 48.1 3.02 -0.32
314 204.559 29.6 2.85 -0.29
315 209.402 41.5 2.78 -0.01
316 209.873 49.8 2.75 -0.01
317 210.013 59.7 2.58 -0.01
318 210.133 31.9 2.71 -0.01
319 210.256 77.9 2.78 -0.01
320 210.351 90.7 2.71 -0.02
321 210.655 91.6 2.64 -0.00
322 210.788 112.4 2.52 0.00
323 210.897 26.5 2.57 -0.00
324 211.037 48.1 2.57 -0.01
325 211.764 87.3 2.43 -0.00
326 211.986 95.6 2.54 -0.01
327 212.584 69.1 2.65 -0.00
328 212.655 57.2 2.35 -0.00
329 213.021 68.3 2.14 -0.00
330 213.338 61.7 2.12 -0.01
331 213.874 22.5 2.68 0.00
332 214.000 43.8 2.45 -0.01
333 214.123 48.1 2.43 0.00
334 214.328 37.0 2.51 -0.00
335 214.386 45.8 2.75 -0.00
336 214.481 59.4 2.25 0.00
337 214.710 81.4 2.52 0.00
338 214.850 45.8 2.40 0.00
339 214.912 53.8 2.55 0.00
340 215.157 41.8 2.57 -0.00
341 215.372 59.7 2.63 0.00
342 215.676 50.6 2.38 -0.00
343 215.744 54.9 2.45 -0.00
344 215.936 31.3 2.46 0.01
345 217.571 47.5 2.57 0.01
346 217.731 54.3 2.43 0.02
347 218.629 117.5 2.55 -0.00
348 219.226 17.6 2.39 0.01
349 219.253 18.5 2.41 0.01
350 219.369 17.6 2.30 -0.01
351 219.526 42.1 2.50 0.02
352 219.564 34.7 2.56 -0.01
353 219.683 44.9 2.22 0.00
354 220.004 55.5 2.66 0.02
355 221.039 99.6 2.29 0.00
356 222.097 32.1 2.54 0.10
357 225.483 50.6 2.84 0.00
358 228.678 45.8 2.98 0.02
359 229.736 41.0 3.23 -0.01
360 230.367 67.4 3.31 -0.00
361 230.971 105.2 3.40 -0.00
362 231.060 21.6 3.21 -0.01
363 231.149 27.9 3.32 0.00
364 231.388 18.5 3.14 -0.01
365 231.695 29.0 3.36 -0.01
366 232.391 39.3 3.52 -0.00
367 232.815 48.9 3.34 -0.01
368 233.111 33.0 3.27 0.00
369 233.142 28.7 3.22 -0.01
370 233.221 35.3 3.27 -0.00
371 233.337 19.3 3.25 -0.00
372 233.412 30.4 3.24 -0.00
373 233.617 64.9 3.33 0.00
374 234.975 23.3 3.00 0.00
375 236.443 35.0 2.77 0.00
376 236.825 49.8 2.85 0.01
377 237.126 37.8 2.82 0.00
378 238.105 60.9 3.35 0.01
379 242.041 49.8 3.19 0.01
380 245.683 44.1 2.64 -0.05
381 249.151 37.0 3.41 0.29
382 251.984 44.9 3.33 -0.01
383 252.240 32.4 2.66 -0.01
384 253.489 44.1 3.16 -0.01
385 253.714 57.7 3.25 -0.01
386 253.895 68.3 3.18 -0.01
387 254.373 21.6 3.30 -0.01
388 254.438 32.7 3.24 -0.01
389 254.571 66.6 3.18 -0.01
390 254.943 32.1 3.28 -0.00
391 255.605 67.4 3.31 0.00
392 255.718 80.2 3.18 0.00
393 255.803 66.6 3.27 -0.00
394 255.967 28.2 3.18 0.00
395 256.230 68.6 3.30 -0.00
396 257.309 65.1 3.24 0.01
397 257.865 57.7 3.30 -0.00
398 257.923 52.6 3.14 -0.00
399 258.336 23.3 3.26 -0.00
400 258.404 33.6 3.09 -0.00
401 258.841 31.3 3.00 0.00
402 258.892 30.4 3.26 0.00
403 258.944 37.3 3.25 -0.01
404 259.206 45.8 3.23 0.01
405 259.790 77.1 3.27 0.00
406 259.916 42.7 3.33 -0.00
407 263.210 92.4 2.88 0.00
408 263.507 58.6 3.23 0.00
409 268.487 46.6 3.13 0.00
410 268.733 36.1 3.19 0.01
411 274.659 30.7 3.20 0.00
412 274.740 38.1 3.21 -0.00
413 275.969 15.4 3.09 -0.01
414 280.652 44.9 3.18 0.00
415 286.441 23.3 3.08 -0.01
416 287.892 32.1 3.34 0.00
417 288.425 59.4 3.18 0.29
418 299.419 49.8 3.32 0.09
419 304.730 141.7 2.98 -0.01
420 304.880 18.5 2.90 -0.01
421 304.989 108.4 3.07 -0.01
422 305.273 80.2 3.03 -0.01
423 305.686 23.3 3.02 -0.01
424 305.887 22.5 3.23 -0.01
425 305.918 28.2 3.27 -0.01
426 305.966 59.4 3.13 -0.00
427 306.607 40.1 3.25 -0.01
428 306.880 24.2 3.15 -0.00
429 306.932 88.5 3.08 -0.01
430 307.109 23.3 2.93 -0.00
431 307.229 31.3 3.06 -0.00
432 307.392 64.0 3.15 -0.00
433 307.430 31.3 3.15 -0.00
434 307.474 29.9 3.07 -0.01
435 307.536 27.9 3.02 0.00
436 307.857 33.0 3.13 -0.00
437 307.904 42.4 3.11 -0.00
438 310.055 56.3 3.13 -0.01
439 310.328 24.7 3.14 0.01
440 311.168 85.9 2.86 0.00
441 311.488 55.5 3.14 -0.00
442 311.564 45.2 3.13 -0.00
443 311.830 101.5 3.00 -0.00
444 312.273 71.7 3.07 0.00
445 312.581 44.9 3.00 0.00
446 312.714 25.6 3.09 -0.00
447 312.803 39.8 3.11 0.00
448 312.833 28.4 3.11 0.00
449 312.960 31.3 3.03 0.01
450 313.079 32.1 3.03 0.01
451 314.093 17.6 3.06 0.00
452 314.659 89.6 3.02 0.01
453 314.717 110.9 3.15 0.01
454 314.786 24.2 3.10 0.00
455 314.830 35.3 3.11 0.00
456 325.104 29.6 3.25 0.35
457 328.644 58.6 3.12 0.08
458 329.658 19.3 3.08 0.05
459 330.207 12.8 3.30 -0.01
460 330.716 42.7 3.10 0.00
461 331.248 41.8 3.20 -0.01
462 333.392 59.4 2.90 -0.01
463 333.508 37.8 3.20 -0.00
464 333.716 41.0 3.05 -0.01
465 334.160 37.0 3.09 0.00
466 334.320 138.8 2.98 -0.00
467 335.146 48.6 2.95 0.01
468 336.406 63.4 3.07 -0.01
469 336.566 43.8 3.04 -0.01
470 337.017 22.5 3.12 0.00
471 339.031 20.2 2.85 0.01
472 339.235 89.9 2.75 0.00
473 339.594 120.3 3.04 0.10
474 340.079 41.8 2.89 0.01
475 340.137 41.8 3.09 0.01
476 341.034 17.6 2.78 -0.01
477 341.963 51.5 3.02 0.01
478 342.072 41.8 2.89 0.01
479 342.758 47.5 3.01 0.01
480 344.192 36.1 2.90 0.01
481 344.359 48.4 2.94 0.01
482 345.011 66.0 3.01 0.10
483 346.287 80.2 2.98 0.46
484 350.366 51.5 2.98 0.45
485 352.957 16.8 3.14 -0.01
486 353.667 71.1 2.80 -0.01
487 353.916 41.0 2.88 -0.01
488 353.964 25.6 3.06 -0.00
489 354.165 25.9 2.88 -0.02
490 354.326 35.3 2.88 -0.00
491 354.790 50.6 2.92 0.00
492 355.387 61.2 2.97 -0.01
493 355.609 26.5 2.88 -0.01
494 355.940 81.9 2.96 -0.01
495 356.039 58.0 2.94 -0.01
496 356.111 33.8 2.87 -0.01
497 356.227 26.5 2.79 0.00
498 356.305 66.6 3.06 0.00
499 356.572 69.4 3.00 -0.00
500 356.681 64.3 3.00 -0.01
501 357.135 119.2 3.00 0.00
502 357.261 112.4 2.73 -0.00
503 358.807 17.6 3.13 -0.01
504 359.968 20.8 2.73 -0.00
505 360.323 17.6 2.79 0.00
506 360.350 19.3 2.90 0.00
507 361.012 43.8 2.88 -0.00
508 361.098 59.7 2.81 0.01
509 361.644 21.6 2.85 0.01
510 361.743 23.3 2.73 0.01
511 362.153 56.3 2.96 0.01
512 362.746 60.9 2.68 -0.00
513 362.822 37.0 2.73 0.01
514 363.047 43.0 2.83 0.00
515 364.081 18.5 2.81 0.01
516 364.986 70.0 2.82 0.23
517 367.112 52.1 2.96 0.22
518 367.324 18.5 2.97 0.15
519 368.440 19.9 2.92 0.30
520 368.518 27.9 2.95 0.31
521 370.454 34.1 2.91 0.11
522 373.359 20.8 2.98 0.05
523 374.406 15.4 2.91 0.15
524 374.434 30.4 2.88 0.12
525 374.635 29.0 2.93 0.20
526 377.100 85.0 2.73 0.34
527 378.311 27.3 2.63 -0.01
528 379.929 54.6 2.82 -0.01
529 380.424 35.3 2.86 -0.01
530 381.322 56.3 2.92 -0.00
531 381.503 41.8 2.99 -0.01
532 382.069 17.6 3.07 -0.01
533 382.551 28.2 2.91 0.00
534 382.622 62.3 2.91 0.00
535 383.117 37.0 2.65 0.00
536 383.230 48.1 2.74 -0.01
537 384.162 27.3 2.82 0.00
538 384.425 72.2 2.74 -0.00
539 384.609 85.9 2.81 -0.01
540 384.732 18.5 2.55 -0.01
541 384.814 34.4 2.82 -0.00
542 387.991 43.2 2.79 0.00
543 390.186 25.6 2.51 0.01
544 392.190 48.1 2.59 0.00
545 392.251 47.8 2.66 0.00
546 393.098 38.7 2.61 0.01
547 393.327 76.5 2.56 -0.00
548 393.664 106.7 2.52 -0.01
549 395.371 69.1 2.54 -0.00
550 395.846 18.5 2.62 -0.01
551 395.931 44.9 2.64 -0.00
552 396.439 36.1 2.42 -0.00
553 396.569 22.5 2.36 -0.00
554 396.644 68.3 2.44 -0.01
555 396.822 28.2 2.26 -0.00
556 396.873 29.6 2.40 -0.00
557 396.917 46.6 2.47 -0.00
558 397.160 91.6 2.40 -0.01
559 397.306 35.3 2.68 -0.01
560 397.368 49.8 2.36 -0.01
561 398.648 57.5 2.84 0.00
562 398.788 22.5 2.82 0.00
563 398.962 26.2 2.75 -0.00
564 399.119 41.5 2.85 -0.00
565 399.184 55.8 2.91 0.00
566 399.662 75.4 2.73 -0.00
567 399.976 78.5 2.66 0.00
568 400.102 85.9 2.62 0.00
569 400.228 68.8 2.51 0.00
570 400.300 35.3 2.65 -0.00
571 400.348 27.0 2.70 -0.00
572 400.665 57.7 2.79 -0.00
573 400.727 37.3 2.78 -0.00
574 401.713 101.3 2.70 -0.01
575 401.949 63.4 2.84 0.00
576 402.071 26.5 2.67 -0.00
577 402.385 42.7 2.69 -0.00
578 402.440 38.4 2.77 -0.00
579 402.549 50.6 2.82 -0.00
580 403.713 61.2 2.61 0.00
581 403.809 60.0 2.91 0.01
582 405.215 41.0 2.61 0.01
583 405.304 56.3 2.53 0.01
584 405.652 50.9 2.73 0.01
585 406.294 95.6 2.60 0.02
586 407.598 102.1 2.53 0.03
587 407.919 39.3 2.39 0.15
588 409.123 41.0 2.71 -0.04
589 411.052 8.8 2.69 0.01
590 412.410 45.8 2.88 0.01
591 412.690 49.8 2.87 -0.00
592 413.015 122.6 2.84 0.01
593 413.151 47.2 2.83 -0.01
594 413.452 17.6 2.79 0.01
595 413.776 41.0 2.76 0.01
596 414.970 59.4 2.47 0.11
597 416.790 23.3 2.33 0.32
598 416.868 29.6 2.52 0.06
599 418.401 63.4 2.67 0.04
600 421.248 40.1 2.35 0.26
601 424.743 24.7 2.54 -0.01
602 428.692 42.7 2.67 -0.00
603 428.982 26.2 2.63 -0.00
604 429.791 41.8 2.66 -0.00
605 432.221 64.3 2.54 -0.01
606 432.481 54.0 2.58 -0.00
607 433.580 67.4 2.78 0.00
608 433.676 67.4 2.61 0.00
609 434.389 27.3 2.64 -0.00
610 435.276 42.7 2.59 0.01
611 435.365 29.0 2.71 0.01
612 435.662 48.4 3.04 -0.00
613 435.809 70.0 2.46 -0.00
614 435.887 71.7 2.57 -0.00
615 435.949 54.3 2.51 0.00
616 436.850 25.6 2.57 0.00
617 437.905 81.9 2.78 -0.00
618 437.959 50.3 2.67 -0.00
619 438.123 27.6 2.60 0.00
620 438.181 24.2 2.67 0.00
621 438.475 64.3 2.70 0.01
622 438.720 105.0 2.76 0.00
623 438.796 45.8 2.76 -0.00
624 438.871 50.9 2.76 0.00
625 438.956 39.8 2.71 0.01
626 439.410 32.7 2.62 0.02
627 440.164 30.4 2.90 0.01
628 440.352 89.0 2.74 -0.10
629 440.424 25.6 2.71 -0.00
630 441.352 20.8 2.61 0.00
631 441.594 73.1 2.33 -0.00
632 442.649 27.3 2.67 0.02
633 442.878 41.8 2.48 -0.01
634 444.499 36.7 2.37 -0.01
635 444.530 18.5 2.33 0.00
636 444.585 26.2 2.65 0.01
637 444.745 53.8 2.35 0.00
638 445.114 72.2 2.24 -0.01
639 445.786 52.6 2.34 0.00
640 445.810 50.9 2.34 0.00
641 446.011 22.5 2.13 0.01
642 447.042 34.4 2.43 -0.00
643 447.179 26.7 2.70 0.01
644 447.370 23.0 2.64 0.00
645 449.565 35.3 2.74 -0.01
646 449.616 41.0 2.68 0.00
647 449.664 18.5 2.59 0.00
648 449.735 36.1 2.62 -0.00
649 449.838 17.6 2.81 0.02
650 450.691 22.8 2.40 0.00
651 450.725 16.8 2.53 0.00
652 457.992 52.9 2.68 0.14
653 459.514 36.1 2.47 0.22
654 462.935 56.9 2.54 0.39
655 463.860 59.4 2.65 0.40
656 465.406 74.0 2.65 0.38
657 465.515 68.8 2.96 0.38
658 470.024 89.0 2.84 0.02
659 471.601 40.1 2.71 -0.01
660 472.915 97.8 2.67 0.00
661 473.680 61.4 2.45 -0.00
662 474.731 32.1 2.73 0.01
663 475.226 46.6 2.60 -0.00
664 475.260 29.3 2.69 0.00
665 475.516 17.6 2.62 0.00
666 475.670 44.1 2.82 0.00
667 476.479 53.2 2.83 0.00
668 476.537 23.3 2.87 0.00
669 477.540 17.6 2.97 0.00
670 482.220 55.5 2.48 0.00
671 483.541 74.8 2.55 0.00
672 483.991 26.5 2.47 -0.02
673 484.029 29.9 2.58 -0.02
674 484.835 37.8 2.99 0.01
675 485.002 62.6 2.88 0.00
676 485.367 56.6 2.97 0.00
677 486.091 17.9 2.73 -0.00
678 486.569 19.3 2.83 -0.01
679 487.101 62.6 2.92 -0.05
680 487.180 45.5 2.90 -0.01
681 487.285 46.9 2.94 -0.01
682 487.405 23.3 2.92 -0.01
683 487.763 87.0 2.95 -0.00
684 488.412 48.9 2.97 -0.00
685 488.794 118.0 2.93 -0.01
686 488.883 24.2 2.87 -0.00
687 489.084 64.3 2.78 -0.00
688 489.354 29.3 2.92 -0.00
689 489.589 68.3 2.75 -0.00
690 489.770 27.3 2.74 0.01
691 489.941 17.6 2.82 -0.00
692 489.999 62.6 2.90 -0.00
693 490.122 36.1 2.79 0.00
694 490.255 34.7 2.56 0.00
695 490.354 45.5 2.82 -0.01
696 490.600 93.6 2.79 -0.01
697 490.702 99.0 2.83 -0.01
698 490.815 94.7 2.74 0.00
699 491.142 62.3 2.74 -0.00
700 491.429 53.5 2.94 -0.00
701 491.460 26.7 2.89 -0.00
702 492.791 41.0 2.61 0.00
703 492.938 37.0 2.62 0.00
704 495.580 77.9 2.81 0.00
705 495.785 141.4 2.84 0.00
706 495.894 34.4 2.82 0.00
707 496.064 112.4 2.72 0.00
708 496.389 46.6 2.51 0.01
709 496.460 50.3 2.57 0.02
710 496.788 82.8 2.53 0.01
711 496.894 28.2 2.47 0.01
712 497.051 50.6 2.45 0.00
713 497.140 39.3 2.59 0.00
714 497.276 16.8 2.54 -0.00
715 497.338 68.3 2.52 -0.00
716 497.484 63.4 2.52 -0.00
717 497.798 37.0 2.52 -0.01
718 501.922 38.7 2.93 -0.03
719 507.042 49.8 2.56 0.46
720 507.369 17.6 2.78 0.39
721 510.032 54.6 2.45 0.11
722 510.974 103.3 2.49 -0.00
723 511.107 93.6 2.74 -0.01
724 512.039 26.5 2.51 0.01
725 514.544 74.2 2.80 -0.00
726 514.671 105.2 2.41 0.00
727 515.148 39.3 2.78 -0.01
728 515.254 33.0 2.86 -0.01
729 516.575 32.1 2.59 -0.00
730 516.763 25.6 2.80 -0.01
731 516.790 23.9 2.82 -0.01
732 517.036 69.1 2.82 0.00
733 517.241 59.4 2.80 -0.00
734 517.903 24.7 2.81 -0.01
735 517.981 22.5 2.82 -0.00
736 518.087 41.2 2.68 -0.01
737 518.828 41.0 2.65 -0.00
738 519.005 83.6 2.81 0.00
739 519.104 62.3 2.70 0.00
740 519.282 50.6 2.66 0.01
741 519.470 22.8 2.74 0.01
742 520.866 31.0 2.53 0.00
743 521.019 26.5 2.63 0.00
744 521.057 31.3 2.64 0.00
745 521.439 40.1 2.60 0.01
746 522.190 26.5 2.97 0.01
747 522.299 47.2 2.82 -0.00
748 522.354 54.9 2.94 -0.00
749 522.688 58.6 2.83 -0.00
750 523.306 41.0 2.99 -0.00
751 526.013 44.9 3.05 0.01
752 526.914 55.5 2.94 0.00
753 528.402 47.5 3.32 0.35
754 529.047 82.8 3.14 0.36
755 529.570 58.6 3.51 0.29
756 530.536 17.6 3.28 0.09
757 531.519 38.4 3.18 0.37
758 534.850 18.5 3.45 -0.00
759 535.260 32.1 3.36 0.42
760 536.861 48.1 3.20 0.34
761 543.571 23.3 3.12 -0.01
762 548.261 33.0 3.14 -0.01
763 548.319 31.3 2.99 -0.01
764 548.398 25.3 2.92 0.00
765 549.196 77.1 3.01 0.00
766 554.446 76.2 3.22 0.01
767 557.276 41.0 3.24 0.14
768 562.249 49.8 2.72 -0.01
769 564.181 60.3 3.13 -0.00
770 564.519 58.3 2.82 -0.01
771 564.765 45.8 2.71 0.01
772 565.300 40.1 3.20 -0.00
773 565.475 45.8 3.10 -0.00
774 565.570 49.8 3.11 -0.00
775 565.731 16.8 3.27 0.01
776 566.550 27.3 3.21 0.02
777 566.806 41.0 3.04 -0.00
778 567.106 41.0 2.71 0.00
779 567.314 33.0 3.08 0.00
780 567.348 21.6 2.75 -0.00
781 567.424 54.6 3.12 0.00
782 567.509 93.9 2.79 0.00
783 567.806 45.8 3.06 -0.00
784 568.291 49.8 2.99 -0.00
785 568.591 41.8 3.07 0.00
786 568.656 33.3 3.11 0.00
787 569.717 46.9 3.03 0.01
788 569.799 28.2 2.95 0.01
789 570.274 31.6 3.09 0.00
790 570.308 42.7 2.84 0.00
791 570.608 44.1 2.95 0.01
792 570.707 39.3 3.23 -0.01
793 571.315 85.6 2.98 0.01
794 571.465 89.0 2.90 -0.00
795 571.704 27.0 2.94 0.00
796 572.608 36.7 2.99 0.01
797 572.707 40.1 2.95 -0.00
798 573.172 40.1 2.63 0.00
799 573.257 63.4 3.04 0.01
800 573.393 49.8 2.96 0.01
801 573.510 59.4 3.08 -0.00
802 573.653 49.8 2.83 0.00
803 574.793 22.5 3.14 0.01
804 578.421 41.2 3.13 0.02
805 579.080 46.6 3.34 0.01
806 579.469 39.3 3.36 0.08
807 579.537 44.1 3.17 0.16
808 580.203 77.1 2.95 -0.10
809 580.910 41.0 3.20 0.17
810 581.657 35.6 3.14 0.02
811 582.292 56.3 3.09 0.02
812 584.070 26.5 3.15 0.00
813 584.729 50.6 3.31 0.21
814 584.873 50.6 3.14 0.14
815 585.784 30.4 3.34 -0.01
816 589.238 52.9 2.74 -0.00
817 591.187 26.5 3.18 -0.01
818 591.225 29.9 3.31 -0.01
819 591.395 31.3 3.24 -0.01
820 591.505 53.8 3.23 -0.01
821 592.078 29.0 2.99 0.00
822 592.396 63.4 3.03 -0.01
823 592.863 72.2 2.87 -0.00
824 593.508 23.3 3.02 -0.00
825 593.843 62.6 3.03 -0.01
826 593.918 60.3 2.86 -0.00
827 594.399 122.6 3.30 -0.00
828 594.522 44.9 3.21 -0.00
829 594.734 85.0 3.00 -0.00
830 594.822 52.6 3.15 -0.00
831 595.474 22.5 3.09 0.00
832 595.536 27.3 2.99 0.00
833 595.829 23.3 2.95 0.00
834 596.048 31.9 2.99 0.00
835 596.840 78.8 3.15 0.00
836 596.980 103.5 3.08 0.00
837 597.352 35.3 2.98 0.01
838 600.233 39.3 3.20 0.37
839 611.776 41.0 2.92 -0.01
840 612.254 37.0 3.03 0.00
841 613.176 26.5 3.22 -0.00
842 614.968 41.8 3.30 0.01
843 615.497 65.1 3.21 0.00
844 615.661 11.9 3.14 0.01
845 625.088 49.8 3.11 0.37
846 625.542 48.1 3.21 0.39
847 629.874 45.8 3.27 0.26
848 631.820 21.6 3.25 0.29
849 639.899 45.8 3.13 0.64
850 644.688 55.5 3.13 0.01
851 644.872 54.6 3.14 0.06
852 645.261 91.6 2.89 0.00
853 649.825 11.1 3.19 -0.01
854 651.583 70.0 3.08 0.00
855 651.712 89.9 3.02 -0.01
856 651.856 78.5 3.00 -0.00
857 654.283 35.0 2.67 -0.00
858 654.764 39.8 2.77 -0.00
859 654.853 31.9 2.79 0.00
860 654.900 30.7 2.68 0.00
861 655.201 41.0 2.91 -0.01
862 655.276 64.3 2.59 0.00
863 655.436 68.3 2.83 -0.00
864 655.931 55.5 2.62 -0.01
865 656.283 41.0 2.39 0.00
866 656.372 36.1 2.59 0.00
867 656.416 44.4 2.57 0.01
868 657.611 27.3 3.09 0.00
869 657.713 26.5 3.18 0.01
870 658.515 44.1 3.14 -0.01
871 660.024 30.4 2.94 -0.00
872 661.867 93.9 2.91 -0.00
873 662.734 62.9 2.71 -0.00
874 662.802 31.3 2.93 -0.00
875 662.854 18.2 2.99 0.00
876 662.929 57.5 2.90 -0.00
877 664.062 36.1 2.78 0.00
878 666.509 29.3 2.64 -0.00
879 666.550 43.5 2.77 0.00
880 668.083 50.9 2.50 0.00
881 668.230 99.6 3.09 0.01
882 668.445 60.3 2.68 0.00
883 669.537 43.2 2.91 -0.01
884 670.144 29.0 2.66 0.00
885 673.367 24.2 2.63 0.01
886 676.207 58.6 2.82 0.42
887 677.964 27.0 2.71 -0.00
888 691.133 161.6 2.75 0.31
889 691.222 96.7 2.61 0.31
890 691.665 35.3 2.85 0.21
891 695.348 73.1 2.83 0.18
892 696.229 30.7 2.79 0.01
893 696.867 75.4 2.71 0.45
894 697.127 27.3 2.67 0.35
895 698.816 52.9 2.56 0.22
896 701.445 24.2 2.36 -0.01
897 702.083 29.9 2.67 -0.02
898 702.670 58.6 2.91 -0.01
899 703.011 33.0 3.17 -0.00
900 703.715 110.1 2.72 -0.01
901 704.001 94.7 2.27 -0.00
902 704.643 82.5 3.16 -0.01
903 705.042 25.6 2.99 0.00
904 705.186 44.4 2.92 -0.01
905 705.517 11.9 2.96 -0.01
906 705.664 114.1 2.95 -0.00
907 705.745 31.3 3.30 -0.01
908 705.800 49.8 3.43 -0.00
909 705.841 17.6 3.33 0.00
910 706.060 52.6 3.21 -0.00
911 706.152 39.0 3.18 0.00
912 706.220 32.1 3.02 -0.00
913 706.268 32.1 3.15 0.00
914 706.384 59.4 3.12 -0.00
915 706.428 14.5 3.09 0.00
916 706.572 18.5 3.23 0.00
917 706.718 18.5 3.17 0.00
918 707.080 26.5 3.23 -0.01
919 707.121 35.8 3.36 -0.01
920 707.309 53.8 3.25 -0.00
921 707.380 50.3 3.19 -0.00
922 707.479 44.9 3.05 0.00
923 707.561 63.7 3.02 -0.00
924 707.633 59.7 3.01 -0.01
925 707.681 44.4 2.83 -0.00
926 707.814 27.3 3.03 -0.00
927 708.166 40.1 2.88 0.00
928 708.210 23.3 2.75 -0.00
929 708.254 41.0 2.87 0.00
930 708.353 68.3 3.05 0.00
931 708.415 35.3 2.95 0.00
932 708.486 40.7 2.87 -0.00
933 708.534 36.7 2.77 -0.00
934 708.596 69.7 2.82 0.00
935 709.036 48.9 3.23 -0.00
936 709.087 43.8 3.20 -0.00
937 709.456 45.8 2.72 -0.00
938 709.992 48.6 3.07 0.00
939 712.224 16.8 3.11 0.00
940 712.350 45.8 2.97 0.01
941 712.422 64.6 3.00 0.01
942 712.739 62.6 3.08 0.00
943 712.811 37.5 3.07 0.00
944 713.354 60.6 3.10 -0.00
945 713.460 43.2 3.04 0.01
946 713.579 27.3 3.08 0.00
947 713.794 71.7 3.06 0.00
948 718.737 23.3 3.00 -0.01
949 718.771 19.1 3.04 -0.01
950 718.856 22.5 3.33 -0.00
951 719.197 21.6 3.20 -0.00
952 719.774 58.3 3.29 -0.01
953 719.884 74.2 2.84 -0.00
954 720.027 47.5 3.13 -0.00
955 720.290 17.6 3.16 -0.00
956 720.314 18.5 3.13 -0.01
957 722.170 41.8 3.26 0.00
958 722.304 49.5 3.09 -0.00
959 722.437 33.8 3.18 -0.01
960 722.679 72.2 3.06 0.00
961 722.894 31.6 3.41 -0.00
962 722.966 23.6 3.37 -0.00
963 723.061 35.0 3.38 -0.01
964 723.297 21.6 3.13 -0.00
965 723.556 45.5 3.19 -0.01
966 723.819 89.9 3.09 -0.01
967 724.119 50.3 2.89 -0.01
968 724.792 15.9 2.85 0.00
969 724.905 18.5 3.13 -0.00
970 725.713 66.8 2.58 0.01
971 725.830 48.4 2.65 0.01
972 726.161 51.5 3.01 -0.01
973 726.871 92.4 2.90 0.00
974 727.229 19.3 2.76 0.01
975 727.263 21.6 2.73 0.00
976 727.413 78.8 3.02 0.01
977 727.632 69.4 3.04 0.00
978 728.055 51.5 2.84 0.01
979 728.140 27.3 3.13 0.02
980 728.543 37.0 3.30 0.01
981 729.222 22.5 3.12 -0.00
982 729.267 49.8 3.22 0.01
983 731.475 39.3 3.20 0.02
984 736.841 30.4 2.97 0.53
985 737.896 27.3 3.13 0.41
986 738.561 33.8 3.03 0.42
987 739.322 36.1 2.92 0.38
988 739.384 34.4 3.00 0.38
989 743.787 44.1 3.01 0.10
990 745.098 29.9 2.96 0.33
991 751.419 100.4 2.98 -0.01
992 755.416 49.8 3.04 0.16
993 759.325 16.8 3.09 -0.22
994 759.584 24.7 2.86 -0.00
995 762.216 40.1 3.02 -0.04
996 762.735 67.4 2.93 -0.00
997 768.926 75.9 2.73 0.01
998 771.084 56.3 2.76 -0.00
999 771.138 36.1 3.04 -0.00
1000 772.476 78.8 2.61 0.01
1001 773.551 45.8 3.03 -0.01
1002 774.746 20.8 2.79 -0.01
1003 775.132 84.8 2.76 0.01
1004 775.599 50.6 2.81 -0.00
1005 776.067 87.3 2.73 -0.01
1006 776.173 52.9 2.40 0.01
1007 776.309 35.0 2.67 -0.00
1008 776.524 108.4 2.64 0.00
1009 778.060 53.8 2.71 -0.00
1010 778.248 19.3 2.99 0.00
1011 779.299 62.6 2.97 -0.06
1012 780.061 54.0 3.05 -0.00
1013 780.395 40.1 3.28 0.01
1014 781.153 18.5 3.16 0.00
1015 782.033 68.3 2.98 -0.09
1016 783.006 16.8 3.28 0.01
1017 787.969 81.9 3.03 0.09
1018 789.082 29.0 3.35 0.14
1019 789.949 27.3 3.35 -0.07
1020 790.290 26.5 3.32 -0.05
1021 790.403 23.9 3.31 -0.00
1022 790.990 71.4 3.20 0.00
1023 796.253 49.8 3.42 0.31
1024 799.237 33.0 3.24 0.00
1025 806.483 27.3 3.29 0.00
1026 808.282 35.3 3.29 0.01
1027 808.480 34.7 3.37 0.00
1028 808.613 38.4 3.25 0.00
1029 808.859 27.3 3.27 -0.00
1030 809.951 31.3 3.57 -0.01
1031 810.798 32.1 3.25 0.00
1032 810.852 59.4 3.25 -0.01
1033 812.934 25.6 3.34 0.00
1034 813.095 35.3 3.15 -0.00
1035 813.143 32.1 3.31 -0.00
1036 813.201 37.3 3.18 0.00
1037 813.265 28.2 3.30 -0.00
1038 813.341 34.4 3.29 -0.01
1039 815.085 54.9 3.34 -0.00
1040 815.187 32.1 3.32 -0.01
1041 815.327 7.1 3.31 -0.00
1042 815.501 34.1 3.33 -0.01
1043 815.918 101.5 3.07 -0.00
1044 816.023 21.6 3.13 0.01
1045 816.068 33.6 3.34 0.01
1046 816.706 48.9 3.26 -0.01
1047 817.740 57.7 3.25 -0.00
1048 817.901 37.8 3.20 -0.01
1049 817.969 24.2 3.20 -0.00
1050 818.164 26.5 3.19 -0.00
1051 818.484 47.8 3.15 -0.00
1052 818.792 74.8 3.18 -0.00
1053 818.863 50.6 3.20 0.00
1054 819.403 26.5 3.19 -0.00
1055 819.932 54.6 3.20 0.00
1056 821.758 68.0 3.20 0.00
1057 822.045 67.4 3.25 -0.00
1058 822.290 78.8 3.16 0.00
1059 822.895 105.2 3.14 -0.01
1060 824.601 57.7 2.90 0.32
1061 832.158 48.6 3.01 -0.00
1062 832.227 57.2 3.00 -0.00
1063 832.872 65.1 2.98 0.00
1064 834.186 16.8 2.89 0.00
1065 839.074 8.0 2.81 0.50
1066 847.324 72.5 2.61 0.47
1067 848.307 50.6 2.87 0.46
1068 848.730 53.8 3.10 0.48
1069 857.598 44.9 2.97 0.49
1070 861.308 40.1 2.98 0.59
1071 864.629 40.1 3.08 0.46
1072 865.230 36.7 3.06 0.46
1073 867.725 57.7 2.95 0.49
1074 870.797 48.1 2.80 0.25
1075 876.224 63.4 3.11 0.02
1076 876.351 59.4 3.05 -0.01
1077 876.733 77.1 2.93 -0.01
1078 876.924 12.8 3.02 -0.01
1079 878.508 41.8 2.95 -0.01
1080 878.819 41.0 2.98 -0.01
1081 879.085 29.0 2.86 0.01
1082 879.935 75.1 2.71 0.00
1083 880.078 54.6 2.72 0.00
1084 880.252 95.6 2.79 -0.01
1085 880.430 62.9 2.77 -0.00
1086 880.713 45.2 2.75 0.00
1087 880.870 18.5 2.75 -0.00
1088 880.976 31.3 2.74 0.00
1089 881.164 71.4 2.78 0.00
1090 881.303 27.3 2.89 -0.00
1091 881.754 41.8 2.65 0.01
1092 882.368 73.4 2.83 -0.01
1093 883.208 37.0 2.72 0.00
1094 883.290 35.3 2.69 0.00
1095 883.420 28.2 2.64 0.00
1096 883.481 65.1 2.74 -0.00
1097 883.573 23.3 2.77 0.00
1098 884.314 108.9 2.79 -0.00
1099 884.440 36.1 2.89 -0.01
1100 884.751 19.3 2.74 0.01
1101 885.205 77.9 2.73 -0.00
1102 885.707 75.4 2.93 0.00
1103 885.761 90.7 3.07 0.00
1104 885.850 73.1 2.99 0.01
1105 885.997 27.0 2.99 -0.00
1106 886.082 22.5 2.98 -0.02
1107 886.249 30.4 3.04 0.01
1108 886.338 38.1 2.91 0.01
1109 886.441 61.2 2.79 0.01
1110 887.598 49.8 3.01 0.00
1111 887.649 21.9 3.09 0.01
1112 887.785 35.3 2.98 -0.00
1113 888.366 22.5 3.02 -0.01
1114 891.663 60.0 2.97 0.01
1115 893.117 30.4 2.80 0.11
1116 897.554 33.0 2.74 0.16
1117 897.585 24.7 2.70 0.01
1118 898.343 70.0 2.66 0.01
1119 898.493 27.3 2.84 -0.00
1120 898.681 48.4 2.71 0.01
1121 898.749 24.5 2.70 0.00
1122 899.735 61.2 2.72 -0.00
1123 900.077 24.2 2.71 0.01
1124 905.306 46.6 2.60 0.03
1125 905.497 38.1 3.02 -0.03
1126 906.211 26.5 2.93 0.11
1127 907.801 37.8 2.76 0.24
1128 915.495 22.5 3.06 0.43
1129 926.711 45.8 2.19 0.25
1130 926.769 39.0 3.01 0.25
1131 928.056 69.1 2.28 0.38
1132 932.637 22.5 2.62 -0.00
1133 932.688 41.8 2.70 -0.00
1134 932.831 41.0 2.65 -0.00
1135 932.961 58.6 2.68 -0.00
1136 934.323 61.2 2.71 -0.00
1137 934.371 24.2 2.48 -0.00
1138 936.343 28.2 2.72 -0.01
1139 936.651 26.5 2.66 -0.00
1140 936.913 49.8 2.58 -0.01
1141 938.081 54.6 2.77 -0.00
1142 938.170 71.7 2.80 -0.00
1143 938.443 39.3 3.00 -0.00
1144 939.514 56.3 3.17 -0.01
1145 939.617 38.4 3.08 -0.01
1146 939.648 26.5 3.11 -0.01
1147 939.692 55.5 3.14 0.00
1148 939.740 24.2 3.10 -0.00
1149 941.590 34.4 2.96 -0.01
1150 941.672 21.6 3.05 -0.00
1151 941.699 13.7 3.12 -0.01
1152 941.812 41.8 2.96 0.01
1153 942.030 28.2 3.08 -0.00
1154 942.122 34.1 2.93 -0.00
1155 942.259 46.6 3.10 0.00
1156 942.354 37.3 2.93 0.00
1157 942.501 69.1 3.06 -0.00
1158 942.614 16.8 2.93 0.00
1159 943.802 37.0 3.06 -0.00
1160 943.877 50.6 2.98 -0.00
1161 943.976 70.5 2.87 -0.00
1162 944.239 44.9 2.85 0.00
1163 944.488 23.3 2.80 0.01
1164 944.590 20.8 2.76 0.01
1165 944.648 83.6 2.80 0.01
1166 944.754 66.6 2.95 0.00
1167 944.897 45.8 2.85 0.01
1168 944.959 54.6 2.89 0.01
1169 945.017 36.1 2.95 -0.00
1170 946.153 58.6 3.09 -0.00
1171 946.201 44.9 2.86 -0.00
1172 947.051 44.9 2.94 0.00
1173 947.133 56.9 3.17 0.00
1174 947.222 75.9 2.76 -0.00
1175 947.290 22.5 2.94 0.00
1176 947.901 26.5 2.82 0.01
1177 949.304 58.6 3.16 0.01
1178 952.318 12.8 3.19 0.44
1179 955.066 71.4 3.18 0.46
1180 958.506 33.0 2.98 0.01
1181 962.575 56.3 2.88 -0.01
1182 962.903 21.6 2.83 -0.01
1183 962.964 65.7 2.82 -0.01
1184 963.138 72.0 2.89 0.00
1185 963.674 39.3 2.96 -0.01
1186 964.063 71.7 2.95 -0.01
1187 964.108 34.4 2.92 -0.01
1188 964.234 77.4 2.88 -0.01
1189 964.278 50.1 2.86 -0.01
1190 965.193 27.3 2.98 -0.01
1191 965.838 27.3 2.83 -0.01
1192 965.886 53.8 2.79 0.00
1193 965.975 86.8 2.84 0.00
1194 966.207 33.3 3.02 0.00
1195 966.487 30.4 2.87 -0.00
1196 967.422 22.5 2.77 -0.00
1197 967.808 66.6 2.99 0.01
1198 967.855 75.9 2.92 0.01
1199 968.163 33.0 2.88 0.00
1200 968.944 41.5 2.91 0.01
1201 969.193 37.8 2.88 0.01
1202 969.395 31.3 2.93 0.00
1203 970.047 50.6 3.08 0.00
1204 970.183 39.3 3.27 0.00
1205 970.354 70.0 3.05 0.00
1206 970.419 59.4 3.25 0.00
1207 974.030 27.3 3.04 0.19
1208 974.757 54.3 2.96 0.10
1209 974.839 48.1 3.09 0.01
1210 975.423 31.3 3.02 0.02
1211 975.464 37.8 2.98 -0.00
1212 975.539 30.4 3.02 0.01
1213 976.419 24.7 2.96 0.02
1214 976.785 27.3 2.87 0.01
1215 977.812 42.4 2.94 -0.01
1216 977.942 60.3 2.93 0.00
1217 980.788 35.3 2.67 -0.02
1218 981.143 32.1 2.68 0.00
1219 981.847 46.6 2.83 0.01
1220 981.946 32.1 2.68 0.01
1221 982.086 18.5 2.84 -0.00
1222 982.669 28.2 2.80 -0.00
1223 983.004 28.2 2.82 0.01
1224 983.065 39.3 2.75 0.01
1225 985.765 35.3 2.91 -0.00
1226 986.192 23.3 2.85 0.00
1227 986.226 23.3 2.77 0.00
1228 986.304 31.0 2.82 0.00
1229 986.393 53.8 2.85 0.00
1230 986.629 52.9 2.86 -0.01
1231 987.042 17.6 2.73 -0.00
1232 987.363 41.0 2.83 0.00
1233 987.475 41.0 2.68 0.00
1234 987.970 46.6 2.87 0.01
1235 988.059 48.9 2.78 0.00
1236 988.117 33.3 2.79 -0.00
1237 988.414 24.2 2.64 -0.02
1238 989.458 27.3 2.90 0.01
1239 989.516 27.3 2.74 -0.00
1240 992.165 42.7 2.64 0.01
1241 992.442 14.5 2.91 -0.03
1242 995.862 59.4 2.91 0.16
1243 997.753 48.9 2.88 -0.01
1244 997.947 45.8 2.81 0.08
1245 1000.395 32.1 2.82 0.01
1246 1002.013 48.9 2.92 -0.00
1247 1002.944 53.8 2.67 -0.01
1248 1003.405 47.5 2.75 -0.00
1249 1003.846 33.0 2.68 -0.00
1250 1004.634 51.5 2.68 0.01
1251 1005.269 21.6 2.76 -0.00
1252 1005.303 32.1 2.78 0.00
1253 1005.337 17.6 2.71 -0.00
1254 1005.917 54.6 2.65 0.00
1255 1006.348 49.5 2.72 -0.01
1256 1006.409 38.1 2.83 -0.00
1257 1006.750 54.6 2.75 -0.00
1258 1006.808 37.5 2.71 -0.00
1259 1007.218 51.2 2.74 0.01
1260 1007.395 87.6 2.69 0.01
1261 1007.460 27.3 2.69 0.01
1262 1007.631 28.2 2.63 0.00
1263 1008.641 48.9 2.60 0.02
1264 1008.832 58.6 2.73 -0.01
1265 1008.904 43.2 2.72 -0.01
1266 1008.952 35.3 2.68 -0.00
1267 1009.078 63.7 2.69 -0.00
1268 1009.215 57.7 2.61 0.01
1269 1009.611 22.5 2.51 0.01
1270 1009.672 58.6 2.68 0.00
1271 1010.041 23.3 2.70 0.00
1272 1010.136 32.1 2.72 0.00
1273 1010.317 110.9 2.63 0.00
1274 1010.423 36.1 2.57 0.01
1275 1010.532 60.3 2.57 0.00
1276 1010.744 32.1 2.54 0.00
1277 1011.136 55.5 2.36 0.02
1278 1011.771 60.3 2.43 0.00
1279 1012.614 95.6 2.36 0.00
1280 1013.437 37.8 2.48 -0.01
1281 1013.536 54.0 2.61 -0.01
1282 1013.720 67.4 2.48 0.01
1283 1013.850 70.0 2.54 0.01
1284 1015.052 27.3 2.44 0.01
1285 1015.123 56.9 2.34 -0.01
1286 1015.864 74.8 2.26 -0.01
1287 1016.028 34.4 2.47 -0.03
1288 1016.096 47.5 2.48 0.00
1289 1016.799 44.9 2.49 -0.03
1290 1016.898 85.9 2.44 0.02
1291 1017.164 73.1 2.39 0.05
1292 1017.850 66.6 2.44 -0.09
1293 1017.990 36.1 2.38 -0.02
1294 1018.407 26.2 2.27 -0.01
1295 1018.479 21.0 2.46 -0.00
1296 1020.339 38.4 2.53 -0.10
1297 1022.564 24.2 2.44 0.00
1298 1022.834 37.0 2.62 0.00
1299 1023.087 72.2 2.64 0.00
1300 1023.315 54.6 2.59 -0.00
1301 1024.254 38.4 2.54 -0.00
1302 1024.353 53.8 2.51 -0.00
1303 1024.445 81.9 2.63 -0.00
1304 1025.865 11.1 2.55 -0.00
1305 1026.585 55.5 2.57 -0.00
1306 1026.752 61.2 2.48 -0.01
1307 1032.545 32.1 2.72 -0.02
1308 1034.409 19.3 3.14 0.01
1309 1035.801 25.6 2.69 -0.01
1310 1041.164 50.9 2.76 -0.00
1311 1041.225 46.6 2.76 -0.00
1312 1047.086 36.7 3.22 -0.00
1313 1047.127 34.1 3.18 -0.00
1314 1047.724 42.7 3.06 0.01
1315 1047.813 19.3 3.25 -0.00
1316 1047.919 31.3 3.21 -0.01
1317 1048.065 16.8 3.16 -0.00
1318 1048.137 61.2 3.07 0.00
1319 1048.215 46.6 3.12 0.00
1320 1048.263 13.7 3.11 -0.00
1321 1048.960 66.8 3.20 -0.01
1322 1049.065 30.2 3.22 0.00
1323 1049.130 37.0 3.16 -0.02
1324 1051.093 33.6 3.11 -0.00
1325 1051.233 57.2 3.18 -0.00
1326 1051.547 32.1 3.23 -0.01
1327 1051.598 37.3 3.11 -0.01
1328 1051.677 64.9 3.26 0.00
1329 1051.752 53.2 3.15 0.00
1330 1052.277 14.5 3.21 -0.00
1331 1053.366 142.5 3.04 -0.00
1332 1053.868 96.4 3.03 0.01
1333 1054.230 26.5 2.85 -0.01
1334 1054.721 60.3 3.02 0.01
1335 1055.697 41.0 2.77 0.01
1336 1055.769 33.3 2.96 0.01
1337 1056.182 22.5 3.04 0.00
1338 1056.230 22.5 2.95 0.00
1339 1056.343 59.4 2.99 0.00
1340 1056.623 63.4 2.95 0.00
1341 1057.370 59.4 3.14 0.00
1342 1057.421 47.5 3.06 0.00
1343 1057.588 41.0 3.07 0.01
1344 1057.708 20.8 3.14 0.00
1345 1058.223 37.0 3.10 0.01
1346 1058.322 53.2 2.94 0.01
1347 1058.623 33.8 2.98 0.00
1348 1058.950 63.1 3.01 0.01
1349 1059.142 27.3 3.02 0.01
1350 1059.183 20.5 3.05 0.01
1351 1059.234 28.7 3.00 0.01
1352 1059.295 43.8 3.02 0.00
1353 1059.346 45.5 3.15 0.01
1354 1059.544 57.7 2.94 -0.00
1355 1059.643 67.1 3.18 -0.00
1356 1059.913 59.4 3.07 0.01
1357 1060.022 23.3 3.08 0.00
1358 1060.073 37.0 3.02 0.00
1359 1061.169 15.4 3.22 0.00
1360 1061.333 26.5 3.02 0.00
1361 1062.357 24.7 3.15 0.01
1362 1062.688 40.1 3.08 -0.00
1363 1062.920 45.8 3.02 0.01
1364 1063.152 74.5 3.01 0.00
1365 1063.340 62.6 2.79 0.01
1366 1064.586 28.2 2.87 -0.01
1367 1065.975 23.6 2.90 0.03
1368 1066.893 37.8 2.94 0.03
1369 1068.893 17.6 3.10 0.00
1370 1070.303 26.7 3.07 0.12
1371 1070.808 28.2 3.09 -0.06
1372 1076.232 74.8 3.08 0.00
1373 1077.239 21.6 2.91 -0.00
1374 1077.457 72.2 2.95 0.31
1375 1077.625 68.3 2.89 0.00
1376 1078.133 44.9 2.98 -0.01
1377 1079.703 65.1 2.79 0.01
1378 1079.809 58.3 3.22 0.01
1379 1082.219 49.8 2.95 -0.00
1380 1083.366 72.5 3.18 0.20
1381 1083.731 72.2 2.91 -0.02
1382 1084.311 63.4 3.05 0.28
1383 1085.919 20.8 3.09 0.01
1384 1086.404 58.6 2.80 -0.01
1385 1087.363 82.8 3.06 -0.01
1386 1089.227 22.5 3.31 0.01
1387 1090.042 21.3 3.06 0.01
1388 1090.179 30.4 2.98 0.01
1389 1091.237 64.3 3.10 0.07
1390 1091.565 41.0 3.02 0.04
1391 1092.418 21.6 3.14 0.19
1392 1092.534 42.4 3.08 0.17
1393 1093.258 42.7 3.29 -0.00
1394 1093.749 24.2 3.40 0.33
1395 1093.777 16.8 3.35 0.29
1396 1094.070 16.8 3.33 0.25
1397 1098.347 21.6 3.25 0.01
1398 1099.866 74.8 3.23 -0.00
1399 1099.931 23.3 3.12 0.00
1400 1101.907 107.5 3.33 -0.01
1401 1102.136 50.6 3.29 -0.01
1402 1102.245 77.9 3.31 -0.01
1403 1102.320 51.5 3.22 -0.01
1404 1102.525 81.1 3.12 0.00
1405 1102.887 27.0 3.16 -0.01
1406 1103.105 20.8 3.17 -0.01
1407 1103.153 49.8 3.13 -0.00
1408 1103.245 73.1 3.15 -0.00
1409 1103.382 155.9 3.17 -0.00
1410 1103.494 30.4 3.11 -0.00
1411 1103.542 30.4 3.21 -0.00
1412 1103.590 45.8 2.95 0.00
1413 1103.675 22.5 3.15 0.00
1414 1103.836 63.1 3.16 -0.00
1415 1105.686 33.0 3.10 0.01
1416 1105.764 50.1 3.21 0.01
1417 1105.826 48.6 3.18 0.00
1418 1106.000 52.9 2.94 0.01
1419 1106.447 70.5 2.96 0.01
1420 1106.498 79.1 3.09 0.01
1421 1106.761 68.6 3.01 0.01
1422 1106.911 49.8 3.04 -0.00
1423 1107.171 106.1 3.04 0.00
1424 1107.293 58.6 3.01 0.00
1425 1107.430 33.0 3.02 0.01
1426 1107.826 50.6 3.08 -0.01
1427 1108.130 59.2 3.06 0.01
1428 1108.215 81.1 3.09 0.01
1429 1108.689 103.0 3.10 -0.01
1430 1108.792 50.6 3.21 0.00
1431 1109.270 105.8 3.07 -0.00
1432 1111.775 63.4 3.09 0.02
1433 1113.229 58.6 2.96 0.01
1434 1116.148 19.6 3.04 0.02
1435 1117.274 41.8 3.04 0.00
1436 1117.329 37.0 3.03 0.01
1437 1117.916 15.4 2.88 0.01
1438 1118.240 55.5 2.99 0.01
1439 1119.523 24.2 2.89 -0.00
1440 1119.663 62.0 3.00 -0.00
1441 1119.738 46.1 2.98 0.00
1442 1119.984 32.1 2.96 -0.01
1443 1120.022 33.8 2.97 -0.01
1444 1120.302 17.6 3.07 0.01
1445 1120.885 71.4 3.03 0.34
1446 1121.377 55.5 2.89 0.00
1447 1124.838 34.4 3.02 0.27
1448 1129.784 58.6 2.86 0.00
1449 1133.453 77.9 2.92 -0.00
1450 1134.371 24.7 2.79 0.00
1451 1134.409 28.7 2.79 -0.00
1452 1134.801 57.2 2.83 -0.00
1453 1135.290 45.8 3.07 -0.00
1454 1135.368 51.8 2.96 -0.00
1455 1135.587 41.8 2.89 -0.00
1456 1135.645 34.1 2.76 -0.00
1457 1135.767 34.4 2.79 0.00
1458 1137.669 46.6 2.82 0.01
1459 1137.839 159.9 2.98 0.00
1460 1138.024 134.3 2.64 0.00
1461 1138.099 67.4 2.65 0.21
1462 1138.259 48.9 3.01 -0.00
1463 1138.686 32.1 2.49 0.01
1464 1141.253 18.5 3.00 -0.01
1465 1141.307 31.3 3.09 -0.00
1466 1141.372 27.3 3.10 0.00
1467 1141.475 36.1 3.27 0.00
1468 1142.072 33.8 2.86 -0.00
1469 1142.266 101.3 2.91 0.01
1470 1142.324 68.8 2.99 0.01
1471 1142.577 91.6 2.80 0.00
1472 1143.686 64.3 2.99 0.00
1473 1144.400 36.4 2.80 -0.01
1474 1144.468 51.8 2.57 -0.01
1475 1147.540 61.7 2.43 0.01
1476 1147.622 54.6 2.83 -0.00
1477 1147.704 17.1 2.97 0.00
1478 1147.735 44.9 2.64 -0.01
1479 1147.946 64.3 2.68 -0.00
1480 1148.356 48.1 2.62 -0.00
1481 1148.701 35.6 2.99 0.21
1482 1151.967 45.8 2.55 -0.00
1483 1152.568 51.5 3.04 0.10
1484 1153.008 37.8 2.90 0.29
1485 1153.732 63.4 2.37 0.47
1486 1154.896 69.1 3.00 0.00
1487 1155.053 41.8 2.66 -0.01
1488 1155.415 13.7 2.77 -0.00
1489 1155.609 23.3 2.77 -0.00
1490 1155.821 36.4 3.18 -0.01
1491 1155.892 46.6 3.09 0.00
1492 1155.985 79.9 3.10 0.01
1493 1156.131 57.2 3.07 -0.02
1494 1156.452 27.3 3.14 0.00
1495 1156.920 32.1 2.93 -0.01
1496 1157.589 23.3 2.82 0.01
1497 1158.057 33.0 3.15 -0.01
1498 1158.128 34.7 3.03 -0.01
1499 1159.238 41.8 2.62 -0.00
1500 1160.200 69.1 2.66 -0.01
1501 1160.262 25.6 2.70 -0.01
1502 1160.323 82.8 2.59 0.00
1503 1160.384 17.6 2.65 -0.00
1504 1160.436 16.2 2.65 0.00
1505 1160.572 40.1 2.75 0.00
1506 1160.688 16.8 2.70 0.01
1507 1161.931 103.5 2.87 -0.01
1508 1162.060 77.1 2.86 -0.00
1509 1163.047 31.0 3.01 0.00
1510 1163.146 39.0 3.08 0.01
1511 1163.405 30.2 2.92 -0.00
1512 1165.303 54.6 3.08 0.00
1513 1165.716 59.4 3.17 -0.00
1514 1165.774 42.4 3.22 0.00
1515 1165.935 23.3 3.11 -0.01
1516 1165.965 22.5 3.24 0.01
1517 1166.173 80.2 3.18 0.01
1518 1166.255 46.9 3.27 0.00
1519 1167.358 50.3 3.27 -0.01
1520 1167.604 61.2 3.18 0.00
1521 1167.866 56.3 3.13 -0.00
1522 1168.006 39.3 3.17 -0.00
1523 1168.058 36.7 3.18 -0.00
1524 1172.659 86.8 3.04 0.01
1525 1173.195 77.1 3.12 -0.25
1526 1175.557 59.4 3.40 0.03
1527 1177.895 114.1 2.84 -0.11
1528 1179.581 54.9 3.02 -0.01
1529 1180.643 50.6 2.86 -0.06
1530 1180.745 42.7 2.92 -0.08
1531 1182.984 45.8 3.02 -0.08
1532 1187.616 43.5 3.09 0.01
1533 1187.811 26.5 3.02 -0.01
1534 1190.545 29.9 2.92 -0.01
1535 1193.053 64.3 2.99 -0.00
1536 1196.166 45.8 2.62 0.37
1537 1196.532 22.5 2.85 -0.00
1538 1196.893 68.3 2.62 0.00
1539 1198.593 53.2 2.97 0.34
1540 1198.941 41.0 2.62 0.35
1541 1199.955 33.0 3.00 -0.01
1542 1200.348 45.8 3.00 0.01
1543 1200.423 53.5 3.02 0.01
1544 1200.914 17.6 3.05 0.00
1545 1201.877 59.4 2.62 -0.02
1546 1202.638 51.2 2.77 0.01
1547 1202.740 68.3 2.67 0.01
1548 1203.239 95.3 3.04 -0.03
1549 1203.621 53.2 2.84 -0.01
1550 1203.764 62.6 2.90 0.01
1551 1204.614 54.6 2.87 -0.00
1552 1204.703 75.1 2.91 -0.00
1553 1204.939 97.6 2.94 -0.01
1554 1205.103 36.1 2.81 -0.01
1555 1205.256 32.1 3.11 -0.00
1556 1205.396 52.1 2.90 -0.00
1557 1205.932 40.1 2.66 -0.00
1558 1206.010 29.9 2.71 -0.00
1559 1206.113 57.5 2.67 0.00
1560 1206.243 19.3 2.64 -0.00
1561 1206.277 36.1 2.75 0.00
1562 1206.400 36.1 2.77 -0.00
1563 1206.447 42.1 2.84 0.00
1564 1206.662 46.6 2.74 0.00
1565 1206.758 18.5 2.83 0.00
1566 1206.806 44.9 3.02 0.00
1567 1207.014 8.0 3.18 -0.00
1568 1209.048 50.1 3.23 -0.00
1569 1209.123 17.6 3.20 -0.00
1570 1209.192 44.9 3.32 -0.00
1571 1209.547 49.8 3.21 0.01
1572 1209.847 46.6 3.12 -0.00
1573 1209.915 60.6 3.15 0.01
1574 1210.117 37.0 3.14 0.01
1575 1210.820 51.8 3.12 0.01
1576 1210.953 20.8 2.96 -0.00
1577 1210.980 22.5 3.03 -0.00
1578 1211.226 54.6 3.24 0.00
1579 1211.482 59.4 3.26 0.00
1580 1215.151 23.3 2.96 0.01
1581 1215.305 58.6 3.18 0.00
1582 1216.148 18.5 2.95 0.01
1583 1218.435 20.8 3.14 -0.01
1584 1222.777 39.3 3.32 0.00
1585 1223.988 36.1 3.22 -0.00
1586 1224.797 25.6 3.22 0.01
1587 1227.060 14.5 3.30 0.00
1588 1227.839 16.8 3.14 0.00
1589 1229.525 44.1 3.09 -0.00
1590 1239.980 63.4 2.86 0.01
1591 1240.291 73.1 2.97 0.24
1592 1243.434 31.3 3.04 0.01
1593 1244.817 44.1 3.26 0.47
1594 1245.738 53.8 3.05 -0.01
1595 1247.674 53.8 3.07 0.13
1596 1253.210 58.6 3.01 -0.01
1597 1254.074 48.1 2.97 0.01
1598 1254.521 62.0 3.12 -0.01
1599 1256.371 36.1 3.07 0.01
1600 1257.842 41.0 3.15 0.17
1601 1258.217 59.4 3.08 0.00
1602 1260.593 69.1 3.00 0.00
1603 1262.528 53.8 2.86 -0.00
1604 1263.320 66.0 3.06 0.00
1605 1263.433 69.1 3.05 0.00
1606 1263.542 49.5 2.94 -0.00
1607 1263.576 26.2 3.10 0.01
1608 1263.628 21.6 3.13 -0.01
1609 1263.832 97.6 2.89 -0.00
1610 1265.519 18.5 3.04 -0.00
1611 1265.638 33.0 3.14 0.00
1612 1265.901 41.0 3.02 -0.00
1613 1266.054 58.6 3.09 -0.01
1614 1267.273 21.6 3.04 0.00
1615 1267.382 45.8 3.11 -0.00
1616 1268.393 55.2 2.91 -0.00
1617 1268.474 88.5 3.08 -0.00
1618 1268.580 62.6 2.89 -0.00
1619 1268.864 49.8 2.95 0.01
1620 1268.969 66.6 3.04 0.01
1621 1269.208 21.6 2.77 -0.01
1622 1270.789 58.6 2.89 0.03
1623 1273.359 71.4 2.85 -0.00
1624 1274.318 81.9 3.27 -0.00
1625 1274.383 22.5 3.12 0.00
1626 1276.055 89.9 2.94 -0.01
1627 1276.206 53.8 3.11 -0.02
1628 1277.298 52.3 3.11 -0.00
1629 1277.557 62.6 3.24 0.01
1630 1277.926 36.1 3.10 0.01
1631 1280.012 43.0 2.96 0.02
1632 1280.124 22.5 3.06 -0.01
1633 1280.288 77.1 2.93 -0.06
1634 1280.384 53.8 3.04 0.00
1635 1281.309 37.0 3.16 0.00
1636 1281.367 54.6 3.12 -0.01
1637 1281.442 22.5 3.12 -0.00
1638 1281.667 49.8 3.01 -0.00
1639 1281.722 26.5 3.16 0.00
1640 1282.141 57.7 3.00 0.00
1641 1282.189 40.7 3.02 0.00
1642 1283.490 66.0 3.15 -0.00
1643 1283.773 50.6 3.21 0.00
1644 1283.845 52.3 3.26 0.00
1645 1283.903 26.5 3.23 -0.00
1646 1283.978 36.1 3.08 -0.01
1647 1284.029 35.3 3.19 0.00
1648 1284.357 18.5 3.31 -0.00
1649 1284.602 81.1 3.09 -0.01
1650 1284.893 22.5 3.14 0.00
1651 1284.992 42.7 3.12 -0.00
1652 1285.067 63.4 3.20 -0.01
1653 1285.155 49.8 3.09 -0.00
1654 1285.265 36.1 3.09 -0.00
1655 1285.405 32.1 3.23 -0.00
1656 1285.466 66.6 3.01 -0.00
1657 1285.671 105.8 3.11 -0.00
1658 1286.063 19.3 3.01 -0.00
1659 1286.470 78.8 2.60 -0.01
1660 1286.678 67.4 3.00 0.00
1661 1286.749 52.3 3.02 -0.00
1662 1286.900 66.6 2.93 -0.00
1663 1286.992 72.5 2.94 -0.00
1664 1287.958 46.4 2.90 0.00
1665 1288.326 48.9 2.74 0.00
1666 1289.265 58.6 2.83 0.00
1667 1289.419 32.1 2.75 -0.00
1668 1289.453 24.5 2.64 -0.00
1669 1289.770 48.1 2.49 0.00
1670 1290.095 47.2 2.52 -0.00
1671 1290.170 28.7 2.74 -0.01
1672 1290.323 37.0 2.72 -0.00
1673 1290.665 70.3 2.46 0.00
1674 1290.921 104.4 2.59 -0.00
1675 1291.043 65.1 2.55 -0.00
1676 1291.088 35.3 2.84 -0.00
1677 1291.289 43.0 2.54 -0.01
1678 1291.392 32.4 2.79 0.00
1679 1291.467 91.0 2.67 -0.00
1680 1291.972 71.4 2.58 -0.00
1681 1292.040 55.2 2.57 -0.00
1682 1292.436 46.4 2.50 -0.00
1683 1292.518 27.3 2.57 0.00
1684 1292.736 41.0 2.58 0.00
1685 1292.781 31.6 2.90 0.00
1686 1292.808 21.6 2.98 -0.00
1687 1294.266 39.3 2.88 -0.01
1688 1294.433 33.8 2.88 -0.01
1689 1294.535 57.7 3.04 -0.01
1690 1294.873 41.5 2.96 0.03
1691 1296.269 55.5 3.10 -0.01
1692 1313.834 20.8 3.01 0.39
1693 1321.122 36.1 2.91 -0.01
1694 1324.245 23.3 2.91 0.39
1695 1324.740 73.1 2.80 0.35
1696 1325.211 61.7 2.71 0.38
1697 1328.344 50.6 2.82 0.14
1698 1334.625 59.4 2.70 -0.00
1699 1334.843 156.7 2.65 -0.00
1700 1335.290 50.1 2.62 -0.00
1701 1335.359 37.5 2.75 -0.01
1702 1335.444 27.3 2.66 -0.00
1703 1335.519 36.7 2.81 -0.00
1704 1335.594 65.4 2.71 0.01
1705 1335.680 54.6 2.67 0.01
1706 1335.785 52.9 2.59 -0.00
1707 1338.014 53.8 2.88 0.00
1708 1338.096 59.4 2.84 -0.00
1709 1338.642 124.0 2.82 0.00
1710 1338.953 92.2 2.83 0.00
1711 1339.069 60.6 2.71 0.00
1712 1339.496 51.5 2.81 -0.00
1713 1339.700 23.3 2.73 0.01
1714 1340.202 27.3 2.75 0.00
1715 1340.253 44.9 2.75 0.00
1716 1340.308 35.3 2.76 0.01
1717 1340.585 26.5 2.87 0.01
1718 1341.144 77.9 2.89 0.00
1719 1342.458 20.8 2.69 0.01
1720 1342.540 55.8 2.84 0.01
1721 1342.858 23.3 2.78 0.01
1722 1342.977 31.3 2.72 0.00
1723 1343.414 61.7 2.70 -0.00
1724 1343.694 35.3 2.70 0.00
1725 1343.786 42.1 2.65 0.00
1726 1344.384 53.8 2.74 0.13
1727 1344.595 47.5 2.74 0.01
1728 1344.725 28.2 2.70 0.00
1729 1350.770 44.9 2.83 0.03
1730 1353.603 50.6 2.88 -0.01
1731 1355.159 58.6 2.99 0.18
1732 1355.334 65.1 2.89 -0.02
1733 1355.712 63.4 2.85 -0.01
1734 1355.764 29.0 3.09 -0.02
1735 1355.897 67.4 3.00 -0.01
1736 1356.228 77.1 2.86 0.20
1737 1357.238 53.8 2.74 0.01
1738 1357.344 50.6 2.92 -0.00
1739 1357.426 57.2 2.95 -0.01
1740 1357.945 61.2 2.99 -0.01
1741 1358.542 22.5 3.13 -0.01
1742 1358.655 41.8 3.14 -0.01
1743 1358.853 31.3 3.17 -0.00
1744 1359.334 47.5 3.15 0.00
1745 1359.481 27.3 3.13 -0.00
1746 1359.515 31.3 3.21 -0.01
1747 1359.750 37.8 2.98 -0.01
1748 1359.785 15.4 3.35 -0.00
1749 1359.979 41.0 2.81 0.00
1750 1360.443 59.7 3.03 -0.00
1751 1360.771 40.1 2.99 -0.00
1752 1360.873 44.4 3.16 -0.00
1753 1360.935 35.6 3.00 -0.01
1754 1361.007 21.6 3.05 0.00
1755 1361.068 25.9 3.12 -0.01
1756 1361.129 46.1 3.24 -0.00
1757 1361.181 40.4 3.19 -0.01
1758 1361.324 47.8 3.09 -0.01
1759 1361.454 41.0 3.18 0.00
1760 1361.542 61.4 2.94 -0.01
1761 1361.747 44.1 3.12 -0.00
1762 1361.829 40.1 3.29 0.00
1763 1362.454 39.8 2.80 0.00
1764 1362.761 36.7 3.03 -0.00
1765 1364.345 37.5 2.94 -0.00
1766 1364.396 35.3 2.76 0.01
1767 1364.485 48.9 2.51 0.01
1768 1364.621 33.8 2.80 0.00
1769 1364.686 50.6 2.81 0.00
1770 1365.068 45.8 2.58 0.00
1771 1365.359 60.0 2.77 -0.00
1772 1366.816 36.1 2.36 0.01
1773 1367.151 93.9 2.58 0.00
1774 1367.833 90.7 2.51 0.01
1775 1368.215 83.3 2.42 -0.01
1776 1368.342 20.2 2.45 0.00
1777 1368.383 21.6 2.33 0.01
1778 1368.427 45.8 2.38 0.00
1779 1368.932 102.1 2.56 0.00
1780 1368.977 30.4 2.30 0.00
1781 1369.052 92.4 2.68 0.00
1782 1370.257 69.7 2.60 0.01
1783 1370.434 61.7 2.56 0.01
1784 1376.428 73.1 2.62 0.28
1785 1377.070 54.6 2.58 0.20
1786 1386.036 25.6 2.58 0.17
1787 1392.355 44.9 2.72 0.28
1788 1395.147 53.8 2.88 0.55
1789 1395.556 50.6 2.93 0.50
1790 1400.864 42.7 2.73 0.42
1791 1401.728 39.3 3.01 0.43
1792 1402.339 59.4 2.69 0.28
1793 1406.377 37.0 3.33 0.00
1794 1411.172 62.6 3.30 -0.00
1795 1411.483 58.0 3.13 -0.00
1796 1413.640 51.5 3.25 0.00
1797 1413.729 40.1 3.31 -0.00
1798 1413.801 58.6 3.27 -0.00
1799 1415.801 63.4 3.18 0.34
1800 1420.794 30.4 2.94 -0.00
1801 1423.529 59.2 3.02 0.00
1802 1424.648 75.1 3.18 -0.00
1803 1424.761 19.1 3.13 -0.00
1804 1425.092 47.2 3.08 -0.00
1805 1426.440 65.7 3.08 -0.01
1806 1427.147 25.6 3.16 0.01
1807 1427.744 49.8 3.21 0.00
1808 1428.259 77.1 3.12 0.07
1809 1429.355 60.3 3.16 0.01
1810 1430.369 71.4 3.26 0.01
1811 1431.632 27.3 3.08 0.00
1812 1431.820 49.5 3.05 0.00
1813 1432.635 32.1 2.91 0.01
1814 1433.373 54.6 2.98 0.01
1815 1433.574 27.3 2.95 -0.00
1816 1433.987 53.8 2.95 0.01
1817 1434.721 41.0 2.96 0.09
1818 1435.335 23.9 2.96 -0.00
1819 1435.410 21.6 3.05 0.01
1820 1436.479 41.0 2.95 0.01
1821 1443.572 63.4 3.14 -0.02
1822 1444.439 31.3 3.15 0.01
1823 1444.862 42.7 3.26 -0.01
1824 1444.916 34.1 3.10 -0.01
1825 1445.306 51.5 3.29 -0.01
1826 1445.507 41.0 3.17 0.00
1827 1445.893 48.9 3.17 0.00
1828 1446.473 44.9 3.14 0.01
1829 1446.650 18.5 3.14 -0.00
1830 1446.715 19.3 3.16 -0.01
1831 1446.855 32.1 3.16 -0.00
1832 1446.924 44.9 3.13 0.00
1833 1446.995 76.2 3.15 -0.00
1834 1447.384 56.3 3.13 -0.00
1835 1447.473 32.1 3.07 -0.00
1836 1447.511 30.4 3.14 -0.01
1837 1447.620 29.0 2.96 0.00
1838 1447.756 22.5 3.17 0.00
1839 1448.972 44.9 3.21 -0.01
1840 1449.026 32.1 3.07 -0.01
1841 1449.067 33.0 2.97 -0.00
1842 1449.152 36.1 3.12 -0.01
1843 1449.238 65.1 3.13 -0.01
1844 1449.327 75.9 3.13 -0.01
1845 1449.402 53.8 3.22 -0.01
1846 1449.552 41.8 3.21 -0.00
1847 1449.654 48.1 3.24 -0.02
1848 1450.938 61.2 3.01 -0.00
1849 1451.074 37.0 3.02 -0.00
1850 1451.122 41.2 3.09 -0.00
1851 1451.801 35.6 3.30 -0.00
1852 1451.876 31.3 3.25 -0.00
1853 1451.962 72.2 3.24 -0.01
1854 1452.146 66.6 3.16 -0.00
1855 1452.340 18.5 3.32 0.00
1856 1452.446 60.3 3.29 0.01
1857 1452.771 49.8 2.97 0.00
1858 1452.880 26.5 3.23 0.01
1859 1453.194 44.9 3.25 0.01
1860 1453.276 42.4 3.23 0.01
1861 1453.614 44.7 3.10 -0.00
1862 1453.668 63.4 3.23 -0.00
1863 1454.033 57.7 3.21 -0.00
1864 1454.484 41.8 3.23 -0.00
1865 1454.863 36.1 3.34 -0.00
1866 1455.474 59.4 3.24 0.00
1867 1455.918 62.6 3.21 -0.00
1868 1457.082 41.0 3.14 0.00
1869 1457.150 40.1 3.11 0.00
1870 1458.444 44.7 3.21 0.00
1871 1458.529 52.1 3.29 0.01
1872 1458.696 49.5 3.14 0.02
1873 1459.317 45.8 3.09 0.00
1874 1462.813 21.6 2.41 0.01
1875 1462.905 28.2 3.12 0.01
1876 1465.246 77.4 2.96 0.16
1877 1465.396 20.8 2.86 0.00
1878 1468.946 43.2 2.82 0.26
1879 1471.394 27.3 2.82 0.30
1880 1477.736 49.2 2.77 0.25
1881 1477.814 73.1 2.79 0.25
1882 1483.750 41.0 2.65 0.41
1883 1491.102 21.6 2.43 -0.01
1884 1491.406 75.4 2.59 0.00
1885 1491.474 22.5 2.47 -0.00
1886 1491.584 23.6 2.47 -0.00
1887 1491.676 14.5 2.39 0.00
1888 1491.843 25.6 2.65 0.00
1889 1491.911 56.3 2.54 -0.01
1890 1492.133 44.9 2.50 -0.01
1891 1494.239 15.4 2.64 0.00
1892 1494.260 17.9 2.56 0.00
1893 1494.365 54.9 2.84 0.00
1894 1494.587 83.1 3.06 -0.00
1895 1494.703 28.7 2.57 0.00
1896 1495.041 26.5 2.89 0.00
1897 1495.212 61.2 2.90 0.00
1898 1496.963 23.3 2.44 -0.01
1899 1497.168 25.6 2.87 0.00
1900 1497.222 29.9 2.97 0.00
1901 1497.403 76.2 2.98 -0.01
1902 1497.700 37.0 2.88 0.01
1903 1497.765 40.4 2.80 0.01
1904 1498.765 104.7 2.79 0.01
1905 1505.056 23.3 2.57 0.19
1906 1508.425 35.6 2.83 0.17
1907 1509.357 44.1 2.64 0.05
1908 1511.241 90.7 2.19 0.43
1909 1514.217 18.5 2.31 0.01
1910 1514.504 72.2 2.32 0.01
1911 1516.105 18.5 2.75 0.03
1912 1516.149 17.6 2.60 0.01
1913 1517.262 53.8 2.63 0.00
1914 1520.088 54.0 3.13 -0.05
1915 1523.836 37.0 2.88 -0.00
1916 1524.082 32.1 2.75 -0.00
1917 1525.669 63.4 2.89 0.00
1918 1525.765 37.0 2.75 0.00
1919 1526.031 68.3 2.88 0.00
1920 1526.116 48.9 2.76 -0.01
1921 1526.468 78.2 2.77 -0.01
1922 1527.017 52.9 2.94 -0.00
1923 1527.492 46.6 2.46 -0.00
1924 1527.536 30.4 2.51 -0.00
1925 1527.734 51.5 2.57 0.01
1926 1527.884 67.7 2.56 0.01
1927 1528.601 36.1 2.34 0.00
1928 1528.707 35.3 2.77 -0.00
1929 1528.745 18.5 2.78 -0.00
1930 1533.035 88.5 2.93 0.01
1931 1533.114 53.8 2.81 -0.01
1932 1534.424 102.7 2.78 0.32
1933 1535.663 32.1 2.78 0.01
1934 1536.015 37.0 2.84 -0.01
1935 1536.295 28.2 2.90 0.00
1936 1536.708 54.6 2.84 0.02
1937 1537.394 63.4 3.02 0.01
1938 1537.851 40.1 2.67 0.00
1939 1538.585 47.5 2.88 0.00
1940 1538.660 58.6 3.05 0.00
1941 1538.923 28.2 2.96 0.03
1942 1541.289 54.6 3.00 0.01
1943 1541.476 50.9 2.87 0.01
1944 1541.579 74.8 2.86 0.01
1945 1541.845 52.1 2.82 -0.00
1946 1543.104 37.0 2.97 -0.01
1947 1543.176 57.7 2.85 0.08
1948 1546.265 41.8 3.00 0.26
1949 1547.798 77.9 2.96 -0.00
1950 1551.467 54.6 3.03 -0.00
1951 1551.539 60.9 3.06 0.00
1952 1551.672 40.7 2.95 -0.00
1953 1551.733 36.7 2.95 0.20
1954 1552.269 37.0 3.07 0.00
1955 1553.693 58.6 2.83 -0.00
1956 1556.038 61.2 2.92 0.01
1957 1557.024 40.1 3.07 -0.01
1958 1560.782 34.1 2.65 0.01
1959 1561.936 20.8 2.95 0.01
1960 1562.670 24.2 3.08 0.19
1961 1564.817 38.4 2.86 0.34
1962 1566.752 63.4 2.85 0.32
1963 1568.315 61.2 2.58 0.46
1964 1571.241 69.4 2.89 -0.00
1965 1572.947 26.5 2.47 -0.00
1966 1573.070 69.1 2.81 -0.00
1967 1573.186 45.5 2.86 -0.01
1968 1573.848 49.8 2.61 0.01
1969 1573.906 40.7 2.53 -0.00
1970 1573.958 54.9 2.47 0.00
1971 1574.401 53.8 2.68 -0.00
1972 1574.579 46.6 2.52 -0.01
1973 1574.835 22.5 2.51 -0.01
1974 1575.026 58.6 2.52 -0.00
1975 1575.139 70.0 2.48 0.00
1976 1575.507 37.0 2.62 -0.00
1977 1576.067 69.1 2.53 -0.01
1978 1576.132 67.7 2.47 -0.01
1979 1576.507 44.1 2.51 -0.00
1980 1577.565 79.9 2.26 -0.00
1981 1577.688 74.0 2.36 -0.00
1982 1577.832 37.3 2.36 0.00
1983 1577.996 52.3 2.39 -0.01
1984 1578.238 30.4 2.40 -0.01
1985 1578.327 50.9 2.33 -0.01
1986 1578.456 37.0 2.50 -0.01
1987 1578.596 78.8 2.23 -0.01
1988 1578.934 19.3 2.52 -0.01
1989 1579.562 22.5 2.30 -0.01
1990 1579.733 85.0 2.14 -0.01
1991 1580.378 74.0 2.26 -0.00
1992 1580.624 27.3 2.17 -0.00
1993 1581.259 48.9 2.09 -0.00
1994 1581.334 37.8 2.01 -0.00
1995 1581.798 71.7 2.12 0.00
1996 1581.907 60.3 2.43 0.01
1997 1581.999 21.6 1.87 0.00
1998 1582.218 58.0 2.02 -0.00
1999 1582.525 24.2 2.27 0.01
2000 1582.866 121.5 2.50 0.00
