1 0.797 44.9 3.05 0.24
2 0.868 24.2 3.12 0.24
3 1.298 51.5 3.10 0.17
4 1.677 32.1 3.04 0.06
5 3.370 33.0 2.91 0.02
6 4.374 39.3 2.97 0.05
7 5.237 42.7 3.14 -0.02
8 7.166 61.2 3.17 0.07
9 10.019 68.3 2.98 -0.08
10 10.217 29.6 2.71 -0.09
11 10.361 68.3 2.87 -0.01
12 14.416 100.4 3.07 -0.06
13 14.918 70.0 3.20 0.02
14 16.406 54.6 2.99 -0.05
15 17.573 49.8 2.87 0.21
16 18.515 56.3 3.19 0.03
17 18.566 38.4 3.15 0.03
18 19.147 37.3 3.16 0.24
19 19.973 53.8 3.00 0.05
20 20.792 58.6 2.99 0.15
21 22.376 85.9 3.08 0.19
22 22.478 75.7 3.09 0.19
23 24.437 29.0 3.25 0.26
24 24.765 55.5 3.22 0.19
25 24.837 17.6 3.15 0.24
26 25.014 49.8 3.15 0.22
27 25.755 44.9 3.09 0.17
28 26.513 54.6 3.03 0.04
29 28.202 23.3 3.23 0.21
30 28.557 63.4 3.30 0.14
31 29.189 55.5 3.10 0.10
32 29.233 20.8 3.14 0.10
33 29.820 21.6 3.06 0.14
34 30.172 63.4 3.11 0.26
35 30.342 59.4 3.28 0.31
36 30.414 24.2 3.25 0.29
37 31.018 52.3 3.30 0.29
38 32.558 47.5 3.27 0.02
39 32.653 33.8 3.19 0.02
40 32.701 26.2 3.11 0.04
41 33.769 54.6 3.37 0.09
42 34.408 57.7 3.20 0.09
43 37.432 37.0 3.24 0.26
44 37.695 36.4 3.18 0.32
45 38.790 59.4 3.09 0.20
46 40.958 90.7 3.23 0.21
47 41.105 33.8 3.28 0.17
48 41.958 24.2 3.26 0.18
49 44.033 72.2 3.26 0.16
50 44.293 19.3 3.27 0.20
51 44.317 21.6 3.32 0.23
52 44.996 35.3 3.23 0.19
53 45.269 21.6 3.23 0.13
54 45.501 35.3 3.25 0.20
55 47.013 46.6 3.26 0.26
56 47.215 35.3 3.23 0.21
57 47.935 86.8 3.16 0.04
58 50.051 50.6 3.18 0.04
59 50.662 54.6 3.22 0.01
60 52.174 22.5 3.25 0.08
61 52.553 67.4 3.39 0.14
62 53.635 44.9 3.32 0.21
63 53.727 68.3 3.31 0.26
64 54.772 44.9 3.43 0.17
65 54.966 68.8 3.47 0.17
66 55.471 36.1 3.32 0.09
67 57.349 12.8 3.32 0.01
68 59.857 37.0 3.26 0.09
69 60.410 79.9 3.32 0.04
70 61.735 45.8 3.26 -0.01
71 61.841 63.7 3.32 -0.01
72 63.083 35.3 3.17 0.33
73 63.885 41.0 3.03 0.24
74 64.117 50.6 3.17 0.25
75 64.493 45.8 3.23 0.24
76 67.237 45.8 3.23 0.10
77 67.534 49.8 3.36 0.03
78 68.043 37.0 3.17 0.08
79 69.848 45.8 3.05 0.14
80 70.261 49.8 3.23 0.13
81 70.688 44.9 3.08 0.22
82 70.968 36.1 3.11 0.00
83 72.207 38.4 3.08 0.19
84 75.648 42.7 2.97 0.09
85 75.712 31.6 2.97 0.09
86 77.228 35.3 2.93 0.06
87 77.883 50.1 2.99 0.15
88 78.392 54.6 2.99 0.08
89 78.481 49.8 2.94 0.06
90 80.733 28.2 3.15 0.14
91 83.116 43.5 3.14 -0.01
92 83.836 25.0 3.19 0.03
93 84.164 31.3 3.15 -0.00
94 86.164 56.3 2.85 -0.01
95 87.738 41.0 2.87 -0.01
96 88.973 42.7 2.70 0.16
97 89.308 16.8 2.81 -0.18
98 90.854 34.4 2.92 0.04
99 91.926 58.6 2.64 0.02
100 92.230 68.3 2.87 0.02
101 93.397 28.2 2.85 -0.09
102 93.789 44.1 2.82 -0.04
103 94.182 33.8 2.87 0.02
104 94.435 44.9 2.80 0.04
105 95.383 41.8 2.87 0.01
106 96.042 49.8 2.84 0.05
107 96.230 35.3 2.83 0.09
108 96.285 37.0 2.81 0.09
109 96.739 26.5 2.76 0.10
110 97.264 30.4 2.89 0.04
111 97.469 33.0 2.76 0.14
112 98.643 58.6 2.96 -0.00
113 99.155 77.1 3.11 0.11
114 100.097 44.9 3.11 0.04
115 100.865 51.5 3.03 -0.08
116 101.449 55.5 2.87 0.01
117 102.101 45.8 2.99 -0.01
118 102.927 45.8 3.11 0.07
119 103.913 100.4 3.24 0.10
120 104.879 22.5 3.08 0.16
121 106.193 26.5 2.93 -0.02
122 106.944 22.5 2.95 0.06
123 108.911 50.6 2.78 0.18
124 110.235 25.0 2.95 -0.04
125 112.051 54.6 2.87 0.64
126 112.716 54.6 2.89 0.50
127 117.352 85.9 2.52 0.15
128 119.526 37.0 2.74 0.36
129 120.297 54.6 2.74 -0.14
130 120.741 64.3 2.77 0.39
131 121.755 70.0 2.68 0.15
132 123.154 27.3 2.66 0.00
133 123.202 61.7 2.46 0.09
134 123.335 49.8 2.54 0.16
135 123.438 73.1 2.64 0.12
136 123.820 85.9 2.58 0.05
137 125.520 44.9 2.72 0.25
138 126.209 32.1 2.45 0.17
139 126.380 20.2 2.69 0.30
140 127.575 40.1 2.54 0.03
141 128.995 86.2 2.54 0.34
142 130.073 45.8 2.68 0.20
143 130.432 35.3 2.56 0.29
144 131.715 41.0 2.45 0.07
145 132.715 33.0 2.60 0.14
146 133.350 54.6 2.34 0.02
147 133.674 11.9 2.46 0.01
148 134.060 48.9 2.50 0.31
149 134.405 49.8 2.58 0.35
150 135.814 59.4 2.63 -0.02
151 136.900 45.8 2.89 0.19
152 138.647 85.9 2.86 0.48
153 139.255 44.4 2.74 0.32
154 140.497 25.6 2.93 0.33
155 140.794 49.8 2.94 0.31
156 141.088 39.3 2.86 0.34
157 141.197 43.5 2.71 0.40
158 143.679 49.8 2.80 0.12
159 145.638 68.3 2.71 0.01
160 146.880 60.3 2.81 -0.01
161 147.276 26.5 2.87 -0.16
162 148.587 29.6 2.94 0.12
163 150.065 35.3 2.84 -0.04
164 151.519 68.3 2.96 0.05
165 151.707 44.9 2.95 -0.02
166 151.840 41.0 3.00 0.01
167 151.922 50.3 2.91 0.01
168 153.082 100.1 3.09 -0.12
169 153.226 74.5 2.99 0.08
170 154.223 55.5 3.00 -0.03
171 154.451 105.2 3.01 0.06
172 155.165 28.2 3.10 0.07
173 155.325 38.7 3.04 0.12
174 155.530 49.8 3.06 -0.03
175 158.131 60.3 3.00 0.11
176 158.192 8.8 2.96 0.02
177 159.005 50.6 2.99 0.15
178 161.053 58.6 2.93 0.16
179 161.107 45.8 2.95 0.18
180 162.268 38.7 2.93 0.20
181 167.029 48.9 2.79 -0.00
182 167.879 58.6 3.00 0.15
183 172.576 84.2 2.96 0.04
184 176.153 29.0 3.17 0.24
185 176.204 11.1 3.18 0.20
186 176.331 53.8 3.18 0.16
187 176.706 44.9 3.27 0.21
188 177.037 21.6 3.22 0.23
189 180.225 68.3 3.28 0.20
190 181.881 25.0 3.18 0.14
191 181.905 18.2 3.18 0.14
192 182.881 63.4 3.22 0.18
193 183.314 36.1 3.30 0.25
194 183.471 44.1 3.22 0.23
195 183.919 44.1 3.20 0.24
196 184.352 30.4 3.26 0.21
197 184.478 45.8 3.23 0.24
198 185.612 66.0 3.19 0.31
199 185.919 41.0 3.23 0.21
200 187.035 52.3 3.15 0.22
201 187.294 36.1 3.27 0.26
202 188.817 56.3 3.16 0.10
203 189.233 68.3 3.21 0.18
204 190.080 62.3 3.12 0.12
205 190.267 31.3 3.17 0.12
206 190.721 42.7 3.09 0.07
207 190.755 11.9 3.08 0.06
208 191.223 17.6 3.04 -0.01
209 191.383 118.0 3.03 0.02
210 193.705 49.8 2.71 -0.18
211 195.264 28.2 3.06 0.12
212 195.425 52.3 3.08 0.15
213 196.251 66.0 3.00 0.12
214 197.452 56.9 3.09 0.12
215 198.708 58.6 3.02 0.08
216 199.101 81.9 3.03 0.16
217 202.958 41.0 3.11 0.08
218 203.375 51.5 2.96 0.16
219 203.443 42.7 3.03 0.15
220 204.334 57.7 3.03 0.13
221 206.778 50.6 3.21 0.12
222 206.863 46.6 3.25 0.08
223 207.020 72.2 3.19 0.06
224 208.044 82.8 3.16 0.14
225 208.559 59.4 3.10 0.21
226 208.798 50.6 3.04 0.14
227 209.092 72.2 3.05 0.18
228 209.515 49.8 3.06 0.19
229 210.170 59.4 3.11 0.14
230 210.959 35.3 2.99 0.43
231 211.116 73.1 2.94 0.44
232 212.751 59.4 3.02 0.18
233 213.874 33.0 2.95 0.15
234 215.017 44.9 2.95 -0.01
235 215.485 102.7 2.99 0.03
236 217.342 50.6 2.93 0.09
237 217.922 57.5 3.00 0.21
238 218.427 52.9 2.95 0.10
239 218.844 58.3 2.92 0.08
240 218.915 89.0 2.93 0.04
241 219.305 33.0 2.82 0.09
242 219.694 50.6 2.81 0.08
243 220.315 49.8 2.90 0.11
244 220.803 29.0 2.84 0.07
245 220.916 59.4 2.91 0.08
246 221.155 68.3 2.85 0.13
247 221.479 42.7 2.90 0.08
248 221.687 54.6 2.94 0.13
249 222.650 43.2 2.98 0.13
250 222.933 19.3 2.97 0.15
251 223.264 35.3 2.91 0.06
252 224.186 77.9 3.08 0.01
253 226.657 48.6 3.10 0.07
254 228.500 45.8 3.05 -0.00
255 228.667 20.2 2.95 -0.06
256 228.695 26.5 2.92 -0.06
257 229.067 54.6 3.10 0.02
258 230.435 73.1 2.97 -0.13
259 231.463 29.0 3.06 0.08
260 233.965 51.5 3.03 0.20
261 235.887 18.5 2.98 0.15
262 239.597 37.8 2.96 -0.06
263 240.573 40.1 2.66 -0.02
264 241.641 68.3 2.64 -0.09
265 245.587 77.1 3.03 0.27
266 246.123 18.5 3.22 0.25
267 246.915 37.8 3.19 0.14
268 247.263 41.8 3.04 0.10
269 247.359 50.3 3.00 0.10
270 249.014 16.8 3.18 0.21
271 249.714 43.5 3.12 0.23
272 252.916 21.6 2.97 0.24
273 254.356 44.1 3.09 0.22
274 257.650 40.1 3.09 0.15
275 258.339 20.8 3.03 0.06
276 261.043 42.7 3.15 0.24
277 261.807 77.1 3.16 0.25
278 262.476 47.5 3.10 0.22
279 263.296 34.4 3.20 0.12
280 263.726 53.8 3.21 0.27
281 264.064 39.3 3.17 0.25
282 264.453 47.5 3.04 0.12
283 265.081 68.3 2.98 0.19
284 265.835 60.3 3.21 0.15
285 266.269 47.5 3.16 0.14
286 266.340 66.6 3.11 0.08
287 266.746 41.0 3.17 0.25
288 267.832 33.0 2.96 0.32
289 270.358 27.3 3.13 0.12
290 271.290 73.1 3.25 0.10
291 271.576 63.4 3.22 0.16
292 271.825 33.0 3.27 0.02
293 272.054 54.6 3.27 0.12
294 272.279 44.9 3.11 0.27
295 272.477 41.0 2.97 0.34
296 273.474 68.3 3.11 0.26
297 274.546 49.8 3.12 0.30
298 275.232 58.6 3.15 0.23
299 276.317 68.3 3.05 0.19
300 276.474 28.2 3.00 0.15
301 277.929 41.0 2.99 0.07
302 279.782 59.4 2.98 0.13
303 280.093 45.8 2.89 0.22
304 280.953 46.6 2.97 0.22
305 281.052 48.1 3.05 0.22
306 281.489 20.2 3.01 0.27
307 282.345 53.8 2.98 0.24
308 282.431 50.6 2.82 0.28
309 283.083 47.5 3.13 0.36
310 283.561 44.9 3.05 0.42
311 284.226 44.9 3.15 0.40
312 284.827 16.8 3.11 0.19
313 284.861 25.6 3.02 0.16
314 285.977 81.9 2.92 0.17
315 286.223 33.3 2.86 0.19
316 286.254 19.6 2.82 0.21
317 287.291 31.3 3.03 0.12
318 288.066 54.6 2.97 0.12
319 288.749 37.8 3.02 0.04
320 288.790 17.6 3.03 0.07
321 289.455 46.6 2.97 0.12
322 289.530 56.3 3.07 0.12
323 290.810 24.2 3.02 -0.09
324 290.957 50.1 3.02 0.04
325 291.838 45.8 2.77 0.08
326 292.060 104.4 2.84 0.02
327 292.384 55.5 2.83 0.02
328 292.510 57.2 2.94 -0.05
329 293.084 33.0 2.89 0.09
330 293.176 58.6 2.77 0.04
331 293.603 126.0 2.69 0.05
332 293.975 54.6 2.75 0.13
333 294.067 74.0 2.73 0.15
334 294.367 49.8 2.70 0.12
335 294.466 54.6 2.83 0.09
336 294.599 48.1 2.76 0.05
337 295.432 21.6 2.75 -0.03
338 295.999 46.6 2.79 -0.07
339 296.401 55.5 2.77 -0.05
340 297.118 64.6 3.03 -0.11
341 297.770 54.6 3.06 -0.29
342 297.862 53.8 3.06 -0.26
343 298.340 60.3 2.98 -0.10
344 298.842 42.7 2.94 -0.20
345 299.361 63.4 2.87 -0.12
346 300.924 59.4 2.80 -0.29
347 301.521 68.3 2.70 -0.04
348 301.706 58.6 2.71 0.11
349 303.477 54.6 2.68 -0.06
350 304.870 49.8 2.81 -0.09
351 307.314 19.3 2.82 -0.17
352 309.891 58.6 2.91 -0.31
353 313.461 44.9 2.90 0.24
354 314.240 15.4 2.78 -0.02
355 316.137 54.6 2.82 -0.04
356 316.701 52.9 2.86 -0.07
357 317.441 77.1 3.02 0.03
358 318.482 51.5 3.11 0.11
359 318.547 52.9 2.88 0.06
360 320.459 18.5 2.92 -0.05
361 322.821 35.6 3.09 0.24
362 323.561 49.8 3.06 0.34
363 323.927 47.5 3.20 0.20
364 324.179 59.4 3.19 0.04
365 324.910 46.6 3.11 0.05
366 327.367 47.5 3.08 0.05
367 327.490 49.8 3.19 -0.02
368 327.804 46.6 3.00 0.02
369 328.067 54.6 3.00 0.13
370 328.995 82.8 3.02 -0.01
371 330.538 67.4 2.94 -0.15
372 331.750 32.4 3.13 0.10
373 332.470 20.8 3.00 0.00
374 332.665 29.3 2.92 -0.26
375 334.023 68.3 3.02 0.17
376 337.536 68.3 2.84 -0.09
377 337.737 45.8 2.98 -0.09
378 338.068 81.9 2.98 0.01
379 338.857 44.1 2.89 -0.06
380 339.198 33.0 2.94 -0.02
381 339.508 45.8 2.89 0.14
382 340.976 50.6 3.02 -0.04
383 341.205 54.6 2.93 0.02
384 342.563 68.3 2.75 0.12
385 342.765 48.9 2.80 0.07
386 342.925 54.6 2.74 0.13
387 343.523 59.4 2.79 0.12
388 345.789 102.4 2.70 0.11
389 347.158 63.4 2.78 -0.07
390 348.653 59.4 3.15 0.26
391 349.281 49.8 3.17 0.21
392 349.909 77.1 3.04 0.21
393 350.626 37.0 3.12 0.18
394 350.844 78.8 3.00 0.27
395 351.039 53.8 3.11 0.27
396 351.377 54.6 3.05 0.31
397 352.155 34.4 3.04 0.16
398 352.332 48.9 2.97 0.24
399 352.943 45.8 3.10 0.08
400 353.981 44.9 3.06 0.21
401 354.810 59.4 3.14 0.30
402 354.916 55.5 3.08 0.28
403 355.995 40.1 3.02 0.27
404 356.872 27.6 3.08 0.22
405 357.374 45.8 3.13 0.25
406 357.599 49.8 3.10 0.25
407 357.725 63.4 3.09 0.31
408 358.541 77.1 3.06 0.27
409 359.521 50.6 2.94 0.32
410 360.623 45.8 3.09 0.25
411 361.692 31.3 3.09 0.17
412 362.467 36.1 3.04 0.30
413 364.419 50.6 3.07 0.38
414 364.852 47.5 3.04 0.28
415 365.027 54.6 3.03 0.27
416 366.191 49.8 3.10 0.33
417 366.235 22.5 3.00 0.43
418 366.948 41.0 3.08 0.23
419 368.570 37.0 3.08 0.58
420 369.211 54.6 3.13 0.65
421 369.389 45.8 3.13 0.62
422 370.932 41.0 3.15 0.54
423 373.673 50.6 2.94 0.59
424 375.570 48.9 3.15 0.28
425 375.867 54.6 2.93 0.31
426 376.847 47.5 3.37 0.03
427 377.304 45.8 3.39 0.05
428 377.663 38.7 3.07 0.10
429 378.581 49.8 2.89 0.18
430 379.991 49.8 2.83 0.10
431 380.083 37.8 2.86 0.16
432 380.769 49.8 2.97 0.19
433 380.905 29.0 3.01 0.24
434 381.807 29.0 3.17 0.43
435 382.349 59.4 3.14 0.27
436 382.629 41.0 3.11 0.24
437 384.250 42.7 3.07 0.26
438 385.029 41.0 3.01 0.22
439 387.073 40.1 3.09 0.34
440 387.247 33.8 3.09 0.21
441 387.811 41.8 3.01 0.28
442 388.326 58.6 2.93 0.16
443 389.449 49.8 3.08 0.24
444 390.541 36.4 3.01 0.29
445 391.852 59.4 2.87 0.14
446 392.538 23.3 2.86 0.20
447 395.528 37.0 3.21 0.01
448 395.904 45.8 3.20 0.01
449 396.634 41.0 3.20 0.12
450 397.638 90.7 3.12 0.04
451 397.771 54.6 2.95 0.09
452 397.955 63.7 3.04 -0.02
453 398.764 49.8 3.15 0.10
454 398.846 42.7 3.11 0.18
455 399.576 52.3 3.13 0.23
456 399.648 79.4 3.09 0.21
457 400.501 51.5 3.03 0.03
458 400.969 52.9 2.87 0.10
459 401.686 44.9 3.11 0.00
460 401.897 74.0 3.21 -0.04
461 402.355 44.9 3.18 0.09
462 402.706 24.5 3.11 0.03
463 403.447 59.4 3.18 0.10
464 404.225 68.3 3.15 0.13
465 404.898 33.8 3.16 0.16
466 405.618 68.3 3.09 0.08
467 406.772 58.6 3.16 0.00
468 407.103 87.6 2.97 -0.09
469 407.174 22.5 2.97 -0.17
470 407.676 59.4 3.14 -0.01
471 408.499 41.8 3.01 0.07
472 409.284 33.0 3.02 0.06
473 410.420 34.4 3.01 0.08
474 410.694 44.9 3.01 0.09
475 411.639 34.4 2.96 0.09
476 412.581 59.4 2.92 0.15
477 414.660 33.8 3.10 -0.04
478 419.753 48.1 3.07 0.24
479 421.930 49.8 3.09 0.11
480 422.463 49.8 3.20 0.11
481 423.265 32.1 3.21 0.19
482 425.821 57.2 3.12 0.01
483 426.910 43.2 3.11 0.13
484 427.559 49.8 3.05 0.16
485 428.876 127.7 2.98 0.16
486 429.095 29.0 3.04 0.06
487 430.238 54.6 3.29 -0.09
488 431.709 106.1 3.05 0.07
489 432.153 52.6 3.12 0.04
490 432.747 49.8 3.07 0.06
491 433.389 81.9 3.20 0.05
492 433.669 50.6 3.17 -0.00
493 434.020 45.8 3.19 0.04
494 435.925 68.3 3.25 0.02
495 436.802 36.1 3.27 0.25
496 438.427 55.5 3.22 0.13
497 438.649 70.8 3.23 0.13
498 439.584 52.1 3.24 0.30
499 439.676 54.6 3.23 0.24
500 440.024 49.8 3.34 0.22
501 440.857 29.6 3.30 0.16
502 440.966 56.3 3.21 0.10
503 441.816 57.7 3.09 0.08
504 442.042 50.6 3.16 0.11
505 442.537 56.9 3.06 0.00
506 443.175 27.3 3.10 0.13
507 444.899 64.3 3.15 0.24
508 444.994 60.9 3.23 0.24
509 445.452 48.9 3.15 0.34
510 447.349 50.6 3.25 0.03
511 447.500 50.6 3.21 0.02
512 447.933 43.5 3.19 0.16
513 448.506 81.9 3.20 0.05
514 448.981 28.2 3.19 0.23
515 449.650 27.3 3.11 0.27
516 449.950 52.9 3.16 0.26
517 450.534 64.3 3.11 0.26
518 450.896 36.1 3.11 0.20
519 453.476 26.5 3.26 0.31
520 454.804 36.1 3.31 0.38
521 455.227 50.6 3.24 0.29
522 455.412 54.6 3.40 0.23
523 455.709 32.1 3.30 0.29
524 456.804 49.8 3.45 0.37
525 457.299 65.7 3.33 0.32
526 457.958 50.6 3.34 0.35
527 459.586 80.2 3.11 0.46
528 459.801 58.6 3.19 0.32
529 460.190 44.9 3.21 0.34
530 462.013 60.3 3.31 0.49
531 462.539 42.4 3.26 0.36
532 462.648 65.4 3.19 0.37
533 463.590 44.1 3.32 0.40
534 463.870 54.6 3.29 0.43
535 465.983 41.0 3.18 0.41
536 466.300 90.7 3.22 0.35
537 466.928 53.8 3.12 0.26
538 467.000 59.4 3.21 0.32
539 467.785 33.8 3.13 0.41
540 467.826 38.4 3.12 0.38
541 468.044 54.6 3.15 0.38
542 469.021 27.3 3.19 0.36
543 469.963 41.0 3.12 0.29
544 472.615 39.3 3.23 0.37
545 472.772 45.8 3.18 0.36
546 473.123 39.3 3.21 0.40
547 473.362 29.9 3.13 0.35
548 473.393 15.9 3.22 0.35
549 474.209 49.8 3.24 0.38
550 474.369 39.3 3.24 0.36
551 474.636 37.0 3.09 0.38
552 474.707 39.5 3.17 0.38
553 476.349 45.8 3.17 0.39
554 478.742 52.9 3.25 0.33
555 478.953 44.9 3.32 0.40
556 479.148 81.1 3.22 0.35
557 480.111 39.3 3.27 0.35
558 480.998 36.1 3.26 0.29
559 481.684 31.3 3.32 0.29
560 481.858 95.6 3.25 0.34
561 482.285 57.7 3.12 0.27
562 482.841 44.9 3.10 0.25
563 483.111 49.8 3.12 0.28
564 485.091 41.0 3.13 0.10
565 485.183 63.4 3.09 0.21
566 485.541 29.0 3.16 0.19
567 485.903 71.4 3.11 0.14
568 487.729 42.7 3.17 0.34
569 489.200 41.0 3.19 0.36
570 489.873 44.9 3.07 0.26
571 490.074 29.9 3.12 0.25
572 490.671 23.3 3.18 0.27
573 491.753 50.6 3.17 0.27
574 491.931 95.6 3.18 0.12
575 492.003 33.0 3.12 0.21
576 494.129 33.8 3.20 0.22
577 494.941 54.6 3.27 0.20
578 495.344 41.8 3.42 0.27
579 495.443 44.9 3.23 0.22
580 496.549 41.0 3.29 0.32
581 497.061 22.5 3.20 0.21
582 497.218 77.1 3.23 0.34
583 497.498 24.2 3.27 0.37
584 497.542 58.6 3.34 0.34
585 497.873 72.2 3.22 0.27
586 498.754 41.8 3.21 0.22
587 499.628 22.5 3.33 0.28
588 500.512 47.5 3.39 0.14
589 500.710 36.1 3.27 0.23
590 503.052 24.2 3.20 0.17
591 503.973 49.8 3.30 0.24
592 504.178 33.8 3.27 0.21
593 505.530 33.0 3.27 0.19
594 505.639 59.4 3.22 0.22
595 505.721 37.0 3.24 0.20
596 506.601 45.8 3.21 0.18
597 507.086 41.8 3.24 0.16
598 507.540 46.6 3.21 0.09
599 507.813 50.6 3.24 0.13
600 508.250 39.3 3.20 0.14
601 508.724 41.0 3.26 0.09
602 509.844 44.9 3.21 0.11
603 509.933 49.8 3.27 0.13
604 510.902 81.1 3.21 0.11
605 511.988 47.5 3.20 0.05
606 512.687 64.3 3.07 0.05
607 513.588 49.8 3.16 0.11
608 514.189 59.4 3.12 0.16
609 515.223 39.8 2.95 0.01
610 516.087 52.9 3.36 0.08
611 517.015 72.2 3.07 0.01
612 517.828 52.3 3.28 0.14
613 517.961 50.6 3.23 0.19
614 520.306 44.9 3.11 0.06
615 520.436 63.4 3.19 0.06
616 520.569 83.1 3.08 0.06
617 520.685 22.5 3.25 0.04
618 520.989 40.1 3.08 0.06
619 522.368 77.1 3.11 0.25
620 522.501 44.9 3.07 0.21
621 522.931 54.6 3.10 0.14
622 523.194 79.6 3.11 0.16
623 523.610 52.3 3.07 0.18
624 523.996 42.7 2.93 0.13
625 524.115 28.2 3.13 0.13
626 524.675 59.4 3.03 0.11
627 525.033 27.3 3.10 0.09
628 525.255 50.6 3.03 0.04
629 525.713 113.2 3.04 0.09
630 526.477 59.4 2.96 0.12
631 526.627 32.1 2.88 0.05
632 527.716 48.9 2.92 0.04
633 528.239 49.8 3.06 0.28
634 530.744 52.3 3.11 0.05
635 532.492 45.8 3.08 0.07
636 532.659 128.6 2.98 0.07
637 533.823 34.4 3.25 0.24
638 533.898 41.8 2.91 0.20
639 534.502 44.9 3.26 0.26
640 535.594 49.8 3.19 0.11
641 535.748 59.4 3.24 0.15
642 536.762 65.1 3.20 0.25
643 536.820 17.6 3.09 0.22
644 536.960 49.8 3.15 0.34
645 537.229 56.9 3.21 0.30
646 537.444 37.0 3.09 0.14
647 538.714 55.5 3.15 0.18
648 540.148 59.4 3.10 0.14
649 540.199 42.4 3.13 0.14
650 540.335 44.9 3.15 0.13
651 540.946 49.8 3.22 0.29
652 541.052 29.6 3.25 0.29
653 541.431 39.3 3.25 0.26
654 542.892 19.3 3.22 0.28
655 542.981 33.8 3.08 0.20
656 543.155 45.8 3.12 0.26
657 543.411 43.5 3.20 0.28
658 543.636 46.6 2.98 0.22
659 544.404 35.3 3.16 0.17
660 545.909 74.0 3.10 0.18
661 547.189 44.1 3.32 0.15
662 547.408 32.1 3.31 0.10
663 547.671 34.4 3.33 0.09
664 548.896 99.6 3.34 0.31
665 550.237 54.6 3.25 0.29
666 553.248 21.6 3.15 0.25
667 553.272 22.5 3.09 0.25
668 553.361 62.6 3.11 0.36
669 553.490 33.0 2.99 0.28
670 553.596 35.3 3.12 0.24
671 554.071 47.5 3.13 0.21
672 555.006 27.9 3.11 0.27
673 555.576 53.8 3.20 0.24
674 555.743 37.8 3.21 0.28
675 555.859 37.0 3.20 0.25
676 556.078 32.1 3.21 0.29
677 556.259 63.4 3.20 0.25
678 558.580 64.3 3.36 0.26
679 559.266 45.8 3.11 0.24
680 560.563 68.0 3.15 0.18
681 561.467 37.8 3.06 0.17
682 561.611 44.9 3.04 0.15
683 563.495 45.8 3.08 0.09
684 563.768 37.0 3.07 0.21
685 563.966 52.9 3.05 0.22
686 564.232 54.6 3.02 0.12
687 565.850 59.4 2.99 0.09
688 566.045 68.3 3.03 0.13
689 567.953 50.6 3.12 0.22
690 568.519 48.1 3.09 0.16
691 568.635 47.5 3.06 0.17
692 569.526 41.0 3.13 0.26
693 569.980 20.8 3.10 0.31
694 570.451 41.0 3.19 0.24
695 571.407 44.1 3.15 0.21
696 571.482 38.4 3.16 0.25
697 572.387 50.6 3.15 0.21
698 575.919 33.0 3.41 0.35
699 578.995 58.6 3.21 0.30
700 580.090 33.8 3.21 0.26
701 580.575 54.6 3.21 0.21
702 580.742 29.6 3.15 0.23
703 581.913 114.9 3.25 0.17
704 582.452 32.7 3.28 0.16
705 582.541 45.8 3.26 0.11
706 582.859 45.8 3.25 0.19
707 583.866 37.8 3.28 0.05
708 586.095 32.1 3.21 0.16
709 586.139 39.8 3.24 0.16
710 586.589 36.1 3.27 0.13
711 586.880 44.9 3.26 0.16
712 587.699 44.1 3.26 0.17
713 588.538 45.8 3.15 0.31
714 588.753 51.2 3.26 0.30
715 589.354 81.9 3.17 0.33
716 590.918 44.9 3.14 0.12
717 591.426 58.6 3.01 0.14
718 593.228 45.8 2.98 0.02
719 593.433 47.5 2.94 0.13
720 593.969 43.5 3.01 -0.04
721 594.256 30.4 3.01 -0.07
722 595.078 49.8 3.15 -0.00
723 595.457 27.3 3.12 0.05
724 595.730 37.8 3.12 0.18
725 596.471 42.7 3.13 0.05
726 596.536 23.3 3.10 0.14
727 597.376 68.3 3.14 0.05
728 597.843 41.0 2.93 0.05
729 598.881 49.8 2.99 0.06
730 598.980 40.4 3.02 0.06
731 599.669 57.2 3.01 0.13
732 599.751 37.0 3.02 -0.08
733 601.065 61.7 3.19 -0.03
734 601.519 45.8 3.19 0.04
735 601.704 47.5 3.11 0.01
736 601.946 41.8 3.12 0.06
737 602.124 53.8 3.05 0.06
738 602.243 65.7 3.05 0.08
739 603.762 50.6 3.18 0.16
740 604.513 29.6 3.11 0.24
741 604.970 24.2 3.16 0.20
742 605.032 46.6 3.14 0.32
743 605.769 78.8 3.14 0.24
744 607.213 73.1 3.14 0.32
745 607.725 42.7 3.18 0.20
746 608.165 47.5 3.16 0.22
747 608.380 68.3 3.18 0.16
748 608.609 33.0 3.16 0.18
749 608.687 54.6 3.11 0.12
750 608.797 51.5 3.11 0.12
751 608.967 68.3 3.25 0.05
752 610.493 49.8 3.27 0.10
753 610.862 27.3 3.25 0.03
754 610.892 19.6 3.28 0.03
755 610.937 40.1 3.14 0.04
756 612.749 59.4 3.17 -0.07
757 613.319 21.6 3.19 0.09
758 613.572 49.8 3.04 0.09
759 614.592 44.1 3.15 0.08
760 614.719 8.8 2.96 0.20
761 614.992 44.9 3.09 -0.01
762 615.340 66.0 3.10 0.03
763 616.227 50.6 3.28 0.05
764 616.917 44.9 3.17 0.04
765 617.030 57.7 3.25 0.01
766 617.900 49.8 3.31 -0.03
767 618.716 24.2 3.30 0.28
768 618.787 37.0 3.25 0.36
769 618.886 39.3 3.28 0.27
770 619.098 49.8 3.32 0.19
771 619.583 64.6 3.26 0.13
772 623.255 57.7 3.46 0.05
773 624.112 49.8 3.42 0.02
774 624.409 52.9 3.36 0.09
775 625.430 53.8 3.28 -0.07
776 625.594 31.3 3.26 -0.08
777 628.949 85.9 3.37 0.11
778 629.444 26.5 3.49 0.17
779 629.881 77.9 3.34 0.11
780 631.581 73.1 3.38 0.13
781 632.041 38.1 3.34 0.16
782 632.785 43.5 3.34 0.23
783 635.383 63.4 3.15 0.37
784 637.475 30.4 3.14 0.37
785 638.653 41.0 3.22 0.27
786 640.012 30.4 3.16 0.26
787 640.445 39.3 3.20 0.42
788 641.588 52.9 3.02 0.41
789 641.783 45.8 3.05 0.31
790 642.128 54.6 2.89 0.33
791 643.735 63.4 3.02 0.27
792 643.824 46.6 2.97 0.22
793 644.070 37.0 3.05 0.26
794 644.189 33.0 3.07 0.31
795 644.220 12.8 3.01 0.29
796 645.708 59.4 3.15 0.23
797 646.101 32.1 3.20 0.26
798 647.838 68.3 3.01 0.17
799 648.797 97.3 3.01 0.19
800 648.873 22.5 3.02 0.22
801 649.350 58.6 3.21 0.18
802 650.702 50.6 3.22 0.23
803 654.511 39.3 2.79 0.29
804 654.825 55.5 2.73 0.26
805 656.692 45.8 2.82 0.17
806 657.017 44.9 2.94 0.21
807 657.126 53.8 2.92 0.23
808 658.003 50.6 3.17 0.49
809 658.416 58.6 2.92 0.29
810 659.898 49.8 2.66 0.29
811 660.744 36.1 2.94 0.25
812 661.215 68.3 2.92 0.39
813 661.836 91.6 2.87 0.40
814 662.683 42.7 2.89 0.34
815 662.717 31.6 2.99 0.34
816 663.878 54.6 2.93 0.27
817 668.103 34.4 3.11 0.44
818 668.540 77.1 3.11 0.39
819 669.905 29.6 3.16 0.39
820 670.557 25.6 3.12 0.36
821 672.240 68.3 3.09 0.47
822 673.046 44.9 2.96 0.36
823 673.606 38.7 2.99 0.34
824 674.257 35.3 3.02 0.36
825 674.616 70.5 2.99 0.51
826 675.189 52.3 3.12 0.46
827 677.391 18.5 3.17 0.45
828 679.541 68.3 3.06 0.55
829 681.736 49.8 3.14 0.45
830 682.002 49.8 3.12 0.36
831 682.514 39.3 3.14 0.42
832 683.180 81.9 3.23 0.37
833 683.334 24.2 3.26 0.34
834 685.207 45.2 3.11 0.18
835 686.051 34.1 2.95 0.29
836 686.634 20.2 3.23 0.36
837 688.959 25.6 3.01 0.12
838 688.993 26.5 3.12 0.12
839 689.174 55.5 3.09 0.13
840 692.389 68.3 3.07 0.02
841 693.212 67.4 3.01 0.15
842 693.430 86.8 3.02 -0.05
843 693.850 59.4 3.21 -0.01
844 696.045 25.0 3.02 0.05
845 696.072 20.8 3.03 0.03
846 696.349 70.5 3.10 -0.08
847 697.089 59.4 3.05 0.02
848 697.622 22.5 3.11 0.06
849 697.659 36.1 3.10 -0.01
850 698.007 54.6 3.18 0.01
851 698.598 53.8 3.26 0.03
852 698.857 59.4 3.29 0.08
853 698.912 26.5 3.32 0.05
854 699.547 52.3 3.12 -0.02
855 701.684 100.4 3.08 -0.17
856 701.851 30.4 3.07 -0.23
857 702.749 45.8 3.07 -0.09
858 702.919 52.3 2.98 -0.05
859 704.339 64.3 3.10 0.02
860 704.831 37.8 3.19 -0.14
861 706.032 18.5 3.16 0.15
862 707.500 40.1 2.80 0.11
863 708.736 38.7 2.83 -0.15
864 709.418 69.1 2.83 -0.15
865 710.859 33.0 3.21 -0.04
866 710.896 21.0 3.14 -0.04
867 711.896 50.6 3.08 0.19
868 712.442 83.9 3.01 0.28
869 712.668 44.9 2.97 0.35
870 712.907 66.0 2.92 0.38
871 712.965 38.4 3.00 0.35
872 714.320 65.4 3.06 0.06
873 716.938 41.0 3.20 0.16
874 720.385 33.0 3.17 0.31
875 720.440 53.8 3.09 0.30
876 724.003 42.7 2.91 0.33
877 724.044 27.3 3.06 0.31
878 726.041 50.6 3.25 0.03
879 727.430 45.8 3.26 0.30
880 728.997 44.9 2.99 0.13
881 729.905 50.6 2.94 0.21
882 730.321 46.6 3.00 0.20
883 730.915 50.6 2.97 -0.26
884 730.984 50.6 3.12 -0.26
885 731.690 41.8 2.92 0.24
886 738.650 28.2 3.37 0.43
887 738.923 21.9 3.31 0.47
888 741.678 49.8 3.38 0.21
889 741.831 35.3 3.36 0.23
890 743.268 45.8 3.24 0.33
891 744.569 29.6 3.17 0.33
892 745.647 57.5 3.35 0.31
893 746.241 56.9 3.33 0.38
894 746.624 25.6 3.28 0.36
895 746.968 44.9 3.24 0.41
896 747.361 59.4 3.19 0.47
897 748.224 42.7 3.41 0.40
898 749.337 33.8 3.33 0.66
899 749.521 37.8 3.23 0.71
900 749.825 26.5 3.30 0.64
901 750.464 68.3 3.34 0.55
902 751.245 52.3 3.36 0.49
903 755.116 27.3 3.21 0.43
904 755.904 49.8 2.98 0.52
905 757.154 30.2 3.03 0.56
906 758.089 20.8 3.28 0.37
907 758.324 19.1 3.16 0.35
908 758.813 41.0 3.10 0.52
909 760.035 17.6 3.16 0.53
910 760.908 40.1 3.21 0.29
911 761.434 57.7 3.14 0.35
912 762.106 59.4 3.14 0.51
913 762.728 25.6 2.96 0.36
914 763.062 66.6 3.24 0.30
915 763.274 37.0 3.13 0.26
916 764.851 25.0 3.02 0.27
917 765.540 52.6 3.16 0.35
918 766.588 47.5 3.23 0.27
919 768.619 54.6 3.18 0.21
920 768.694 55.5 3.22 0.26
921 769.677 21.6 3.21 0.26
922 769.998 32.1 3.22 0.26
923 770.036 19.3 3.18 0.26
924 771.316 41.8 3.12 0.29
925 772.070 45.8 3.32 0.24
926 772.254 48.9 3.21 0.13
927 772.408 77.9 3.19 0.24
928 774.074 50.6 3.24 0.31
929 774.644 49.8 3.25 0.47
930 774.924 49.8 3.38 0.15
931 775.818 71.4 3.43 0.39
932 778.729 58.6 3.32 0.22
933 779.392 38.7 3.32 0.14
934 781.573 77.1 3.26 0.17
935 782.088 50.6 3.23 0.20
936 784.450 71.4 3.26 0.19
937 784.733 63.4 3.22 0.25
938 785.283 45.8 3.28 0.12
939 786.857 43.0 3.29 0.21
940 787.921 41.0 3.10 0.14
941 788.123 56.9 3.27 0.21
942 789.324 37.0 3.00 0.19
943 790.563 36.1 3.22 0.15
944 792.120 54.6 3.07 0.36
945 793.072 50.6 3.18 0.16
946 793.786 54.6 3.09 0.16
947 794.004 44.1 3.13 0.20
948 794.922 35.6 3.21 0.19
949 795.042 54.6 3.17 0.16
950 795.700 52.9 3.21 0.22
951 795.786 49.8 3.16 0.17
952 796.141 104.4 3.10 0.24
953 796.578 61.7 3.11 0.21
954 796.779 33.0 3.24 0.38
955 797.196 44.9 3.06 0.20
956 797.728 57.5 3.16 0.25
957 799.875 29.6 3.24 0.02
958 799.933 79.1 3.20 -0.02
959 800.042 62.6 3.20 0.07
960 800.831 47.5 3.26 0.20
961 801.073 24.2 3.15 0.18
962 801.428 46.6 3.22 0.12
963 801.595 23.3 3.19 0.25
964 802.585 49.8 3.31 0.26
965 804.295 49.8 3.25 0.12
966 805.039 62.0 3.20 0.04
967 805.295 26.5 3.27 0.11
968 806.121 49.8 3.22 0.08
969 806.548 28.2 3.36 0.21
970 807.087 54.6 3.27 0.21
971 808.094 39.3 3.23 0.22
972 808.500 44.9 3.29 0.18
973 809.497 36.1 3.14 0.19
974 810.374 85.0 3.15 0.24
975 810.808 49.8 3.09 0.05
976 811.699 57.7 2.99 0.35
977 812.160 68.3 3.05 0.40
978 813.702 49.8 3.16 0.25
979 813.897 46.6 3.18 0.33
980 816.737 41.8 3.12 0.37
981 817.242 47.5 3.15 0.31
982 817.321 23.3 3.09 0.31
983 821.246 24.2 3.24 0.27
984 822.212 44.9 2.92 0.29
985 823.482 68.0 3.00 0.34
986 823.615 45.8 3.05 0.34
987 824.731 49.8 3.05 0.25
988 825.516 61.7 2.87 0.22
989 826.554 40.1 2.85 0.21
990 827.690 61.2 2.89 0.07
991 827.984 42.7 2.90 0.03
992 828.984 90.7 2.83 0.06
993 829.523 37.0 2.79 0.03
994 829.591 29.3 2.83 0.03
995 830.919 41.8 2.80 -0.09
996 832.206 33.8 2.90 -0.04
997 834.237 29.6 2.86 -0.02
998 834.305 40.7 2.90 -0.02
999 834.828 53.8 2.75 -0.04
1000 836.835 37.0 2.96 -0.00
1001 839.429 41.8 2.76 -0.10
1002 839.572 85.9 2.71 -0.21
1003 842.603 19.3 2.62 0.09
1004 843.398 37.0 2.50 0.22
1005 845.184 68.3 2.69 0.25
1006 845.494 54.6 2.87 0.02
1007 845.638 68.3 2.89 0.04
1008 848.477 49.8 2.45 0.17
1009 848.675 60.3 2.66 0.02
1010 848.979 80.2 2.47 0.04
1011 849.471 49.8 2.31 0.04
1012 850.607 64.3 2.49 0.41
1013 850.754 37.0 2.51 0.32
1014 851.201 81.9 2.34 0.11
1015 851.621 57.7 2.52 0.26
1016 853.816 44.9 2.70 0.10
1017 854.748 54.6 2.80 0.23
1018 855.028 41.0 2.84 0.20
1019 855.171 77.1 2.73 0.13
1020 855.570 41.0 2.69 0.05
1021 858.629 82.8 2.66 -0.08
1022 859.765 44.1 2.78 -0.31
1023 860.929 52.9 2.96 -0.19
1024 861.759 77.1 2.61 -0.24
1025 861.967 47.5 2.73 -0.27
1026 862.486 54.6 2.74 -0.23
1027 863.056 41.0 2.66 -0.25
1028 864.308 80.2 2.63 -0.13
1029 865.438 33.8 2.49 -0.07
1030 865.496 40.7 2.50 -0.06
1031 865.913 39.3 2.58 -0.11
1032 866.718 137.4 2.52 0.04
1033 867.858 41.8 2.66 0.24
1034 868.247 59.4 2.38 0.15
1035 868.855 68.3 2.44 -0.09
1036 869.446 16.8 2.61 -0.10
1037 870.425 26.5 2.42 0.19
1038 871.582 72.2 2.56 0.08
1039 872.248 49.8 2.64 0.06
1040 873.272 77.1 2.60 0.12
1041 874.835 49.8 2.51 0.37
1042 877.515 45.8 2.79 -0.16
1043 878.327 54.6 2.90 -0.03
1044 879.416 118.9 2.84 0.14
1045 880.194 43.2 2.75 0.22
1046 882.795 47.2 2.57 0.27
1047 884.236 28.2 2.76 0.14
1048 884.297 28.2 2.80 0.14
1049 886.243 59.4 2.67 0.21
1050 888.325 51.5 2.56 0.22
1051 888.850 38.7 2.43 -0.19
1052 889.567 54.6 2.81 -0.26
1053 890.004 58.6 2.68 -0.23
1054 890.209 50.6 2.71 -0.07
1055 890.670 54.6 2.89 -0.01
1056 891.479 36.1 2.72 0.41
1057 891.823 37.0 2.69 0.30
1058 896.196 45.8 2.73 0.30
1059 898.186 59.4 2.71 0.36
1060 901.674 40.1 2.82 -0.00
1061 902.726 40.1 2.95 -0.02
1062 903.261 54.6 2.94 0.27
1063 903.606 49.8 2.95 0.20
1064 903.801 64.3 3.05 0.13
1065 905.634 37.8 2.83 0.11
1066 905.736 41.0 2.74 0.12
1067 907.235 63.4 2.70 0.19
1068 907.590 97.8 2.66 0.32
1069 908.009 54.6 2.72 0.11
1070 911.914 54.6 2.90 0.13
1071 913.061 64.9 2.79 0.09
1072 913.911 41.8 2.76 0.17
1073 914.389 58.6 2.78 0.17
1074 915.481 36.1 2.76 0.22
1075 915.775 29.6 2.85 0.24
1076 916.806 49.8 2.64 0.34
1077 920.096 40.1 2.70 0.35
1078 920.226 54.6 2.47 0.38
1079 920.632 62.6 2.68 0.44
1080 923.325 56.3 2.95 0.44
1081 924.649 86.8 3.00 0.40
1082 924.735 26.5 2.89 0.40
1083 927.732 48.1 3.04 0.29
1084 928.349 44.1 3.05 0.31
1085 928.459 58.6 3.05 0.31
1086 933.265 71.4 3.08 0.30
1087 934.125 126.9 2.94 0.29
1088 934.470 45.8 3.01 0.33
1089 935.176 42.7 3.01 0.28
1090 935.511 58.6 3.00 0.37
1091 939.023 41.0 3.01 0.48
1092 939.211 46.6 2.97 0.49
1093 940.248 54.6 3.03 0.36
1094 941.839 44.9 3.01 0.36
1095 942.317 29.6 2.90 0.25
1096 944.378 39.8 2.97 0.13
1097 945.529 54.6 2.95 0.05
1098 945.727 62.6 2.95 0.11
1099 945.792 63.4 2.95 0.11
1100 946.273 40.1 2.96 0.21
1101 946.536 53.8 3.02 0.30
1102 948.160 74.8 2.84 0.27
1103 948.222 48.4 2.92 0.27
1104 949.577 62.6 2.99 0.29
1105 949.673 33.0 2.96 0.30
1106 950.318 44.1 2.99 0.37
1107 950.598 58.6 3.04 0.41
1108 951.806 54.6 2.98 0.20
1109 953.035 44.1 3.03 0.33
1110 953.226 38.7 2.96 0.27
1111 956.277 54.6 2.81 0.45
1112 959.646 54.6 2.86 0.32
1113 960.216 77.1 2.92 0.42
1114 963.548 62.6 3.08 0.56
1115 963.906 54.6 3.19 0.57
1116 966.811 57.5 3.44 0.34
1117 968.559 54.6 3.41 0.35
1118 968.961 42.7 3.32 0.18
1119 970.122 63.4 3.36 0.38
1120 971.835 35.3 3.10 0.11
1121 971.917 28.4 3.26 0.11
1122 973.167 45.8 3.29 0.27
1123 973.484 44.1 3.22 0.24
1124 975.290 42.7 3.17 0.36
1125 975.730 54.6 3.30 0.36
1126 976.723 41.0 3.25 0.32
1127 978.331 41.8 3.13 0.27
1128 979.498 47.5 3.20 0.26
1129 981.041 65.1 3.08 0.21
1130 981.103 45.5 3.02 0.21
1131 981.253 57.2 3.05 0.21
1132 981.659 32.1 3.05 0.26
1133 982.454 61.2 3.00 0.36
1134 982.526 44.9 3.02 0.44
1135 983.287 45.8 3.08 0.32
1136 984.297 34.4 3.09 0.26
1137 984.359 23.3 3.17 0.29
1138 984.495 23.3 3.14 0.26
1139 984.997 64.3 3.10 0.34
1140 985.045 24.2 3.01 0.37
1141 985.181 45.8 3.03 0.36
1142 989.830 54.6 2.80 0.22
1143 990.278 68.3 2.85 0.21
1144 990.923 32.1 2.83 0.23
1145 991.964 55.5 2.83 0.15
1146 992.530 59.4 2.94 0.34
1147 992.824 50.1 3.08 0.33
1148 993.213 68.3 2.98 0.29
1149 994.015 54.6 2.96 0.41
1150 994.179 85.9 3.02 0.36
1151 994.763 73.1 3.15 0.31
1152 995.183 49.8 2.97 0.27
1153 995.537 55.5 3.08 0.44
1154 997.278 45.8 3.18 0.37
1155 1001.135 55.5 3.07 0.39
1156 1001.815 68.3 3.10 0.31
1157 1001.900 56.3 3.11 0.30
1158 1002.330 56.9 3.03 0.30
1159 1002.685 63.4 3.01 0.34
1160 1002.818 73.1 3.05 0.35
1161 1004.020 54.6 3.12 0.33
1162 1004.399 37.8 2.99 0.29
1163 1005.170 58.6 2.95 0.44
1164 1006.822 18.5 2.92 0.30
1165 1007.430 82.2 2.96 0.22
1166 1007.737 58.6 3.01 0.12
1167 1007.843 54.3 3.16 0.12
1168 1008.952 67.4 3.03 0.27
1169 1010.112 64.3 2.92 0.15
1170 1010.287 45.8 3.08 0.15
1171 1010.611 41.8 2.99 0.26
1172 1011.406 32.4 3.15 0.27
1173 1011.447 42.4 3.04 0.27
1174 1012.239 37.8 3.14 0.41
1175 1013.321 41.8 2.94 -0.10
1176 1013.597 57.7 2.84 -0.19
1177 1014.116 48.1 2.83 -0.07
1178 1015.202 42.7 3.19 -0.13
1179 1015.263 75.4 3.20 -0.16
1180 1017.349 58.6 3.12 -0.00
1181 1019.383 53.8 2.81 -0.02
1182 1019.503 44.9 2.93 0.03
1183 1019.632 47.5 3.06 0.07
1184 1019.987 48.9 2.93 0.09
1185 1020.240 75.4 2.95 0.11
1186 1021.199 68.3 2.96 -0.06
1187 1021.585 48.6 2.87 0.13
1188 1021.841 32.1 2.88 0.16
1189 1022.462 38.7 2.90 0.04
1190 1024.015 31.3 3.07 0.24
1191 1026.036 49.8 2.69 0.01
1192 1026.203 49.8 2.81 0.01
1193 1026.360 45.8 2.78 -0.10
1194 1026.920 63.4 2.83 -0.00
1195 1027.217 63.4 2.97 0.03
1196 1029.138 59.4 2.90 0.06
1197 1029.408 47.5 2.84 0.07
1198 1030.924 22.5 2.94 0.14
1199 1031.309 41.8 2.93 0.10
1200 1031.821 54.6 2.94 0.06
1201 1032.361 44.9 2.97 0.08
1202 1033.094 28.2 2.85 -0.03
1203 1034.357 49.5 2.93 -0.11
1204 1034.972 54.6 3.13 -0.03
1205 1035.098 75.1 3.04 -0.03
1206 1035.716 45.8 3.09 -0.03
1207 1036.006 114.1 3.09 -0.05
1208 1036.194 47.5 3.08 -0.09
1209 1037.003 50.6 2.95 0.09
1210 1037.214 26.5 2.95 0.12
1211 1038.010 68.3 2.85 -0.01
1212 1039.791 63.4 3.01 0.04
1213 1040.058 37.8 3.04 0.12
1214 1041.201 33.8 2.96 0.05
1215 1044.290 30.4 3.03 0.32
1216 1044.382 43.2 3.05 0.20
1217 1045.481 38.7 2.99 0.28
1218 1046.458 68.3 3.04 0.25
1219 1046.659 17.6 3.08 0.17
1220 1047.485 37.8 3.00 0.24
1221 1047.635 33.8 2.95 0.23
1222 1048.547 68.3 3.03 -0.16
1223 1048.748 40.4 2.91 -0.07
1224 1050.687 28.2 2.92 0.15
1225 1051.035 56.3 2.99 0.18
1226 1051.417 49.8 2.96 0.25
1227 1052.817 54.6 3.03 0.21
1228 1056.913 44.1 2.91 0.27
1229 1057.281 47.5 2.85 0.04
1230 1057.353 54.6 2.96 0.11
1231 1057.872 50.6 2.89 0.18
1232 1059.043 56.9 2.91 0.23
1233 1059.940 59.4 3.13 0.02
1234 1061.162 32.1 3.14 0.14
1235 1061.200 28.7 3.04 0.14
1236 1061.667 41.0 3.06 0.26
1237 1062.022 81.9 3.10 0.24
1238 1062.200 33.8 3.04 0.20
1239 1062.381 50.6 3.02 0.23
1240 1062.883 52.3 3.18 0.27
1241 1063.313 32.1 3.10 0.22
1242 1063.944 50.6 3.24 0.18
1243 1064.132 81.9 3.15 0.16
1244 1064.750 44.9 3.16 0.08
1245 1065.330 68.3 3.08 0.08
1246 1066.122 41.0 3.24 0.19
1247 1066.436 35.3 3.17 0.24
1248 1068.132 25.9 3.06 0.10
1249 1068.272 70.0 3.07 0.07
1250 1069.306 49.8 3.01 0.17
1251 1069.726 18.5 3.02 0.20
1252 1069.750 8.8 2.93 0.21
1253 1070.269 29.0 2.98 0.12
1254 1071.221 63.4 2.92 0.34
1255 1072.037 44.9 3.06 0.21
1256 1072.303 36.1 3.03 0.16
1257 1072.508 61.2 3.03 0.30
1258 1073.215 54.6 3.06 0.21
1259 1073.873 33.8 2.97 0.28
1260 1074.556 50.6 3.10 0.28
1261 1074.734 33.0 3.09 0.20
1262 1075.519 66.6 3.14 0.25
1263 1075.962 68.3 2.98 0.29
1264 1076.321 71.4 3.07 0.36
1265 1077.471 20.2 3.18 0.26
1266 1077.645 44.9 3.17 0.21
1267 1078.113 59.4 3.10 0.23
1268 1078.741 68.3 2.99 0.49
1269 1079.096 38.7 2.91 0.26
1270 1079.888 49.8 2.95 0.52
1271 1079.963 33.6 3.04 0.52
1272 1079.997 29.6 2.92 0.51
1273 1081.079 44.1 3.01 0.42
1274 1081.161 30.4 3.04 0.37
1275 1082.212 43.5 3.05 0.28
1276 1082.997 49.8 3.02 0.25
1277 1083.144 44.1 3.16 0.26
1278 1083.598 49.8 3.11 0.22
1279 1084.503 64.3 3.14 0.29
1280 1084.864 48.9 3.16 0.36
1281 1085.209 79.4 3.24 0.44
1282 1087.370 40.1 3.14 0.09
1283 1087.575 64.3 3.02 0.22
1284 1087.650 57.7 3.09 0.26
1285 1087.902 39.3 3.09 0.35
1286 1088.073 24.2 3.16 0.24
1287 1089.155 69.1 3.09 0.29
1288 1089.691 54.6 2.98 0.07
1289 1089.759 46.9 3.03 0.07
1290 1090.469 49.8 3.15 0.22
1291 1090.940 41.0 3.18 0.28
1292 1091.227 50.6 3.12 0.24
1293 1092.166 43.5 3.10 0.40
1294 1092.459 37.8 3.06 0.36
1295 1093.118 28.2 3.12 0.44
1296 1094.227 37.0 2.99 0.30
1297 1094.272 14.5 3.08 0.20
1298 1095.644 59.4 3.13 0.41
1299 1098.115 44.1 3.22 0.31
1300 1098.231 42.7 3.19 0.31
1301 1098.866 12.8 3.16 0.27
1302 1099.016 50.6 3.16 0.30
1303 1099.098 41.0 3.13 0.30
1304 1100.102 56.3 3.04 0.34
1305 1100.276 54.6 3.00 0.36
1306 1101.330 50.6 3.00 0.42
1307 1101.692 43.2 3.17 0.31
1308 1101.948 52.1 2.99 0.36
1309 1103.030 59.4 3.00 0.34
1310 1103.805 68.3 3.18 0.49
1311 1104.501 48.1 3.12 0.34
1312 1104.740 34.4 3.12 0.30
1313 1106.795 33.0 3.01 0.16
1314 1106.966 47.5 3.23 0.28
1315 1107.089 43.5 3.06 0.30
1316 1107.140 44.9 3.19 0.26
1317 1107.782 44.9 3.11 0.23
1318 1107.881 26.5 3.06 0.28
1319 1108.222 45.8 3.05 0.25
1320 1109.369 66.6 3.11 0.24
1321 1110.232 67.4 2.97 0.17
1322 1110.324 26.5 2.84 0.17
1323 1111.963 42.7 3.05 0.16
1324 1113.984 39.3 2.95 0.14
1325 1115.868 24.2 2.88 0.32
1326 1115.892 16.8 2.96 0.32
1327 1118.216 54.6 2.86 0.26
1328 1119.766 77.1 2.97 0.14
1329 1120.035 58.6 2.95 0.18
1330 1120.838 50.6 2.87 0.14
1331 1121.244 41.0 2.90 0.04
1332 1122.070 40.1 2.90 0.03
1333 1123.107 45.8 2.76 0.09
1334 1124.145 43.2 2.74 0.12
1335 1126.562 39.3 2.97 0.06
1336 1126.760 41.8 2.93 0.05
1337 1126.814 41.8 2.97 0.05
1338 1127.033 64.3 2.99 0.11
1339 1127.292 41.8 3.04 0.03
1340 1128.559 48.9 2.99 0.10
1341 1129.118 41.0 2.82 0.05
1342 1129.238 80.2 2.90 0.06
1343 1130.528 18.5 2.80 0.24
1344 1131.030 41.8 2.90 0.21
1345 1131.637 54.6 2.84 0.17
1346 1136.710 66.0 2.86 0.08
1347 1137.420 41.0 2.79 0.04
1348 1138.065 71.7 2.87 -0.01
1349 1138.112 70.8 2.86 -0.01
1350 1138.686 41.8 2.92 0.01
1351 1139.065 22.5 2.89 0.04
1352 1139.171 66.6 2.94 0.23
1353 1139.546 53.8 2.95 0.11
1354 1139.836 41.0 2.91 0.11
1355 1141.577 73.1 2.93 0.10
1356 1142.383 44.1 2.78 0.09
1357 1142.990 77.1 2.95 0.08
1358 1143.929 56.3 3.00 0.14
1359 1144.113 39.3 2.93 0.17
1360 1144.502 36.1 2.94 0.23
1361 1144.751 36.1 3.00 0.08
1362 1145.038 36.4 2.93 0.06
1363 1145.362 67.4 3.02 0.06
1364 1145.967 49.8 2.99 -0.02
1365 1146.769 39.3 3.00 0.10
1366 1148.639 33.8 3.02 0.05
1367 1149.335 50.6 3.00 0.07
1368 1149.513 67.4 2.98 0.11
1369 1149.632 62.6 2.96 0.04
1370 1150.298 41.0 2.96 -0.00
1371 1151.718 38.7 2.96 -0.03
1372 1152.134 81.9 2.95 0.25
1373 1152.776 41.8 3.02 0.03
1374 1153.281 50.6 3.23 -0.04
1375 1154.309 111.8 2.83 -0.21
1376 1154.496 39.3 3.03 -0.25
1377 1155.039 37.0 2.86 -0.14
1378 1155.077 11.9 3.30 -0.17
1379 1155.118 49.8 2.88 -0.13
1380 1155.565 59.4 3.14 -0.14
1381 1156.425 68.3 3.27 0.02
1382 1157.923 44.1 3.19 0.03
1383 1157.992 34.7 3.04 0.03
1384 1159.449 39.3 3.26 0.12
1385 1159.582 49.8 3.19 0.24
1386 1161.651 54.6 3.16 0.02
1387 1162.279 58.6 3.20 -0.11
1388 1162.391 44.1 3.19 -0.13
1389 1162.910 51.5 3.20 -0.00
1390 1163.255 49.8 3.16 -0.04
1391 1164.074 44.9 3.25 -0.27
1392 1165.289 64.3 3.12 0.01
1393 1165.515 49.5 3.21 0.05
1394 1165.689 30.4 3.17 0.01
1395 1166.825 41.8 3.20 -0.10
1396 1167.153 50.6 3.21 0.00
1397 1169.457 71.4 3.27 0.01
1398 1170.836 30.4 3.11 -0.10
1399 1171.505 48.9 3.12 -0.04
1400 1171.730 53.8 3.01 -0.12
1401 1171.785 46.9 3.08 -0.12
1402 1172.543 59.4 3.04 0.04
1403 1172.792 37.0 3.00 0.03
1404 1173.208 43.2 3.07 0.11
1405 1174.079 49.5 3.24 0.03
1406 1174.161 50.1 3.25 0.03
1407 1175.290 66.0 3.08 0.02
1408 1176.547 50.6 3.07 0.02
1409 1177.202 60.3 3.00 -0.12
1410 1177.762 73.1 3.18 -0.17
1411 1178.878 43.5 3.13 -0.15
1412 1178.963 15.9 3.08 -0.21
1413 1179.315 26.5 3.18 -0.28
1414 1179.905 55.5 3.07 -0.20
1415 1180.216 70.8 3.03 -0.22
1416 1181.148 45.8 2.83 -0.23
1417 1181.946 49.8 3.00 -0.09
1418 1182.247 41.0 3.08 -0.12
1419 1182.721 61.7 2.96 0.02
1420 1183.848 35.8 2.96 -0.24
1421 1184.793 58.6 3.20 0.07
1422 1185.090 70.3 3.13 0.08
1423 1185.189 36.1 3.11 0.08
1424 1185.715 98.7 3.08 0.03
1425 1187.056 47.5 3.20 0.04
1426 1187.561 28.2 3.10 -0.01
1427 1187.742 30.4 3.08 0.02
1428 1189.545 38.7 3.13 0.13
1429 1189.579 12.8 3.11 0.09
1430 1190.306 75.9 3.19 0.06
1431 1190.715 32.1 3.10 0.01
1432 1191.214 49.8 3.09 -0.07
1433 1194.071 26.5 3.15 -0.00
1434 1194.279 63.4 3.15 0.09
1435 1194.845 41.0 3.18 -0.00
1436 1196.132 49.8 3.25 0.03
1437 1196.706 72.2 3.27 0.02
1438 1196.812 44.1 3.35 -0.01
1439 1196.958 50.6 3.27 -0.05
1440 1197.044 44.1 3.31 0.00
1441 1198.757 38.4 3.24 -0.07
1442 1199.361 38.7 3.20 0.10
1443 1199.580 77.9 3.24 0.05
1444 1201.658 37.8 3.31 0.21
1445 1201.901 58.6 3.19 0.14
1446 1202.327 44.9 3.15 0.08
1447 1202.420 45.8 3.19 0.03
1448 1202.652 77.9 3.12 0.10
1449 1205.147 48.1 3.18 0.06
1450 1206.089 54.6 3.16 -0.04
1451 1206.284 45.8 3.21 -0.01
1452 1207.461 57.7 3.10 0.15
1453 1207.697 49.8 3.16 0.18
1454 1208.857 18.5 3.06 0.16
1455 1208.888 22.5 3.06 0.17
1456 1209.420 63.4 3.09 0.28
1457 1212.475 43.2 3.29 0.09
1458 1215.295 58.6 3.23 0.15
1459 1216.151 57.7 3.21 0.26
1460 1216.233 24.2 3.21 0.26
1461 1216.715 44.9 3.15 0.26
1462 1217.339 46.6 3.19 0.25
1463 1217.493 27.3 3.19 0.32
1464 1217.868 22.5 3.11 0.21
1465 1218.493 33.0 3.16 0.28
1466 1219.916 19.1 3.24 0.23
1467 1220.326 50.1 3.11 0.27
1468 1220.428 58.6 3.15 0.27
1469 1221.200 49.8 3.08 0.30
1470 1221.551 46.6 3.06 0.26
1471 1221.739 50.6 3.09 0.20
1472 1222.688 44.9 2.99 0.23
1473 1223.002 29.6 3.14 0.21
1474 1224.326 38.7 3.10 0.31
1475 1225.494 22.5 3.07 0.16
1476 1225.562 41.0 3.10 0.24
1477 1225.791 58.6 3.11 0.25
1478 1225.920 50.6 3.12 0.28
1479 1226.306 54.6 3.03 0.26
1480 1227.183 51.5 3.20 0.34
1481 1227.354 25.6 3.20 0.30
1482 1227.808 97.3 3.24 0.20
1483 1228.149 44.9 3.00 0.29
1484 1228.627 37.0 3.27 0.32
1485 1229.320 55.5 3.15 0.27
1486 1229.767 56.3 3.20 0.24
1487 1231.703 37.8 3.20 0.22
1488 1232.208 42.7 3.20 0.18
1489 1232.587 68.3 3.24 0.14
1490 1233.949 47.5 3.28 0.24
1491 1234.157 47.5 3.28 0.17
1492 1234.290 49.8 3.30 0.17
1493 1237.741 58.6 3.03 0.16
1494 1237.983 54.6 3.10 0.06
1495 1238.348 42.7 3.21 -0.00
1496 1239.147 50.6 3.24 0.04
1497 1239.372 108.4 3.16 0.16
1498 1241.939 39.3 3.09 0.13
1499 1243.612 45.8 3.05 0.01
1500 1244.400 70.8 3.17 -0.05
1501 1244.486 49.5 3.21 -0.05
1502 1245.455 50.6 3.18 0.06
1503 1245.865 34.1 3.19 0.04
1504 1247.206 51.5 3.20 -0.09
1505 1247.680 60.3 3.15 0.07
1506 1247.851 54.6 3.19 -0.01
1507 1247.974 56.9 3.09 0.02
1508 1248.500 39.3 3.23 0.02
1509 1250.141 49.8 3.12 -0.04
1510 1250.585 30.4 3.13 -0.03
1511 1250.769 36.1 3.12 -0.09
1512 1251.200 81.9 3.14 0.12
1513 1251.974 40.1 3.08 0.22
1514 1252.715 39.3 3.08 0.06
1515 1253.050 46.6 3.04 0.19
1516 1253.343 31.3 3.21 0.14
1517 1253.381 37.0 3.24 0.07
1518 1253.889 62.6 3.25 0.01
1519 1254.248 31.3 3.17 -0.02
1520 1254.323 26.7 3.12 -0.06
1521 1254.360 35.3 3.26 -0.05
1522 1254.688 86.8 3.24 0.02
1523 1255.265 60.3 3.05 0.02
1524 1255.599 48.9 3.10 0.10
1525 1256.296 45.8 3.16 -0.10
1526 1256.384 40.1 3.16 0.08
1527 1256.811 45.8 3.05 -0.03
1528 1256.876 54.6 3.05 -0.01
1529 1257.470 56.9 3.09 0.19
1530 1258.207 58.6 3.00 0.19
1531 1260.549 39.3 3.05 0.02
1532 1260.692 33.8 3.15 0.06
1533 1261.344 35.3 3.03 -0.12
1534 1262.231 37.0 2.97 -0.07
1535 1263.849 47.5 3.13 -0.04
1536 1264.075 21.0 3.11 0.03
1537 1264.416 65.1 3.11 0.05
1538 1264.809 38.7 3.09 0.08
1539 1265.433 77.1 3.10 0.11
1540 1265.553 50.6 3.06 0.04
1541 1266.546 39.3 3.10 0.07
1542 1267.338 81.9 3.09 -0.16
1543 1267.567 64.3 3.04 -0.00
1544 1267.812 44.1 3.02 -0.04
1545 1267.962 52.9 3.13 -0.11
1546 1269.079 27.3 3.08 0.02
1547 1269.833 33.0 3.06 0.06
1548 1270.591 23.3 3.10 -0.04
1549 1271.041 28.2 3.15 -0.10
1550 1272.932 44.9 3.01 -0.07
1551 1272.997 41.0 3.07 -0.09
1552 1274.728 68.3 3.11 0.08
1553 1275.956 58.6 3.12 -0.13
1554 1276.315 78.8 3.10 -0.16
1555 1277.387 54.6 2.95 0.00
1556 1279.646 14.5 3.14 0.06
1557 1279.680 22.5 2.99 0.05
1558 1279.855 64.3 3.12 0.03
1559 1281.128 37.0 3.05 0.01
1560 1281.496 45.8 3.19 0.09
1561 1281.909 63.4 3.28 0.03
1562 1282.889 54.6 3.26 -0.03
1563 1283.200 52.9 3.32 0.03
1564 1284.937 45.8 3.18 0.15
1565 1285.309 50.6 3.13 0.04
1566 1287.173 90.7 3.09 0.10
1567 1287.265 49.8 3.00 0.22
1568 1287.855 26.5 2.98 0.08
1569 1288.186 46.6 3.09 0.16
1570 1288.221 12.8 3.14 0.16
1571 1288.787 54.6 3.15 0.21
1572 1289.651 73.1 3.14 0.18
1573 1291.173 59.4 3.09 0.03
1574 1291.487 66.6 3.10 0.03
1575 1291.719 49.8 3.10 0.07
1576 1292.429 43.2 3.23 0.05
1577 1292.897 45.8 3.17 0.04
1578 1293.269 77.9 3.17 0.11
1579 1295.481 58.6 3.16 0.12
1580 1295.870 71.4 3.20 0.07
1581 1297.068 29.0 3.18 0.08
1582 1298.420 36.1 3.23 -0.02
1583 1298.645 74.0 3.15 0.15
1584 1298.703 48.4 3.14 0.15
1585 1298.952 95.3 3.10 0.19
1586 1302.580 50.6 2.98 0.28
1587 1303.386 33.0 2.99 0.32
1588 1305.342 131.7 3.13 0.04
1589 1305.639 29.0 3.29 -0.05
1590 1305.775 100.4 3.26 -0.00
1591 1306.298 41.8 3.02 0.10
1592 1306.608 49.8 3.31 -0.10
1593 1306.950 49.8 3.35 -0.02
1594 1307.711 50.6 3.31 0.15
1595 1309.018 64.3 3.30 0.13
1596 1309.462 59.4 3.31 0.13
1597 1310.209 44.4 3.22 0.17
1598 1310.301 79.4 3.30 0.17
1599 1311.288 19.9 3.05 0.25
1600 1312.319 59.4 3.39 0.03
1601 1312.407 62.0 3.37 0.03
1602 1312.838 68.3 3.43 0.10
1603 1313.459 55.5 3.17 0.12
1604 1317.234 35.8 3.00 -0.15
1605 1317.289 39.8 3.25 0.02
1606 1317.865 43.2 3.25 0.02
1607 1318.480 53.8 3.23 0.21
1608 1320.460 49.8 3.03 0.33
1609 1321.784 49.8 3.17 0.31
1610 1322.009 54.6 3.10 0.27
1611 1322.197 41.8 3.15 0.28
1612 1322.303 42.7 3.05 0.27
1613 1322.354 35.8 3.18 0.27
1614 1322.832 31.3 3.17 0.18
1615 1322.985 59.4 3.17 0.26
1616 1324.808 45.8 3.30 0.20
1617 1325.965 28.2 2.96 -0.01
1618 1326.085 44.9 2.98 0.04
1619 1326.511 53.8 3.04 0.12
1620 1326.614 39.3 3.14 0.21
1621 1326.644 15.9 3.07 0.17
1622 1327.102 41.8 3.18 0.22
1623 1328.952 52.9 3.12 0.22
1624 1329.556 38.4 3.14 0.38
1625 1330.102 78.8 3.09 0.19
1626 1331.014 56.6 3.09 0.10
1627 1331.102 45.2 3.16 0.14
1628 1333.171 25.0 3.23 0.18
1629 1334.212 31.0 3.07 0.28
1630 1334.748 48.9 3.13 0.28
1631 1335.342 45.8 3.12 0.19
1632 1335.516 47.5 3.11 0.26
1633 1335.744 37.0 3.23 0.23
1634 1336.267 59.4 3.36 0.20
1635 1336.547 18.5 3.24 0.28
1636 1337.315 81.9 3.12 0.28
1637 1338.229 58.6 3.16 0.29
1638 1341.093 106.1 3.19 0.36
1639 1341.247 54.6 3.06 0.42
1640 1342.052 63.4 3.00 0.38
1641 1343.885 59.4 2.94 0.30
1642 1344.360 50.6 3.22 0.40
1643 1344.995 41.8 3.03 0.36
1644 1345.203 41.8 3.10 0.43
1645 1346.305 41.0 3.17 0.49
1646 1346.725 49.8 3.19 0.41
1647 1347.176 41.0 3.27 0.35
1648 1347.329 45.8 3.15 0.24
1649 1348.565 39.3 3.25 0.41
1650 1350.101 44.9 3.29 0.22
1651 1350.275 32.7 3.18 0.07
1652 1350.958 47.5 3.38 0.23
1653 1351.016 51.2 3.23 0.07
1654 1351.347 42.7 3.26 0.30
1655 1351.552 50.6 3.28 0.16
1656 1352.169 54.6 3.19 0.21
1657 1352.797 63.4 3.33 0.18
1658 1353.835 49.8 3.15 0.31
1659 1355.296 45.8 3.17 0.25
1660 1355.712 25.6 3.09 0.24
1661 1356.726 73.1 3.03 0.29
1662 1357.194 95.0 3.11 0.29
1663 1357.737 67.4 3.08 0.39
1664 1358.013 54.6 3.09 0.26
1665 1358.853 44.9 3.05 0.28
1666 1360.781 81.9 3.08 0.32
1667 1362.659 44.4 2.89 0.10
1668 1363.201 45.8 2.90 0.16
1669 1363.556 48.1 2.91 0.13
1670 1363.693 100.4 2.81 0.18
1671 1363.959 29.0 2.90 0.18
1672 1364.847 44.9 3.03 0.26
1673 1365.696 45.8 3.19 0.20
1674 1366.666 43.5 2.79 0.32
1675 1366.813 46.6 2.92 0.22
1676 1367.809 41.8 2.95 0.43
1677 1368.004 48.1 3.12 0.47
1678 1368.089 29.6 3.08 0.37
1679 1368.318 28.2 3.12 0.40
1680 1369.147 44.9 3.13 0.28
1681 1369.308 41.0 3.06 0.35
1682 1370.229 65.7 3.00 0.21
1683 1370.690 77.1 2.98 0.33
1684 1371.113 77.1 2.98 0.25
1685 1371.434 50.6 3.08 0.25
1686 1371.803 33.0 3.02 0.20
1687 1373.028 51.5 2.80 0.23
1688 1373.448 54.6 2.85 0.35
1689 1373.602 27.3 2.81 0.32
1690 1373.728 54.6 2.73 0.39
1691 1374.209 59.4 2.90 0.28
1692 1374.871 82.8 2.98 0.12
1693 1375.796 68.3 2.89 0.20
1694 1376.070 64.3 2.81 0.24
1695 1376.943 98.4 2.94 0.26
1696 1377.633 51.5 2.96 0.25
1697 1377.971 76.2 2.91 0.19
1698 1378.848 50.6 2.96 0.28
1699 1380.026 96.4 2.97 0.04
1700 1380.544 44.9 2.90 0.15
1701 1380.722 41.8 2.94 0.22
1702 1383.395 50.3 2.95 0.13
1703 1384.815 54.3 2.92 0.11
1704 1385.695 41.0 2.96 0.28
1705 1385.849 63.4 3.06 0.31
1706 1387.299 37.8 3.16 0.18
1707 1388.259 35.3 3.04 0.10
1708 1390.849 29.0 2.83 0.07
1709 1390.880 12.8 2.85 0.06
1710 1391.822 33.8 2.64 0.12
1711 1392.174 79.6 2.88 0.13
1712 1394.549 58.6 2.57 0.29
1713 1396.826 123.4 2.95 0.06
1714 1396.891 76.5 2.91 0.06
1715 1398.222 56.9 2.89 -0.17
1716 1399.546 66.6 3.15 -0.07
1717 1403.646 29.9 2.87 -0.27
1718 1403.718 52.9 2.89 -0.27
1719 1404.933 72.2 2.60 -0.02
1720 1405.393 93.0 2.77 -0.06
1721 1406.069 45.8 2.56 0.01
1722 1406.977 49.8 2.81 -0.20
1723 1410.005 50.6 2.78 -0.07
1724 1410.459 77.1 2.73 -0.06
1725 1411.159 59.4 2.56 -0.04
1726 1411.251 46.6 2.67 -0.04
1727 1411.333 68.6 2.63 -0.30
1728 1412.794 63.4 2.53 0.09
1729 1414.162 54.6 2.68 -0.12
1730 1414.606 23.3 2.82 -0.08
1731 1414.708 59.4 2.88 0.00
1732 1415.108 36.1 2.91 -0.04
1733 1415.377 52.3 3.02 -0.03
1734 1415.620 41.8 2.84 -0.41
1735 1415.736 43.5 2.86 0.02
1736 1415.893 16.8 2.98 -0.22
1737 1417.040 65.7 2.94 -0.23
1738 1418.344 45.8 3.15 -0.39
1739 1419.525 44.9 2.94 -0.09
1740 1419.729 49.8 2.90 -0.01
1741 1420.682 73.1 2.90 0.06
1742 1421.907 74.0 2.72 -0.01
1743 1422.368 55.5 2.65 -0.06
1744 1423.249 90.7 2.80 -0.12
1745 1423.675 86.8 2.86 -0.11
1746 1425.471 61.2 2.83 0.16
1747 1425.532 30.4 2.97 0.06
1748 1428.276 41.0 2.58 0.16
1749 1434.581 68.6 2.85 -0.03
1750 1435.287 74.0 2.80 0.00
1751 1435.578 50.6 3.00 0.08
1752 1435.666 44.9 2.87 0.12
1753 1435.731 37.0 2.97 0.13
1754 1435.762 8.8 2.94 0.13
1755 1436.742 35.3 3.00 -0.02
1756 1437.564 54.6 2.83 -0.07
1757 1438.155 62.6 3.10 0.07
1758 1438.598 18.5 3.05 0.07
1759 1439.762 59.4 3.24 0.10
1760 1440.503 59.2 3.11 0.29
1761 1441.237 45.8 3.06 0.30
1762 1441.551 49.8 3.11 0.32
1763 1442.626 114.1 3.08 0.29
1764 1444.234 58.6 3.09 -0.04
1765 1445.493 56.3 3.14 0.05
1766 1445.688 44.9 3.22 0.07
1767 1447.763 64.3 3.18 0.07
1768 1448.040 65.7 3.15 0.08
1769 1449.214 33.0 3.05 -0.13
1770 1451.187 52.9 3.12 0.18
1771 1451.303 17.6 3.11 0.27
1772 1451.648 54.6 3.16 0.13
1773 1451.736 77.1 3.20 0.10
1774 1452.692 37.0 3.19 0.24
1775 1453.938 49.5 2.98 -0.07
1776 1454.982 42.1 2.99 0.24
1777 1455.887 59.4 3.16 0.25
1778 1456.908 33.8 3.13 0.17
1779 1457.402 44.9 3.09 0.14
1780 1457.536 48.9 3.05 0.17
1781 1457.710 51.5 3.09 0.27
1782 1457.788 27.3 3.14 0.11
1783 1458.952 73.1 3.44 0.18
1784 1460.727 45.8 3.27 0.15
1785 1461.157 34.4 3.16 0.30
1786 1462.993 51.8 3.09 0.42
1787 1464.024 47.2 2.99 0.28
1788 1464.710 54.6 3.24 0.15
1789 1465.164 52.3 3.12 0.19
1790 1465.465 40.1 3.10 0.23
1791 1465.693 54.6 3.16 0.31
1792 1465.803 41.0 3.10 0.59
1793 1466.420 25.6 3.20 0.35
1794 1466.516 58.6 3.10 0.37
1795 1467.199 45.8 3.15 0.33
1796 1467.444 54.6 3.25 0.59
1797 1468.103 41.0 3.13 0.54
1798 1468.919 42.7 3.14 0.56
1799 1468.991 47.8 3.10 0.56
1800 1471.018 54.6 3.05 0.39
1801 1473.251 49.8 3.05 0.26
1802 1474.602 41.8 3.27 0.31
1803 1475.179 31.3 3.19 0.18
1804 1475.886 37.0 3.05 0.30
1805 1476.493 50.6 3.21 0.10
1806 1480.033 68.3 3.14 0.13
1807 1481.367 40.1 3.05 0.17
1808 1481.784 68.3 3.12 0.26
1809 1482.705 28.2 3.22 0.14
1810 1483.330 23.3 3.21 0.14
1811 1484.511 60.3 3.01 0.21
1812 1484.839 100.4 3.15 0.24
1813 1485.156 33.0 3.27 0.12
1814 1486.003 37.8 3.07 0.35
1815 1487.334 54.6 3.01 0.12
1816 1487.515 41.0 3.02 0.06
1817 1487.935 45.8 2.86 0.20
1818 1488.150 49.8 3.06 0.23
1819 1488.324 41.0 3.02 0.22
1820 1488.481 54.6 3.05 0.09
1821 1488.593 66.8 2.95 0.11
1822 1489.051 34.4 3.02 0.08
1823 1489.129 31.3 2.93 0.14
1824 1489.211 48.9 2.94 0.05
1825 1489.553 47.5 2.81 0.12
1826 1490.382 48.1 2.90 0.10
1827 1491.034 48.9 2.82 0.08
1828 1493.270 54.6 3.02 0.21
1829 1493.331 52.9 3.15 0.21
1830 1493.396 48.1 3.10 -0.02
1831 1493.792 31.6 3.04 -0.06
1832 1493.847 54.6 3.17 -0.06
1833 1494.048 31.3 3.05 0.06
1834 1494.519 70.0 3.11 -0.02
1835 1495.396 37.0 3.00 0.00
1836 1496.065 24.7 3.13 -0.09
1837 1497.052 95.6 3.06 -0.03
1838 1497.171 35.3 3.09 -0.02
1839 1498.373 68.3 3.00 -0.08
1840 1498.513 62.6 3.01 0.04
1841 1499.059 28.2 2.96 -0.04
1842 1499.154 49.8 3.02 0.10
1843 1501.035 68.3 3.01 0.01
1844 1503.575 21.9 2.79 0.03
1845 1503.984 58.6 2.68 0.18
1846 1504.390 54.6 2.70 0.16
1847 1504.582 56.3 2.78 0.21
1848 1504.677 48.9 2.83 0.22
1849 1505.455 53.8 2.88 0.01
1850 1505.998 36.1 2.75 0.02
1851 1506.097 49.8 2.80 -0.00
1852 1506.271 89.9 2.76 -0.05
1853 1510.067 31.3 2.88 0.19
1854 1511.063 63.4 2.71 -0.11
1855 1511.142 77.1 2.87 -0.10
1856 1511.521 47.5 2.89 0.00
1857 1511.593 49.8 2.74 -0.11
1858 1514.272 64.3 2.69 0.14
1859 1514.409 82.2 2.71 0.14
1860 1514.647 59.4 2.71 0.14
1861 1514.815 81.9 2.65 0.23
1862 1516.105 107.0 2.83 -0.09
1863 1516.252 64.3 2.78 -0.05
1864 1516.586 86.8 2.76 0.00
1865 1517.832 59.4 2.77 0.01
1866 1518.334 46.6 2.83 -0.02
1867 1520.573 49.8 2.99 0.08
1868 1520.921 27.3 3.16 0.23
1869 1522.208 43.8 2.75 0.14
1870 1522.641 28.4 2.84 -0.01
1871 1523.031 30.2 2.87 0.00
1872 1523.703 46.6 2.91 0.19
1873 1523.918 41.0 2.87 0.33
1874 1524.437 45.8 2.83 0.27
1875 1524.584 45.8 2.86 0.11
1876 1524.666 45.8 2.87 0.07
1877 1526.188 54.6 2.89 0.17
1878 1526.946 63.4 2.94 0.25
1879 1527.055 43.2 2.94 0.20
1880 1527.895 97.3 2.94 0.30
1881 1528.052 85.9 2.85 0.37
1882 1528.854 54.6 2.93 0.29
1883 1529.226 90.7 3.01 0.28
1884 1529.540 50.6 3.06 0.30
1885 1532.489 56.3 3.03 0.08
1886 1532.581 50.3 3.10 0.08
1887 1532.861 27.3 3.14 0.12
1888 1534.127 38.4 3.03 0.07
1889 1534.841 44.9 2.96 0.28
1890 1534.933 29.0 2.86 0.38
1891 1535.738 33.0 3.05 0.32
1892 1536.445 41.0 3.08 0.09
1893 1537.554 29.6 2.98 0.10
1894 1537.810 54.6 2.98 0.01
1895 1538.107 70.0 3.12 0.01
1896 1538.841 49.8 2.99 0.02
1897 1539.408 109.2 2.95 0.02
1898 1540.312 20.8 3.01 -0.05
1899 1540.527 44.1 2.88 0.03
1900 1541.688 81.1 3.00 -0.03
1901 1543.425 50.6 3.00 0.11
1902 1543.562 58.6 2.91 0.18
1903 1543.685 50.6 2.96 0.10
1904 1545.487 50.6 2.76 0.14
1905 1545.579 58.6 2.81 0.12
1906 1545.634 31.3 2.78 0.16
1907 1546.057 45.8 2.81 0.19
1908 1549.003 49.8 2.72 0.06
1909 1549.252 31.3 2.83 -0.08
1910 1550.170 66.0 2.77 0.16
1911 1550.907 48.9 2.79 0.03
1912 1551.040 68.0 2.71 0.00
1913 1551.412 58.6 2.77 0.00
1914 1551.863 73.1 2.94 -0.07
1915 1552.232 63.4 2.91 -0.01
1916 1553.597 41.0 3.05 0.07
1917 1554.126 58.6 3.03 0.05
1918 1554.375 58.6 2.96 0.11
1919 1557.867 63.4 2.89 0.06
1920 1557.925 39.5 2.80 0.06
1921 1557.959 29.6 2.86 0.01
1922 1558.833 68.3 3.15 0.14
1923 1558.959 28.2 3.08 0.21
1924 1559.359 57.7 3.23 0.25
1925 1560.396 73.1 3.19 0.09
1926 1560.492 54.6 3.15 0.17
1927 1561.400 32.1 3.22 0.01
1928 1564.322 36.1 3.35 0.11
1929 1564.417 37.0 3.34 0.07
1930 1565.489 61.2 3.31 0.26
1931 1567.319 30.4 3.21 0.23
1932 1568.506 39.3 3.32 0.15
1933 1569.517 33.3 3.36 0.23
1934 1570.097 54.6 3.33 0.13
1935 1570.145 25.6 3.27 0.14
1936 1571.589 53.8 3.40 0.23
1937 1573.056 49.8 3.34 0.33
1938 1573.865 55.5 3.25 0.22
1939 1575.159 35.3 3.21 0.16
1940 1575.412 45.8 3.15 0.26
1941 1575.982 77.1 3.13 0.18
1942 1576.828 66.3 3.21 0.04
1943 1577.589 44.9 3.28 0.06
1944 1578.067 59.4 3.16 0.18
1945 1580.651 54.6 3.07 0.26
1946 1581.508 50.6 3.10 0.13
1947 1581.986 48.4 3.29 0.08
1948 1582.423 71.4 3.16 0.14
1949 1583.092 50.6 3.19 0.17
1950 1583.232 42.7 3.17 0.14
1951 1585.082 50.6 3.21 0.26
1952 1586.754 49.8 3.18 0.14
1953 1586.870 50.6 3.12 0.14
1954 1589.570 37.0 3.09 0.11
1955 1589.621 37.8 3.16 0.11
1956 1589.744 40.1 3.17 0.28
1957 1590.174 54.6 3.06 0.20
1958 1590.751 55.5 2.99 0.36
1959 1590.939 41.0 2.81 0.26
1960 1591.055 64.3 2.74 0.10
1961 1592.082 45.8 2.91 0.13
1962 1592.666 19.9 2.91 0.25
1963 1592.693 74.8 2.85 0.26
1964 1597.673 46.6 2.97 0.27
1965 1602.606 54.6 2.95 0.17
1966 1602.732 45.8 3.10 0.15
1967 1602.862 29.9 3.04 0.17
1968 1602.889 19.6 3.01 0.17
1969 1603.561 47.5 3.15 0.27
1970 1605.166 50.6 3.35 0.19
1971 1605.715 52.9 3.36 0.18
1972 1606.401 81.9 3.20 0.17
1973 1608.077 46.6 3.14 0.18
1974 1608.163 41.5 2.98 0.18
1975 1608.442 33.8 2.97 0.17
1976 1608.620 45.8 3.03 0.14
1977 1609.057 54.6 3.03 0.08
1978 1609.231 45.8 3.02 0.09
1979 1609.327 54.6 3.04 0.07
1980 1610.098 59.4 3.12 0.11
1981 1610.559 48.1 2.99 0.28
1982 1613.177 58.3 2.94 0.16
1983 1613.610 59.4 3.04 0.16
1984 1616.501 41.0 3.16 0.50
1985 1617.522 102.7 3.12 0.53
1986 1617.945 32.1 3.18 0.37
1987 1619.980 41.8 3.19 0.35
1988 1620.894 50.6 3.09 0.38
1989 1622.444 54.6 3.03 0.24
1990 1622.850 44.1 3.07 0.30
1991 1622.929 33.0 3.03 0.43
1992 1623.734 43.2 3.02 0.20
1993 1626.260 45.8 2.94 0.09
1994 1626.369 54.6 2.68 0.07
1995 1626.571 19.3 2.92 0.12
1996 1626.605 34.4 2.89 0.12
1997 1627.407 58.6 2.70 0.21
1998 1628.298 57.7 2.85 0.25
1999 1628.544 56.3 2.65 0.47
2000 1629.912 52.3 2.90 0.39
