1 0.694 32.1 3.05 0.08
2 1.114 24.5 3.15 -0.03
3 1.182 21.6 3.12 0.00
4 1.216 22.5 3.15 0.00
5 1.356 44.9 3.20 -0.05
6 1.435 67.4 3.17 -0.06
7 4.507 60.3 3.19 0.08
8 7.002 52.3 3.25 -0.01
9 8.156 59.4 3.21 0.13
10 8.381 38.7 3.19 0.08
11 8.965 19.9 3.18 0.09
12 11.002 39.3 3.19 0.03
13 12.491 39.3 3.26 0.04
14 13.535 91.6 3.13 0.20
15 15.658 51.5 3.37 0.06
16 17.293 37.8 3.09 -0.12
17 18.751 37.0 3.07 -0.04
18 20.072 29.0 3.07 -0.19
19 22.161 33.8 3.24 -0.06
20 22.464 44.1 3.27 -0.00
21 22.888 33.0 3.17 0.05
22 22.939 58.6 3.25 0.08
23 24.052 48.1 3.26 -0.03
24 24.441 59.4 3.28 0.09
25 24.717 21.6 3.21 0.10
26 24.772 31.6 3.24 0.15
27 26.257 44.1 3.33 0.25
28 27.840 57.2 3.22 0.07
29 27.919 68.3 3.28 0.10
30 28.325 27.3 3.12 0.15
31 28.400 27.6 3.13 0.14
32 29.281 47.8 3.34 0.17
33 29.813 35.3 3.37 0.25
34 29.882 37.0 3.34 0.21
35 29.943 31.3 3.43 0.27
36 30.093 48.9 3.44 0.18
37 31.073 48.1 3.23 0.10
38 31.141 50.6 3.23 0.05
39 31.257 54.6 3.22 0.05
40 31.947 45.8 3.25 0.02
41 33.264 44.9 3.22 -0.02
42 37.647 45.8 3.30 0.00
43 38.685 79.6 3.41 -0.04
44 38.787 45.8 3.38 -0.11
45 39.511 30.4 3.29 -0.12
46 41.385 47.5 3.52 0.02
47 42.023 19.9 3.44 -0.00
48 44.201 53.8 3.29 -0.13
49 44.525 29.9 3.36 -0.03
50 46.272 41.0 3.25 0.03
51 46.945 35.3 3.21 -0.04
52 48.375 52.9 3.40 -0.03
53 50.211 41.0 3.14 -0.05
54 50.546 40.1 2.96 0.14
55 53.232 45.8 3.45 0.18
56 53.423 49.8 3.45 0.13
57 53.823 58.6 3.49 0.07
58 58.810 49.8 3.38 0.08
59 59.653 49.8 3.45 0.18
60 60.892 78.8 3.30 -0.12
61 62.267 60.3 3.33 0.00
62 62.356 68.0 3.36 0.00
63 62.530 81.9 3.38 0.02
64 63.087 85.0 3.32 0.10
65 65.373 27.3 3.37 -0.01
66 65.650 68.3 3.26 0.00
67 66.462 38.7 3.22 0.02
68 66.961 59.4 3.29 -0.04
69 67.087 36.1 3.27 0.09
70 67.278 33.8 3.19 -0.01
71 67.613 59.4 3.13 -0.03
72 67.667 44.9 3.28 -0.03
73 67.705 25.6 3.23 0.06
74 68.555 68.3 3.21 0.01
75 68.695 45.8 3.15 0.07
76 69.073 32.1 3.06 0.05
77 69.644 31.3 3.16 0.06
78 70.405 58.6 3.34 0.11
79 71.265 57.7 3.30 -0.02
80 72.204 44.9 3.12 0.10
81 73.026 38.4 3.27 0.14
82 75.098 64.3 3.20 0.08
83 75.863 41.0 3.22 0.15
84 76.224 59.4 3.16 0.17
85 77.446 59.4 3.28 -0.06
86 78.900 50.6 3.10 0.00
87 80.471 33.8 3.19 0.10
88 81.133 18.5 3.18 0.05
89 81.170 31.3 3.20 0.06
90 81.914 47.5 3.20 -0.01
91 82.597 54.6 3.32 0.06
92 82.788 47.5 3.24 0.01
93 82.850 61.7 3.14 0.05
94 83.246 24.7 3.11 0.24
95 83.471 48.1 3.17 0.12
96 84.843 77.1 3.13 0.11
97 84.935 60.0 3.29 0.11
98 86.116 81.9 3.30 0.15
99 86.734 36.1 3.28 0.12
100 87.622 45.8 3.30 0.21
101 89.629 45.8 3.43 0.20
102 94.421 42.7 3.36 0.03
103 96.698 49.8 3.10 -0.01
104 97.001 49.5 3.06 -0.13
105 97.459 41.8 3.08 -0.13
106 97.810 33.0 3.10 -0.10
107 98.862 33.0 3.21 -0.13
108 98.903 39.3 3.25 -0.17
109 99.862 30.4 3.39 0.01
110 100.551 70.0 3.28 -0.14
111 101.364 48.9 3.29 0.10
112 101.620 45.8 3.27 -0.28
113 102.121 47.5 3.36 -0.22
114 102.159 8.8 3.34 -0.25
115 103.995 50.6 3.30 -0.14
116 104.975 47.5 3.17 0.01
117 105.364 41.0 3.16 0.07
118 105.456 37.0 3.17 0.05
119 105.501 35.8 3.12 0.01
120 108.037 50.6 3.27 -0.05
121 108.091 33.8 3.22 -0.05
122 108.143 49.8 3.30 -0.03
123 108.887 49.8 3.30 -0.13
124 109.822 23.3 3.33 -0.09
125 110.662 49.8 3.32 -0.09
126 111.709 55.5 3.24 -0.12
127 113.273 66.3 3.26 -0.14
128 113.351 48.1 3.37 -0.21
129 114.048 59.4 3.25 -0.18
130 114.447 21.6 3.17 -0.07
131 114.655 57.7 3.13 -0.06
132 114.778 27.3 3.24 -0.20
133 115.478 48.9 3.10 -0.14
134 116.287 49.8 3.16 -0.08
135 117.089 33.0 3.08 -0.08
136 117.263 45.8 3.16 -0.08
137 117.478 70.5 3.19 -0.07
138 119.536 49.8 3.12 -0.19
139 119.635 55.8 3.09 -0.19
140 120.024 39.3 3.09 -0.01
141 120.826 42.7 3.17 -0.05
142 121.601 54.6 3.12 -0.09
143 122.011 32.1 3.02 0.09
144 123.049 59.4 3.29 0.13
145 123.332 57.7 3.23 0.01
146 123.427 37.5 3.16 0.18
147 123.929 78.8 3.08 -0.04
148 125.325 41.0 3.18 0.12
149 127.059 34.4 3.26 0.04
150 127.213 43.8 3.14 0.04
151 127.861 45.8 3.11 -0.04
152 129.534 42.7 3.09 -0.05
153 130.042 44.1 3.08 -0.00
154 130.264 58.6 3.15 0.02
155 130.862 27.3 2.99 -0.06
156 131.019 59.4 3.02 -0.07
157 132.916 35.3 3.15 -0.01
158 133.073 45.8 3.19 -0.00
159 133.691 48.9 3.03 -0.10
160 133.814 72.2 2.98 -0.01
161 135.630 50.6 3.06 0.01
162 135.842 64.3 3.01 -0.01
163 136.145 57.7 3.00 -0.04
164 136.593 22.5 3.04 0.02
165 136.763 54.6 3.06 0.04
166 137.562 54.6 3.08 0.06
167 137.678 40.1 3.12 0.08
168 138.934 68.3 3.15 0.04
169 140.231 44.1 3.05 0.17
170 141.194 55.5 2.94 0.12
171 141.361 42.7 3.19 0.12
172 142.375 26.5 3.00 0.11
173 142.798 72.8 2.93 0.07
174 143.057 50.6 3.08 0.04
175 143.249 73.1 3.11 0.02
176 143.361 52.1 3.04 0.00
177 143.901 18.5 3.11 0.04
178 143.945 44.9 3.02 0.04
179 145.406 49.8 3.16 -0.12
180 147.119 41.8 2.95 -0.08
181 147.249 45.8 3.05 -0.05
182 147.362 13.7 3.10 -0.08
183 147.399 19.3 3.12 -0.11
184 147.437 36.1 3.08 -0.10
185 148.594 64.3 3.08 0.02
186 152.011 48.1 2.96 0.08
187 154.912 32.7 3.13 0.07
188 154.984 89.9 3.04 0.06
189 155.847 64.3 2.98 0.22
190 156.731 29.0 2.99 0.10
191 157.049 76.2 2.92 0.00
192 157.653 54.6 2.82 0.31
193 157.725 52.1 2.84 0.31
194 158.332 48.9 2.93 0.16
195 159.035 73.1 3.05 0.11
196 159.670 63.4 3.15 0.12
197 159.762 77.1 3.25 0.12
198 160.046 48.1 3.20 0.16
199 161.855 45.5 3.11 0.08
200 162.036 54.6 3.05 0.12
201 162.554 30.4 3.01 0.07
202 162.691 49.8 3.03 0.05
203 162.896 73.1 3.00 0.08
204 163.811 23.3 3.07 0.06
205 164.561 44.9 3.06 0.09
206 166.265 45.8 3.12 -0.04
207 166.736 44.1 2.96 0.07
208 167.371 54.6 2.97 0.06
209 167.889 45.8 2.95 0.01
210 170.074 41.8 2.99 0.03
211 170.446 77.9 2.99 0.13
212 171.323 41.8 2.95 0.15
213 174.057 40.1 2.84 0.01
214 175.034 43.2 2.84 0.07
215 175.665 50.6 3.03 0.11
216 175.911 41.0 3.15 -0.05
217 176.092 31.3 3.06 -0.05
218 176.733 54.6 3.15 0.08
219 178.252 37.8 3.45 -0.08
220 178.887 49.8 3.20 -0.20
221 179.505 30.4 3.36 -0.05
222 180.686 52.9 3.38 -0.07
223 183.410 32.1 2.96 -0.03
224 186.663 28.2 2.98 -0.11
225 189.513 44.9 3.04 0.05
226 190.319 81.6 3.17 0.09
227 191.387 81.9 3.04 0.01
228 193.705 28.2 3.07 0.03
229 193.756 52.9 3.10 0.01
230 194.022 17.9 3.12 0.12
231 195.933 48.9 3.15 0.00
232 197.487 49.8 3.19 0.10
233 198.162 33.0 3.21 0.14
234 198.196 23.6 3.26 0.14
235 199.118 57.7 3.19 0.05
236 199.637 50.6 3.21 -0.10
237 200.303 76.2 3.00 -0.16
238 200.483 51.5 3.02 -0.09
239 201.589 49.8 3.24 -0.12
240 202.166 35.3 3.04 -0.07
241 203.651 44.9 3.19 -0.05
242 203.788 56.3 3.12 -0.18
243 204.238 48.1 3.28 -0.23
244 205.733 37.8 3.41 -0.07
245 207.105 54.0 3.33 -0.02
246 210.143 49.8 3.12 -0.03
247 210.351 51.5 3.05 -0.01
248 211.655 44.9 3.21 -0.01
249 212.406 26.5 3.28 0.10
250 213.161 49.8 3.26 0.08
251 213.485 40.1 3.26 0.13
252 215.082 41.0 3.34 0.09
253 215.284 77.9 3.28 0.14
254 217.960 50.6 3.19 -0.08
255 219.014 56.3 3.11 0.09
256 222.786 46.6 3.08 0.19
257 224.506 74.8 3.13 0.07
258 226.408 50.6 2.96 -0.00
259 226.490 52.1 2.96 0.03
260 227.654 48.9 2.96 0.15
261 228.637 42.7 3.13 0.03
262 228.746 28.2 3.22 0.02
263 228.794 29.6 3.17 0.07
264 229.381 31.3 3.08 -0.07
265 229.493 44.1 3.06 -0.07
266 230.456 32.1 3.15 0.07
267 231.504 68.3 3.01 0.14
268 233.951 64.3 2.91 0.15
269 233.996 37.0 2.97 0.15
270 234.897 59.4 2.82 0.12
271 235.600 33.0 2.95 0.09
272 235.999 41.0 3.13 0.10
273 236.095 35.8 3.07 0.10
274 236.549 44.9 3.11 0.16
275 236.890 24.2 3.03 0.19
276 238.054 73.1 2.71 -0.01
277 239.061 44.1 2.96 0.03
278 240.013 50.6 3.04 0.24
279 241.993 41.0 2.97 0.28
280 242.242 45.8 3.15 0.26
281 243.095 50.6 3.10 0.06
282 247.386 48.9 3.05 0.42
283 247.478 54.6 3.02 0.35
284 247.663 34.4 3.10 0.19
285 248.584 39.3 3.12 0.37
286 248.727 71.4 3.06 0.32
287 252.465 45.8 3.01 0.02
288 252.527 48.9 3.03 0.08
289 252.598 45.8 3.06 0.04
290 256.530 54.6 2.96 0.41
291 257.616 64.3 3.29 -0.05
292 260.056 53.8 3.04 -0.24
293 260.463 54.6 2.98 -0.09
294 260.797 54.6 3.00 -0.03
295 261.749 48.1 3.12 -0.02
296 261.845 48.9 3.23 0.03
297 263.132 59.4 3.17 -0.05
298 263.422 60.3 3.24 -0.28
299 263.879 59.4 3.02 -0.00
300 264.535 40.1 3.19 -0.09
301 264.961 37.8 3.15 -0.04
302 266.197 33.0 3.07 0.02
303 266.511 61.2 3.13 0.05
304 267.357 33.0 3.23 0.06
305 269.672 49.5 3.23 0.02
306 269.938 40.1 3.24 -0.03
307 270.952 33.8 3.17 -0.06
308 271.109 44.9 3.25 -0.02
309 271.378 49.8 3.18 -0.08
310 271.740 52.9 3.16 -0.02
311 271.805 54.6 3.20 0.03
312 272.392 61.7 3.09 -0.05
313 272.652 41.8 3.10 -0.04
314 272.832 73.1 3.23 -0.03
315 273.676 37.8 3.18 -0.11
316 273.846 77.1 3.09 -0.08
317 274.573 64.3 3.18 -0.00
318 275.580 41.0 3.10 -0.07
319 276.782 41.0 2.93 -0.01
320 277.485 44.1 3.15 -0.11
321 277.604 54.6 3.10 -0.11
322 277.696 39.3 3.05 -0.11
323 277.857 30.4 3.20 -0.07
324 279.727 50.6 3.20 -0.04
325 280.069 98.1 3.19 -0.02
326 281.519 52.1 3.13 -0.13
327 283.359 37.0 3.22 0.05
328 283.520 39.3 3.22 -0.01
329 284.253 39.3 3.21 0.03
330 285.322 57.7 3.19 -0.05
331 287.008 46.6 2.98 0.02
332 289.087 44.9 3.02 0.05
333 290.097 125.2 3.03 -0.03
334 290.326 56.3 3.09 -0.03
335 290.449 40.1 3.07 -0.09
336 291.237 51.5 3.17 0.06
337 292.224 33.0 3.21 -0.10
338 293.541 47.2 3.30 -0.10
339 294.831 16.8 3.33 -0.00
340 296.436 26.2 3.19 -0.03
341 296.610 46.6 3.24 0.06
342 297.030 46.6 3.40 0.03
343 297.159 39.3 3.23 -0.06
344 297.473 72.8 3.29 -0.04
345 298.938 48.9 3.21 -0.03
346 299.955 40.1 3.27 0.02
347 300.446 40.4 3.37 -0.01
348 301.368 39.3 3.29 -0.04
349 303.061 49.8 3.16 0.01
350 303.529 33.0 3.21 0.01
351 303.631 45.8 3.18 0.01
352 304.566 68.3 3.34 0.07
353 308.949 46.6 3.32 0.14
354 309.068 45.8 3.23 0.07
355 309.133 32.1 3.20 0.05
356 310.635 81.1 3.39 0.16
357 310.737 49.8 3.36 0.07
358 311.058 47.5 3.28 0.15
359 312.246 62.0 3.26 -0.04
360 312.280 20.8 3.24 -0.02
361 315.636 63.4 3.16 0.16
362 316.537 41.0 3.17 0.27
363 317.182 56.3 3.31 0.16
364 317.629 50.6 3.09 0.13
365 318.988 44.9 3.09 0.08
366 319.267 63.4 3.13 0.10
367 319.694 37.0 2.94 0.21
368 320.599 54.6 3.14 0.05
369 321.745 64.3 3.04 0.06
370 322.008 35.3 3.09 0.09
371 322.118 63.4 3.14 0.08
372 322.718 45.8 3.12 0.09
373 323.015 23.3 3.05 0.06
374 325.603 29.6 3.17 0.08
375 325.831 58.6 3.11 0.09
376 326.087 33.0 3.13 0.08
377 326.251 59.4 3.11 0.11
378 328.002 38.4 3.03 0.17
379 328.217 44.1 3.12 0.11
380 330.112 41.0 2.93 0.18
381 330.514 37.8 3.05 0.21
382 330.569 36.1 3.03 0.21
383 331.876 68.3 3.14 0.18
384 332.774 41.0 3.21 -0.04
385 332.914 53.8 3.26 -0.01
386 333.552 30.4 3.18 -0.08
387 334.549 41.0 3.18 -0.10
388 334.716 62.6 3.13 -0.02
389 336.122 49.8 3.18 0.06
390 337.628 43.5 3.21 0.10
391 338.409 85.0 3.18 0.03
392 338.703 41.8 3.11 0.08
393 341.417 48.9 3.26 0.03
394 342.113 41.0 3.26 -0.01
395 342.796 45.8 3.22 -0.03
396 343.226 54.6 3.12 -0.09
397 344.089 21.6 3.18 -0.07
398 344.239 86.8 3.08 -0.00
399 344.717 26.5 3.24 0.01
400 345.130 17.6 3.14 0.10
401 345.246 44.9 3.14 0.05
402 345.536 37.0 3.22 0.09
403 347.830 58.6 3.12 0.08
404 348.991 58.6 3.12 0.03
405 349.189 32.1 3.04 -0.05
406 349.240 52.1 3.07 0.20
407 349.615 39.3 3.01 0.06
408 349.752 50.6 3.04 0.10
409 349.854 60.9 2.99 0.03
410 350.892 68.3 3.12 0.01
411 351.131 70.8 3.25 0.03
412 353.442 61.2 3.19 0.11
413 353.933 57.7 3.22 -0.02
414 356.507 47.5 3.16 -0.10
415 357.248 54.6 3.12 -0.11
416 357.879 38.7 3.02 -0.01
417 358.063 49.8 3.09 -0.05
418 358.149 45.8 3.05 -0.05
419 359.033 25.9 3.01 0.00
420 361.023 64.0 3.01 0.01
421 361.876 26.5 2.98 0.06
422 361.937 41.0 3.05 -0.04
423 362.344 39.3 2.91 0.08
424 363.675 36.1 3.17 0.09
425 365.194 44.1 3.16 0.16
426 365.525 21.6 3.16 0.06
427 367.064 70.0 3.15 -0.03
428 368.041 65.1 3.11 0.07
429 369.396 41.0 3.04 0.05
430 369.478 37.0 2.91 0.10
431 369.556 48.1 2.84 0.14
432 369.716 41.8 3.01 0.09
433 369.819 44.1 3.02 0.03
434 370.379 70.5 2.92 0.26
435 370.621 56.6 3.06 0.27
436 370.686 70.3 2.94 0.25
437 371.454 44.1 2.87 0.31
438 372.003 118.9 3.03 0.27
439 372.177 41.0 2.94 0.32
440 372.608 30.4 3.05 0.10
441 376.403 56.9 2.99 0.08
442 376.697 44.9 3.06 0.05
443 377.103 35.3 2.96 0.11
444 377.308 50.6 2.96 0.02
445 379.875 50.6 3.31 0.10
446 379.977 54.6 3.23 0.10
447 381.510 30.4 3.04 -0.11
448 381.783 53.5 3.05 -0.09
449 382.861 54.9 3.26 -0.16
450 383.800 22.5 3.13 -0.08
451 384.472 38.4 3.23 -0.16
452 385.039 25.6 3.14 -0.13
453 386.083 23.3 3.21 -0.08
454 386.148 41.0 3.20 -0.06
455 386.213 75.4 3.19 -0.09
456 387.087 64.3 3.14 -0.05
457 390.176 55.2 3.19 -0.13
458 392.313 58.6 3.03 0.05
459 394.733 32.1 3.11 -0.03
460 395.733 25.6 3.22 -0.02
461 396.573 27.3 3.20 0.12
462 397.784 31.3 3.23 -0.00
463 398.143 54.6 3.26 -0.05
464 399.955 31.3 3.21 -0.02
465 401.573 37.8 3.26 0.10
466 403.136 20.2 3.17 -0.09
467 403.543 22.5 3.08 0.14
468 404.119 41.8 3.31 0.15
469 404.321 49.8 3.30 0.15
470 405.761 48.9 3.09 0.17
471 405.942 35.3 3.07 0.13
472 406.028 54.6 3.11 0.10
473 408.823 33.0 3.26 0.01
474 412.253 25.0 3.14 -0.05
475 414.544 44.9 3.11 0.08
476 416.438 71.4 3.31 0.10
477 416.909 44.1 3.36 0.16
478 416.995 54.6 3.23 0.29
479 419.527 67.4 3.16 0.10
480 420.367 33.8 3.03 0.19
481 422.299 57.7 2.92 0.20
482 422.896 50.6 2.99 0.09
483 423.019 43.2 3.05 0.12
484 423.227 36.1 2.95 0.01
485 423.920 38.7 3.01 0.19
486 424.275 57.7 3.06 0.08
487 425.033 26.5 2.92 0.19
488 426.132 54.9 3.26 0.12
489 426.514 55.5 3.15 0.07
490 427.613 28.2 3.06 0.12
491 429.375 49.8 3.08 0.07
492 430.310 50.6 3.13 0.15
493 430.563 53.8 3.20 0.14
494 433.000 39.3 3.08 0.03
495 434.269 25.0 3.20 0.09
496 435.130 41.8 3.03 0.08
497 436.488 55.5 3.00 0.06
498 436.611 21.6 3.11 0.09
499 436.645 21.6 3.02 0.09
500 438.502 63.4 3.09 -0.01
501 438.847 85.0 3.13 -0.10
502 439.191 41.8 3.07 -0.07
503 439.523 62.6 3.13 -0.11
504 439.581 43.8 3.10 -0.11
505 440.308 40.1 3.14 0.08
506 440.393 54.6 3.06 0.09
507 440.891 15.9 3.08 0.05
508 440.956 27.3 3.11 0.04
509 441.226 77.1 3.13 0.01
510 442.758 26.5 3.12 -0.01
511 446.158 35.3 3.23 0.13
512 447.281 52.9 3.29 0.19
513 448.616 55.5 3.24 0.13
514 451.107 50.3 3.05 0.24
515 451.169 53.8 3.22 0.24
516 452.005 26.5 3.11 0.21
517 453.316 66.0 3.10 0.20
518 453.394 27.3 3.18 0.23
519 453.466 60.3 3.10 0.21
520 453.674 98.7 3.11 0.20
521 454.330 56.9 3.11 0.29
522 456.367 68.3 3.18 0.16
523 458.272 45.8 3.19 0.16
524 458.692 46.6 3.16 0.12
525 459.221 44.9 3.10 0.08
526 460.470 68.3 3.18 -0.03
527 460.907 42.7 3.18 0.06
528 461.149 24.2 3.11 0.09
529 461.190 18.5 3.07 0.12
530 461.262 58.6 3.16 0.04
531 462.180 33.0 3.12 -0.01
532 463.331 32.1 3.09 0.06
533 463.675 45.8 3.06 0.04
534 464.341 59.4 3.06 0.02
535 465.068 63.4 3.16 0.05
536 465.235 62.6 3.20 -0.06
537 465.389 51.5 3.13 0.08
538 466.409 45.8 3.03 0.08
539 466.471 49.8 3.10 0.09
540 466.962 18.5 3.10 0.01
541 467.003 39.3 3.04 0.03
542 468.137 31.0 3.32 0.12
543 468.184 22.5 3.18 0.12
544 469.072 45.8 3.09 0.26
545 469.669 49.8 3.09 0.20
546 472.816 53.8 3.09 0.02
547 474.270 39.3 3.20 0.08
548 474.714 59.4 3.24 0.04
549 474.922 77.1 3.24 0.15
550 477.428 43.2 3.29 0.06
551 477.523 37.3 3.28 0.05
552 477.933 66.0 3.19 0.13
553 478.151 58.6 3.22 0.14
554 479.015 35.3 3.10 0.24
555 479.343 31.3 3.16 0.23
556 480.302 64.3 3.14 0.10
557 481.158 68.0 3.14 0.07
558 484.811 38.4 3.16 0.13
559 484.906 45.8 3.10 0.08
560 485.592 58.6 3.15 0.15
561 486.589 32.1 3.04 0.26
562 488.313 29.9 3.06 0.17
563 488.350 29.6 3.15 0.19
564 489.528 44.9 3.05 0.11
565 489.675 25.0 3.14 -0.03
566 491.426 37.8 3.06 -0.07
567 493.416 54.6 3.22 -0.08
568 493.805 81.9 3.17 -0.14
569 494.307 41.2 3.20 -0.25
570 494.870 41.0 3.21 -0.16
571 497.938 65.1 3.03 -0.05
572 499.283 37.0 3.14 -0.15
573 499.621 64.3 3.17 -0.19
574 501.533 51.8 3.18 -0.07
575 501.864 22.5 3.10 0.01
576 502.297 29.0 3.08 -0.02
577 502.434 44.9 3.12 0.02
578 502.608 61.2 3.10 -0.01
579 502.714 63.4 3.15 -0.02
580 503.792 73.1 3.17 -0.08
581 503.997 54.6 3.33 -0.09
582 504.366 56.3 3.25 -0.07
583 504.417 40.1 3.20 -0.07
584 504.649 15.4 3.25 -0.08
585 504.676 14.5 3.25 -0.08
586 505.168 23.3 3.22 0.06
587 508.001 45.8 3.20 0.06
588 508.086 56.9 3.23 0.06
589 508.346 31.3 3.13 -0.04
590 509.062 33.8 3.11 -0.03
591 509.800 48.9 3.20 -0.12
592 510.615 41.0 3.19 -0.11
593 510.827 36.1 3.20 -0.09
594 511.216 54.6 3.16 0.06
595 513.592 44.1 3.13 0.09
596 514.653 35.3 3.13 0.05
597 517.852 48.1 3.15 -0.13
598 518.149 109.2 3.08 -0.04
599 518.374 29.9 3.16 -0.15
600 520.613 50.6 3.22 -0.10
601 521.088 42.7 3.20 -0.06
602 521.603 46.6 3.12 0.03
603 522.781 42.7 3.36 0.02
604 522.849 48.6 3.29 -0.02
605 522.907 32.7 3.30 -0.00
606 525.310 51.2 3.31 0.32
607 525.388 54.6 3.18 0.32
608 526.890 44.9 3.26 0.08
609 527.993 36.1 3.21 0.03
610 528.737 45.8 3.21 0.09
611 529.256 54.6 3.20 0.10
612 531.532 45.8 3.07 0.10
613 531.891 41.0 3.10 0.14
614 532.191 21.6 3.07 -0.02
615 533.215 50.6 3.07 -0.01
616 535.075 29.3 3.08 0.08
617 536.663 27.3 2.97 -0.01
618 537.089 45.8 3.00 -0.00
619 537.919 54.6 2.96 -0.12
620 539.619 59.4 2.85 -0.08
621 539.673 40.7 2.94 -0.08
622 541.793 59.4 3.02 -0.09
623 541.923 27.3 3.00 -0.01
624 542.547 46.6 2.95 0.04
625 544.530 54.6 3.05 -0.15
626 544.670 22.5 3.13 -0.15
627 545.800 41.8 3.01 -0.18
628 546.694 30.2 3.11 -0.11
629 549.538 37.8 3.25 -0.24
630 549.582 25.9 3.21 -0.24
631 549.725 49.8 3.22 -0.13
632 550.712 25.6 3.26 -0.20
633 553.091 27.3 3.17 -0.04
634 553.255 46.6 3.21 0.07
635 554.999 49.8 3.23 0.06
636 555.446 41.0 3.14 0.09
637 555.593 77.9 3.04 0.06
638 556.337 54.6 3.15 -0.02
639 556.842 40.1 3.08 -0.04
640 557.276 60.3 3.17 -0.05
641 557.603 23.3 3.22 -0.10
642 558.177 33.8 3.19 -0.15
643 558.798 86.8 3.14 -0.12
644 559.146 51.5 3.02 -0.15
645 567.058 54.6 3.12 -0.19
646 568.673 50.6 3.10 -0.11
647 569.820 50.6 3.14 0.02
648 571.636 56.9 3.07 0.03
649 572.127 50.6 3.12 0.06
650 572.410 50.6 3.12 0.02
651 573.513 84.2 3.09 0.13
652 573.731 41.8 3.04 0.05
653 574.581 54.6 2.95 -0.02
654 574.766 22.5 2.99 0.09
655 575.756 47.5 2.97 0.06
656 576.049 80.2 2.97 -0.02
657 577.251 34.7 3.06 0.13
658 577.370 48.1 3.04 0.09
659 578.032 54.6 3.07 0.23
660 578.630 44.9 3.05 0.22
661 580.169 37.0 3.06 0.19
662 580.749 67.4 3.08 0.21
663 581.135 53.8 3.10 0.19
664 582.538 26.2 2.97 0.07
665 583.009 49.8 3.15 0.05
666 583.432 35.3 3.11 0.02
667 583.470 26.7 3.14 0.02
668 583.951 35.3 3.17 0.16
669 583.992 37.8 3.16 0.16
670 584.917 45.8 3.14 -0.05
671 585.012 44.9 3.06 0.00
672 585.576 45.8 3.00 0.08
673 587.327 29.9 3.26 0.15
674 587.675 30.4 3.21 0.08
675 587.846 57.7 3.28 0.07
676 588.194 58.0 3.29 0.09
677 590.668 8.8 3.20 0.26
678 590.778 58.6 3.14 0.16
679 591.938 54.6 3.11 0.16
680 592.450 68.3 3.11 0.27
681 593.129 41.8 3.09 0.14
682 593.187 53.8 3.10 0.13
683 593.751 33.0 3.07 0.14
684 594.181 59.4 3.11 0.05
685 594.611 26.5 2.97 0.07
686 595.307 51.5 3.01 0.10
687 596.044 26.5 3.00 -0.03
688 596.468 35.3 3.02 0.07
689 597.748 37.0 3.15 -0.02
690 597.966 44.9 3.04 -0.07
691 598.086 32.1 3.12 -0.00
692 598.348 43.2 3.01 0.15
693 598.683 52.9 3.10 0.08
694 599.181 59.4 3.12 0.07
695 599.249 52.9 3.06 0.05
696 599.912 53.8 3.20 -0.19
697 600.721 48.1 3.18 -0.16
698 601.335 49.8 3.27 -0.15
699 603.318 61.7 3.23 -0.06
700 603.700 59.4 3.22 -0.01
701 603.916 44.1 3.10 0.03
702 604.342 59.4 3.15 0.13
703 607.489 63.4 3.06 -0.02
704 609.623 30.7 3.20 -0.04
705 610.896 66.0 3.17 -0.04
706 611.718 23.3 3.28 -0.07
707 611.749 24.2 3.28 -0.07
708 611.855 45.2 3.26 -0.07
709 612.063 50.6 3.31 -0.07
710 612.599 67.4 3.22 -0.10
711 614.893 24.7 3.19 -0.11
712 617.395 44.9 3.16 0.18
713 617.927 32.1 3.15 0.17
714 619.542 48.9 3.14 0.14
715 622.013 42.7 3.09 -0.07
716 623.057 22.5 3.30 0.09
717 623.819 68.3 3.18 -0.00
718 626.102 48.1 3.14 0.01
719 626.816 35.8 3.03 0.16
720 627.095 33.0 2.98 -0.02
721 627.935 42.1 3.22 0.11
722 628.515 40.4 3.14 0.08
723 628.560 62.6 3.17 0.08
724 628.730 54.6 3.13 0.09
725 629.058 90.7 3.20 0.03
726 629.481 44.1 3.16 0.03
727 630.096 47.5 3.17 0.01
728 630.171 49.8 3.24 -0.03
729 630.526 41.0 3.34 0.04
730 630.645 52.1 3.19 0.07
731 630.925 43.2 3.20 0.08
732 631.748 19.3 3.27 0.08
733 631.768 15.1 3.28 0.08
734 635.202 22.5 3.34 -0.00
735 636.810 44.9 3.21 0.23
736 637.114 102.1 3.22 0.26
737 637.875 36.1 3.29 0.05
738 638.848 54.3 3.28 0.13
739 640.984 57.7 3.24 0.18
740 641.882 54.6 3.15 0.09
741 641.995 19.6 3.15 0.09
742 642.548 38.4 3.19 0.17
743 645.473 58.6 3.32 0.09
744 645.859 36.7 3.29 0.18
745 646.343 45.8 3.24 0.14
746 647.108 46.6 3.12 0.16
747 648.401 44.1 3.11 0.12
748 649.712 68.3 3.19 0.03
749 649.951 58.6 3.29 -0.04
750 650.306 78.8 3.18 -0.14
751 653.184 44.7 3.16 -0.00
752 653.238 37.5 3.24 0.01
753 653.337 39.5 3.19 -0.04
754 653.419 55.2 3.23 0.02
755 654.184 50.6 3.09 -0.03
756 654.665 29.9 3.11 -0.03
757 655.242 26.5 3.22 0.01
758 655.962 59.4 3.21 -0.07
759 656.204 42.7 3.22 0.03
760 656.262 41.0 3.20 -0.00
761 656.890 37.0 3.21 -0.03
762 657.505 35.3 3.23 0.03
763 658.867 32.1 3.39 0.19
764 659.351 32.1 3.35 0.07
765 661.106 58.6 3.45 -0.04
766 661.399 44.1 3.37 -0.05
767 661.737 54.6 3.34 -0.09
768 662.557 46.6 3.33 -0.08
769 662.963 49.8 3.24 0.07
770 663.096 46.6 3.25 0.15
771 663.936 40.1 3.32 0.15
772 664.328 32.1 3.18 0.08
773 665.287 65.7 3.22 0.01
774 666.168 85.9 3.20 -0.09
775 666.294 79.1 3.17 -0.09
776 666.362 52.9 3.19 -0.10
777 666.953 48.6 3.07 -0.09
778 667.171 43.8 2.97 -0.06
779 667.601 39.3 3.14 -0.15
780 667.793 54.6 3.26 -0.12
781 668.192 100.4 3.28 -0.10
782 668.393 48.9 3.26 -0.12
783 670.158 36.1 3.25 -0.04
784 670.766 68.3 3.14 -0.17
785 670.868 38.7 3.20 -0.08
786 671.114 32.1 3.20 -0.17
787 671.414 54.6 3.19 -0.12
788 672.254 62.6 3.22 -0.09
789 673.196 64.3 3.14 0.11
790 674.152 41.8 3.16 -0.04
791 674.421 46.6 3.25 -0.03
792 674.650 69.1 3.23 0.01
793 675.247 17.6 3.24 -0.12
794 676.507 52.9 3.12 -0.03
795 676.719 53.8 3.06 -0.02
796 677.415 25.6 3.17 -0.03
797 678.012 59.4 3.10 0.05
798 678.149 74.8 3.07 -0.01
799 679.978 49.8 3.18 -0.02
800 680.931 49.8 3.15 -0.21
801 681.108 41.8 3.30 0.03
802 682.880 23.3 3.31 -0.06
803 683.344 64.3 3.33 -0.01
804 683.579 58.6 3.30 0.11
805 685.521 52.1 3.30 0.03
806 686.385 71.4 3.26 0.03
807 686.979 54.6 3.20 0.07
808 687.098 47.5 3.19 0.00
809 687.569 50.6 3.15 0.03
810 687.890 54.6 3.15 -0.01
811 689.136 72.2 3.24 -0.02
812 690.078 73.1 3.21 -0.09
813 690.392 68.3 3.28 -0.21
814 692.737 26.5 3.15 0.04
815 692.840 45.8 3.27 -0.00
816 692.908 58.6 3.19 0.05
817 693.819 93.3 3.23 0.16
818 695.649 60.3 3.36 -0.08
819 698.434 63.4 3.21 0.02
820 698.796 46.6 3.11 -0.02
821 700.680 37.8 3.31 -0.10
822 705.042 37.8 3.45 0.08
823 705.240 38.7 3.25 0.08
824 706.005 19.3 3.19 0.12
825 706.029 20.8 3.35 0.12
826 708.131 41.0 3.33 0.16
827 708.299 47.5 3.25 0.29
828 708.616 51.5 3.20 0.24
829 709.289 15.4 3.03 0.23
830 709.329 32.4 3.19 0.37
831 712.320 73.1 3.14 0.17
832 712.852 54.6 3.08 0.14
833 712.982 59.4 3.17 0.05
834 715.480 44.9 3.28 0.21
835 715.661 55.5 3.29 0.18
836 716.125 38.4 3.10 0.19
837 717.037 54.6 3.21 0.29
838 719.211 31.3 3.28 0.38
839 719.979 45.8 3.16 0.22
840 725.212 41.0 3.19 0.37
841 725.884 64.3 3.25 0.30
842 728.362 55.2 3.22 0.10
843 729.181 41.8 3.23 0.17
844 729.656 60.3 3.17 0.05
845 731.199 60.3 3.28 0.02
846 731.687 35.3 3.22 0.04
847 732.021 73.1 3.08 0.12
848 732.762 25.6 3.09 -0.11
849 732.933 48.1 2.97 -0.03
850 735.141 15.4 3.15 -0.10
851 735.650 65.7 3.17 -0.10
852 737.018 63.4 3.02 -0.01
853 738.421 17.6 3.15 -0.01
854 738.708 36.1 3.24 0.04
855 738.814 35.3 3.25 0.05
856 738.978 42.7 3.15 0.08
857 739.210 44.9 3.43 0.12
858 739.288 47.5 3.31 0.16
859 739.343 40.1 3.34 0.08
860 740.852 40.1 3.35 0.07
861 741.132 28.2 3.46 0.03
862 741.862 48.1 3.39 0.27
863 744.716 37.0 3.26 0.23
864 744.815 33.0 3.21 0.14
865 745.053 43.2 3.21 0.05
866 747.849 62.6 3.18 0.32
867 749.081 44.9 3.04 0.25
868 749.160 46.6 3.07 0.26
869 749.545 53.5 3.05 0.20
870 751.679 39.3 3.02 0.18
871 752.498 45.8 3.15 0.14
872 752.652 42.7 3.00 0.20
873 753.508 64.3 3.15 0.33
874 753.594 25.6 3.07 0.27
875 754.505 43.5 2.88 0.31
876 755.147 44.1 2.92 0.24
877 755.341 76.2 3.14 0.06
878 755.498 64.3 3.12 0.19
879 756.079 41.0 3.13 0.17
880 757.625 41.0 2.98 0.32
881 757.669 32.4 2.99 0.32
882 758.929 54.6 2.98 -0.04
883 759.424 59.4 2.96 0.20
884 759.594 54.6 2.96 0.23
885 762.861 59.4 2.94 0.31
886 764.305 104.4 3.03 0.28
887 764.410 22.5 3.06 0.19
888 764.445 16.8 3.09 0.20
889 764.612 48.9 3.13 0.25
890 766.192 24.2 3.20 0.06
891 766.936 48.1 3.24 0.09
892 767.479 25.6 3.17 0.01
893 767.558 73.1 3.18 0.04
894 767.704 32.1 3.17 -0.01
895 767.916 35.3 3.08 -0.03
896 767.957 29.3 3.24 -0.03
897 769.029 87.6 3.09 0.15
898 769.121 37.0 3.11 0.16
899 769.322 41.8 3.16 0.15
900 769.524 41.0 3.13 0.10
901 771.514 18.5 3.10 0.06
902 771.705 38.7 3.30 -0.02
903 772.288 41.0 3.24 -0.04
904 773.425 56.9 3.18 -0.07
905 775.432 56.9 3.20 -0.26
906 775.565 64.3 3.31 -0.26
907 778.675 20.8 3.10 -0.18
908 779.248 25.0 3.23 -0.16
909 779.849 62.0 3.16 -0.34
910 782.402 30.4 3.10 -0.11
911 782.436 26.5 3.05 -0.07
912 782.907 32.1 3.11 -0.12
913 783.563 77.9 3.17 -0.08
914 784.068 50.6 3.17 -0.04
915 784.631 48.9 3.24 -0.06
916 785.201 87.6 3.15 -0.10
917 785.263 44.7 3.21 -0.19
918 786.106 60.3 3.01 -0.20
919 788.369 58.6 3.07 -0.15
920 788.567 52.3 3.08 -0.15
921 789.594 30.4 3.08 -0.26
922 791.680 59.4 2.96 -0.28
923 792.792 42.7 3.25 -0.08
924 793.048 54.6 3.08 -0.09
925 793.922 46.6 3.23 0.01
926 794.936 59.4 3.03 -0.07
927 794.991 39.8 2.98 -0.07
928 796.349 36.7 2.96 -0.06
929 796.376 44.4 3.07 -0.06
930 796.953 61.7 3.07 -0.09
931 797.431 64.3 3.10 -0.04
932 798.349 45.8 3.05 -0.15
933 798.684 54.6 3.00 -0.10
934 798.803 22.5 3.03 -0.18
935 799.278 44.9 3.01 -0.12
936 800.855 69.1 3.20 -0.05
937 803.060 41.0 3.23 -0.02
938 803.551 22.5 3.31 -0.01
939 803.927 74.8 3.19 -0.02
940 804.346 41.8 3.27 0.01
941 804.913 37.0 3.21 0.02
942 805.753 28.2 3.18 0.12
943 805.859 45.8 3.19 0.12
944 806.057 23.3 3.18 0.07
945 806.295 50.6 3.19 0.17
946 806.384 30.4 3.31 0.02
947 807.299 56.9 3.22 0.01
948 811.095 35.3 3.31 -0.01
949 811.156 25.9 3.30 -0.01
950 811.183 19.6 3.28 -0.01
951 811.968 49.8 3.31 0.02
952 812.812 37.8 3.32 0.02
953 812.856 35.3 3.38 0.02
954 813.327 46.1 3.29 0.04
955 813.501 23.3 3.34 0.16
956 813.528 11.1 3.31 0.15
957 813.914 25.0 3.26 0.08
958 813.948 26.2 3.29 0.09
959 815.621 29.0 3.27 0.15
960 816.914 22.2 3.21 0.07
961 817.368 30.4 3.25 0.01
962 817.836 35.0 3.24 0.04
963 819.027 32.1 3.12 -0.18
964 820.031 41.0 3.14 -0.11
965 820.751 45.8 3.03 -0.19
966 823.799 50.6 3.08 0.02
967 824.260 31.3 3.17 -0.04
968 825.557 31.3 3.19 0.02
969 825.683 36.1 3.20 -0.02
970 826.052 54.6 3.18 -0.01
971 826.420 45.8 3.31 0.07
972 826.919 27.3 3.26 0.04
973 827.011 31.3 3.19 0.03
974 827.718 43.2 3.31 0.06
975 827.936 54.6 3.16 0.01
976 828.957 61.2 3.05 -0.03
977 829.011 35.3 3.07 -0.01
978 829.953 42.7 3.26 -0.13
979 833.827 32.1 3.14 -0.11
980 835.537 65.7 3.24 0.02
981 837.200 64.3 3.07 0.06
982 837.343 32.1 3.16 -0.02
983 837.664 31.9 3.18 0.04
984 838.203 28.2 3.17 0.06
985 840.852 45.8 3.04 0.01
986 841.258 58.6 2.95 -0.05
987 841.886 63.4 3.22 -0.07
988 842.214 55.8 2.97 -0.04
989 842.351 37.0 3.05 -0.01
990 842.842 63.4 2.92 -0.02
991 843.887 41.8 3.01 -0.08
992 846.276 58.6 3.19 -0.02
993 846.542 54.6 3.16 -0.01
994 847.477 29.9 3.11 0.16
995 847.699 38.7 3.13 0.09
996 848.757 54.6 2.98 0.04
997 848.962 50.6 2.99 0.05
998 849.539 59.4 3.08 -0.03
999 850.338 19.3 3.11 -0.19
1000 850.508 48.9 3.08 -0.15
1001 850.901 54.6 3.00 -0.22
1002 853.498 30.4 3.22 0.02
1003 853.700 53.8 3.19 -0.08
1004 855.069 24.2 3.00 0.01
1005 855.690 53.8 3.11 -0.10
1006 855.949 54.6 2.97 -0.04
1007 857.898 54.6 3.09 0.05
1008 857.984 54.6 3.10 0.05
1009 858.240 34.4 3.16 0.11
1010 858.779 32.1 3.14 0.01
1011 860.257 59.4 3.09 -0.10
1012 862.377 49.8 3.29 -0.06
1013 865.295 7.1 3.20 -0.17
1014 866.008 54.6 3.12 -0.05
1015 866.442 29.0 3.20 -0.11
1016 866.466 11.9 2.95 -0.13
1017 869.862 58.6 3.07 -0.20
1018 869.947 58.6 3.15 -0.12
1019 870.149 49.8 2.98 -0.16
1020 870.186 64.3 3.11 -0.10
1021 870.985 50.6 3.06 -0.18
1022 873.210 25.6 3.20 0.06
1023 875.709 26.5 3.16 -0.04
1024 876.661 47.5 3.10 0.00
1025 877.610 33.8 3.20 -0.03
1026 877.644 25.3 3.30 -0.03
1027 878.276 54.6 3.19 -0.07
1028 878.385 67.4 3.21 0.00
1029 880.095 47.5 3.15 -0.04
1030 880.843 56.9 3.06 -0.05
1031 881.505 63.4 3.09 0.02
1032 881.713 61.2 3.10 0.02
1033 882.160 69.1 3.17 0.03
1034 882.413 68.3 3.05 0.07
1035 883.218 58.6 3.00 0.10
1036 883.396 50.6 3.04 0.06
1037 883.676 56.3 3.10 0.11
1038 885.498 54.6 3.03 -0.01
1039 885.673 63.4 2.98 0.01
1040 888.512 41.8 3.08 -0.12
1041 888.690 73.1 3.09 -0.05
1042 888.983 54.6 3.16 0.01
1043 889.656 49.8 3.10 0.02
1044 892.015 68.3 3.37 -0.08
1045 893.284 58.6 3.07 0.18
1046 894.615 38.4 3.28 0.13
1047 895.295 46.9 3.37 0.03
1048 895.721 54.6 3.34 0.05
1049 896.059 52.3 3.40 0.03
1050 896.117 23.3 3.36 0.09
1051 896.145 19.3 3.16 0.09
1052 896.472 58.6 3.35 0.04
1053 896.616 64.3 3.34 0.03
1054 898.356 16.8 3.21 0.06
1055 898.773 44.1 3.11 0.13
1056 900.831 45.8 3.26 0.28
1057 903.685 45.8 3.27 0.24
1058 903.961 37.0 3.13 0.15
1059 903.995 8.0 3.16 0.18
1060 904.330 12.8 3.13 0.14
1061 905.794 49.8 3.20 0.26
1062 906.176 39.3 3.08 0.23
1063 908.535 55.5 2.92 0.36
1064 908.596 42.7 2.94 0.31
1065 909.385 64.3 3.17 0.09
1066 909.952 63.4 3.12 0.07
1067 911.426 33.0 3.16 -0.11
1068 911.774 56.6 3.10 -0.10
1069 911.986 49.8 3.14 -0.12
1070 914.966 45.8 3.04 -0.13
1071 915.843 44.9 3.17 -0.09
1072 916.529 39.3 3.16 0.03
1073 917.277 64.3 3.34 -0.19
1074 917.785 72.2 3.31 -0.17
1075 918.225 50.6 3.31 -0.16
1076 918.287 23.3 3.19 -0.10
1077 918.850 60.3 3.27 -0.06
1078 918.895 8.8 3.31 -0.06
1079 919.277 50.6 3.21 -0.01
1080 920.335 53.8 3.31 -0.03
1081 920.400 49.8 3.27 -0.10
1082 922.960 31.3 3.20 0.02
1083 923.113 34.7 3.20 0.01
1084 923.799 44.9 3.31 0.04
1085 925.001 25.6 3.12 -0.16
1086 925.376 26.5 3.21 -0.22
1087 927.418 49.8 3.01 -0.17
1088 929.029 46.1 3.20 -0.22
1089 931.995 59.4 3.04 -0.03
1090 933.469 63.4 2.95 0.11
1091 934.360 45.8 3.12 0.01
1092 938.490 21.6 3.07 -0.06
1093 938.525 27.3 3.17 -0.02
1094 940.405 49.8 3.17 -0.00
1095 944.918 51.5 3.01 0.17
1096 945.177 50.6 2.92 0.20
1097 945.450 45.8 3.09 0.24
1098 945.747 63.4 3.11 0.15
1099 946.365 29.6 2.98 0.29
1100 946.594 33.8 3.01 0.29
1101 946.945 37.8 2.95 0.12
1102 946.986 8.8 2.97 0.13
1103 947.433 49.8 2.82 0.17
1104 947.788 28.2 2.96 0.01
1105 952.745 48.9 3.20 0.12
1106 952.867 62.6 3.26 0.07
1107 952.953 45.8 3.34 0.12
1108 954.202 32.7 3.18 -0.03
1109 955.267 24.2 3.38 0.15
1110 955.335 23.3 3.43 0.15
1111 955.373 32.7 3.38 0.17
1112 956.871 12.8 3.20 0.12
1113 958.025 40.1 3.20 0.10
1114 958.189 42.7 3.12 0.21
1115 959.646 28.2 3.31 0.12
1116 960.114 50.6 3.40 0.23
1117 960.227 41.0 3.38 0.20
1118 960.783 50.6 3.39 0.06
1119 962.688 61.7 3.25 0.01
1120 963.377 53.8 3.10 0.06
1121 963.797 54.6 3.04 -0.05
1122 964.316 37.0 3.22 -0.17
1123 964.428 33.8 3.16 -0.13
1124 965.930 50.6 3.32 0.07
1125 966.323 23.3 3.37 -0.11
1126 966.582 45.8 3.23 -0.01
1127 968.688 37.0 3.28 0.22
1128 969.156 29.0 3.26 -0.24
1129 969.187 20.5 3.25 -0.24
1130 969.972 31.0 3.22 -0.10
1131 970.402 59.4 3.20 -0.13
1132 971.354 28.2 3.18 -0.15
1133 971.596 45.8 3.08 -0.23
1134 972.368 25.0 3.12 -0.15
1135 972.416 37.8 2.96 -0.15
1136 973.975 41.8 3.35 -0.01
1137 974.030 44.9 3.30 -0.06
1138 974.610 44.9 3.31 -0.06
1139 975.628 51.5 3.21 -0.18
1140 976.525 26.5 3.18 -0.03
1141 976.751 49.8 3.19 0.03
1142 976.884 25.6 3.16 -0.02
1143 976.945 33.8 3.20 -0.06
1144 977.413 49.8 3.21 0.01
1145 977.662 50.6 3.30 -0.05
1146 977.771 52.9 3.30 -0.14
1147 977.952 44.9 3.20 -0.10
1148 979.918 36.1 3.41 -0.15
1149 980.369 52.3 3.34 -0.12
1150 981.847 27.3 3.34 -0.09
1151 981.888 34.4 3.30 -0.09
1152 982.799 54.6 3.25 0.12
1153 983.550 37.8 3.09 0.07
1154 983.792 37.0 3.08 0.05
1155 984.076 37.0 3.03 0.13
1156 985.304 100.4 3.16 0.05
1157 986.840 114.1 3.25 -0.04
1158 987.165 49.8 3.22 0.09
1159 987.963 73.1 3.32 -0.03
1160 989.001 86.8 3.22 -0.09
1161 990.673 51.5 3.24 0.03
1162 992.636 45.8 3.31 0.03
1163 992.947 38.1 3.19 -0.00
1164 993.053 20.2 3.18 -0.01
1165 994.978 54.6 3.25 -0.14
1166 995.159 69.1 3.28 -0.10
1167 995.555 43.5 3.28 -0.09
1168 997.534 63.4 3.08 -0.08
1169 998.572 24.2 3.06 -0.09
1170 998.794 32.1 3.07 -0.09
1171 999.524 45.8 3.06 -0.06
1172 1000.446 48.9 3.16 -0.12
1173 1005.511 42.7 3.15 -0.05
1174 1006.378 47.5 3.20 -0.03
1175 1006.685 45.8 3.17 -0.09
1176 1007.296 42.7 3.05 -0.05
1177 1007.863 52.1 3.07 -0.12
1178 1007.935 54.6 3.19 -0.09
1179 1008.474 71.1 3.07 -0.11
1180 1008.931 54.6 3.13 -0.14
1181 1009.297 22.5 3.10 -0.10
1182 1009.843 49.8 3.00 -0.14
1183 1012.003 49.8 3.04 -0.22
1184 1013.754 54.6 3.05 -0.12
1185 1013.843 52.1 3.05 -0.12
1186 1014.953 54.6 2.96 -0.18
1187 1015.116 43.0 2.97 -0.17
1188 1015.512 22.5 2.94 -0.13
1189 1016.215 55.5 3.03 -0.13
1190 1016.263 18.5 2.98 -0.07
1191 1019.305 59.7 3.06 -0.22
1192 1019.373 61.4 2.95 -0.22
1193 1019.786 39.3 2.97 -0.20
1194 1020.475 43.2 3.07 -0.08
1195 1020.980 37.8 3.01 -0.14
1196 1024.278 20.2 2.80 0.00
1197 1024.326 30.4 2.97 -0.03
1198 1025.230 31.3 2.90 0.00
1199 1026.227 47.5 2.92 -0.13
1200 1028.258 50.6 2.68 -0.16
1201 1029.442 128.6 2.93 -0.10
1202 1029.527 22.5 2.80 -0.12
1203 1029.801 36.1 2.88 -0.11
1204 1031.866 26.5 2.88 -0.11
1205 1032.982 68.3 2.86 -0.22
1206 1034.026 44.1 2.78 -0.10
1207 1034.617 46.6 2.90 -0.09
1208 1034.863 75.4 2.85 -0.25
1209 1035.818 45.8 2.84 -0.07
1210 1035.890 58.6 2.87 -0.18
1211 1037.450 32.1 2.86 -0.08
1212 1038.351 34.4 2.80 -0.07
1213 1038.447 43.0 2.80 -0.07
1214 1038.672 31.3 2.81 -0.11
1215 1039.942 73.1 2.91 -0.05
1216 1040.170 39.3 2.99 -0.20
1217 1040.365 62.6 2.88 -0.16
1218 1040.593 58.6 2.92 -0.10
1219 1041.505 41.8 2.96 -0.08
1220 1042.655 90.7 3.08 -0.02
1221 1042.990 45.8 2.97 -0.05
1222 1047.290 50.6 3.12 -0.03
1223 1048.082 58.6 3.27 0.02
1224 1049.134 48.1 3.20 0.07
1225 1049.799 44.9 3.23 0.04
1226 1050.342 44.9 3.10 0.02
1227 1052.274 68.3 2.97 -0.08
1228 1053.551 44.9 2.77 -0.22
1229 1053.660 72.2 2.97 -0.06
1230 1057.442 42.7 3.23 -0.08
1231 1058.418 45.8 3.08 0.06
1232 1058.995 40.1 3.05 -0.02
1233 1059.070 50.6 3.06 0.03
1234 1060.207 44.9 3.10 0.12
1235 1060.449 45.8 3.08 0.12
1236 1060.882 23.6 3.04 0.04
1237 1060.916 31.9 3.06 0.11
1238 1061.831 21.6 3.07 0.02
1239 1061.876 44.9 3.03 0.02
1240 1061.999 52.1 3.12 0.09
1241 1063.524 23.3 3.16 -0.03
1242 1064.818 53.8 3.25 -0.06
1243 1065.292 46.6 3.27 -0.11
1244 1065.873 25.6 3.20 -0.07
1245 1066.112 59.4 3.15 -0.05
1246 1067.013 77.1 3.22 0.12
1247 1067.323 41.0 3.15 0.09
1248 1067.931 66.6 3.21 0.00
1249 1068.989 68.3 3.13 0.07
1250 1069.071 48.1 3.07 0.06
1251 1069.149 33.8 3.17 0.02
1252 1069.491 56.9 3.12 -0.02
1253 1069.825 43.2 3.13 -0.06
1254 1070.545 49.8 3.10 0.03
1255 1071.675 41.8 3.11 -0.14
1256 1073.846 50.6 3.05 -0.02
1257 1073.996 69.1 3.07 -0.06
1258 1074.385 59.4 3.15 -0.04
1259 1075.068 41.0 3.08 -0.02
1260 1076.297 49.8 3.02 0.03
1261 1077.021 72.2 3.10 0.04
1262 1077.741 17.6 3.10 0.07
1263 1077.768 17.6 3.09 0.03
1264 1077.812 32.1 3.23 -0.01
1265 1077.847 22.5 3.31 -0.02
1266 1078.642 29.9 3.31 0.05
1267 1078.679 30.4 3.11 0.05
1268 1078.857 50.6 3.18 0.04
1269 1080.734 38.7 3.07 -0.09
1270 1081.407 63.4 3.09 -0.05
1271 1083.523 48.1 3.14 0.11
1272 1083.745 52.3 3.18 0.01
1273 1084.974 63.4 3.18 -0.02
1274 1085.390 29.0 3.25 -0.16
1275 1085.428 24.7 3.12 -0.18
1276 1085.807 81.9 3.12 -0.11
1277 1086.063 34.4 3.13 -0.14
1278 1086.254 62.6 3.14 -0.09
1279 1087.349 50.6 3.21 -0.02
1280 1088.653 53.8 3.02 -0.02
1281 1089.169 54.3 2.96 -0.16
1282 1089.961 32.1 3.22 -0.26
1283 1090.541 57.7 3.08 -0.02
1284 1090.677 60.3 3.18 0.07
1285 1090.735 40.7 3.15 0.07
1286 1090.865 64.3 3.14 0.01
1287 1091.305 54.6 3.12 0.08
1288 1092.374 50.6 3.15 -0.00
1289 1095.012 41.8 3.16 -0.05
1290 1095.616 72.2 3.11 -0.08
1291 1097.374 41.0 3.17 -0.01
1292 1098.740 49.8 3.08 -0.01
1293 1099.084 45.8 3.02 -0.01
1294 1099.904 60.3 2.94 -0.02
1295 1099.972 54.0 2.94 -0.13
1296 1100.603 54.6 2.91 -0.02
1297 1101.136 57.7 2.81 -0.12
1298 1101.689 41.0 2.98 0.02
1299 1102.064 21.6 3.09 0.07
1300 1102.498 52.9 3.12 0.19
1301 1103.546 41.0 3.17 0.21
1302 1104.136 64.3 3.13 0.14
1303 1105.870 49.8 3.12 0.06
1304 1106.379 57.7 3.06 0.17
1305 1110.717 44.9 3.25 -0.04
1306 1111.331 31.3 3.30 0.14
1307 1111.796 44.9 3.23 0.10
1308 1112.110 68.3 3.33 0.16
1309 1112.861 77.1 2.97 0.25
1310 1113.328 30.4 3.04 0.30
1311 1113.734 34.4 3.06 0.22
1312 1115.366 93.9 2.85 0.16
1313 1115.499 46.6 2.97 0.25
1314 1115.970 41.8 2.99 0.10
1315 1118.493 60.3 2.98 0.01
1316 1119.110 41.0 2.97 0.25
1317 1120.865 51.2 3.14 0.16
1318 1122.397 15.4 2.99 0.20
1319 1124.299 41.5 2.91 0.31
1320 1125.947 58.6 3.26 0.01
1321 1127.091 40.1 3.03 -0.01
1322 1127.988 59.4 3.14 0.01
1323 1128.644 12.8 3.06 -0.08
1324 1130.975 40.1 2.86 -0.14
1325 1131.016 20.8 2.95 -0.17
1326 1131.740 41.8 2.86 -0.01
1327 1132.600 76.2 2.90 0.22
1328 1133.037 28.7 2.82 0.06
1329 1133.190 29.6 2.87 0.04
1330 1134.388 41.8 2.82 0.01
1331 1134.849 29.0 2.82 0.01
1332 1135.092 31.3 2.79 0.02
1333 1135.259 35.3 2.75 -0.00
1334 1135.832 81.9 2.77 0.05
1335 1136.112 44.9 2.86 -0.04
1336 1136.477 41.8 2.79 0.11
1337 1136.662 28.2 2.77 0.12
1338 1137.464 68.3 2.93 0.04
1339 1137.696 104.4 2.88 0.00
1340 1138.109 31.3 2.79 0.14
1341 1138.819 37.8 2.87 0.15
1342 1139.567 54.6 2.89 0.11
1343 1140.782 54.6 2.91 0.16
1344 1141.065 41.8 2.96 0.30
1345 1141.932 82.8 2.82 -0.04
1346 1143.430 44.9 2.81 0.04
1347 1143.581 39.5 2.77 0.05
1348 1144.021 46.6 2.81 -0.07
1349 1146.042 37.0 2.89 -0.05
1350 1146.345 50.6 2.86 -0.04
1351 1146.813 48.1 3.01 -0.02
1352 1149.052 44.1 3.08 -0.10
1353 1150.513 26.5 3.04 -0.15
1354 1150.848 73.1 3.03 -0.10
1355 1151.216 51.5 3.17 -0.12
1356 1151.500 54.6 3.10 -0.18
1357 1152.367 25.6 3.20 -0.01
1358 1152.629 47.5 3.32 -0.01
1359 1153.739 107.5 3.25 -0.12
1360 1154.592 48.9 3.09 0.04
1361 1154.954 27.3 3.18 0.02
1362 1155.312 54.6 3.25 0.05
1363 1155.520 58.6 3.24 -0.11
1364 1156.787 23.3 3.10 0.01
1365 1157.640 24.7 3.27 0.09
1366 1158.313 57.2 3.30 0.01
1367 1158.490 56.9 3.34 0.01
1368 1158.708 44.9 3.26 0.02
1369 1159.828 33.0 3.33 0.05
1370 1161.374 23.3 3.26 0.11
1371 1161.408 30.4 3.34 0.07
1372 1164.327 54.6 3.22 0.04
1373 1164.477 58.6 3.24 0.01
1374 1165.344 37.3 3.26 -0.04
1375 1165.603 59.4 3.19 0.02
1376 1168.996 41.8 3.16 -0.03
1377 1169.041 17.6 3.22 -0.04
1378 1169.126 54.6 3.12 0.03
1379 1169.372 44.9 3.14 -0.03
1380 1169.467 38.7 3.14 -0.11
1381 1169.792 34.4 3.19 -0.10
1382 1170.194 50.6 3.07 -0.15
1383 1171.034 74.8 3.20 -0.04
1384 1171.539 57.5 3.26 -0.00
1385 1173.884 77.9 3.30 -0.03
1386 1174.567 54.6 3.31 0.03
1387 1174.990 52.9 3.11 0.03
1388 1177.062 19.9 3.18 0.17
1389 1179.342 50.6 3.17 -0.05
1390 1180.223 14.5 3.15 0.18
1391 1180.264 30.4 3.15 0.19
1392 1180.431 52.9 3.19 0.23
1393 1180.861 48.9 3.25 0.21
1394 1181.025 48.1 3.16 0.13
1395 1181.868 73.1 3.14 0.07
1396 1182.308 21.6 3.19 0.05
1397 1182.493 59.4 3.21 -0.03
1398 1183.295 33.8 3.11 -0.02
1399 1184.247 32.1 2.99 -0.01
1400 1184.367 34.4 3.06 0.05
1401 1188.247 54.6 3.13 -0.01
1402 1188.695 44.9 3.28 0.02
1403 1189.862 52.1 3.22 -0.05
1404 1190.439 80.2 3.29 0.01
1405 1191.101 54.6 3.30 0.06
1406 1192.787 41.2 3.25 -0.11
1407 1192.818 24.5 3.15 0.00
1408 1192.975 41.5 3.31 -0.09
1409 1193.006 45.8 3.25 -0.09
1410 1195.231 29.0 3.15 -0.10
1411 1196.057 34.1 3.12 -0.04
1412 1200.331 56.9 3.09 0.20
1413 1202.174 52.3 3.15 -0.09
1414 1202.379 54.6 3.15 -0.05
1415 1203.000 38.7 3.10 -0.21
1416 1203.962 36.1 3.12 -0.06
1417 1204.014 51.5 3.21 -0.10
1418 1204.109 51.5 3.02 -0.08
1419 1204.263 24.2 3.08 -0.15
1420 1204.778 37.8 3.04 -0.16
1421 1204.809 11.9 3.03 -0.17
1422 1205.290 37.0 3.01 -0.16
1423 1205.840 44.1 2.97 -0.22
1424 1206.744 35.3 2.98 -0.01
1425 1208.680 59.4 3.10 0.02
1426 1209.615 54.6 3.05 -0.07
1427 1209.908 99.6 2.98 0.03
1428 1211.537 45.8 2.98 -0.03
1429 1213.619 44.9 2.91 -0.04
1430 1213.895 29.6 3.06 -0.07
1431 1213.981 71.4 2.94 -0.08
1432 1214.380 85.9 3.00 0.00
1433 1214.871 40.1 3.07 -0.03
1434 1215.001 38.7 3.15 -0.03
1435 1215.244 54.6 3.17 0.00
1436 1215.674 54.6 3.16 -0.06
1437 1216.066 49.8 3.09 0.01
1438 1218.363 42.7 3.11 0.05
1439 1218.715 39.3 3.08 -0.05
1440 1222.657 46.6 3.06 0.04
1441 1222.814 18.5 3.01 -0.12
1442 1223.804 36.1 2.95 -0.01
1443 1224.241 41.8 3.15 0.03
1444 1226.552 49.8 3.09 0.07
1445 1227.429 38.4 3.05 0.05
1446 1227.627 46.6 2.96 0.15
1447 1228.091 34.4 3.00 0.37
1448 1228.487 41.0 3.06 0.15
1449 1228.535 33.3 3.12 0.15
1450 1229.569 36.1 3.02 0.00
1451 1229.887 44.9 3.02 0.07
1452 1230.860 26.5 3.01 0.08
1453 1231.358 72.2 3.05 0.07
1454 1233.525 41.0 3.08 -0.04
1455 1234.037 45.8 3.25 0.00
1456 1236.522 31.6 3.09 0.10
1457 1238.502 53.8 3.19 0.12
1458 1238.628 52.9 3.22 0.10
1459 1238.895 37.8 3.08 0.01
1460 1239.338 46.6 3.20 0.05
1461 1240.762 94.7 3.20 0.12
1462 1241.018 58.6 3.26 0.16
1463 1241.571 60.3 3.32 0.19
1464 1241.687 61.2 3.41 0.19
1465 1242.977 45.8 3.18 0.04
1466 1243.120 27.3 3.07 0.10
1467 1244.076 54.6 3.02 0.10
1468 1247.244 58.6 3.09 0.09
1469 1247.554 48.9 3.03 0.01
1470 1247.619 65.1 3.06 0.06
1471 1248.711 37.8 3.18 0.10
1472 1250.609 37.8 3.17 0.18
1473 1250.650 35.3 3.08 0.17
1474 1253.278 77.9 3.21 0.05
1475 1253.869 49.8 3.24 -0.01
1476 1254.456 59.4 3.16 0.01
1477 1255.316 41.8 3.23 0.14
1478 1257.757 54.6 3.25 0.16
1479 1258.030 66.6 3.25 0.03
1480 1258.886 48.1 3.21 0.01
1481 1259.337 38.4 3.22 0.04
1482 1259.709 68.3 3.20 0.01
1483 1260.098 41.8 3.19 0.10
1484 1263.518 57.7 3.18 0.15
1485 1266.075 29.9 3.19 0.10
1486 1266.867 60.3 3.20 0.11
1487 1266.925 39.0 3.18 0.11
1488 1267.109 63.4 3.21 0.12
1489 1267.829 45.8 3.34 0.15
1490 1269.273 54.6 3.25 0.14
1491 1270.553 49.8 3.14 0.01
1492 1270.652 37.0 3.19 0.01
1493 1271.683 77.9 3.24 0.05
1494 1273.680 41.0 3.18 0.08
1495 1274.205 45.8 3.04 0.15
1496 1274.847 45.8 3.21 0.04
1497 1275.588 77.9 3.14 0.03
1498 1276.274 41.0 3.03 0.03
1499 1277.667 23.3 3.18 0.13
1500 1277.731 46.6 3.13 0.13
1501 1279.394 21.6 3.15 0.14
1502 1279.803 33.0 3.20 0.08
1503 1279.837 17.6 3.21 0.10
1504 1280.278 44.9 3.14 -0.02
1505 1280.414 19.3 3.31 0.01
1506 1280.554 43.5 3.27 0.03
1507 1280.759 50.6 3.21 -0.08
1508 1283.469 58.6 3.36 -0.04
1509 1283.848 54.6 3.35 -0.07
1510 1284.848 29.0 3.24 0.12
1511 1285.398 74.8 3.18 0.23
1512 1285.719 45.8 3.27 0.17
1513 1286.422 44.9 3.18 0.22
1514 1287.012 33.0 3.11 0.29
1515 1288.142 58.6 3.08 0.35
1516 1288.709 48.9 3.19 0.33
1517 1289.436 68.3 3.16 0.11
1518 1289.548 72.2 3.07 0.24
1519 1290.449 46.9 3.05 0.18
1520 1290.634 58.6 3.14 0.22
1521 1291.931 44.9 3.19 0.11
1522 1294.580 33.8 3.12 0.24
1523 1294.941 86.8 2.98 0.26
1524 1295.085 33.8 2.95 0.22
1525 1295.798 49.8 3.10 0.18
1526 1296.491 52.9 3.21 0.06
1527 1296.887 50.6 3.22 0.08
1528 1299.372 68.3 3.14 0.11
1529 1300.311 44.1 2.97 0.28
1530 1300.631 37.8 3.08 0.11
1531 1302.444 40.1 3.26 0.02
1532 1302.676 49.8 3.28 0.00
1533 1303.017 54.6 3.37 -0.04
1534 1306.932 27.3 3.17 0.11
1535 1306.967 25.6 3.28 0.11
1536 1308.694 27.3 3.18 0.27
1537 1310.271 35.3 3.10 0.05
1538 1312.227 72.2 3.10 0.07
1539 1312.773 52.3 3.10 -0.05
1540 1313.367 32.1 2.96 -0.08
1541 1313.408 25.6 2.95 -0.04
1542 1313.459 33.0 2.87 -0.08
1543 1313.766 64.3 2.89 -0.08
1544 1314.449 61.2 2.89 0.03
1545 1314.981 64.3 3.16 -0.01
1546 1317.487 59.2 3.11 -0.24
1547 1319.094 46.6 3.11 0.04
1548 1323.593 73.1 3.16 0.14
1549 1324.672 45.8 3.07 0.10
1550 1325.091 119.5 3.16 0.11
1551 1326.371 15.9 2.94 0.03
1552 1327.518 50.3 3.10 -0.05
1553 1327.590 38.4 3.02 -0.05
1554 1327.713 73.1 3.03 -0.02
1555 1328.406 54.6 3.19 0.00
1556 1329.573 58.6 3.25 -0.03
1557 1330.754 40.1 3.23 0.05
1558 1333.263 61.2 3.12 0.01
1559 1333.550 44.1 2.85 0.11
1560 1334.693 63.4 2.85 0.29
1561 1336.700 54.6 2.95 0.12
1562 1337.045 59.4 2.98 0.20
1563 1337.926 54.6 3.13 0.15
1564 1338.417 63.4 3.01 0.25
1565 1338.823 44.1 3.04 0.12
1566 1340.926 36.1 2.97 0.20
1567 1341.250 49.8 2.99 0.23
1568 1341.359 77.1 3.01 0.22
1569 1342.977 28.7 3.03 0.21
1570 1343.008 31.3 3.13 0.21
1571 1343.121 41.8 3.15 0.23
1572 1344.018 50.6 3.11 0.14
1573 1344.479 33.8 3.07 0.02
1574 1344.575 99.6 3.07 0.10
1575 1346.432 58.6 3.09 0.23
1576 1348.121 59.4 3.19 0.28
1577 1348.210 73.1 3.11 0.27
1578 1348.418 26.5 3.13 0.29
1579 1349.292 22.5 3.06 0.30
1580 1349.500 44.9 3.20 0.26
1581 1349.838 33.8 3.13 0.29
1582 1349.872 29.9 3.14 0.15
1583 1353.139 50.6 3.01 0.08
1584 1353.286 54.6 3.01 0.15
1585 1354.009 35.8 3.04 0.19
1586 1355.334 24.2 3.07 0.11
1587 1357.040 54.6 3.02 0.26
1588 1357.306 14.5 2.94 0.23
1589 1357.337 34.4 3.14 0.22
1590 1359.191 22.5 3.04 0.07
1591 1359.221 35.3 3.23 0.04
1592 1359.866 18.5 3.12 -0.04
1593 1359.931 86.8 3.19 -0.07
1594 1360.979 41.8 2.99 -0.10
1595 1361.972 51.5 3.25 -0.09
1596 1362.396 53.8 3.24 -0.09
1597 1364.840 50.6 3.16 0.01
1598 1367.195 25.6 3.22 -0.02
1599 1367.328 46.6 3.08 0.11
1600 1368.134 48.9 3.06 0.01
1601 1368.454 46.6 3.18 0.20
1602 1368.526 23.3 3.20 0.21
1603 1368.567 17.6 3.04 0.17
1604 1369.325 68.3 3.15 0.14
1605 1370.762 40.4 3.00 -0.11
1606 1371.967 49.8 3.14 -0.25
1607 1373.066 32.1 3.13 -0.19
1608 1373.107 32.1 3.18 -0.19
1609 1373.687 57.7 3.32 -0.04
1610 1376.629 47.5 3.14 -0.12
1611 1376.718 54.6 3.20 -0.11
1612 1377.677 41.0 3.23 -0.09
1613 1378.595 63.4 3.21 -0.10
1614 1380.602 37.8 3.31 -0.03
1615 1380.708 18.5 3.23 -0.03
1616 1380.763 27.3 3.26 0.01
1617 1380.817 52.1 3.22 -0.02
1618 1381.360 68.3 3.31 0.03
1619 1383.726 41.8 3.24 -0.17
1620 1386.047 27.3 3.27 -0.17
1621 1386.146 41.0 3.19 -0.17
1622 1386.808 36.1 3.15 -0.05
1623 1386.900 17.6 3.22 -0.16
1624 1386.924 18.5 3.23 -0.16
1625 1387.043 95.6 3.21 -0.08
1626 1387.149 42.7 3.12 -0.11
1627 1388.231 77.9 3.19 -0.17
1628 1388.323 50.6 3.16 -0.07
1629 1388.771 19.3 3.32 -0.09
1630 1388.812 32.1 3.16 -0.11
1631 1390.330 43.2 3.23 -0.19
1632 1390.849 29.6 3.18 -0.15
1633 1390.938 22.5 3.26 -0.18
1634 1391.529 45.8 3.24 -0.25
1635 1391.993 54.6 3.24 -0.15
1636 1393.331 48.1 3.20 -0.17
1637 1396.048 54.6 3.28 -0.15
1638 1397.154 71.4 3.16 -0.16
1639 1397.359 54.6 3.18 -0.14
1640 1400.383 41.0 2.94 -0.12
1641 1402.345 50.6 3.01 -0.13
1642 1402.963 57.2 3.13 -0.10
1643 1403.499 45.8 3.12 -0.12
1644 1403.622 72.2 3.09 -0.12
1645 1403.694 63.1 3.08 -0.08
1646 1404.271 52.3 3.14 -0.08
1647 1405.376 52.9 3.11 -0.05
1648 1406.489 48.9 3.02 -0.17
1649 1407.718 44.9 3.06 -0.21
1650 1408.623 27.9 2.90 -0.13
1651 1409.104 68.3 3.15 -0.10
1652 1409.766 44.9 3.24 -0.11
1653 1411.288 22.5 3.03 -0.25
1654 1412.145 14.5 3.07 -0.05
1655 1412.166 12.8 3.05 -0.04
1656 1412.312 73.1 3.10 -0.15
1657 1413.036 56.9 3.07 -0.10
1658 1413.415 54.6 3.08 -0.10
1659 1413.818 33.6 2.97 -0.09
1660 1413.981 44.1 2.87 -0.07
1661 1415.760 68.3 3.04 -0.03
1662 1416.176 19.1 2.97 0.09
1663 1417.391 48.1 2.91 0.13
1664 1418.340 63.4 2.94 -0.09
1665 1419.088 54.6 2.98 0.09
1666 1419.784 41.0 2.99 -0.00
1667 1420.071 33.3 3.03 0.00
1668 1420.143 27.3 3.07 0.01
1669 1423.238 45.2 2.77 -0.05
1670 1424.839 23.3 2.96 0.11
1671 1425.075 37.8 3.04 0.14
1672 1425.529 50.6 3.05 0.22
1673 1426.102 58.6 3.05 0.13
1674 1426.351 74.0 3.11 0.07
1675 1427.382 41.8 3.09 0.13
1676 1427.495 51.5 3.07 0.08
1677 1427.788 25.0 3.12 0.05
1678 1428.338 73.1 2.99 0.14
1679 1430.304 37.8 2.97 0.13
1680 1430.901 70.0 3.09 0.17
1681 1434.007 45.8 2.90 -0.01
1682 1434.304 28.4 3.01 -0.01
1683 1434.537 32.1 2.93 -0.18
1684 1434.642 99.6 2.97 -0.10
1685 1435.059 41.8 2.89 -0.05
1686 1435.868 59.4 3.16 -0.04
1687 1436.172 55.5 2.88 -0.23
1688 1436.226 26.5 3.08 -0.08
1689 1437.673 55.5 3.07 0.10
1690 1438.476 37.8 3.10 0.01
1691 1438.537 35.3 3.18 0.01
1692 1438.871 44.9 3.10 -0.07
1693 1439.612 67.4 3.20 0.12
1694 1442.189 33.0 3.18 -0.01
1695 1442.630 45.8 3.28 -0.04
1696 1444.940 20.2 3.13 -0.05
1697 1444.975 23.6 3.14 -0.05
1698 1445.077 30.4 3.11 0.03
1699 1445.309 45.8 3.12 -0.05
1700 1445.684 25.6 3.11 0.03
1701 1446.439 73.1 2.99 0.26
1702 1446.514 57.7 3.14 0.25
1703 1447.111 66.6 2.96 0.32
1704 1447.360 56.9 3.03 0.10
1705 1447.930 22.2 3.11 0.16
1706 1448.739 77.9 3.13 0.11
1707 1450.446 56.3 3.24 0.16
1708 1452.262 54.6 3.14 0.16
1709 1452.497 28.2 3.18 0.12
1710 1453.784 26.5 3.07 0.18
1711 1457.570 31.3 3.29 0.16
1712 1458.123 37.0 3.22 0.11
1713 1458.515 50.6 3.13 0.16
1714 1459.099 50.6 3.01 0.18
1715 1459.143 31.9 3.15 0.18
1716 1459.799 44.9 3.14 0.14
1717 1460.980 98.4 3.12 0.09
1718 1462.580 32.1 3.06 0.25
1719 1463.113 48.9 3.16 0.24
1720 1466.134 70.5 2.98 0.13
1721 1466.257 100.4 3.04 0.11
1722 1466.659 49.8 3.00 0.15
1723 1467.619 27.3 3.11 0.19
1724 1468.189 45.8 3.27 0.29
1725 1468.936 29.0 3.29 0.18
1726 1468.967 17.6 3.36 0.17
1727 1470.786 63.4 3.16 -0.20
1728 1471.203 38.4 3.17 -0.13
1729 1471.547 47.5 2.97 -0.04
1730 1472.353 56.9 3.18 -0.02
1731 1473.114 34.4 3.25 -0.00
1732 1473.913 17.6 3.31 0.01
1733 1475.421 59.4 3.16 0.12
1734 1476.719 33.8 3.18 -0.21
1735 1477.022 44.9 3.21 -0.11
1736 1477.190 68.3 3.18 -0.15
1737 1477.999 37.8 3.18 0.18
1738 1478.039 29.3 3.25 0.13
1739 1479.364 32.1 3.09 -0.01
1740 1483.559 26.2 3.19 0.04
1741 1484.538 51.5 3.24 -0.03
1742 1484.579 11.9 3.16 -0.08
1743 1484.945 51.5 3.26 -0.19
1744 1485.668 54.6 3.19 -0.08
1745 1485.812 41.8 3.13 -0.14
1746 1487.013 36.1 3.09 -0.17
1747 1488.716 49.8 3.15 -0.12
1748 1489.358 58.6 3.07 -0.09
1749 1490.225 17.6 3.03 0.01
1750 1491.474 28.2 3.24 -0.03
1751 1492.304 26.5 3.32 0.17
1752 1493.440 45.8 3.46 0.23
1753 1493.666 27.3 3.35 0.26
1754 1493.956 37.8 3.36 0.35
1755 1495.543 63.4 3.15 0.15
1756 1495.666 50.6 3.21 0.11
1757 1496.690 56.3 3.22 0.15
1758 1496.765 77.1 3.14 0.15
1759 1497.871 29.6 3.12 0.27
1760 1499.240 41.8 3.04 0.17
1761 1501.704 49.8 3.08 0.30
1762 1501.871 54.6 3.03 0.21
1763 1502.523 52.9 3.18 0.17
1764 1503.745 27.3 3.16 0.16
1765 1504.073 20.8 3.11 0.27
1766 1504.104 20.8 3.09 0.27
1767 1504.486 36.1 3.13 0.15
1768 1504.838 41.0 3.03 0.25
1769 1504.960 27.3 3.10 0.21
1770 1506.152 30.4 3.06 0.01
1771 1506.804 42.7 3.14 0.19
1772 1507.268 53.8 3.22 0.28
1773 1507.695 25.6 3.13 0.12
1774 1510.176 63.4 3.05 0.18
1775 1511.794 19.3 3.07 0.06
1776 1511.934 42.7 3.13 0.07
1777 1512.965 105.2 2.85 0.05
1778 1513.139 45.8 2.99 0.03
1779 1513.361 40.1 2.89 0.15
1780 1513.774 21.3 2.90 0.03
1781 1514.139 40.1 3.00 0.03
1782 1514.262 77.9 3.00 0.06
1783 1514.347 29.0 3.01 0.08
1784 1515.115 52.3 3.15 0.01
1785 1515.395 58.6 3.18 -0.03
1786 1519.013 58.6 3.15 0.11
1787 1520.778 37.8 3.07 -0.13
1788 1523.095 33.8 3.02 0.06
1789 1523.174 33.8 3.09 0.06
1790 1523.283 68.8 3.15 -0.05
1791 1526.645 23.6 3.09 -0.01
1792 1526.806 44.9 3.08 -0.07
1793 1526.976 40.1 3.04 -0.10
1794 1527.294 54.6 3.02 -0.09
1795 1527.492 63.4 2.99 -0.03
1796 1527.639 108.4 3.01 -0.04
1797 1527.809 61.7 2.97 -0.13
1798 1528.475 44.9 2.97 -0.09
1799 1528.564 22.5 2.95 -0.07
1800 1528.878 46.6 2.99 -0.05
1801 1529.188 41.0 3.06 -0.04
1802 1531.946 49.8 3.12 0.08
1803 1533.243 61.7 3.10 0.04
1804 1534.138 28.2 2.97 -0.01
1805 1534.752 48.1 3.04 0.02
1806 1535.049 68.3 2.97 0.03
1807 1536.687 83.6 2.99 -0.11
1808 1536.964 70.8 3.02 -0.01
1809 1540.596 34.4 2.98 -0.00
1810 1541.398 48.4 3.07 0.02
1811 1542.097 53.8 3.02 0.05
1812 1542.606 54.6 2.86 0.20
1813 1542.889 54.6 2.85 0.29
1814 1543.971 68.3 3.04 0.11
1815 1544.040 63.4 3.01 0.19
1816 1544.422 57.7 3.05 0.15
1817 1546.968 56.9 2.99 0.09
1818 1547.074 52.9 2.98 0.12
1819 1547.248 41.0 3.02 0.00
1820 1547.631 90.7 2.92 0.03
1821 1547.934 40.1 2.89 0.05
1822 1556.253 63.4 2.78 -0.08
1823 1558.642 59.4 2.85 -0.02
1824 1563.434 81.9 2.91 0.00
1825 1564.806 41.0 3.21 0.09
1826 1565.547 23.3 3.07 0.09
1827 1567.332 58.6 3.10 0.10
1828 1568.721 51.5 3.23 0.03
1829 1569.141 35.3 3.29 0.07
1830 1570.602 59.4 3.29 0.11
1831 1571.391 60.3 3.43 0.08
1832 1571.664 56.3 3.07 -0.00
1833 1573.329 21.6 3.19 0.06
1834 1574.043 15.9 3.26 0.05
1835 1574.128 28.7 3.24 0.05
1836 1574.630 49.8 3.25 0.23
1837 1574.688 50.6 3.25 0.23
1838 1574.964 53.8 3.13 0.27
1839 1575.872 54.6 3.11 0.17
1840 1576.135 37.8 3.18 0.17
1841 1576.173 11.9 3.16 0.15
1842 1576.374 48.9 3.11 0.23
1843 1576.869 47.5 3.21 0.18
1844 1577.043 72.2 3.04 0.18
1845 1577.091 16.8 3.11 0.19
1846 1577.163 54.6 3.08 0.17
1847 1577.309 45.8 3.02 0.13
1848 1577.524 21.0 3.13 0.20
1849 1578.538 33.8 3.22 0.19
1850 1579.030 46.6 3.12 0.12
1851 1579.422 41.0 3.20 0.12
1852 1580.064 46.9 3.23 0.04
1853 1580.556 41.0 3.20 0.02
1854 1581.709 28.2 3.13 0.15
1855 1582.177 41.0 3.23 0.04
1856 1584.692 54.6 3.21 0.07
1857 1585.037 43.8 3.15 0.07
1858 1586.327 34.4 3.32 0.09
1859 1586.471 37.8 3.16 0.04
1860 1587.816 24.2 3.19 0.11
1861 1588.068 39.3 3.17 0.10
1862 1588.440 42.7 3.06 0.07
1863 1590.000 45.2 3.40 0.16
1864 1590.942 78.8 3.22 -0.05
1865 1591.007 29.0 3.27 -0.02
1866 1591.608 40.1 3.18 -0.01
1867 1591.761 49.8 3.26 -0.10
1868 1592.301 16.8 3.35 -0.08
1869 1595.325 41.0 3.11 0.17
1870 1597.199 46.6 3.12 0.16
1871 1599.837 14.5 3.10 -0.00
1872 1600.179 37.0 3.25 -0.06
1873 1600.745 45.2 3.13 0.00
1874 1602.356 49.8 3.20 0.15
1875 1602.537 36.1 3.08 0.17
1876 1603.032 16.8 3.02 0.22
1877 1604.094 26.5 2.96 0.18
1878 1604.678 94.7 2.98 0.14
1879 1605.312 40.1 2.99 0.07
1880 1605.394 35.0 2.92 0.07
1881 1605.838 44.9 2.93 0.07
1882 1606.613 33.8 3.10 0.16
1883 1607.087 24.7 3.02 0.15
1884 1607.309 33.8 3.07 0.12
1885 1607.507 24.2 2.95 0.08
1886 1607.999 21.3 2.94 0.10
1887 1608.180 27.3 2.95 -0.01
1888 1611.207 68.3 2.91 0.00
1889 1612.091 29.9 2.88 0.13
1890 1612.852 61.2 2.95 0.07
1891 1613.265 41.0 2.91 0.00
1892 1613.344 39.3 2.94 -0.07
1893 1617.699 50.6 2.95 -0.04
1894 1618.966 45.8 3.16 0.21
1895 1619.447 28.2 3.23 0.04
1896 1619.891 49.8 3.01 0.09
1897 1623.659 73.1 2.97 0.15
1898 1623.802 49.8 2.92 -0.07
1899 1625.291 77.9 3.18 -0.07
1900 1625.441 53.8 3.24 -0.05
1901 1626.427 48.9 3.12 -0.05
1902 1626.827 59.4 3.14 -0.09
1903 1627.093 29.0 3.02 -0.20
1904 1627.134 36.1 3.05 -0.18
1905 1628.472 24.7 3.21 0.10
1906 1628.540 54.6 3.21 0.07
1907 1630.397 61.2 3.10 0.13
1908 1630.598 35.3 3.10 0.10
1909 1630.636 26.5 3.13 0.09
1910 1632.694 62.6 3.04 -0.05
1911 1633.401 45.8 2.97 -0.11
1912 1633.790 49.8 3.06 -0.16
1913 1634.141 58.6 2.97 -0.18
1914 1634.589 68.3 3.00 -0.15
1915 1634.903 51.5 2.97 -0.25
1916 1635.241 44.9 2.99 -0.17
1917 1635.387 72.2 2.96 -0.20
1918 1635.995 49.8 3.16 -0.22
1919 1637.466 70.0 3.09 -0.19
1920 1637.671 43.5 2.93 -0.25
1921 1639.040 63.4 3.06 -0.15
1922 1642.043 54.6 3.20 -0.15
1923 1642.217 60.3 3.15 -0.23
1924 1642.620 48.1 3.20 -0.19
1925 1643.368 58.6 3.24 -0.05
1926 1645.426 22.5 3.32 -0.19
1927 1645.651 41.0 3.30 -0.07
1928 1646.959 43.2 3.26 -0.21
1929 1651.324 54.6 3.24 -0.18
1930 1651.874 63.4 3.28 -0.12
1931 1652.242 85.9 3.18 -0.11
1932 1654.540 41.0 3.21 -0.15
1933 1656.359 41.8 3.07 0.06
1934 1657.188 41.8 3.10 0.13
1935 1657.222 11.1 3.02 0.08
1936 1657.533 49.8 2.98 0.17
1937 1659.506 40.1 3.07 -0.06
1938 1659.875 41.8 2.94 -0.17
1939 1659.922 15.4 3.03 -0.14
1940 1660.550 105.2 3.00 -0.08
1941 1660.940 45.8 3.02 -0.06
1942 1661.762 49.8 2.91 -0.04
1943 1662.066 104.4 2.87 -0.24
1944 1663.039 57.7 2.93 -0.10
1945 1663.445 54.6 2.94 -0.12
1946 1664.865 47.5 3.05 -0.12
1947 1665.193 84.2 2.87 -0.02
1948 1668.353 54.6 2.91 -0.28
1949 1668.435 50.6 2.92 -0.26
1950 1669.097 56.3 2.98 -0.21
1951 1671.408 54.6 2.91 0.06
1952 1672.736 49.8 2.78 -0.22
1953 1673.187 45.8 2.87 -0.11
1954 1675.542 104.4 3.17 -0.13
1955 1675.719 64.3 2.86 -0.11
1956 1678.877 33.8 2.71 0.00
1957 1679.378 38.7 3.04 -0.06
1958 1679.522 58.6 3.07 -0.02
1959 1681.515 63.4 2.96 -0.28
1960 1682.621 52.3 3.02 -0.07
1961 1682.710 38.7 3.06 -0.06
1962 1684.515 43.5 3.07 0.05
1963 1686.304 28.2 2.96 -0.32
1964 1688.164 44.1 2.82 -0.05
1965 1688.250 47.5 2.91 -0.05
1966 1688.506 45.8 2.88 0.02
1967 1688.676 41.8 2.97 -0.04
1968 1689.356 23.3 3.10 -0.17
1969 1689.878 47.5 3.15 -0.03
1970 1691.076 29.9 3.12 -0.11
1971 1691.318 26.5 3.24 -0.13
1972 1691.455 50.6 3.00 0.05
1973 1691.936 37.8 2.99 0.01
1974 1693.209 44.9 2.80 -0.07
1975 1694.902 41.8 3.04 -0.15
1976 1695.353 44.9 3.07 -0.12
1977 1695.421 49.8 3.04 -0.13
1978 1695.851 54.6 3.04 -0.08
1979 1696.315 20.8 2.93 0.00
1980 1696.517 37.0 2.98 -0.12
1981 1696.780 74.0 3.02 -0.05
1982 1697.510 54.6 3.09 -0.25
1983 1697.926 58.6 3.03 -0.30
1984 1698.995 29.0 3.26 -0.04
1985 1699.329 41.0 3.25 -0.12
1986 1700.213 47.5 3.15 -0.19
1987 1700.449 78.8 3.12 -0.24
1988 1702.398 49.8 3.10 -0.07
1989 1703.313 38.7 3.10 -0.16
1990 1704.122 52.9 3.17 -0.07
1991 1704.227 52.3 3.13 -0.06
1992 1704.449 45.8 3.12 -0.05
1993 1704.589 33.0 3.14 -0.03
1994 1705.187 26.5 3.08 -0.05
1995 1705.815 63.4 3.12 0.01
1996 1706.009 73.1 3.11 0.01
1997 1707.146 52.1 3.06 0.00
1998 1707.641 81.9 2.99 -0.10
1999 1708.897 28.2 2.86 0.02
2000 1709.252 37.0 2.91 -0.12
