1 3.558 27.3 3.13 0.15
2 3.974 41.0 3.15 0.02
3 7.053 50.6 3.19 -0.05
4 9.084 45.8 3.31 0.07
5 10.429 52.9 3.20 -0.03
6 10.777 44.9 3.22 0.04
7 10.968 35.6 3.24 -0.03
8 12.818 30.4 3.27 0.01
9 13.405 58.6 3.08 -0.03
10 14.443 33.0 3.08 -0.03
11 14.614 64.3 3.05 -0.04
12 15.116 17.6 3.10 -0.12
13 16.836 89.0 3.08 -0.18
14 18.054 59.4 3.11 0.00
15 20.567 19.3 3.19 -0.04
16 21.024 40.1 3.07 -0.10
17 21.905 31.3 3.11 -0.08
18 22.236 41.0 3.09 -0.25
19 22.342 44.9 3.05 -0.23
20 22.417 50.6 3.03 -0.20
21 22.734 44.9 3.00 -0.28
22 23.956 44.1 3.11 -0.15
23 25.874 59.4 3.13 -0.19
24 27.550 45.8 3.21 -0.24
25 29.028 52.9 3.13 -0.14
26 31.974 32.1 3.04 -0.11
27 32.739 48.9 3.10 -0.04
28 33.827 97.3 3.08 -0.09
29 34.302 32.1 3.08 -0.11
30 34.333 8.0 3.06 -0.17
31 34.848 52.9 3.15 -0.08
32 35.025 49.8 3.15 -0.14
33 37.029 26.5 3.18 -0.11
34 37.466 33.0 3.13 -0.11
35 38.541 45.8 3.19 -0.11
36 39.391 23.3 3.11 -0.09
37 40.808 8.8 3.20 -0.07
38 41.135 49.8 3.16 -0.12
39 42.241 41.0 3.28 0.01
40 44.986 50.6 3.05 -0.16
41 46.221 49.8 3.19 -0.14
42 46.549 31.3 3.08 -0.05
43 50.420 20.8 3.05 -0.04
44 51.898 24.2 3.06 -0.05
45 51.935 17.1 2.98 -0.06
46 51.956 28.7 2.97 -0.09
47 52.638 45.8 3.10 -0.05
48 54.048 65.4 3.27 -0.16
49 55.338 59.4 3.04 -0.01
50 56.574 51.5 3.15 0.02
51 56.663 52.1 3.20 -0.02
52 60.322 32.1 3.17 0.03
53 61.748 31.3 3.16 0.05
54 61.813 51.8 3.12 0.05
55 62.124 59.4 3.23 -0.03
56 62.185 39.8 3.12 -0.03
57 62.233 17.6 3.18 0.03
58 65.889 58.6 3.07 -0.20
59 66.776 63.4 2.92 -0.11
60 69.111 51.5 3.18 0.01
61 71.849 53.8 3.12 -0.05
62 72.326 54.6 3.14 0.04
63 75.177 33.0 3.24 -0.21
64 76.870 33.0 3.07 -0.12
65 77.426 22.5 3.18 -0.19
66 77.713 81.9 3.01 -0.18
67 80.983 34.4 3.07 -0.05
68 81.379 36.4 3.12 -0.09
69 84.126 44.1 3.32 0.04
70 84.365 41.0 3.23 0.02
71 86.775 39.3 3.10 0.08
72 86.854 45.8 3.07 0.10
73 87.400 14.5 3.21 0.22
74 87.427 27.3 3.08 0.19
75 89.110 45.8 3.13 0.13
76 90.188 57.7 3.12 0.19
77 90.717 53.8 3.32 -0.03
78 91.895 42.7 3.28 -0.05
79 92.045 42.7 3.28 0.01
80 92.690 58.6 3.29 0.21
81 93.800 49.8 3.26 0.01
82 94.363 49.8 3.41 0.17
83 94.506 46.6 3.26 -0.14
84 95.827 70.0 3.23 0.18
85 97.312 24.2 3.12 0.06
86 98.295 37.0 3.14 -0.03
87 99.691 21.6 3.08 0.01
88 102.685 31.3 3.28 0.23
89 104.193 68.3 3.47 0.24
90 107.463 58.6 3.17 0.30
91 108.180 35.3 3.13 0.38
92 108.453 37.8 3.09 0.25
93 108.491 25.6 3.10 0.23
94 109.395 54.6 3.05 0.06
95 109.822 54.6 3.01 -0.06
96 110.044 40.1 2.99 -0.01
97 112.856 27.3 3.22 0.05
98 116.048 30.4 3.20 -0.03
99 116.703 45.8 3.25 -0.02
100 117.229 47.5 3.22 -0.04
101 117.266 33.0 3.19 -0.04
102 120.840 22.5 3.21 -0.19
103 124.120 40.1 3.33 0.01
104 125.424 42.7 3.18 -0.07
105 125.796 48.9 3.19 -0.03
106 126.260 37.0 3.25 -0.02
107 129.558 41.0 3.14 0.11
108 129.769 33.0 3.06 0.14
109 131.732 47.5 3.07 0.22
110 137.644 42.7 3.10 0.14
111 139.194 23.3 3.12 0.22
112 140.695 56.9 2.98 -0.06
113 141.371 45.8 3.18 -0.16
114 141.655 35.3 3.17 -0.01
115 142.074 42.7 3.28 0.18
116 142.921 48.9 3.19 -0.07
117 144.607 21.6 3.15 -0.01
118 144.648 23.3 3.29 -0.01
119 145.085 41.0 3.33 0.07
120 146.054 58.6 3.31 0.05
121 146.126 48.1 3.28 0.03
122 147.836 25.9 3.20 0.02
123 148.843 35.3 3.18 -0.04
124 150.109 67.4 3.09 -0.01
125 150.342 49.8 3.05 -0.00
126 150.703 58.6 3.04 0.03
127 151.983 44.9 3.24 0.03
128 155.158 25.0 3.00 0.09
129 159.069 48.9 3.22 -0.06
130 159.568 30.4 3.20 -0.10
131 159.916 45.8 2.99 0.20
132 160.158 63.4 3.14 0.10
133 161.121 50.6 3.20 0.05
134 161.930 55.2 3.17 0.13
135 163.425 81.9 3.25 -0.01
136 163.756 56.3 3.05 0.00
137 164.179 56.3 3.21 -0.01
138 164.312 45.8 3.16 -0.03
139 164.561 77.9 3.16 -0.00
140 165.418 55.5 3.24 0.02
141 166.493 49.8 3.26 0.03
142 170.139 44.9 3.15 0.14
143 171.757 41.0 3.20 0.13
144 172.013 26.5 3.17 0.05
145 172.931 55.5 3.23 0.16
146 173.426 49.8 3.47 0.11
147 175.221 15.4 3.34 0.12
148 177.266 64.3 3.21 -0.01
149 180.270 43.2 3.04 -0.07
150 180.423 39.3 3.05 -0.02
151 181.372 61.2 3.04 0.18
152 183.212 32.7 3.07 0.16
153 183.796 47.5 3.16 0.21
154 186.513 32.1 3.35 -0.04
155 187.001 72.2 3.17 -0.12
156 187.898 71.4 3.31 -0.01
157 188.298 44.1 3.20 0.08
158 189.018 52.1 3.22 -0.03
159 194.196 56.9 3.13 -0.05
160 195.172 41.0 3.07 -0.22
161 196.630 54.6 3.18 0.01
162 198.719 34.4 3.08 -0.15
163 200.105 24.7 3.14 0.05
164 200.296 79.4 3.19 0.04
165 201.289 58.6 3.00 -0.00
166 201.804 30.4 3.03 -0.06
167 204.252 57.7 2.85 -0.15
168 204.368 34.4 3.10 -0.02
169 205.801 59.4 2.90 -0.02
170 207.242 24.2 3.07 0.05
171 207.515 58.6 3.02 -0.10
172 208.382 44.9 3.02 -0.11
173 208.754 30.4 2.96 -0.13
174 209.730 49.8 2.94 -0.08
175 209.860 19.3 3.17 -0.01
176 211.597 105.2 2.84 -0.18
177 212.997 64.3 2.99 -0.03
178 213.222 49.8 2.97 -0.04
179 214.014 39.3 2.92 -0.13
180 214.720 78.8 2.97 -0.10
181 216.086 54.6 3.00 -0.11
182 216.594 54.6 3.13 -0.20
183 216.717 54.6 3.20 -0.32
184 218.438 33.8 3.19 -0.10
185 218.840 37.0 3.24 -0.12
186 219.229 106.1 3.24 -0.13
187 221.011 44.9 3.09 -0.07
188 221.574 17.6 3.09 -0.24
189 226.217 45.8 2.85 -0.03
190 227.111 64.3 3.02 -0.16
191 228.288 54.6 3.01 -0.31
192 228.807 38.7 2.98 -0.36
193 230.292 71.4 3.25 -0.04
194 233.234 29.9 3.16 -0.08
195 234.054 34.4 3.13 -0.02
196 234.661 49.8 3.16 0.11
197 238.296 43.2 3.08 -0.11
198 239.372 31.3 3.04 -0.24
199 241.450 63.4 3.00 -0.28
200 241.839 36.1 2.91 -0.14
201 246.871 58.9 2.88 0.18
202 247.062 53.8 2.94 0.04
203 247.246 58.6 2.92 0.10
204 247.847 52.3 2.83 0.17
205 249.697 54.6 3.20 0.02
206 252.537 49.8 3.22 -0.03
207 255.653 44.9 3.10 -0.19
208 256.141 32.1 2.94 -0.10
209 256.322 41.8 2.90 -0.10
210 256.885 56.9 3.01 -0.10
211 257.295 51.5 3.09 -0.07
212 258.148 31.3 3.04 0.13
213 258.643 61.2 2.98 -0.01
214 259.043 55.5 3.06 -0.14
215 260.176 52.3 2.86 -0.04
216 260.681 50.6 2.97 -0.23
217 260.770 54.6 2.82 -0.26
218 262.282 48.1 2.75 -0.27
219 262.719 19.3 2.82 -0.31
220 263.306 21.6 2.90 -0.26
221 263.558 54.6 3.00 -0.18
222 265.484 26.5 2.91 0.00
223 267.938 42.4 2.65 -0.24
224 267.985 70.5 2.67 -0.24
225 268.136 57.7 2.78 -0.19
226 268.330 37.0 2.80 -0.36
227 273.112 54.6 2.81 -0.25
228 273.546 30.4 2.94 -0.31
229 273.798 55.5 2.92 -0.27
230 274.484 43.2 2.70 -0.35
231 275.389 95.6 2.74 -0.10
232 276.164 54.6 2.94 -0.06
233 277.437 68.3 2.90 -0.28
234 277.543 38.7 2.92 -0.28
235 278.690 25.0 3.01 -0.28
236 280.065 53.8 3.19 -0.15
237 280.509 41.0 3.12 0.05
238 280.980 62.6 3.04 -0.14
239 281.530 54.6 2.98 -0.10
240 282.912 33.8 2.85 -0.00
241 283.683 45.8 2.95 -0.02
242 288.732 39.3 3.17 -0.16
243 288.940 21.6 3.07 0.02
244 288.971 25.6 3.06 0.03
245 290.950 78.5 3.17 0.21
246 294.787 42.7 2.94 0.10
247 299.013 49.8 2.94 -0.17
248 300.371 31.3 2.93 -0.08
249 300.774 42.7 2.86 0.03
250 300.876 63.4 2.99 -0.15
251 302.225 54.6 2.92 -0.22
252 304.815 49.8 2.76 -0.08
253 305.020 29.0 2.85 -0.06
254 305.051 27.3 2.77 -0.06
255 306.136 58.6 2.82 -0.12
256 309.140 46.6 2.83 -0.20
257 309.597 21.6 2.87 -0.01
258 312.349 58.6 3.27 0.03
259 315.093 59.4 3.17 -0.09
260 316.417 45.8 3.22 -0.04
261 319.267 49.8 3.26 -0.02
262 319.680 47.5 3.22 0.06
263 321.080 61.7 3.16 -0.11
264 322.196 35.3 3.07 -0.13
265 322.281 32.1 3.09 -0.10
266 324.176 24.2 3.17 0.12
267 328.722 91.6 3.12 -0.00
268 330.777 59.4 2.82 -0.19
269 332.794 30.4 2.90 -0.14
270 333.354 37.0 3.00 -0.02
271 334.918 49.8 3.02 -0.02
272 335.501 33.0 2.94 0.01
273 335.651 53.8 2.97 -0.05
274 336.843 33.0 2.91 -0.20
275 340.061 45.8 3.07 -0.18
276 341.014 41.0 2.91 0.00
277 341.345 48.9 2.88 -0.22
278 343.454 122.0 2.82 -0.23
279 343.570 36.1 2.71 -0.25
280 343.676 42.7 2.79 -0.28
281 344.185 50.6 2.93 -0.16
282 344.465 26.5 2.89 -0.07
283 344.543 41.0 3.09 -0.03
284 346.106 46.6 2.88 -0.11
285 346.154 35.3 2.96 -0.09
286 347.386 64.3 2.96 -0.04
287 348.636 51.5 3.14 0.02
288 348.936 36.1 3.09 0.08
289 349.363 23.3 3.10 0.01
290 350.107 53.8 3.21 -0.03
291 350.810 18.5 3.28 -0.04
292 351.121 50.6 3.30 0.03
293 351.534 37.0 3.12 -0.03
294 353.445 22.5 2.99 -0.15
295 353.913 54.6 3.06 -0.13
296 355.401 44.9 3.08 -0.08
297 358.500 49.8 3.13 -0.11
298 359.197 64.3 3.10 -0.06
299 361.572 41.8 3.06 -0.09
300 362.139 48.9 3.13 0.06
301 362.596 37.8 3.14 -0.03
302 363.166 21.6 2.99 -0.02
303 363.371 47.5 3.12 -0.04
304 365.457 54.6 3.07 -0.04
305 367.576 50.6 3.13 -0.05
306 368.030 32.1 3.39 -0.00
307 369.897 40.1 3.20 0.04
308 370.744 59.4 3.13 -0.00
309 370.983 51.5 3.22 -0.06
310 371.256 60.3 3.25 0.03
311 371.416 53.8 3.29 -0.06
312 371.580 54.6 3.19 -0.02
313 372.645 52.9 3.29 -0.14
314 374.092 81.9 3.09 0.07
315 375.857 90.7 3.28 -0.01
316 378.202 59.4 3.27 0.00
317 381.117 60.3 3.14 -0.25
318 381.192 11.9 3.07 -0.01
319 381.629 38.7 3.12 -0.06
320 381.916 49.8 3.18 -0.16
321 382.871 52.9 3.19 -0.10
322 383.100 57.2 3.25 -0.07
323 383.343 50.6 3.19 -0.14
324 383.537 44.9 3.11 -0.18
325 383.960 61.2 3.15 -0.12
326 385.742 63.4 3.29 -0.00
327 387.087 49.8 3.04 0.08
328 387.834 52.9 3.04 -0.02
329 389.428 70.8 3.00 -0.11
330 389.534 42.7 3.03 -0.07
331 391.603 68.3 3.18 0.05
332 395.392 49.8 3.13 -0.14
333 396.102 23.3 3.01 -0.13
334 396.508 33.0 2.98 -0.07
335 396.798 41.0 3.13 -0.13
336 400.020 40.7 3.03 0.07
337 400.344 22.5 3.01 -0.04
338 401.648 54.6 3.18 0.10
339 402.167 36.1 3.14 0.06
340 402.952 64.3 3.02 -0.06
341 403.618 68.3 2.95 -0.07
342 403.792 27.3 3.03 -0.10
343 404.915 102.7 3.06 -0.06
344 405.130 54.6 3.06 -0.15
345 406.055 28.2 3.02 -0.15
346 406.860 44.9 2.99 -0.09
347 409.004 52.3 3.03 -0.07
348 409.096 49.8 3.04 -0.07
349 409.547 36.1 2.95 -0.07
350 409.724 35.3 2.90 -0.03
351 410.690 33.8 2.93 -0.03
352 412.315 64.3 2.96 0.11
353 416.128 41.0 3.30 0.09
354 417.145 36.1 3.04 0.01
355 419.708 33.0 2.98 0.04
356 421.394 45.5 2.95 -0.23
357 421.688 34.4 2.97 -0.14
358 422.787 37.0 2.91 0.01
359 425.740 61.2 3.08 0.17
360 425.808 27.3 2.88 0.04
361 426.108 68.3 3.01 0.03
362 427.136 68.3 2.99 0.03
363 428.009 39.3 3.07 0.27
364 429.071 40.1 2.78 0.07
365 430.095 27.3 2.80 0.08
366 432.027 45.8 2.85 0.18
367 432.884 64.3 2.91 0.07
368 435.515 45.8 2.81 -0.00
369 438.932 52.3 2.84 -0.01
370 439.963 45.8 2.91 -0.17
371 442.929 54.0 2.97 -0.06
372 443.229 52.9 2.87 -0.05
373 444.684 46.6 2.99 -0.12
374 445.226 46.6 2.94 -0.04
375 445.796 24.2 2.99 -0.07
376 445.844 31.0 2.99 -0.07
377 446.428 49.8 3.06 -0.15
378 446.527 48.1 2.95 -0.15
379 447.093 47.5 3.04 -0.05
380 447.141 33.0 3.02 -0.05
381 447.759 54.6 3.04 -0.01
382 449.739 35.3 2.88 0.17
383 450.606 53.8 2.87 0.12
384 451.555 21.6 2.99 0.08
385 452.343 48.1 3.06 0.05
386 452.708 35.3 3.09 0.02
387 453.295 49.8 3.07 -0.01
388 453.695 65.1 3.10 -0.11
389 453.773 23.3 2.99 0.04
390 456.128 49.8 2.75 -0.10
391 458.108 53.8 2.89 0.10
392 464.617 46.6 2.83 0.24
393 465.065 44.9 2.90 0.08
394 467.126 59.4 2.63 -0.22
395 469.563 38.7 2.62 -0.12
396 470.294 59.4 2.73 -0.00
397 470.584 73.1 2.72 -0.06
398 472.820 46.6 2.89 -0.15
399 473.540 41.0 3.02 -0.02
400 473.881 72.2 2.83 -0.06
401 477.025 58.6 3.41 0.08
402 477.673 33.8 3.22 0.14
403 477.718 29.0 3.15 0.54
404 478.837 59.4 2.98 0.22
405 479.377 34.7 3.06 0.01
406 479.851 55.5 3.04 0.03
407 480.237 45.8 3.03 0.08
408 481.766 27.3 3.33 0.25
409 481.988 41.0 3.35 0.34
410 484.657 41.0 3.33 0.19
411 485.217 41.8 3.42 0.19
412 486.244 27.3 3.50 0.17
413 486.364 34.4 3.45 0.14
414 486.449 40.1 3.37 0.10
415 487.927 41.8 3.20 0.26
416 490.910 72.2 2.66 0.04
417 492.122 18.5 3.02 -0.07
418 494.969 33.0 3.16 0.15
419 495.860 50.6 3.30 0.13
420 495.942 29.0 3.26 0.07
421 496.860 52.9 3.26 0.03
422 498.874 28.2 2.77 0.17
423 501.724 53.8 3.17 0.31
424 502.700 45.8 3.21 0.27
425 503.751 45.8 3.25 0.16
426 504.413 44.9 3.28 0.19
427 504.673 46.6 3.10 0.19
428 506.953 59.4 3.04 0.19
429 507.554 77.1 3.01 0.00
430 507.653 34.4 3.08 0.05
431 508.182 71.4 3.02 -0.01
432 508.960 32.1 3.11 0.25
433 509.612 45.8 3.28 -0.14
434 509.810 51.5 3.32 0.08
435 510.349 37.0 3.21 0.24
436 511.697 52.9 3.40 0.03
437 514.985 100.4 3.30 -0.05
438 516.606 44.1 3.46 -0.06
439 526.194 33.8 3.39 -0.02
440 526.293 54.6 3.31 -0.06
441 527.737 26.5 3.22 -0.12
442 528.812 41.8 3.35 -0.01
443 528.867 40.1 3.49 -0.01
444 530.700 46.6 3.25 0.02
445 532.918 49.8 3.16 0.04
446 533.065 45.8 3.22 0.05
447 533.826 41.0 3.06 0.08
448 533.877 38.4 3.04 0.08
449 534.714 44.9 3.22 0.06
450 536.219 28.2 3.23 -0.05
451 536.246 21.3 3.16 -0.05
452 536.287 34.1 3.31 -0.01
453 537.663 129.4 3.19 0.08
454 538.048 28.2 3.22 0.05
455 538.451 49.8 3.26 -0.12
456 544.411 50.6 3.02 -0.13
457 549.340 50.6 3.14 0.05
458 550.951 50.1 3.17 0.04
459 554.258 41.0 3.21 0.06
460 554.948 57.7 3.11 -0.01
461 555.446 49.8 3.09 0.12
462 556.078 72.2 3.06 0.10
463 556.183 45.8 3.09 0.02
464 558.051 54.6 3.07 0.10
465 558.416 33.0 3.08 0.01
466 560.672 54.6 3.12 -0.01
467 560.788 96.4 3.05 -0.03
468 560.925 22.5 3.18 0.04
469 561.245 45.8 3.16 -0.03
470 561.549 21.6 3.17 0.04
471 564.939 44.1 2.96 0.01
472 565.509 58.6 3.16 0.10
473 565.703 44.9 3.15 0.18
474 565.782 45.8 3.14 0.25
475 566.113 54.6 3.19 0.24
476 566.973 29.6 3.05 0.08
477 567.396 53.8 3.09 0.06
478 568.400 54.6 3.15 0.06
479 570.076 63.4 3.20 0.19
480 571.782 30.4 3.08 0.11
481 572.144 32.1 2.94 0.23
482 572.182 21.6 2.92 0.24
483 572.359 68.8 2.87 0.20
484 572.438 23.9 2.96 0.42
485 573.482 59.4 2.88 0.20
486 573.619 23.3 3.01 0.21
487 575.223 35.3 2.86 0.02
488 576.995 41.0 3.08 0.33
489 577.257 47.5 3.14 0.03
490 579.657 49.8 3.09 -0.03
491 581.388 73.1 3.05 -0.12
492 582.060 95.6 3.13 -0.15
493 582.381 41.0 3.05 -0.12
494 582.807 49.8 3.16 -0.13
495 583.289 53.8 3.14 -0.11
496 585.340 54.6 3.11 -0.06
497 585.746 47.5 2.99 -0.04
498 585.832 45.8 3.09 -0.04
499 589.030 49.8 3.15 -0.22
500 589.276 20.8 3.20 -0.20
501 589.730 53.8 3.03 -0.30
502 590.767 27.3 3.11 -0.30
503 590.989 49.8 3.12 -0.29
504 591.098 37.0 3.15 -0.25
505 595.116 58.6 3.18 -0.13
506 596.335 54.6 3.18 0.01
507 598.161 48.1 3.33 0.08
508 602.342 70.0 3.34 -0.00
509 602.598 55.5 3.44 -0.06
510 603.216 50.6 3.26 -0.11
511 606.438 50.6 3.18 0.12
512 609.278 58.6 3.10 -0.00
513 610.967 32.1 3.15 0.12
514 611.415 29.0 3.11 0.13
515 612.913 37.0 3.06 0.10
516 612.954 34.4 3.16 0.10
517 613.428 50.6 3.04 0.03
518 613.585 44.9 3.03 -0.02
519 613.780 58.6 3.02 0.00
520 616.671 33.0 3.10 0.08
521 616.777 49.8 3.12 0.11
522 617.422 49.8 3.16 0.08
523 617.859 46.6 3.11 0.12
524 618.013 15.6 3.15 0.07
525 619.477 70.5 3.12 -0.08
526 620.095 48.1 3.17 -0.05
527 621.481 63.4 3.19 0.00
528 621.593 22.5 3.21 0.00
529 622.426 33.0 3.27 0.08
530 623.310 15.4 3.22 0.06
531 626.044 27.3 3.22 0.24
532 626.263 12.8 3.21 0.21
533 631.915 49.8 3.21 0.19
534 632.529 50.6 3.32 0.01
535 632.953 51.5 3.29 -0.09
536 637.595 33.8 3.28 0.10
537 638.708 44.9 3.18 0.17
538 641.281 54.6 3.42 0.06
539 642.029 19.3 3.37 -0.01
540 644.674 26.5 3.42 -0.06
541 645.381 44.1 3.40 -0.01
542 645.681 46.6 3.38 0.05
543 646.193 46.6 3.25 0.04
544 647.118 37.8 3.23 0.21
545 647.309 64.3 3.34 0.03
546 648.460 51.5 3.47 0.18
547 649.473 45.8 3.34 0.09
548 649.937 42.7 3.29 0.15
549 651.030 60.3 3.16 -0.01
550 651.415 37.8 3.19 -0.05
551 653.757 54.6 3.33 0.08
552 654.317 44.9 3.35 0.06
553 659.795 58.6 3.39 0.01
554 661.277 54.6 3.27 -0.06
555 661.922 48.1 3.40 -0.06
556 667.383 32.1 3.26 0.06
557 670.694 13.7 3.25 -0.12
558 670.790 44.9 3.28 0.03
559 674.404 33.8 3.27 0.23
560 675.858 32.7 3.16 0.36
561 678.313 49.8 3.20 0.17
562 679.831 35.0 3.02 -0.05
563 679.862 45.2 3.10 -0.05
564 680.364 53.8 3.08 -0.03
565 681.159 63.4 3.08 -0.14
566 683.641 56.3 3.21 -0.14
567 683.798 25.9 3.26 -0.05
568 683.825 20.8 3.15 -0.13
569 683.866 48.1 3.20 -0.16
570 686.962 20.2 3.14 -0.12
571 688.887 22.5 3.02 0.02
572 689.744 27.3 3.04 -0.07
573 696.031 51.5 3.39 0.07
574 696.082 35.3 3.36 0.07
575 696.642 62.0 3.36 -0.13
576 696.731 45.8 3.25 -0.13
577 699.427 54.6 3.27 0.04
578 700.779 37.8 3.08 0.19
579 701.039 73.1 3.13 0.13
580 702.267 54.6 3.32 -0.02
581 702.400 54.6 3.22 0.01
582 704.599 54.6 3.24 -0.04
583 705.404 40.1 3.29 0.05
584 708.049 24.2 3.28 0.12
585 709.050 59.4 3.41 0.20
586 710.647 41.0 3.27 0.33
587 710.971 41.0 3.20 0.26
588 711.108 49.8 3.14 0.29
589 711.429 23.3 3.29 0.33
590 711.791 95.6 3.23 0.36
591 711.971 44.1 3.31 0.28
592 712.272 49.8 3.24 0.29
593 713.292 31.3 3.09 0.32
594 713.780 48.9 3.24 0.37
595 718.672 21.6 3.22 0.32
596 719.344 42.1 3.38 0.24
597 722.877 45.8 3.15 -0.16
598 723.853 72.2 3.02 -0.01
599 732.025 35.0 3.20 -0.00
600 732.233 24.5 3.21 -0.05
601 733.646 50.6 3.11 -0.13
602 734.059 46.6 3.13 -0.01
603 735.581 48.4 3.23 -0.04
604 735.674 44.9 3.20 -0.04
605 738.077 52.9 3.20 -0.15
606 740.428 42.7 3.03 0.13
607 740.712 44.9 3.02 0.17
608 740.923 50.6 3.01 0.25
609 742.094 37.0 3.00 0.19
610 743.613 32.1 3.29 -0.01
611 743.640 11.9 3.33 -0.03
612 744.029 37.8 3.30 -0.10
613 744.275 37.0 3.23 0.04
614 744.692 36.4 3.18 -0.17
615 744.756 33.6 3.21 -0.23
616 746.214 39.3 3.22 -0.14
617 749.481 28.2 3.21 0.02
618 749.818 59.4 2.94 -0.05
619 751.621 44.9 3.31 0.07
620 753.198 63.4 3.38 -0.05
621 753.536 27.3 3.31 -0.15
622 753.860 44.1 3.35 -0.12
623 755.328 77.9 3.24 0.01
624 756.536 44.9 3.19 -0.00
625 757.710 44.1 3.33 -0.25
626 759.973 61.2 3.26 0.04
627 760.229 48.9 3.27 -0.04
628 762.328 18.5 3.25 0.02
629 763.540 18.2 3.21 -0.03
630 766.213 78.8 3.21 0.12
631 766.278 33.8 3.07 0.13
632 766.612 52.9 3.08 0.09
633 767.308 44.9 3.11 0.11
634 768.984 50.3 2.95 0.12
635 771.036 32.1 3.13 0.04
636 774.046 51.5 3.16 0.10
637 777.347 35.3 3.13 0.11
638 778.361 50.6 3.05 0.15
639 780.934 47.5 2.98 -0.07
640 781.487 18.5 2.94 -0.03
641 781.521 14.2 3.10 -0.03
642 782.426 58.6 2.96 -0.06
643 782.801 72.2 3.00 -0.03
644 783.409 18.5 3.04 -0.06
645 784.928 58.6 3.00 -0.01
646 785.303 67.4 2.97 0.10
647 785.488 37.0 2.92 0.03
648 785.553 33.0 2.88 0.07
649 786.700 85.0 3.10 0.06
650 787.160 44.1 3.20 -0.24
651 787.239 49.8 3.05 -0.23
652 787.409 33.0 3.23 -0.07
653 788.123 23.3 3.00 0.01
654 788.154 17.6 3.06 0.05
655 788.867 26.5 3.09 0.05
656 793.018 54.6 3.37 -0.06
657 794.192 43.2 3.34 0.11
658 794.393 40.1 3.42 -0.01
659 795.342 45.8 3.25 0.06
660 796.660 47.5 3.15 0.04
661 798.779 43.2 3.17 0.23
662 800.042 50.6 3.30 0.16
663 800.810 49.8 3.15 0.06
664 802.234 59.4 3.31 0.08
665 804.234 39.3 3.22 0.03
666 805.558 32.1 3.23 0.14
667 809.228 40.1 3.14 0.07
668 813.914 33.8 3.17 -0.15
669 816.017 45.8 3.28 0.05
670 819.065 56.3 3.31 -0.12
671 820.188 52.9 3.22 -0.08
672 821.253 44.9 3.18 -0.06
673 826.926 45.8 3.28 0.01
674 827.451 64.3 3.13 0.10
675 827.591 51.5 3.12 0.09
676 828.230 27.3 3.24 0.15
677 828.530 41.0 3.16 -0.01
678 828.844 81.1 3.17 0.08
679 831.308 45.8 3.22 0.06
680 831.581 41.8 3.34 0.02
681 834.230 29.0 3.35 0.27
682 834.688 59.4 3.37 0.27
683 835.012 44.9 3.39 0.24
684 838.039 33.0 3.27 0.09
685 839.012 24.2 3.21 0.07
686 844.497 42.7 2.84 0.20
687 846.010 64.3 2.91 0.07
688 846.064 34.4 2.85 0.06
689 846.307 59.4 2.77 0.15
690 846.730 45.8 2.72 0.05
691 846.798 48.9 2.81 0.09
692 847.320 23.3 2.94 0.12
693 848.187 49.8 2.88 0.13
694 849.331 50.3 3.06 0.11
695 849.812 37.8 3.00 0.11
696 850.276 41.0 3.10 0.24
697 850.508 37.8 3.13 0.25
698 850.546 32.7 3.09 0.25
699 854.178 26.5 2.95 0.11
700 854.342 58.6 2.94 0.02
701 854.434 44.9 2.96 0.04
702 856.301 49.8 3.21 -0.03
703 858.130 68.3 3.05 0.20
704 859.984 43.0 3.28 0.18
705 860.387 48.1 3.17 0.19
706 860.752 49.8 3.18 0.23
707 861.469 48.1 3.03 0.07
708 861.847 31.3 3.01 0.10
709 862.083 27.9 3.10 0.05
710 864.209 30.4 3.04 0.10
711 864.308 73.1 3.03 0.24
712 865.032 55.5 3.18 -0.03
713 866.141 19.3 3.00 0.02
714 867.135 52.9 3.07 -0.03
715 867.886 45.8 3.20 -0.14
716 871.282 53.8 2.85 -0.02
717 871.760 45.8 2.85 0.23
718 872.067 41.0 2.96 0.09
719 872.425 38.7 3.04 0.13
720 873.309 40.1 2.99 0.13
721 874.671 50.6 2.90 0.13
722 874.764 55.5 3.04 0.06
723 875.747 45.8 2.92 0.16
724 877.064 29.0 2.94 0.13
725 879.361 44.9 3.00 0.09
726 879.443 54.6 2.98 -0.02
727 879.931 37.8 2.99 0.09
728 880.798 34.4 2.96 -0.12
729 881.747 49.8 3.03 0.06
730 883.771 37.8 3.05 0.03
731 884.983 52.9 3.15 0.18
732 885.058 54.6 3.12 0.18
733 885.789 37.8 3.10 0.02
734 888.041 44.1 3.04 0.19
735 888.536 64.3 3.04 0.13
736 891.731 18.5 3.06 0.00
737 891.782 17.6 3.08 0.00
738 892.055 17.6 2.98 0.10
739 892.489 45.8 2.90 -0.01
740 893.144 66.0 3.12 -0.02
741 893.888 81.9 2.95 0.05
742 898.804 54.6 2.80 0.44
743 899.534 63.4 2.83 0.28
744 899.947 41.0 2.90 0.41
745 902.261 41.0 3.05 0.01
746 903.313 38.4 3.04 0.31
747 903.538 37.0 3.17 0.32
748 904.026 41.0 3.23 0.34
749 909.463 37.8 3.16 0.28
750 910.173 49.8 2.91 0.11
751 911.416 48.1 3.27 0.26
752 913.996 59.4 3.05 0.03
753 914.461 35.0 3.07 0.14
754 915.075 42.1 3.16 0.14
755 915.403 35.3 3.11 0.22
756 918.051 59.4 2.98 0.06
757 918.311 77.1 3.00 0.06
758 919.369 53.8 3.21 0.06
759 920.314 49.8 3.09 0.05
760 920.970 63.4 3.08 -0.06
761 921.895 53.8 3.16 0.00
762 924.284 42.7 3.26 -0.01
763 926.793 44.9 3.04 0.03
764 927.629 42.7 3.08 0.27
765 932.920 49.8 2.94 0.01
766 933.780 31.9 3.13 -0.07
767 934.893 54.6 3.17 -0.08
768 936.937 36.1 3.26 -0.09
769 939.163 62.6 3.02 -0.10
770 939.405 47.5 3.04 -0.14
771 939.654 85.0 3.08 -0.07
772 942.242 21.6 3.07 -0.09
773 944.416 34.4 3.06 0.02
774 945.815 33.8 2.97 -0.12
775 951.270 28.2 3.26 -0.13
776 951.939 77.1 3.37 -0.20
777 952.762 59.4 3.32 0.01
778 952.929 36.1 3.12 0.05
779 954.496 40.1 3.24 0.12
780 954.533 34.1 3.17 0.12
781 954.676 46.6 3.20 0.19
782 955.001 40.1 3.22 0.07
783 955.895 35.3 3.22 0.16
784 957.417 41.0 3.26 -0.09
785 958.673 64.3 3.31 0.13
786 960.145 95.6 3.35 -0.07
787 960.711 73.1 3.22 -0.14
788 961.602 21.6 3.17 -0.03
789 961.814 27.3 3.24 -0.05
790 962.162 45.8 3.19 0.07
791 962.329 52.9 3.14 0.15
792 964.336 20.2 3.35 -0.01
793 966.657 28.2 3.23 -0.15
794 966.964 21.6 3.36 -0.13
795 969.012 34.4 3.24 0.00
796 969.552 41.0 3.17 0.08
797 970.477 58.6 3.15 0.09
798 971.153 37.0 3.16 0.12
799 972.945 23.3 3.07 0.03
800 973.248 25.6 3.22 0.02
801 973.320 31.6 3.13 0.02
802 979.147 24.2 3.20 -0.08
803 979.471 36.1 3.29 0.01
804 979.993 51.5 3.18 0.07
805 982.410 48.1 3.17 0.04
806 984.372 63.4 3.15 -0.06
807 985.670 51.5 3.21 -0.03
808 985.728 55.8 2.98 -0.03
809 985.796 54.3 3.09 -0.03
810 987.625 43.2 3.10 0.04
811 988.154 54.6 3.01 0.02
812 988.390 40.1 3.11 0.00
813 989.813 59.4 3.23 -0.05
814 991.325 18.5 3.22 0.02
815 991.868 17.6 3.35 -0.04
816 992.650 38.7 3.26 0.02
817 992.701 31.9 3.32 0.02
818 995.920 35.3 3.07 -0.27
819 996.258 52.9 3.20 -0.19
820 998.289 56.3 3.11 -0.22
821 998.944 59.4 3.09 -0.11
822 999.009 42.1 2.99 -0.14
823 999.705 44.9 3.11 -0.16
824 1002.026 54.6 3.02 0.01
825 1002.105 66.6 3.14 0.04
826 1006.443 49.8 3.13 0.20
827 1006.569 59.4 3.18 0.23
828 1008.392 52.9 3.23 0.20
829 1009.969 49.8 3.26 -0.04
830 1012.362 45.8 3.24 -0.04
831 1014.420 49.8 3.29 0.04
832 1014.550 48.9 3.37 0.09
833 1015.294 31.3 3.24 0.12
834 1015.642 37.8 3.22 0.10
835 1016.792 46.6 3.18 0.21
836 1017.356 43.2 3.20 0.03
837 1017.584 68.3 3.16 -0.00
838 1018.939 56.9 3.24 -0.06
839 1020.554 16.8 3.22 -0.08
840 1023.370 50.6 3.31 0.03
841 1023.592 44.9 3.22 0.09
842 1023.837 49.8 3.12 0.10
843 1024.653 28.2 3.16 0.06
844 1024.776 41.8 3.26 0.00
845 1026.128 48.9 3.21 0.08
846 1028.265 37.0 3.24 0.22
847 1030.883 37.0 3.06 0.23
848 1032.958 86.8 3.27 0.19
849 1033.828 38.7 3.15 0.13
850 1033.955 46.6 3.11 0.14
851 1034.791 54.6 3.09 0.23
852 1035.473 64.3 3.05 0.21
853 1035.822 53.8 3.03 0.14
854 1039.313 23.3 3.09 -0.07
855 1040.774 89.9 3.22 0.25
856 1040.908 116.3 3.24 0.18
857 1041.396 44.1 3.30 0.12
858 1042.464 42.7 3.25 0.04
859 1044.457 83.6 3.21 -0.01
860 1044.655 45.8 3.19 0.01
861 1047.294 52.9 3.19 -0.03
862 1048.727 61.2 3.13 -0.06
863 1048.772 34.7 3.24 -0.06
864 1051.212 44.1 3.47 -0.12
865 1051.380 59.4 3.26 0.03
866 1051.523 78.8 3.27 0.03
867 1051.718 19.3 3.32 -0.00
868 1057.220 48.1 3.16 0.16
869 1057.978 24.2 3.29 0.15
870 1058.005 23.3 3.24 0.15
871 1058.541 28.2 3.22 0.03
872 1059.360 52.9 3.24 0.02
873 1064.118 46.6 3.26 -0.11
874 1064.644 33.0 3.15 -0.11
875 1065.258 32.1 3.21 -0.10
876 1066.593 63.4 3.25 0.09
877 1070.317 39.3 3.15 -0.03
878 1076.573 34.4 3.04 0.02
879 1078.106 55.5 3.00 0.06
880 1079.099 47.5 2.96 -0.07
881 1083.018 34.4 3.24 -0.08
882 1084.800 48.9 3.22 -0.06
883 1085.301 58.6 3.26 0.10
884 1087.994 59.4 3.11 -0.11
885 1088.278 49.8 3.20 0.04
886 1090.001 41.0 3.26 -0.06
887 1090.063 71.4 3.10 -0.09
888 1090.421 20.8 3.28 -0.00
889 1090.578 49.8 3.33 0.03
890 1091.575 49.8 3.14 0.04
891 1092.002 51.5 3.19 0.04
892 1092.063 54.6 3.23 -0.01
893 1092.261 66.6 3.19 0.01
894 1093.968 28.2 3.13 0.20
895 1094.244 45.8 3.17 -0.01
896 1095.077 50.6 3.05 0.01
897 1097.606 44.1 3.15 0.21
898 1097.688 47.5 3.10 0.21
899 1098.538 59.4 2.98 0.24
900 1098.685 37.8 2.95 0.33
901 1100.600 54.6 2.88 0.09
902 1101.726 58.6 3.02 0.18
903 1102.805 54.6 3.15 0.03
904 1104.331 46.6 3.14 0.08
905 1106.601 63.4 3.15 0.04
906 1106.720 54.9 3.19 0.04
907 1107.205 57.2 3.21 0.20
908 1109.297 28.2 3.08 0.11
909 1111.011 41.0 3.10 0.16
910 1111.413 41.8 2.96 0.04
911 1112.891 30.4 3.01 0.14
912 1112.936 17.1 3.12 0.12
913 1113.642 57.7 3.11 0.06
914 1115.008 57.7 3.14 0.16
915 1115.564 52.9 3.11 0.12
916 1116.875 44.9 3.24 0.01
917 1117.114 50.6 3.21 0.04
918 1118.117 45.8 3.05 0.04
919 1118.397 31.3 3.16 0.04
920 1119.738 22.5 3.20 -0.05
921 1121.165 51.5 3.26 -0.03
922 1122.162 41.8 3.24 0.00
923 1123.189 48.9 3.30 -0.13
924 1123.445 65.7 3.19 -0.11
925 1124.179 41.5 3.16 -0.10
926 1125.009 41.8 3.13 -0.04
927 1125.480 54.6 3.19 -0.08
928 1125.575 37.8 3.15 -0.06
929 1127.985 41.8 3.13 -0.13
930 1129.173 59.4 3.24 0.00
931 1129.340 49.8 3.17 -0.14
932 1133.986 37.0 3.17 0.05
933 1134.525 58.6 3.25 0.10
934 1135.331 27.3 3.28 -0.04
935 1137.819 59.4 3.09 -0.12
936 1139.570 45.8 3.17 0.03
937 1141.819 44.1 3.06 0.06
938 1141.956 56.3 3.01 0.02
939 1142.369 63.4 3.01 -0.01
940 1143.396 63.4 3.08 0.01
941 1143.782 49.8 3.05 0.05
942 1144.564 38.7 3.02 0.05
943 1146.823 41.0 3.03 -0.15
944 1147.124 43.2 2.96 -0.05
945 1147.561 43.2 3.15 -0.17
946 1149.363 27.3 2.95 0.09
947 1151.998 56.9 3.01 -0.17
948 1153.186 58.0 2.98 -0.35
949 1154.455 18.5 3.13 -0.19
950 1154.483 19.3 3.11 -0.19
951 1156.186 43.2 3.17 0.06
952 1157.111 44.9 3.17 -0.04
953 1158.162 47.2 3.10 -0.09
954 1158.732 37.8 3.11 0.00
955 1159.210 19.3 3.18 -0.17
956 1160.282 58.6 3.22 0.01
957 1164.132 28.2 3.14 0.11
958 1165.935 63.4 3.15 0.00
959 1166.593 51.5 3.09 0.03
960 1167.303 58.6 3.08 0.07
961 1169.174 49.8 2.99 -0.10
962 1169.553 63.4 2.91 -0.04
963 1171.567 95.6 3.07 0.08
964 1175.673 41.8 3.08 0.00
965 1178.144 50.6 3.29 -0.19
966 1179.970 54.6 3.17 -0.18
967 1180.192 36.1 3.18 -0.14
968 1180.236 19.1 2.97 -0.20
969 1180.581 68.3 3.07 -0.16
970 1180.711 36.1 3.08 -0.13
971 1180.779 45.8 2.99 -0.08
972 1183.346 38.7 3.02 0.04
973 1184.592 49.8 3.07 -0.02
974 1185.862 37.8 3.01 0.05
975 1187.186 33.0 2.91 -0.02
976 1187.223 11.9 2.96 -0.02
977 1188.459 59.4 3.19 -0.02
978 1190.500 50.6 3.06 0.07
979 1190.975 39.3 3.19 -0.05
980 1191.251 39.3 3.06 0.18
981 1191.886 44.7 3.09 -0.13
982 1193.193 106.1 3.17 -0.02
983 1193.354 22.5 3.11 -0.03
984 1194.081 50.6 3.05 -0.03
985 1194.166 34.4 3.06 -0.06
986 1194.746 32.1 3.12 -0.13
987 1195.207 42.7 3.05 -0.07
988 1196.675 32.1 3.03 -0.04
989 1201.051 44.1 2.95 -0.03
990 1201.727 32.1 2.95 -0.04
991 1202.399 53.8 2.98 -0.07
992 1202.631 64.3 3.07 -0.06
993 1203.218 49.8 3.08 -0.11
994 1204.649 21.6 2.90 -0.09
995 1205.120 39.3 3.01 0.03
996 1205.809 48.9 2.85 -0.10
997 1206.174 54.6 2.96 -0.09
998 1206.727 59.4 2.91 -0.11
999 1208.246 73.1 2.84 -0.08
1000 1208.724 54.6 2.79 -0.02
1001 1210.765 24.2 2.86 -0.16
1002 1210.806 28.4 2.85 -0.16
1003 1210.840 18.5 2.83 -0.11
1004 1210.919 37.8 2.91 -0.09
1005 1212.271 22.5 2.87 -0.19
1006 1212.383 24.2 2.86 -0.22
1007 1216.387 36.1 3.18 -0.06
1008 1216.520 27.3 3.08 0.00
1009 1217.841 54.6 2.98 -0.03
1010 1217.978 38.7 2.99 0.01
1011 1218.626 53.8 2.91 -0.30
1012 1219.070 41.8 2.67 -0.43
1013 1219.995 23.3 2.94 -0.36
1014 1220.063 43.2 2.97 -0.32
1015 1220.828 71.4 2.97 -0.20
1016 1221.449 74.0 2.96 -0.19
1017 1224.729 68.3 2.91 -0.06
1018 1224.876 48.1 2.87 -0.18
1019 1226.156 49.8 3.12 -0.03
1020 1228.228 29.0 3.21 0.02
1021 1228.378 34.4 3.26 0.04
1022 1229.235 54.6 3.15 0.05
1023 1229.914 46.6 3.35 0.02
1024 1231.375 20.2 3.14 -0.41
1025 1231.645 106.1 3.20 -0.13
1026 1233.788 36.7 3.01 -0.23
1027 1233.945 49.8 2.98 -0.17
1028 1234.287 67.4 2.95 -0.18
1029 1235.003 64.0 3.03 -0.06
1030 1236.051 41.0 2.98 -0.05
1031 1238.113 32.7 3.01 -0.26
1032 1239.898 52.9 3.06 -0.06
1033 1241.874 26.5 3.33 -0.03
1034 1246.479 58.6 3.36 -0.16
1035 1248.322 41.0 3.25 0.14
1036 1249.643 32.1 3.23 -0.04
1037 1250.595 16.8 3.18 0.12
1038 1250.985 51.2 3.44 0.04
1039 1256.265 45.8 3.08 -0.19
1040 1256.518 49.8 3.09 -0.06
1041 1258.668 62.6 3.14 0.04
1042 1258.982 30.4 3.12 0.08
1043 1259.405 33.8 3.18 0.11
1044 1259.562 59.4 3.09 0.12
1045 1259.900 48.9 3.12 0.03
1046 1261.402 48.1 3.32 0.08
1047 1262.747 49.8 3.03 -0.09
1048 1263.221 52.1 3.10 -0.03
1049 1263.672 41.8 3.05 -0.08
1050 1264.194 36.1 3.17 -0.10
1051 1265.566 38.7 3.13 -0.09
1052 1265.720 23.3 3.11 -0.15
1053 1266.932 63.4 3.12 -0.18
1054 1267.782 44.9 3.07 -0.02
1055 1268.611 24.2 3.04 -0.07
1056 1269.713 54.6 3.10 -0.13
1057 1274.765 21.6 2.91 0.02
1058 1277.117 49.8 3.09 0.31
1059 1278.267 37.0 3.26 0.06
1060 1280.261 49.8 3.12 -0.04
1061 1280.377 27.3 3.09 -0.03
1062 1280.766 53.8 3.18 0.10
1063 1280.820 40.1 3.19 0.06
1064 1280.940 19.3 3.12 0.02
1065 1282.234 51.5 3.34 0.05
1066 1282.636 46.6 3.30 -0.00
1067 1282.722 47.5 3.28 -0.00
1068 1283.978 53.8 3.30 -0.02
1069 1284.063 54.6 3.28 0.02
1070 1284.172 48.9 3.32 0.05
1071 1284.807 45.8 3.20 0.03
1072 1287.009 47.5 3.32 -0.02
1073 1289.347 44.9 3.27 -0.21
1074 1290.361 36.1 3.16 -0.16
1075 1290.453 49.8 3.08 -0.14
1076 1290.511 26.5 3.10 -0.17
1077 1290.692 57.2 3.09 -0.22
1078 1291.156 29.0 3.31 -0.03
1079 1291.521 37.8 3.33 -0.17
1080 1291.999 59.4 3.32 0.05
1081 1292.252 42.7 3.35 -0.11
1082 1293.235 49.8 3.23 -0.05
1083 1295.126 59.4 3.35 -0.02
1084 1295.344 50.6 3.34 -0.03
1085 1296.198 41.0 3.25 0.06
1086 1297.123 41.0 3.27 -0.01
1087 1297.860 37.8 3.36 -0.08
1088 1299.396 45.8 3.27 -0.08
1089 1303.772 21.6 3.31 -0.01
1090 1303.823 41.0 3.32 -0.01
1091 1308.475 48.9 3.30 -0.08
1092 1309.769 53.8 3.30 0.00
1093 1310.424 31.3 3.51 0.12
1094 1311.581 44.1 3.29 -0.09
1095 1315.053 47.5 3.25 0.16
1096 1315.172 19.3 3.25 0.06
1097 1316.012 63.4 3.26 0.12
1098 1316.142 23.3 3.24 0.03
1099 1316.176 19.3 3.27 0.03
1100 1316.660 24.7 3.15 0.21
1101 1317.224 48.6 3.15 0.02
1102 1317.340 29.6 3.22 0.12
1103 1317.469 64.3 3.20 0.14
1104 1319.169 50.6 3.21 -0.03
1105 1319.347 30.4 3.11 0.04
1106 1320.828 36.1 3.19 0.04
1107 1321.115 53.8 3.19 -0.02
1108 1321.200 54.6 3.14 0.01
1109 1322.279 58.6 3.31 0.07
1110 1324.006 38.1 3.22 0.07
1111 1325.576 59.4 3.10 0.10
1112 1327.668 54.6 3.15 -0.16
1113 1331.628 29.6 3.38 0.03
1114 1334.867 39.3 3.12 0.10
1115 1337.335 47.5 3.18 0.12
1116 1339.124 32.1 3.25 0.25
1117 1339.731 45.8 3.25 0.08
1118 1340.506 57.7 3.36 0.09
1119 1340.772 26.5 3.27 0.11
1120 1341.090 43.2 3.47 -0.07
1121 1343.247 39.3 3.48 -0.06
1122 1344.527 50.6 3.37 -0.18
1123 1346.578 45.8 3.49 -0.06
1124 1347.746 29.3 3.22 -0.12
1125 1351.367 26.5 3.39 -0.15
1126 1351.695 59.4 3.30 -0.15
1127 1353.719 41.0 3.41 -0.19
1128 1355.610 30.4 3.26 0.01
1129 1355.842 33.8 3.26 0.07
1130 1360.826 44.1 3.21 -0.00
1131 1363.908 49.8 3.20 -0.07
1132 1364.266 54.6 3.19 0.02
1133 1364.734 50.6 3.23 0.00
1134 1366.243 48.1 3.35 0.02
1135 1367.618 52.3 3.18 -0.01
1136 1368.478 59.4 3.33 -0.07
1137 1369.014 27.3 3.22 -0.10
1138 1372.393 50.6 3.21 0.01
1139 1372.615 81.9 3.13 0.04
1140 1375.206 49.8 3.19 -0.05
1141 1377.520 46.6 3.05 0.03
1142 1382.466 41.0 2.98 0.07
1143 1384.852 48.1 3.12 0.02
1144 1386.757 24.2 3.11 -0.03
1145 1389.433 28.2 3.12 0.01
1146 1389.812 38.7 3.25 0.05
1147 1389.945 63.4 3.19 0.11
1148 1390.883 44.9 3.23 0.12
1149 1391.078 44.1 3.23 0.30
1150 1392.843 52.9 3.29 0.19
1151 1396.290 41.0 3.24 0.20
1152 1396.765 50.6 3.28 0.11
1153 1396.881 54.6 3.24 0.02
1154 1401.014 59.4 3.14 0.04
1155 1403.264 25.6 3.06 0.08
1156 1403.386 49.8 3.15 0.06
1157 1404.322 54.6 3.23 -0.07
1158 1405.124 44.1 3.17 0.09
1159 1405.325 41.0 3.22 0.13
1160 1407.199 33.0 3.36 -0.09
1161 1407.967 61.2 3.16 0.02
1162 1409.090 31.3 3.28 -0.17
1163 1409.650 51.5 3.31 -0.20
1164 1409.889 24.2 3.23 -0.06
1165 1409.920 34.4 3.28 -0.05
1166 1410.210 33.6 3.31 -0.15
1167 1410.763 19.3 3.25 -0.19
1168 1412.166 52.9 3.12 0.04
1169 1412.254 46.6 3.08 0.11
1170 1412.620 41.0 3.20 0.20
1171 1413.333 48.1 3.20 0.03
1172 1420.627 28.2 3.22 0.11
1173 1420.777 46.4 3.15 0.12
1174 1421.095 50.6 3.20 0.13
1175 1422.914 59.4 3.28 0.17
1176 1423.156 49.8 3.15 0.18
1177 1424.611 65.7 3.10 0.07
1178 1426.126 20.8 3.17 0.07
1179 1427.184 59.4 3.19 0.05
1180 1427.427 57.7 3.12 -0.02
1181 1428.184 72.2 3.11 0.28
1182 1429.782 18.5 3.16 0.19
1183 1431.082 35.3 3.45 0.07
1184 1431.772 49.8 3.46 0.23
1185 1432.355 29.0 3.22 0.19
1186 1432.424 52.9 3.28 0.16
1187 1432.605 49.8 3.20 0.28
1188 1432.854 35.3 3.23 0.22
1189 1434.202 77.1 3.31 -0.07
1190 1434.424 32.1 3.22 0.00
1191 1434.455 11.1 3.30 -0.01
1192 1436.738 45.8 3.15 0.11
1193 1437.298 63.4 3.23 0.08
1194 1439.042 18.5 3.35 0.18
1195 1440.254 59.4 3.05 0.02
1196 1441.401 38.7 3.09 -0.11
1197 1444.398 73.1 3.27 0.04
1198 1444.719 37.8 3.41 -0.04
1199 1444.783 25.6 3.31 -0.04
1200 1446.036 45.8 3.34 0.01
1201 1446.244 59.4 3.29 0.01
1202 1448.156 58.6 3.35 0.00
1203 1451.586 54.6 3.15 -0.06
1204 1452.050 32.1 3.13 0.19
1205 1457.481 41.0 3.33 0.09
1206 1460.492 45.8 3.21 0.12
1207 1461.130 70.0 3.31 0.11
1208 1463.550 50.3 3.25 -0.08
1209 1463.826 48.9 3.15 -0.10
1210 1464.489 53.8 3.24 -0.21
1211 1468.817 64.3 3.18 -0.03
1212 1470.329 28.7 3.15 0.14
1213 1470.377 18.5 3.14 0.14
1214 1471.622 43.2 3.10 0.05
1215 1472.380 41.8 3.15 0.02
1216 1472.766 54.6 3.16 0.02
1217 1477.169 33.0 3.15 0.02
1218 1477.999 40.1 3.27 0.06
1219 1478.214 35.3 3.17 -0.01
1220 1479.685 49.8 3.39 -0.15
1221 1483.040 41.0 3.15 -0.16
1222 1483.975 53.8 3.20 -0.14
1223 1484.265 54.6 3.14 -0.05
1224 1484.648 50.6 3.12 -0.08
1225 1485.829 37.0 3.18 0.09
1226 1485.876 36.1 3.13 0.09
1227 1486.617 23.9 3.21 0.14
1228 1487.286 27.3 3.23 0.15
1229 1488.116 30.4 3.15 -0.00
1230 1489.167 32.1 3.14 0.26
1231 1489.211 34.4 3.25 0.17
1232 1490.563 49.8 3.20 0.11
1233 1493.263 54.6 3.12 0.12
1234 1495.570 45.8 3.24 -0.02
1235 1497.366 54.6 3.25 0.10
1236 1498.690 44.1 3.31 0.18
1237 1499.148 45.8 3.36 0.22
1238 1500.298 86.8 3.23 0.16
1239 1501.783 45.8 3.12 -0.07
1240 1502.861 48.1 3.10 -0.10
1241 1505.169 36.1 3.08 -0.24
1242 1505.534 30.4 3.06 -0.18
1243 1507.107 38.7 3.17 -0.28
1244 1507.176 63.4 3.17 -0.17
1245 1509.940 39.3 3.16 -0.11
1246 1510.323 41.0 3.14 -0.17
1247 1510.405 54.6 3.11 -0.20
1248 1511.149 36.1 3.00 -0.12
1249 1511.224 54.6 3.08 -0.16
1250 1512.006 42.7 3.08 -0.25
1251 1513.012 40.1 3.18 -0.18
1252 1513.033 46.1 3.15 -0.00
1253 1514.357 33.0 3.10 -0.11
1254 1514.562 63.4 3.12 -0.11
1255 1517.716 93.3 3.06 -0.20
1256 1517.836 73.1 3.05 -0.01
1257 1519.641 75.4 3.25 -0.14
1258 1521.355 66.0 3.30 -0.08
1259 1522.597 49.8 3.28 0.03
1260 1522.945 40.1 3.14 0.03
1261 1523.840 41.0 3.06 -0.02
1262 1524.836 35.3 3.06 -0.05
1263 1525.447 34.4 3.00 -0.07
1264 1525.765 42.7 2.90 -0.10
1265 1526.935 35.3 3.09 -0.03
1266 1528.052 33.8 3.11 0.08
1267 1529.663 63.4 3.06 0.15
1268 1531.072 33.8 3.07 0.13
1269 1532.100 54.6 3.22 -0.17
1270 1537.131 58.6 3.04 0.18
1271 1537.213 68.8 3.26 0.19
1272 1538.971 34.4 3.05 0.17
1273 1540.643 58.6 2.87 -0.16
1274 1541.282 37.0 2.89 -0.16
1275 1541.381 43.0 2.96 -0.16
1276 1541.487 19.3 2.97 -0.18
1277 1543.480 45.8 3.08 0.17
1278 1544.029 79.4 3.05 0.07
1279 1546.624 41.0 3.37 0.12
1280 1547.002 33.0 3.21 -0.04
1281 1548.777 54.6 3.12 -0.01
1282 1552.962 14.5 3.27 -0.05
1283 1556.249 35.3 3.12 0.12
1284 1556.638 54.0 3.24 0.05
1285 1558.669 54.6 3.34 0.04
1286 1558.714 41.0 3.20 0.04
1287 1559.738 50.6 3.29 -0.08
1288 1561.485 61.2 3.37 -0.06
1289 1562.738 17.6 3.33 -0.01
1290 1564.096 54.6 3.29 0.08
1291 1564.957 33.0 3.13 0.08
1292 1565.318 42.7 3.23 0.06
1293 1566.964 40.1 3.11 0.00
1294 1570.118 42.7 3.31 0.06
1295 1570.432 52.9 3.27 0.21
1296 1571.732 68.3 3.33 0.05
1297 1572.012 21.6 3.31 -0.03
1298 1573.285 39.5 3.30 -0.13
1299 1575.654 46.6 3.27 0.08
1300 1575.859 44.9 3.26 0.01
1301 1576.879 40.1 3.17 0.02
1302 1576.989 49.8 3.11 -0.02
1303 1581.225 37.0 3.01 -0.11
1304 1582.880 44.9 3.11 -0.08
1305 1582.996 27.3 3.06 -0.08
1306 1583.286 95.6 3.02 -0.10
1307 1584.095 27.3 2.96 -0.01
1308 1585.116 54.6 3.00 -0.04
1309 1585.324 60.3 3.14 0.07
1310 1586.488 18.5 3.09 -0.02
1311 1586.747 68.3 3.15 0.03
1312 1586.966 73.1 3.13 0.04
1313 1587.150 44.9 3.05 0.02
1314 1587.464 59.4 2.98 -0.12
1315 1587.986 54.6 2.97 -0.12
1316 1588.256 59.4 3.03 -0.13
1317 1588.591 60.3 3.06 -0.14
1318 1589.512 34.4 3.05 -0.09
1319 1589.707 39.3 3.08 -0.10
1320 1589.744 29.0 3.08 -0.10
1321 1589.816 36.4 3.08 -0.11
1322 1590.181 59.4 3.13 -0.08
1323 1590.304 45.8 3.08 -0.11
1324 1591.393 53.8 3.06 -0.06
1325 1594.868 61.7 2.91 -0.12
1326 1595.397 40.1 3.04 -0.18
1327 1598.291 45.8 2.99 -0.14
1328 1598.424 59.4 3.04 -0.17
1329 1599.431 45.8 3.00 -0.16
1330 1599.697 49.8 2.98 -0.15
1331 1599.800 79.9 2.94 -0.15
1332 1600.588 33.0 3.01 -0.20
1333 1600.623 21.6 2.95 -0.19
1334 1601.227 41.0 2.97 -0.09
1335 1603.213 27.3 2.95 -0.07
1336 1606.398 19.3 3.03 -0.15
1337 1606.429 34.4 3.03 -0.15
1338 1607.524 53.8 3.13 -0.21
1339 1607.876 49.8 3.08 -0.25
1340 1608.105 40.1 2.93 -0.26
1341 1608.330 33.0 2.95 -0.24
1342 1608.736 33.0 3.02 -0.28
1343 1609.292 48.1 2.98 -0.37
1344 1609.777 66.6 3.02 -0.25
1345 1609.900 54.6 3.02 -0.23
1346 1612.296 37.5 3.16 -0.25
1347 1613.508 80.2 3.15 -0.34
1348 1614.296 63.4 3.07 -0.39
1349 1615.979 20.8 2.87 -0.06
1350 1616.658 45.8 2.94 0.09
1351 1617.573 45.8 2.78 -0.09
1352 1618.471 59.4 2.90 -0.18
1353 1619.078 49.8 2.86 -0.14
1354 1620.300 92.4 3.17 0.01
1355 1622.338 48.9 3.11 0.04
1356 1626.574 30.4 3.04 0.00
1357 1632.162 59.4 3.00 0.27
1358 1636.582 32.1 3.20 0.44
1359 1637.169 33.8 3.05 0.21
1360 1637.347 45.8 3.16 0.32
1361 1638.937 44.9 2.95 0.18
1362 1643.439 61.2 3.15 0.33
1363 1647.969 54.6 3.46 0.53
1364 1650.174 36.1 3.31 0.06
1365 1652.379 51.5 3.21 0.05
1366 1652.635 54.6 3.14 0.25
1367 1652.823 28.2 3.16 0.15
1368 1652.874 48.9 3.16 0.08
1369 1653.833 44.9 2.98 0.29
1370 1654.072 43.2 3.10 0.21
1371 1655.591 48.9 3.09 0.30
1372 1656.287 20.2 3.17 0.17
1373 1656.782 22.5 3.21 0.05
1374 1657.219 44.9 3.14 0.06
1375 1657.833 59.4 3.28 0.04
1376 1659.455 41.0 3.17 0.15
1377 1660.376 54.6 3.04 0.09
1378 1660.451 41.8 3.10 0.11
1379 1660.731 36.1 3.12 0.05
1380 1663.810 48.9 3.16 0.09
1381 1664.861 48.1 3.21 0.17
1382 1665.080 27.3 3.24 0.08
1383 1665.107 12.8 3.25 0.10
1384 1665.565 35.8 3.21 0.15
1385 1666.193 44.1 3.18 0.06
1386 1671.671 28.2 3.26 0.08
1387 1671.930 50.6 3.29 0.10
1388 1672.320 54.6 3.25 0.08
1389 1672.548 51.8 3.21 0.07
1390 1672.954 41.8 3.15 0.09
1391 1673.320 47.5 3.07 0.11
1392 1673.634 35.3 3.15 0.13
1393 1673.862 41.0 3.17 0.08
1394 1674.873 44.9 3.23 0.04
1395 1675.777 55.5 3.09 0.12
1396 1675.835 43.2 3.08 0.08
1397 1676.252 59.4 3.08 0.12
1398 1678.371 66.6 2.93 0.13
1399 1678.873 36.1 2.97 -0.04
1400 1679.498 48.9 3.22 0.19
1401 1680.041 68.3 2.99 0.13
1402 1680.836 28.2 3.11 0.19
1403 1682.515 47.5 3.14 -0.08
1404 1683.461 37.8 3.01 0.08
1405 1683.693 38.7 3.18 0.06
1406 1684.389 42.7 3.24 -0.02
1407 1684.430 25.6 3.24 -0.03
1408 1684.707 42.7 3.25 0.04
1409 1685.734 11.9 3.24 0.08
1410 1686.068 44.9 3.35 0.12
1411 1686.256 68.3 3.30 0.16
1412 1686.505 68.3 3.21 -0.03
1413 1688.628 48.9 3.25 0.01
1414 1689.386 59.4 3.20 0.12
1415 1689.932 49.8 3.22 -0.03
1416 1691.042 81.9 3.13 0.09
1417 1691.673 40.1 3.10 0.17
1418 1691.933 30.4 3.06 0.09
1419 1693.482 37.0 3.19 0.01
1420 1694.052 31.3 3.05 0.10
1421 1694.452 48.9 3.07 0.18
1422 1699.626 49.8 3.11 0.03
1423 1700.084 33.0 3.11 0.06
1424 1700.759 46.6 3.14 0.01
1425 1704.326 44.9 3.25 0.01
1426 1704.893 49.8 3.34 0.02
1427 1706.303 39.3 3.23 -0.01
1428 1707.945 27.3 3.24 0.02
1429 1710.604 62.6 3.29 0.04
1430 1711.201 24.2 3.19 0.01
1431 1711.279 43.2 3.28 0.09
1432 1712.358 44.9 3.23 0.05
1433 1712.911 41.0 3.24 0.13
1434 1713.283 50.1 3.26 0.11
1435 1714.624 54.6 3.10 0.04
1436 1715.792 32.1 3.21 -0.06
1437 1715.932 42.7 3.23 -0.10
1438 1716.188 74.0 3.07 -0.05
1439 1716.631 56.9 3.21 -0.12
1440 1717.369 27.3 3.16 -0.07
1441 1717.611 70.0 3.17 -0.03
1442 1718.915 41.8 3.08 0.06
1443 1721.847 22.5 3.13 -0.10
1444 1727.015 46.6 3.25 -0.04
1445 1727.066 25.6 3.21 0.03
1446 1727.155 44.1 3.17 -0.06
1447 1727.899 49.8 3.15 -0.08
1448 1728.237 58.6 3.19 -0.09
1449 1729.257 46.6 3.11 0.17
1450 1729.950 64.3 3.08 0.15
1451 1730.063 27.3 3.08 0.04
1452 1730.111 29.0 3.05 0.04
1453 1730.237 56.9 3.08 0.16
1454 1731.732 107.0 2.96 0.15
1455 1734.251 44.9 3.13 -0.24
1456 1734.326 45.8 3.15 -0.21
1457 1738.105 54.6 3.22 -0.03
1458 1739.395 39.0 3.17 -0.16
1459 1740.685 27.3 3.25 -0.09
1460 1742.095 45.8 3.32 -0.02
1461 1742.508 56.3 3.33 -0.17
1462 1744.737 44.1 3.33 0.06
1463 1745.280 47.5 3.31 -0.05
1464 1745.662 37.8 3.19 0.04
1465 1747.290 15.9 3.37 0.12
1466 1748.048 38.7 3.42 0.11
1467 1750.225 44.9 3.23 -0.06
1468 1753.547 54.6 3.27 0.04
1469 1753.844 54.6 3.27 0.07
1470 1756.342 37.8 2.98 0.16
1471 1756.980 59.4 3.01 0.10
1472 1757.312 52.3 3.13 0.19
1473 1759.551 64.3 3.29 0.06
1474 1760.001 54.6 3.21 0.04
1475 1760.254 70.0 3.28 0.01
1476 1761.056 73.1 3.22 -0.04
1477 1761.571 64.3 3.15 -0.01
1478 1763.968 95.6 3.02 -0.09
1479 1772.330 89.0 3.11 -0.06
1480 1772.767 25.6 3.19 0.05
1481 1773.409 45.8 3.21 0.02
1482 1774.999 61.2 3.17 0.02
1483 1776.174 43.2 3.06 0.02
1484 1777.003 35.3 3.15 0.06
1485 1780.297 59.4 3.20 0.07
1486 1780.563 20.2 3.24 0.01
1487 1780.819 52.1 3.26 0.02
1488 1785.714 19.3 3.17 -0.02
1489 1785.741 27.3 3.23 -0.02
1490 1786.902 23.3 3.10 0.01
1491 1788.516 50.6 3.24 0.02
1492 1791.766 62.6 3.17 0.07
1493 1795.643 29.0 3.18 0.18
1494 1795.674 23.0 3.12 0.18
1495 1795.817 46.6 3.18 0.10
1496 1798.835 32.7 3.12 0.12
1497 1799.565 18.5 3.13 0.07
1498 1800.006 40.1 3.16 -0.02
1499 1801.726 34.4 3.07 -0.00
1500 1802.678 48.9 3.14 -0.01
1501 1803.460 31.3 3.21 0.08
1502 1804.300 42.7 3.12 0.13
1503 1804.436 50.6 3.07 0.09
1504 1805.477 47.5 3.14 0.02
1505 1809.344 27.3 3.15 -0.12
1506 1810.269 23.6 3.05 -0.26
1507 1810.710 49.8 3.11 -0.01
1508 1810.973 45.8 3.16 0.02
1509 1813.222 29.0 3.16 0.06
1510 1815.164 47.5 3.11 -0.15
1511 1816.130 64.3 3.27 -0.02
1512 1816.478 135.7 3.32 -0.01
1513 1816.902 28.2 3.27 -0.07
1514 1817.396 49.8 3.32 -0.04
1515 1817.588 19.3 3.29 -0.09
1516 1819.605 24.2 3.16 -0.11
1517 1821.127 23.3 3.30 -0.17
1518 1821.151 21.6 3.31 -0.17
1519 1823.322 49.8 3.32 0.14
1520 1824.295 25.6 3.30 -0.02
1521 1824.483 68.3 3.35 0.07
1522 1826.049 55.5 3.04 0.12
1523 1826.664 51.5 3.08 0.03
1524 1828.442 21.3 3.02 -0.09
1525 1828.476 50.9 3.05 -0.14
1526 1829.063 41.0 3.10 -0.26
1527 1829.667 29.6 3.13 -0.13
1528 1829.910 26.5 3.06 -0.15
1529 1833.060 44.9 3.15 -0.10
1530 1833.135 54.6 3.15 -0.02
1531 1836.975 44.1 3.23 0.02
1532 1838.842 25.9 3.20 0.04
1533 1839.873 55.5 3.15 -0.06
1534 1841.440 44.9 3.21 -0.22
1535 1843.969 59.4 3.05 -0.05
1536 1844.993 17.6 3.28 -0.02
1537 1845.570 54.6 3.30 -0.15
1538 1846.604 66.0 3.23 -0.17
1539 1847.557 48.9 3.19 -0.12
1540 1848.495 38.7 3.20 -0.08
1541 1849.287 77.9 3.29 -0.09
1542 1850.748 54.6 3.25 0.13
1543 1852.154 54.6 2.98 0.08
1544 1852.233 54.6 3.02 0.07
1545 1853.107 55.5 3.18 -0.16
1546 1853.428 53.8 3.19 -0.18
1547 1853.667 27.3 3.11 -0.26
1548 1853.847 54.6 3.09 -0.18
1549 1856.650 24.2 3.22 -0.04
1550 1856.684 18.5 3.12 -0.03
1551 1857.015 39.3 3.20 -0.02
1552 1857.199 104.4 3.19 -0.12
1553 1859.456 53.8 3.18 -0.04
1554 1860.268 52.9 3.19 -0.02
1555 1860.804 59.4 3.06 0.04
1556 1861.026 50.6 3.13 0.07
1557 1862.616 26.5 3.08 0.02
1558 1864.388 54.6 2.95 -0.09
1559 1865.439 54.6 3.01 -0.09
1560 1866.832 67.4 2.98 -0.09
1561 1866.965 35.3 3.09 -0.09
1562 1869.197 49.8 3.23 -0.01
1563 1869.702 41.0 3.36 -0.02
1564 1869.829 38.7 3.32 -0.03
1565 1870.662 52.3 3.32 -0.01
1566 1870.924 113.2 3.39 -0.08
1567 1873.498 52.9 3.34 -0.08
1568 1873.706 54.6 3.30 -0.09
1569 1875.177 35.3 3.25 -0.10
1570 1875.515 22.5 3.28 -0.04
1571 1876.177 70.5 3.09 -0.01
1572 1877.884 39.3 3.35 0.08
1573 1878.389 54.6 3.44 0.03
1574 1878.717 47.5 3.41 0.01
1575 1881.485 49.8 3.33 0.12
1576 1883.093 54.6 3.28 0.06
1577 1887.892 44.9 3.21 0.05
1578 1888.093 50.6 3.16 0.05
1579 1888.517 37.8 3.11 -0.07
1580 1889.230 64.3 3.22 -0.13
1581 1890.483 38.7 3.10 -0.04
1582 1891.510 19.3 3.08 0.13
1583 1892.445 53.8 3.18 0.06
1584 1894.459 36.1 3.35 -0.11
1585 1894.534 39.8 3.32 -0.08
1586 1894.613 46.6 3.31 -0.02
1587 1896.610 33.8 3.18 -0.03
1588 1897.204 52.9 3.24 -0.10
1589 1898.354 33.8 3.21 0.05
1590 1899.719 68.6 3.16 0.11
1591 1901.638 59.4 3.05 0.11
1592 1903.092 54.6 3.23 0.13
1593 1906.293 57.7 3.25 -0.06
1594 1907.225 23.3 3.46 -0.01
1595 1910.284 45.8 3.27 -0.13
1596 1912.755 49.8 3.22 0.10
1597 1914.485 50.6 3.10 0.09
1598 1914.772 68.3 3.07 0.01
1599 1915.984 50.6 3.13 0.12
1600 1918.387 56.9 2.97 0.06
1601 1919.732 44.9 3.13 0.02
1602 1920.551 49.8 2.99 -0.06
1603 1920.906 26.5 3.01 -0.08
1604 1922.841 22.5 3.00 0.01
1605 1923.036 49.8 3.08 -0.01
1606 1923.602 32.1 3.10 -0.02
1607 1923.910 39.3 3.09 -0.06
1608 1924.118 58.6 3.09 -0.06
1609 1925.118 38.7 3.07 0.02
1610 1926.947 45.8 3.21 -0.06
1611 1930.941 54.6 3.06 -0.09
1612 1931.368 23.3 3.04 -0.13
1613 1932.061 42.7 3.14 -0.17
1614 1934.259 49.8 3.06 -0.03
1615 1934.368 38.7 3.17 -0.09
1616 1934.982 32.1 3.15 -0.10
1617 1935.443 40.1 3.07 -0.11
1618 1935.771 49.8 3.07 -0.10
1619 1938.389 45.8 3.02 0.06
1620 1939.099 41.0 3.03 -0.03
1621 1943.652 59.4 3.09 0.08
1622 1944.622 61.7 3.07 -0.01
1623 1944.833 50.6 3.07 -0.01
1624 1945.386 45.8 3.05 0.03
1625 1946.062 54.6 2.98 0.01
1626 1946.540 63.4 3.03 0.08
1627 1951.131 48.1 3.20 -0.05
1628 1951.773 48.9 3.11 0.04
1629 1954.909 49.8 3.20 0.14
1630 1956.077 49.8 3.04 0.20
1631 1956.473 54.6 3.04 0.21
1632 1957.073 32.4 3.09 0.09
1633 1957.579 38.7 3.06 0.16
1634 1960.511 59.4 3.14 0.02
1635 1961.217 36.4 3.09 0.10
1636 1961.524 41.0 3.09 0.03
1637 1961.641 38.7 3.12 0.11
1638 1961.876 41.8 2.99 0.05
1639 1963.156 27.3 3.12 0.04
1640 1963.238 45.8 3.15 0.08
1641 1964.538 17.6 3.07 0.09
1642 1965.382 50.6 3.21 0.12
1643 1966.293 54.6 3.15 0.17
1644 1966.545 49.8 3.11 0.13
1645 1967.853 50.6 3.08 0.09
1646 1968.252 49.8 2.99 0.08
1647 1969.174 48.1 3.21 0.06
1648 1969.877 59.4 3.24 -0.00
1649 1969.949 65.4 3.19 -0.00
1650 1971.843 49.8 3.37 -0.11
1651 1974.400 91.6 3.22 -0.00
1652 1975.543 27.3 3.20 -0.01
1653 1975.813 49.2 3.21 -0.05
1654 1976.376 41.0 3.12 -0.09
1655 1976.960 53.8 3.20 -0.06
1656 1977.151 45.8 3.13 0.00
1657 1983.544 35.3 3.14 0.02
1658 1984.517 44.7 3.18 0.00
1659 1986.203 68.3 3.19 -0.14
1660 1987.534 56.3 3.13 -0.23
1661 1989.725 30.4 3.06 -0.12
1662 1991.251 27.3 3.15 -0.13
1663 1991.292 11.1 3.27 -0.16
1664 1991.999 31.3 3.22 -0.28
1665 1993.364 44.1 3.19 -0.08
1666 1994.323 73.1 3.19 -0.03
1667 1994.651 45.8 3.15 -0.11
1668 1995.057 33.8 3.09 -0.14
1669 1997.416 68.3 3.20 0.08
1670 1997.590 23.3 3.20 -0.08
1671 1997.965 49.8 3.09 0.02
1672 1998.457 41.0 2.99 0.00
1673 1998.528 43.5 3.10 0.00
1674 1998.938 37.8 3.09 0.08
1675 1998.989 31.0 3.06 0.08
1676 1999.423 25.6 3.19 -0.03
1677 1999.546 48.1 3.19 0.01
1678 2000.839 70.0 3.10 -0.13
1679 2005.399 63.4 3.08 -0.20
1680 2005.713 39.3 3.08 -0.17
1681 2006.540 37.0 3.21 -0.22
1682 2006.683 68.3 3.17 -0.10
1683 2009.052 81.9 3.16 -0.05
1684 2009.649 48.1 3.18 0.10
1685 2010.001 58.6 3.13 0.12
1686 2010.769 52.1 3.23 0.03
1687 2011.137 71.4 3.13 0.12
1688 2011.629 41.8 3.18 -0.03
1689 2013.178 74.8 3.30 0.08
1690 2013.448 59.4 3.11 0.06
1691 2013.936 25.6 3.22 0.21
1692 2014.254 67.4 3.21 0.11
1693 2015.052 39.3 3.32 0.08
1694 2017.121 34.4 3.20 0.05
1695 2017.292 56.9 3.14 0.09
1696 2018.868 30.4 3.18 0.20
1697 2020.159 26.5 3.37 0.05
1698 2021.910 59.4 3.29 0.03
1699 2022.668 41.0 3.28 -0.00
1700 2025.463 125.2 3.12 0.18
1701 2025.985 31.3 3.11 0.15
1702 2028.221 64.3 3.24 0.16
1703 2028.528 100.4 3.22 0.06
1704 2028.760 66.0 3.12 -0.07
1705 2030.399 50.6 3.20 0.05
1706 2030.883 37.0 3.16 0.07
1707 2031.928 25.6 3.25 -0.05
1708 2033.986 27.3 3.25 0.05
1709 2035.017 30.4 3.22 0.25
1710 2036.457 36.1 3.12 -0.01
1711 2040.721 50.6 3.01 0.11
1712 2042.096 65.7 3.18 -0.10
1713 2043.161 41.8 3.15 0.07
1714 2044.567 39.0 3.22 0.04
1715 2044.632 43.2 3.16 0.04
1716 2046.834 39.3 3.18 0.08
1717 2048.220 77.7 3.21 0.15
1718 2050.585 54.6 3.17 0.03
1719 2051.145 46.6 3.25 0.11
1720 2051.688 57.2 3.24 0.07
1721 2052.544 41.0 3.17 0.08
1722 2053.545 77.9 3.10 0.08
1723 2053.702 39.3 3.13 0.06
1724 2054.091 41.0 3.23 -0.03
1725 2054.685 31.9 3.13 0.02
1726 2059.555 16.2 3.35 0.05
1727 2064.385 102.1 3.08 0.13
1728 2064.505 58.6 3.03 0.17
1729 2064.648 59.4 3.00 0.15
1730 2065.491 19.3 2.99 0.19
1731 2067.252 61.2 3.20 0.16
1732 2068.700 41.0 3.09 0.11
1733 2069.126 45.8 3.08 0.19
1734 2071.229 49.8 3.09 0.12
1735 2072.400 29.0 3.10 0.04
1736 2072.884 32.1 3.10 -0.03
1737 2075.318 33.0 3.09 -0.04
1738 2076.025 53.2 3.14 -0.01
1739 2076.895 32.1 3.10 -0.05
1740 2078.281 54.6 3.19 0.14
1741 2080.032 52.9 3.18 0.11
1742 2080.619 68.3 3.05 0.08
1743 2080.759 39.3 3.11 0.09
1744 2081.626 58.6 3.08 0.09
1745 2082.705 27.3 3.10 0.02
1746 2086.135 59.4 3.02 -0.05
1747 2087.907 41.0 3.00 -0.11
1748 2088.149 37.0 3.10 -0.07
1749 2091.477 26.5 3.10 -0.11
1750 2092.934 33.0 2.96 -0.11
1751 2093.453 41.0 3.00 -0.08
1752 2094.982 77.1 2.89 -0.05
1753 2095.662 68.3 3.03 -0.10
1754 2097.969 50.6 2.91 -0.15
1755 2098.696 37.0 2.92 -0.19
1756 2099.331 44.1 3.03 -0.14
1757 2100.393 49.8 3.16 -0.20
1758 2101.345 47.5 3.18 -0.06
1759 2102.294 34.4 3.09 -0.04
1760 2102.799 33.8 2.97 -0.18
1761 2103.096 69.1 3.08 -0.07
1762 2104.823 21.6 3.04 -0.11
1763 2106.065 23.3 3.07 -0.13
1764 2106.697 49.8 3.00 -0.18
1765 2107.148 37.0 3.07 -0.09
1766 2108.625 23.3 2.95 -0.23
1767 2108.656 20.8 3.00 -0.23
1768 2109.591 46.6 2.92 -0.22
1769 2109.622 15.6 2.92 -0.15
1770 2110.052 73.1 2.83 -0.13
1771 2110.387 44.9 2.86 -0.30
1772 2114.671 22.5 3.03 -0.21
1773 2116.329 54.6 2.89 -0.15
1774 2117.674 28.2 2.92 -0.11
1775 2118.678 47.5 3.18 0.03
1776 2120.463 72.2 3.13 -0.01
1777 2120.733 41.0 3.17 0.05
1778 2122.839 33.0 3.08 -0.16
1779 2124.276 75.4 3.01 -0.08
1780 2124.463 77.1 3.06 -0.10
1781 2127.116 50.6 2.96 -0.13
1782 2127.972 34.4 3.06 -0.12
1783 2128.348 54.9 3.05 -0.20
1784 2128.720 34.4 3.01 -0.28
1785 2129.177 26.5 2.83 -0.17
1786 2130.686 49.8 3.03 -0.21
1787 2131.843 35.6 2.86 -0.28
1788 2134.420 43.5 3.13 -0.17
1789 2134.778 43.2 3.21 -0.11
1790 2139.171 45.8 3.25 0.07
1791 2139.666 12.8 3.15 -0.09
1792 2139.786 34.4 3.07 -0.16
1793 2142.117 25.0 3.27 -0.11
1794 2143.776 50.6 3.22 -0.27
1795 2143.858 60.3 3.11 -0.21
1796 2144.896 49.8 3.23 -0.13
1797 2146.046 39.3 3.24 -0.02
1798 2146.141 37.8 3.19 -0.02
1799 2146.633 29.3 3.11 -0.07
1800 2146.855 72.2 3.00 -0.11
1801 2149.452 54.6 3.05 -0.07
1802 2149.920 33.8 3.07 -0.07
1803 2149.975 28.7 3.09 -0.07
1804 2150.306 85.0 3.23 -0.12
1805 2150.975 24.7 3.28 -0.18
1806 2151.244 54.6 3.32 -0.16
1807 2151.657 48.9 3.28 -0.30
1808 2151.930 37.0 3.23 -0.22
1809 2152.299 35.3 3.24 -0.22
1810 2152.487 59.4 3.29 -0.20
1811 2152.958 18.5 3.15 -0.24
1812 2153.156 54.6 3.27 -0.13
1813 2153.535 44.9 3.20 -0.15
1814 2156.180 77.1 3.09 -0.21
1815 2158.249 33.0 3.08 -0.05
1816 2159.546 73.1 3.06 0.00
1817 2160.167 35.3 2.99 -0.11
1818 2160.337 67.4 3.05 0.01
1819 2161.908 50.6 3.01 0.10
1820 2162.133 57.5 2.93 0.01
1821 2162.222 59.2 2.92 -0.00
1822 2162.317 50.3 2.97 0.07
1823 2166.666 95.6 3.28 -0.25
1824 2168.994 73.1 3.17 -0.26
1825 2169.297 52.9 2.85 -0.28
1826 2169.833 46.6 3.09 -0.20
1827 2169.990 26.5 2.96 -0.19
1828 2172.045 18.5 3.26 -0.39
1829 2173.656 49.8 3.24 -0.18
1830 2173.725 49.8 3.36 -0.18
1831 2173.957 69.1 3.27 -0.08
1832 2174.578 73.1 3.11 -0.17
1833 2174.899 47.5 3.24 -0.05
1834 2176.104 45.8 3.25 -0.09
1835 2177.186 33.8 3.18 -0.13
1836 2177.756 44.9 3.33 0.02
1837 2177.797 36.4 3.25 0.02
1838 2178.240 31.3 3.33 -0.04
1839 2181.579 66.6 3.25 0.03
1840 2181.698 46.6 3.38 0.04
1841 2182.596 25.6 3.26 0.06
1842 2183.091 77.1 3.31 0.06
1843 2183.279 44.9 3.34 0.05
1844 2183.845 50.6 3.26 -0.01
1845 2184.552 29.6 3.21 0.03
1846 2184.815 55.5 3.25 0.00
1847 2185.019 47.5 3.26 -0.01
1848 2186.562 41.0 3.26 0.01
1849 2188.081 78.8 3.35 0.04
1850 2188.975 52.3 3.38 -0.02
1851 2191.269 41.0 3.37 -0.08
1852 2192.198 20.2 3.41 0.05
1853 2194.973 65.1 3.25 -0.22
1854 2196.683 86.8 3.22 -0.15
1855 2198.417 54.6 3.27 0.12
1856 2198.737 33.6 3.27 0.01
1857 2199.782 58.6 3.18 -0.02
1858 2202.339 29.0 3.13 -0.01
1859 2202.895 52.6 3.15 -0.05
1860 2205.441 54.6 3.19 -0.07
1861 2206.527 39.3 3.17 0.03
1862 2207.735 43.2 3.26 0.03
1863 2208.558 27.3 3.26 0.15
1864 2208.592 34.4 3.28 0.10
1865 2211.544 59.4 3.17 0.06
1866 2211.852 40.1 3.15 0.04
1867 2213.009 57.7 3.15 0.13
1868 2214.347 38.4 3.26 0.15
1869 2216.060 37.0 3.10 0.04
1870 2218.159 28.2 3.18 0.18
1871 2218.357 40.1 3.08 0.09
1872 2218.825 45.8 3.08 0.14
1873 2219.528 17.6 3.02 0.06
1874 2219.811 54.6 3.02 0.09
1875 2225.580 37.8 3.21 0.27
1876 2227.048 41.8 3.17 0.02
1877 2227.382 22.5 3.14 0.06
1878 2228.911 31.3 3.24 0.08
1879 2230.690 76.2 3.07 0.04
1880 2230.847 74.8 3.05 0.07
1881 2231.028 36.1 3.02 0.20
1882 2231.420 44.9 3.00 0.01
1883 2231.488 78.8 3.00 0.01
1884 2234.001 44.7 3.06 -0.01
1885 2234.496 59.4 3.10 -0.08
1886 2235.444 53.8 3.11 0.11
1887 2235.625 26.5 3.12 0.01
1888 2236.032 58.6 3.01 -0.00
1889 2237.213 63.4 3.06 -0.02
1890 2237.759 22.5 3.02 -0.00
1891 2238.216 54.6 3.04 -0.08
1892 2240.623 27.3 2.96 0.08
1893 2241.012 46.6 2.97 0.05
1894 2241.288 28.2 2.97 -0.00
1895 2241.346 38.4 2.94 -0.00
1896 2242.609 44.9 2.78 0.01
1897 2245.155 49.8 2.68 0.02
1898 2245.838 65.1 2.82 -0.06
1899 2246.794 60.3 2.82 -0.01
1900 2249.115 68.3 2.91 -0.03
1901 2249.524 64.3 3.07 -0.02
1902 2251.651 56.3 3.17 -0.21
1903 2252.081 49.8 3.13 -0.19
1904 2252.747 21.6 3.16 -0.17
1905 2254.774 41.8 3.12 -0.22
1906 2254.969 94.7 3.09 -0.22
1907 2256.498 49.8 3.20 -0.02
1908 2257.662 58.6 3.26 -0.02
1909 2258.676 53.8 3.27 0.02
1910 2258.836 41.8 3.24 0.07
1911 2259.061 45.8 3.19 0.12
1912 2262.154 37.0 3.18 0.02
1913 2262.403 46.6 3.24 -0.09
1914 2262.652 41.0 3.27 -0.00
1915 2265.222 95.6 3.20 -0.05
1916 2265.577 118.0 3.32 -0.03
1917 2267.291 55.5 3.08 0.15
1918 2268.192 53.8 3.09 0.05
1919 2270.476 25.6 3.12 0.05
1920 2270.537 28.2 3.05 0.05
1921 2272.418 56.9 3.13 0.01
1922 2281.722 43.2 3.07 -0.08
1923 2284.054 48.9 2.97 0.23
1924 2286.955 53.8 3.24 0.14
1925 2287.655 45.8 3.17 0.23
1926 2288.870 35.8 3.01 0.85
1927 2289.379 57.2 3.19 0.28
1928 2289.696 49.8 3.03 0.33
1929 2291.362 65.1 3.20 0.06
1930 2294.263 50.6 3.07 -0.18
1931 2296.048 49.2 3.06 0.06
1932 2297.379 24.2 3.02 0.12
1933 2300.571 62.6 3.15 -0.14
1934 2300.701 49.8 3.01 -0.15
1935 2301.919 44.9 3.04 -0.24
1936 2302.015 54.6 3.01 -0.24
1937 2304.814 46.6 2.90 -0.11
1938 2304.977 74.8 2.92 -0.13
1939 2305.094 37.0 3.01 -0.07
1940 2307.575 66.6 3.25 -0.08
1941 2308.357 68.3 3.16 -0.00
1942 2312.900 32.1 3.03 -0.01
1943 2315.501 72.2 2.95 -0.07
1944 2316.098 33.0 2.93 -0.22
1945 2317.081 64.0 2.98 -0.13
1946 2317.948 61.7 3.05 -0.23
1947 2318.132 29.0 3.05 -0.27
1948 2318.385 62.6 3.00 -0.09
1949 2318.617 48.1 3.14 -0.21
1950 2319.856 54.6 3.03 -0.03
1951 2320.549 40.1 3.03 -0.17
1952 2322.198 50.6 2.85 0.14
1953 2326.591 54.6 2.85 -0.23
1954 2327.099 45.8 2.69 -0.44
1955 2327.587 38.4 2.75 -0.19
1956 2329.830 45.8 2.92 -0.26
1957 2331.700 28.2 2.93 -0.22
1958 2332.458 68.3 2.92 -0.38
1959 2333.165 44.1 2.97 -0.21
1960 2334.260 53.8 2.74 -0.09
1961 2335.076 59.4 2.91 -0.11
1962 2336.827 45.8 2.82 -0.03
1963 2336.861 41.5 2.83 -0.03
1964 2339.032 51.5 2.92 0.05
1965 2339.316 44.9 2.89 -0.07
1966 2342.309 25.0 2.98 -0.15
1967 2342.340 29.0 2.87 -0.12
1968 2342.528 22.5 2.72 -0.19
1969 2342.586 44.9 2.87 -0.12
1970 2343.009 67.4 2.81 0.13
1971 2343.234 54.6 2.66 -0.03
1972 2345.579 60.3 2.67 -0.22
1973 2347.313 72.2 2.76 -0.08
1974 2347.603 54.6 2.80 -0.15
1975 2347.661 37.0 2.76 -0.12
1976 2349.098 48.9 2.71 -0.04
1977 2350.255 31.3 2.63 -0.16
1978 2352.754 57.7 2.77 -0.17
1979 2354.054 44.1 2.67 0.03
1980 2354.242 37.0 2.59 0.05
1981 2355.307 23.3 2.77 -0.05
1982 2355.338 17.6 2.66 -0.06
1983 2356.922 45.8 2.68 -0.06
1984 2357.406 34.4 2.73 0.02
1985 2359.185 50.6 2.71 -0.10
1986 2359.359 48.9 2.67 -0.04
1987 2360.396 63.4 2.81 -0.06
1988 2362.878 59.4 2.70 -0.17
1989 2363.438 46.6 2.79 -0.22
1990 2363.994 32.1 2.89 -0.23
1991 2365.233 50.6 2.71 0.09
1992 2366.363 57.7 2.73 -0.15
1993 2368.950 68.3 2.76 -0.19
1994 2369.029 75.4 2.81 -0.22
1995 2370.681 54.6 2.86 -0.06
1996 2371.258 36.1 2.92 -0.05
1997 2371.418 38.7 2.85 -0.10
1998 2371.456 18.5 2.80 -0.11
1999 2374.285 68.3 2.83 0.01
2000 2375.132 33.8 2.74 0.07
