1 0.363 45.8 3.20 0.26
2 1.148 59.4 3.20 0.06
3 3.056 36.1 3.20 0.10
4 3.299 31.3 3.01 -0.07
5 3.674 68.3 3.02 0.07
6 4.367 54.6 3.28 0.21
7 5.609 56.9 3.16 0.24
8 5.715 47.5 3.10 0.15
9 5.992 50.6 3.28 0.31
10 6.586 41.0 3.07 0.32
11 6.927 25.0 3.08 0.26
12 6.951 13.7 3.14 0.22
13 7.323 77.1 3.04 0.37
14 7.739 105.2 3.14 0.28
15 9.316 52.3 2.93 0.04
16 10.361 43.2 2.93 0.26
17 10.661 44.9 2.85 0.23
18 11.214 43.2 2.83 0.09
19 12.395 54.6 2.73 0.17
20 12.682 22.5 2.81 0.06
21 12.771 65.1 2.67 0.15
22 13.156 54.6 2.68 0.11
23 13.501 63.4 2.78 0.17
24 15.109 51.5 3.21 0.32
25 16.075 74.8 3.09 0.28
26 16.204 27.9 3.00 0.39
27 16.788 48.9 3.00 0.25
28 17.269 61.2 2.96 0.22
29 17.798 39.8 2.95 0.29
30 17.911 50.6 2.96 0.25
31 18.942 126.0 3.07 0.52
32 19.881 14.5 3.09 0.41
33 20.259 35.3 3.07 0.40
34 20.601 52.9 3.15 0.42
35 20.778 51.5 3.08 0.40
36 21.031 63.4 3.08 0.21
37 22.024 49.8 3.15 0.19
38 22.239 54.6 3.15 0.20
39 22.854 45.8 3.03 0.13
40 23.157 68.3 3.04 -0.02
41 24.284 24.2 2.99 0.02
42 24.601 58.6 3.04 0.04
43 26.885 57.2 3.12 -0.06
44 27.557 27.3 3.20 -0.12
45 27.653 66.6 3.19 -0.09
46 28.117 72.2 3.15 -0.07
47 29.110 50.6 3.05 -0.12
48 29.742 45.8 3.00 -0.04
49 29.841 63.4 3.10 -0.20
50 30.097 54.6 3.09 -0.09
51 30.319 63.4 2.96 -0.09
52 30.725 43.2 2.92 -0.01
53 33.295 54.6 3.22 0.08
54 33.489 45.8 3.26 0.10
55 33.991 57.7 3.25 0.06
56 34.080 63.7 3.21 0.06
57 34.350 57.7 3.15 -0.01
58 34.459 50.3 3.16 -0.03
59 34.718 21.6 3.18 0.01
60 35.469 54.6 3.02 -0.02
61 35.787 46.6 2.97 -0.10
62 39.562 47.5 3.01 -0.21
63 39.818 46.6 3.07 -0.08
64 41.094 85.9 3.25 -0.16
65 41.890 50.6 3.19 -0.23
66 46.310 54.6 2.98 0.14
67 46.580 36.1 3.00 0.08
68 47.156 66.6 3.04 0.04
69 48.006 48.1 3.00 0.07
70 49.307 44.1 3.01 0.15
71 50.181 46.4 3.06 0.05
72 51.829 37.8 3.12 -0.11
73 51.863 11.9 3.04 -0.13
74 53.918 49.8 3.01 -0.05
75 54.516 29.6 3.06 -0.07
76 55.929 46.6 3.15 -0.05
77 58.721 36.1 3.00 -0.04
78 58.813 53.2 3.07 -0.04
79 60.346 59.4 3.18 -0.07
80 60.868 35.3 3.26 -0.09
81 61.595 44.9 3.34 -0.03
82 62.513 57.2 3.35 -0.01
83 65.090 20.2 3.27 -0.03
84 66.933 28.2 3.30 -0.07
85 67.118 33.0 3.35 -0.03
86 67.155 27.3 3.37 -0.06
87 67.244 78.2 3.34 0.04
88 67.671 83.6 3.40 0.04
89 68.783 50.6 3.31 -0.04
90 68.940 40.1 3.30 -0.12
91 69.077 25.0 3.30 -0.06
92 69.459 45.8 3.27 0.06
93 69.514 20.2 3.18 -0.02
94 70.647 44.9 3.09 0.08
95 70.804 49.8 3.14 0.18
96 73.197 47.5 3.26 0.13
97 75.125 64.3 3.30 0.05
98 76.317 81.9 3.10 0.01
99 76.736 72.0 3.14 0.04
100 78.450 41.0 2.93 0.15
101 78.675 52.3 3.04 0.30
102 78.948 52.3 2.91 0.26
103 79.354 49.8 2.92 0.17
104 79.433 63.4 2.87 0.10
105 79.648 45.8 2.78 0.24
106 80.771 45.8 3.01 0.04
107 81.699 56.3 3.05 -0.05
108 82.024 44.9 2.98 -0.03
109 83.392 58.6 2.97 0.04
110 83.498 19.3 2.87 0.19
111 85.884 64.3 2.79 0.13
112 85.963 52.3 2.78 0.13
113 86.239 44.9 2.75 0.15
114 89.065 77.1 3.01 -0.04
115 91.434 45.8 3.03 -0.01
116 92.820 53.8 3.18 -0.14
117 93.960 45.8 3.13 0.15
118 94.097 25.6 3.22 0.30
119 94.950 44.9 3.19 -0.12
120 95.346 54.6 3.36 -0.07
121 96.674 33.8 3.41 0.05
122 99.094 42.7 3.16 0.24
123 99.425 48.1 3.27 0.32
124 102.446 63.4 2.69 -0.08
125 102.780 42.7 2.75 -0.18
126 102.845 58.0 2.79 -0.18
127 103.364 39.3 2.89 -0.16
128 103.780 68.3 2.84 -0.12
129 103.896 48.9 2.79 -0.06
130 107.436 45.8 3.04 0.29
131 108.566 48.9 3.39 0.24
132 108.726 77.1 3.29 0.22
133 108.842 73.1 3.31 0.30
134 110.303 40.1 3.13 0.15
135 110.750 45.8 3.14 0.17
136 111.686 40.1 3.13 0.29
137 113.679 41.8 2.84 0.40
138 114.095 45.8 2.80 0.26
139 114.396 55.5 2.85 0.39
140 114.822 50.6 2.74 0.29
141 114.973 54.6 2.83 0.28
142 116.222 42.7 2.80 0.35
143 117.389 33.8 2.76 0.27
144 118.243 59.4 2.88 0.23
145 119.127 49.8 2.96 0.31
146 119.540 45.8 2.78 0.37
147 121.055 64.3 3.16 0.56
148 121.325 49.8 3.13 0.36
149 121.929 51.5 3.11 0.26
150 122.622 18.5 3.15 0.32
151 124.038 27.3 3.16 0.36
152 124.462 48.1 3.26 0.35
153 127.076 63.4 3.27 0.41
154 127.643 21.6 3.24 0.27
155 128.274 62.6 3.19 0.23
156 128.865 49.8 3.07 0.14
157 128.960 45.8 3.06 0.06
158 129.104 73.1 3.01 0.13
159 130.380 66.6 3.13 0.13
160 130.452 45.8 3.12 0.10
161 132.275 52.1 3.12 -0.01
162 132.988 49.8 3.22 0.03
163 133.722 58.6 3.20 0.19
164 134.708 44.9 3.25 0.17
165 134.978 33.0 3.36 0.26
166 136.849 33.8 3.30 0.02
167 138.129 48.1 3.25 0.08
168 139.303 51.5 3.10 0.12
169 140.078 58.6 3.10 0.17
170 140.180 77.1 3.09 0.24
171 140.399 41.0 3.09 0.17
172 140.477 50.6 3.24 0.21
173 142.453 87.6 3.27 0.21
174 142.856 44.9 3.33 0.17
175 142.945 38.4 3.32 0.13
176 143.354 45.8 3.36 0.28
177 144.679 45.8 3.32 0.19
178 145.512 43.5 3.26 0.14
179 145.604 38.4 3.23 0.14
180 147.188 52.3 3.11 0.27
181 147.567 72.2 3.19 0.20
182 148.089 47.5 3.15 0.18
183 148.986 71.4 3.23 0.15
184 154.147 71.4 3.16 0.15
185 155.851 73.1 3.05 0.20
186 158.097 49.8 3.14 0.26
187 158.161 41.0 3.14 0.23
188 159.223 19.1 3.10 0.14
189 160.158 49.8 3.09 0.08
190 160.902 36.1 3.16 -0.01
191 162.500 25.0 3.06 0.08
192 164.189 63.4 3.12 0.20
193 164.302 50.6 3.13 0.24
194 164.565 37.0 3.07 0.15
195 165.166 40.1 3.27 0.02
196 166.009 52.3 3.24 0.12
197 166.405 54.6 3.25 0.24
198 167.712 46.1 2.97 0.13
199 168.159 54.6 3.12 0.18
200 168.268 19.3 3.19 0.19
201 168.521 85.9 3.12 0.18
202 169.354 58.6 3.14 0.19
203 169.866 45.8 3.05 0.28
204 172.627 73.1 3.02 0.17
205 173.160 58.0 3.09 0.19
206 174.092 95.6 3.14 0.13
207 174.791 59.4 3.04 0.09
208 175.853 45.8 3.22 0.17
209 176.952 41.0 3.26 0.35
210 177.768 40.1 3.23 0.25
211 177.863 35.0 3.20 0.25
212 177.897 18.8 3.33 0.25
213 178.638 33.8 3.26 0.21
214 179.846 47.5 3.31 0.17
215 181.669 35.3 3.07 0.08
216 181.734 44.1 3.09 0.13
217 182.591 77.1 3.26 0.20
218 182.778 49.8 3.31 0.15
219 183.168 50.6 3.28 0.17
220 184.902 81.9 3.18 0.29
221 186.584 51.5 2.98 0.13
222 186.943 102.1 3.08 0.15
223 188.011 45.5 3.15 -0.02
224 188.342 32.1 3.12 -0.07
225 188.448 54.6 3.09 0.03
226 189.196 20.8 3.14 -0.09
227 189.356 31.3 3.12 -0.03
228 189.479 41.0 3.13 -0.06
229 189.875 29.6 3.03 0.13
230 190.387 64.3 3.09 0.11
231 190.762 66.6 3.17 0.11
232 190.820 20.2 3.15 0.15
233 191.814 36.1 3.14 0.19
234 192.151 59.4 3.07 0.06
235 193.496 24.2 2.96 -0.06
236 194.182 54.6 2.95 -0.01
237 194.985 41.0 2.83 -0.00
238 195.268 50.6 2.90 0.08
239 196.940 54.6 3.20 0.10
240 197.620 41.0 3.20 0.17
241 199.125 45.8 3.16 0.18
242 199.657 36.1 3.31 0.09
243 203.849 32.1 3.11 0.26
244 203.883 22.8 3.06 0.26
245 205.928 47.5 3.25 0.01
246 206.887 63.7 3.04 0.07
247 208.088 41.0 3.05 0.11
248 208.710 37.0 3.12 0.00
249 209.399 32.1 3.01 0.08
250 209.464 20.8 3.18 0.16
251 211.358 25.0 3.19 0.10
252 211.386 22.5 3.15 0.10
253 212.133 35.3 3.14 0.14
254 213.099 73.1 3.22 0.24
255 214.167 30.4 3.23 0.23
256 214.290 74.0 3.24 0.15
257 214.509 32.1 3.19 0.20
258 214.649 68.3 3.15 0.16
259 214.990 17.6 3.09 0.21
260 215.721 56.9 3.04 0.13
261 216.553 52.9 3.01 0.12
262 217.335 49.8 3.12 -0.01
263 217.666 63.4 3.08 0.04
264 219.103 45.8 3.18 0.11
265 219.257 41.0 3.13 0.11
266 220.632 54.6 3.14 0.25
267 220.800 31.3 3.23 0.11
268 221.267 77.1 3.28 0.09
269 221.622 77.9 3.26 0.07
270 221.793 21.6 3.31 0.07
271 222.540 63.4 3.16 0.02
272 223.370 37.0 3.20 0.08
273 223.848 27.3 3.26 0.09
274 224.704 45.8 3.15 0.21
275 224.803 59.4 3.18 0.21
276 225.029 65.7 3.26 0.13
277 226.916 31.3 3.30 -0.06
278 227.333 73.1 3.27 0.00
279 228.637 26.5 3.19 0.03
280 228.790 27.3 3.16 0.06
281 229.401 58.6 3.13 0.07
282 236.269 52.3 3.32 0.07
283 236.934 27.3 3.11 0.05
284 237.078 24.2 3.13 0.18
285 237.122 19.9 3.11 0.18
286 237.740 47.5 3.12 0.13
287 237.904 81.9 3.10 0.10
288 239.119 41.0 3.18 -0.08
289 239.989 44.9 3.30 0.05
290 240.071 28.2 3.22 0.07
291 241.222 43.5 3.22 0.06
292 241.672 44.9 3.17 0.25
293 242.624 44.9 3.34 0.25
294 244.761 49.5 3.19 0.15
295 245.556 22.5 3.29 0.19
296 245.949 45.8 3.20 0.15
297 246.741 36.1 3.26 0.26
298 247.144 49.8 3.21 0.34
299 247.256 44.9 3.14 0.36
300 247.642 32.1 3.31 0.29
301 248.782 54.6 3.23 0.11
302 248.867 43.5 3.24 0.19
303 249.076 44.1 3.32 0.20
304 249.837 23.3 3.19 0.04
305 249.881 58.6 3.16 0.03
306 249.970 68.3 3.17 -0.00
307 250.250 68.6 3.10 0.01
308 250.349 35.3 3.13 -0.01
309 250.403 46.1 3.10 -0.01
310 251.018 52.1 3.07 0.08
311 251.168 37.0 3.01 0.02
312 251.229 24.2 2.94 0.19
313 251.516 20.8 2.92 0.16
314 252.042 95.6 2.91 0.14
315 252.305 45.8 2.94 0.04
316 252.393 28.7 2.95 0.20
317 253.059 46.6 3.10 0.23
318 253.363 51.5 3.02 0.27
319 253.697 47.5 2.99 0.14
320 254.435 66.6 3.04 0.23
321 254.561 53.8 3.16 0.27
322 255.445 27.3 2.93 0.24
323 255.687 40.1 2.99 0.16
324 255.745 41.0 3.05 0.12
325 257.565 61.2 2.95 0.27
326 259.077 49.8 3.13 0.23
327 261.265 44.1 3.01 0.22
328 261.350 50.6 3.03 0.17
329 261.517 31.3 3.03 0.22
330 261.760 36.1 2.93 0.20
331 262.033 83.9 3.00 0.07
332 263.343 45.8 2.90 -0.01
333 264.033 58.6 2.97 0.05
334 264.350 35.3 2.93 0.15
335 265.224 30.4 3.01 0.11
336 265.453 55.5 2.96 0.03
337 266.402 48.1 3.28 0.05
338 267.528 44.1 3.24 -0.02
339 269.368 59.4 3.16 0.12
340 270.368 49.8 3.07 0.01
341 271.331 37.0 3.04 0.01
342 271.529 44.9 2.98 0.05
343 274.246 52.9 2.94 -0.02
344 275.215 34.7 2.92 0.20
345 275.304 20.8 2.89 0.05
346 278.038 29.9 2.90 0.06
347 278.096 46.9 2.90 0.06
348 280.485 49.8 3.15 0.06
349 280.745 36.1 3.14 0.11
350 282.257 77.1 2.89 0.01
351 283.284 42.7 2.99 0.15
352 283.997 39.3 3.12 0.01
353 284.253 20.2 3.14 0.10
354 284.499 34.4 3.24 -0.01
355 285.789 54.6 3.01 0.22
356 286.039 35.3 3.10 0.07
357 286.564 46.6 3.11 0.04
358 286.851 49.8 3.08 0.13
359 287.994 66.0 3.05 0.05
360 289.790 48.9 3.08 0.02
361 290.210 37.0 3.03 0.02
362 290.257 32.4 2.98 0.08
363 290.674 45.8 3.11 0.00
364 290.964 36.1 3.09 0.01
365 291.066 43.8 3.08 0.01
366 291.131 49.8 3.18 -0.01
367 292.916 48.9 3.16 0.18
368 293.271 50.6 3.23 0.22
369 294.009 45.8 3.22 0.27
370 294.193 72.2 3.21 0.35
371 294.319 48.1 3.19 0.26
372 294.964 52.1 3.32 0.12
373 295.828 44.9 3.27 0.13
374 295.896 48.9 3.25 0.22
375 297.146 58.6 3.20 0.11
376 298.354 67.4 3.50 0.21
377 298.490 33.6 3.40 0.21
378 299.306 45.8 3.47 0.17
379 299.883 30.7 3.48 0.20
380 301.894 36.1 3.31 0.07
381 302.747 48.9 3.19 0.09
382 304.733 20.2 3.26 0.21
383 304.972 65.1 3.30 0.23
384 305.116 49.8 3.41 0.23
385 306.351 45.8 3.21 0.25
386 306.563 49.8 3.33 0.23
387 309.126 52.9 3.24 0.08
388 310.430 37.8 3.31 0.03
389 312.355 48.1 3.25 0.02
390 312.543 41.8 3.30 -0.04
391 313.598 30.4 3.16 0.07
392 315.243 41.0 3.12 0.00
393 315.444 45.8 3.12 -0.03
394 316.236 24.2 2.95 -0.01
395 316.284 34.4 2.99 -0.01
396 316.383 42.4 2.95 -0.17
397 317.114 59.4 3.12 0.05
398 318.578 25.6 3.08 0.41
399 319.455 15.4 3.05 0.18
400 319.486 16.2 3.12 0.18
401 320.660 57.7 3.07 0.24
402 320.933 58.6 2.97 0.20
403 321.022 35.3 3.12 0.16
404 321.063 23.3 3.07 0.15
405 322.636 57.7 3.15 0.09
406 323.241 24.7 3.10 0.13
407 323.398 41.8 3.13 0.09
408 328.548 56.0 2.99 0.09
409 328.825 58.6 3.15 0.09
410 329.159 49.8 3.20 0.19
411 329.620 49.8 3.14 0.03
412 331.252 33.8 3.06 0.05
413 331.282 20.8 3.10 0.05
414 331.682 62.6 2.82 0.20
415 332.883 45.8 3.05 0.09
416 333.481 58.6 2.97 -0.11
417 333.603 56.3 3.05 -0.08
418 333.675 94.7 3.01 -0.08
419 334.511 49.8 2.94 -0.00
420 334.781 72.2 3.15 0.05
421 335.112 39.3 3.20 0.17
422 335.535 41.0 3.21 0.09
423 337.348 37.0 3.21 0.13
424 338.539 78.8 3.12 0.11
425 338.700 25.6 3.18 0.16
426 339.884 68.3 3.22 0.15
427 340.304 31.3 3.20 0.16
428 340.536 81.9 3.17 0.10
429 341.055 23.0 3.15 0.17
430 341.082 32.7 3.25 0.24
431 342.191 40.1 3.23 0.20
432 342.362 14.5 3.25 0.29
433 342.860 58.6 3.21 0.03
434 343.673 49.8 3.29 -0.02
435 345.857 22.5 3.12 -0.12
436 346.479 82.8 3.16 -0.14
437 348.178 49.8 3.25 0.06
438 348.475 49.8 3.23 0.17
439 350.380 27.3 3.35 0.02
440 350.841 61.7 3.22 0.17
441 351.127 55.5 3.09 0.20
442 351.605 44.1 3.07 -0.00
443 351.810 46.6 3.02 0.03
444 351.872 48.1 3.05 0.04
445 352.182 23.3 3.25 0.08
446 353.728 45.8 3.03 0.10
447 354.452 50.6 2.94 -0.05
448 355.107 41.5 2.99 0.22
449 355.596 62.6 3.03 0.13
450 355.677 45.8 3.07 0.05
451 359.825 46.6 3.26 -0.18
452 360.238 54.6 3.29 -0.14
453 361.350 32.1 3.27 -0.21
454 361.405 27.3 3.26 -0.14
455 362.067 56.0 3.30 0.00
456 362.620 33.0 3.11 -0.03
457 362.736 41.0 3.21 -0.02
458 363.115 22.5 3.18 -0.09
459 363.617 49.8 3.22 -0.01
460 364.173 49.8 3.15 -0.01
461 364.416 50.6 3.10 -0.13
462 365.887 76.2 3.09 0.07
463 366.078 16.8 3.13 -0.00
464 367.300 44.9 3.01 -0.07
465 367.337 20.8 3.15 -0.12
466 367.498 66.6 3.14 -0.11
467 369.969 49.8 3.16 -0.13
468 370.710 63.4 3.15 -0.11
469 370.802 23.3 3.09 -0.21
470 371.075 29.0 3.17 -0.13
471 371.328 27.3 3.09 -0.19
472 372.164 23.3 3.23 0.08
473 375.820 48.9 3.33 0.10
474 378.298 46.6 3.25 0.02
475 380.137 48.1 3.31 0.07
476 380.817 50.6 3.20 -0.06
477 382.175 37.8 3.26 -0.14
478 384.916 62.6 3.29 -0.00
479 385.896 49.8 3.17 -0.16
480 386.032 51.5 3.21 -0.18
481 386.367 36.1 3.50 -0.04
482 386.858 47.5 3.38 -0.19
483 387.896 64.3 3.19 0.11
484 388.080 36.1 3.26 -0.03
485 388.162 54.9 3.25 -0.03
486 391.391 40.1 3.28 0.04
487 391.678 26.5 3.32 0.05
488 392.200 39.3 3.36 0.13
489 395.627 58.6 3.23 0.01
490 395.747 62.0 3.18 0.01
491 398.900 53.8 3.11 0.06
492 400.894 20.2 3.05 0.20
493 401.215 58.6 3.10 0.18
494 401.897 52.9 2.97 0.11
495 402.317 70.8 3.00 0.17
496 402.580 40.1 3.02 -0.03
497 403.659 44.9 3.06 0.18
498 404.246 45.8 3.16 0.24
499 406.144 22.5 3.08 0.30
500 407.543 27.3 3.10 0.19
501 408.116 67.4 3.05 0.22
502 408.359 59.4 3.09 0.22
503 410.339 68.3 3.20 0.09
504 410.864 28.2 3.33 0.15
505 412.015 31.3 3.35 0.07
506 412.759 32.1 3.49 -0.05
507 413.639 50.6 3.41 0.25
508 416.390 37.8 3.28 -0.16
509 417.353 37.8 3.45 -0.00
510 418.510 63.4 3.21 -0.10
511 419.524 90.7 3.18 0.12
512 419.951 52.1 3.07 0.29
513 420.258 62.6 3.09 0.03
514 420.394 34.4 3.12 -0.01
515 421.657 33.0 3.47 0.21
516 423.507 42.7 3.49 0.19
517 425.374 82.8 3.32 -0.09
518 426.105 50.6 3.29 0.06
519 426.163 45.5 3.37 0.06
520 426.221 46.1 3.33 0.09
521 427.917 34.1 3.37 0.08
522 428.911 39.3 3.34 0.08
523 430.307 28.2 3.34 0.04
524 431.368 44.9 3.25 0.17
525 431.662 50.6 3.26 0.12
526 432.252 44.1 3.26 0.11
527 435.683 53.8 3.29 0.21
528 436.447 54.6 3.36 0.19
529 436.966 64.3 3.35 0.15
530 437.092 34.4 3.32 0.14
531 437.242 37.8 3.36 0.15
532 437.939 48.1 3.25 0.10
533 438.239 30.4 3.30 0.11
534 439.659 70.0 3.27 0.10
535 441.594 50.6 3.19 0.03
536 441.915 48.1 3.18 0.07
537 442.263 49.8 3.10 0.01
538 442.683 59.4 3.19 -0.01
539 442.820 77.4 3.22 -0.01
540 442.885 78.2 3.19 0.03
541 442.994 45.8 3.15 -0.02
542 443.526 32.1 3.17 -0.04
543 443.567 30.4 3.21 -0.09
544 443.642 41.0 3.14 -0.05
545 443.741 33.0 3.16 -0.02
546 444.100 54.6 3.23 -0.01
547 444.980 54.6 3.12 0.07
548 445.281 20.2 3.13 0.09
549 445.748 45.8 3.15 0.18
550 446.650 63.4 3.23 0.20
551 447.786 26.5 3.18 0.17
552 447.977 59.4 3.17 0.12
553 449.749 45.8 3.24 0.12
554 451.394 37.8 3.16 0.16
555 452.080 36.1 3.35 0.16
556 452.353 36.1 3.33 0.19
557 452.490 72.2 3.26 0.19
558 454.265 39.3 3.16 0.30
559 454.848 33.8 3.30 0.23
560 456.169 35.8 3.19 0.19
561 456.214 40.1 3.30 0.23
562 456.477 37.8 3.25 0.20
563 461.399 56.3 3.25 0.29
564 461.484 65.7 3.27 0.29
565 462.440 28.2 3.24 0.15
566 463.085 54.6 3.31 0.21
567 464.071 29.6 3.09 -0.02
568 464.249 34.4 3.15 0.09
569 464.392 68.3 3.09 -0.07
570 465.382 35.3 3.15 -0.05
571 465.597 49.8 2.98 -0.10
572 466.351 48.4 3.18 -0.01
573 466.754 12.8 3.18 0.03
574 466.843 34.1 3.12 0.03
575 468.850 45.8 3.00 0.33
576 469.915 24.2 2.99 0.40
577 469.966 31.0 3.01 0.40
578 470.587 33.8 3.09 0.23
579 470.949 38.7 2.97 0.24
580 472.202 80.2 3.10 0.35
581 472.970 41.0 2.99 0.07
582 473.813 104.4 2.98 0.21
583 473.932 79.6 3.01 0.21
584 474.045 45.2 2.97 0.25
585 474.086 23.6 2.96 0.21
586 475.161 53.8 3.10 0.15
587 475.485 31.3 3.05 0.21
588 476.318 54.6 2.94 0.41
589 477.011 81.9 3.04 0.22
590 478.906 41.0 2.94 0.15
591 479.977 31.3 2.88 0.18
592 481.076 49.8 2.74 0.15
593 483.319 49.8 3.12 0.07
594 483.776 21.6 3.16 0.26
595 484.343 44.9 3.06 0.33
596 484.800 70.0 2.96 0.38
597 485.343 43.5 3.23 0.22
598 486.050 49.8 3.04 0.25
599 486.569 23.3 3.17 0.37
600 486.592 19.9 3.13 0.37
601 486.906 24.2 3.04 0.39
602 487.893 59.4 3.15 0.31
603 488.518 61.7 3.10 0.35
604 489.265 39.5 3.11 0.21
605 489.699 32.1 3.40 0.35
606 490.395 45.8 3.44 0.39
607 491.354 43.2 3.34 0.35
608 491.426 41.0 3.29 0.35
609 491.508 34.4 3.26 0.33
610 491.675 44.9 3.30 0.38
611 491.781 44.1 3.26 0.36
612 491.907 49.8 3.24 0.35
613 494.037 49.8 3.08 0.24
614 494.494 50.6 3.01 0.19
615 494.668 54.6 2.98 0.18
616 495.453 95.6 2.93 0.21
617 495.853 38.7 3.01 0.21
618 496.358 59.4 2.96 0.02
619 496.740 65.1 2.99 -0.03
620 500.741 27.3 3.14 0.14
621 501.239 58.6 3.09 0.18
622 502.369 45.8 3.14 0.22
623 503.226 43.0 3.14 0.25
624 503.280 8.8 3.11 0.25
625 503.700 37.8 3.26 0.30
626 503.806 41.0 3.27 0.30
627 503.983 42.7 3.38 0.24
628 504.038 37.0 3.31 0.31
629 504.260 25.6 3.32 0.22
630 504.314 34.4 3.33 0.20
631 505.458 80.2 3.35 0.12
632 505.833 46.6 3.39 0.12
633 505.997 27.3 3.37 0.14
634 507.001 54.6 3.37 0.07
635 507.260 50.6 3.45 0.10
636 508.718 45.8 3.36 -0.02
637 508.970 37.0 3.35 0.02
638 509.001 58.3 3.36 -0.12
639 509.076 80.2 3.27 -0.07
640 509.673 19.3 3.29 0.00
641 509.718 49.8 3.25 0.02
642 509.923 77.9 3.27 0.02
643 510.513 34.7 3.21 0.20
644 511.134 32.1 3.21 0.16
645 511.994 37.0 3.16 0.11
646 513.343 40.1 3.23 0.17
647 513.650 21.6 3.29 0.26
648 514.858 32.1 3.11 0.25
649 514.927 61.7 3.06 0.21
650 515.937 63.4 3.00 0.18
651 516.094 54.6 3.00 0.07
652 516.193 48.1 3.09 0.12
653 517.780 49.8 3.15 0.17
654 519.043 50.6 3.24 0.08
655 519.872 45.8 3.32 0.05
656 520.309 54.6 3.22 0.05
657 520.678 54.6 3.22 0.05
658 523.020 17.6 3.35 0.03
659 523.282 44.9 3.17 0.07
660 523.805 54.6 3.15 -0.05
661 524.112 43.8 3.22 0.03
662 525.252 51.5 3.12 0.03
663 525.330 54.6 3.14 -0.04
664 525.696 48.9 3.27 0.01
665 526.348 40.1 3.11 -0.01
666 527.174 61.7 3.10 -0.01
667 527.296 59.4 3.13 -0.00
668 527.832 54.6 3.14 0.02
669 529.519 21.6 3.13 0.03
670 529.809 45.5 3.12 0.05
671 531.406 28.4 3.17 -0.14
672 531.498 49.8 3.19 -0.14
673 531.580 59.4 3.09 -0.14
674 534.041 41.0 3.04 -0.03
675 534.608 44.1 3.04 0.03
676 535.407 49.8 3.12 -0.02
677 536.431 43.2 3.14 0.06
678 537.789 54.6 3.16 -0.23
679 538.110 49.8 3.20 -0.20
680 538.441 48.1 3.10 -0.01
681 538.735 46.6 3.03 -0.10
682 539.434 64.3 3.11 -0.07
683 539.823 45.8 2.99 -0.19
684 540.127 28.2 2.97 -0.16
685 542.660 57.7 3.02 0.02
686 544.687 49.8 3.05 -0.15
687 545.483 44.9 3.14 -0.06
688 545.892 34.4 3.27 0.08
689 546.305 18.5 3.15 0.01
690 547.899 49.8 3.09 0.22
691 548.193 45.8 2.98 0.23
692 550.674 45.8 3.06 -0.06
693 550.842 49.8 3.11 -0.12
694 552.729 68.3 3.20 0.07
695 552.941 79.6 3.19 0.07
696 553.654 54.6 3.20 0.10
697 554.617 83.6 3.27 0.22
698 554.729 45.8 3.25 0.19
699 556.016 63.4 3.34 -0.07
700 556.300 38.4 3.22 -0.13
701 557.317 35.3 3.18 -0.18
702 557.382 66.3 3.29 -0.19
703 557.709 102.7 3.12 -0.20
704 557.952 45.8 3.19 -0.17
705 558.289 41.8 3.22 0.01
706 559.235 20.2 3.08 0.21
707 559.938 25.3 3.11 0.04
708 560.809 50.6 3.10 0.06
709 560.880 21.6 3.11 0.06
710 561.553 45.8 3.30 0.03
711 562.293 90.7 3.19 -0.05
712 562.713 23.6 3.16 0.05
713 564.611 38.7 3.23 0.11
714 564.672 18.5 3.14 0.13
715 565.273 45.8 3.12 0.13
716 566.007 58.6 3.12 0.10
717 566.451 52.9 3.22 0.03
718 567.806 100.4 3.22 0.12
719 567.898 49.8 3.30 0.16
720 568.161 49.8 3.15 0.18
721 568.260 54.6 3.41 0.23
722 568.359 52.9 3.41 0.11
723 568.461 46.6 3.16 0.20
724 570.018 64.3 3.12 0.21
725 570.219 41.0 3.03 0.19
726 570.407 36.1 3.05 0.15
727 571.881 50.6 3.15 0.31
728 572.499 36.1 2.99 0.12
729 572.544 24.7 3.12 0.13
730 573.318 17.6 3.05 0.27
731 573.895 100.1 3.21 0.26
732 575.831 75.4 3.27 0.14
733 576.138 36.1 3.37 0.20
734 576.459 50.6 3.31 0.22
735 577.135 63.4 3.38 0.07
736 577.585 54.6 3.32 0.03
737 577.906 59.4 3.25 0.11
738 578.005 49.8 3.29 0.12
739 578.445 54.6 3.29 0.04
740 579.176 41.0 3.25 0.28
741 579.957 38.7 3.23 0.24
742 580.312 27.3 3.35 0.20
743 581.036 25.0 3.18 0.19
744 582.456 54.9 3.21 0.26
745 582.767 49.8 3.33 0.25
746 586.176 29.6 3.25 0.30
747 586.828 22.5 3.30 0.29
748 587.067 56.3 3.29 0.33
749 587.122 27.3 3.29 0.34
750 587.914 37.0 3.13 0.46
751 588.467 50.6 3.07 0.40
752 590.511 32.1 3.09 0.16
753 592.795 71.4 3.00 0.06
754 594.631 25.6 3.23 0.21
755 595.601 48.1 3.31 0.21
756 598.533 50.6 3.22 0.41
757 599.761 37.0 3.18 0.30
758 600.209 70.8 3.32 0.30
759 601.379 38.7 3.06 0.35
760 602.018 49.8 3.08 0.00
761 602.076 45.5 3.15 0.00
762 602.793 42.7 3.06 -0.04
763 603.827 71.7 3.03 -0.03
764 603.868 27.9 3.05 0.01
765 604.742 62.6 3.19 -0.00
766 604.864 59.2 3.17 -0.00
767 605.025 52.9 3.24 -0.04
768 605.667 43.2 3.04 0.16
769 605.895 52.9 3.09 0.04
770 606.117 64.3 3.10 0.06
771 606.192 34.7 3.04 0.01
772 606.960 40.1 3.05 0.21
773 607.633 49.8 3.02 0.13
774 607.749 63.4 3.03 0.16
775 608.339 41.0 2.98 0.24
776 608.418 42.7 2.95 0.25
777 609.578 42.7 2.89 0.15
778 610.623 36.1 3.07 0.34
779 610.800 49.8 3.16 0.23
780 611.636 70.8 3.12 0.14
781 612.575 36.4 3.13 0.12
782 613.934 48.9 3.26 0.07
783 614.057 43.2 3.23 0.01
784 614.906 44.9 3.20 0.12
785 615.104 42.7 3.16 0.16
786 615.794 29.9 3.05 0.16
787 615.831 52.3 3.13 0.20
788 616.227 54.6 3.14 0.08
789 616.354 61.7 3.14 0.15
790 616.750 59.4 3.07 0.11
791 618.228 40.1 3.15 0.12
792 618.368 30.4 3.17 0.09
793 618.784 28.2 3.00 0.12
794 621.245 36.1 3.05 0.01
795 621.982 46.6 2.96 0.08
796 622.160 47.5 2.96 0.08
797 622.201 28.2 3.09 0.08
798 622.696 36.1 2.94 0.07
799 623.846 57.7 3.08 0.17
800 624.068 57.2 3.03 0.24
801 625.542 105.2 2.95 0.12
802 625.904 17.6 3.19 0.08
803 626.153 33.8 3.00 0.15
804 626.215 25.6 3.07 0.08
805 627.338 35.3 3.10 0.00
806 628.160 45.8 3.12 0.03
807 628.512 43.5 3.16 -0.04
808 628.908 85.9 3.13 0.01
809 632.325 35.3 3.27 0.08
810 632.584 41.0 3.27 0.03
811 634.144 44.9 3.13 0.03
812 634.472 59.4 3.09 0.04
813 635.229 63.4 3.10 0.07
814 635.475 57.7 3.11 0.12
815 635.700 53.8 3.13 0.10
816 636.916 44.1 3.21 0.01
817 637.609 37.0 3.23 0.17
818 637.776 49.8 3.13 0.22
819 637.871 47.5 3.10 0.08
820 638.738 36.1 3.04 0.07
821 639.254 49.8 3.29 0.12
822 639.916 73.7 3.25 -0.00
823 639.991 48.6 3.13 0.01
824 640.575 49.8 3.34 0.09
825 640.793 64.3 3.43 0.11
826 640.861 57.5 3.45 0.11
827 641.619 37.0 3.30 0.12
828 643.131 54.6 3.36 0.17
829 643.309 58.3 3.36 0.20
830 644.585 41.0 3.26 0.13
831 644.660 42.7 3.31 0.15
832 644.876 37.0 3.21 0.14
833 645.022 19.3 3.19 0.26
834 645.780 41.8 3.29 0.25
835 646.350 35.3 3.35 0.10
836 646.391 20.8 3.26 0.10
837 647.429 57.5 3.02 0.41
838 648.115 36.1 3.24 0.29
839 648.446 45.8 3.31 0.26
840 648.514 45.8 3.23 0.26
841 648.586 52.9 3.15 0.24
842 651.119 54.6 3.19 0.20
843 652.344 49.8 3.18 0.08
844 653.262 41.8 3.16 0.06
845 653.364 45.8 3.10 0.06
846 653.986 49.8 3.20 0.02
847 654.436 17.6 3.23 -0.02
848 654.853 54.6 3.19 0.06
849 654.962 56.3 3.25 0.11
850 655.433 43.2 3.06 0.01
851 656.023 39.3 3.28 -0.01
852 657.065 56.9 3.39 0.11
853 658.304 56.3 3.17 0.20
854 658.679 94.7 3.34 0.27
855 658.778 28.2 3.31 0.19
856 658.897 102.7 3.35 0.12
857 659.730 37.5 3.24 0.13
858 660.956 63.4 3.19 0.25
859 661.048 44.9 3.13 0.20
860 662.765 54.6 3.11 0.28
861 662.854 37.5 3.11 0.28
862 662.963 58.6 3.06 0.29
863 663.748 59.4 3.05 0.27
864 664.823 86.8 3.15 0.31
865 667.492 61.7 3.33 0.29
866 667.584 49.8 3.25 0.35
867 667.642 45.8 3.25 0.33
868 667.731 41.0 3.30 0.28
869 668.066 30.4 3.31 0.28
870 668.107 16.8 3.26 0.22
871 670.121 50.6 3.19 0.29
872 670.878 31.6 3.23 0.23
873 670.947 25.0 3.14 0.24
874 671.595 49.8 3.36 0.24
875 672.582 44.9 3.24 0.28
876 675.254 37.8 3.07 0.14
877 675.995 54.6 3.21 0.07
878 676.258 38.4 3.19 -0.06
879 677.217 33.0 3.24 0.25
880 677.350 33.0 3.26 0.23
881 677.456 89.9 3.08 0.18
882 678.248 40.1 3.13 0.17
883 680.303 18.5 3.15 0.09
884 680.815 43.2 3.03 -0.02
885 682.183 63.4 3.07 0.02
886 683.095 59.4 3.01 -0.06
887 683.658 45.8 3.09 -0.02
888 684.139 45.5 3.08 0.06
889 684.371 48.1 3.09 0.04
890 684.603 44.9 3.15 0.00
891 685.064 41.2 3.09 0.00
892 685.252 47.5 3.10 -0.00
893 685.368 48.1 3.05 -0.00
894 685.545 54.6 2.90 -0.17
895 685.777 82.2 2.91 -0.08
896 685.948 29.0 2.96 -0.08
897 686.201 41.0 2.99 -0.02
898 686.757 81.9 3.08 -0.03
899 689.826 32.1 3.36 0.27
900 690.751 59.4 3.25 0.31
901 692.410 53.8 3.25 0.21
902 693.140 86.8 3.33 0.09
903 693.591 33.0 3.36 0.20
904 694.028 32.1 3.25 0.14
905 694.806 33.0 3.31 0.14
906 695.335 38.7 3.39 0.10
907 698.400 49.8 3.45 -0.01
908 701.540 49.8 3.13 -0.10
909 702.861 33.8 3.15 -0.10
910 708.029 55.5 2.98 0.08
911 710.012 43.2 3.14 0.03
912 710.828 63.4 3.16 0.07
913 711.801 48.9 3.30 0.25
914 713.197 41.0 3.35 0.20
915 713.845 61.7 3.35 0.23
916 713.941 38.4 3.36 0.14
917 714.163 77.9 3.37 0.20
918 714.924 54.6 3.29 0.09
919 716.119 33.3 3.20 -0.07
920 716.163 12.8 3.31 -0.07
921 716.272 63.4 3.21 0.05
922 716.832 21.6 3.13 0.18
923 718.197 41.0 3.35 0.23
924 718.586 86.8 3.14 0.15
925 719.610 40.1 3.20 0.05
926 721.420 46.6 3.06 0.07
927 721.481 45.8 3.03 0.11
928 721.826 61.4 3.05 0.12
929 722.570 77.9 3.08 0.07
930 722.874 37.3 3.11 0.07
931 723.147 29.0 3.07 0.06
932 723.505 34.4 3.17 0.04
933 724.993 64.3 3.14 0.04
934 725.058 56.6 3.25 0.04
935 727.458 16.8 3.38 0.02
936 729.366 29.0 3.31 0.05
937 729.697 48.9 3.42 0.05
938 730.950 27.3 3.24 0.07
939 732.117 31.3 3.20 0.06
940 732.260 55.5 3.24 0.06
941 734.182 40.1 3.14 -0.10
942 734.721 54.6 3.03 -0.03
943 736.063 50.6 3.25 0.10
944 737.295 60.3 3.21 -0.00
945 738.787 49.8 3.24 0.04
946 739.036 45.8 3.12 -0.04
947 739.302 37.8 3.21 0.01
948 739.340 28.2 3.21 0.02
949 739.892 44.9 3.14 0.01
950 740.558 34.7 3.14 0.06
951 740.968 77.1 3.15 0.07
952 741.166 38.4 3.20 0.06
953 741.551 40.1 3.14 0.05
954 742.606 48.1 3.18 0.03
955 743.528 48.1 3.13 -0.02
956 743.644 24.2 3.15 0.09
957 744.217 59.4 3.25 0.12
958 744.634 38.4 3.26 0.11
959 744.896 61.2 3.11 0.13
960 745.886 45.8 3.19 0.11
961 745.937 42.4 3.19 0.11
962 746.303 33.8 3.05 0.19
963 747.443 68.3 3.28 0.21
964 747.726 50.6 3.32 0.13
965 747.975 45.8 3.31 0.07
966 748.962 46.6 3.38 0.16
967 750.733 99.6 3.27 0.07
968 751.754 41.0 3.25 0.14
969 755.577 113.2 3.51 0.25
970 756.099 28.2 3.36 0.10
971 756.669 30.4 3.28 -0.09
972 757.440 61.2 3.33 -0.11
973 757.498 27.3 3.41 -0.10
974 757.526 11.9 3.18 -0.13
975 758.536 55.5 3.30 0.02
976 758.922 44.9 3.19 0.09
977 759.140 44.1 3.19 0.09
978 760.727 49.8 3.13 0.26
979 761.400 54.6 3.09 0.19
980 762.164 48.9 3.09 0.23
981 763.219 54.6 3.29 0.19
982 765.735 41.0 3.31 0.18
983 765.854 25.0 3.29 0.20
984 766.598 26.5 3.32 0.14
985 766.813 59.4 3.31 0.19
986 767.510 40.1 3.28 0.13
987 767.994 50.6 3.33 0.06
988 768.544 45.8 3.33 -0.03
989 771.326 53.2 3.21 0.16
990 772.039 40.1 3.29 0.25
991 773.466 68.3 3.17 0.26
992 773.551 63.4 3.24 0.37
993 773.647 37.8 3.24 0.24
994 774.975 53.8 3.34 0.26
995 775.067 47.5 3.33 0.20
996 775.248 36.1 3.35 0.22
997 775.548 36.1 3.36 0.21
998 775.889 44.9 3.33 0.24
999 777.200 28.2 3.32 0.03
1000 778.296 37.8 3.23 0.08
1001 778.439 44.9 3.39 0.07
1002 779.624 41.8 3.27 0.22
1003 780.368 56.9 3.26 0.08
1004 780.525 44.9 3.36 0.07
1005 780.911 34.4 3.40 0.11
1006 781.436 51.5 3.41 0.12
1007 781.607 46.6 3.38 0.16
1008 783.054 37.0 3.39 0.05
1009 783.269 91.6 3.28 0.11
1010 784.529 42.7 3.43 0.13
1011 786.010 59.4 3.29 -0.13
1012 786.208 47.5 3.17 -0.02
1013 786.522 63.4 3.29 -0.05
1014 787.437 42.7 3.23 -0.08
1015 788.799 52.9 3.25 0.05
1016 789.830 68.3 3.28 0.07
1017 790.249 36.1 3.22 0.10
1018 791.710 37.8 3.07 0.04
1019 792.615 41.0 3.22 -0.04
1020 794.758 33.0 3.09 0.13
1021 797.533 34.4 3.34 0.01
1022 798.472 53.8 3.37 0.02
1023 799.841 59.4 3.28 0.08
1024 800.312 61.7 3.36 0.13
1025 800.851 49.8 3.51 0.18
1026 801.715 34.4 3.40 0.16
1027 802.268 33.3 3.44 -0.03
1028 802.886 48.1 3.31 0.04
1029 803.087 40.1 3.34 0.01
1030 804.783 19.3 3.17 -0.01
1031 804.817 34.4 3.09 -0.04
1032 805.220 41.0 3.10 0.03
1033 805.456 68.3 3.04 -0.05
1034 806.179 72.2 3.05 0.01
1035 806.504 59.4 3.05 0.15
1036 806.763 62.6 3.05 0.06
1037 806.975 33.0 3.09 -0.03
1038 807.081 37.0 3.11 0.03
1039 807.606 46.1 3.07 0.08
1040 808.630 49.8 3.06 0.08
1041 810.941 49.8 3.14 -0.10
1042 811.163 64.3 3.09 -0.00
1043 813.368 63.4 2.97 -0.01
1044 813.460 45.8 2.94 -0.01
1045 813.528 19.3 3.05 0.03
1046 816.105 44.9 3.02 0.05
1047 817.286 45.8 3.09 0.08
1048 818.280 58.6 3.15 0.16
1049 819.491 70.5 3.07 0.16
1050 821.686 18.5 3.09 0.13
1051 821.836 41.8 3.12 0.08
1052 822.133 40.1 3.05 0.13
1053 822.659 54.3 3.13 0.01
1054 825.396 70.5 3.04 0.05
1055 826.253 54.6 3.15 0.14
1056 827.117 56.3 3.05 0.04
1057 828.168 90.7 3.19 0.16
1058 828.305 32.4 3.18 0.06
1059 830.042 44.1 3.13 0.18
1060 831.708 41.0 3.01 0.01
1061 832.725 54.6 3.01 0.00
1062 833.387 61.7 3.05 -0.07
1063 833.534 45.8 3.11 -0.02
1064 833.838 33.8 2.95 -0.07
1065 833.882 26.5 2.86 -0.04
1066 835.418 42.7 2.97 0.07
1067 836.265 22.5 3.18 0.07
1068 837.845 70.0 3.33 0.10
1069 838.947 22.5 3.34 0.10
1070 841.828 37.8 3.26 0.11
1071 845.651 41.8 3.12 0.20
1072 846.368 51.5 3.01 0.28
1073 846.795 40.1 2.97 0.20
1074 846.921 72.2 3.00 0.19
1075 847.102 28.2 3.01 0.19
1076 847.822 25.0 3.09 0.13
1077 847.849 22.5 3.11 0.14
1078 848.877 72.2 2.94 0.17
1079 849.191 15.4 2.93 0.21
1080 849.928 44.9 3.03 0.20
1081 851.215 67.4 2.90 0.13
1082 851.618 16.8 3.10 0.28
1083 852.748 41.0 3.11 0.26
1084 854.314 63.4 3.05 0.12
1085 854.918 37.0 3.23 0.10
1086 856.140 22.5 3.10 0.12
1087 856.311 95.6 3.09 0.06
1088 856.478 54.6 3.12 0.14
1089 857.175 45.8 3.15 0.01
1090 858.031 34.4 3.21 0.00
1091 858.704 68.3 3.06 0.10
1092 858.775 37.8 3.20 0.03
1093 858.823 44.1 3.21 0.08
1094 858.929 65.1 3.22 -0.02
1095 859.434 27.3 3.09 0.05
1096 860.796 27.0 3.08 -0.02
1097 861.397 54.6 3.18 -0.02
1098 861.690 41.0 3.20 0.02
1099 865.053 38.7 3.24 0.13
1100 866.223 37.8 3.17 0.10
1101 867.555 18.5 3.13 0.11
1102 867.589 24.7 3.17 0.14
1103 868.599 58.6 3.14 0.07
1104 869.702 51.5 3.21 0.05
1105 870.668 26.5 3.25 0.07
1106 874.296 59.4 3.13 -0.07
1107 876.893 48.9 3.31 0.06
1108 878.126 77.9 3.20 0.10
1109 878.272 22.5 3.02 0.02
1110 879.750 73.1 3.10 -0.06
1111 880.334 81.9 3.13 0.01
1112 881.293 29.9 3.16 0.01
1113 881.805 48.1 3.21 0.02
1114 882.160 47.5 3.02 -0.02
1115 882.362 69.1 3.05 -0.10
1116 882.474 49.8 3.10 -0.07
1117 885.447 74.0 3.22 -0.11
1118 885.512 48.1 3.22 -0.11
1119 887.434 54.6 3.09 -0.07
1120 887.625 44.1 3.22 0.17
1121 888.669 37.0 3.24 0.24
1122 888.943 41.0 3.25 0.22
1123 889.007 45.8 3.34 0.18
1124 889.472 81.9 3.24 0.21
1125 890.274 48.9 3.21 0.21
1126 890.656 39.3 3.15 0.13
1127 891.021 47.5 3.09 0.20
1128 891.264 43.0 3.14 0.09
1129 892.987 59.4 3.11 0.29
1130 893.609 50.6 3.17 0.11
1131 894.779 24.2 3.25 0.12
1132 894.875 28.2 3.21 0.17
1133 895.800 52.3 3.28 0.13
1134 896.223 41.5 3.20 0.04
1135 896.271 31.9 3.25 0.08
1136 897.186 38.7 3.15 0.10
1137 897.718 32.7 3.21 0.32
1138 898.189 44.1 3.31 0.20
1139 898.329 54.6 3.32 0.08
1140 898.667 43.2 3.20 0.18
1141 900.292 59.4 3.27 0.03
1142 901.094 68.3 3.31 0.05
1143 902.664 34.4 3.21 0.23
1144 902.961 54.6 3.18 0.16
1145 904.323 45.8 3.45 0.27
1146 904.804 23.3 3.26 0.28
1147 904.832 19.1 3.36 0.28
1148 904.855 13.4 3.41 0.30
1149 906.886 28.2 3.37 0.29
1150 907.644 46.1 3.45 0.13
1151 908.143 85.9 3.24 -0.01
1152 908.262 32.1 3.26 -0.01
1153 908.457 30.4 3.24 0.07
1154 908.634 22.5 3.36 -0.00
1155 908.958 44.1 3.30 -0.07
1156 909.221 55.5 3.34 -0.07
1157 909.265 16.8 3.42 -0.01
1158 911.081 50.6 3.44 0.25
1159 913.167 49.8 3.26 0.18
1160 913.583 50.6 3.26 0.16
1161 913.860 60.3 3.21 0.13
1162 914.925 47.5 3.19 0.07
1163 916.198 40.1 3.16 0.05
1164 916.741 31.3 3.10 0.13
1165 917.475 54.6 3.06 0.07
1166 918.417 29.0 3.01 0.15
1167 918.522 45.8 3.09 0.14
1168 918.608 41.0 3.22 0.10
1169 919.079 49.8 3.15 -0.02
1170 919.273 45.8 3.15 -0.03
1171 919.362 47.5 3.05 0.09
1172 920.352 48.1 3.20 0.12
1173 920.724 43.8 3.21 0.13
1174 921.659 24.2 3.35 0.07
1175 923.700 38.7 3.32 -0.00
1176 924.247 52.9 3.25 0.06
1177 924.619 41.8 3.26 0.00
1178 925.059 49.8 3.23 0.08
1179 925.359 36.1 3.23 0.06
1180 925.899 25.0 3.13 0.03
1181 926.008 33.8 3.15 0.03
1182 927.506 49.8 3.20 0.11
1183 929.875 44.1 3.30 0.03
1184 931.210 48.1 3.10 0.06
1185 931.473 49.8 3.04 0.11
1186 931.817 18.5 3.06 0.01
1187 931.852 36.1 3.11 0.02
1188 933.456 53.8 3.15 0.14
1189 934.589 37.0 3.24 0.25
1190 934.722 104.4 3.20 0.21
1191 934.835 41.8 3.20 0.16
1192 935.893 68.3 3.28 0.14
1193 936.446 34.4 3.20 0.16
1194 936.552 37.8 3.15 0.23
1195 936.630 54.6 3.13 0.08
1196 937.432 26.7 3.12 0.27
1197 938.019 54.6 3.01 0.04
1198 938.289 72.2 3.09 0.01
1199 939.788 44.9 3.11 0.26
1200 940.678 54.6 3.12 0.10
1201 941.518 58.6 3.07 0.09
1202 942.146 60.3 3.05 -0.01
1203 942.668 52.1 3.09 -0.06
1204 942.822 42.7 3.06 0.00
1205 945.873 77.9 2.96 0.16
1206 946.160 41.0 3.04 0.00
1207 946.641 35.3 2.99 -0.03
1208 947.956 39.3 3.09 0.16
1209 948.270 42.7 3.14 0.12
1210 948.396 63.4 3.07 0.05
1211 948.563 50.6 3.18 -0.01
1212 949.154 61.7 3.02 0.04
1213 950.024 54.6 3.08 0.05
1214 950.229 42.7 3.02 -0.02
1215 951.021 33.0 3.08 0.06
1216 952.605 48.1 3.11 0.05
1217 952.816 49.8 3.23 -0.01
1218 954.560 54.0 3.20 -0.04
1219 954.861 34.4 3.18 0.05
1220 956.844 49.8 3.13 0.19
1221 956.912 29.0 3.09 0.23
1222 958.342 50.6 3.18 0.17
1223 958.499 28.7 3.11 0.22
1224 960.947 45.5 3.02 0.01
1225 963.466 37.0 3.00 -0.08
1226 963.780 59.4 3.10 -0.06
1227 963.869 26.5 2.95 -0.12
1228 964.121 57.7 3.05 -0.09
1229 964.790 35.3 3.02 0.03
1230 965.466 39.3 2.96 -0.03
1231 965.923 85.9 2.88 0.00
1232 967.132 48.9 3.12 -0.00
1233 968.623 47.8 3.17 0.02
1234 968.681 48.4 3.16 0.02
1235 969.118 37.8 3.12 -0.02
1236 969.992 39.3 3.22 -0.03
1237 970.033 31.6 3.20 -0.03
1238 970.675 37.0 3.00 -0.15
1239 970.866 16.8 3.07 -0.05
1240 971.361 33.0 3.10 -0.10
1241 971.934 45.8 3.07 -0.02
1242 972.061 52.9 3.14 -0.09
1243 973.139 45.8 2.98 0.00
1244 973.719 64.3 3.03 -0.10
1245 973.798 29.0 3.07 -0.04
1246 973.842 30.4 3.02 -0.07
1247 973.931 45.8 3.13 -0.08
1248 974.423 63.4 3.17 -0.06
1249 975.672 67.1 3.29 0.05
1250 976.088 81.1 3.23 -0.06
1251 976.399 70.8 3.29 0.02
1252 976.983 44.9 3.16 0.03
1253 980.324 53.8 3.16 -0.09
1254 980.382 24.2 3.13 -0.11
1255 980.918 48.1 3.16 -0.23
1256 982.137 41.8 3.12 -0.13
1257 982.621 64.3 3.04 -0.15
1258 982.710 50.6 3.05 -0.15
1259 983.860 52.9 2.94 -0.07
1260 984.792 74.8 2.92 -0.08
1261 985.202 59.4 2.92 -0.00
1262 985.465 51.5 2.90 -0.02
1263 985.536 52.9 2.93 -0.02
1264 985.806 59.4 2.92 -0.03
1265 987.776 45.8 3.16 0.31
1266 988.226 40.1 3.11 0.19
1267 989.701 33.8 3.04 0.18
1268 990.991 55.5 2.87 0.03
1269 991.141 37.8 2.76 0.10
1270 991.247 23.3 2.70 -0.09
1271 991.807 49.8 2.64 -0.22
1272 993.326 25.6 2.93 0.23
1273 994.985 37.0 2.98 0.03
1274 995.206 37.8 2.84 -0.04
1275 995.241 22.5 2.85 -0.04
1276 995.394 68.3 2.81 -0.09
1277 995.510 29.6 2.87 0.01
1278 997.039 64.3 3.09 0.24
1279 998.156 49.8 3.13 0.28
1280 999.729 54.6 3.14 0.13
1281 1000.449 37.5 3.10 0.12
1282 1001.982 68.3 3.11 0.11
1283 1002.484 71.4 3.27 0.20
1284 1003.743 43.5 3.30 0.22
1285 1003.852 47.2 3.34 0.21
1286 1004.532 49.8 3.24 0.16
1287 1005.426 40.1 3.29 0.25
1288 1006.228 43.8 3.15 -0.03
1289 1006.368 57.7 3.16 -0.03
1290 1007.027 54.6 3.08 -0.17
1291 1008.413 43.2 3.09 0.06
1292 1009.075 46.9 3.04 -0.04
1293 1009.727 39.3 3.02 0.23
1294 1009.761 25.6 3.07 0.19
1295 1010.775 54.6 3.11 0.21
1296 1011.369 36.4 3.03 0.05
1297 1012.642 89.9 3.00 0.20
1298 1013.669 41.8 3.11 0.18
1299 1014.383 67.4 3.03 -0.03
1300 1014.642 48.1 3.09 -0.05
1301 1015.174 48.9 3.11 -0.17
1302 1015.253 59.2 3.01 -0.17
1303 1016.052 42.7 2.82 -0.15
1304 1016.120 46.1 2.90 -0.15
1305 1016.195 25.0 2.95 0.14
1306 1016.745 33.8 3.10 0.04
1307 1018.393 45.8 2.93 -0.13
1308 1019.093 26.5 3.02 -0.09
1309 1020.107 91.6 3.01 -0.15
1310 1021.288 54.6 3.10 0.05
1311 1021.544 49.8 3.18 0.10
1312 1023.650 59.4 3.28 0.03
1313 1025.145 54.6 3.31 -0.07
1314 1025.363 45.8 3.33 0.03
1315 1027.746 34.4 3.30 0.02
1316 1027.841 17.6 3.18 0.03
1317 1027.889 50.6 3.33 -0.03
1318 1029.780 54.6 3.29 -0.12
1319 1030.674 46.4 3.29 -0.10
1320 1031.091 44.9 3.18 0.09
1321 1034.982 41.8 3.29 0.01
1322 1035.245 39.3 3.17 0.06
1323 1035.473 12.8 3.26 0.07
1324 1035.849 32.1 3.24 0.03
1325 1035.927 57.7 3.18 0.11
1326 1035.992 44.1 3.16 0.10
1327 1037.139 42.7 3.10 0.01
1328 1037.689 28.4 3.29 0.10
1329 1037.777 35.3 3.19 0.10
1330 1037.941 64.3 3.21 -0.03
1331 1038.457 31.0 3.16 -0.04
1332 1038.825 41.0 3.26 0.03
1333 1042.799 45.8 3.10 0.30
1334 1042.935 41.8 3.16 0.43
1335 1043.427 90.7 2.99 0.38
1336 1043.621 56.3 3.14 0.29
1337 1044.727 72.8 2.91 0.13
1338 1045.956 46.6 3.18 0.12
1339 1047.830 52.3 3.12 0.09
1340 1048.659 59.4 3.12 0.11
1341 1048.738 34.4 3.11 0.11
1342 1048.857 34.4 3.06 0.05
1343 1051.967 44.9 3.15 0.18
1344 1052.851 49.8 3.03 0.23
1345 1052.967 54.6 3.22 0.14
1346 1053.066 63.4 3.13 0.18
1347 1053.445 43.5 3.09 0.15
1348 1053.626 50.6 3.22 0.22
1349 1054.936 41.8 3.17 0.17
1350 1055.028 90.7 3.12 0.25
1351 1055.991 58.6 3.13 0.09
1352 1056.486 48.4 3.17 0.06
1353 1057.073 40.1 3.32 0.03
1354 1058.203 86.8 3.40 0.07
1355 1058.343 40.1 3.35 0.07
1356 1059.688 41.0 3.24 -0.06
1357 1060.138 19.3 3.12 -0.05
1358 1060.517 20.2 3.21 0.01
1359 1060.602 41.8 3.18 0.11
1360 1060.637 16.8 3.18 0.09
1361 1061.118 48.1 3.27 0.10
1362 1062.002 40.4 3.19 0.03
1363 1062.347 37.0 3.22 0.03
1364 1063.801 17.6 3.20 -0.26
1365 1064.347 55.2 3.19 -0.24
1366 1064.391 44.1 3.23 -0.24
1367 1064.463 89.0 3.22 -0.20
1368 1065.094 47.5 3.18 -0.22
1369 1068.842 49.8 3.15 -0.01
1370 1069.242 23.3 3.20 -0.06
1371 1070.665 51.5 3.25 0.01
1372 1071.894 63.4 3.22 0.02
1373 1072.112 33.8 3.17 0.12
1374 1074.556 55.5 3.20 0.02
1375 1074.973 35.3 3.12 -0.03
1376 1075.546 38.7 3.20 -0.10
1377 1075.717 19.3 3.12 -0.07
1378 1076.232 45.8 3.25 -0.01
1379 1076.887 24.2 3.07 0.05
1380 1076.935 36.1 3.21 0.03
1381 1078.666 45.8 3.15 -0.12
1382 1079.116 21.6 3.19 0.10
1383 1080.376 35.3 3.27 -0.01
1384 1080.499 22.5 3.24 0.10
1385 1081.209 47.5 3.29 0.13
1386 1081.676 69.1 3.25 0.04
1387 1082.339 67.4 3.14 0.01
1388 1082.608 37.8 3.18 0.07
1389 1083.929 44.9 3.21 0.13
1390 1084.547 41.8 3.14 0.09
1391 1085.213 43.2 3.25 0.05
1392 1085.462 35.3 3.29 0.08
1393 1085.551 49.8 3.26 0.03
1394 1085.946 37.8 3.13 0.21
1395 1086.230 23.3 3.15 0.17
1396 1086.479 23.3 3.22 0.25
1397 1086.527 48.9 3.17 0.23
1398 1087.346 43.5 3.14 0.12
1399 1087.414 44.9 3.13 0.12
1400 1089.090 40.1 3.21 0.07
1401 1089.548 37.8 3.23 0.10
1402 1090.701 37.0 3.20 0.15
1403 1091.326 21.0 3.12 0.16
1404 1091.387 44.7 3.21 0.18
1405 1091.486 52.1 3.17 0.04
1406 1092.046 125.2 3.11 0.13
1407 1092.852 19.3 3.09 0.07
1408 1093.128 52.9 3.06 0.02
1409 1095.115 66.6 3.06 0.22
1410 1095.937 50.6 3.10 -0.19
1411 1096.285 44.1 3.19 -0.00
1412 1096.924 59.4 3.19 -0.07
1413 1098.204 38.7 3.06 -0.11
1414 1098.886 21.6 3.15 -0.06
1415 1098.996 45.8 3.14 -0.14
1416 1099.784 34.4 3.21 0.08
1417 1099.846 70.8 3.25 0.08
1418 1100.552 45.8 3.12 0.00
1419 1101.378 41.0 3.11 0.10
1420 1105.648 37.0 3.19 0.15
1421 1105.901 54.6 3.26 0.10
1422 1106.512 23.3 3.31 0.16
1423 1107.676 29.0 3.29 0.16
1424 1108.922 31.3 3.37 0.03
1425 1109.266 21.6 3.21 0.15
1426 1111.321 23.3 3.31 0.23
1427 1112.960 63.4 3.22 0.16
1428 1113.482 45.8 3.21 0.20
1429 1114.393 65.7 3.18 0.07
1430 1114.475 39.3 3.21 0.07
1431 1114.639 48.9 3.16 0.05
1432 1117.236 29.0 3.17 0.11
1433 1118.175 88.5 3.21 0.17
1434 1119.650 45.8 3.14 0.23
1435 1120.684 35.6 3.18 0.37
1436 1121.763 44.1 3.24 0.06
1437 1123.244 45.8 3.34 0.04
1438 1123.633 49.8 3.32 -0.06
1439 1124.053 48.1 3.27 0.10
1440 1124.667 59.4 3.36 0.05
1441 1124.985 50.6 3.33 0.07
1442 1125.097 32.1 3.28 -0.00
1443 1125.596 64.3 3.30 0.00
1444 1125.882 48.9 3.20 0.08
1445 1126.944 54.6 3.25 -0.01
1446 1127.818 50.6 3.23 0.10
1447 1128.050 58.6 3.15 0.02
1448 1128.695 29.0 3.14 -0.05
1449 1128.893 48.9 3.21 0.05
1450 1129.900 39.3 3.22 0.24
1451 1130.893 41.0 3.09 -0.04
1452 1130.961 23.3 3.00 -0.02
1453 1130.996 21.6 3.03 0.02
1454 1131.613 19.3 3.07 0.13
1455 1132.641 28.2 2.91 -0.07
1456 1133.501 40.1 3.17 -0.00
1457 1134.631 63.4 3.26 0.26
1458 1134.747 18.5 3.30 0.12
1459 1134.791 30.4 3.31 0.12
1460 1137.146 57.7 3.07 0.05
1461 1137.833 38.7 3.10 -0.05
1462 1137.942 48.1 2.87 -0.05
1463 1138.119 49.8 2.94 -0.09
1464 1138.269 44.9 2.95 -0.05
1465 1139.744 44.9 3.03 0.11
1466 1140.133 42.7 3.07 -0.01
1467 1141.126 42.7 3.07 -0.00
1468 1142.068 54.6 3.20 0.12
1469 1142.365 50.1 3.20 0.10
1470 1142.744 52.9 3.31 0.15
1471 1142.867 41.0 3.26 0.13
1472 1143.024 54.6 3.28 0.20
1473 1143.181 28.2 3.28 0.11
1474 1143.420 30.4 3.28 0.23
1475 1143.666 27.3 3.31 0.30
1476 1144.533 41.8 3.30 0.04
1477 1145.977 50.6 3.30 0.10
1478 1146.571 49.2 3.36 0.08
1479 1146.823 51.5 3.26 0.10
1480 1148.653 50.6 3.23 0.04
1481 1149.346 45.8 3.25 0.07
1482 1151.066 42.7 3.48 0.05
1483 1152.315 49.8 3.38 0.12
1484 1152.841 30.4 3.42 0.15
1485 1153.588 38.7 3.32 0.17
1486 1154.490 61.7 3.25 0.28
1487 1154.947 38.7 3.26 0.28
1488 1155.831 24.2 3.22 0.25
1489 1155.858 20.8 3.26 0.22
1490 1155.933 49.8 3.21 0.26
1491 1156.121 38.7 3.18 0.29
1492 1156.753 32.1 3.28 0.05
1493 1157.459 44.9 3.18 0.02
1494 1158.029 43.5 3.08 0.03
1495 1158.811 58.6 3.17 0.05
1496 1159.661 49.8 3.07 -0.06
1497 1159.978 49.8 3.19 0.01
1498 1161.535 68.3 3.12 -0.03
1499 1161.941 47.5 3.20 -0.01
1500 1162.245 37.8 3.19 -0.02
1501 1163.006 41.0 3.11 0.04
1502 1167.071 58.6 3.19 0.04
1503 1167.276 48.9 3.30 0.10
1504 1167.471 57.7 3.05 -0.00
1505 1167.839 86.8 3.16 0.07
1506 1167.914 51.8 3.31 0.07
1507 1168.092 31.3 3.26 0.20
1508 1168.501 39.3 3.25 0.07
1509 1169.587 44.1 3.23 0.06
1510 1170.894 52.9 3.30 0.17
1511 1173.137 49.8 3.29 0.05
1512 1173.225 48.1 3.38 0.05
1513 1174.652 92.4 3.22 0.11
1514 1175.062 71.4 3.24 0.04
1515 1175.427 49.8 3.13 -0.03
1516 1175.761 39.3 3.20 -0.02
1517 1176.427 59.4 3.16 0.06
1518 1178.605 54.6 3.18 -0.08
1519 1178.741 33.0 3.11 -0.13
1520 1180.277 29.0 3.18 -0.05
1521 1181.011 58.6 3.32 0.10
1522 1182.414 44.9 3.35 0.13
1523 1183.844 36.1 3.28 0.13
1524 1184.476 49.5 3.37 0.08
1525 1185.773 38.4 3.27 0.10
1526 1186.513 77.9 3.26 0.13
1527 1188.708 45.8 3.35 0.10
1528 1189.312 52.9 3.30 0.07
1529 1189.456 95.6 3.23 0.07
1530 1189.913 51.5 3.15 -0.00
1531 1190.179 49.8 3.18 0.02
1532 1191.104 48.9 3.09 -0.14
1533 1192.023 19.3 3.01 -0.18
1534 1192.449 46.6 2.92 -0.15
1535 1192.675 36.1 2.89 -0.15
1536 1192.811 19.3 3.05 -0.03
1537 1192.842 29.6 3.09 -0.06
1538 1193.436 40.1 2.98 0.01
1539 1194.579 41.2 3.04 0.05
1540 1194.886 48.4 2.95 0.08
1541 1195.617 27.3 3.19 -0.10
1542 1197.044 44.9 2.84 -0.07
1543 1197.091 47.8 2.83 -0.11
1544 1197.791 31.3 2.93 0.10
1545 1198.416 58.6 3.08 0.08
1546 1199.378 68.3 3.27 0.04
1547 1199.658 65.7 3.05 0.17
1548 1199.880 63.4 2.87 -0.01
1549 1200.645 69.1 3.12 0.13
1550 1200.778 37.8 2.84 0.09
1551 1200.945 40.1 2.93 0.10
1552 1201.775 48.9 3.11 -0.09
1553 1203.143 50.6 3.13 -0.08
1554 1203.522 48.6 3.14 0.05
1555 1203.792 37.0 3.08 0.02
1556 1204.085 54.6 3.17 0.06
1557 1204.734 49.8 2.99 0.00
1558 1204.867 22.5 3.05 -0.05
1559 1205.389 54.6 3.09 -0.06
1560 1205.560 36.1 3.15 0.02
1561 1205.758 77.1 3.25 0.04
1562 1205.888 81.4 3.19 0.04
1563 1207.369 72.2 3.29 0.09
1564 1208.260 44.1 3.33 0.09
1565 1210.100 54.6 3.31 0.12
1566 1210.236 37.3 3.31 0.14
1567 1210.980 49.8 3.23 0.22
1568 1211.383 41.8 3.23 0.06
1569 1212.503 44.1 3.23 0.05
1570 1212.864 43.2 3.12 0.13
1571 1212.970 30.7 3.16 0.14
1572 1213.301 61.4 3.25 0.16
1573 1214.052 50.6 3.21 0.10
1574 1214.213 33.0 3.15 0.06
1575 1214.827 39.3 3.26 0.08
1576 1215.230 44.1 3.18 0.08
1577 1215.984 37.8 3.21 0.12
1578 1216.387 68.3 3.19 0.08
1579 1218.292 62.6 3.24 0.06
1580 1218.677 44.1 3.13 0.14
1581 1220.043 44.1 3.19 0.23
1582 1221.585 19.3 3.11 0.13
1583 1222.493 37.8 3.15 0.08
1584 1223.391 28.2 3.18 0.08
1585 1223.422 19.6 3.16 0.08
1586 1224.087 25.6 3.29 0.18
1587 1226.241 39.3 3.23 0.16
1588 1226.460 81.9 3.15 0.16
1589 1226.559 45.8 3.20 0.14
1590 1227.146 58.6 3.13 0.25
1591 1227.798 33.0 3.20 0.23
1592 1228.030 61.7 3.19 0.18
1593 1228.917 54.6 3.24 0.18
1594 1229.429 59.4 3.33 0.22
1595 1230.010 54.6 3.19 0.25
1596 1230.092 51.2 3.29 0.25
1597 1230.805 21.6 3.21 0.29
1598 1231.907 63.4 3.27 0.32
1599 1232.273 32.1 3.14 0.36
1600 1235.478 33.0 3.21 0.34
1601 1235.686 41.0 3.16 0.29
1602 1235.761 43.5 3.23 0.29
1603 1236.700 42.7 3.19 0.16
1604 1238.072 41.0 3.29 0.16
1605 1238.608 72.2 3.25 0.10
1606 1239.663 17.6 3.40 0.09
1607 1240.325 28.2 3.41 0.19
1608 1240.594 73.1 3.48 0.08
1609 1241.448 42.7 3.46 0.20
1610 1241.765 58.6 3.40 0.16
1611 1243.779 41.0 3.34 0.22
1612 1244.011 32.1 3.29 0.26
1613 1244.694 52.1 3.29 0.32
1614 1245.056 18.5 3.21 0.17
1615 1245.366 41.0 3.10 0.10
1616 1245.578 36.1 3.21 0.14
1617 1247.916 50.6 3.19 0.14
1618 1248.537 69.1 3.09 0.17
1619 1249.373 35.3 3.15 0.17
1620 1250.012 28.2 3.10 0.25
1621 1250.810 44.1 3.28 0.44
1622 1251.643 37.0 3.15 0.20
1623 1252.616 64.3 3.09 -0.08
1624 1252.862 35.3 3.18 0.19
1625 1258.282 56.9 3.09 0.02
1626 1258.364 38.7 3.16 0.03
1627 1258.630 17.6 3.13 0.02
1628 1260.859 45.2 3.15 0.14
1629 1260.921 38.1 3.24 0.14
1630 1262.726 31.3 3.19 0.01
1631 1263.078 38.4 3.20 0.01
1632 1264.351 31.0 3.29 0.27
1633 1264.720 50.6 3.24 0.30
1634 1266.894 49.8 3.03 0.29
1635 1267.167 77.1 3.07 0.12
1636 1268.055 89.0 3.07 0.20
1637 1269.229 49.8 3.04 0.19
1638 1269.601 12.8 3.05 0.05
1639 1273.769 58.6 3.10 0.05
1640 1274.106 18.5 3.08 0.03
1641 1274.192 45.8 3.11 0.01
1642 1275.516 66.6 2.98 -0.04
1643 1275.670 54.6 3.02 -0.13
1644 1276.161 81.9 3.05 0.00
1645 1276.451 63.4 3.01 -0.04
1646 1276.625 81.9 3.01 -0.05
1647 1277.168 46.6 3.06 0.08
1648 1277.448 24.2 2.89 0.01
1649 1278.414 95.6 3.04 -0.06
1650 1278.906 73.1 3.15 0.02
1651 1279.022 44.9 3.15 0.07
1652 1280.510 44.9 3.22 -0.06
1653 1282.053 32.1 3.21 -0.11
1654 1282.698 54.6 3.11 0.04
1655 1282.834 54.6 3.12 -0.01
1656 1283.524 49.8 3.07 -0.12
1657 1284.005 54.6 3.08 -0.12
1658 1284.490 45.8 3.09 -0.19
1659 1285.080 33.0 3.10 0.02
1660 1286.227 48.9 2.96 -0.04
1661 1286.739 81.9 2.97 -0.06
1662 1287.377 29.0 2.94 -0.06
1663 1287.575 58.6 3.09 0.01
1664 1288.306 49.8 3.03 0.10
1665 1289.009 28.2 3.11 0.17
1666 1289.142 50.6 3.15 0.11
1667 1289.217 35.3 3.06 0.12
1668 1289.289 59.4 3.09 0.10
1669 1289.757 61.2 3.10 0.06
1670 1290.275 91.0 3.08 0.05
1671 1290.637 49.8 3.06 0.03
1672 1291.064 24.2 3.11 0.13
1673 1291.586 42.4 3.11 -0.03
1674 1291.610 8.8 3.21 -0.08
1675 1292.115 44.1 3.19 -0.20
1676 1294.344 49.2 3.33 -0.08
1677 1295.511 41.0 3.27 0.07
1678 1296.621 44.9 3.09 0.04
1679 1296.761 27.3 3.16 -0.01
1680 1298.058 90.7 3.07 -0.02
1681 1299.010 56.3 2.90 -0.01
1682 1299.546 23.3 2.89 0.09
1683 1299.594 17.4 2.94 0.09
1684 1301.516 40.1 3.00 0.02
1685 1301.908 46.1 3.10 0.05
1686 1302.212 22.8 2.97 -0.00
1687 1302.365 61.2 2.98 0.13
1688 1302.765 42.7 2.94 -0.06
1689 1303.055 54.6 3.03 -0.00
1690 1304.468 49.8 2.99 -0.04
1691 1305.052 42.7 2.93 -0.04
1692 1307.253 58.9 3.13 0.27
1693 1308.284 54.6 3.08 0.25
1694 1308.479 37.8 3.05 0.17
1695 1308.537 31.3 3.02 0.16
1696 1309.032 35.3 3.02 0.08
1697 1311.182 66.0 3.12 0.04
1698 1312.029 50.6 3.21 0.00
1699 1312.793 81.9 3.12 0.14
1700 1312.885 27.3 3.17 0.12
1701 1313.684 48.9 3.04 0.03
1702 1314.476 37.8 3.15 0.30
1703 1314.541 36.1 3.12 0.30
1704 1314.800 29.6 3.30 0.22
1705 1314.995 33.0 3.15 0.25
1706 1315.811 29.0 3.11 0.27
1707 1316.138 63.4 3.06 0.20
1708 1316.992 44.9 3.16 0.29
1709 1318.582 58.6 3.06 0.07
1710 1319.596 48.6 3.17 0.24
1711 1319.715 37.0 3.28 0.29
1712 1323.105 46.6 3.09 0.22
1713 1323.736 99.6 3.03 0.24
1714 1323.951 20.2 3.00 0.30
1715 1324.310 59.4 3.09 0.36
1716 1324.999 38.7 2.95 0.21
1717 1325.525 36.1 2.93 0.28
1718 1325.897 63.4 2.82 0.20
1719 1325.989 47.5 2.87 0.20
1720 1326.440 59.4 2.81 0.25
1721 1326.535 59.4 2.95 0.17
1722 1326.757 61.2 2.90 0.19
1723 1327.071 45.8 2.83 0.08
1724 1327.853 45.8 2.86 0.16
1725 1328.959 45.8 3.10 0.12
1726 1331.485 50.6 3.14 -0.03
1727 1332.317 19.3 3.13 0.02
1728 1333.444 45.8 3.11 -0.06
1729 1333.826 44.9 2.99 -0.15
1730 1334.403 54.6 2.97 -0.05
1731 1337.096 22.5 3.01 0.03
1732 1337.837 68.3 2.85 0.04
1733 1338.625 43.2 3.17 -0.13
1734 1338.786 63.4 3.11 -0.16
1735 1339.673 62.6 3.10 -0.18
1736 1342.557 45.8 3.11 0.44
1737 1342.851 49.8 3.28 -0.03
1738 1342.929 57.2 3.25 0.35
1739 1344.032 33.8 3.16 0.37
1740 1347.766 54.6 3.21 0.03
1741 1348.063 59.4 2.93 0.06
1742 1348.155 41.0 3.13 0.02
1743 1348.381 54.6 3.11 0.00
1744 1350.268 35.3 3.05 -0.11
1745 1350.316 29.0 3.08 -0.01
1746 1350.654 22.2 3.07 -0.18
1747 1353.835 77.9 3.01 -0.46
1748 1354.607 49.8 2.99 -0.22
1749 1356.057 54.6 2.85 0.12
1750 1356.777 49.8 2.86 0.15
1751 1358.662 18.5 3.07 0.16
1752 1360.041 32.1 2.97 0.20
1753 1360.088 29.6 3.03 0.19
1754 1361.853 68.3 3.00 0.11
1755 1362.089 63.4 2.89 0.21
1756 1362.761 45.8 2.97 0.10
1757 1363.706 63.4 3.06 0.13
1758 1365.300 48.9 2.99 0.32
1759 1366.526 26.5 2.78 0.26
1760 1367.290 12.8 2.97 0.21
1761 1367.594 44.9 2.95 0.30
1762 1369.451 27.3 2.98 0.50
1763 1369.666 99.6 3.00 0.57
1764 1372.189 29.9 2.99 0.54
1765 1372.298 41.0 3.01 0.59
1766 1372.387 50.1 3.03 0.78
1767 1372.557 56.9 2.88 0.60
1768 1373.858 54.6 3.04 0.36
1769 1374.063 40.1 3.09 0.41
1770 1375.087 47.5 2.78 0.19
1771 1375.165 85.9 2.67 0.21
1772 1376.288 41.0 2.90 0.26
1773 1376.827 41.0 3.05 0.30
1774 1377.708 49.8 2.99 0.11
1775 1378.278 22.5 3.01 0.26
1776 1378.302 11.9 3.17 0.22
1777 1378.476 50.6 3.04 0.23
1778 1380.425 68.3 2.88 0.35
1779 1380.746 73.1 2.92 0.29
1780 1380.862 43.2 2.85 0.37
1781 1382.493 79.9 2.94 0.43
1782 1382.637 64.3 2.96 0.35
1783 1384.978 68.3 3.03 0.46
1784 1385.309 59.4 3.09 0.38
1785 1386.555 29.0 3.01 0.34
1786 1388.788 58.6 2.86 0.38
1787 1389.306 50.6 2.98 0.38
1788 1390.272 43.0 3.01 0.48
1789 1391.529 34.4 2.93 0.60
1790 1392.112 23.3 3.00 0.31
1791 1393.385 37.0 2.84 0.42
1792 1394.331 50.6 2.78 0.40
1793 1396.044 41.0 2.90 0.56
1794 1396.372 41.8 3.00 0.34
1795 1397.335 88.5 2.99 0.23
1796 1397.881 37.0 2.98 0.23
1797 1400.779 46.6 2.75 0.22
1798 1402.332 43.2 2.70 0.26
1799 1402.574 24.2 2.65 0.25
1800 1403.154 44.1 2.73 0.29
1801 1403.881 29.0 2.98 0.37
1802 1404.346 70.5 2.80 0.34
1803 1407.209 41.0 3.26 0.13
1804 1407.998 50.6 3.03 0.24
1805 1408.141 52.9 3.04 0.17
1806 1409.981 35.3 3.16 0.39
1807 1410.339 66.0 3.01 0.35
1808 1411.241 39.3 3.04 0.30
1809 1411.899 27.3 3.13 0.23
1810 1414.377 33.0 3.24 0.14
1811 1415.791 54.6 3.24 0.24
1812 1417.108 68.3 3.18 0.01
1813 1418.200 29.0 3.41 0.18
1814 1418.252 25.6 3.36 0.18
1815 1420.054 54.6 3.04 0.14
1816 1421.334 39.0 3.13 0.00
1817 1421.419 50.1 3.16 0.00
1818 1427.399 62.6 3.54 0.31
1819 1427.532 83.1 3.38 0.32
1820 1428.079 32.1 3.47 0.31
1821 1428.140 72.2 3.45 0.33
1822 1431.956 54.6 3.22 0.08
1823 1432.547 33.0 3.26 0.15
1824 1433.612 14.5 3.24 0.17
1825 1433.639 27.3 3.26 0.17
1826 1433.898 31.3 3.30 0.16
1827 1435.107 42.7 3.12 0.21
1828 1435.581 59.4 3.17 0.02
1829 1436.533 45.8 3.18 0.12
1830 1436.861 58.6 3.13 0.20
1831 1437.291 62.6 3.17 0.17
1832 1437.653 48.9 3.20 0.10
1833 1439.595 49.8 3.15 0.15
1834 1440.131 59.4 3.12 0.25
1835 1441.152 41.8 3.21 0.26
1836 1441.210 42.7 3.17 0.26
1837 1441.954 67.7 3.21 0.28
1838 1442.828 50.6 3.12 0.35
1839 1443.616 33.0 3.15 0.21
1840 1443.759 49.8 3.11 0.23
1841 1446.255 41.0 3.31 0.31
1842 1448.559 45.8 3.24 0.39
1843 1448.818 30.4 3.10 0.29
1844 1450.234 49.8 3.28 0.11
1845 1450.381 44.1 3.29 0.13
1846 1453.003 44.1 3.12 0.28
1847 1453.617 48.1 3.11 0.36
1848 1453.975 69.1 3.20 0.24
1849 1455.003 31.3 3.10 0.28
1850 1455.194 60.3 3.13 0.33
1851 1456.051 46.6 3.14 0.17
1852 1456.880 20.8 3.20 0.27
1853 1458.549 54.6 3.30 0.26
1854 1459.037 28.2 3.25 0.20
1855 1459.061 21.9 3.30 0.22
1856 1459.464 25.0 3.26 0.26
1857 1460.358 50.6 3.19 0.13
1858 1460.532 45.8 3.13 0.15
1859 1460.748 11.9 3.19 0.17
1860 1461.232 77.9 3.15 -0.01
1861 1461.399 65.1 3.10 -0.14
1862 1461.454 41.8 3.05 -0.05
1863 1461.768 60.3 3.11 0.02
1864 1462.673 66.0 3.03 0.01
1865 1462.768 49.8 2.97 0.01
1866 1463.731 48.1 2.98 0.20
1867 1464.919 30.4 3.02 0.18
1868 1466.496 39.3 3.10 0.19
1869 1467.642 54.6 3.05 -0.00
1870 1467.704 35.0 3.04 -0.00
1871 1467.741 30.4 3.03 0.02
1872 1469.486 45.8 3.13 -0.04
1873 1469.745 95.6 2.90 -0.07
1874 1469.902 73.1 3.04 0.13
1875 1471.226 59.4 2.98 0.04
1876 1472.677 48.1 2.94 0.13
1877 1472.756 63.4 2.93 -0.00
1878 1474.671 49.8 2.87 0.16
1879 1475.483 88.5 2.92 0.10
1880 1475.718 57.5 2.88 0.11
1881 1476.138 33.0 2.82 0.18
1882 1476.722 59.4 2.99 0.26
1883 1476.800 36.7 2.91 0.30
1884 1478.422 23.3 2.94 0.24
1885 1479.777 49.8 2.92 0.35
1886 1480.193 81.9 2.81 0.31
1887 1480.883 49.8 2.77 0.25
1888 1482.398 49.8 2.76 0.20
1889 1483.456 66.6 2.92 0.29
1890 1483.934 64.3 3.08 0.21
1891 1485.204 24.2 3.14 0.52
1892 1486.324 43.5 3.25 0.26
1893 1486.402 37.5 3.21 0.26
1894 1488.262 30.4 3.00 0.30
1895 1488.368 44.9 3.00 0.35
1896 1489.085 49.8 3.10 0.46
1897 1489.334 29.9 3.13 0.33
1898 1489.491 47.2 3.11 0.30
1899 1489.542 23.3 3.12 0.35
1900 1490.515 29.3 2.88 0.39
1901 1490.771 43.2 2.82 0.37
1902 1491.249 49.8 2.96 0.35
1903 1491.853 44.9 2.96 0.02
1904 1492.758 15.9 2.83 0.18
1905 1493.208 45.8 2.76 0.19
1906 1495.908 26.5 2.95 0.18
1907 1496.441 45.8 2.94 0.19
1908 1496.639 41.0 2.85 0.14
1909 1497.062 30.4 2.89 0.19
1910 1497.560 43.5 3.01 0.25
1911 1498.991 48.9 3.36 0.24
1912 1499.062 52.3 3.36 0.24
1913 1499.666 38.7 3.56 0.40
1914 1500.182 46.6 3.24 0.44
1915 1501.492 41.0 3.47 0.38
1916 1503.298 32.1 3.29 0.39
1917 1503.482 28.2 3.28 0.37
1918 1504.073 41.0 3.23 0.28
1919 1504.486 50.6 3.26 0.33
1920 1508.521 52.9 3.39 0.23
1921 1509.125 21.6 3.38 0.28
1922 1509.343 39.3 3.37 0.26
1923 1509.794 51.5 3.32 0.27
1924 1511.722 68.3 3.26 0.28
1925 1512.105 41.8 3.26 0.27
1926 1513.125 54.6 3.39 0.15
1927 1513.350 52.1 3.36 0.14
1928 1513.569 31.3 3.33 0.30
1929 1514.415 52.9 3.17 0.27
1930 1514.610 49.8 3.16 0.26
1931 1515.334 21.6 3.34 0.19
1932 1516.467 59.4 3.34 0.24
1933 1516.911 73.1 3.32 0.14
1934 1518.487 72.2 3.34 0.24
1935 1519.143 37.0 3.26 0.10
1936 1520.249 41.0 3.30 0.10
1937 1520.730 73.1 3.43 0.18
1938 1521.457 67.4 3.24 0.18
1939 1521.959 54.6 3.29 0.11
1940 1522.717 78.8 3.33 0.06
1941 1522.795 50.6 3.31 0.06
1942 1523.256 28.2 3.25 -0.01
1943 1523.686 40.1 3.33 0.14
1944 1524.509 54.3 3.37 0.15
1945 1524.922 54.6 3.31 0.11
1946 1525.014 49.5 3.32 0.11
1947 1525.594 33.0 3.28 0.18
1948 1526.079 37.8 3.32 0.17
1949 1528.441 44.9 3.29 0.12
1950 1530.369 49.8 3.37 0.14
1951 1531.188 48.1 3.11 0.25
1952 1532.424 53.8 3.15 0.17
1953 1532.499 50.3 3.10 0.17
1954 1532.789 57.7 3.14 0.26
1955 1534.359 50.6 3.26 0.02
1956 1535.718 77.1 3.13 0.09
1957 1536.626 54.6 3.17 0.11
1958 1537.414 37.0 3.21 0.04
1959 1540.189 48.9 2.89 0.12
1960 1541.937 95.6 2.95 0.15
1961 1544.036 51.5 3.14 -0.02
1962 1544.152 37.0 3.07 0.04
1963 1545.473 26.5 3.37 -0.01
1964 1546.480 48.9 3.36 0.21
1965 1546.555 49.8 3.29 0.21
1966 1546.764 37.8 3.46 0.08
1967 1548.730 51.5 3.37 0.12
1968 1549.214 41.0 3.33 0.13
1969 1549.324 58.6 3.37 0.02
1970 1549.614 49.8 3.22 0.10
1971 1551.037 64.3 3.32 0.19
1972 1553.829 50.6 3.22 0.07
1973 1554.945 30.4 3.11 0.17
1974 1556.526 24.7 3.02 0.12
1975 1556.751 54.6 2.96 0.11
1976 1558.410 52.3 3.03 0.32
1977 1560.011 18.5 2.92 0.22
1978 1560.372 48.9 2.69 0.50
1979 1560.659 49.8 2.87 0.32
1980 1560.864 29.0 3.02 0.26
1981 1561.403 73.1 2.92 0.32
1982 1562.219 54.6 3.10 0.18
1983 1562.881 50.6 3.14 0.13
1984 1563.735 49.8 3.02 -0.10
1985 1564.895 49.8 3.12 0.05
1986 1564.977 37.0 3.04 0.11
1987 1565.206 40.1 3.04 -0.08
1988 1565.912 54.6 3.07 0.08
1989 1566.643 56.3 2.95 0.09
1990 1566.738 64.3 2.97 0.05
1991 1567.117 21.6 2.85 0.07
1992 1567.670 55.5 3.02 -0.11
1993 1567.725 31.3 2.87 -0.12
1994 1567.943 45.8 3.08 -0.08
1995 1569.524 46.6 3.09 -0.13
1996 1569.602 33.0 2.92 0.00
1997 1569.786 19.3 3.11 -0.12
1998 1569.995 22.5 3.04 -0.11
1999 1570.459 49.8 3.17 -0.19
2000 1571.002 28.2 3.00 -0.21
