1 2.053 45.8 3.02 0.11
2 3.322 72.2 2.91 0.17
3 3.609 44.9 3.09 0.34
4 3.718 53.2 2.91 0.27
5 3.753 42.1 3.10 0.27
6 6.101 33.8 2.98 0.21
7 6.145 28.2 3.24 0.19
8 7.132 46.6 3.25 0.17
9 8.094 58.6 3.27 0.18
10 8.784 43.2 3.09 0.15
11 10.286 64.3 3.13 0.12
12 10.603 54.6 3.09 0.05
13 12.347 28.2 3.22 0.04
14 12.378 17.9 3.25 0.04
15 12.525 37.8 3.25 -0.02
16 13.003 20.2 3.21 -0.04
17 13.484 26.5 3.26 -0.02
18 13.996 39.3 3.25 0.07
19 14.095 49.8 3.16 0.09
20 14.723 59.4 3.16 0.12
21 16.129 28.2 3.24 0.27
22 17.303 36.1 3.15 0.16
23 17.423 60.0 3.23 0.16
24 18.140 31.3 3.21 0.05
25 18.440 37.0 3.39 0.18
26 20.389 42.7 3.27 -0.13
27 20.440 34.4 3.29 -0.05
28 20.990 44.9 3.25 0.09
29 21.314 48.1 3.31 0.00
30 21.615 65.1 3.31 0.08
31 21.952 51.5 3.41 0.04
32 22.034 50.6 3.34 0.09
33 22.587 66.0 3.41 0.14
34 23.697 59.4 3.37 0.17
35 24.386 40.1 3.18 0.18
36 24.768 48.1 3.37 0.25
37 24.925 37.0 3.34 0.22
38 28.113 49.8 3.26 0.20
39 30.301 68.3 3.09 0.24
40 30.981 76.2 3.16 0.14
41 33.565 73.1 3.16 0.25
42 35.322 49.8 3.28 0.10
43 35.527 17.6 3.23 0.29
44 35.773 51.5 3.21 0.22
45 35.831 40.1 3.22 0.24
46 36.422 54.6 3.40 0.14
47 36.800 67.4 3.41 0.06
48 37.452 31.0 3.42 0.10
49 37.841 47.5 3.31 0.08
50 38.350 54.6 3.49 0.22
51 39.907 81.9 3.47 0.27
52 40.251 52.1 3.44 0.25
53 40.337 49.8 3.47 0.31
54 40.890 58.6 3.49 0.16
55 41.453 47.8 3.49 0.25
56 41.555 43.2 3.47 0.27
57 42.603 39.8 3.44 0.34
58 44.921 48.9 3.45 0.36
59 45.395 73.1 3.16 0.21
60 46.064 49.8 3.33 0.31
61 46.651 41.0 3.19 0.32
62 47.815 49.8 3.20 0.21
63 47.918 38.7 3.15 0.21
64 49.273 50.6 3.18 0.54
65 50.682 52.1 3.30 0.34
66 50.761 50.3 3.17 0.34
67 51.584 77.1 3.24 0.00
68 51.659 66.0 3.22 0.00
69 53.546 27.3 3.25 0.22
70 53.649 29.0 3.28 0.16
71 54.656 59.4 3.07 0.41
72 55.560 49.8 3.03 0.33
73 55.751 81.9 2.97 0.34
74 58.636 39.3 3.13 0.30
75 58.745 50.6 2.95 0.30
76 58.973 64.3 3.14 0.40
77 59.206 38.7 3.10 0.32
78 60.881 29.0 3.15 0.12
79 61.742 41.0 3.19 0.10
80 61.834 55.5 3.16 -0.05
81 62.496 44.9 3.34 -0.09
82 62.561 27.3 3.29 0.00
83 62.667 45.8 3.31 0.00
84 63.001 38.7 3.29 0.15
85 64.025 58.6 3.23 0.16
86 67.104 49.8 3.08 -0.03
87 67.483 45.8 3.10 -0.09
88 67.654 52.9 3.08 0.01
89 67.732 40.1 3.33 0.14
90 67.821 45.8 3.28 0.21
91 68.852 22.5 3.10 0.11
92 69.237 68.3 3.02 0.12
93 69.999 67.4 3.16 -0.06
94 70.353 38.7 3.06 0.01
95 70.787 42.7 3.14 0.16
96 70.865 37.0 3.21 0.07
97 71.603 12.8 3.13 0.37
98 71.879 45.8 3.18 0.45
99 72.518 40.1 3.32 0.04
100 74.651 28.2 3.13 0.28
101 75.825 55.5 2.90 0.26
102 78.682 53.8 2.92 0.48
103 79.740 49.8 3.00 0.68
104 80.460 56.6 2.91 0.32
105 82.362 34.4 2.91 0.21
106 83.311 58.6 2.94 0.15
107 83.457 54.6 3.04 0.12
108 83.942 52.9 2.98 0.23
109 84.488 49.8 3.21 0.06
110 86.277 86.8 3.13 0.27
111 89.318 66.0 3.06 0.04
112 90.745 44.9 2.93 0.21
113 92.175 48.1 3.03 0.31
114 92.789 74.0 3.06 0.13
115 93.219 48.1 2.99 0.11
116 93.984 48.4 3.00 0.02
117 94.588 58.6 3.17 0.02
118 95.121 49.8 3.20 -0.04
119 95.496 29.0 3.24 -0.11
120 95.554 48.1 3.20 -0.16
121 95.670 83.6 3.14 -0.10
122 96.005 48.1 3.16 -0.01
123 96.209 100.4 3.22 -0.16
124 96.411 59.4 3.20 -0.08
125 98.090 43.2 3.16 0.00
126 100.067 39.5 3.11 0.02
127 102.821 50.6 3.09 -0.04
128 103.476 50.6 3.02 -0.01
129 104.125 50.6 3.09 -0.05
130 105.228 59.4 3.20 -0.09
131 105.473 59.4 3.27 -0.15
132 106.135 48.1 3.27 -0.05
133 106.501 64.3 3.20 0.08
134 108.426 49.8 3.24 -0.02
135 108.893 63.4 3.25 -0.09
136 109.713 37.0 3.24 0.15
137 111.078 43.5 3.14 0.21
138 112.617 22.5 3.22 0.07
139 112.901 58.6 3.30 0.07
140 114.546 54.6 3.04 -0.04
141 114.778 63.4 3.03 0.07
142 115.498 45.8 3.05 0.10
143 116.642 49.8 3.14 0.11
144 117.109 72.2 3.12 0.03
145 118.686 58.6 3.20 0.14
146 119.560 93.3 3.17 0.05
147 120.366 77.9 3.12 0.11
148 120.874 41.0 3.16 0.15
149 121.731 54.6 3.13 0.10
150 122.144 49.8 3.20 0.14
151 122.752 45.8 3.15 0.17
152 123.393 46.6 3.28 0.18
153 124.462 80.2 3.35 0.20
154 124.834 37.0 3.43 0.09
155 124.899 33.8 3.37 0.04
156 124.936 27.3 3.35 0.04
157 125.151 43.2 3.39 0.06
158 127.595 49.8 3.25 0.22
159 127.967 54.6 3.35 0.22
160 129.315 59.4 3.34 0.38
161 129.592 45.8 3.27 0.25
162 131.152 37.0 3.22 0.27
163 131.476 38.4 3.16 0.09
164 133.859 77.1 3.38 0.17
165 135.193 45.8 3.31 0.02
166 135.685 53.8 3.24 -0.02
167 136.357 18.5 3.14 0.07
168 136.487 38.4 3.20 -0.09
169 138.156 73.1 3.15 -0.24
170 139.207 27.3 2.98 -0.18
171 139.593 40.7 3.11 0.03
172 140.211 44.9 3.00 0.19
173 140.794 26.7 3.25 0.30
174 142.023 49.8 3.23 0.01
175 142.846 28.2 3.36 0.09
176 143.348 24.7 3.20 0.02
177 146.740 24.2 3.22 0.21
178 148.611 47.5 3.10 0.22
179 149.969 61.2 3.36 0.07
180 150.031 34.4 3.29 0.10
181 150.260 59.4 3.29 0.11
182 150.451 45.8 3.27 0.02
183 150.594 38.7 3.23 0.02
184 150.796 54.6 3.22 0.13
185 151.014 36.1 3.32 0.11
186 151.512 77.1 3.29 0.16
187 151.618 44.4 3.23 0.01
188 151.673 33.3 3.22 -0.06
189 152.137 66.0 3.17 -0.01
190 155.277 77.9 3.15 0.21
191 156.260 36.4 3.24 0.08
192 156.718 77.1 3.17 0.08
193 157.131 11.9 3.16 0.13
194 157.455 41.0 3.31 0.28
195 158.534 41.8 3.20 0.21
196 158.909 31.3 3.26 0.19
197 158.981 20.8 3.32 0.13
198 159.936 13.7 3.25 0.15
199 160.783 46.6 3.22 0.16
200 161.094 36.1 3.15 0.21
201 161.756 59.4 3.19 0.19
202 163.981 49.8 3.37 0.00
203 164.077 44.9 3.22 0.01
204 164.766 84.2 3.22 0.04
205 164.968 57.7 3.22 -0.01
206 165.053 33.0 3.18 -0.06
207 166.545 39.5 3.24 -0.06
208 167.944 18.5 3.22 0.01
209 167.982 41.0 3.28 0.02
210 168.221 20.8 3.35 -0.03
211 169.200 63.4 3.27 0.01
212 169.381 45.8 3.24 -0.07
213 170.333 75.4 3.23 -0.02
214 172.276 58.6 3.23 0.02
215 173.545 25.9 3.29 -0.08
216 173.586 21.6 3.33 -0.08
217 175.511 91.6 3.20 0.09
218 175.843 52.3 3.26 0.12
219 176.112 54.6 3.10 0.01
220 176.167 40.1 3.16 0.01
221 176.221 63.4 3.13 0.01
222 176.334 27.3 3.23 -0.03
223 178.669 34.4 3.23 0.02
224 180.355 36.1 3.16 0.20
225 183.089 67.4 3.06 0.33
226 183.581 58.6 3.19 0.21
227 183.656 54.6 3.15 0.29
228 183.942 44.9 3.14 0.26
229 184.243 100.4 3.17 0.18
230 184.700 43.2 3.11 0.14
231 184.878 93.9 3.18 0.19
232 185.601 48.9 3.19 0.22
233 185.782 74.8 3.18 0.23
234 185.854 58.6 3.20 0.23
235 185.908 47.5 3.23 0.12
236 186.816 57.7 3.08 0.06
237 186.980 33.0 3.24 0.08
238 187.014 16.8 3.19 0.07
239 187.591 18.5 3.17 0.19
240 187.854 49.8 3.08 0.18
241 188.888 45.8 3.25 0.09
242 190.018 39.3 3.06 0.08
243 191.404 31.3 3.15 0.29
244 194.896 44.9 3.23 0.08
245 195.227 33.8 3.32 -0.01
246 195.305 50.3 3.24 0.02
247 196.326 68.3 3.27 0.12
248 197.616 54.6 3.11 -0.04
249 197.722 44.1 3.15 -0.06
250 198.657 41.0 3.08 0.04
251 199.145 48.1 3.33 0.04
252 199.965 43.2 3.20 0.10
253 200.521 23.3 3.01 0.10
254 201.193 40.1 3.09 0.13
255 201.432 72.2 3.04 0.16
256 201.862 54.6 3.21 0.11
257 202.135 77.9 3.13 0.16
258 202.412 50.6 3.12 0.15
259 203.566 38.4 2.98 0.27
260 204.538 51.5 2.92 0.28
261 205.583 47.5 3.05 0.02
262 205.849 58.6 3.06 -0.03
263 206.163 72.2 3.14 0.17
264 206.272 36.1 3.13 0.11
265 207.327 29.0 3.19 0.25
266 208.781 54.6 3.35 0.00
267 208.942 19.3 3.23 -0.05
268 210.447 39.3 3.16 -0.12
269 210.689 54.6 3.14 -0.12
270 210.891 46.6 3.14 -0.18
271 211.348 48.9 3.22 0.07
272 212.997 63.4 3.18 0.06
273 214.256 48.9 3.41 0.23
274 216.239 50.6 3.22 0.04
275 217.311 64.3 3.18 0.25
276 218.277 41.0 3.10 0.26
277 219.704 41.8 3.15 -0.13
278 220.168 54.6 3.26 -0.00
279 222.025 63.4 3.21 -0.07
280 222.233 48.1 3.14 -0.04
281 224.660 54.6 3.18 0.28
282 227.927 48.4 3.36 0.24
283 229.353 49.8 3.27 0.20
284 230.159 36.1 3.14 0.16
285 230.572 27.3 3.33 0.19
286 233.279 20.8 3.22 -0.05
287 233.422 37.8 3.22 -0.08
288 235.276 47.5 3.12 0.03
289 236.279 63.4 3.22 -0.23
290 236.904 64.3 3.18 -0.24
291 237.020 52.9 3.05 -0.23
292 237.289 40.1 2.97 -0.19
293 237.897 58.6 3.18 -0.15
294 238.665 52.3 3.29 -0.10
295 239.307 54.6 3.27 -0.25
296 239.484 46.6 3.18 -0.18
297 240.283 59.4 3.15 -0.10
298 240.986 91.6 3.06 -0.01
299 242.406 54.6 3.31 -0.14
300 243.198 49.8 3.22 -0.03
301 243.280 49.8 3.27 -0.10
302 243.457 38.7 3.22 -0.06
303 243.751 54.6 3.12 0.02
304 244.191 59.4 3.12 -0.05
305 245.481 44.9 3.24 -0.08
306 245.686 44.9 3.19 -0.03
307 246.352 26.7 3.24 0.05
308 246.543 34.4 3.14 0.10
309 247.410 59.4 3.22 -0.03
310 249.891 48.9 3.22 0.00
311 250.629 60.3 3.17 -0.03
312 251.851 59.4 3.27 -0.03
313 252.137 52.9 3.25 -0.07
314 253.349 11.9 3.15 0.13
315 254.250 51.5 3.31 0.27
316 254.701 63.4 3.07 0.20
317 255.476 54.6 3.11 0.19
318 255.677 56.9 3.11 0.19
319 255.779 45.5 3.06 0.20
320 256.128 50.1 3.18 0.15
321 256.213 45.8 3.16 0.15
322 258.677 44.1 3.30 -0.02
323 260.046 64.3 3.25 -0.04
324 261.015 49.8 3.16 0.08
325 261.411 54.6 3.15 0.05
326 261.514 77.9 3.15 0.05
327 261.626 44.1 3.15 0.01
328 262.947 29.6 3.17 -0.10
329 263.388 68.3 3.22 0.08
330 264.169 64.3 3.09 0.14
331 266.190 50.3 3.12 -0.11
332 266.269 36.4 3.11 -0.14
333 267.221 45.8 3.17 0.08
334 267.583 72.2 3.18 0.05
335 268.241 42.7 2.96 -0.05
336 268.463 41.8 3.18 -0.03
337 269.201 39.3 3.21 -0.15
338 269.262 42.7 3.21 -0.15
339 270.457 27.3 3.25 0.03
340 271.593 25.6 3.28 0.05
341 271.720 80.2 3.29 0.02
342 272.969 34.7 3.41 -0.01
343 273.034 47.2 3.33 0.05
344 273.321 42.7 3.27 0.01
345 274.208 49.8 3.22 0.10
346 274.590 35.3 3.22 0.09
347 274.665 37.8 3.16 0.09
348 274.904 45.8 3.17 0.17
349 275.051 18.5 3.15 0.06
350 275.324 81.9 3.19 0.14
351 275.570 109.2 3.15 0.12
352 276.017 59.4 3.29 0.14
353 277.365 58.6 3.20 0.14
354 277.468 44.9 3.14 0.12
355 279.567 37.0 3.29 0.08
356 280.000 50.6 3.25 -0.00
357 280.482 37.0 3.33 -0.09
358 280.553 59.4 3.39 -0.10
359 283.223 41.8 3.37 -0.08
360 283.383 45.8 3.35 -0.04
361 283.803 81.9 3.27 0.08
362 286.923 58.6 3.02 0.10
363 287.175 39.3 3.11 0.03
364 291.449 43.2 3.12 0.07
365 292.582 77.1 3.01 -0.00
366 292.719 54.6 3.11 0.01
367 295.562 44.9 3.20 0.14
368 296.006 35.3 3.04 -0.01
369 297.760 41.0 3.27 -0.02
370 297.842 50.6 3.18 0.02
371 298.449 37.8 3.25 -0.05
372 298.484 11.9 3.24 -0.05
373 299.163 61.7 3.16 0.10
374 300.310 42.1 3.15 0.18
375 300.842 19.3 3.05 0.13
376 303.102 59.4 2.99 0.16
377 303.324 29.0 2.97 0.32
378 303.351 13.7 2.98 0.31
379 303.675 45.8 3.09 0.34
380 303.764 37.8 2.90 0.36
381 305.798 44.9 3.12 0.23
382 305.959 24.2 3.10 0.20
383 305.996 41.8 3.22 0.23
384 306.478 47.5 3.12 0.11
385 306.986 45.8 3.25 -0.13
386 308.065 26.5 3.11 0.05
387 309.905 24.7 3.06 -0.03
388 310.608 45.8 2.87 -0.03
389 311.785 58.6 2.91 -0.00
390 314.451 75.4 2.80 -0.02
391 316.240 77.1 2.77 0.14
392 317.711 138.2 2.88 0.39
393 318.134 63.4 3.19 0.25
394 318.479 41.8 2.92 0.25
395 319.544 32.1 2.79 0.34
396 319.998 41.0 2.82 0.28
397 320.223 48.1 2.87 0.31
398 320.496 40.7 2.80 0.36
399 321.503 54.6 2.87 0.32
400 321.923 91.6 2.66 0.27
401 323.032 54.6 2.69 0.33
402 323.374 54.6 2.79 0.26
403 324.510 41.0 2.53 0.16
404 325.200 38.7 2.93 0.08
405 325.551 41.0 2.90 0.12
406 328.535 42.4 3.28 -0.08
407 328.637 44.9 3.26 -0.08
408 329.961 67.4 3.32 0.09
409 330.139 49.8 3.28 0.12
410 330.262 44.9 3.26 0.12
411 331.153 37.0 3.20 0.26
412 331.197 27.3 3.22 0.28
413 332.914 93.3 3.22 0.12
414 333.143 58.6 3.19 0.18
415 333.265 56.3 3.24 0.23
416 333.764 37.0 3.17 0.12
417 333.982 65.1 3.20 0.17
418 334.382 26.5 3.20 0.06
419 336.133 20.8 3.09 0.13
420 336.525 51.5 3.11 -0.00
421 337.273 54.6 3.16 0.34
422 339.420 18.5 3.42 0.44
423 339.464 21.9 3.31 0.44
424 339.495 21.3 3.32 0.43
425 340.492 44.9 3.33 0.44
426 341.126 63.4 3.19 0.37
427 341.372 29.0 3.21 0.30
428 342.557 30.4 3.01 0.42
429 342.898 54.6 3.13 0.45
430 343.396 58.6 3.14 0.42
431 343.543 54.6 3.11 0.42
432 344.529 41.0 3.23 0.43
433 346.301 54.6 3.13 0.42
434 346.847 68.3 3.25 0.31
435 347.974 42.7 3.29 0.05
436 348.028 45.8 3.31 0.06
437 348.175 49.8 3.20 0.11
438 348.612 50.6 3.21 0.34
439 350.056 62.9 3.17 0.06
440 350.148 45.8 3.19 0.06
441 351.793 122.9 3.10 0.14
442 352.520 49.8 3.10 -0.07
443 352.687 47.5 3.32 0.00
444 354.500 64.3 2.97 0.24
445 355.305 54.6 3.12 0.20
446 355.524 54.6 3.12 0.26
447 355.647 44.1 3.11 0.21
448 357.145 34.7 3.18 0.06
449 358.347 37.0 3.20 0.13
450 359.248 52.9 3.08 0.15
451 359.924 46.6 3.27 0.08
452 362.514 49.8 3.15 0.04
453 362.798 59.4 3.16 0.02
454 362.934 61.2 3.23 0.04
455 363.002 49.2 2.99 0.04
456 363.252 41.0 2.91 0.04
457 363.825 37.0 3.00 0.13
458 364.286 37.0 2.90 0.13
459 364.422 72.2 3.12 0.01
460 364.583 33.8 3.11 0.03
461 365.044 20.2 3.19 -0.02
462 365.085 27.0 3.25 -0.02
463 365.184 52.1 3.20 -0.02
464 367.013 42.7 3.09 0.11
465 367.771 68.3 2.89 0.09
466 367.904 46.6 2.94 0.06
467 368.310 76.2 3.15 0.09
468 371.614 31.0 3.13 -0.05
469 372.280 73.1 3.18 -0.16
470 373.785 32.1 3.00 -0.07
471 374.686 21.6 3.35 -0.12
472 376.325 40.1 3.28 0.17
473 377.280 51.2 3.35 0.21
474 377.755 28.7 3.26 0.07
475 378.646 100.4 3.22 0.12
476 378.994 29.6 3.34 0.13
477 379.390 53.2 3.29 0.10
478 380.103 48.9 3.31 0.12
479 380.168 54.6 3.19 0.08
480 381.254 48.1 3.28 0.02
481 381.342 54.9 3.29 0.02
482 381.551 21.0 3.32 0.05
483 381.585 19.3 3.32 0.05
484 382.155 26.5 3.44 -0.03
485 382.312 25.6 3.55 0.11
486 383.097 66.0 3.30 0.21
487 385.548 36.1 3.16 0.09
488 385.906 58.6 3.12 0.13
489 387.838 41.0 3.00 0.02
490 387.991 91.6 3.02 0.06
491 388.623 39.3 3.08 0.08
492 389.664 63.4 2.95 0.03
493 389.865 59.4 2.97 0.01
494 390.050 29.9 3.00 -0.02
495 390.644 47.5 3.01 0.02
496 392.053 38.7 3.06 0.06
497 392.084 8.0 3.20 0.02
498 393.497 60.3 3.10 0.03
499 394.569 86.8 3.17 0.13
500 395.078 62.6 3.09 -0.03
501 395.460 53.8 3.05 0.10
502 395.917 71.4 3.01 0.03
503 396.238 31.3 2.98 0.08
504 397.463 16.8 3.01 0.06
505 399.054 37.0 3.11 -0.06
506 399.187 49.8 3.08 0.03
507 400.867 16.8 3.09 0.02
508 401.245 47.5 3.01 -0.03
509 401.310 48.4 3.01 -0.03
510 401.529 30.4 3.04 -0.03
511 401.682 41.0 3.05 -0.09
512 401.740 32.1 3.08 -0.02
513 402.368 45.8 3.00 0.00
514 402.577 61.7 3.02 -0.05
515 406.717 33.0 2.99 -0.01
516 407.236 26.5 3.10 -0.12
517 407.546 19.3 3.10 -0.21
518 407.956 51.5 3.03 -0.20
519 408.045 46.6 3.10 -0.25
520 409.140 43.2 3.11 -0.18
521 409.765 77.1 3.07 -0.14
522 410.298 44.9 3.00 -0.15
523 411.086 21.6 3.08 -0.11
524 411.898 35.3 3.27 -0.02
525 412.294 23.3 3.29 -0.04
526 412.953 54.6 3.30 -0.03
527 413.690 24.2 3.12 -0.05
528 414.042 36.1 3.27 -0.04
529 414.206 17.6 3.15 -0.06
530 416.319 26.5 3.10 -0.02
531 417.063 90.7 2.97 -0.03
532 417.459 40.1 3.04 -0.03
533 417.745 37.8 3.19 -0.02
534 418.056 49.8 3.03 0.04
535 419.322 41.8 3.08 0.02
536 419.401 42.7 3.04 -0.04
537 420.893 48.9 2.97 -0.02
538 420.940 51.5 2.88 -0.02
539 422.671 40.1 3.00 -0.07
540 422.944 45.8 3.08 -0.10
541 423.244 68.3 3.08 -0.03
542 423.818 49.8 2.88 -0.02
543 423.999 41.0 3.02 -0.03
544 424.920 40.1 3.14 -0.12
545 425.548 62.0 3.09 -0.12
546 426.180 65.1 3.02 -0.13
547 426.364 50.6 3.05 -0.10
548 426.900 37.0 3.03 -0.09
549 427.985 38.4 2.99 -0.14
550 428.480 24.2 3.05 0.01
551 429.470 44.9 2.98 -0.01
552 430.197 44.9 2.91 -0.02
553 430.477 48.6 2.80 0.02
554 433.689 44.1 2.89 0.04
555 433.853 39.3 2.81 0.01
556 434.515 36.1 2.78 0.02
557 435.471 29.6 2.85 0.05
558 436.365 33.0 2.91 0.04
559 437.062 63.4 2.86 0.01
560 438.338 66.6 2.92 -0.10
561 439.482 37.8 2.98 -0.12
562 439.895 82.8 2.89 0.00
563 440.011 25.6 2.96 -0.12
564 440.468 68.3 2.90 -0.10
565 441.594 61.7 2.77 -0.24
566 441.762 53.8 2.98 -0.12
567 442.212 48.1 2.98 -0.04
568 443.656 70.0 3.04 -0.13
569 443.854 48.9 3.04 -0.14
570 444.161 28.2 2.97 -0.10
571 445.086 58.6 3.01 -0.22
572 445.431 46.6 3.17 -0.16
573 445.472 22.5 3.12 -0.14
574 446.254 73.1 3.07 -0.07
575 446.363 50.6 3.13 0.00
576 446.933 34.4 3.08 0.07
577 448.192 44.1 3.00 0.13
578 448.517 34.4 3.07 -0.07
579 448.926 50.6 3.03 0.11
580 449.527 61.7 2.88 0.06
581 449.640 52.3 2.86 0.06
582 450.459 103.5 2.84 -0.11
583 451.933 36.7 2.88 -0.07
584 452.439 54.6 2.63 -0.11
585 452.790 56.9 2.78 -0.11
586 452.957 63.4 2.67 -0.13
587 453.039 45.8 2.59 -0.12
588 453.418 86.8 2.73 -0.13
589 453.517 42.7 2.77 -0.16
590 454.514 48.1 2.82 -0.06
591 454.674 65.1 2.80 0.13
592 456.282 51.5 2.73 0.04
593 456.330 34.4 2.71 0.04
594 457.572 39.3 2.68 -0.12
595 458.337 73.1 2.85 -0.09
596 458.770 18.5 2.71 -0.09
597 459.088 61.2 2.78 -0.06
598 459.467 27.3 2.79 -0.02
599 460.119 33.0 2.87 -0.16
600 460.180 37.8 2.81 -0.15
601 460.846 81.9 2.97 -0.05
602 461.385 45.8 3.19 0.14
603 461.603 45.8 3.20 0.18
604 461.839 29.0 3.18 0.15
605 464.433 56.3 3.14 0.18
606 467.293 90.7 3.09 0.17
607 468.010 48.1 3.04 0.25
608 468.942 45.8 2.95 -0.01
609 469.239 61.7 3.09 -0.30
610 470.219 56.6 2.99 -0.27
611 471.717 81.9 2.98 -0.09
612 473.342 35.3 2.98 0.17
613 473.437 26.5 3.07 0.16
614 475.107 53.8 3.00 0.08
615 476.735 49.8 2.92 -0.07
616 478.008 45.8 2.90 0.05
617 479.599 52.9 3.14 0.08
618 479.902 28.2 3.07 0.13
619 481.404 44.9 2.97 -0.04
620 481.575 45.8 3.08 0.08
621 483.439 49.5 3.01 0.07
622 483.514 38.7 3.04 0.05
623 484.579 48.1 2.91 0.09
624 484.964 50.6 2.92 0.25
625 485.152 45.8 2.91 0.28
626 486.142 36.1 2.91 0.06
627 486.753 38.7 3.00 -0.08
628 487.610 53.8 2.97 -0.18
629 487.869 100.4 2.96 -0.16
630 487.965 60.3 3.04 -0.10
631 488.367 72.2 3.00 -0.21
632 488.456 70.8 2.99 -0.22
633 490.292 52.1 2.83 -0.09
634 490.781 100.4 2.97 -0.14
635 491.398 30.4 2.86 -0.19
636 491.893 27.3 3.03 -0.04
637 492.102 58.6 2.94 -0.10
638 492.501 63.4 2.86 -0.20
639 494.477 98.1 3.00 -0.10
640 496.307 54.6 3.02 -0.17
641 496.740 37.0 3.09 -0.15
642 497.017 49.8 3.01 -0.16
643 497.290 81.9 3.02 -0.20
644 497.382 73.4 2.98 -0.20
645 497.669 55.5 2.90 -0.14
646 499.164 48.1 2.91 -0.02
647 499.519 27.3 2.96 0.02
648 500.956 35.3 2.93 -0.26
649 501.208 33.8 2.97 -0.20
650 501.888 25.6 2.96 -0.27
651 502.785 63.4 2.87 -0.20
652 503.331 17.6 2.89 -0.18
653 503.529 63.4 2.99 -0.19
654 504.615 106.1 2.91 -0.27
655 506.694 56.9 2.93 -0.06
656 506.905 73.1 2.91 -0.00
657 507.448 38.4 2.91 0.06
658 507.803 33.0 2.87 -0.03
659 508.175 33.8 2.95 -0.08
660 508.400 64.3 2.85 -0.07
661 508.878 67.4 2.95 0.00
662 510.274 45.8 2.96 0.03
663 510.407 66.6 3.04 0.08
664 511.025 42.7 3.01 0.00
665 511.281 87.0 3.01 -0.05
666 511.421 53.8 3.05 -0.05
667 512.445 38.4 2.86 -0.06
668 513.650 44.9 2.80 -0.13
669 513.988 33.8 2.94 -0.24
670 514.479 71.4 2.93 -0.17
671 516.189 45.8 3.14 -0.00
672 516.947 41.0 3.30 -0.12
673 518.470 50.6 3.36 -0.14
674 519.029 29.0 3.29 -0.09
675 519.057 20.8 3.29 -0.10
676 522.607 56.9 3.34 -0.01
677 523.917 44.7 3.43 0.19
678 524.276 49.8 3.25 0.05
679 524.603 47.5 3.23 0.07
680 525.914 40.1 3.29 -0.06
681 526.068 122.9 3.17 -0.07
682 529.884 43.5 3.39 -0.01
683 530.566 43.2 3.31 0.15
684 531.218 45.8 3.38 0.15
685 532.840 43.2 3.16 0.13
686 533.550 37.8 3.19 0.17
687 533.731 45.8 3.27 0.07
688 533.881 45.8 3.16 0.20
689 534.280 53.2 3.23 -0.05
690 535.372 58.6 3.20 -0.07
691 536.690 40.1 3.14 -0.02
692 538.871 44.1 3.31 0.16
693 539.359 48.1 3.14 0.08
694 539.451 51.5 3.32 0.08
695 539.499 32.7 3.30 0.13
696 539.537 40.1 3.31 0.09
697 539.622 35.3 3.30 0.20
698 539.817 35.3 3.31 0.17
699 541.028 61.2 3.22 0.13
700 541.397 26.5 3.25 0.12
701 541.940 26.5 3.19 0.02
702 542.759 27.3 3.14 0.10
703 543.291 50.6 3.21 0.04
704 545.882 31.3 3.17 0.03
705 546.118 85.9 3.24 0.00
706 549.213 58.6 3.12 -0.18
707 549.364 44.9 3.26 -0.22
708 549.934 44.9 3.15 -0.15
709 550.497 47.5 3.18 -0.18
710 551.517 41.0 3.05 0.07
711 551.831 31.3 3.00 0.06
712 554.095 79.4 2.87 0.01
713 555.262 36.1 2.97 -0.10
714 555.689 50.6 3.02 -0.00
715 555.784 54.9 3.02 -0.00
716 555.972 59.4 2.96 -0.00
717 557.341 32.1 3.10 -0.04
718 557.385 28.2 3.05 -0.03
719 557.679 34.4 3.07 -0.06
720 557.921 42.7 3.02 -0.07
721 559.583 104.4 3.00 -0.00
722 560.791 64.3 2.97 0.12
723 563.802 47.5 3.03 -0.05
724 563.853 37.3 2.80 -0.05
725 563.915 40.7 2.98 -0.04
726 564.423 41.0 3.02 -0.02
727 564.597 47.5 2.99 -0.03
728 565.857 30.4 3.01 -0.08
729 566.915 74.0 3.13 -0.02
730 566.966 36.4 3.12 -0.14
731 567.062 33.0 3.02 0.00
732 567.693 50.9 3.02 -0.01
733 567.990 81.9 3.06 -0.08
734 568.144 29.9 3.09 -0.11
735 570.059 53.8 3.02 -0.05
736 571.380 24.7 3.04 0.01
737 571.748 47.5 2.98 -0.06
738 573.288 50.6 2.90 0.16
739 573.800 66.6 2.96 0.25
740 574.179 62.3 2.84 0.19
741 575.605 43.5 3.08 0.14
742 575.971 72.0 3.15 0.12
743 576.145 50.6 3.02 0.14
744 576.203 44.7 3.06 0.14
745 576.708 52.3 3.09 0.13
746 576.998 58.6 3.07 0.10
747 577.824 58.6 3.12 0.13
748 578.664 42.1 3.15 0.10
749 579.118 49.8 3.10 0.12
750 579.391 50.6 3.20 0.03
751 580.265 63.4 3.20 -0.09
752 581.056 93.9 3.19 -0.07
753 583.357 44.9 2.94 -0.13
754 583.442 63.4 2.91 -0.15
755 584.101 63.4 2.99 0.01
756 586.013 33.8 3.03 -0.09
757 586.893 56.9 3.08 -0.04
758 586.961 49.8 3.00 -0.04
759 587.279 78.8 3.00 -0.14
760 587.770 57.7 3.13 0.05
761 588.023 33.0 3.11 0.08
762 588.207 33.0 3.10 0.02
763 588.259 44.9 3.15 -0.00
764 588.334 54.9 3.04 0.14
765 590.337 70.8 3.05 0.00
766 590.634 64.3 3.18 -0.19
767 591.409 29.0 3.15 -0.01
768 592.436 29.0 3.05 -0.03
769 593.327 33.0 2.99 -0.07
770 593.372 39.8 2.99 -0.07
771 593.911 49.8 2.95 0.20
772 594.273 60.3 3.00 -0.12
773 594.345 54.3 2.97 -0.12
774 594.512 23.3 3.09 -0.07
775 594.754 48.9 2.98 -0.18
776 595.058 54.6 2.92 -0.13
777 595.246 57.2 2.83 -0.13
778 595.382 55.5 2.91 -0.13
779 595.440 41.0 3.04 -0.06
780 595.645 38.7 2.84 -0.14
781 596.754 81.9 2.97 -0.07
782 598.028 39.3 3.19 -0.03
783 598.113 42.7 3.18 -0.03
784 599.075 75.1 3.17 -0.05
785 599.956 37.0 3.21 -0.17
786 600.666 37.0 3.24 -0.13
787 601.195 54.6 3.24 -0.04
788 601.676 48.9 3.31 -0.17
789 601.751 23.3 3.32 -0.18
790 601.936 52.6 3.26 -0.26
791 602.342 24.2 3.28 -0.14
792 604.076 50.6 2.99 0.01
793 604.192 59.2 3.25 0.01
794 604.397 79.6 3.16 -0.03
795 604.834 49.8 3.09 0.01
796 605.807 42.7 3.07 -0.03
797 606.684 60.3 3.16 -0.04
798 607.452 45.8 3.25 -0.02
799 608.503 41.0 3.13 0.10
800 608.616 30.4 3.17 0.12
801 609.100 79.9 3.22 0.09
802 609.616 17.6 3.06 -0.09
803 612.237 34.4 3.02 0.00
804 612.517 44.9 3.07 0.12
805 613.248 76.2 3.14 0.11
806 614.804 28.2 3.02 -0.08
807 615.422 45.8 3.03 0.01
808 615.739 49.8 3.02 -0.13
809 617.839 58.6 3.06 -0.08
810 619.112 36.7 3.02 -0.07
811 622.829 59.4 3.04 -0.06
812 623.798 37.0 2.98 -0.10
813 623.924 48.1 3.08 -0.17
814 624.307 34.4 3.03 -0.12
815 624.409 49.8 3.07 -0.14
816 625.932 57.7 3.09 0.17
817 627.478 49.8 3.05 0.09
818 628.884 40.1 3.13 0.14
819 628.952 48.1 3.17 0.18
820 629.379 31.3 3.23 0.24
821 629.615 44.9 3.33 0.23
822 630.362 41.0 3.09 0.20
823 631.499 36.1 3.04 0.01
824 631.669 33.0 3.03 -0.01
825 631.772 82.8 3.00 0.05
826 633.086 79.1 2.91 -0.09
827 634.861 44.9 3.05 -0.14
828 634.960 51.5 2.93 -0.09
829 635.018 44.9 2.89 -0.13
830 636.359 31.3 3.00 -0.13
831 637.335 43.2 2.95 -0.06
832 637.929 104.4 2.93 -0.10
833 638.445 48.1 2.90 -0.06
834 639.783 44.9 2.98 -0.10
835 639.984 14.5 2.96 -0.08
836 640.022 17.6 2.94 -0.07
837 641.332 26.5 2.86 -0.21
838 641.377 49.2 2.89 -0.28
839 641.964 18.5 3.00 -0.30
840 642.718 44.9 2.83 -0.20
841 643.066 38.1 3.06 -0.18
842 643.384 48.1 2.95 -0.11
843 644.838 80.2 2.72 -0.19
844 645.200 58.6 2.82 -0.16
845 645.411 49.8 2.98 -0.18
846 646.456 47.5 2.92 -0.01
847 647.098 33.0 2.96 -0.16
848 647.405 61.7 2.85 -0.07
849 648.016 44.9 2.75 -0.04
850 648.047 12.8 2.78 -0.03
851 648.767 17.6 2.93 0.11
852 650.429 56.9 3.07 0.10
853 650.634 63.4 3.16 0.07
854 650.845 23.3 3.08 -0.02
855 651.207 63.4 3.16 -0.05
856 651.596 54.6 3.15 -0.11
857 651.927 38.4 3.21 -0.07
858 652.009 54.6 3.09 -0.08
859 652.197 68.3 3.22 -0.08
860 652.504 30.4 3.22 -0.11
861 655.037 39.3 3.39 0.11
862 655.928 34.4 3.35 0.12
863 656.682 52.9 3.31 0.03
864 657.273 44.9 3.32 0.10
865 658.839 47.2 3.19 0.08
866 661.058 46.6 3.16 0.18
867 661.103 20.8 3.13 0.18
868 661.628 73.1 3.07 0.19
869 662.185 53.8 3.10 0.26
870 662.516 49.8 3.01 0.26
871 662.843 41.0 2.99 0.03
872 663.127 31.0 2.92 0.13
873 663.598 44.9 3.05 0.01
874 663.686 38.1 2.99 0.01
875 663.796 58.6 2.96 0.07
876 663.956 55.8 2.95 0.05
877 664.024 35.3 3.05 0.05
878 665.762 73.1 2.98 0.05
879 665.984 37.0 2.90 0.04
880 668.380 32.1 3.03 0.01
881 668.475 54.6 3.06 0.03
882 669.260 74.0 3.09 0.02
883 669.431 36.1 3.08 -0.03
884 669.779 41.2 3.07 -0.05
885 670.653 59.4 3.05 -0.12
886 671.578 52.9 3.03 -0.04
887 672.189 44.1 3.13 0.09
888 672.274 50.6 3.01 0.09
889 674.568 41.8 3.08 -0.06
890 674.708 50.6 2.98 -0.03
891 674.957 59.4 3.04 0.05
892 675.152 44.9 3.00 0.04
893 675.237 63.4 3.04 0.00
894 675.739 58.6 2.94 -0.06
895 676.575 45.8 3.17 -0.10
896 676.688 32.1 2.95 0.05
897 676.794 51.2 3.11 0.04
898 677.562 51.5 3.11 0.04
899 678.644 54.6 2.99 0.04
900 678.807 49.8 3.11 -0.00
901 679.156 52.9 3.18 0.02
902 679.251 31.6 2.97 -0.00
903 680.603 48.9 3.05 0.01
904 682.156 45.8 3.27 0.16
905 682.794 29.0 3.22 0.08
906 683.149 52.9 3.19 0.01
907 684.317 31.3 3.14 -0.01
908 684.685 54.6 3.25 -0.04
909 685.160 72.2 3.19 0.02
910 685.542 35.3 3.30 -0.00
911 687.088 25.6 3.08 0.10
912 687.785 50.6 3.13 0.11
913 687.884 41.8 3.14 0.11
914 688.344 43.2 3.13 0.07
915 689.273 33.0 3.13 0.10
916 690.502 63.4 3.09 0.09
917 691.048 90.7 3.22 0.15
918 692.253 48.9 3.24 0.09
919 693.260 58.6 3.21 0.15
920 693.464 31.3 3.25 0.00
921 693.775 103.5 3.17 0.07
922 694.082 35.3 3.19 0.16
923 694.594 37.0 3.13 0.05
924 695.779 23.3 3.04 -0.02
925 697.455 25.6 3.12 -0.03
926 698.724 49.8 3.21 0.09
927 699.366 49.8 3.29 0.01
928 701.871 35.3 3.20 0.17
929 702.438 44.1 3.12 0.21
930 703.199 48.9 3.30 0.07
931 703.831 40.1 3.22 0.18
932 704.616 35.3 3.15 0.10
933 704.940 54.6 3.33 0.09
934 705.165 53.8 3.22 -0.02
935 705.664 41.8 3.15 0.01
936 707.831 31.3 3.02 0.16
937 708.316 48.1 3.05 0.14
938 710.210 68.3 3.28 0.13
939 713.559 38.4 3.14 0.01
940 713.630 54.6 3.16 0.02
941 714.190 52.9 3.19 0.07
942 714.252 48.4 3.18 0.00
943 714.593 91.6 3.27 0.05
944 714.845 74.5 3.21 -0.09
945 715.323 63.4 3.32 -0.02
946 715.791 16.8 3.26 0.05
947 716.753 24.2 3.22 0.04
948 716.784 30.4 3.22 0.03
949 716.852 56.3 3.18 0.04
950 716.907 28.2 3.18 0.08
951 717.539 44.1 3.26 0.08
952 717.713 59.4 3.41 -0.07
953 718.399 33.8 3.32 -0.01
954 720.832 54.6 3.26 0.18
955 721.501 44.9 3.29 0.07
956 722.147 20.8 3.15 -0.02
957 723.044 47.5 3.05 0.10
958 723.724 61.2 3.15 -0.01
959 724.345 35.3 3.15 0.04
960 724.471 45.8 2.97 -0.08
961 724.843 37.0 3.05 -0.05
962 725.116 41.0 3.06 0.04
963 725.652 81.1 3.05 -0.04
964 726.034 50.6 3.06 0.01
965 728.103 56.3 3.08 -0.06
966 728.284 37.8 3.11 0.07
967 728.376 48.1 3.12 0.01
968 728.666 40.1 3.07 0.09
969 728.710 26.5 3.06 0.08
970 729.106 47.5 3.09 0.10
971 730.813 64.3 3.00 0.07
972 731.086 30.4 3.01 0.07
973 731.994 43.2 3.22 0.12
974 732.854 27.3 3.23 0.01
975 733.008 35.3 3.32 -0.03
976 735.445 90.7 3.08 0.10
977 735.861 51.5 3.16 0.10
978 736.564 61.2 3.31 0.00
979 738.312 105.2 3.16 0.02
980 738.718 23.3 3.14 0.07
981 739.415 53.8 3.21 0.06
982 740.261 44.9 3.15 0.04
983 740.480 134.8 3.24 0.05
984 741.087 25.6 3.06 -0.02
985 741.644 26.5 3.19 -0.04
986 742.620 33.8 3.20 -0.08
987 742.947 39.5 3.13 -0.01
988 743.692 27.3 3.09 -0.12
989 745.436 70.5 3.13 0.17
990 745.596 30.4 3.02 0.11
991 746.231 30.4 2.99 -0.01
992 748.067 86.8 3.21 -0.09
993 750.300 58.6 3.10 -0.17
994 750.501 24.2 3.28 -0.11
995 750.941 55.5 3.22 0.05
996 751.003 45.8 3.23 0.10
997 752.430 17.6 3.13 0.10
998 753.873 19.3 3.26 0.14
999 754.901 164.7 3.13 -0.02
1000 755.901 54.6 3.28 -0.02
1001 756.232 47.5 3.39 0.12
1002 757.242 23.3 3.25 0.06
1003 757.976 45.8 3.23 0.07
1004 759.458 29.6 3.03 0.05
1005 759.663 41.8 3.08 0.05
1006 760.024 45.8 3.14 0.05
1007 760.564 35.3 3.16 0.03
1008 760.844 58.6 3.07 0.09
1009 761.598 17.6 3.13 0.17
1010 761.792 26.5 3.16 0.17
1011 761.908 52.9 3.15 0.17
1012 762.079 61.7 3.14 0.19
1013 765.407 49.8 3.17 0.30
1014 765.994 37.8 3.27 0.01
1015 767.923 64.3 3.01 0.11
1016 768.042 48.9 3.08 0.10
1017 768.479 52.9 3.12 0.22
1018 769.838 70.0 3.09 0.06
1019 770.671 19.3 3.20 0.13
1020 770.698 16.8 3.16 0.10
1021 770.967 49.8 3.05 0.16
1022 771.104 38.7 3.04 0.18
1023 771.596 46.6 3.12 0.26
1024 771.681 54.6 3.13 0.18
1025 772.155 44.1 3.19 0.16
1026 773.336 29.6 3.24 0.03
1027 773.585 35.3 3.16 0.04
1028 774.060 23.3 3.16 0.01
1029 774.715 63.4 3.17 -0.08
1030 775.197 67.4 3.01 -0.06
1031 775.528 59.4 3.12 -0.01
1032 775.674 57.7 3.13 0.04
1033 776.047 31.3 3.05 0.07
1034 777.937 61.2 3.07 0.00
1035 778.566 50.6 3.17 0.13
1036 779.002 48.9 3.25 0.09
1037 779.265 32.1 3.19 -0.10
1038 781.412 37.8 2.94 -0.09
1039 781.740 33.0 3.00 -0.20
1040 782.713 54.6 3.17 0.01
1041 783.310 52.3 3.05 0.07
1042 785.532 29.0 3.22 -0.01
1043 785.611 23.3 3.18 0.01
1044 787.229 44.1 3.28 0.10
1045 788.440 48.1 3.26 0.23
1046 789.147 32.1 3.17 0.03
1047 790.007 50.6 2.97 -0.06
1048 790.567 50.6 2.96 0.04
1049 790.857 37.3 3.00 0.10
1050 790.905 46.6 3.12 0.10
1051 791.297 34.4 3.06 0.15
1052 791.792 100.4 3.05 0.14
1053 792.898 71.4 2.97 0.20
1054 796.359 49.8 3.11 0.21
1055 796.752 45.8 3.11 0.16
1056 797.513 30.4 3.06 0.03
1057 797.789 54.9 3.04 0.05
1058 799.452 37.0 3.02 0.11
1059 799.831 47.5 3.06 0.07
1060 800.493 43.2 3.25 0.06
1061 800.913 54.6 3.22 0.12
1062 803.213 20.8 3.18 0.07
1063 803.650 41.0 3.14 -0.03
1064 804.408 32.1 3.08 -0.04
1065 805.118 22.5 3.07 -0.13
1066 805.176 63.4 3.14 -0.16
1067 805.937 51.5 3.05 -0.06
1068 807.350 54.6 2.90 -0.15
1069 807.405 44.9 2.93 -0.16
1070 808.668 45.8 3.04 -0.08
1071 808.992 44.9 3.01 -0.16
1072 810.815 50.6 3.02 0.16
1073 812.682 16.8 2.97 0.04
1074 812.992 44.1 3.08 0.08
1075 813.832 58.6 3.02 0.03
1076 814.573 31.3 2.95 0.03
1077 814.621 42.4 2.97 0.03
1078 815.337 87.6 2.99 -0.06
1079 815.607 54.6 2.95 0.00
1080 815.853 56.9 2.95 0.03
1081 816.006 37.8 2.90 -0.08
1082 816.819 54.6 3.00 0.22
1083 817.170 40.1 3.00 0.11
1084 817.300 11.9 3.02 0.13
1085 817.996 56.3 2.89 0.19
1086 818.942 41.0 3.13 0.21
1087 819.549 47.5 2.98 0.06
1088 820.645 17.6 3.06 0.24
1089 824.751 47.5 3.00 -0.07
1090 825.079 81.9 3.04 -0.15
1091 825.185 49.8 3.01 -0.16
1092 827.506 49.8 2.99 0.02
1093 827.711 99.6 2.94 0.01
1094 828.701 54.6 2.98 0.04
1095 830.278 20.2 3.06 0.19
1096 830.950 57.7 3.05 0.10
1097 833.336 161.6 2.89 0.37
1098 833.838 64.3 2.85 0.20
1099 834.090 45.8 2.83 0.41
1100 834.391 47.5 2.91 0.27
1101 834.595 54.6 2.98 0.13
1102 837.207 63.4 3.03 -0.07
1103 837.572 46.4 3.03 0.03
1104 838.299 38.7 2.93 -0.15
1105 839.903 49.8 3.01 -0.04
1106 839.985 47.2 2.99 -0.04
1107 840.163 45.8 3.01 -0.08
1108 842.217 45.8 2.96 -0.00
1109 844.620 68.3 2.88 -0.09
1110 845.310 27.3 2.90 0.03
1111 846.102 44.9 3.04 -0.01
1112 846.450 48.1 2.85 -0.08
1113 846.767 54.6 2.74 -0.13
1114 849.222 58.6 2.80 -0.14
1115 850.102 31.3 2.86 -0.12
1116 850.921 43.2 2.78 -0.08
1117 852.116 63.4 2.83 -0.07
1118 852.478 46.1 2.78 0.05
1119 853.051 38.7 2.82 -0.03
1120 854.355 66.0 2.90 -0.10
1121 856.912 56.3 2.81 -0.08
1122 858.465 68.3 2.76 -0.14
1123 858.598 90.7 2.78 -0.12
1124 859.349 37.8 2.83 -0.14
1125 860.103 17.6 2.89 -0.17
1126 861.974 63.4 2.92 -0.07
1127 862.441 26.5 2.83 -0.01
1128 864.838 27.3 2.91 -0.05
1129 864.875 27.3 3.06 -0.05
1130 865.042 38.4 2.93 -0.23
1131 865.298 44.1 3.05 -0.24
1132 865.694 34.4 2.98 -0.20
1133 866.251 33.0 3.13 -0.18
1134 866.466 52.9 3.13 -0.14
1135 866.585 65.7 3.03 -0.17
1136 866.657 45.8 3.15 0.02
1137 868.401 66.6 3.29 0.09
1138 870.954 55.5 3.03 0.04
1139 871.688 33.0 3.03 0.01
1140 872.070 54.6 3.04 0.03
1141 872.842 38.7 3.12 0.00
1142 873.255 33.0 3.09 -0.01
1143 874.228 36.7 3.08 0.06
1144 874.340 32.1 3.14 -0.00
1145 874.405 21.6 2.96 0.01
1146 874.436 32.4 3.03 0.01
1147 874.678 70.0 2.98 0.07
1148 875.306 77.9 3.08 -0.11
1149 875.689 58.6 3.00 -0.03
1150 876.972 68.3 3.22 -0.05
1151 877.382 46.6 3.19 -0.01
1152 878.505 24.2 3.10 0.02
1153 879.208 51.5 3.14 0.05
1154 880.000 68.3 3.09 -0.12
1155 880.822 39.3 3.01 -0.04
1156 881.437 68.3 3.23 -0.09
1157 881.563 35.3 3.26 0.04
1158 883.945 54.0 3.22 -0.11
1159 885.427 63.4 3.16 -0.04
1160 886.051 52.9 3.18 -0.05
1161 886.778 37.8 3.10 0.02
1162 886.976 49.8 3.08 -0.04
1163 887.140 41.8 3.15 -0.02
1164 887.461 37.0 3.11 -0.04
1165 887.495 7.1 3.13 -0.06
1166 887.622 54.6 3.18 -0.03
1167 888.243 58.6 3.19 -0.02
1168 888.902 49.8 3.23 -0.11
1169 889.779 72.2 3.07 0.03
1170 890.438 63.4 3.09 0.08
1171 890.830 49.8 3.21 0.15
1172 890.929 75.4 3.28 0.15
1173 891.260 68.3 3.28 0.20
1174 892.226 73.1 3.23 0.13
1175 892.974 44.9 3.29 0.16
1176 893.585 40.1 3.29 0.24
1177 895.817 58.6 3.16 0.17
1178 895.872 46.6 3.14 0.17
1179 897.824 45.2 3.05 0.26
1180 898.305 81.9 3.10 0.29
1181 898.384 64.0 3.18 0.29
1182 899.541 28.2 3.00 0.12
1183 900.500 27.3 3.09 0.35
1184 901.015 86.8 3.07 0.22
1185 901.859 55.5 3.07 0.27
1186 902.292 73.1 3.10 0.34
1187 903.685 36.1 2.96 0.29
1188 903.818 65.1 3.04 0.32
1189 905.770 81.9 3.01 0.29
1190 906.501 64.3 2.97 0.15
1191 906.903 33.0 3.00 0.13
1192 906.941 17.6 2.91 0.12
1193 907.064 54.6 3.01 0.20
1194 908.084 38.1 3.13 0.26
1195 908.689 62.6 3.14 0.03
1196 909.446 37.0 2.97 0.13
1197 911.341 48.9 2.96 0.24
1198 912.068 45.8 2.98 0.21
1199 912.348 43.2 2.89 0.31
1200 912.419 45.8 2.97 0.23
1201 913.283 48.1 2.91 0.16
1202 913.764 49.8 3.03 -0.01
1203 914.901 39.3 2.94 0.22
1204 916.468 53.8 3.23 0.11
1205 919.994 25.0 3.11 0.10
1206 921.513 33.0 3.18 0.13
1207 921.666 42.7 3.11 0.12
1208 921.803 50.6 3.13 0.15
1209 923.656 32.1 3.17 0.00
1210 924.475 35.6 3.14 0.01
1211 924.885 44.1 3.14 -0.05
1212 925.209 47.5 3.15 0.11
1213 928.015 41.8 3.15 0.20
1214 928.192 25.6 3.15 0.03
1215 928.285 72.2 3.04 0.02
1216 928.558 47.5 3.15 0.00
1217 930.090 50.6 3.22 -0.13
1218 931.165 46.6 3.20 -0.02
1219 931.309 26.5 3.21 0.01
1220 931.892 41.0 3.35 0.16
1221 932.121 33.8 3.24 0.10
1222 932.179 16.8 3.25 0.17
1223 932.445 37.8 3.19 0.11
1224 934.425 66.6 2.95 0.10
1225 934.712 54.6 2.97 -0.05
1226 935.688 36.1 3.04 -0.03
1227 936.316 81.9 2.90 0.01
1228 937.470 44.1 2.92 -0.03
1229 938.808 42.7 3.03 0.03
1230 939.985 45.8 2.91 0.03
1231 940.044 33.0 3.06 -0.04
1232 940.265 49.8 3.04 -0.02
1233 940.426 45.8 3.00 -0.08
1234 941.566 44.9 3.14 0.01
1235 942.307 18.5 3.18 0.03
1236 942.351 28.2 3.20 -0.08
1237 942.406 26.5 3.12 -0.07
1238 942.481 41.0 3.24 -0.07
1239 942.580 51.5 3.18 -0.08
1240 942.945 45.8 3.28 -0.00
1241 942.993 20.8 3.24 0.05
1242 944.853 83.6 3.22 -0.00
1243 946.420 58.6 3.19 0.32
1244 947.242 49.8 3.06 0.45
1245 947.935 50.6 3.14 0.27
1246 949.198 54.6 3.07 0.37
1247 949.765 73.1 3.01 0.43
1248 950.355 35.3 3.06 0.27
1249 951.768 72.2 3.09 0.22
1250 951.912 58.6 3.19 0.06
1251 951.997 38.1 3.07 0.06
1252 952.355 54.6 3.08 0.10
1253 952.806 63.4 3.03 0.07
1254 954.823 26.5 3.01 0.06
1255 956.895 47.5 3.18 0.05
1256 957.581 31.3 3.01 0.05
1257 957.820 59.4 2.94 0.10
1258 957.868 19.3 2.98 0.03
1259 959.851 48.1 2.90 0.11
1260 960.923 76.2 2.98 -0.10
1261 961.005 55.5 3.02 -0.07
1262 961.042 30.2 2.94 -0.12
1263 961.612 41.0 2.99 -0.08
1264 962.739 49.8 2.98 -0.05
1265 963.783 51.5 2.91 -0.04
1266 964.015 75.4 2.87 0.08
1267 964.394 59.4 2.79 -0.10
1268 966.121 45.8 2.86 -0.10
1269 966.562 40.1 2.99 0.03
1270 966.616 49.8 2.83 -0.06
1271 966.917 35.3 2.93 -0.07
1272 968.159 44.4 3.00 -0.07
1273 968.234 53.8 3.02 -0.07
1274 968.640 41.8 3.05 -0.03
1275 969.354 53.8 3.07 -0.02
1276 970.521 49.8 2.92 0.03
1277 970.613 55.2 2.83 0.02
1278 972.279 24.2 3.03 0.20
1279 972.371 37.8 2.89 0.20
1280 973.576 45.8 2.94 0.18
1281 974.498 53.8 2.98 0.02
1282 974.624 40.1 2.90 0.10
1283 975.918 54.6 2.97 0.28
1284 977.358 58.6 2.77 -0.09
1285 977.481 48.1 2.81 -0.12
1286 978.409 102.7 2.70 -0.14
1287 979.338 37.8 2.76 -0.10
1288 979.884 63.4 2.81 -0.04
1289 980.358 102.1 2.78 -0.04
1290 980.823 41.0 2.78 -0.06
1291 981.222 63.4 2.74 -0.09
1292 981.498 46.6 2.80 -0.05
1293 982.328 41.8 2.85 0.01
1294 982.741 33.8 3.00 -0.03
1295 982.956 45.8 3.10 -0.03
1296 983.232 41.8 2.92 -0.03
1297 984.325 37.0 2.95 -0.05
1298 984.847 49.8 3.02 -0.11
1299 986.458 64.3 3.16 -0.14
1300 989.554 41.0 3.04 -0.07
1301 989.721 19.3 3.04 -0.02
1302 989.926 44.9 2.85 -0.07
1303 990.274 28.2 2.86 0.07
1304 990.820 36.1 2.97 0.00
1305 990.885 47.5 3.00 0.00
1306 991.568 54.6 2.82 0.02
1307 992.455 63.4 3.02 0.07
1308 992.991 49.8 2.98 0.16
1309 993.718 36.1 2.98 -0.04
1310 994.292 50.6 3.07 0.06
1311 994.739 73.1 3.08 0.07
1312 995.712 50.6 3.11 0.06
1313 995.940 63.4 3.20 -0.01
1314 997.207 75.4 3.20 -0.10
1315 1000.224 39.3 3.09 0.15
1316 1000.500 77.9 3.03 0.12
1317 1002.252 48.9 3.10 0.12
1318 1003.037 45.8 3.28 0.00
1319 1004.986 49.8 3.05 -0.02
1320 1006.747 42.7 3.09 0.14
1321 1006.935 49.8 3.02 0.10
1322 1007.822 49.8 3.12 -0.00
1323 1009.822 34.4 3.04 -0.04
1324 1010.034 41.0 3.04 -0.06
1325 1010.133 49.8 3.02 0.01
1326 1011.321 52.3 3.00 -0.03
1327 1012.403 54.6 2.90 0.04
1328 1013.051 28.2 3.02 0.08
1329 1013.120 76.2 3.05 0.05
1330 1013.686 42.7 3.05 0.03
1331 1014.420 104.4 2.99 -0.10
1332 1015.031 30.4 3.10 -0.07
1333 1015.096 54.6 3.14 -0.13
1334 1015.198 71.4 3.11 -0.04
1335 1017.362 52.9 3.13 -0.09
1336 1018.735 79.6 3.12 0.02
1337 1019.482 69.1 3.06 -0.06
1338 1020.352 43.2 3.07 -0.03
1339 1020.520 25.6 3.12 -0.07
1340 1021.103 42.7 3.14 -0.23
1341 1021.240 54.6 2.81 -0.02
1342 1021.332 45.8 3.14 -0.06
1343 1022.035 24.7 2.90 0.02
1344 1022.950 55.5 3.14 -0.18
1345 1024.209 74.8 2.76 0.00
1346 1024.520 29.0 3.05 0.04
1347 1025.391 68.3 3.07 0.17
1348 1026.152 58.6 2.99 -0.02
1349 1027.886 41.8 3.12 -0.15
1350 1028.213 90.7 3.05 -0.13
1351 1030.046 50.6 3.06 -0.02
1352 1031.005 46.6 2.99 0.01
1353 1031.487 45.8 2.92 -0.03
1354 1031.849 56.3 2.90 0.01
1355 1032.026 58.6 2.74 -0.11
1356 1032.320 77.1 2.74 -0.10
1357 1032.419 45.8 2.77 -0.04
1358 1033.903 59.4 3.06 -0.08
1359 1035.620 61.7 2.87 -0.09
1360 1035.770 94.2 2.67 -0.09
1361 1036.951 54.6 3.10 -0.01
1362 1038.300 56.3 3.01 -0.03
1363 1038.354 34.1 2.99 -0.03
1364 1038.713 54.6 3.05 0.11
1365 1039.416 57.7 3.00 0.04
1366 1039.610 52.3 3.09 0.08
1367 1040.443 44.9 3.11 0.14
1368 1041.402 127.7 3.00 -0.02
1369 1042.368 18.5 3.10 -0.11
1370 1043.997 38.4 3.22 0.05
1371 1046.447 35.3 3.14 0.07
1372 1046.666 27.3 3.18 0.18
1373 1047.785 41.8 3.20 0.01
1374 1049.376 76.2 3.18 0.11
1375 1050.717 45.8 2.88 -0.21
1376 1051.997 44.9 2.73 -0.07
1377 1052.298 37.8 2.70 -0.26
1378 1052.957 41.0 2.69 -0.26
1379 1054.575 68.3 2.63 -0.03
1380 1054.926 23.3 2.74 -0.01
1381 1056.155 27.3 2.84 0.11
1382 1056.349 37.5 2.86 0.11
1383 1058.828 49.8 3.12 0.24
1384 1060.633 46.6 3.10 0.06
1385 1061.248 58.6 3.05 -0.06
1386 1061.688 48.9 2.97 -0.08
1387 1062.371 70.0 3.04 0.06
1388 1063.074 29.6 3.11 0.12
1389 1063.173 68.8 3.13 0.12
1390 1063.575 24.2 3.06 0.10
1391 1063.876 43.5 3.04 0.07
1392 1065.033 49.8 3.25 -0.05
1393 1067.426 90.7 3.10 0.10
1394 1068.624 114.1 2.86 -0.13
1395 1069.658 19.3 2.93 0.11
1396 1069.897 63.4 2.92 0.03
1397 1071.040 59.4 2.97 0.01
1398 1071.378 44.1 3.02 0.05
1399 1072.177 60.3 3.03 0.04
1400 1072.331 29.0 2.99 0.02
1401 1073.256 46.6 2.96 0.12
1402 1074.372 17.6 3.22 0.19
1403 1074.577 61.7 3.24 0.14
1404 1076.113 29.0 3.26 0.06
1405 1076.529 41.8 3.24 0.02
1406 1076.577 35.0 3.19 0.02
1407 1076.758 37.0 3.18 -0.06
1408 1076.976 40.1 3.21 0.10
1409 1077.505 45.8 3.22 0.08
1410 1077.905 35.3 3.19 0.18
1411 1078.560 59.4 3.12 -0.01
1412 1079.232 99.6 2.99 -0.01
1413 1079.949 29.0 3.08 -0.01
1414 1081.734 54.6 2.93 0.09
1415 1082.642 33.0 2.86 0.08
1416 1082.724 47.5 2.92 0.08
1417 1082.857 24.2 2.91 0.10
1418 1083.779 44.9 2.98 0.33
1419 1083.871 41.0 3.06 0.06
1420 1084.888 48.9 3.00 0.07
1421 1085.110 45.8 3.08 0.05
1422 1085.325 37.8 2.99 0.03
1423 1086.762 68.3 3.03 0.10
1424 1088.158 80.2 2.96 0.13
1425 1088.264 43.2 3.06 0.15
1426 1088.974 54.6 3.08 0.19
1427 1089.319 36.1 3.13 0.16
1428 1089.766 48.9 3.29 -0.03
1429 1089.961 49.8 3.28 -0.04
1430 1091.636 45.8 3.23 0.11
1431 1092.176 53.8 3.33 0.07
1432 1092.473 37.0 3.14 0.14
1433 1093.005 49.8 3.24 0.06
1434 1094.005 38.7 3.16 0.11
1435 1094.323 81.9 3.15 0.20
1436 1094.497 52.9 3.03 0.35
1437 1094.569 20.2 3.36 0.24
1438 1094.777 37.8 3.14 0.11
1439 1097.146 49.8 3.11 0.25
1440 1098.357 86.8 2.87 0.03
1441 1098.729 52.9 2.93 0.07
1442 1099.105 48.1 2.83 0.13
1443 1100.443 45.8 2.94 -0.13
1444 1100.883 68.3 3.07 -0.15
1445 1101.955 63.4 3.08 0.09
1446 1102.518 85.9 3.16 -0.13
1447 1103.255 39.3 3.10 -0.00
1448 1103.621 39.3 3.20 -0.07
1449 1106.648 68.3 3.28 0.03
1450 1107.638 56.3 3.35 -0.12
1451 1108.771 58.6 3.46 0.14
1452 1111.372 53.5 3.41 -0.00
1453 1111.560 51.5 3.29 0.04
1454 1111.874 29.0 3.29 0.09
1455 1112.376 68.3 3.26 0.09
1456 1113.854 33.8 3.17 0.04
1457 1113.926 18.5 3.15 0.00
1458 1114.608 32.1 3.16 -0.06
1459 1114.653 34.4 3.27 -0.03
1460 1115.956 44.9 3.31 0.03
1461 1117.015 33.8 3.20 0.02
1462 1117.970 55.5 3.27 0.10
1463 1118.035 8.8 3.29 0.05
1464 1119.814 63.4 3.18 0.22
1465 1120.831 37.0 3.22 0.21
1466 1120.882 43.2 3.26 0.22
1467 1121.046 90.7 3.34 0.25
1468 1123.087 37.0 3.16 0.02
1469 1123.575 41.0 3.27 -0.03
1470 1123.848 49.8 3.26 0.04
1471 1124.227 45.8 3.20 0.16
1472 1124.712 41.0 3.26 0.07
1473 1124.787 55.5 3.28 0.17
1474 1125.019 31.3 3.27 0.14
1475 1125.190 17.6 3.31 0.13
1476 1125.824 41.0 3.21 0.20
1477 1127.995 50.6 3.16 0.09
1478 1129.248 30.4 3.32 -0.00
1479 1130.142 36.1 3.40 0.02
1480 1130.289 27.0 3.36 -0.09
1481 1131.473 28.2 3.22 0.07
1482 1132.453 49.8 3.16 0.15
1483 1132.726 44.9 3.27 0.21
1484 1132.870 48.9 3.19 0.22
1485 1133.627 68.3 3.15 0.20
1486 1133.897 64.3 3.07 0.31
1487 1134.429 43.5 3.13 0.16
1488 1134.545 38.4 3.17 0.17
1489 1136.245 86.8 3.19 0.00
1490 1139.351 22.5 3.46 0.10
1491 1141.526 58.6 3.31 0.10
1492 1142.772 37.0 3.19 0.33
1493 1145.782 45.8 3.26 0.37
1494 1146.062 49.8 3.29 0.30
1495 1146.240 27.3 3.34 0.33
1496 1146.502 42.7 3.18 0.25
1497 1146.550 47.5 3.22 0.30
1498 1150.394 38.1 3.29 0.12
1499 1152.237 31.3 3.25 0.27
1500 1152.524 49.8 3.25 0.28
1501 1153.677 46.4 3.21 0.15
1502 1153.926 52.1 3.21 0.14
1503 1154.203 44.9 3.34 0.14
1504 1154.268 46.6 3.27 0.14
1505 1154.486 49.8 3.27 0.15
1506 1157.964 73.1 3.37 0.25
1507 1158.726 46.1 3.36 0.30
1508 1159.255 20.2 3.36 0.23
1509 1159.296 26.5 3.29 0.23
1510 1159.405 64.3 3.29 0.15
1511 1162.187 35.3 3.19 0.01
1512 1164.371 48.1 3.24 0.12
1513 1165.139 59.4 3.22 0.12
1514 1166.716 50.6 3.23 0.08
1515 1166.795 41.2 3.27 0.08
1516 1168.587 85.0 3.25 0.20
1517 1168.884 30.4 3.26 0.04
1518 1170.495 106.4 3.22 -0.19
1519 1171.014 54.6 3.19 -0.05
1520 1172.116 77.1 3.14 -0.08
1521 1172.679 25.0 3.21 0.08
1522 1172.894 27.6 3.23 0.01
1523 1173.717 54.6 3.32 0.02
1524 1174.116 48.1 3.29 0.01
1525 1174.417 33.8 3.25 -0.03
1526 1175.526 33.0 3.28 0.05
1527 1176.123 45.8 3.32 -0.05
1528 1177.577 44.9 3.17 0.16
1529 1177.738 34.4 3.20 -0.04
1530 1179.137 61.2 3.24 0.08
1531 1179.247 54.6 3.26 0.06
1532 1179.912 27.9 3.28 0.20
1533 1180.434 42.7 3.23 0.15
1534 1181.114 48.9 3.35 0.03
1535 1181.950 90.7 3.37 0.14
1536 1182.417 50.6 3.37 0.14
1537 1185.169 77.1 3.16 0.20
1538 1185.551 44.1 3.18 0.09
1539 1185.756 62.6 3.11 0.26
1540 1186.466 63.4 3.24 0.24
1541 1186.664 23.3 3.22 0.30
1542 1186.725 26.7 3.18 0.30
1543 1187.237 23.3 3.22 0.17
1544 1187.729 61.2 3.14 -0.03
1545 1190.289 54.6 3.21 -0.04
1546 1190.985 59.4 2.92 0.25
1547 1191.193 53.8 2.87 0.26
1548 1192.009 58.6 3.04 0.26
1549 1193.719 50.6 3.13 0.29
1550 1194.173 58.6 3.08 0.23
1551 1195.235 33.0 3.08 0.20
1552 1196.047 49.8 3.26 0.13
1553 1200.228 59.4 3.22 0.17
1554 1200.955 44.9 3.27 0.01
1555 1203.123 46.6 3.12 -0.09
1556 1203.321 50.6 3.18 -0.11
1557 1203.710 71.1 3.27 -0.04
1558 1204.454 54.6 3.13 -0.14
1559 1204.847 45.8 3.13 -0.10
1560 1207.345 54.6 3.18 -0.01
1561 1208.209 36.1 3.06 0.03
1562 1208.837 58.6 3.16 -0.01
1563 1208.977 48.1 3.21 -0.11
1564 1209.113 17.6 3.15 -0.02
1565 1210.035 45.8 3.23 -0.07
1566 1211.352 49.8 3.20 -0.08
1567 1211.414 22.2 3.22 -0.05
1568 1211.728 44.9 3.23 -0.16
1569 1211.820 54.6 3.19 -0.09
1570 1212.021 59.4 3.19 -0.07
1571 1212.602 63.4 3.03 0.08
1572 1215.476 46.6 3.08 -0.09
1573 1215.544 23.9 3.15 -0.15
1574 1215.571 22.8 3.10 -0.15
1575 1215.827 51.5 2.86 -0.04
1576 1215.960 54.6 3.11 -0.12
1577 1216.083 33.0 3.18 -0.10
1578 1216.397 51.5 3.16 -0.13
1579 1216.489 54.6 3.14 -0.20
1580 1216.605 68.3 3.13 -0.20
1581 1218.490 22.5 3.25 -0.03
1582 1218.623 43.5 3.22 -0.03
1583 1219.159 50.6 3.12 -0.09
1584 1220.009 49.8 3.07 -0.11
1585 1220.442 30.4 3.03 -0.13
1586 1221.749 57.7 2.91 -0.18
1587 1222.504 51.5 3.13 -0.22
1588 1224.227 36.1 3.05 -0.21
1589 1225.132 37.0 3.05 -0.27
1590 1226.426 57.2 3.05 -0.31
1591 1226.617 49.8 3.00 -0.24
1592 1227.340 51.5 3.21 -0.24
1593 1227.535 44.9 2.96 -0.14
1594 1228.057 21.6 2.93 -0.18
1595 1229.184 41.0 2.94 -0.14
1596 1229.344 50.6 3.00 -0.11
1597 1231.057 42.7 2.87 -0.27
1598 1231.170 50.6 2.88 -0.30
1599 1232.085 55.5 2.85 -0.20
1600 1233.402 68.3 2.85 -0.20
1601 1234.594 64.3 2.87 -0.17
1602 1235.113 54.6 3.05 -0.12
1603 1236.232 47.5 2.93 0.03
1604 1238.550 44.9 3.06 -0.24
1605 1240.270 49.8 3.18 -0.16
1606 1242.240 49.8 2.94 -0.13
1607 1242.984 73.1 3.22 -0.19
1608 1243.250 64.3 3.06 -0.35
1609 1243.823 64.3 3.16 -0.16
1610 1244.421 49.8 3.17 -0.18
1611 1246.056 50.6 2.97 -0.12
1612 1246.209 32.1 3.08 -0.12
1613 1247.943 55.5 3.18 -0.14
1614 1248.029 49.5 3.14 -0.14
1615 1248.633 37.0 3.04 -0.16
1616 1248.749 71.1 3.01 -0.16
1617 1249.233 54.6 3.06 -0.16
1618 1249.387 52.9 3.02 -0.18
1619 1249.879 31.3 2.99 -0.15
1620 1251.022 47.5 3.01 -0.12
1621 1251.589 49.8 3.26 -0.00
1622 1253.091 41.0 3.09 -0.02
1623 1253.125 16.8 3.01 -0.01
1624 1253.271 47.5 3.12 0.04
1625 1254.671 55.5 3.30 0.02
1626 1254.879 44.1 3.18 0.08
1627 1257.866 17.6 3.42 0.08
1628 1258.241 86.8 3.28 -0.02
1629 1258.958 21.6 3.26 -0.03
1630 1260.303 27.3 3.20 0.04
1631 1262.586 90.7 3.10 0.08
1632 1264.925 48.1 2.97 0.27
1633 1265.478 44.9 3.12 0.25
1634 1266.560 81.9 3.12 0.15
1635 1268.505 37.8 3.30 -0.03
1636 1268.884 52.9 3.24 0.04
1637 1269.229 48.1 3.21 -0.09
1638 1270.905 68.3 3.19 -0.06
1639 1271.308 50.6 3.14 0.09
1640 1271.919 46.6 3.32 0.01
1641 1272.028 30.4 3.37 0.02
1642 1272.710 41.8 3.21 0.06
1643 1273.031 40.1 3.13 -0.09
1644 1273.502 41.8 3.06 -0.01
1645 1274.492 105.8 3.08 0.03
1646 1275.547 73.1 3.14 -0.07
1647 1276.909 33.8 3.16 -0.14
1648 1277.264 50.6 3.13 -0.05
1649 1277.667 49.8 3.09 -0.11
1650 1277.721 37.8 3.08 -0.07
1651 1278.134 55.5 3.08 -0.04
1652 1279.684 49.8 3.11 -0.24
1653 1280.810 66.0 3.02 -0.01
1654 1281.274 48.9 3.05 -0.04
1655 1283.626 32.1 3.10 0.04
1656 1284.340 50.6 3.18 -0.17
1657 1286.166 45.8 3.08 0.06
1658 1287.255 25.3 3.03 -0.08
1659 1288.251 44.9 2.93 0.04
1660 1288.316 44.1 2.98 0.04
1661 1288.811 77.1 2.94 -0.07
1662 1289.944 54.6 2.81 0.01
1663 1290.231 38.7 2.86 0.02
1664 1290.804 41.5 2.86 0.03
1665 1291.402 77.1 2.90 -0.21
1666 1292.050 43.5 2.97 -0.18
1667 1292.112 52.1 2.89 -0.15
1668 1292.801 33.8 2.82 0.04
1669 1293.276 52.9 2.87 0.01
1670 1294.132 49.8 2.85 -0.16
1671 1295.324 56.9 2.93 -0.16
1672 1295.645 52.9 3.05 -0.24
1673 1296.194 14.5 2.97 -0.30
1674 1296.689 22.5 2.93 -0.18
1675 1297.635 31.3 2.95 -0.11
1676 1297.966 31.3 3.03 -0.11
1677 1299.311 59.4 2.98 -0.04
1678 1300.249 52.1 2.97 -0.12
1679 1301.116 41.0 2.70 -0.23
1680 1301.696 44.1 2.64 -0.29
1681 1302.625 44.9 2.63 -0.28
1682 1302.796 85.0 2.67 -0.32
1683 1303.348 20.8 2.93 -0.05
1684 1303.502 61.7 2.95 -0.11
1685 1303.799 85.0 2.89 -0.11
1686 1305.338 48.1 3.10 -0.11
1687 1306.540 52.9 3.11 -0.03
1688 1307.342 17.6 3.19 -0.03
1689 1307.827 48.9 3.00 -0.08
1690 1308.236 44.1 3.02 0.01
1691 1309.056 44.1 3.23 -0.11
1692 1310.056 41.8 3.22 -0.16
1693 1310.557 57.2 3.20 -0.08
1694 1311.035 46.6 3.16 -0.04
1695 1311.677 48.9 3.23 -0.11
1696 1312.097 54.6 3.21 -0.01
1697 1312.206 29.0 3.07 -0.12
1698 1314.387 45.8 3.15 -0.03
1699 1315.326 64.3 3.04 -0.06
1700 1315.524 47.8 3.06 -0.01
1701 1316.968 45.8 3.23 -0.13
1702 1317.176 54.6 3.28 -0.11
1703 1317.418 54.6 3.32 -0.12
1704 1317.698 47.5 3.20 -0.14
1705 1318.825 45.8 3.26 -0.17
1706 1318.906 42.7 3.30 -0.15
1707 1321.026 33.8 3.38 0.06
1708 1321.808 29.0 3.34 0.20
1709 1322.644 41.0 3.33 0.30
1710 1323.187 26.5 3.18 0.34
1711 1323.224 19.3 3.11 0.35
1712 1324.951 49.8 3.10 0.15
1713 1325.812 54.6 3.12 0.03
1714 1328.061 37.5 3.28 -0.03
1715 1328.839 25.6 3.40 0.02
1716 1329.007 86.8 3.46 0.01
1717 1330.734 50.6 3.30 -0.14
1718 1332.693 49.8 3.12 -0.05
1719 1334.499 18.5 2.97 0.06
1720 1335.311 28.2 3.14 0.05
1721 1336.246 20.2 3.06 0.13
1722 1336.407 49.8 3.12 0.07
1723 1336.785 48.9 3.02 0.05
1724 1337.922 41.8 3.01 0.07
1725 1338.014 64.6 3.04 0.06
1726 1339.028 54.6 3.04 0.02
1727 1340.216 59.4 3.23 0.01
1728 1342.981 44.9 3.19 0.02
1729 1344.517 38.7 3.20 0.18
1730 1345.807 50.6 3.22 0.11
1731 1346.210 49.8 3.12 0.11
1732 1346.995 63.4 3.19 0.15
1733 1347.667 37.0 3.23 0.10
1734 1348.114 41.0 3.17 0.11
1735 1348.278 38.7 3.16 0.12
1736 1348.551 54.6 3.14 0.13
1737 1349.384 100.4 3.18 0.19
1738 1349.729 74.2 3.09 0.16
1739 1349.978 20.8 3.22 0.19
1740 1350.207 44.9 3.11 0.14
1741 1350.306 54.6 3.07 0.13
1742 1350.401 63.4 3.26 0.24
1743 1351.456 58.6 3.16 0.14
1744 1352.883 40.1 3.17 0.07
1745 1354.494 81.1 3.15 0.05
1746 1355.098 68.3 3.18 0.02
1747 1357.392 64.3 3.21 0.10
1748 1358.194 49.8 3.30 0.06
1749 1359.153 49.2 3.33 0.10
1750 1361.283 32.1 3.28 0.08
1751 1362.177 20.8 3.08 0.11
1752 1365.191 32.1 3.16 0.11
1753 1365.495 49.8 3.24 0.06
1754 1365.799 37.0 3.25 0.00
1755 1367.072 73.1 3.17 -0.15
1756 1368.355 25.6 3.00 0.01
1757 1369.799 48.1 3.24 0.07
1758 1370.236 68.3 3.20 0.06
1759 1370.830 18.5 3.12 -0.01
1760 1372.148 33.0 3.15 -0.11
1761 1374.909 49.8 3.16 -0.12
1762 1375.076 77.9 3.22 -0.10
1763 1378.227 59.4 3.16 -0.01
1764 1379.121 25.6 3.12 -0.03
1765 1379.288 24.2 3.10 -0.04
1766 1379.326 23.3 3.13 -0.04
1767 1380.814 36.1 3.11 -0.14
1768 1382.152 55.5 3.15 -0.16
1769 1382.405 68.3 3.16 -0.19
1770 1382.845 32.1 3.26 -0.17
1771 1383.647 41.8 3.16 -0.09
1772 1384.265 49.8 3.33 0.04
1773 1384.313 40.1 3.23 0.00
1774 1388.436 34.4 3.15 -0.20
1775 1389.095 68.3 3.25 -0.12
1776 1389.549 54.6 3.19 -0.14
1777 1391.559 50.6 3.30 0.41
1778 1394.310 49.8 3.12 0.30
1779 1394.519 47.5 3.15 0.23
1780 1396.386 59.4 3.10 -0.09
1781 1398.010 15.9 3.13 -0.01
1782 1399.663 91.6 3.21 0.09
1783 1400.120 54.6 3.13 0.14
1784 1401.434 51.5 2.97 -0.07
1785 1402.045 49.8 3.08 0.06
1786 1406.438 35.3 3.15 0.39
1787 1409.548 28.2 3.18 0.05
1788 1409.978 45.5 3.24 -0.05
1789 1411.217 54.6 2.99 0.17
1790 1413.251 56.3 3.19 0.21
1791 1413.555 50.6 3.24 0.17
1792 1413.722 44.9 3.27 0.15
1793 1413.869 68.3 3.16 0.24
1794 1415.347 48.9 3.22 0.43
1795 1416.238 44.9 3.02 0.23
1796 1416.893 44.9 3.15 0.22
1797 1417.180 55.5 3.14 0.20
1798 1418.187 41.0 3.14 0.33
1799 1419.364 35.3 3.17 0.39
1800 1420.556 48.9 3.12 0.19
1801 1420.900 45.8 2.96 0.30
1802 1421.272 52.9 3.02 0.30
1803 1421.402 54.6 2.98 0.28
1804 1422.658 54.6 3.14 0.50
1805 1422.931 36.7 3.13 0.42
1806 1423.010 42.7 3.10 0.42
1807 1424.365 40.1 3.13 0.36
1808 1424.628 56.3 3.11 0.29
1809 1424.675 43.5 3.11 0.29
1810 1425.037 33.0 2.95 0.34
1811 1426.304 54.6 3.01 0.15
1812 1428.222 58.6 3.00 0.15
1813 1428.826 67.4 2.90 -0.05
1814 1428.891 49.5 2.94 -0.05
1815 1429.635 39.3 3.14 0.02
1816 1429.713 41.0 2.96 0.00
1817 1430.342 54.6 3.24 -0.15
1818 1430.731 73.1 3.16 -0.22
1819 1435.390 33.0 3.11 -0.06
1820 1435.424 19.3 3.08 -0.06
1821 1435.612 41.8 3.11 -0.02
1822 1436.881 19.3 2.96 0.06
1823 1437.178 50.6 3.17 0.03
1824 1438.298 58.6 3.14 -0.13
1825 1438.875 27.3 3.11 0.10
1826 1439.209 46.4 3.11 -0.00
1827 1439.421 49.8 2.88 0.11
1828 1439.943 36.1 3.16 -0.04
1829 1440.896 43.2 3.24 0.04
1830 1442.295 48.9 3.12 -0.04
1831 1442.623 48.9 3.17 0.08
1832 1443.104 68.6 3.08 0.06
1833 1446.630 49.8 3.01 0.07
1834 1447.347 55.5 3.00 -0.15
1835 1447.405 44.4 3.09 -0.15
1836 1447.480 42.1 3.00 -0.10
1837 1447.593 47.5 3.14 0.38
1838 1448.514 37.8 2.81 0.13
1839 1450.385 64.3 3.12 0.22
1840 1453.341 54.6 3.03 -0.04
1841 1453.774 51.5 3.25 0.02
1842 1454.279 65.7 3.39 -0.07
1843 1456.621 52.1 3.17 -0.02
1844 1456.880 49.8 3.19 0.07
1845 1457.498 54.6 2.94 -0.07
1846 1458.078 51.2 3.25 -0.07
1847 1458.242 53.8 3.10 -0.15
1848 1459.061 50.6 3.16 -0.06
1849 1460.010 31.0 3.19 -0.05
1850 1460.584 92.4 3.08 -0.02
1851 1461.212 49.8 3.05 -0.19
1852 1461.447 54.6 3.06 -0.12
1853 1463.195 43.5 3.20 -0.01
1854 1463.540 38.7 3.13 0.03
1855 1465.605 114.9 3.09 -0.00
1856 1465.676 61.2 3.09 -0.00
1857 1466.219 17.6 3.11 -0.13
1858 1466.752 48.1 2.98 -0.03
1859 1467.287 37.8 3.13 0.02
1860 1468.141 54.6 3.12 0.01
1861 1471.704 54.6 3.16 -0.20
1862 1473.442 58.6 3.18 -0.05
1863 1473.551 49.8 3.07 -0.03
1864 1474.261 28.2 3.17 -0.00
1865 1474.302 34.4 3.18 0.04
1866 1477.118 54.6 3.11 -0.12
1867 1477.838 37.8 3.15 -0.12
1868 1477.896 36.1 3.03 -0.14
1869 1480.593 38.7 2.90 -0.10
1870 1480.654 49.8 2.95 -0.07
1871 1480.753 21.6 2.95 -0.07
1872 1481.883 27.3 2.98 -0.01
1873 1482.654 31.3 3.06 -0.03
1874 1483.559 57.7 3.10 0.01
1875 1483.801 46.6 3.11 0.04
1876 1484.293 42.7 3.02 -0.03
1877 1484.873 29.0 2.95 -0.01
1878 1485.361 59.4 3.03 -0.06
1879 1485.740 16.5 2.96 -0.27
1880 1485.965 52.9 2.97 -0.25
1881 1486.361 69.1 2.97 -0.11
1882 1487.877 58.0 3.12 -0.16
1883 1487.996 68.3 2.80 -0.16
1884 1488.662 41.0 2.91 -0.05
1885 1489.338 28.2 3.00 -0.04
1886 1490.071 25.6 2.89 -0.24
1887 1490.215 40.1 2.78 -0.06
1888 1490.249 8.0 2.88 -0.09
1889 1491.372 17.6 3.11 -0.04
1890 1491.645 54.6 3.00 0.03
1891 1491.730 27.3 3.03 0.07
1892 1491.795 72.2 2.98 0.17
1893 1492.253 45.8 3.02 0.20
1894 1492.963 39.3 2.98 0.14
1895 1493.260 44.9 3.01 0.12
1896 1494.321 41.0 3.04 0.22
1897 1494.618 30.4 2.88 0.24
1898 1495.133 58.6 2.87 0.15
1899 1495.444 63.4 2.87 0.13
1900 1495.512 54.9 2.96 0.13
1901 1495.564 41.8 2.92 0.15
1902 1496.342 16.8 3.02 -0.07
1903 1496.584 106.7 3.13 -0.05
1904 1497.809 52.9 3.10 0.00
1905 1498.079 44.9 3.02 0.05
1906 1498.441 50.6 3.07 -0.11
1907 1499.093 54.6 3.02 -0.08
1908 1499.352 75.1 3.05 -0.11
1909 1500.820 47.5 2.86 0.06
1910 1500.888 19.3 2.88 0.13
1911 1500.916 15.9 2.89 0.09
1912 1501.240 72.2 3.00 0.06
1913 1501.865 38.7 2.97 0.13
1914 1501.981 18.8 2.88 -0.03
1915 1502.892 34.4 3.03 -0.11
1916 1503.796 32.1 3.03 -0.06
1917 1505.080 36.1 3.10 -0.23
1918 1505.336 61.7 3.05 -0.18
1919 1506.060 22.5 2.91 0.06
1920 1507.763 50.6 2.98 -0.06
1921 1510.057 54.6 2.76 0.02
1922 1510.268 64.3 2.78 -0.06
1923 1510.521 43.2 2.89 -0.10
1924 1510.623 44.9 2.89 -0.12
1925 1511.046 77.1 3.04 -0.13
1926 1511.289 29.0 3.04 -0.11
1927 1511.326 29.0 2.90 -0.11
1928 1512.166 56.3 3.00 -0.06
1929 1512.862 77.1 2.92 -0.04
1930 1513.306 52.3 2.92 -0.06
1931 1513.350 22.5 2.86 -0.11
1932 1513.487 72.2 2.87 0.01
1933 1513.641 34.4 2.89 -0.10
1934 1514.269 64.3 3.03 -0.20
1935 1514.344 46.4 2.94 -0.20
1936 1515.426 56.3 2.99 0.06
1937 1515.788 54.6 2.98 0.23
1938 1519.215 50.6 2.86 -0.23
1939 1519.757 64.3 2.91 -0.21
1940 1522.928 23.3 2.79 -0.07
1941 1523.027 50.6 2.77 -0.03
1942 1523.638 73.1 2.81 -0.18
1943 1524.246 61.7 2.81 -0.14
1944 1524.741 55.5 2.85 -0.04
1945 1524.840 60.6 2.85 -0.09
1946 1525.260 94.7 2.74 -0.27
1947 1525.403 54.6 2.90 -0.15
1948 1526.127 63.4 2.78 -0.13
1949 1526.451 81.9 2.82 -0.09
1950 1526.847 45.8 2.78 -0.12
1951 1528.072 64.3 2.70 0.06
1952 1528.693 54.6 2.55 0.15
1953 1529.311 59.4 2.53 -0.12
1954 1529.434 62.9 2.60 -0.12
1955 1530.956 48.1 2.76 -0.01
1956 1531.438 29.0 2.73 0.06
1957 1531.943 37.8 2.73 -0.13
1958 1532.554 48.9 2.77 -0.00
1959 1533.021 54.6 2.85 0.04
1960 1533.417 54.6 2.78 -0.02
1961 1533.895 50.6 3.05 -0.12
1962 1535.312 46.6 3.23 0.20
1963 1536.455 52.3 3.10 -0.01
1964 1537.408 29.0 2.98 0.14
1965 1537.909 45.8 3.19 0.06
1966 1540.125 86.8 2.93 -0.28
1967 1540.746 54.6 3.15 -0.07
1968 1543.190 81.9 3.05 0.15
1969 1544.494 37.0 3.10 0.22
1970 1544.712 86.8 3.03 0.26
1971 1545.057 54.6 3.03 0.24
1972 1546.006 48.9 3.21 -0.09
1973 1546.135 27.9 3.20 0.12
1974 1546.654 49.8 3.22 -0.05
1975 1547.788 29.6 3.14 0.04
1976 1548.463 56.3 3.19 -0.05
1977 1549.825 16.8 3.28 0.02
1978 1551.372 48.1 3.37 -0.06
1979 1552.409 37.8 3.19 -0.03
1980 1553.682 21.6 3.20 0.13
1981 1554.102 58.6 3.21 0.28
1982 1554.618 57.7 3.33 0.12
1983 1554.788 57.7 3.35 0.03
1984 1554.874 49.8 3.33 0.11
1985 1555.758 31.3 3.29 -0.04
1986 1557.195 37.8 3.28 -0.05
1987 1557.266 78.8 3.27 -0.04
1988 1557.417 41.8 3.27 0.04
1989 1558.195 35.3 3.20 0.07
1990 1558.280 25.6 3.27 0.02
1991 1558.335 38.7 3.24 0.01
1992 1559.110 47.5 3.03 0.26
1993 1561.154 35.3 2.96 0.33
1994 1562.397 80.8 2.96 0.34
1995 1563.905 52.9 3.05 0.31
1996 1564.465 26.5 3.03 0.24
1997 1564.861 32.1 3.11 0.39
1998 1564.912 24.2 2.99 0.22
1999 1565.008 21.0 2.95 0.27
2000 1565.209 39.3 2.97 0.24
