1 0.124 35.8 3.10 0.56
2 0.633 78.8 3.35 0.57
3 0.909 35.3 3.19 0.45
4 2.974 50.6 3.25 0.42
5 3.223 52.1 3.11 0.46
6 3.558 38.4 3.17 0.39
7 3.831 45.8 3.22 0.36
8 4.241 63.4 3.27 0.52
9 4.329 33.8 3.21 0.41
10 4.589 30.4 3.22 0.54
11 5.312 48.9 3.28 0.35
12 5.739 54.6 3.25 0.27
13 5.835 22.5 3.26 0.43
14 6.927 36.1 2.89 0.10
15 7.023 38.7 3.08 0.10
16 8.227 54.6 2.99 0.38
17 8.463 41.0 2.95 0.33
18 9.071 50.9 2.97 0.32
19 10.753 64.0 3.05 0.33
20 12.173 73.1 2.97 0.46
21 12.470 49.8 2.83 0.63
22 13.805 30.7 3.02 0.38
23 14.713 41.0 3.34 0.21
24 15.092 41.8 3.01 0.16
25 16.409 57.7 3.07 0.32
26 16.539 49.8 2.89 0.21
27 17.338 97.8 2.90 0.24
28 17.437 26.5 2.92 0.26
29 17.942 44.9 2.74 0.27
30 20.208 19.3 3.10 0.29
31 21.297 29.6 3.12 0.17
32 21.884 37.0 3.18 0.34
33 22.331 66.3 2.96 0.35
34 22.925 48.9 3.06 0.25
35 23.215 64.3 3.03 0.17
36 24.755 41.0 2.99 0.11
37 25.567 28.2 3.16 0.18
38 26.345 35.3 2.86 0.30
39 26.407 29.3 3.05 0.30
40 27.311 64.3 3.01 0.30
41 27.598 44.9 2.94 0.21
42 28.298 37.8 2.91 0.36
43 28.779 56.6 2.92 0.28
44 28.878 48.9 2.94 0.28
45 29.035 34.4 3.01 0.31
46 30.004 30.4 3.08 0.43
47 31.377 52.1 3.04 0.38
48 32.913 37.8 3.06 0.28
49 33.749 54.6 3.03 0.17
50 34.824 38.4 3.10 0.08
51 35.193 45.8 2.89 0.03
52 35.544 59.4 3.03 0.10
53 35.991 40.1 2.99 0.20
54 37.190 41.0 2.88 0.04
55 37.364 45.8 2.97 0.03
56 38.179 48.9 2.99 -0.07
57 40.043 44.1 3.04 0.14
58 43.781 54.6 3.00 0.06
59 48.027 54.6 3.00 -0.02
60 53.761 28.2 2.80 0.21
61 73.617 54.6 2.99 -0.31
62 74.572 36.1 3.02 -0.13
63 75.395 69.1 2.97 -0.00
64 76.491 44.9 2.94 0.15
65 76.549 44.1 2.98 0.10
66 78.388 45.8 2.84 0.10
67 78.839 35.3 2.70 -0.01
68 78.928 31.3 3.16 0.17
69 79.334 19.3 3.28 -0.01
70 79.368 21.6 2.92 -0.04
71 79.447 53.8 2.90 -0.00
72 80.532 69.1 3.08 0.20
73 81.201 46.6 3.00 -0.00
74 81.566 70.5 2.97 0.14
75 81.867 49.8 3.06 0.13
76 82.467 27.3 3.01 0.25
77 84.802 46.6 2.92 0.30
78 85.263 40.1 3.12 0.16
79 86.601 33.3 3.07 0.11
80 87.280 77.7 3.18 0.08
81 88.151 47.5 3.12 0.24
82 88.758 49.8 3.14 0.14
83 88.850 54.6 3.07 0.08
84 89.082 48.1 3.16 0.03
85 89.386 56.3 3.10 0.01
86 89.499 49.8 3.22 0.07
87 89.987 43.0 3.08 0.04
88 90.786 45.8 2.95 0.10
89 91.462 39.3 3.06 0.13
90 92.315 37.0 2.97 0.24
91 93.079 45.8 2.92 0.10
92 94.527 22.8 3.02 0.11
93 94.551 44.1 3.05 0.29
94 94.970 48.1 3.02 0.19
95 95.482 44.9 3.02 0.26
96 95.612 60.3 2.95 0.18
97 96.134 37.0 3.08 0.23
98 98.660 48.9 2.87 0.30
99 99.561 22.5 3.14 0.33
100 99.937 30.4 3.05 0.39
101 100.227 43.5 3.21 0.36
102 101.521 45.8 3.14 0.26
103 102.616 42.7 3.16 0.31
104 103.558 32.1 3.10 0.32
105 104.569 50.6 3.09 0.26
106 104.770 60.3 2.96 0.29
107 104.951 56.3 3.05 0.24
108 105.036 52.1 3.12 0.24
109 105.545 64.3 3.08 0.32
110 105.982 46.6 3.01 0.23
111 106.211 32.1 3.05 0.29
112 107.682 39.3 3.10 0.44
113 108.245 12.8 2.97 0.37
114 108.375 42.7 2.98 0.43
115 108.699 31.3 3.01 0.38
116 109.068 32.1 2.99 0.40
117 109.139 63.4 3.01 0.39
118 109.928 73.4 2.92 0.37
119 109.969 35.0 2.98 0.31
120 110.228 40.1 2.94 0.19
121 112.959 49.8 2.91 0.24
122 123.328 45.8 2.69 0.31
123 123.414 41.0 2.81 0.31
124 132.538 62.6 2.88 0.17
125 132.879 41.0 2.87 0.22
126 139.747 72.2 3.03 0.45
127 148.765 54.6 3.07 0.45
128 149.010 59.4 3.04 0.46
129 149.222 59.4 3.05 0.42
130 149.300 30.4 3.06 0.46
131 151.372 53.8 3.24 0.31
132 152.301 63.4 3.35 0.42
133 152.379 48.1 3.29 0.42
134 154.714 87.6 3.09 0.44
135 154.779 49.8 3.16 0.18
136 156.622 12.8 3.14 0.25
137 158.493 54.6 3.01 0.28
138 158.738 49.8 2.77 0.17
139 159.858 46.6 3.21 0.40
140 160.070 39.3 3.13 0.47
141 160.643 25.6 3.25 0.46
142 160.677 40.1 3.14 0.40
143 161.042 68.3 3.11 0.31
144 161.404 42.7 3.18 0.28
145 161.459 41.8 3.11 0.27
146 161.510 36.1 3.14 0.26
147 162.749 33.0 3.14 0.23
148 163.183 53.8 3.12 0.38
149 163.715 24.2 3.21 0.30
150 164.783 31.3 3.08 0.26
151 165.183 63.4 3.10 0.25
152 166.743 81.1 2.99 0.17
153 167.012 44.1 3.17 0.33
154 167.227 62.6 2.99 0.31
155 167.927 54.6 3.18 0.24
156 169.821 53.8 2.98 0.26
157 169.944 41.0 3.02 0.26
158 170.927 40.1 3.11 0.12
159 171.617 29.0 2.95 0.28
160 172.429 56.3 2.94 0.30
161 173.743 25.0 2.97 0.21
162 173.781 30.2 2.87 0.21
163 173.825 32.7 3.04 0.22
164 173.894 26.2 3.03 0.19
165 173.928 23.6 3.03 0.20
166 174.279 63.4 2.92 0.17
167 174.416 35.3 2.89 0.14
168 175.378 39.3 2.90 0.00
169 176.249 23.3 2.98 0.07
170 176.283 11.9 3.01 0.09
171 176.952 44.9 2.91 0.11
172 177.416 52.9 2.91 0.17
173 178.700 39.3 3.01 -0.01
174 179.078 37.8 2.89 -0.06
175 179.293 28.2 2.78 0.05
176 179.331 30.4 3.07 0.04
177 179.570 46.6 2.74 0.01
178 179.908 44.9 2.73 0.13
179 179.993 41.0 2.78 0.04
180 180.403 58.6 2.77 0.05
181 180.591 31.3 2.81 0.10
182 180.628 36.1 2.96 0.09
183 181.024 59.4 2.88 0.02
184 181.072 53.2 2.78 0.03
185 181.812 45.8 2.76 0.07
186 183.103 40.1 2.96 0.18
187 184.683 51.5 2.85 0.06
188 184.847 26.5 2.75 0.03
189 185.536 56.3 2.70 -0.20
190 185.608 37.8 2.82 0.06
191 187.325 62.6 2.84 0.13
192 192.401 37.0 3.04 -0.23
193 193.507 63.4 3.15 -0.00
194 193.687 52.9 3.08 -0.02
195 193.879 25.6 3.06 0.01
196 204.873 44.9 3.05 -0.09
197 206.846 53.8 3.26 0.01
198 216.751 44.9 2.86 0.13
199 230.152 31.3 3.17 0.36
200 232.163 49.8 3.10 0.03
201 233.572 46.6 2.86 0.23
202 234.432 74.8 2.77 0.16
203 234.504 58.6 2.87 0.16
204 235.398 16.8 3.15 0.02
205 235.429 17.6 3.00 0.02
206 235.514 27.3 3.12 -0.08
207 236.095 19.3 3.10 0.03
208 236.361 54.6 3.01 0.09
209 237.184 53.8 3.06 0.11
210 237.368 41.0 3.13 0.04
211 237.655 32.1 3.10 0.03
212 238.020 76.2 3.28 -0.15
213 238.156 32.1 3.03 0.11
214 239.412 126.0 2.99 0.18
215 239.645 29.9 2.87 0.33
216 239.989 37.8 2.96 0.39
217 240.873 60.0 2.70 0.30
218 241.068 45.8 2.67 0.18
219 241.505 41.8 2.75 -0.10
220 243.297 34.1 3.02 0.24
221 243.580 54.6 3.03 0.27
222 244.474 45.8 2.96 0.12
223 244.686 25.0 2.88 0.22
224 245.850 55.5 3.11 0.28
225 245.915 43.5 3.11 0.29
226 246.881 44.9 2.88 0.19
227 247.130 52.9 3.00 0.15
228 248.137 50.6 2.97 0.01
229 248.567 58.6 2.91 0.09
230 248.960 44.9 3.07 0.01
231 249.120 79.4 2.98 0.10
232 249.523 45.8 2.98 0.07
233 250.335 21.6 3.01 0.10
234 250.857 44.1 3.02 0.13
235 251.451 58.6 3.05 0.13
236 252.182 44.1 2.96 0.16
237 252.656 37.8 2.92 -0.01
238 252.940 41.8 2.96 -0.01
239 253.728 85.9 3.00 0.06
240 253.769 31.3 2.96 -0.04
241 254.066 43.2 2.90 -0.08
242 254.114 30.4 2.91 -0.08
243 254.220 44.9 2.92 -0.03
244 254.476 44.9 2.89 0.01
245 255.909 62.6 2.89 0.08
246 257.640 25.9 2.74 -0.02
247 258.217 53.8 3.09 0.09
248 258.370 23.3 2.96 0.09
249 258.483 81.1 2.98 0.11
250 259.316 48.1 3.05 0.11
251 259.428 49.8 2.97 0.24
252 260.749 33.0 2.89 0.18
253 261.381 77.1 2.68 0.06
254 262.876 38.4 2.85 0.06
255 262.971 28.2 2.88 -0.04
256 263.070 73.1 2.89 -0.13
257 264.470 66.6 2.86 -0.02
258 264.760 31.3 2.82 -0.08
259 266.023 54.3 2.97 0.19
260 266.596 35.3 3.06 0.23
261 267.084 45.8 3.11 0.22
262 268.129 74.0 3.05 -0.05
263 268.497 47.5 3.07 -0.07
264 268.675 24.2 3.06 -0.15
265 268.945 52.1 3.28 0.04
266 269.419 30.4 3.15 0.04
267 270.924 55.5 3.21 0.04
268 271.088 49.8 3.13 -0.11
269 271.518 17.6 3.13 0.12
270 272.211 26.5 3.25 -0.03
271 272.716 32.1 3.15 0.15
272 272.805 44.1 3.30 0.09
273 273.013 40.1 3.32 0.06
274 275.386 31.3 3.34 0.19
275 277.065 50.1 3.33 0.26
276 277.417 63.4 3.27 0.27
277 277.871 50.6 3.32 0.21
278 278.942 35.3 3.33 0.31
279 295.340 49.8 3.43 0.04
280 299.648 19.6 3.21 0.31
281 307.290 81.9 3.17 0.15
282 307.638 40.1 3.10 0.11
283 309.321 40.1 3.08 0.07
284 309.492 45.8 3.14 0.08
285 310.075 55.5 3.04 0.07
286 310.939 24.2 2.91 -0.01
287 311.393 48.1 3.02 0.09
288 311.509 48.1 3.04 0.05
289 312.826 43.5 2.98 0.13
290 315.154 45.8 3.09 -0.27
291 315.400 87.9 3.02 -0.27
292 316.032 31.0 2.83 -0.01
293 316.066 42.1 2.84 -0.10
294 316.482 79.6 2.89 -0.30
295 316.701 39.3 2.89 -0.16
296 316.861 35.0 2.78 -0.29
297 317.062 37.0 2.93 -0.19
298 317.793 30.4 2.93 -0.29
299 320.162 40.1 2.72 -0.22
300 320.762 43.2 2.82 -0.05
301 320.967 57.2 2.51 -0.26
302 322.558 33.8 3.05 -0.08
303 322.616 65.1 3.05 -0.00
304 322.903 46.6 3.00 0.07
305 324.271 41.8 2.95 0.29
306 325.439 50.6 2.79 0.28
307 325.712 56.6 2.83 0.34
308 326.135 48.9 2.71 0.29
309 326.268 39.0 2.96 0.33
310 326.459 19.3 2.75 0.23
311 326.524 33.8 2.89 0.23
312 327.306 39.3 2.80 0.19
313 327.985 44.1 2.58 0.01
314 328.139 20.8 2.75 -0.07
315 330.815 33.0 3.03 0.01
316 332.173 71.1 2.91 0.19
317 332.323 40.7 2.96 0.20
318 332.416 50.3 3.02 0.03
319 333.078 40.1 3.10 0.09
320 333.143 48.9 3.07 0.08
321 333.272 46.6 3.02 0.18
322 333.399 55.5 3.02 0.16
323 333.453 39.0 3.00 0.17
324 333.883 29.6 3.11 0.18
325 334.088 49.8 3.03 0.20
326 334.402 38.7 3.00 0.21
327 335.754 44.9 3.05 0.07
328 336.351 52.9 3.07 0.10
329 336.450 33.0 2.96 0.08
330 336.484 11.9 3.06 0.09
331 336.583 37.0 3.01 0.10
332 340.041 62.6 3.04 0.25
333 340.430 79.6 2.89 0.27
334 341.027 51.5 2.89 0.23
335 341.290 28.2 2.87 0.10
336 341.393 65.1 2.87 0.14
337 341.915 36.1 2.76 0.22
338 342.645 68.3 2.65 0.30
339 345.270 66.0 2.81 -0.07
340 345.335 51.5 2.85 -0.07
341 346.171 42.7 2.66 0.22
342 347.885 20.8 2.94 0.04
343 348.366 29.0 2.98 0.07
344 348.393 17.6 2.97 0.07
345 349.892 36.1 3.08 0.03
346 350.008 63.4 3.20 0.03
347 369.501 41.0 2.99 0.28
348 369.539 21.6 3.00 0.22
349 372.089 31.3 3.05 0.22
350 374.673 51.5 2.86 0.10
351 376.069 36.4 2.98 -0.07
352 386.278 45.8 3.16 0.21
353 391.924 40.1 3.08 0.24
354 392.582 73.1 3.09 0.37
355 393.313 46.6 3.12 0.30
356 394.415 36.1 3.10 0.40
357 394.839 40.1 3.12 0.36
358 395.050 52.9 3.06 0.31
359 395.361 49.8 2.92 0.26
360 396.388 62.3 3.02 0.30
361 397.265 34.4 2.93 0.27
362 398.051 33.8 2.97 0.43
363 398.689 45.8 3.04 0.29
364 399.750 37.8 2.97 0.33
365 401.467 36.1 2.96 0.01
366 401.887 73.1 2.96 0.00
367 402.505 20.2 2.89 0.05
368 402.932 54.6 2.91 0.12
369 403.764 24.2 2.83 0.02
370 405.679 54.6 2.87 0.17
371 406.563 49.8 2.83 0.06
372 408.301 81.9 3.04 0.37
373 408.874 53.8 2.78 0.27
374 409.949 31.3 2.89 0.03
375 410.608 29.0 2.83 0.27
376 410.987 35.3 3.05 0.06
377 412.253 54.6 2.98 0.48
378 412.588 66.0 2.98 0.49
379 412.830 27.3 2.94 0.50
380 412.899 27.3 3.00 0.40
381 413.697 34.7 3.13 0.37
382 413.789 46.6 3.08 0.37
383 414.185 32.1 3.04 0.44
384 414.407 51.5 2.98 0.45
385 414.749 40.1 2.93 0.33
386 415.534 67.7 2.95 0.46
387 416.486 49.8 3.05 0.45
388 418.787 44.9 2.88 0.49
389 420.777 48.9 2.80 0.02
390 420.957 51.5 2.90 0.12
391 421.009 33.6 2.82 -0.10
392 421.087 31.3 2.82 0.05
393 421.138 33.0 2.89 0.02
394 422.435 35.3 2.61 -0.03
395 422.596 54.6 2.59 0.11
396 423.111 59.4 2.80 0.09
397 423.220 45.8 2.59 0.07
398 423.326 49.8 2.86 0.09
399 423.633 46.1 2.87 0.42
400 423.968 28.2 2.71 0.18
401 424.002 39.3 2.78 0.18
402 425.057 68.3 2.75 0.30
403 427.060 52.9 2.75 0.08
404 427.156 42.7 2.76 0.16
405 428.105 86.8 2.83 0.22
406 429.600 45.8 2.68 0.04
407 429.750 118.0 2.67 0.34
408 431.412 31.3 2.75 -0.00
409 431.836 54.6 2.35 -0.16
410 436.283 49.8 2.51 0.14
411 438.294 27.3 2.55 -0.02
412 465.317 41.8 2.76 -0.02
413 467.737 28.2 2.67 -0.09
414 471.925 15.9 3.05 0.16
415 473.912 30.4 2.76 -0.05
416 474.048 54.6 2.73 -0.13
417 474.963 47.8 2.87 0.06
418 475.079 50.1 2.87 0.05
419 475.188 50.9 2.82 0.10
420 475.516 29.6 2.91 0.11
421 476.660 26.2 2.84 0.32
422 476.724 46.6 2.74 0.32
423 478.233 54.6 2.70 -0.17
424 478.602 50.6 2.62 0.09
425 478.817 54.6 2.89 0.16
426 479.349 57.7 2.96 0.10
427 481.510 63.4 2.90 0.24
428 481.940 49.8 2.99 0.18
429 482.196 33.8 2.84 0.07
430 482.667 45.8 2.91 0.29
431 483.476 40.1 3.13 0.05
432 483.695 28.2 3.21 0.14
433 483.964 42.1 3.07 -0.28
434 484.640 68.3 2.97 -0.07
435 486.497 21.6 2.63 -0.03
436 489.463 34.4 3.20 0.01
437 489.910 77.1 3.22 0.25
438 491.231 54.6 3.09 0.26
439 493.433 17.6 3.22 0.02
440 493.747 67.1 3.17 0.13
441 494.037 46.6 3.14 0.07
442 494.300 21.6 3.13 0.04
443 496.669 29.0 3.13 -0.01
444 496.928 47.5 3.19 -0.11
445 498.334 23.9 3.26 0.04
446 498.952 47.5 3.31 0.22
447 499.594 28.2 3.28 0.16
448 500.969 24.7 3.21 0.07
449 501.570 35.3 3.25 0.09
450 501.693 26.5 3.28 0.03
451 501.942 43.2 3.26 0.15
452 502.034 23.3 3.12 0.16
453 502.359 48.9 3.28 0.19
454 503.082 8.8 3.20 0.10
455 503.570 77.9 3.15 0.19
456 505.475 19.3 3.14 0.09
457 505.540 36.4 3.31 0.09
458 505.970 19.3 3.31 0.13
459 506.223 52.9 3.26 -0.02
460 508.008 23.3 3.19 -0.13
461 508.240 27.3 3.29 -0.07
462 508.332 47.5 3.15 -0.06
463 509.407 32.1 3.13 0.04
464 509.865 44.9 3.19 0.02
465 510.342 46.1 3.18 -0.09
466 511.383 36.1 3.18 -0.03
467 512.861 49.8 3.24 0.02
468 513.186 73.1 3.23 -0.10
469 513.691 32.1 3.08 -0.04
470 514.892 90.7 3.09 -0.16
471 516.094 45.8 3.07 0.04
472 521.436 50.6 2.93 0.06
473 525.061 38.7 2.97 0.06
474 547.589 63.4 3.03 0.21
475 547.753 39.3 3.15 0.23
476 547.899 53.8 3.07 0.19
477 548.179 44.9 3.18 0.22
478 552.132 47.5 3.07 0.28
479 556.201 49.8 3.28 0.40
480 556.794 36.1 3.21 0.34
481 557.122 25.6 3.18 0.36
482 559.389 18.5 3.32 0.43
483 559.825 14.5 3.09 0.31
484 560.211 24.7 3.13 0.49
485 562.218 48.4 3.13 0.45
486 562.283 59.4 3.19 0.45
487 562.669 27.3 3.07 0.34
488 562.867 45.8 3.17 0.43
489 563.628 44.9 3.21 0.43
490 564.505 37.0 3.02 0.59
491 565.468 41.8 2.94 0.35
492 568.209 63.4 3.17 0.36
493 569.444 83.6 3.15 0.41
494 571.264 48.1 2.88 0.30
495 571.458 56.3 2.86 0.40
496 572.861 45.2 2.93 0.44
497 572.950 47.2 2.92 0.46
498 573.537 59.4 2.97 0.60
499 573.615 54.6 2.91 0.66
500 573.830 35.3 3.00 0.65
501 574.025 40.1 3.06 0.53
502 575.192 38.1 2.95 0.39
503 575.315 41.8 2.99 0.34
504 575.360 35.0 3.03 0.34
505 577.107 37.0 2.97 0.48
506 578.097 19.1 2.91 0.41
507 578.759 57.7 2.91 0.21
508 580.305 50.6 2.69 -0.09
509 580.602 95.6 2.56 0.00
510 581.033 37.3 2.60 0.29
511 581.217 30.4 2.73 0.28
512 581.480 49.8 2.75 0.19
513 583.043 54.3 2.55 0.20
514 583.118 56.9 2.60 0.20
515 585.129 68.3 2.67 0.13
516 587.265 48.9 2.62 0.24
517 588.460 48.1 2.91 0.08
518 588.931 38.4 3.06 0.04
519 590.191 44.9 3.05 0.33
520 590.419 61.7 3.10 0.13
521 591.563 49.8 2.94 0.11
522 593.867 49.8 2.82 0.06
523 594.802 16.8 2.99 0.02
524 611.855 20.8 2.73 0.41
525 616.432 43.2 2.75 0.23
526 624.774 45.8 2.55 0.26
527 625.447 44.9 2.79 0.26
528 626.495 41.0 2.78 0.23
529 626.693 59.4 2.84 0.28
530 627.174 42.7 2.88 0.41
531 627.536 67.4 2.78 0.38
532 627.730 65.1 2.59 0.34
533 627.942 41.0 2.51 0.32
534 628.618 48.9 2.67 0.37
535 629.236 73.1 2.65 0.25
536 629.922 33.0 2.39 0.23
537 631.041 63.4 2.69 0.39
538 631.168 65.4 2.64 0.14
539 631.478 52.3 2.70 0.02
540 632.294 137.4 2.49 0.17
541 632.396 21.6 2.55 0.26
542 634.373 48.9 2.52 0.34
543 635.677 45.8 2.59 0.20
544 636.192 48.1 2.53 0.13
545 636.789 62.6 2.60 0.33
546 636.881 50.6 2.53 0.33
547 637.107 44.9 2.51 0.34
548 637.390 141.4 2.52 0.38
549 637.530 91.9 2.47 0.38
550 637.629 52.6 2.58 0.31
551 637.964 26.5 2.81 0.33
552 639.189 54.6 3.11 0.26
553 639.520 32.1 2.91 0.44
554 639.629 42.7 2.87 0.49
555 639.810 68.3 2.83 0.26
556 640.554 23.3 2.98 0.31
557 640.623 33.8 2.98 0.32
558 640.865 49.8 2.97 0.34
559 641.059 48.1 3.00 0.30
560 641.343 42.7 2.99 0.44
561 641.728 20.8 2.79 0.30
562 641.810 45.8 2.85 0.33
563 641.967 49.8 2.85 0.32
564 643.439 31.3 2.83 0.12
565 643.845 51.5 2.99 0.21
566 644.763 50.6 2.81 0.28
567 645.118 36.7 2.70 0.18
568 647.040 101.3 2.64 0.29
569 647.517 46.6 2.68 0.28
570 647.613 39.8 2.63 0.28
571 647.784 28.7 2.68 0.35
572 647.828 29.6 2.67 0.35
573 648.364 51.5 2.75 0.09
574 648.920 59.4 2.84 0.05
575 651.190 40.1 2.93 0.09
576 652.337 91.6 2.88 -0.10
577 652.477 86.5 2.76 -0.10
578 653.265 63.1 2.60 0.01
579 653.378 19.1 2.74 0.20
580 653.416 25.3 2.69 0.11
581 653.638 52.9 2.58 0.09
582 654.467 61.4 2.48 0.11
583 655.795 40.1 2.58 -0.09
584 655.860 42.7 2.55 -0.09
585 657.037 64.3 2.68 0.23
586 658.112 46.6 2.70 0.04
587 658.170 41.0 2.76 -0.01
588 659.655 50.6 2.80 0.05
589 659.891 41.8 2.88 0.17
590 660.836 27.3 2.78 0.10
591 660.935 20.2 2.66 -0.03
592 661.318 22.5 2.64 0.21
593 662.983 22.5 2.80 0.09
594 663.973 60.3 2.70 0.01
595 664.082 47.5 2.85 0.01
596 664.140 33.0 2.87 -0.00
597 664.393 59.4 2.76 0.04
598 665.007 39.3 2.93 0.02
599 665.236 62.6 2.80 0.07
600 665.738 58.6 2.80 -0.20
601 666.233 59.4 2.81 0.18
602 674.766 35.3 2.94 0.03
603 675.408 44.1 2.90 0.01
604 708.053 54.6 3.01 0.18
605 708.660 29.0 3.04 0.20
606 710.340 48.9 2.75 0.30
607 710.739 49.8 2.90 0.16
608 712.378 46.6 2.65 0.37
609 712.442 48.9 2.76 0.28
610 712.924 49.8 2.76 0.32
611 713.064 47.8 2.85 0.33
612 714.077 55.5 2.92 0.28
613 714.477 56.3 2.86 0.15
614 715.279 45.8 2.95 0.19
615 715.760 88.5 2.80 0.10
616 716.334 89.6 2.84 0.10
617 716.644 54.6 3.01 0.24
618 716.897 47.5 2.86 0.13
619 717.139 53.8 2.96 0.17
620 718.706 81.9 2.82 -0.05
621 719.532 69.1 2.83 0.04
622 719.634 33.8 2.72 0.10
623 720.030 44.1 2.98 0.19
624 721.771 49.8 2.75 0.17
625 722.157 21.6 2.97 0.06
626 722.345 36.1 2.98 0.15
627 722.915 50.6 2.97 0.30
628 723.027 41.8 2.88 0.34
629 723.147 65.7 2.95 0.34
630 723.321 33.8 2.91 0.29
631 723.590 62.6 2.92 0.22
632 725.229 64.3 3.01 0.26
633 725.853 49.8 2.91 0.23
634 725.956 49.8 3.03 0.36
635 726.587 61.2 2.93 0.35
636 726.816 73.1 3.04 0.22
637 727.983 25.6 3.10 0.15
638 729.178 65.7 3.07 0.18
639 729.837 27.3 3.12 0.19
640 729.943 41.8 3.18 0.19
641 731.086 28.2 2.95 -0.00
642 731.584 28.2 2.96 0.02
643 731.663 27.3 3.04 0.13
644 732.632 63.4 2.81 0.09
645 732.765 27.3 3.16 0.09
646 732.881 41.8 3.05 0.17
647 733.243 41.8 2.93 0.17
648 733.417 40.1 3.00 0.13
649 733.742 57.7 2.80 0.11
650 735.588 41.8 2.81 0.30
651 736.165 21.6 2.90 0.01
652 736.592 32.1 2.63 0.13
653 737.797 42.7 2.65 0.25
654 737.926 25.0 2.47 0.35
655 739.483 26.5 2.88 0.51
656 740.968 45.8 2.98 0.59
657 741.053 44.9 2.95 0.56
658 741.531 64.3 2.86 0.52
659 741.838 27.3 2.96 0.56
660 743.053 50.6 3.00 0.63
661 743.756 62.9 2.73 0.38
662 746.135 54.6 2.89 0.37
663 746.282 36.1 2.76 0.21
664 746.675 30.4 2.65 0.57
665 746.774 48.4 2.64 0.57
666 746.907 59.4 2.67 0.38
667 751.897 64.3 2.43 0.32
668 752.081 48.9 2.43 0.27
669 753.020 58.6 2.97 0.16
670 753.508 43.5 2.91 0.34
671 753.846 45.8 2.71 0.43
672 777.821 23.3 2.95 0.62
673 784.559 54.6 3.20 0.53
674 786.556 34.4 3.19 0.40
675 786.874 82.8 3.03 0.39
676 787.724 37.0 3.13 0.55
677 787.853 56.3 3.11 0.54
678 788.266 36.1 3.07 0.56
679 789.795 42.7 3.13 0.60
680 790.355 70.5 3.16 0.68
681 791.209 58.6 3.12 0.54
682 791.396 44.1 3.12 0.65
683 794.431 51.2 3.20 0.71
684 796.073 26.5 3.26 0.72
685 796.134 33.3 3.22 0.72
686 796.724 77.9 3.18 0.71
687 796.984 29.0 3.15 0.63
688 797.202 37.0 3.42 0.57
689 798.493 45.8 3.22 0.53
690 798.742 34.4 3.39 0.56
691 800.479 32.1 3.24 0.19
692 803.135 44.9 3.30 0.59
693 803.360 42.7 3.24 0.59
694 804.230 39.8 3.26 0.62
695 804.346 57.2 3.01 0.62
696 804.650 97.3 3.02 0.60
697 804.715 31.3 3.06 0.58
698 804.998 55.5 3.08 0.50
699 805.176 29.0 3.02 0.43
700 805.203 11.9 3.10 0.42
701 805.323 30.4 3.09 0.41
702 805.616 48.1 3.28 0.43
703 808.480 27.3 3.34 0.42
704 808.589 54.6 3.17 0.34
705 808.784 35.3 3.25 0.47
706 809.688 54.6 3.33 0.03
707 812.190 33.0 2.96 0.37
708 812.948 52.9 3.07 0.50
709 813.296 30.4 3.37 0.48
710 813.433 39.3 3.21 0.50
711 813.764 20.5 3.03 0.44
712 813.798 33.3 3.16 0.48
713 814.604 49.8 3.00 0.59
714 814.979 29.6 3.29 0.52
715 815.215 50.6 3.26 0.58
716 816.546 44.9 3.44 0.57
717 817.751 45.8 3.34 0.61
718 818.771 41.0 3.34 0.60
719 819.225 37.8 3.25 0.44
720 821.628 27.6 3.26 0.45
721 822.004 20.2 3.30 0.50
722 822.147 48.9 3.22 0.30
723 822.321 42.7 3.08 0.31
724 822.649 37.0 3.05 0.24
725 823.966 41.0 3.02 0.39
726 824.646 58.6 2.79 0.31
727 825.185 31.0 2.96 0.27
728 826.301 42.1 2.97 0.49
729 827.455 120.3 2.88 0.00
730 828.349 49.8 3.11 0.49
731 829.346 41.8 3.06 0.34
732 830.871 45.8 3.06 0.04
733 831.011 40.1 3.06 0.07
734 832.851 40.1 2.96 0.09
735 836.688 40.1 3.08 0.41
736 839.162 32.1 3.02 0.42
737 858.420 24.2 2.74 0.27
738 859.683 45.5 2.70 0.10
739 859.980 45.8 2.76 0.05
740 869.108 46.6 3.17 0.34
741 870.183 48.9 3.22 0.13
742 870.507 73.1 3.23 0.20
743 871.159 54.9 3.21 0.32
744 873.279 54.6 3.10 0.44
745 874.456 37.8 3.13 0.55
746 874.903 58.6 3.08 0.60
747 875.429 31.3 3.12 0.46
748 875.648 49.8 3.02 0.39
749 876.320 72.2 3.04 0.40
750 876.422 35.3 3.13 0.44
751 876.644 44.9 3.10 0.25
752 877.924 41.0 3.03 0.46
753 878.272 27.3 3.21 0.33
754 879.668 56.3 3.16 0.38
755 879.873 73.1 3.04 0.42
756 880.730 54.6 2.99 0.48
757 881.003 31.3 2.94 0.40
758 881.051 44.1 2.90 0.31
759 881.856 60.3 3.06 0.33
760 883.386 27.3 3.04 0.28
761 883.461 18.8 3.00 0.28
762 883.539 52.1 2.94 0.31
763 884.082 22.5 2.98 0.25
764 884.519 61.7 2.87 0.30
765 884.918 45.8 2.79 0.22
766 886.495 54.6 3.17 0.41
767 886.666 65.1 3.17 0.42
768 887.386 41.5 3.09 0.39
769 887.553 43.2 3.11 0.38
770 888.086 20.2 2.98 0.41
771 889.236 46.6 2.98 0.35
772 889.533 44.9 3.20 0.47
773 889.861 39.3 3.22 0.45
774 889.956 45.8 3.25 0.32
775 890.369 44.1 3.10 0.41
776 890.417 41.8 3.13 0.33
777 890.772 41.0 3.12 0.39
778 890.932 31.3 3.07 0.42
779 891.192 44.1 3.13 0.39
780 893.192 40.1 3.23 0.49
781 893.561 56.9 3.19 0.49
782 894.301 43.8 3.20 0.56
783 894.595 19.3 2.97 0.48
784 894.619 21.6 3.05 0.49
785 895.581 41.8 3.10 0.53
786 895.827 49.8 3.09 0.50
787 896.749 49.8 3.09 0.56
788 897.247 86.8 2.99 0.53
789 897.520 49.8 3.05 0.45
790 898.012 38.7 3.04 0.53
791 898.275 54.6 2.94 0.45
792 898.875 36.1 3.18 0.43
793 901.039 36.1 3.31 0.43
794 903.637 42.7 3.04 0.15
795 903.780 40.1 2.98 0.25
796 904.347 54.6 2.99 0.21
797 904.603 37.0 3.06 0.25
798 904.637 24.2 3.08 0.26
799 905.060 50.6 3.04 0.33
800 905.166 37.0 3.04 0.30
801 906.678 47.5 2.99 0.28
802 908.832 45.8 3.06 0.12
803 910.194 62.6 2.99 0.15
804 915.256 64.3 2.98 -0.04
805 918.543 49.8 3.03 0.13
806 928.558 41.8 2.71 -0.00
807 938.374 37.0 2.66 0.04
808 939.159 68.3 2.76 0.13
809 941.894 30.4 2.99 0.09
810 942.344 53.8 3.09 0.08
811 942.750 96.4 2.97 -0.11
812 944.566 44.9 2.74 -0.01
813 945.321 47.5 2.80 0.16
814 945.594 44.4 2.66 0.22
815 946.385 49.8 2.89 -0.03
816 946.495 74.8 2.56 -0.14
817 947.116 59.4 2.90 0.22
818 947.764 50.1 2.80 0.17
819 948.488 27.3 2.88 0.36
820 949.287 31.0 2.82 0.21
821 950.092 59.4 2.84 -0.19
822 950.946 30.4 2.86 -0.18
823 951.314 25.0 2.96 -0.12
824 951.717 56.3 2.92 -0.03
825 951.997 55.2 2.91 0.05
826 952.495 39.5 3.02 -0.00
827 952.584 31.0 2.95 -0.04
828 953.117 33.8 3.06 0.05
829 954.526 66.6 3.26 0.23
830 954.786 42.7 3.26 0.22
831 956.356 39.3 3.25 0.30
832 958.400 74.8 3.13 0.38
833 958.516 59.4 3.13 0.38
834 959.766 17.6 3.05 0.28
835 960.018 46.1 3.00 0.27
836 960.148 39.3 3.07 0.27
837 960.800 82.8 3.08 0.10
838 960.858 22.5 3.13 0.05
839 963.220 55.5 3.25 0.44
840 963.804 37.0 3.16 0.47
841 964.036 41.0 3.11 0.54
842 964.224 29.0 3.22 0.38
843 964.261 42.1 3.16 0.40
844 964.469 60.3 3.16 0.43
845 964.561 93.0 3.25 0.46
846 965.111 46.6 3.32 0.38
847 965.746 44.1 3.18 0.45
848 966.234 41.0 3.22 0.43
849 966.726 31.3 3.22 0.42
850 966.801 64.6 3.19 0.42
851 966.934 41.0 3.12 0.45
852 967.760 45.8 3.28 0.51
853 968.320 22.5 3.30 0.74
854 968.374 37.8 3.26 0.67
855 969.644 54.6 3.01 0.65
856 970.139 41.0 2.98 0.55
857 970.511 44.1 3.00 0.33
858 970.924 40.1 2.93 0.52
859 971.344 27.3 2.97 0.38
860 971.849 86.8 2.85 0.10
861 972.067 33.8 2.87 0.18
862 973.088 32.1 2.75 0.32
863 973.539 29.0 2.96 0.32
864 973.853 32.1 2.81 0.35
865 974.713 65.1 2.76 0.11
866 975.276 54.6 2.67 0.44
867 975.645 43.2 2.83 0.18
868 976.204 41.0 3.07 0.20
869 976.634 31.0 3.14 0.31
870 978.013 45.8 2.72 0.21
871 978.321 44.9 3.01 0.33
872 980.119 33.0 3.00 0.18
873 982.041 63.4 2.74 0.52
874 982.348 44.9 2.59 0.67
875 983.011 63.4 2.85 0.72
876 983.751 41.8 2.97 0.50
877 985.004 25.0 2.77 0.40
878 985.994 42.7 3.15 0.55
879 986.523 33.8 3.10 0.46
880 988.073 38.4 3.20 0.50
881 988.905 38.4 3.12 0.43
882 994.438 36.1 3.03 0.39
883 1023.834 41.0 3.04 0.24
884 1027.531 54.6 2.97 0.05
885 1027.998 32.1 2.86 0.12
886 1028.555 55.5 2.87 0.12
887 1030.500 32.1 2.99 0.33
888 1031.835 48.9 2.76 0.14
889 1032.272 31.3 2.87 0.26
890 1033.593 41.0 2.98 0.30
891 1033.914 44.1 2.93 0.39
892 1034.422 30.4 3.15 0.37
893 1034.798 73.1 3.25 0.19
894 1036.467 96.7 3.07 0.16
895 1036.552 70.5 2.96 0.09
896 1036.880 76.8 2.95 0.07
897 1036.969 40.1 2.90 0.07
898 1037.460 77.9 2.90 0.20
899 1038.689 33.0 3.09 0.24
900 1039.047 33.0 3.03 0.27
901 1039.174 49.8 3.11 0.31
902 1039.334 33.8 3.10 0.38
903 1040.914 52.9 3.07 0.12
904 1041.099 27.6 3.14 0.27
905 1041.327 44.1 3.11 0.33
906 1042.078 44.9 3.20 0.29
907 1042.805 52.9 3.23 0.26
908 1042.983 54.6 3.22 0.22
909 1044.509 54.3 3.13 0.17
910 1045.116 30.4 3.11 0.34
911 1045.314 107.5 3.31 0.19
912 1046.021 52.3 3.28 0.25
913 1046.625 31.3 3.33 0.32
914 1047.287 30.4 3.22 0.19
915 1048.413 26.5 3.21 0.25
916 1049.106 41.0 3.19 0.38
917 1049.246 28.2 3.19 0.31
918 1051.171 52.9 3.22 0.20
919 1051.898 41.8 3.18 0.26
920 1052.028 58.6 3.09 0.30
921 1052.796 49.8 3.06 0.30
922 1053.045 28.2 3.11 0.37
923 1053.226 108.4 3.06 0.29
924 1053.687 40.1 3.11 0.25
925 1053.926 24.7 3.10 0.30
926 1054.417 67.7 3.03 0.20
927 1055.090 77.1 3.11 0.30
928 1057.391 31.3 3.08 0.48
929 1057.920 42.7 3.11 0.61
930 1058.343 23.3 3.02 0.44
931 1058.865 46.6 3.01 0.23
932 1058.985 56.9 3.01 0.27
933 1060.162 103.5 3.18 0.37
934 1060.558 23.3 3.16 0.38
935 1060.906 27.6 3.02 0.34
936 1061.309 33.8 3.05 0.45
937 1062.865 52.9 3.18 0.33
938 1063.367 18.5 3.10 0.37
939 1063.692 50.3 3.18 0.38
940 1063.971 27.3 3.14 0.43
941 1067.258 44.9 3.21 0.63
942 1068.279 57.7 2.86 0.35
943 1071.245 68.3 3.23 0.70
944 1073.396 59.4 3.07 0.39
945 1085.499 41.0 2.91 0.18
946 1099.562 44.9 3.21 0.26
947 1103.081 33.0 3.08 0.29
948 1103.197 45.8 3.13 0.25
949 1103.785 54.6 3.06 0.31
950 1104.170 50.6 3.08 0.26
951 1106.996 38.7 3.08 0.10
952 1107.051 48.1 2.99 0.13
953 1107.461 52.9 2.97 0.07
954 1109.782 56.9 3.05 0.29
955 1110.901 32.1 2.69 0.15
956 1111.509 54.6 2.42 0.11
957 1112.608 55.2 2.36 0.26
958 1113.236 29.6 2.55 0.18
959 1113.287 33.8 2.91 0.18
960 1114.093 34.4 2.95 0.07
961 1114.223 55.2 2.86 0.01
962 1115.195 51.5 2.57 0.33
963 1115.834 33.0 2.72 0.25
964 1116.339 21.6 2.74 0.48
965 1118.342 37.0 3.07 0.57
966 1121.268 49.8 2.98 0.20
967 1123.101 38.1 3.28 0.30
968 1123.152 33.0 3.35 0.30
969 1123.974 48.6 3.41 0.44
970 1124.049 39.3 3.32 0.34
971 1124.503 33.0 3.37 0.42
972 1124.899 34.4 3.26 0.36
973 1124.998 43.0 3.42 0.36
974 1125.244 34.4 3.38 0.40
975 1125.848 57.7 3.21 0.32
976 1126.002 60.3 3.20 0.09
977 1126.241 36.1 3.12 0.18
978 1130.306 44.9 3.15 0.59
979 1131.289 36.7 2.91 0.44
980 1131.337 11.9 2.98 0.44
981 1132.276 39.3 3.02 0.53
982 1133.597 35.3 3.15 0.65
983 1134.658 31.3 2.98 0.52
984 1135.095 46.6 2.88 0.35
985 1136.436 41.0 3.02 0.22
986 1139.983 50.6 3.29 0.26
987 1140.051 60.0 3.24 0.26
988 1141.594 40.1 3.39 0.28
989 1141.744 59.7 3.45 0.28
990 1145.383 41.0 3.10 0.24
991 1145.963 50.6 3.26 0.14
992 1146.045 50.6 3.29 0.02
993 1146.161 41.8 3.20 0.18
994 1176.622 35.3 3.17 0.16
995 1176.762 54.6 3.13 0.10
996 1177.263 50.6 3.13 0.18
997 1177.642 45.5 3.12 0.27
998 1177.926 45.8 3.15 0.20
999 1178.656 59.4 3.27 0.20
1000 1178.895 58.6 3.29 0.18
1001 1179.209 22.5 3.18 0.17
1002 1179.421 50.6 3.22 0.21
1003 1180.008 50.6 3.22 0.27
1004 1180.779 45.8 3.22 0.19
1005 1181.213 46.1 3.18 0.25
1006 1181.868 19.3 3.28 0.27
1007 1184.520 48.9 3.39 0.13
1008 1186.251 35.3 3.40 0.28
1009 1187.913 35.3 3.28 0.29
1010 1188.053 33.3 3.31 0.31
1011 1188.558 47.5 3.41 0.27
1012 1189.900 105.2 3.21 0.35
1013 1193.705 18.5 3.14 0.37
1014 1193.958 34.7 3.14 0.25
1015 1194.101 18.5 3.17 0.38
1016 1195.682 70.0 3.13 0.27
1017 1196.839 33.8 3.26 0.37
1018 1197.132 21.6 3.22 0.31
1019 1197.197 33.6 3.24 0.31
1020 1197.552 17.6 3.23 0.29
1021 1197.631 26.2 3.29 0.29
1022 1198.853 54.6 3.27 0.33
1023 1200.112 30.4 3.29 0.38
1024 1201.075 73.1 3.27 0.42
1025 1201.303 41.8 3.28 0.43
1026 1202.058 44.1 3.32 0.50
1027 1203.341 70.5 3.24 0.31
1028 1203.488 59.4 3.20 0.33
1029 1204.229 19.3 3.20 0.51
1030 1206.915 30.4 3.10 0.28
1031 1207.987 39.3 3.30 0.40
1032 1209.110 60.3 3.14 0.11
1033 1209.536 44.9 3.06 0.09
1034 1210.263 41.8 3.28 0.21
1035 1211.632 62.3 3.13 0.26
1036 1211.779 22.2 3.14 0.23
1037 1212.141 27.3 3.15 0.24
1038 1214.066 57.7 3.18 0.25
1039 1217.722 44.1 3.28 0.47
1040 1218.128 44.1 3.23 0.50
1041 1218.350 19.3 3.29 0.59
1042 1219.821 44.9 3.19 0.43
1043 1220.459 48.9 3.10 0.34
1044 1220.579 61.7 3.10 0.34
1045 1220.766 41.0 3.12 0.36
1046 1220.930 63.4 3.07 0.37
1047 1221.411 32.1 3.18 0.29
1048 1221.524 19.3 3.09 0.29
1049 1221.882 52.9 3.20 0.26
1050 1222.917 47.5 3.11 0.25
1051 1223.377 49.8 3.20 0.24
1052 1223.606 28.2 3.19 0.29
1053 1225.071 71.1 3.01 0.32
1054 1225.586 92.4 3.07 0.29
1055 1225.780 57.7 3.05 0.28
1056 1225.897 49.8 3.07 0.31
1057 1226.484 55.5 3.16 0.37
1058 1228.139 70.0 3.25 0.34
1059 1228.211 29.0 3.22 0.33
1060 1230.112 44.1 3.10 0.38
1061 1230.214 37.8 3.14 0.33
1062 1231.187 77.9 3.22 0.44
1063 1242.864 65.7 3.06 0.36
1064 1254.534 54.6 2.86 0.44
1065 1261.460 41.0 2.91 0.34
1066 1263.791 48.9 3.00 0.18
1067 1264.054 34.4 2.97 0.23
1068 1265.983 45.8 3.14 0.35
1069 1266.225 44.1 3.21 0.22
1070 1266.348 49.8 3.26 0.23
1071 1267.010 39.3 3.14 0.18
1072 1267.273 78.8 3.06 0.10
1073 1267.659 48.9 3.03 0.21
1074 1267.928 40.1 3.15 0.19
1075 1268.195 54.6 3.24 0.22
1076 1268.512 30.4 3.18 0.10
1077 1270.000 22.5 3.03 0.45
1078 1270.215 50.3 3.21 0.37
1079 1270.318 21.6 3.05 0.40
1080 1270.649 45.8 3.10 0.31
1081 1271.509 41.8 3.07 0.22
1082 1272.437 26.5 3.04 0.23
1083 1272.543 41.0 3.00 0.23
1084 1273.598 25.6 3.14 0.37
1085 1273.635 28.2 3.12 0.37
1086 1274.253 49.8 3.03 0.19
1087 1274.465 40.1 3.10 0.25
1088 1275.093 54.6 3.04 -0.01
1089 1276.991 45.8 2.75 -0.00
1090 1277.079 47.5 2.92 -0.00
1091 1277.769 37.0 2.64 -0.07
1092 1279.203 50.3 2.81 0.06
1093 1279.919 58.6 2.87 0.23
1094 1280.100 40.1 3.07 0.35
1095 1280.889 40.1 2.87 0.37
1096 1280.957 34.4 2.82 0.27
1097 1281.152 56.3 2.89 0.41
1098 1281.384 28.2 2.77 0.35
1099 1282.711 48.9 2.65 -0.01
1100 1283.268 41.8 2.62 -0.05
1101 1283.401 37.0 2.68 -0.05
1102 1283.718 46.6 2.54 -0.08
1103 1283.978 32.1 2.74 -0.03
1104 1284.135 81.9 2.64 0.03
1105 1284.841 71.7 2.81 -0.01
1106 1284.964 81.9 2.67 -0.01
1107 1286.825 54.9 2.66 -0.11
1108 1287.094 39.3 2.78 -0.06
1109 1287.173 49.8 2.71 -0.06
1110 1287.456 27.6 2.71 -0.01
1111 1287.490 49.8 2.73 -0.01
1112 1287.855 37.0 2.80 -0.03
1113 1287.988 47.5 2.87 -0.04
1114 1288.432 45.8 2.55 -0.04
1115 1288.657 48.9 2.61 -0.15
1116 1289.279 36.1 2.62 -0.02
1117 1290.054 36.1 2.59 -0.03
1118 1290.231 59.4 2.74 0.22
1119 1290.357 37.8 2.77 0.16
1120 1290.873 41.8 2.73 0.08
1121 1291.187 22.5 2.85 -0.02
1122 1291.518 41.0 2.76 0.11
1123 1291.794 49.8 2.83 -0.00
1124 1291.982 66.6 2.71 0.11
1125 1292.781 46.6 2.65 0.02
1126 1292.887 45.8 2.52 0.02
1127 1293.064 49.8 2.87 -0.07
1128 1293.330 20.2 2.83 -0.05
1129 1293.487 51.5 2.78 0.05
1130 1293.559 35.3 2.71 0.05
1131 1293.682 49.8 2.74 0.15
1132 1293.760 25.6 2.80 0.15
1133 1294.211 52.9 2.73 0.00
1134 1294.498 35.3 2.76 0.08
1135 1294.733 47.5 2.63 0.08
1136 1295.453 21.6 2.80 0.12
1137 1296.812 48.9 2.67 -0.06
1138 1298.723 64.3 2.74 0.02
1139 1298.822 62.6 2.88 0.02
1140 1300.707 43.5 2.74 0.17
1141 1300.887 35.3 2.79 0.13
1142 1301.464 40.1 2.91 0.16
1143 1304.516 65.7 3.24 0.11
1144 1304.782 27.3 3.09 -0.02
1145 1304.857 36.7 3.16 -0.00
1146 1304.953 58.9 3.13 -0.14
1147 1307.997 22.5 3.22 0.11
1148 1308.434 53.8 3.17 -0.20
1149 1314.264 81.1 3.24 0.24
1150 1325.074 41.0 3.02 0.31
1151 1329.594 86.8 2.89 0.05
1152 1330.638 63.4 2.73 0.24
1153 1330.918 37.0 2.92 0.27
1154 1332.519 45.8 2.87 0.30
1155 1335.536 26.5 3.20 0.32
1156 1339.028 44.9 2.91 0.41
1157 1340.619 49.8 2.87 0.23
1158 1340.912 81.9 3.09 0.19
1159 1344.711 53.8 3.25 0.43
1160 1346.203 48.1 3.18 0.42
1161 1346.906 49.8 3.21 0.24
1162 1347.114 18.5 3.25 0.20
1163 1347.735 68.3 3.34 0.50
1164 1348.497 44.1 3.37 0.53
1165 1348.934 42.7 3.41 0.40
1166 1349.138 53.8 3.36 0.34
1167 1349.432 45.8 3.46 0.33
1168 1350.121 33.3 3.37 0.49
1169 1354.770 43.2 3.06 0.28
1170 1358.163 45.8 3.09 0.20
1171 1358.385 41.8 3.07 0.13
1172 1359.808 38.7 3.14 0.25
1173 1360.764 24.2 3.10 0.32
1174 1360.887 59.4 3.15 0.26
1175 1362.321 34.4 3.17 0.46
1176 1362.447 47.5 3.15 0.53
1177 1362.522 31.3 3.13 0.53
1178 1363.314 24.2 3.08 0.37
1179 1363.928 50.6 3.14 0.28
1180 1364.348 23.3 3.21 0.31
1181 1364.591 28.2 3.21 0.39
1182 1365.775 63.7 3.00 0.43
1183 1366.222 25.6 3.05 0.32
1184 1366.813 59.4 2.99 0.26
1185 1367.683 37.8 3.08 0.18
1186 1368.785 68.3 3.00 0.16
1187 1369.635 37.0 3.03 0.18
1188 1369.806 41.0 2.99 0.18
1189 1369.850 33.0 2.97 0.13
1190 1370.089 39.3 3.05 0.12
1191 1370.560 39.3 3.09 0.23
1192 1371.062 41.8 3.02 0.24
1193 1371.243 55.8 3.08 0.25
1194 1374.086 32.1 3.13 0.26
1195 1374.848 27.3 3.02 0.14
1196 1374.885 41.8 3.10 0.12
1197 1376.373 38.4 3.35 0.31
1198 1377.991 48.9 3.21 0.39
1199 1379.589 40.4 3.04 0.23
1200 1379.636 48.4 2.97 0.18
1201 1380.510 36.1 3.24 0.30
1202 1383.330 44.1 3.25 0.22
1203 1384.094 35.3 3.19 0.09
1204 1400.011 59.4 3.02 0.33
1205 1402.420 45.8 2.99 0.26
1206 1402.735 68.3 2.95 0.20
1207 1402.963 48.1 3.07 0.13
1208 1405.602 68.3 2.94 0.04
1209 1416.026 68.3 3.11 0.18
1210 1418.176 64.3 3.04 0.08
1211 1420.061 49.8 3.04 0.37
1212 1420.805 36.1 3.17 0.15
1213 1421.262 61.7 3.00 0.06
1214 1423.064 29.0 3.20 0.32
1215 1423.098 19.6 3.14 0.32
1216 1424.604 35.3 3.17 0.18
1217 1425.850 46.6 3.24 0.23
1218 1426.147 24.7 3.23 0.21
1219 1426.464 37.0 3.12 0.32
1220 1426.508 34.4 3.21 0.32
1221 1426.908 50.6 3.14 0.33
1222 1427.174 44.1 3.17 0.34
1223 1429.167 59.4 3.23 0.39
1224 1429.498 28.7 3.17 0.33
1225 1429.686 12.8 3.30 0.33
1226 1429.812 38.4 3.28 0.31
1227 1430.376 24.2 3.27 0.21
1228 1430.888 49.8 3.01 0.13
1229 1431.038 50.6 3.05 0.12
1230 1431.287 57.7 2.95 0.18
1231 1431.741 52.9 3.01 0.22
1232 1432.041 32.1 3.04 0.25
1233 1432.915 52.9 3.18 0.35
1234 1433.772 33.0 2.97 0.03
1235 1434.168 34.7 3.08 0.17
1236 1434.420 41.0 2.95 0.17
1237 1436.957 33.8 3.02 -0.01
1238 1438.008 54.6 2.89 0.04
1239 1438.131 52.3 3.02 0.03
1240 1438.185 43.0 2.99 0.03
1241 1438.288 31.3 3.00 0.20
1242 1439.022 49.8 2.92 0.02
1243 1439.192 75.4 2.84 0.02
1244 1439.284 59.4 2.84 0.04
1245 1439.581 84.5 2.91 0.10
1246 1439.657 57.7 2.91 0.21
1247 1439.790 47.5 2.98 0.15
1248 1440.090 18.5 3.07 0.22
1249 1440.196 37.0 2.94 0.15
1250 1440.698 36.1 2.99 0.18
1251 1441.305 44.4 3.02 0.25
1252 1441.435 67.4 2.96 0.25
1253 1442.012 50.6 2.94 0.16
1254 1442.264 54.6 2.99 0.26
1255 1443.497 37.8 3.06 0.32
1256 1443.753 48.1 2.99 0.26
1257 1444.302 45.8 2.89 0.21
1258 1444.838 27.3 2.93 -0.04
1259 1445.545 49.8 2.98 -0.01
1260 1447.466 63.4 2.77 0.27
1261 1447.702 27.3 2.89 0.10
1262 1448.804 51.5 2.85 0.21
1263 1449.084 71.4 2.85 0.27
1264 1449.391 34.4 2.97 0.31
1265 1449.470 44.1 2.97 0.38
1266 1449.818 43.8 3.00 0.28
1267 1450.057 23.3 2.93 0.20
1268 1451.569 59.4 2.87 0.35
1269 1452.433 44.9 2.91 0.21
1270 1452.521 50.6 2.89 0.15
1271 1452.655 54.0 2.90 0.16
1272 1452.713 26.5 2.90 0.16
1273 1453.300 49.8 2.74 0.21
1274 1454.085 44.9 2.82 0.42
1275 1454.139 36.4 2.81 0.42
1276 1454.959 47.5 2.99 0.10
1277 1456.184 38.1 2.78 0.19
1278 1456.576 66.0 2.85 0.11
1279 1456.785 57.7 2.79 0.12
1280 1457.259 22.5 2.89 0.20
1281 1457.577 34.4 2.91 0.18
1282 1457.935 40.1 2.99 -0.03
1283 1458.044 83.6 2.84 0.02
1284 1458.136 44.1 2.89 0.08
1285 1458.843 81.1 2.79 0.45
1286 1460.420 53.8 2.92 0.07
1287 1460.498 31.0 2.93 -0.01
1288 1461.253 56.9 2.87 -0.01
1289 1461.628 50.6 3.00 0.06
1290 1462.041 49.8 2.93 -0.00
1291 1463.034 52.9 2.82 0.03
1292 1464.017 48.1 2.80 -0.01
1293 1467.530 35.3 2.83 0.20
1294 1468.503 76.2 2.87 0.23
1295 1493.498 51.5 3.12 0.20
1296 1495.171 48.1 2.66 0.37
1297 1497.414 49.8 3.08 0.06
1298 1502.298 64.3 2.42 0.30
1299 1504.223 36.7 2.83 0.33
1300 1504.268 25.6 2.85 0.33
1301 1505.759 41.0 2.87 0.20
1302 1505.984 45.8 2.81 0.15
1303 1507.783 53.8 2.89 0.17
1304 1508.876 44.9 2.95 0.00
1305 1509.159 44.9 2.86 0.16
1306 1509.910 77.9 3.03 0.16
1307 1510.019 46.6 3.09 -0.02
1308 1510.442 34.4 2.87 -0.07
1309 1511.418 45.8 2.83 0.00
1310 1513.152 42.7 2.80 0.09
1311 1513.361 28.2 2.84 -0.10
1312 1514.214 37.0 2.70 0.02
1313 1517.310 50.6 3.00 0.13
1314 1517.897 41.0 3.01 -0.04
1315 1518.129 28.2 3.13 -0.01
1316 1519.191 85.9 3.01 0.00
1317 1519.491 22.2 3.22 0.02
1318 1519.525 45.5 3.05 -0.02
1319 1519.781 28.2 3.14 0.08
1320 1520.505 32.1 3.06 0.05
1321 1521.918 69.4 3.04 0.08
1322 1522.560 18.5 3.07 0.03
1323 1522.655 36.4 3.06 -0.00
1324 1523.471 41.0 2.90 0.26
1325 1524.529 39.3 2.94 0.43
1326 1524.788 22.5 3.01 0.30
1327 1524.993 33.8 2.88 0.37
1328 1525.997 70.5 2.89 0.18
1329 1528.591 32.1 2.73 0.22
1330 1529.267 63.4 2.85 0.13
1331 1530.086 76.2 2.82 0.09
1332 1530.448 39.3 3.09 0.08
1333 1530.653 28.2 3.02 0.01
1334 1531.168 47.5 2.91 0.08
1335 1531.759 72.8 2.94 -0.08
1336 1532.909 46.6 2.81 0.03
1337 1534.158 41.0 3.10 0.27
1338 1534.759 49.8 2.86 0.24
1339 1535.360 49.8 3.05 0.26
1340 1536.824 31.3 3.14 0.15
1341 1537.121 36.1 2.81 0.16
1342 1537.909 49.8 2.99 0.08
1343 1538.834 48.1 2.99 0.10
1344 1539.223 44.9 3.25 0.35
1345 1539.353 43.5 2.95 0.33
1346 1540.517 45.8 3.21 0.35
1347 1540.688 44.9 3.14 0.37
1348 1541.254 45.8 3.12 0.41
1349 1542.074 56.9 2.91 0.42
1350 1542.435 23.3 2.93 0.48
1351 1542.466 21.6 2.98 0.48
1352 1542.650 41.0 2.94 0.55
1353 1546.129 43.2 3.01 0.33
1354 1575.531 59.4 3.12 0.27
1355 1575.971 45.8 3.09 0.32
1356 1579.921 33.8 3.04 0.21
1357 1580.979 44.1 3.06 0.00
1358 1582.416 22.5 2.93 0.06
1359 1582.924 48.9 2.82 0.06
1360 1582.996 37.0 3.00 0.03
1361 1583.730 37.8 2.76 0.07
1362 1584.081 54.6 2.82 0.08
1363 1584.372 67.4 2.70 0.11
1364 1584.853 31.3 2.78 -0.21
1365 1585.245 54.9 2.89 -0.19
1366 1586.744 66.6 2.70 0.01
1367 1586.915 29.9 2.63 -0.01
1368 1587.082 52.9 2.68 -0.05
1369 1587.498 40.1 2.62 0.07
1370 1588.481 55.8 2.68 -0.02
1371 1588.522 8.8 2.90 0.01
1372 1588.597 23.3 2.78 0.01
1373 1589.939 79.6 2.99 0.07
1374 1589.993 75.4 2.93 0.07
1375 1590.823 11.9 3.04 0.01
1376 1591.308 45.8 2.88 0.12
1377 1591.779 54.6 2.97 -0.08
1378 1592.038 31.3 3.27 0.02
1379 1592.134 34.7 3.22 0.02
1380 1592.239 39.5 3.14 0.03
1381 1592.297 33.0 2.96 0.08
1382 1593.294 33.0 2.99 -0.07
1383 1596.301 28.2 2.83 0.16
1384 1596.421 36.1 2.93 -0.04
1385 1596.486 29.3 2.67 -0.04
1386 1597.448 37.0 2.66 0.11
1387 1598.032 68.3 2.58 0.02
1388 1598.394 48.1 2.80 0.00
1389 1598.581 54.6 2.63 -0.07
1390 1601.537 17.6 3.04 -0.18
1391 1602.336 73.1 3.11 0.07
1392 1602.493 22.5 2.96 -0.15
1393 1603.131 33.0 2.85 0.00
1394 1604.517 49.8 3.09 0.30
1395 1604.596 41.2 3.12 0.30
1396 1605.766 44.9 3.01 0.16
1397 1605.865 30.4 2.93 0.22
1398 1606.145 19.3 3.08 0.08
1399 1606.186 16.8 2.96 0.23
1400 1606.685 37.8 2.99 0.12
1401 1607.081 49.8 3.20 0.14
1402 1607.797 17.6 3.09 0.09
1403 1608.507 44.1 3.03 0.07
1404 1608.692 37.8 2.96 0.07
1405 1609.094 43.5 2.99 -0.03
1406 1609.569 41.0 2.68 -0.03
1407 1609.685 49.5 2.83 -0.13
1408 1609.780 34.7 2.72 -0.10
1409 1609.985 49.8 2.82 -0.08
1410 1610.651 48.1 2.74 -0.12
1411 1611.009 29.0 2.87 -0.03
1412 1611.852 50.6 2.93 0.09
1413 1611.897 18.5 2.77 0.07
1414 1611.941 57.7 2.90 0.05
1415 1612.969 44.9 2.72 0.22
1416 1613.371 50.6 2.83 -0.11
1417 1613.521 39.3 2.88 -0.03
1418 1613.829 32.1 2.87 0.06
1419 1615.081 18.5 3.00 0.02
1420 1615.419 31.3 3.00 -0.00
1421 1615.559 58.6 2.96 0.17
1422 1615.764 58.6 3.01 0.09
1423 1615.887 46.6 3.07 0.14
1424 1616.471 23.3 2.91 0.16
1425 1616.566 50.6 2.91 0.14
1426 1620.287 55.5 2.70 0.18
1427 1620.488 64.3 2.52 0.03
1428 1621.471 41.0 2.91 0.38
1429 1621.673 39.3 2.84 0.26
1430 1621.993 64.3 2.84 0.19
1431 1626.195 59.4 2.91 0.20
1432 1637.254 49.8 2.90 -0.03
1433 1637.340 49.8 2.85 -0.03
1434 1638.794 63.4 2.93 0.23
1435 1639.494 77.1 2.99 0.21
1436 1642.808 41.0 3.51 0.34
1437 1648.290 49.8 3.03 0.41
1438 1655.615 63.4 3.19 0.45
1439 1656.168 59.4 3.16 0.55
1440 1657.912 35.3 3.16 0.51
1441 1659.677 52.3 3.27 0.44
1442 1659.789 51.5 3.22 0.44
1443 1661.428 38.4 3.25 0.40
1444 1663.926 37.8 3.12 0.38
1445 1665.094 26.5 3.15 0.44
1446 1665.926 41.0 3.15 0.44
1447 1667.473 36.1 3.15 0.45
1448 1668.101 36.1 3.11 0.37
1449 1669.681 64.3 3.10 0.42
1450 1669.756 26.5 3.07 0.51
1451 1669.804 44.1 3.15 0.47
1452 1670.490 33.0 3.16 0.48
1453 1671.924 72.5 3.07 0.37
1454 1673.105 50.6 3.21 0.47
1455 1673.292 50.6 3.23 0.48
1456 1673.422 68.3 3.23 0.52
1457 1674.678 49.8 3.15 0.50
1458 1675.545 33.0 3.15 0.51
1459 1676.849 62.6 3.12 0.41
1460 1676.945 29.0 3.22 0.38
1461 1677.238 54.6 3.05 0.44
1462 1677.412 45.8 3.12 0.41
1463 1678.266 45.8 3.24 0.42
1464 1679.180 48.9 3.14 0.31
1465 1680.064 65.7 3.12 0.30
1466 1680.180 57.2 3.17 0.29
1467 1680.863 19.3 3.16 0.19
1468 1680.890 28.2 3.25 0.19
1469 1681.662 30.4 3.39 0.25
1470 1682.669 47.5 3.11 0.20
1471 1682.727 35.6 3.12 0.20
1472 1683.147 33.0 3.21 0.21
1473 1683.181 25.6 3.20 0.20
1474 1683.665 36.1 3.09 0.18
1475 1684.908 21.6 3.24 0.31
1476 1686.990 54.6 3.12 0.42
1477 1687.205 48.9 3.16 0.34
1478 1687.642 31.3 3.02 0.35
1479 1687.761 62.6 3.09 0.35
1480 1689.902 14.5 2.96 0.32
1481 1689.929 23.3 3.10 0.32
1482 1690.287 43.2 3.15 0.37
1483 1690.898 49.8 3.14 0.37
1484 1691.660 32.1 3.16 0.51
1485 1692.629 30.4 3.10 0.26
1486 1693.015 51.5 2.99 0.37
1487 1693.373 66.0 3.01 0.36
1488 1693.527 58.6 2.97 0.36
1489 1693.803 50.6 3.01 0.32
1490 1695.844 44.9 3.06 0.47
1491 1696.097 32.7 3.02 0.54
1492 1698.466 16.8 2.93 0.39
1493 1699.435 26.5 2.95 0.34
1494 1700.224 44.1 2.87 0.16
1495 1700.800 18.2 2.96 0.17
1496 1702.060 48.1 3.18 0.14
1497 1702.575 36.1 3.01 0.17
1498 1706.934 35.3 2.98 0.11
1499 1707.381 30.4 2.87 0.09
1500 1707.665 49.8 2.87 0.11
1501 1715.164 22.5 2.89 0.05
1502 1715.198 29.6 2.76 0.01
1503 1716.195 63.4 2.78 0.03
1504 1717.010 51.5 2.84 0.01
1505 1729.991 44.9 3.27 0.03
1506 1732.026 20.2 3.16 0.11
1507 1736.910 61.2 3.25 0.23
1508 1741.149 45.8 3.22 0.02
1509 1741.982 31.3 3.29 0.16
1510 1743.914 46.6 3.22 -0.11
1511 1744.341 51.5 3.12 -0.01
1512 1745.846 37.0 3.08 0.17
1513 1746.089 72.2 3.17 0.07
1514 1746.338 33.8 3.07 0.09
1515 1746.382 30.4 3.21 0.09
1516 1746.628 62.6 3.17 0.07
1517 1747.468 33.3 3.16 -0.01
1518 1747.645 43.2 3.14 0.09
1519 1747.816 40.1 3.13 0.06
1520 1748.201 49.8 3.39 0.04
1521 1748.474 34.4 3.16 0.04
1522 1748.662 31.3 3.28 0.09
1523 1749.423 60.3 3.29 0.01
1524 1751.072 41.0 3.17 0.19
1525 1752.492 76.2 3.32 0.05
1526 1752.803 40.1 3.22 0.00
1527 1753.455 19.3 3.28 0.09
1528 1754.076 64.3 3.22 0.10
1529 1756.707 41.0 3.27 0.16
1530 1757.291 57.7 3.20 0.16
1531 1757.605 26.5 3.20 0.18
1532 1757.981 47.5 3.23 0.26
1533 1758.052 40.7 3.28 0.26
1534 1758.168 49.2 3.23 0.17
1535 1758.810 44.1 3.21 0.13
1536 1759.988 63.4 3.33 0.25
1537 1760.230 20.2 3.49 0.32
1538 1760.329 41.5 3.39 0.24
1539 1761.179 32.7 3.36 0.30
1540 1761.978 51.5 3.26 0.25
1541 1762.732 86.8 3.25 0.14
1542 1763.766 23.3 3.26 0.28
1543 1765.865 32.1 3.16 0.15
1544 1766.138 45.8 3.16 0.18
1545 1766.227 52.6 3.19 0.18
1546 1767.958 37.0 3.31 0.27
1547 1768.518 37.8 3.16 0.26
1548 1768.859 84.5 3.22 0.31
1549 1769.142 33.8 3.22 0.34
1550 1770.207 36.1 3.27 0.34
1551 1771.054 33.0 3.20 0.32
1552 1771.170 15.9 3.18 0.35
1553 1771.238 25.0 3.16 0.36
1554 1772.078 54.6 3.29 0.30
1555 1772.477 17.6 3.28 0.37
1556 1773.477 49.8 3.22 0.36
1557 1775.334 39.8 3.40 0.44
1558 1775.443 44.9 3.45 0.44
1559 1776.972 53.8 3.33 0.27
1560 1777.815 49.8 3.25 0.33
1561 1780.433 39.3 3.39 0.35
1562 1784.864 49.8 3.28 0.47
1563 1798.316 43.5 3.16 0.28
1564 1803.009 18.5 3.16 0.22
1565 1803.040 31.3 3.01 0.21
1566 1809.600 34.4 3.20 0.32
1567 1811.078 44.9 3.15 0.23
1568 1812.085 41.0 3.11 0.30
1569 1817.775 113.2 3.09 0.18
1570 1821.349 42.7 3.03 0.15
1571 1822.308 84.2 3.03 0.21
1572 1822.899 49.8 3.06 0.18
1573 1825.271 54.6 3.02 0.11
1574 1825.623 28.2 2.94 0.23
1575 1825.827 24.2 2.88 0.26
1576 1826.916 44.1 3.08 0.16
1577 1827.278 21.6 3.10 0.10
1578 1827.316 32.1 3.22 0.11
1579 1828.538 27.3 3.20 0.32
1580 1829.763 65.1 2.93 0.18
1581 1830.121 16.8 3.08 0.19
1582 1830.825 22.5 3.09 0.09
1583 1832.593 51.2 3.09 0.33
1584 1833.108 58.6 3.04 0.26
1585 1833.415 49.8 3.07 0.30
1586 1833.487 48.1 2.95 0.30
1587 1834.617 52.9 3.06 0.28
1588 1834.958 35.3 2.98 0.19
1589 1835.494 48.9 3.03 0.18
1590 1835.572 42.7 3.07 0.22
1591 1835.927 79.6 3.07 0.16
1592 1836.672 41.0 3.03 0.20
1593 1836.876 42.7 2.95 0.25
1594 1838.126 34.4 3.02 0.34
1595 1838.829 27.3 3.07 0.37
1596 1839.061 25.6 3.03 0.34
1597 1839.150 41.8 3.01 0.37
1598 1841.402 27.3 3.19 0.27
1599 1841.474 54.6 2.99 0.20
1600 1842.136 41.0 3.06 0.18
1601 1843.546 38.7 3.06 0.15
1602 1843.587 33.6 2.91 0.15
1603 1844.594 41.0 2.96 0.14
1604 1844.843 48.6 3.06 0.23
1605 1844.925 56.3 3.00 0.22
1606 1845.638 41.0 2.93 0.16
1607 1845.847 44.1 3.05 0.12
1608 1846.051 33.8 3.02 0.11
1609 1846.239 33.0 3.00 0.09
1610 1846.516 32.1 2.94 0.14
1611 1849.656 53.8 3.01 0.21
1612 1850.369 52.1 3.14 -0.08
1613 1850.591 23.3 3.08 0.24
1614 1850.714 47.5 2.88 0.11
1615 1851.660 86.8 2.91 0.15
1616 1852.363 45.2 2.90 0.11
1617 1852.605 39.8 2.90 0.20
1618 1852.776 27.6 2.82 0.18
1619 1853.277 48.9 2.83 -0.02
1620 1855.476 49.8 2.99 0.20
1621 1858.223 44.1 3.05 0.00
1622 1859.234 54.6 3.07 0.04
1623 1860.067 59.4 3.10 0.08
1624 1862.650 35.3 3.05 0.15
1625 1863.241 38.7 3.02 0.27
1626 1864.354 64.3 3.06 0.18
1627 1866.204 46.1 3.23 -0.00
1628 1866.282 44.1 3.19 0.01
1629 1869.351 44.9 3.14 -0.28
1630 1870.252 44.9 3.16 -0.18
1631 1878.249 49.8 3.13 0.06
1632 1888.759 41.0 3.13 0.08
1633 1889.162 40.1 3.29 0.20
1634 1891.807 37.0 3.22 0.03
1635 1892.039 48.1 3.21 0.00
1636 1894.149 45.8 3.07 0.29
1637 1895.238 59.4 3.15 0.01
1638 1895.309 45.8 3.12 -0.10
1639 1896.596 28.2 3.17 0.09
1640 1897.036 49.8 3.14 0.09
1641 1899.009 49.8 3.19 0.10
1642 1901.825 90.7 3.11 0.11
1643 1902.487 44.9 3.38 0.04
1644 1903.006 49.8 3.03 0.06
1645 1903.750 41.0 3.07 0.14
1646 1904.331 43.2 3.15 0.11
1647 1904.587 29.0 3.11 0.28
1648 1905.867 38.7 2.76 0.05
1649 1906.082 53.8 2.96 0.12
1650 1907.259 68.3 3.24 0.09
1651 1907.485 49.8 3.10 0.33
1652 1907.863 68.3 3.27 0.18
1653 1908.119 33.0 3.23 0.16
1654 1908.246 36.1 3.24 0.18
1655 1909.386 77.9 3.34 0.20
1656 1909.447 48.9 3.36 0.20
1657 1909.969 44.9 3.22 0.35
1658 1910.161 37.3 3.27 0.32
1659 1910.256 33.0 3.30 0.32
1660 1913.171 30.4 3.13 0.05
1661 1913.990 48.1 3.22 -0.11
1662 1915.274 43.2 3.08 0.17
1663 1915.738 45.8 3.10 0.24
1664 1916.936 24.2 3.24 0.24
1665 1917.564 21.6 3.14 -0.01
1666 1918.199 32.1 3.42 -0.01
1667 1918.332 33.8 3.06 -0.08
1668 1919.168 41.0 3.14 0.01
1669 1919.657 30.4 3.23 0.02
1670 1919.773 53.8 3.13 -0.11
1671 1920.288 41.0 3.25 0.05
1672 1920.728 34.4 3.20 -0.01
1673 1921.507 35.3 3.32 0.00
1674 1921.711 39.3 3.17 0.04
1675 1922.063 28.2 3.27 -0.00
1676 1922.295 44.1 3.27 0.08
1677 1922.551 15.4 3.29 0.15
1678 1922.688 50.9 3.36 0.10
1679 1922.933 63.4 3.30 0.10
1680 1924.101 28.2 3.27 0.02
1681 1926.807 46.9 3.27 -0.00
1682 1927.541 68.3 3.28 0.03
1683 1927.787 45.8 3.40 -0.00
1684 1928.033 55.5 3.41 -0.02
1685 1928.569 45.8 3.46 -0.01
1686 1929.944 33.0 3.41 -0.00
1687 1930.009 36.4 3.35 -0.00
1688 1930.228 35.3 3.39 0.02
1689 1931.252 46.6 3.33 -0.01
1690 1931.330 51.8 3.24 -0.01
1691 1932.368 45.8 3.28 -0.08
1692 1932.648 41.0 3.19 0.04
1693 1933.453 34.4 3.26 -0.07
1694 1933.508 31.9 3.15 -0.07
1695 1937.153 68.3 3.14 0.18
1696 1937.938 49.8 3.26 0.15
1697 1943.809 38.7 3.20 0.21
1698 1950.117 49.8 3.46 0.13
1699 1950.346 85.9 3.42 -0.01
1700 1975.703 45.8 3.08 0.41
1701 1975.782 30.4 2.93 0.31
1702 1977.489 49.8 2.95 0.29
1703 1978.014 41.8 2.98 0.41
1704 1978.434 53.8 2.78 0.38
1705 1978.526 26.5 2.91 0.48
1706 1980.352 39.3 3.08 0.20
1707 1981.329 41.0 3.13 0.17
1708 1982.192 34.4 2.72 0.22
1709 1982.455 37.8 2.93 0.21
1710 1983.121 37.8 2.94 0.25
1711 1983.288 49.8 2.89 0.30
1712 1983.401 48.9 2.99 0.35
1713 1983.971 33.8 2.93 0.24
1714 1984.377 27.3 2.90 0.36
1715 1984.824 66.0 2.81 0.30
1716 1985.698 32.1 3.05 0.39
1717 1985.769 27.3 3.04 0.33
1718 1986.240 40.1 2.95 0.26
1719 1986.807 16.8 3.02 0.23
1720 1989.224 29.0 3.15 -0.03
1721 1989.251 25.0 3.07 -0.00
1722 1989.702 66.8 3.18 -0.00
1723 1990.442 62.6 3.06 0.11
1724 1990.650 51.5 3.15 0.03
1725 1990.732 46.6 3.14 0.06
1726 1991.616 38.7 3.04 0.27
1727 1992.101 50.6 3.00 0.18
1728 1992.190 64.3 3.05 0.10
1729 1992.361 22.5 2.99 0.15
1730 1993.152 85.9 2.95 0.13
1731 1993.552 35.3 2.90 0.20
1732 1994.108 48.9 3.00 0.25
1733 1995.204 37.8 3.06 0.22
1734 1996.228 33.8 3.06 0.25
1735 1996.334 61.2 3.10 0.20
1736 1996.655 40.1 3.13 0.19
1737 1998.160 45.8 3.11 0.20
1738 1999.313 41.0 2.90 0.32
1739 1999.757 44.1 2.96 0.26
1740 2001.143 54.6 2.96 0.14
1741 2001.955 32.7 3.11 0.05
1742 2002.993 64.0 3.25 0.03
1743 2003.560 41.8 2.88 0.02
1744 2004.034 41.0 2.96 0.23
1745 2005.017 84.2 3.16 0.10
1746 2005.355 42.7 3.08 0.16
1747 2005.734 72.2 2.87 0.22
1748 2006.150 41.0 2.85 0.29
1749 2007.034 45.8 3.09 0.15
1750 2007.174 37.3 2.99 0.12
1751 2007.280 63.4 2.92 0.15
1752 2008.082 34.7 2.98 0.20
1753 2008.526 36.1 3.07 0.19
1754 2008.956 44.9 3.02 0.17
1755 2010.803 63.4 3.19 0.15
1756 2011.581 44.1 3.06 0.15
1757 2012.291 54.6 3.02 0.18
1758 2015.841 40.1 3.02 0.24
1759 2015.906 34.1 3.05 0.24
1760 2017.015 39.3 3.17 0.20
1761 2017.397 36.1 3.02 0.38
1762 2019.002 59.4 2.97 0.29
1763 2022.541 22.5 2.69 0.18
1764 2024.098 44.9 2.93 0.20
1765 2031.399 68.3 2.58 0.31
1766 2036.075 54.6 2.61 0.26
1767 2040.584 48.1 2.46 -0.01
1768 2041.018 60.3 2.51 0.31
1769 2047.575 54.6 3.05 0.53
1770 2048.998 86.8 3.09 0.42
1771 2049.629 40.1 3.05 0.37
1772 2050.005 45.8 3.16 0.37
1773 2053.241 45.8 3.18 0.36
1774 2053.828 37.0 3.16 0.16
1775 2054.473 42.4 2.87 -0.01
1776 2057.166 39.3 3.11 0.54
1777 2057.367 45.8 2.99 0.38
1778 2057.634 45.8 2.88 0.26
1779 2060.750 56.3 2.88 0.02
1780 2061.597 50.6 2.63 0.27
1781 2062.730 48.9 2.71 -0.07
1782 2062.904 22.5 2.73 0.12
1783 2063.078 54.6 2.58 0.07
1784 2064.245 38.7 2.88 0.03
1785 2064.491 50.6 2.85 0.32
1786 2064.706 22.5 2.80 0.27
1787 2064.870 48.9 2.72 0.11
1788 2064.938 34.1 2.79 0.20
1789 2066.013 54.6 2.63 0.07
1790 2066.423 62.6 2.77 -0.02
1791 2067.089 45.2 2.86 0.12
1792 2067.249 24.2 2.93 0.17
1793 2068.068 18.5 2.81 0.21
1794 2069.778 56.6 2.96 0.27
1795 2071.540 37.8 2.75 -0.04
1796 2072.475 40.1 2.88 0.37
1797 2073.048 54.6 2.68 0.11
1798 2073.185 43.5 2.70 0.30
1799 2073.775 48.9 2.57 0.12
1800 2074.779 71.4 2.56 0.22
1801 2075.359 56.9 2.67 0.09
1802 2077.295 26.2 2.86 0.40
1803 2077.349 17.6 2.92 0.40
1804 2077.663 30.4 2.91 0.29
1805 2078.045 55.5 2.90 0.18
1806 2078.633 44.9 2.86 0.03
1807 2079.247 37.0 3.04 -0.20
1808 2079.827 17.6 2.87 -0.03
1809 2080.186 47.5 2.77 0.06
1810 2080.725 55.8 3.20 0.19
1811 2080.916 54.6 2.92 0.11
1812 2081.609 91.6 2.86 -0.04
1813 2081.681 66.0 2.92 -0.04
1814 2082.049 32.1 2.92 0.06
1815 2082.141 39.0 2.88 0.06
1816 2082.513 45.8 2.83 0.24
1817 2084.012 51.8 2.95 0.15
1818 2084.104 70.5 3.02 0.12
1819 2084.691 47.2 2.98 0.03
1820 2085.039 45.8 3.01 0.48
1821 2085.548 48.9 2.83 0.44
1822 2085.852 79.6 2.89 0.30
1823 2086.630 54.6 2.91 0.29
1824 2086.705 36.7 2.88 0.29
1825 2088.166 33.0 2.89 0.42
1826 2089.641 49.8 2.72 0.19
1827 2090.013 54.6 2.74 0.21
1828 2090.193 32.1 2.71 0.32
1829 2091.129 57.7 2.80 0.31
1830 2091.276 33.8 2.74 0.29
1831 2092.460 29.0 2.69 0.27
1832 2093.375 95.6 2.86 0.14
1833 2094.303 44.9 2.93 0.24
1834 2094.743 44.9 2.68 0.29
1835 2095.365 47.5 2.86 0.40
1836 2095.488 56.3 2.62 0.32
1837 2098.235 41.8 2.77 0.38
1838 2098.696 59.4 2.78 0.39
1839 2098.952 64.3 2.71 0.31
1840 2108.567 41.0 3.20 0.65
1841 2120.128 45.8 3.39 0.29
1842 2127.621 30.4 3.05 0.40
1843 2127.781 38.7 3.13 0.40
1844 2133.027 54.6 3.33 0.46
1845 2135.209 49.8 3.37 0.37
1846 2138.257 26.5 3.26 0.55
1847 2138.472 40.1 3.21 0.63
1848 2138.823 38.4 3.13 0.55
1849 2139.342 68.3 3.08 0.53
1850 2142.247 33.8 2.92 0.44
1851 2142.319 85.6 2.82 0.54
1852 2142.571 45.8 3.02 0.52
1853 2143.049 41.8 3.11 0.54
1854 2144.513 50.6 3.11 0.35
1855 2144.780 39.3 3.32 0.41
1856 2144.933 23.3 3.27 0.50
1857 2145.339 100.4 3.03 0.41
1858 2146.141 37.0 3.19 0.41
1859 2146.831 65.1 3.09 0.54
1860 2147.094 37.0 3.36 0.58
1861 2147.401 35.3 3.17 0.53
1862 2148.186 45.8 3.17 0.46
1863 2149.596 41.0 3.05 0.36
1864 2149.766 45.8 3.02 0.37
1865 2150.248 33.8 3.24 0.39
1866 2151.606 45.8 3.10 0.48
1867 2151.917 49.8 3.17 0.46
1868 2152.173 41.0 3.09 0.43
1869 2152.408 41.0 3.01 0.43
1870 2152.995 51.5 3.15 0.45
1871 2153.207 100.4 3.23 0.34
1872 2155.395 38.7 3.20 0.59
1873 2155.596 44.9 3.25 0.50
1874 2155.723 41.0 3.16 0.47
1875 2156.156 24.2 3.09 0.54
1876 2156.419 49.8 3.04 0.62
1877 2156.542 63.4 2.94 0.41
1878 2157.443 41.0 3.08 0.37
1879 2160.020 27.3 3.27 0.44
1880 2160.051 21.6 3.20 0.42
1881 2161.877 73.1 3.26 0.48
1882 2162.259 27.3 3.26 0.37
1883 2162.553 50.6 3.19 0.35
1884 2163.119 43.5 3.26 0.41
1885 2163.413 48.1 3.23 0.34
1886 2164.119 54.6 3.25 0.34
1887 2166.423 45.8 3.17 0.37
1888 2166.563 57.7 3.18 0.44
1889 2166.628 53.5 3.21 0.44
1890 2166.724 48.1 3.14 0.41
1891 2167.509 29.0 3.16 0.35
1892 2169.509 41.0 2.87 0.30
1893 2170.755 43.2 3.02 0.34
1894 2172.281 45.8 2.97 0.24
1895 2174.868 19.3 2.97 0.28
1896 2174.919 33.8 2.96 0.28
1897 2175.459 36.1 2.94 0.19
1898 2192.276 59.4 3.14 0.29
1899 2206.308 22.5 3.02 0.24
1900 2209.070 41.0 3.12 0.24
1901 2210.548 47.2 3.02 0.11
1902 2210.780 23.3 2.98 0.17
1903 2212.196 56.3 3.15 0.22
1904 2214.074 60.3 3.00 0.31
1905 2214.596 19.3 3.13 0.31
1906 2215.442 52.3 3.13 0.15
1907 2217.074 61.7 3.21 0.26
1908 2217.685 37.0 3.19 0.16
1909 2217.948 44.9 3.10 0.38
1910 2218.231 49.8 3.11 0.26
1911 2220.603 56.3 3.15 0.23
1912 2221.795 49.8 3.10 0.21
1913 2222.423 31.3 3.20 0.26
1914 2222.549 38.7 3.20 0.28
1915 2222.863 41.0 3.17 0.23
1916 2222.904 25.6 3.18 0.25
1917 2223.655 37.8 3.16 0.13
1918 2224.488 59.4 3.04 0.17
1919 2224.559 45.8 3.01 0.06
1920 2225.088 49.8 2.96 -0.03
1921 2225.385 44.9 3.13 0.12
1922 2225.771 59.4 3.00 0.03
1923 2226.246 45.8 3.01 0.02
1924 2232.280 72.2 2.81 -0.09
1925 2234.318 40.4 2.95 0.17
1926 2234.683 49.8 2.80 -0.03
1927 2235.799 43.2 2.71 -0.03
1928 2236.366 36.7 2.68 0.19
1929 2236.441 40.1 2.85 0.19
1930 2237.062 83.9 2.74 0.11
1931 2237.475 32.1 2.94 0.25
1932 2238.602 51.5 2.86 0.30
1933 2239.363 32.1 2.42 0.35
1934 2240.097 43.5 2.75 0.52
1935 2241.158 32.1 2.88 0.40
1936 2241.500 37.3 3.10 0.41
1937 2242.674 44.9 2.83 0.37
1938 2243.565 45.8 3.15 0.55
1939 2243.647 40.7 3.05 0.55
1940 2244.241 104.4 3.02 0.56
1941 2244.575 73.1 3.10 0.58
1942 2244.838 48.9 3.00 0.46
1943 2245.244 41.0 3.04 0.42
1944 2245.773 42.7 3.04 0.50
1945 2248.036 44.1 3.10 0.41
1946 2249.425 52.9 2.84 0.63
1947 2249.518 41.0 2.91 0.63
1948 2249.637 55.5 2.79 0.63
1949 2250.490 53.8 2.69 0.50
1950 2250.777 41.0 2.70 0.61
1951 2251.006 48.9 2.75 0.67
1952 2251.460 60.3 2.86 0.43
1953 2252.245 19.3 2.77 0.49
1954 2252.747 48.9 2.97 0.33
1955 2252.996 29.6 2.84 0.26
1956 2253.245 54.6 2.90 0.24
1957 2255.617 36.4 2.69 0.52
1958 2256.641 66.0 2.72 0.42
1959 2260.932 71.4 2.84 0.36
1960 2269.015 45.8 3.08 0.58
1961 2274.909 49.8 3.18 0.52
1962 2277.934 54.6 3.12 0.17
1963 2279.709 45.8 2.86 0.10
1964 2284.252 47.5 3.01 0.23
1965 2284.682 49.8 2.83 0.32
1966 2287.081 45.8 3.01 0.43
1967 2290.686 30.4 3.06 0.37
1968 2293.536 48.9 2.89 0.45
1969 2294.195 45.8 3.19 0.37
1970 2295.734 35.3 3.11 0.27
1971 2297.055 40.1 2.96 0.05
1972 2297.663 45.8 2.94 0.45
1973 2298.304 45.8 3.02 0.42
1974 2298.861 36.1 3.26 0.31
1975 2300.752 88.5 3.09 0.42
1976 2304.797 32.1 2.86 0.27
1977 2306.042 81.9 2.90 0.38
1978 2306.240 46.9 2.85 0.37
1979 2306.647 14.5 2.74 0.21
1980 2306.698 30.4 2.81 0.17
1981 2306.766 24.5 2.77 0.17
1982 2310.596 68.3 2.82 -0.07
1983 2312.842 42.7 2.91 -0.13
1984 2313.040 66.3 2.69 -0.07
1985 2313.221 47.5 2.54 -0.09
1986 2313.408 112.4 2.64 -0.17
1987 2315.231 63.4 2.33 -0.16
1988 2315.371 44.9 2.52 -0.17
1989 2315.634 56.3 2.54 -0.11
1990 2316.347 49.8 2.61 -0.04
1991 2316.422 43.0 2.63 -0.04
1992 2317.156 56.9 2.66 0.06
1993 2317.218 32.1 2.73 0.01
1994 2318.040 36.1 2.68 -0.01
1995 2319.344 57.7 2.58 -0.03
1996 2319.604 63.4 2.52 -0.12
1997 2320.259 48.1 2.49 -0.08
1998 2320.348 60.9 2.41 -0.08
1999 2322.287 27.3 2.54 0.08
2000 2322.727 40.1 2.61 0.10
