DXEX v3
C:\Documents and Settings\LDA\My Documents\TM_SANTOS\Equipo_5\Trailer.lda
3:17:31 PM
0.00 mm;0.00 mm;2.00 mm
Region1
"Row#"	"AT [ms]"	"LDA1 [m/s]"	
1	0.071	-60.831
2	0.740	-61.362
3	1.603	-59.893
4	4.056	-60.735
5	4.228	-60.485
6	4.432	-4.604
7	4.523	-61.430
8	6.583	-60.635
9	6.788	-60.798
10	7.103	-61.830
11	7.120	-61.266
12	7.128	-59.797
13	7.171	-60.951
14	7.267	-60.772
15	7.295	-60.514
16	7.461	-60.774
17	7.549	-60.571
18	7.561	-61.888
19	7.592	-61.082
20	7.634	-60.680
21	7.756	-60.759
22	8.074	-60.982
23	10.080	-60.330
24	11.019	-62.153
25	11.022	-59.829
26	11.256	-59.690
27	11.313	-61.841
28	11.333	-60.741
29	11.376	-61.577
30	11.378	-60.684
31	12.683	-31.445
32	13.373	-61.738
33	13.514	-59.680
34	14.701	-61.426
35	15.082	-60.539
36	15.755	-60.645
37	15.976	-60.512
38	16.255	-61.062
39	16.314	-60.173
40	17.660	-60.894
41	18.778	-17.276
42	18.826	-60.626
43	18.862	-61.530
44	19.046	-60.279
45	19.187	-60.886
46	19.540	-60.631
47	19.615	-60.361
48	19.772	-61.101
49	20.874	-59.766
50	21.177	-61.197
51	23.104	-61.070
52	23.631	-60.557
53	25.953	-66.924
54	26.494	-61.195
55	26.557	-60.079
56	27.077	-60.122
57	27.272	-60.250
58	28.076	-60.201
59	28.083	-60.661
60	28.298	-60.348
61	28.526	-60.614
62	28.746	-59.592
63	28.748	-63.672
64	29.174	-60.318
65	29.190	-60.839
66	29.924	-59.422
67	30.050	-60.038
68	30.113	-60.273
69	30.177	-60.487
70	30.185	-61.381
71	30.757	-60.340
72	31.190	-61.107
73	31.459	-60.966
74	31.658	-60.301
75	31.701	-60.066
76	32.038	-60.154
77	32.093	-60.111
78	33.098	-60.195
79	33.224	-61.724
80	33.409	-60.522
81	33.481	-60.226
82	33.665	-63.269
83	34.064	-60.436
84	34.129	-60.250
85	34.142	-59.752
86	34.242	-60.070
87	34.266	-60.964
88	34.490	-60.725
89	34.538	-59.705
90	34.802	-60.400
91	34.881	-59.623
92	34.983	-59.846
93	35.010	-58.225
94	36.305	-59.676
95	36.767	-60.612
96	36.798	-61.015
97	37.302	-60.463
98	37.394	-60.393
99	38.760	-60.557
100	39.250	-61.234
101	39.586	-60.009
102	39.694	-60.430
103	39.840	-59.533
104	40.148	-60.089
105	40.838	-61.050
106	40.903	-62.023
107	41.283	-60.878
108	41.434	-62.182
109	41.650	-60.015
110	41.792	-60.608
111	41.930	-60.314
112	42.397	-65.596
113	42.707	-62.292
114	43.141	-60.790
115	43.144	-73.093
116	43.257	-62.247
117	43.262	-59.854
118	43.469	-61.291
119	43.524	-61.043
120	43.620	-60.902
121	43.810	-61.174
122	44.899	-60.391
123	44.993	-60.943
124	44.997	-61.164
125	45.511	-60.776
126	45.622	-60.009
127	45.861	-60.849
128	46.921	-61.295
129	46.930	-61.178
130	47.040	-60.788
131	47.130	-60.860
132	47.207	-61.565
133	47.530	-60.058
134	47.576	-60.326
135	47.709	-61.029
136	48.428	-61.608
137	48.643	-59.715
138	48.701	-60.876
139	48.743	-60.412
140	48.971	-60.481
141	49.335	-59.979
142	49.742	-60.156
143	50.339	-60.449
144	50.602	-60.579
145	52.561	-61.076
146	53.042	-60.665
147	53.202	-61.080
148	53.212	-15.178
149	53.424	-61.164
150	53.492	-60.749
151	53.576	-60.649
152	53.725	-60.443
153	53.850	-62.348
154	53.946	-61.142
155	53.979	-61.456
156	54.095	-61.371
157	55.113	-60.843
158	55.578	-61.323
159	57.270	-60.586
160	57.282	-59.944
161	57.353	-61.360
162	57.993	-62.552
163	58.019	-60.714
164	58.056	-61.056
165	59.665	-60.860
166	62.457	-61.618
167	63.145	-60.778
168	64.296	-54.384
169	65.146	-61.397
170	65.217	-60.342
171	65.266	-61.266
172	65.385	-60.295
173	66.689	-62.309
174	67.370	-61.086
175	67.441	-60.956
176	68.319	-61.138
177	68.487	-60.941
178	68.507	-60.508
179	68.785	-61.205
180	68.830	-61.338
181	69.364	-60.620
182	69.389	-60.553
183	69.554	-60.232
184	69.727	-60.299
185	69.811	-59.627
186	70.127	-60.900
187	70.203	-60.917
188	72.559	-61.277
189	73.231	-60.739
190	73.573	-60.211
191	73.602	-61.236
192	73.734	-61.277
193	73.784	-61.317
194	73.931	-60.880
195	74.046	-61.360
196	74.081	-61.646
197	74.137	-60.947
198	74.236	-61.142
199	74.252	-60.665
200	74.282	-61.501
201	74.334	-60.823
202	74.495	-66.497
203	74.617	-60.755
204	74.668	-60.639
205	74.730	-61.368
206	74.885	-63.179
207	75.039	-60.945
208	75.570	-61.387
209	75.602	-62.885
210	75.890	-61.262
211	76.080	-60.306
212	76.447	-61.422
213	77.075	-60.230
214	77.109	-60.167
215	77.173	-61.416
216	77.972	-91.335
217	79.109	-60.350
218	79.790	-60.982
219	79.865	-60.943
220	79.944	-59.533
221	80.033	-60.017
222	80.467	-60.737
223	80.469	-60.876
224	80.577	-62.157
225	83.081	-42.829
226	83.154	-60.767
227	83.310	-61.882
228	83.318	-60.629
229	83.427	-61.483
230	83.472	-61.307
231	83.600	-60.678
232	83.691	-61.743
233	83.734	-61.058
234	83.797	-60.788
235	83.856	-60.958
236	83.886	-60.489
237	83.960	-60.023
238	83.988	-60.806
239	83.993	-60.649
240	84.076	-60.821
241	84.116	-61.875
242	84.193	-60.318
243	84.205	-60.195
244	84.258	-61.845
245	84.296	-62.051
246	84.344	-61.587
247	84.373	-60.874
248	84.407	-60.259
249	84.611	-60.622
250	84.633	-61.524
251	84.652	-59.858
252	84.822	-60.749
253	84.992	-61.039
254	85.119	-59.844
255	85.218	-61.103
256	85.301	-59.735
257	85.467	-60.747
258	85.897	-61.356
259	86.161	-60.412
260	86.200	-61.043
261	86.443	-61.518
262	86.510	-60.250
263	86.581	-61.448
264	86.732	-61.491
265	86.833	-60.841
266	86.910	-58.807
267	86.917	-59.817
268	86.985	-69.287
269	87.081	-61.792
270	87.705	-60.761
271	87.739	-60.817
272	89.781	-60.814
273	90.563	-60.077
274	90.598	-60.551
275	90.887	-59.549
276	90.962	-60.798
277	91.467	-60.698
278	92.698	-60.579
279	93.472	-61.178
280	93.482	-60.784
281	93.550	-61.090
282	93.558	-60.792
283	95.352	-60.232
284	96.724	-60.612
285	96.745	-61.197
286	96.883	-60.622
287	96.929	-60.426
288	97.171	-61.648
289	97.204	-60.994
290	97.564	-60.518
291	97.717	-59.983
292	99.092	-64.124
293	99.660	-60.602
294	100.323	-61.164
295	101.894	-61.366
296	101.949	-60.790
297	102.186	-61.250
298	105.454	-68.535
299	105.692	-60.510
300	105.698	-60.138
301	105.720	-60.334
302	106.177	-61.115
303	106.383	-60.876
304	106.491	-59.850
305	106.920	-60.890
306	107.360	-60.628
307	107.416	-60.547
308	107.459	-59.596
309	108.534	-60.628
310	108.689	-60.122
311	108.764	-60.075
312	109.045	-60.195
313	109.246	-61.109
314	109.675	-59.005
315	109.998	-60.469
316	110.153	-60.982
317	110.221	-61.264
318	110.668	-60.655
319	110.820	-60.046
320	111.664	-60.547
321	111.696	-60.823
322	111.882	-59.752
323	112.016	-60.144
324	112.549	-61.072
325	112.785	-60.193
326	113.425	-60.162
327	113.784	-60.428
328	113.910	-4.400
329	113.918	-60.859
330	114.342	-60.829
331	114.398	-60.089
332	114.961	-60.671
333	114.992	-60.657
334	115.041	-61.111
335	115.438	-61.334
336	116.140	-60.073
337	117.550	-60.469
338	117.905	-41.437
339	120.126	-60.665
340	120.388	-61.328
341	120.648	-60.506
342	123.153	-60.622
343	123.286	-60.265
344	123.464	-60.534
345	123.910	-60.535
346	124.089	-60.494
347	124.634	-60.700
348	125.277	-60.956
349	126.185	-60.669
350	126.462	-60.577
351	126.554	-60.351
352	126.732	-60.857
353	126.774	-60.093
354	126.840	-63.676
355	127.481	-61.046
356	128.117	-60.704
357	128.282	-60.990
358	128.543	-60.953
359	130.165	-62.787
360	130.279	-60.547
361	130.579	-59.893
362	130.600	-60.618
363	130.641	-60.457
364	130.797	-60.238
365	131.029	-60.925
366	131.218	-60.624
367	131.407	-60.723
368	131.455	-59.688
369	131.573	-60.911
370	131.590	-59.948
371	135.290	-61.097
372	137.234	-61.193
373	139.247	-60.939
374	139.454	-60.144
375	139.614	-61.240
376	139.625	-60.949
377	140.346	-60.837
378	140.352	-61.160
379	140.450	-60.418
380	140.564	-60.714
381	140.568	-60.218
382	141.090	-62.382
383	141.988	-73.825
384	142.062	-59.911
385	142.480	-61.129
386	142.731	-60.941
387	143.015	-60.353
388	143.146	-62.444
389	143.195	-60.369
390	143.699	-60.880
391	143.794	-58.131
392	143.841	-60.698
393	144.230	-60.606
394	144.468	-59.517
395	144.612	-59.696
396	144.616	-60.040
397	144.739	-60.410
398	145.057	-60.860
399	145.157	-60.943
400	145.208	-60.933
401	145.558	-70.953
402	148.046	-60.534
403	148.764	-60.175
404	148.911	-94.961
405	149.234	-60.847
406	150.175	-60.400
407	150.228	-60.702
408	150.404	-60.261
409	150.600	-60.498
410	151.874	-60.765
411	152.262	-60.162
412	152.276	-59.279
413	152.324	-60.492
414	152.345	-60.068
415	152.636	-59.876
416	153.076	-60.179
417	153.186	-59.703
418	153.193	-60.064
419	153.307	-60.256
420	153.892	-60.778
421	154.036	-60.608
422	154.130	-60.553
423	155.684	-60.588
424	155.829	-59.878
425	156.063	-60.355
426	156.223	-60.072
427	156.407	-60.093
428	156.579	-61.133
429	157.673	-60.422
430	158.592	-60.398
431	158.633	-58.893
432	163.464	-60.545
433	163.783	-60.195
434	163.849	-59.968
435	163.895	-60.038
436	164.483	-60.148
437	164.592	-60.735
438	164.639	-60.252
439	164.677	-61.328
440	167.928	-61.025
441	168.056	-60.303
442	168.099	-60.330
443	168.867	-60.956
444	168.875	-61.234
445	168.904	-59.856
446	169.435	-61.205
447	169.449	-60.665
448	169.459	-60.886
449	171.963	-59.296
450	172.537	-60.688
451	172.561	-60.244
452	172.742	-60.976
453	172.784	-59.976
454	173.858	-60.492
455	174.559	-61.086
456	175.494	-60.418
457	175.958	-60.436
458	176.018	-60.700
459	176.270	-61.111
460	177.079	-61.687
461	177.089	-60.608
462	178.803	-62.061
463	179.026	-62.666
464	179.194	-60.945
465	179.643	-60.843
466	180.788	-60.602
467	181.130	-60.911
468	182.461	-60.860
469	182.561	-60.490
470	182.646	-61.567
471	182.735	-60.620
472	183.507	-60.888
473	184.005	-60.667
474	184.242	-60.528
475	184.907	-61.313
476	186.193	-62.233
477	187.226	-61.158
478	187.258	-60.537
479	187.382	-60.659
480	187.577	-60.432
481	188.418	-60.371
482	188.679	-61.667
483	194.966	-61.491
484	195.164	-60.207
485	195.708	-60.259
486	196.049	-60.645
487	196.915	-60.759
488	196.976	-60.240
489	197.056	-60.522
490	197.073	-60.136
491	197.075	-60.712
492	197.093	-60.900
493	197.105	-60.741
494	197.727	-60.381
495	197.796	-62.658
496	198.091	-60.402
497	198.113	-61.734
498	198.123	-60.868
499	198.402	-61.148
500	198.481	-61.260
501	198.859	-60.549
502	199.394	-60.653
503	199.429	-60.346
504	200.279	-60.847
505	200.292	-61.616
506	201.207	-60.072
507	201.533	-60.729
508	201.650	-61.086
509	201.701	-60.117
510	201.907	-60.778
511	201.939	-71.223
512	202.028	-59.255
513	202.083	-59.891
514	202.133	-60.688
515	202.136	-59.913
516	202.645	-60.234
517	202.987	-60.776
518	203.459	-62.350
519	203.608	-59.884
520	203.724	-60.896
521	203.740	-61.003
522	203.995	-60.606
523	204.036	-60.545
524	207.410	-60.643
525	207.578	-60.465
526	207.830	-60.833
527	208.099	-61.514
528	208.106	-58.445
529	208.201	-60.191
530	210.148	-61.736
531	210.439	-62.260
532	210.493	-56.455
533	211.631	-59.774
534	211.641	-58.167
535	212.019	-60.128
536	212.925	-60.203
537	213.332	-59.950
538	213.463	-60.077
539	213.885	-61.050
540	213.891	-59.846
541	214.002	-60.933
542	214.053	-59.525
543	214.606	-60.645
544	214.678	-45.324
545	215.139	-60.680
546	216.126	-59.978
547	216.276	-60.436
548	216.415	-60.968
549	216.470	-60.506
550	216.574	-60.361
551	216.613	-60.181
552	216.829	-60.463
553	216.880	-60.700
554	216.947	-60.449
555	217.505	-60.749
556	217.601	-60.310
557	218.244	-60.416
558	218.374	-60.633
559	218.640	-60.273
560	219.368	-60.085
561	219.660	-62.027
562	219.931	-60.391
563	220.682	-60.708
564	220.764	-59.488
565	220.872	-60.189
566	221.733	-60.436
567	222.648	-60.907
568	222.751	-60.841
569	224.892	-60.659
570	224.954	-60.447
571	227.553	-60.306
572	227.709	-60.457
573	228.629	-59.660
574	228.761	-60.117
575	229.668	-60.391
576	230.084	-60.334
577	230.753	-60.355
578	230.792	-59.792
579	231.282	-60.455
580	231.718	-60.526
581	232.197	-60.896
582	233.320	-60.614
583	234.273	-60.765
584	235.436	-60.465
585	235.456	-60.025
586	235.616	-60.812
587	235.929	-94.076
588	236.558	-66.244
589	236.888	-60.500
590	237.041	-59.369
591	237.249	-60.802
592	237.272	-60.894
593	237.554	-61.409
594	237.570	-60.786
595	237.676	-59.647
596	239.817	-60.751
597	240.487	-60.737
598	240.777	-60.960
599	240.911	-60.639
600	240.929	-60.138
601	241.138	-60.855
602	241.612	-61.610
603	242.565	-59.968
604	242.751	-60.023
605	243.842	-61.295
606	244.090	-60.931
607	244.123	-60.939
608	244.926	-60.030
609	245.247	-60.859
610	245.256	-62.376
611	245.480	-60.612
612	245.566	-60.072
613	245.763	-60.289
614	245.826	-60.314
615	245.889	-61.340
616	245.899	-60.849
617	246.069	-59.498
618	246.094	-61.225
619	246.459	-95.368
620	246.635	-60.890
621	246.652	-60.810
622	246.705	-60.964
623	249.611	-60.686
624	249.679	-60.353
625	249.699	-59.983
626	250.208	-59.762
627	251.192	-60.201
628	251.383	-59.281
629	251.405	-59.187
630	251.654	-60.741
631	252.314	-60.402
632	252.818	-60.812
633	253.183	-60.418
634	253.231	-61.154
635	253.504	-60.592
636	253.555	-60.598
637	254.016	-61.730
638	254.198	-60.424
639	255.293	-60.712
640	255.728	-60.784
641	256.308	-60.755
642	256.550	-60.708
643	256.600	-60.676
644	256.846	-61.665
645	257.298	-60.731
646	258.292	-60.455
647	259.069	-72.131
648	259.079	-60.304
649	260.767	-60.796
650	261.246	-61.487
651	261.362	-59.968
652	261.503	-59.551
653	261.668	-62.219
654	261.701	-59.183
655	261.844	-61.311
656	261.977	-60.614
657	262.506	-61.197
658	262.683	-60.175
659	262.753	-60.579
660	262.812	-60.148
661	263.454	-60.355
662	263.795	-60.790
663	264.061	-60.128
664	264.184	-60.604
665	264.279	-61.274
666	264.434	-60.770
667	264.625	-60.872
668	264.704	-78.858
669	264.933	-61.401
670	265.100	-60.340
671	265.284	-60.420
672	266.680	-60.661
673	267.475	-59.983
674	267.908	-60.996
675	268.179	-61.250
676	268.472	-61.045
677	269.167	-79.820
678	269.209	-65.724
679	270.864	-60.747
680	271.329	-60.780
681	271.351	-60.825
682	271.401	-61.403
683	271.425	-61.822
684	271.558	-61.448
685	271.650	-60.299
686	272.826	-41.551
687	273.219	-61.675
688	276.590	-61.093
689	277.401	-60.569
690	277.734	-60.796
691	277.786	-61.052
692	278.039	-60.224
693	278.424	-61.003
694	278.447	-60.015
695	278.658	-61.323
696	278.681	-62.043
697	278.696	-60.866
698	278.705	-60.759
699	279.891	-60.514
700	279.935	-60.109
701	279.955	-61.013
702	280.154	-60.770
703	280.528	-60.473
704	280.603	-60.162
705	280.670	-61.591
706	280.764	-61.260
707	280.830	-60.898
708	280.871	-60.117
709	280.985	-61.082
710	281.141	-60.855
711	281.195	-60.680
712	281.204	-60.107
713	281.313	-59.954
714	281.321	-60.614
715	281.495	-60.567
716	281.499	-60.017
717	281.650	-60.673
718	281.806	-60.367
719	281.965	-60.414
720	282.906	-60.870
721	282.965	-59.735
722	282.973	-60.185
723	283.023	-61.734
724	283.951	-60.921
725	284.342	-60.929
726	284.429	-60.549
727	284.933	-60.929
728	285.177	-60.876
729	285.187	-60.295
730	285.590	-61.166
731	285.828	-60.093
732	285.938	-60.735
733	285.990	-60.635
734	286.052	-60.581
735	286.060	-59.944
736	286.089	-59.515
737	286.111	-60.635
738	286.160	-60.291
739	286.292	-60.980
740	286.385	-60.951
741	286.462	-60.671
742	286.515	-62.838
743	286.925	-60.673
744	287.236	-60.941
745	287.502	-59.921
746	288.562	-61.240
747	289.162	-61.405
748	289.350	-51.837
749	289.669	-61.330
750	289.959	-60.256
751	290.071	-60.800
752	290.093	-60.892
753	291.533	-61.802
754	291.585	-61.289
755	291.800	-60.293
756	291.813	-74.111
757	292.471	-60.457
758	292.488	-63.868
759	292.543	-61.238
760	292.750	-59.598
761	292.865	-62.072
762	292.868	-60.857
763	292.877	-60.810
764	292.888	-61.082
765	294.118	-60.312
766	294.144	-60.962
767	294.345	-60.639
768	294.425	-60.837
769	294.431	-60.434
770	294.639	-60.796
771	294.853	-60.657
772	294.974	-60.772
773	295.058	-61.792
774	295.196	-60.201
775	295.387	-60.120
776	295.545	-61.007
777	295.625	-49.127
778	295.862	-59.572
779	295.950	-60.187
780	296.597	-60.727
781	296.643	-60.575
782	297.368	-61.775
783	297.670	-60.120
784	297.953	-60.054
785	298.534	-60.588
786	298.548	-61.798
787	298.613	-60.712
788	299.251	-60.393
789	299.403	-60.702
790	299.499	-60.414
791	300.385	-61.426
792	300.700	-60.377
793	300.933	-61.283
794	301.068	-60.228
795	301.173	-61.371
796	301.346	-60.839
797	301.480	-60.680
798	301.553	-59.719
799	302.469	-70.117
800	303.611	-60.774
801	303.746	-60.328
802	304.316	-10.888
803	304.369	-60.954
804	305.108	-60.958
805	305.196	-60.596
806	305.444	-60.118
807	305.473	-61.550
808	305.509	-59.617
809	305.543	-61.303
810	305.759	-60.211
811	305.767	-60.426
812	310.008	-61.095
813	310.019	-60.183
814	310.602	-60.739
815	310.785	-60.303
816	310.816	-60.643
817	310.961	-61.092
818	311.695	-70.620
819	311.717	-60.459
820	312.237	-70.342
821	314.666	-60.819
822	314.781	-61.088
823	315.967	-60.935
824	316.115	-61.608
825	316.236	-60.573
826	316.807	-60.449
827	316.899	-60.179
828	316.921	-66.239
829	317.646	-60.602
830	319.539	-60.291
831	319.840	-60.377
832	324.096	-60.776
833	325.096	-60.792
834	326.136	-60.962
835	327.123	-60.792
836	327.522	-60.633
837	327.964	-60.763
838	328.251	-61.291
839	328.446	-60.267
840	328.470	-61.947
841	328.522	-60.698
842	329.447	-59.398
843	330.298	-61.103
844	330.416	-60.996
845	331.849	-60.434
846	332.535	-61.021
847	334.192	-60.026
848	334.396	-60.107
849	334.406	-60.240
850	334.589	-58.063
851	335.081	-61.370
852	335.793	-61.491
853	336.088	-60.594
854	337.319	-61.612
855	341.105	-61.695
856	341.279	-61.861
857	342.101	-61.432
858	342.981	-61.691
859	343.336	-60.974
860	343.556	-59.651
861	343.651	-61.227
862	343.971	-61.209
863	344.708	-63.836
864	345.072	-88.577
865	345.106	-61.170
866	345.289	-61.086
867	345.841	-60.939
868	346.049	-60.802
869	346.074	-70.681
870	346.324	-61.217
871	346.791	-60.539
872	346.807	-61.346
873	346.810	-60.075
874	346.947	-60.165
875	347.977	-61.019
876	347.995	-60.344
877	348.162	-60.776
878	348.522	-60.314
879	348.638	-61.301
880	348.837	-60.747
881	348.888	-58.028
882	349.071	-60.118
883	349.515	-62.023
884	349.746	-61.240
885	349.775	-61.389
886	349.995	-62.131
887	350.035	-60.933
888	350.080	-61.583
889	350.336	-61.330
890	350.627	-59.130
891	351.262	-61.604
892	351.830	-60.148
893	351.902	-60.976
894	352.307	-61.452
895	352.428	-61.534
896	353.228	-45.114
897	353.562	-61.215
898	354.089	-61.947
899	354.584	-61.127
900	354.668	-60.763
901	354.683	-60.759
902	354.767	-61.274
903	354.774	-60.721
904	354.839	-61.043
905	355.010	-60.945
906	355.016	-60.904
907	355.049	-60.765
908	355.083	-49.550
909	355.103	-60.999
910	355.177	-59.028
911	355.210	-61.375
912	355.246	-61.095
913	355.525	-60.723
914	355.681	-60.522
915	355.815	-60.900
916	355.911	-61.673
917	355.972	-98.867
918	356.554	-61.068
919	356.699	-61.906
920	356.980	-60.988
921	357.201	-61.133
922	357.294	-60.880
923	357.647	-60.976
924	358.963	-60.442
925	358.999	-61.665
926	359.074	-61.027
927	359.129	-60.821
928	359.162	-61.544
929	359.171	-59.668
930	359.796	-60.792
931	359.894	-59.435
932	360.085	-60.837
933	360.525	-61.041
934	360.557	-60.890
935	360.601	-60.978
936	360.999	-60.890
937	361.129	-60.864
938	361.185	-61.510
939	361.204	-61.516
940	361.361	-60.467
941	361.372	-62.595
942	361.857	-76.832
943	362.195	-61.231
944	362.282	-61.193
945	362.407	-60.825
946	362.434	-60.252
947	362.710	-59.839
948	362.736	-60.575
949	362.751	-60.502
950	362.839	-61.820
951	363.447	-60.635
952	363.450	-60.698
953	363.458	-60.673
954	363.528	-60.128
955	363.647	-60.579
956	365.259	-61.291
957	365.500	-61.354
958	365.630	-61.203
959	365.878	-60.167
960	366.060	-61.103
961	366.131	-61.326
962	366.284	-60.418
963	366.301	-61.465
964	366.484	-60.698
965	366.497	-60.547
966	366.501	-60.933
967	367.399	-61.037
968	367.427	-60.653
969	367.442	-60.868
970	367.518	-60.931
971	368.251	-61.497
972	369.504	-61.532
973	369.555	-59.958
974	369.646	-60.604
975	369.804	-60.772
976	369.827	-60.653
977	370.700	-60.635
978	371.681	-61.462
979	373.090	-81.539
980	373.115	-60.876
981	374.583	-60.706
982	374.930	-61.785
983	375.017	-61.097
984	375.116	-60.776
985	375.158	-60.790
986	375.358	-61.197
987	375.431	-62.004
988	375.486	-59.825
989	375.548	-61.209
990	375.564	-60.559
991	375.733	-61.362
992	376.172	-61.602
993	376.260	-60.720
994	376.389	-60.772
995	376.430	-60.026
996	376.825	-60.988
997	378.439	-60.659
998	378.455	-60.620
999	379.015	-60.624
1000	379.088	-61.475
1001	379.165	-60.628
1002	379.181	-60.843
1003	379.222	-60.036
1004	379.245	-62.127
1005	379.255	-60.275
1006	379.257	-61.291
1007	379.398	-60.986
1008	379.461	-60.716
1009	379.537	-60.851
1010	379.697	-61.268
1011	380.527	-60.629
1012	382.002	-60.966
1013	382.217	-60.751
1014	382.757	-60.528
1015	382.830	-61.123
1016	383.847	-60.972
1017	383.897	-60.259
1018	383.903	-61.041
1019	383.970	-60.855
1020	384.040	-60.541
1021	384.467	-60.767
1022	384.892	-61.105
1023	385.535	-64.688
1024	386.101	-61.522
1025	386.184	-60.817
1026	386.573	-60.909
1027	387.532	-97.154
1028	387.949	-60.624
1029	388.159	-60.622
1030	388.385	-61.346
1031	388.478	-62.200
1032	388.670	-61.232
1033	388.675	-60.978
1034	388.729	-61.602
1035	389.013	-61.634
1036	389.185	-61.109
1037	389.272	-60.941
1038	389.368	-60.504
1039	389.423	-61.383
1040	389.810	-60.808
1041	389.879	-61.090
1042	390.243	-61.072
1043	390.266	-61.272
1044	390.360	-60.097
1045	390.648	-61.250
1046	391.977	-61.524
1047	391.992	-61.851
1048	392.288	-60.698
1049	392.458	-60.676
1050	392.595	-62.025
1051	392.823	-61.847
1052	392.918	-61.299
1053	393.454	-61.001
1054	393.470	-61.383
1055	393.488	-60.244
1056	393.490	-61.045
1057	393.518	-61.487
1058	393.565	-61.033
1059	396.197	-60.999
1060	396.594	-61.510
1061	396.687	-60.549
1062	396.994	-60.933
1063	397.846	-61.248
1064	397.852	-61.142
1065	398.117	-61.477
1066	398.195	-61.142
1067	399.259	-61.420
1068	399.598	-60.391
1069	399.658	-60.083
1070	399.803	-61.444
1071	401.377	-62.352
1072	403.421	-61.287
1073	404.482	-88.683
1074	407.272	-61.452
1075	407.544	-60.874
1076	408.037	-60.915
1077	408.042	-60.348
1078	408.081	-60.780
1079	408.115	-61.268
1080	408.306	-60.500
1081	408.322	-61.695
1082	408.332	-60.798
1083	408.346	-61.483
1084	408.411	-60.974
1085	409.221	-61.548
1086	409.308	-60.105
1087	409.361	-61.362
1088	409.432	-60.990
1089	409.530	-60.729
1090	409.642	-60.954
1091	409.693	-60.956
1092	409.792	-61.381
1093	409.930	-60.573
1094	409.939	-61.724
1095	410.038	-65.042
1096	410.065	-62.650
1097	411.128	-80.337
1098	411.226	-61.309
1099	411.286	-60.700
1100	412.013	-61.473
1101	412.154	-59.964
1102	412.196	-61.602
1103	412.252	-61.336
1104	412.442	-60.755
1105	419.298	-61.863
1106	419.913	-60.481
1107	420.611	-61.009
1108	420.930	-96.263
1109	421.101	-62.180
1110	421.342	-60.941
1111	421.376	-93.056
1112	421.753	-61.009
1113	421.955	-59.782
1114	422.063	-60.044
1115	422.255	-61.140
1116	422.439	-60.827
1117	422.737	-60.798
1118	423.111	-61.041
1119	423.584	-61.988
1120	423.598	-61.536
1121	423.803	-59.899
1122	423.860	-34.282
1123	424.028	-60.815
1124	424.529	-61.107
1125	424.765	-61.099
1126	424.782	-62.930
1127	424.911	-60.026
1128	425.616	-61.814
1129	426.797	-60.876
1130	426.841	-60.915
1131	426.917	-60.269
1132	427.141	-61.730
1133	427.146	-61.595
1134	427.172	-61.405
1135	427.324	-61.769
1136	427.351	-60.966
1137	428.886	-59.100
1138	429.514	-61.129
1139	430.484	-60.688
1140	430.750	-59.382
1141	431.158	-60.054
1142	431.493	-61.231
1143	431.819	-61.033
1144	431.893	-61.001
1145	432.248	-60.898
1146	432.479	-60.784
1147	433.562	-60.449
1148	435.137	-60.937
1149	435.828	-60.868
1150	436.453	-60.586
1151	436.612	-60.019
1152	436.627	-59.707
1153	436.645	-60.469
1154	436.789	-60.815
1155	436.807	-60.312
1156	436.841	-60.945
1157	437.505	-60.600
1158	437.736	-59.416
1159	438.085	-60.772
1160	439.326	-60.882
1161	440.353	-60.655
1162	440.638	-60.500
1163	440.932	-61.219
1164	442.053	-61.352
1165	442.441	-60.543
1166	442.491	-61.144
1167	444.434	-61.015
1168	445.215	-60.817
1169	446.160	-60.839
1170	446.693	-59.576
1171	448.321	-73.565
1172	448.828	-60.340
1173	449.274	-61.272
1174	449.304	-61.227
1175	449.531	-59.933
1176	449.541	-61.871
1177	449.978	-60.853
1178	450.070	-60.833
1179	450.379	-61.250
1180	451.130	-60.308
1181	451.160	-61.430
1182	451.334	-61.148
1183	451.396	-60.964
1184	451.430	-61.630
1185	451.479	-60.906
1186	451.530	-61.352
1187	451.614	-59.934
1188	451.849	-60.999
1189	451.884	-60.945
1190	451.948	-60.030
1191	452.926	-61.213
1192	453.101	-64.253
1193	453.565	-60.911
1194	453.625	-60.183
1195	453.660	-60.694
1196	454.444	-61.158
1197	454.467	-60.624
1198	454.614	-60.398
1199	454.653	-61.546
1200	454.986	-61.058
1201	455.045	-60.714
1202	455.205	-62.668
1203	455.849	-59.974
1204	456.108	-60.772
1205	456.146	-60.902
1206	456.316	-60.692
1207	456.339	-62.061
1208	457.041	-61.839
1209	457.389	-60.782
1210	458.734	-62.066
1211	458.937	-60.279
1212	458.966	-60.532
1213	459.046	-62.029
1214	459.753	-60.340
1215	459.776	-60.541
1216	460.000	-61.154
1217	460.277	-60.958
1218	460.481	-60.052
1219	460.573	-61.266
1220	460.688	-61.381
1221	461.000	-61.170
1222	461.231	-60.812
1223	461.236	-60.663
1224	461.445	-61.113
1225	461.508	-61.264
1226	461.677	-60.855
1227	461.988	-60.532
1228	462.033	-61.276
1229	462.506	-60.244
1230	463.143	-61.178
1231	463.278	-60.708
1232	464.114	-60.334
1233	464.428	-60.931
1234	464.550	-60.770
1235	464.845	-61.761
1236	464.901	-61.362
1237	466.216	-23.040
1238	467.582	-60.671
1239	467.629	-60.265
1240	468.783	-61.048
1241	469.171	-59.864
1242	469.749	-60.130
1243	469.754	-60.367
1244	469.833	-60.741
1245	469.942	-61.368
1246	470.022	-61.509
1247	470.243	-61.524
1248	470.295	-60.913
1249	470.332	-60.528
1250	470.413	-61.720
1251	470.794	-63.124
1252	470.978	-59.265
1253	471.190	-60.316
1254	471.233	-60.011
1255	471.253	-61.001
1256	471.258	-60.432
1257	471.260	-61.667
1258	471.337	-61.557
1259	471.745	-61.158
1260	471.781	-60.843
1261	471.813	-60.056
1262	472.483	-60.248
1263	472.516	-60.395
1264	473.365	-60.896
1265	473.629	-61.264
1266	476.252	-60.839
1267	476.829	-60.436
1268	478.077	-61.522
1269	478.124	-60.831
1270	478.498	-61.299
1271	478.682	-61.953
1272	478.788	-60.776
1273	478.793	-60.759
1274	479.329	-61.405
1275	479.742	-61.679
1276	479.783	-60.269
1277	480.046	-61.176
1278	480.066	-60.743
1279	481.571	-61.575
1280	483.206	-60.964
1281	483.232	-60.353
1282	486.713	-60.320
1283	487.157	-60.473
1284	487.209	-61.274
1285	487.244	-61.640
1286	487.485	-60.306
1287	487.526	-60.375
1288	487.550	-60.902
1289	487.896	-61.103
1290	488.373	-60.702
1291	488.684	-59.457
1292	489.072	-77.312
1293	489.330	-67.053
1294	489.899	-34.540
1295	490.229	-60.569
1296	490.697	-59.604
1297	490.978	-60.765
1298	491.094	-60.780
1299	491.169	-60.714
1300	491.181	-60.416
1301	491.289	-60.794
1302	491.321	-60.489
1303	491.332	-60.888
1304	491.426	-60.099
1305	491.501	-60.430
1306	491.533	-61.215
1307	491.538	-60.025
1308	491.617	-60.326
1309	491.843	-60.751
1310	491.923	-60.582
1311	493.034	-60.046
1312	493.216	-60.866
1313	493.473	-60.224
1314	497.544	-61.197
1315	497.563	-60.659
1316	498.500	-60.209
1317	500.200	-61.043
1318	500.417	-60.350
1319	500.513	-59.840
1320	500.587	-33.726
1321	503.259	-59.600
1322	503.271	-60.398
1323	503.621	-59.134
1324	503.663	-59.694
1325	503.692	-59.891
1326	503.735	-60.812
1327	503.905	-60.923
1328	504.035	-60.661
1329	504.255	-73.741
1330	504.279	-25.380
1331	504.361	-60.304
1332	504.486	-61.867
1333	504.523	-60.332
1334	504.573	-60.275
1335	506.384	-61.501
1336	506.394	-58.963
1337	506.603	-60.373
1338	506.654	-60.925
1339	506.668	-59.656
1340	507.875	-60.371
1341	507.920	-61.054
1342	508.188	-60.862
1343	508.396	-60.974
1344	508.651	-60.690
1345	509.044	-3.425
1346	509.110	-62.440
1347	509.214	-60.860
1348	509.278	-60.776
1349	509.397	-60.496
1350	509.462	-60.171
1351	509.566	-60.612
1352	509.827	-60.647
1353	510.310	-14.915
1354	510.393	-60.767
1355	510.537	-60.962
1356	510.887	-61.507
1357	511.595	-60.228
1358	511.685	-60.083
1359	512.202	-61.998
1360	512.224	-60.173
1361	512.625	-59.946
1362	512.700	-60.283
1363	512.847	-60.089
1364	513.177	-61.115
1365	513.244	-61.221
1366	513.546	-61.054
1367	513.634	-61.215
1368	515.105	-66.646
1369	517.520	-61.088
1370	517.778	-60.923
1371	517.982	-61.025
1372	518.238	-60.093
1373	520.241	-60.516
1374	522.225	-60.845
1375	522.249	-60.547
1376	522.423	-60.694
1377	522.931	-59.835
1378	523.066	-60.054
1379	523.201	-61.436
1380	523.351	-60.483
1381	523.377	-59.651
1382	523.478	-60.134
1383	523.686	-60.645
1384	523.992	-61.397
1385	524.281	-61.156
1386	524.499	-61.781
1387	524.777	-60.402
1388	525.663	-60.079
1389	526.468	-60.154
1390	526.775	-56.641
1391	526.930	-60.663
1392	527.512	-61.046
1393	528.316	-60.107
1394	528.427	-60.823
1395	528.736	-60.148
1396	528.754	-61.217
1397	528.783	-60.181
1398	528.822	-60.281
1399	528.853	-59.864
1400	528.907	-60.442
1401	529.111	-60.044
1402	529.157	-60.810
1403	529.188	-59.774
1404	529.236	-60.369
1405	529.314	-61.311
1406	529.349	-60.224
1407	529.459	-59.788
1408	532.402	-60.584
1409	532.650	-61.137
1410	532.693	-60.534
1411	532.747	-60.767
1412	532.992	-60.238
1413	533.047	-60.559
1414	533.361	-58.983
1415	533.454	-60.862
1416	533.695	-62.108
1417	535.309	-61.902
1418	535.457	-59.921
1419	535.702	-60.496
1420	536.404	-60.463
1421	537.643	-59.169
1422	537.658	-60.526
1423	540.062	-60.085
1424	540.725	-60.770
1425	540.880	-58.871
1426	540.884	-60.173
1427	540.939	-58.944
1428	540.942	-60.308
1429	541.065	-61.695
1430	541.159	-59.741
1431	541.318	-60.937
1432	541.619	-59.940
1433	541.690	-29.270
1434	541.929	-61.843
1435	542.629	-60.862
1436	543.902	-60.336
1437	544.063	-60.469
1438	544.454	-71.017
1439	544.978	-61.076
1440	545.340	-60.171
1441	545.541	-59.940
1442	545.940	-60.367
1443	546.217	-61.875
1444	546.340	-60.346
1445	546.357	-61.371
1446	546.508	-58.266
1447	546.514	-60.310
1448	546.520	-59.948
1449	546.987	-59.915
1450	547.100	-60.201
1451	547.135	-60.974
1452	547.162	-59.983
1453	547.217	-60.915
1454	547.298	-61.851
1455	547.756	-60.512
1456	547.997	-59.968
1457	548.632	-85.157
1458	549.100	-64.226
1459	549.828	-59.517
1460	549.870	-60.485
1461	549.915	-61.303
1462	549.994	-60.655
1463	550.300	-60.927
1464	550.580	-60.659
1465	551.206	-61.260
1466	551.349	-60.945
1467	551.473	-61.740
1468	551.552	-60.418
1469	551.848	-60.902
1470	552.120	-60.829
1471	552.969	-66.859
1472	553.146	-60.418
1473	553.270	-38.663
1474	553.601	-60.694
1475	553.688	-59.539
1476	553.746	-61.628
1477	554.055	-60.849
1478	554.142	-60.759
1479	554.386	-60.289
1480	554.468	-59.987
1481	554.565	-59.917
1482	555.157	-61.019
1483	556.429	-61.277
1484	557.347	-60.827
1485	558.219	-60.545
1486	558.963	-59.451
1487	559.373	-60.299
1488	559.889	-78.576
1489	562.037	-60.385
1490	562.081	-60.581
1491	562.210	-60.577
1492	562.580	-60.246
1493	562.631	-83.725
1494	562.733	-60.872
1495	562.935	-61.168
1496	562.966	-61.503
1497	562.998	-60.393
1498	563.023	-59.465
1499	563.042	-61.442
1500	563.368	-59.533
1501	563.640	-61.295
1502	563.819	-60.673
1503	563.857	-61.005
1504	563.866	-60.477
1505	563.916	-60.862
1506	563.966	-59.457
1507	563.989	-59.995
1508	564.156	-57.693
1509	564.220	-60.735
1510	564.447	-61.268
1511	564.972	-61.446
1512	565.044	-60.896
1513	565.084	-59.453
1514	565.347	-60.230
1515	565.353	-61.612
1516	565.409	-60.860
1517	565.424	-60.469
1518	565.538	-60.588
1519	565.756	-60.265
1520	565.864	-60.847
1521	566.146	-70.170
1522	566.592	-60.735
1523	566.834	-61.003
1524	567.192	-60.295
1525	567.277	-60.273
1526	567.469	-60.604
1527	567.902	-60.761
1528	568.219	-59.281
1529	568.257	-60.682
1530	568.480	-60.291
1531	568.540	-60.087
1532	568.574	-61.017
1533	568.581	-61.530
1534	568.645	-59.911
1535	568.923	-61.293
1536	569.035	-59.850
1537	569.075	-60.551
1538	569.219	-61.066
1539	569.278	-59.921
1540	569.364	-60.782
1541	569.539	-60.508
1542	570.499	-60.784
1543	570.750	-60.085
1544	571.045	-59.637
1545	571.261	-59.872
1546	571.263	-60.616
1547	573.477	-59.645
1548	575.852	-60.767
1549	577.687	-60.655
1550	578.372	-59.026
1551	578.808	-61.460
1552	578.990	-60.839
1553	579.232	-61.125
1554	579.249	-60.281
1555	579.286	-61.238
1556	579.961	-60.563
1557	580.882	-60.923
1558	581.041	-60.725
1559	581.217	-60.463
1560	581.264	-60.396
1561	581.294	-61.319
1562	581.727	-60.870
1563	581.861	-60.882
1564	581.975	-60.459
1565	582.044	-60.780
1566	582.098	-59.978
1567	582.123	-59.508
1568	582.141	-60.815
1569	582.224	-50.149
1570	584.981	-60.185
1571	585.015	-69.246
1572	585.053	-61.475
1573	585.891	-60.757
1574	585.929	-60.837
1575	586.525	-61.317
1576	587.400	-60.812
1577	587.643	-60.216
1578	587.660	-60.833
1579	588.515	-27.905
1580	588.887	-58.194
1581	589.252	-62.646
1582	589.363	-60.465
1583	589.537	-61.250
1584	589.603	-61.651
1585	589.611	-61.456
1586	589.847	-59.942
1587	589.914	-60.684
1588	589.961	-60.218
1589	590.126	-88.205
1590	590.196	-61.465
1591	590.468	-65.023
1592	590.566	-60.868
1593	590.923	-61.577
1594	591.096	-60.661
1595	591.302	-59.837
1596	591.320	-61.360
1597	592.554	-59.970
1598	594.850	-60.817
1599	595.133	-60.443
1600	595.307	-60.843
1601	595.368	-60.492
1602	595.411	-60.800
1603	595.954	-92.626
1604	596.179	-60.534
1605	596.269	-60.242
1606	596.294	-61.099
1607	597.053	-60.909
1608	598.338	-58.922
1609	599.457	-59.880
1610	600.130	-61.254
1611	600.278	-60.281
1612	600.302	-60.334
1613	601.321	-61.213
1614	601.472	-60.857
1615	603.015	-60.273
1616	603.055	-60.066
1617	603.842	-76.585
1618	605.048	-60.120
1619	605.073	-60.028
1620	605.747	-60.254
1621	609.997	-60.181
1622	610.045	-62.088
1623	610.259	-61.332
1624	610.402	-60.054
1625	610.889	-60.667
1626	610.935	-60.798
1627	611.107	-60.735
1628	611.204	-61.279
1629	611.239	-60.275
1630	612.483	-60.097
1631	612.564	-61.483
1632	614.451	-60.900
1633	615.502	-61.039
1634	615.561	-61.471
1635	615.897	-60.189
1636	615.970	-61.009
1637	616.596	-60.739
1638	616.636	-60.273
1639	616.897	-62.534
1640	616.992	-60.727
1641	617.257	-59.102
1642	617.460	-61.706
1643	618.373	-60.093
1644	618.397	-61.387
1645	618.561	-60.671
1646	618.579	-60.436
1647	618.901	-60.283
1648	618.989	-61.381
1649	619.436	-62.415
1650	619.731	-60.412
1651	620.035	-59.504
1652	620.227	-59.854
1653	620.443	-22.022
1654	620.472	-59.709
1655	620.696	-59.858
1656	620.698	-61.415
1657	620.769	-59.931
1658	620.851	-60.749
1659	620.924	-59.948
1660	620.936	-61.401
1661	621.324	-60.743
1662	621.521	-61.152
1663	621.660	-60.346
1664	621.885	-60.692
1665	621.912	-59.467
1666	621.924	-60.514
1667	622.020	-18.655
1668	622.498	-60.498
1669	622.674	-61.299
1670	622.771	-60.582
1671	623.196	-58.773
1672	623.332	-59.974
1673	623.387	-61.062
1674	623.513	-60.377
1675	624.020	-60.645
1676	624.178	-19.130
1677	624.518	-59.633
1678	625.335	-60.925
1679	625.603	-61.495
1680	625.976	-60.614
1681	625.985	-61.015
1682	626.006	-61.260
1683	626.279	-60.731
1684	626.305	-60.308
1685	626.383	-60.581
1686	626.479	-60.142
1687	626.485	-61.389
1688	626.495	-60.350
1689	626.590	-58.656
1690	626.724	-60.821
1691	626.838	-60.279
1692	627.301	-61.117
1693	627.326	-61.812
1694	627.337	-60.314
1695	627.343	-61.546
1696	627.368	-62.180
1697	627.423	-62.053
1698	627.525	-61.591
1699	627.583	-60.780
1700	627.819	-61.718
1701	627.840	-60.657
1702	627.874	-60.310
1703	627.889	-61.608
1704	628.064	-61.019
1705	628.503	-61.929
1706	629.280	-60.812
1707	629.283	-60.911
1708	631.962	-61.189
1709	632.268	-60.487
1710	632.478	-60.823
1711	632.611	-60.234
1712	632.801	-61.473
1713	633.059	-62.305
1714	633.208	-60.986
1715	633.780	-59.897
1716	634.459	-93.330
1717	636.889	-60.226
1718	636.925	-60.637
1719	637.103	-61.207
1720	638.289	-58.578
1721	638.906	-60.794
1722	639.669	-61.266
1723	640.142	-61.751
1724	640.246	-60.189
1725	640.281	-61.285
1726	640.303	-61.452
1727	640.411	-61.156
1728	640.427	-60.367
1729	640.470	-60.144
1730	640.481	-60.463
1731	640.879	-60.982
1732	641.026	-61.393
1733	641.218	-61.963
1734	641.317	-59.760
1735	641.336	-62.049
1736	641.416	-60.894
1737	641.472	-60.504
1738	641.549	-60.561
1739	641.580	-61.708
1740	641.694	-60.271
1741	642.221	-55.678
1742	642.336	-67.460
1743	642.513	-61.499
1744	642.793	-61.231
1745	642.822	-61.254
1746	643.038	-61.203
1747	643.050	-97.651
1748	643.111	-60.614
1749	643.270	-77.621
1750	643.276	-61.272
1751	643.334	-60.040
1752	643.765	-60.445
1753	643.941	-61.485
1754	643.995	-62.280
1755	644.006	-61.217
1756	644.064	-61.281
1757	644.560	-61.714
1758	644.651	-62.053
1759	644.699	-60.259
1760	644.767	-60.629
1761	645.074	-60.876
1762	645.253	-60.860
1763	645.402	-59.788
1764	645.462	-61.405
1765	645.577	-61.542
1766	645.599	-60.943
1767	646.006	-61.272
1768	646.007	-60.686
1769	647.100	-60.148
1770	647.147	-60.956
1771	647.233	-60.986
1772	647.274	-60.880
1773	647.299	-61.843
1774	647.381	-58.073
1775	647.493	-61.663
1776	651.515	-60.549
1777	654.850	-61.256
1778	655.346	-60.729
1779	655.587	-90.266
1780	655.998	-60.373
1781	656.783	-61.227
1782	657.388	-61.487
1783	657.396	-59.615
1784	657.582	-59.756
1785	657.714	-60.579
1786	658.007	-59.817
1787	658.921	-59.359
1788	659.067	-60.706
1789	659.648	-60.324
1790	660.232	-59.903
1791	660.254	-62.899
1792	660.273	-61.967
1793	660.599	-60.778
1794	660.628	-60.297
1795	660.933	-60.299
1796	661.122	-60.569
1797	661.499	-59.792
1798	661.965	-60.293
1799	662.063	-61.076
1800	662.118	-61.411
1801	662.176	-61.317
1802	662.194	-60.242
1803	663.886	-60.492
1804	664.146	-61.277
1805	664.335	-84.608
1806	664.570	-61.299
1807	664.833	-62.329
1808	665.011	-60.547
1809	665.594	-60.471
1810	665.672	-61.001
1811	665.746	-60.416
1812	665.902	-60.966
1813	666.317	-60.389
1814	666.460	-61.411
1815	666.820	-60.684
1816	666.847	-61.326
1817	666.965	-60.976
1818	667.097	-60.637
1819	667.158	-60.925
1820	667.232	-60.827
1821	667.345	-60.406
1822	667.356	-60.733
1823	667.391	-61.109
1824	667.491	-60.532
1825	667.559	-60.365
1826	667.566	-59.948
1827	667.694	-61.045
1828	667.794	-60.618
1829	667.933	-60.855
1830	668.011	-60.502
1831	668.119	-59.958
1832	668.546	-61.172
1833	668.550	-60.598
1834	669.048	-61.131
1835	669.269	-59.821
1836	669.320	-61.530
1837	669.435	-61.113
1838	669.659	-60.355
1839	669.754	-61.324
1840	671.227	-59.891
1841	671.244	-60.440
1842	671.365	-60.154
1843	672.977	-62.029
1844	673.231	-60.083
1845	674.300	-59.623
1846	676.168	-61.573
1847	676.292	-60.725
1848	676.322	-60.312
1849	676.401	-59.794
1850	676.686	-60.941
1851	678.429	-60.815
1852	678.606	-60.649
1853	680.567	-62.955
1854	680.793	-60.111
1855	680.847	-61.961
1856	681.103	-62.626
1857	683.593	-60.835
1858	683.607	-61.072
1859	683.713	-60.469
1860	683.893	-62.634
1861	684.128	-59.467
1862	684.140	-60.737
1863	685.123	-60.545
1864	685.490	-61.724
1865	685.657	-60.596
1866	686.415	-61.839
1867	686.907	-61.505
1868	686.960	-60.739
1869	687.009	-60.631
1870	687.124	-61.706
1871	687.317	-60.205
1872	687.484	-60.424
1873	688.182	-61.113
1874	688.824	-60.720
1875	689.435	-61.039
1876	691.717	-61.418
1877	691.801	-60.784
1878	692.068	-86.051
1879	695.018	-61.681
1880	695.427	-61.479
1881	696.394	-60.919
1882	697.126	-61.219
1883	698.574	-59.970
1884	698.723	-60.984
1885	698.739	-58.562
1886	699.623	-60.921
1887	701.253	-61.119
1888	701.267	-60.649
1889	701.391	-61.090
1890	701.412	-59.903
1891	703.186	-61.289
1892	703.193	-61.330
1893	703.296	-60.645
1894	703.554	-60.165
1895	703.612	-60.575
1896	703.670	-60.553
1897	703.879	-7.658
1898	703.940	-61.025
1899	704.928	-33.671
1900	705.065	-61.048
1901	705.081	-61.395
1902	705.229	-60.706
1903	705.276	-61.009
1904	705.365	-61.268
1905	705.372	-61.187
1906	706.074	-60.402
1907	706.677	-25.763
1908	707.836	-60.704
1909	707.956	-60.091
1910	708.650	-60.876
1911	708.702	-61.013
1912	709.506	-61.240
1913	709.907	-61.358
1914	710.627	-60.512
1915	711.895	-59.619
1916	713.104	-60.843
1917	713.163	-61.043
1918	713.491	-47.091
1919	713.826	-60.898
1920	717.135	-60.549
1921	717.276	-60.964
1922	720.882	-60.093
1923	723.128	-59.690
1924	723.521	-60.099
1925	725.351	-58.836
1926	725.585	-59.911
1927	726.091	-60.817
1928	726.315	-60.330
1929	726.417	-60.567
1930	726.510	-59.940
1931	726.827	-60.046
1932	727.446	-60.150
1933	729.132	-59.651
1934	730.134	-60.442
1935	730.699	-60.784
1936	730.947	-61.248
1937	731.156	-61.140
1938	731.204	-60.105
1939	731.342	-61.107
1940	731.598	-61.413
1941	732.593	-59.140
1942	732.637	-61.039
1943	732.744	-59.837
1944	732.832	-59.179
1945	732.932	-60.469
1946	733.514	-72.768
1947	734.284	-61.354
1948	734.891	-60.164
1949	734.905	-61.103
1950	734.924	-60.821
1951	735.049	-60.949
1952	735.071	-59.972
1953	735.419	-60.988
1954	735.510	-61.123
1955	736.072	-61.207
1956	736.368	-61.007
1957	736.518	-93.041
1958	736.889	-60.890
1959	737.485	-60.696
1960	737.796	-60.906
1961	738.706	-61.933
1962	738.728	-60.203
1963	738.811	-59.985
1964	739.485	-61.575
1965	739.656	-61.489
1966	739.871	-62.356
1967	740.455	-60.659
1968	741.469	-60.782
1969	741.535	-60.506
1970	741.667	-99.092
1971	742.159	-61.855
1972	742.709	-88.375
1973	742.810	-61.882
1974	743.120	-62.934
1975	743.398	-61.037
1976	743.521	-60.994
1977	743.608	-61.366
1978	743.651	-59.974
1979	743.679	-62.468
1980	743.742	-62.051
1981	743.799	-60.737
1982	743.837	-61.436
1983	744.532	-61.013
1984	744.595	-60.804
1985	744.672	-61.763
1986	746.369	-61.229
1987	747.394	-60.929
1988	749.261	-60.757
1989	750.074	-60.485
1990	750.216	-61.099
1991	754.441	-61.323
1992	757.278	-99.118
1993	758.092	-61.272
1994	758.990	-60.479
1995	759.019	-58.754
1996	759.041	-61.119
1997	759.134	-60.314
1998	760.308	-61.681
1999	760.327	-60.085
2000	761.171	-61.937
