DXEX v3
C:\Documents and Settings\LDA\My Documents\TM_SANTOS\Equipo_5\Trailer.lda
3:17:22 PM
0.00 mm;0.00 mm;-2.00 mm
Region1
"Row#"	"AT [ms]"	"LDA1 [m/s]"	
1	0.670	-61.857
2	0.950	-61.552
3	1.334	-60.690
4	2.829	-61.663
5	4.637	-61.160
6	4.880	-60.951
7	4.998	-60.727
8	6.079	-61.097
9	6.753	-60.596
10	7.518	-60.890
11	7.768	-59.574
12	7.787	-60.165
13	7.814	-60.960
14	8.047	-61.199
15	8.100	-61.072
16	8.156	-60.614
17	8.207	-60.898
18	8.377	-60.526
19	8.594	-60.418
20	8.930	-60.077
21	10.747	-61.741
22	10.761	-61.270
23	10.966	-61.127
24	11.048	-60.996
25	11.056	-60.645
26	11.249	-62.425
27	11.296	-62.994
28	12.076	-60.937
29	12.118	-60.355
30	12.131	-60.608
31	12.163	-61.622
32	12.406	-61.593
33	12.462	-60.389
34	12.645	-61.066
35	12.770	-60.148
36	12.859	-60.710
37	12.864	-60.164
38	13.203	-62.059
39	13.265	-61.064
40	13.300	-61.115
41	13.304	-61.411
42	17.044	-60.614
43	18.328	-61.393
44	18.335	-60.831
45	18.558	-60.205
46	18.608	-61.231
47	20.125	-59.768
48	20.962	-34.313
49	25.468	-60.359
50	25.631	-60.559
51	26.365	-61.973
52	27.313	-60.637
53	27.634	-61.391
54	28.542	-59.715
55	28.853	-61.232
56	29.349	-60.209
57	29.448	-61.407
58	29.624	-60.898
59	29.962	-60.590
60	30.076	-60.138
61	30.436	-60.896
62	31.148	-60.857
63	31.326	-60.919
64	31.407	-60.248
65	32.229	-61.090
66	34.399	-60.524
67	34.468	-60.396
68	35.115	-79.226
69	37.167	-61.512
70	37.441	-60.492
71	37.680	-61.205
72	37.744	-60.757
73	39.234	-60.440
74	39.343	-60.602
75	43.348	-61.338
76	43.682	-60.633
77	43.823	-60.207
78	43.876	-60.240
79	44.136	-59.083
80	44.256	-60.770
81	46.387	-60.522
82	46.393	-75.190
83	46.440	-60.543
84	46.468	-59.283
85	46.633	-60.929
86	46.932	-60.612
87	47.005	-61.440
88	48.428	-60.704
89	48.625	-60.109
90	48.808	-61.534
91	48.965	-59.981
92	49.155	-60.551
93	49.217	-60.443
94	49.406	-60.692
95	49.796	-6.031
96	50.626	-60.753
97	51.427	-60.571
98	51.543	-60.389
99	51.870	-60.712
100	52.124	-61.017
101	52.329	-60.502
102	52.378	-61.138
103	52.947	-60.682
104	53.085	-60.906
105	53.090	-59.572
106	53.317	-61.393
107	53.513	-60.994
108	53.562	-72.218
109	53.661	-60.600
110	55.990	-61.140
111	56.742	-60.144
112	57.019	-60.355
113	62.218	-60.592
114	62.669	-61.133
115	62.719	-60.406
116	62.958	-61.135
117	62.973	-60.173
118	64.651	-60.230
119	64.845	-60.976
120	64.915	-60.516
121	65.315	-61.655
122	65.390	-60.281
123	65.410	-60.461
124	65.477	-60.434
125	67.740	-60.673
126	67.967	-14.492
127	68.035	-60.261
128	70.428	-61.105
129	70.810	-60.385
130	70.887	-61.219
131	70.924	-60.645
132	70.930	-60.586
133	70.998	-60.966
134	71.171	-60.087
135	71.177	-60.504
136	73.042	-60.814
137	73.329	-60.990
138	74.237	-62.693
139	77.352	-60.113
140	77.681	-60.782
141	77.900	-60.931
142	77.963	-61.150
143	78.079	-60.676
144	78.312	-60.784
145	78.989	-60.038
146	79.519	-59.611
147	79.664	-60.138
148	80.133	-59.122
149	80.204	-60.113
150	81.059	-59.120
151	81.732	-59.797
152	81.815	-62.380
153	82.118	-60.964
154	82.169	-59.974
155	82.195	-61.974
156	82.264	-61.244
157	82.412	-61.438
158	82.502	-60.645
159	82.597	-60.663
160	83.686	-91.623
161	85.906	-61.041
162	88.943	-61.156
163	89.293	-65.753
164	89.645	-61.471
165	90.230	-61.585
166	90.271	-60.976
167	90.376	-60.537
168	90.520	-61.201
169	90.561	-60.453
170	90.579	-60.510
171	90.672	-61.432
172	90.797	-60.651
173	91.579	-61.099
174	91.633	-61.307
175	91.681	-59.917
176	91.835	-60.696
177	91.888	-60.894
178	91.916	-60.524
179	92.705	-60.193
180	93.132	-61.070
181	93.325	-61.632
182	93.458	-60.136
183	95.612	-60.966
184	95.660	-60.277
185	95.701	-61.276
186	95.786	-59.833
187	95.997	-2.636
188	96.299	-59.972
189	97.148	-58.405
190	97.288	-60.257
191	97.502	-60.034
192	97.691	-60.976
193	100.059	-61.107
194	100.079	-60.073
195	100.096	-60.581
196	100.099	-61.859
197	100.181	-60.120
198	100.216	-60.943
199	101.740	-60.737
200	102.362	-60.757
201	102.419	-60.843
202	102.427	-60.631
203	102.691	-61.924
204	102.750	-60.496
205	102.957	-42.620
206	103.137	-60.862
207	103.298	-61.205
208	103.510	-41.079
209	103.612	-60.492
210	103.901	-60.945
211	104.239	-61.107
212	105.368	-60.635
213	105.852	-60.898
214	106.636	-61.109
215	106.722	-60.720
216	106.908	-61.313
217	106.910	-61.138
218	108.413	-62.086
219	112.311	-60.770
220	112.869	-86.478
221	113.240	-62.754
222	113.459	-60.586
223	113.708	-61.109
224	113.766	-62.059
225	113.773	-60.872
226	114.312	-60.839
227	114.374	-59.882
228	114.446	-61.487
229	114.531	-60.524
230	114.792	-60.534
231	114.823	-60.768
232	115.236	-61.123
233	116.266	-59.897
234	116.781	-61.575
235	116.798	-60.720
236	117.746	-73.833
237	118.255	-60.105
238	118.539	-61.064
239	119.263	-59.727
240	119.274	-60.951
241	119.433	-80.227
242	120.697	-61.152
243	120.714	-60.767
244	121.041	-61.103
245	121.234	-7.816
246	121.428	-60.774
247	121.844	-60.236
248	123.520	-61.066
249	124.737	-53.648
250	126.848	-60.569
251	126.884	-62.805
252	126.978	-61.393
253	127.048	-60.690
254	127.133	-60.489
255	127.278	-61.041
256	127.594	-61.039
257	129.080	-59.437
258	129.086	-61.180
259	129.089	-60.733
260	129.141	-59.445
261	129.166	-60.784
262	129.178	-60.841
263	129.267	-61.716
264	129.379	-60.209
265	130.406	-61.070
266	132.133	-60.714
267	132.797	-61.350
268	132.804	-60.843
269	132.809	-61.046
270	133.522	-60.774
271	133.943	-60.541
272	134.120	-60.338
273	136.194	-60.757
274	137.284	-67.789
275	137.588	-60.808
276	137.855	-60.338
277	138.139	-60.718
278	138.946	-61.941
279	139.212	-60.259
280	139.231	-60.829
281	139.362	-60.907
282	139.372	-60.819
283	139.442	-60.810
284	139.548	-61.321
285	139.610	-60.978
286	139.815	-61.023
287	140.002	-60.473
288	140.040	-57.959
289	140.275	-62.090
290	144.270	-60.332
291	144.483	-59.962
292	145.974	-60.802
293	145.990	-60.471
294	146.544	-61.383
295	146.712	-60.622
296	147.665	-60.447
297	148.124	-4.012
298	148.653	-60.845
299	148.809	-61.111
300	149.186	-62.519
301	149.520	-61.137
302	149.675	-60.868
303	151.025	-59.972
304	151.433	-60.974
305	151.645	-59.059
306	151.878	-60.645
307	151.899	-60.483
308	153.504	-61.792
309	155.044	-60.837
310	160.769	-59.950
311	164.107	-58.202
312	165.614	-60.915
313	169.394	-60.015
314	171.901	-60.980
315	172.103	-60.725
316	173.355	-62.045
317	173.914	-60.543
318	174.463	-60.727
319	175.305	-60.291
320	175.357	-62.086
321	175.858	-60.436
322	176.349	-59.711
323	177.781	-61.197
324	178.016	-61.231
325	178.157	-60.518
326	178.555	-60.093
327	178.763	-60.718
328	178.827	-60.412
329	179.323	-61.315
330	179.380	-60.618
331	179.398	-60.990
332	179.549	-61.164
333	179.575	-60.731
334	179.731	-61.683
335	179.966	-59.741
336	180.762	-60.165
337	180.774	-61.344
338	180.798	-60.584
339	187.978	-61.095
340	188.088	-61.622
341	188.111	-61.129
342	189.215	-60.680
343	189.427	-61.166
344	189.568	-60.737
345	189.570	-60.849
346	189.691	-59.850
347	190.583	-60.432
348	192.634	-97.667
349	193.605	-60.240
350	193.966	-60.504
351	195.673	-60.594
352	195.914	-60.723
353	195.933	-60.733
354	196.443	-60.860
355	196.606	-61.037
356	196.689	-59.760
357	196.983	-60.870
358	198.603	-60.571
359	199.536	-19.412
360	200.116	-60.400
361	200.841	-60.099
362	201.287	-60.461
363	201.708	-59.302
364	201.947	-60.825
365	202.049	-59.786
366	202.350	-60.083
367	204.107	-62.718
368	204.627	-60.326
369	204.672	-59.682
370	204.958	-60.876
371	205.081	-60.708
372	205.265	-60.396
373	205.662	-59.790
374	205.721	-61.201
375	207.278	-60.046
376	207.993	-60.594
377	209.125	-61.303
378	209.225	-60.263
379	209.283	-60.414
380	210.423	-60.465
381	211.850	-60.645
382	212.101	-60.164
383	212.523	-61.054
384	212.738	-59.997
385	213.013	-60.804
386	216.197	-60.518
387	216.687	-60.201
388	217.296	-61.070
389	217.721	-60.416
390	218.394	-60.191
391	218.522	-61.082
392	219.419	-70.698
393	220.190	-60.496
394	220.417	-60.739
395	220.964	-60.586
396	223.650	-61.050
397	223.840	-61.465
398	223.844	-60.763
399	223.985	-60.512
400	224.216	-60.833
401	224.411	-61.084
402	224.517	-60.473
403	224.636	-60.812
404	224.695	-61.003
405	224.765	-61.115
406	225.244	-60.645
407	225.248	-59.829
408	225.272	-61.007
409	225.292	-61.033
410	225.861	-60.829
411	225.890	-60.518
412	225.976	-60.124
413	226.056	-60.396
414	226.627	-61.931
415	226.705	-59.985
416	226.750	-60.555
417	226.863	-61.916
418	226.865	-60.800
419	226.930	-60.700
420	227.041	-61.236
421	227.056	-61.154
422	227.159	-62.577
423	227.285	-60.350
424	227.589	-61.090
425	229.292	-60.870
426	229.426	-61.152
427	229.593	-61.352
428	229.620	-60.017
429	229.864	-60.915
430	231.080	-60.700
431	236.588	-60.506
432	237.326	-61.882
433	237.352	-60.561
434	238.192	-60.263
435	238.234	-60.890
436	244.400	-60.680
437	244.661	-61.129
438	247.385	-60.340
439	247.476	-60.900
440	249.461	-59.776
441	252.365	-58.541
442	252.629	-61.234
443	253.025	-61.477
444	253.671	-61.168
445	254.354	-59.643
446	254.469	-59.302
447	254.661	-84.370
448	257.112	-60.395
449	257.410	-60.888
450	259.180	-60.404
451	259.278	-41.320
452	261.558	-60.416
453	261.804	-60.028
454	261.988	-60.485
455	262.087	-60.142
456	262.283	-60.443
457	262.549	-60.169
458	262.700	-60.348
459	263.259	-60.044
460	263.512	-60.557
461	264.191	-60.350
462	265.271	-60.512
463	265.844	-61.352
464	267.123	-60.301
465	267.862	-59.878
466	269.378	-60.792
467	269.685	-60.128
468	269.740	-60.316
469	270.064	-60.953
470	270.493	-60.765
471	274.988	-96.165
472	275.333	-20.395
473	275.341	-61.403
474	275.469	-37.226
475	275.523	-61.258
476	275.553	-60.158
477	275.558	-61.050
478	277.366	-61.041
479	278.539	-60.860
480	284.434	-61.162
481	284.438	-61.238
482	284.681	-61.730
483	285.120	-61.900
484	285.265	-61.305
485	285.315	-60.843
486	285.377	-87.195
487	285.853	-65.058
488	285.953	-61.268
489	286.025	-61.587
490	286.076	-60.146
491	286.466	-62.159
492	286.524	-61.845
493	286.892	-63.505
494	288.138	-60.551
495	288.209	-60.299
496	288.308	-61.092
497	288.341	-61.248
498	288.344	-61.726
499	288.492	-62.141
500	288.676	-60.880
501	288.712	-62.427
502	289.614	-61.428
503	295.007	-61.462
504	295.784	-61.460
505	296.720	-61.326
506	296.970	-60.183
507	297.020	-60.708
508	297.371	-62.399
509	297.386	-60.827
510	297.627	-60.716
511	297.777	-60.404
512	298.244	-61.906
513	298.267	-62.100
514	298.434	-60.594
515	298.471	-60.884
516	298.554	-61.033
517	298.931	-60.992
518	299.013	-61.522
519	299.054	-61.076
520	299.142	-61.121
521	300.469	-60.502
522	300.586	-60.152
523	301.037	-60.279
524	301.055	-60.657
525	301.107	-60.641
526	301.133	-59.425
527	301.206	-60.068
528	301.444	-60.633
529	302.419	-61.048
530	303.042	-61.350
531	303.410	-60.655
532	304.272	-60.772
533	304.288	-60.389
534	304.371	-60.929
535	304.627	-60.087
536	304.981	-60.481
537	305.308	-60.492
538	310.935	-59.715
539	312.053	-59.596
540	312.286	-60.455
541	312.800	-60.864
542	314.232	-60.618
543	314.730	-59.993
544	316.477	-60.573
545	316.783	-60.087
546	317.325	-60.590
547	317.594	-59.952
548	317.748	-61.254
549	318.109	-60.461
550	318.143	-60.622
551	318.156	-60.620
552	318.730	-60.567
553	318.780	-60.303
554	318.848	-60.898
555	318.964	-61.168
556	318.968	-60.839
557	320.240	-60.326
558	321.134	-60.911
559	321.222	-60.559
560	321.287	-61.174
561	321.318	-60.428
562	321.328	-60.377
563	321.347	-60.917
564	321.390	-60.729
565	321.462	-60.118
566	321.534	-61.066
567	322.235	-59.886
568	322.345	-60.581
569	324.629	-60.238
570	325.542	-60.827
571	326.309	-81.797
572	326.540	-60.651
573	326.850	-60.396
574	326.990	-59.723
575	327.125	-60.459
576	327.222	-61.456
577	328.249	-60.649
578	328.622	-61.691
579	328.963	-59.972
580	330.395	-60.906
581	335.807	-60.772
582	335.884	-60.763
583	337.838	-60.784
584	338.568	-45.527
585	338.771	-38.679
586	339.979	-62.854
587	340.268	-60.645
588	340.333	-62.086
589	342.174	-61.119
590	342.261	-61.093
591	343.367	-61.211
592	343.504	-61.397
593	343.520	-62.311
594	343.670	-61.277
595	343.822	-61.152
596	343.955	-60.522
597	345.893	-7.570
598	346.369	-102.454
599	346.401	-61.516
600	346.817	-61.199
601	346.818	-61.138
602	347.148	-61.698
603	347.328	-61.178
604	347.721	-61.904
605	354.052	-60.694
606	356.968	-61.117
607	359.674	-61.301
608	360.503	-60.810
609	360.541	-59.721
610	360.793	-61.323
611	361.403	-61.630
612	361.527	-59.453
613	362.284	-60.782
614	362.648	-59.752
615	362.895	-61.287
616	363.042	-60.678
617	363.113	-60.571
618	363.125	-60.338
619	363.153	-59.770
620	363.238	-61.252
621	363.447	-60.767
622	363.648	-61.033
623	363.982	-60.663
624	364.238	-60.379
625	366.586	-60.866
626	368.633	-62.879
627	369.194	-61.794
628	369.268	-60.796
629	369.477	-10.716
630	369.559	-61.005
631	372.412	-60.442
632	372.521	-60.130
633	372.722	-61.234
634	374.772	-60.970
635	375.129	-60.265
636	375.211	-60.676
637	375.315	-60.481
638	375.519	-60.273
639	375.932	-60.058
640	376.011	-59.754
641	376.047	-59.811
642	376.058	-59.551
643	379.050	-88.313
644	379.287	-61.033
645	379.310	-60.081
646	379.353	-60.643
647	379.464	-59.976
648	379.541	-60.739
649	379.667	-60.823
650	380.739	-59.690
651	380.841	-60.379
652	381.242	-60.549
653	381.361	-59.192
654	381.451	-60.962
655	381.458	-60.911
656	381.465	-60.015
657	381.479	-60.130
658	382.495	-60.988
659	382.508	-61.074
660	383.580	-61.747
661	383.591	-60.426
662	383.750	-60.555
663	383.763	-60.011
664	384.348	-60.849
665	384.757	-59.899
666	385.459	-61.563
667	385.656	-60.257
668	385.702	-60.473
669	385.862	-61.477
670	386.810	-61.148
671	386.822	-60.610
672	386.873	-61.393
673	387.157	-61.389
674	387.644	-60.804
675	387.702	-60.510
676	388.567	-59.766
677	389.326	-61.497
678	389.436	-61.311
679	391.355	-60.299
680	393.712	-60.459
681	393.846	-61.162
682	393.876	-60.571
683	394.222	-59.972
684	398.182	-60.551
685	398.618	-60.608
686	399.280	-60.236
687	399.368	-60.712
688	399.482	-60.645
689	399.566	-89.278
690	400.260	-60.226
691	400.314	-61.090
692	400.318	-60.739
693	400.365	-60.749
694	401.190	-60.160
695	402.060	-60.314
696	402.530	-79.826
697	402.666	-60.148
698	402.695	-61.005
699	402.748	-61.142
700	403.052	-59.572
701	405.119	-60.710
702	408.334	-59.835
703	409.183	-62.372
704	409.434	-8.987
705	409.851	-60.338
706	411.741	-59.725
707	411.907	-60.988
708	412.085	-60.232
709	412.465	-61.013
710	412.532	-60.723
711	412.687	-61.070
712	413.375	-60.191
713	413.457	-61.313
714	413.487	-60.257
715	413.510	-59.897
716	413.603	-60.692
717	413.615	-60.651
718	413.889	-60.461
719	413.896	-61.129
720	414.037	-60.749
721	414.046	-61.070
722	414.404	-60.428
723	414.650	-60.469
724	414.852	-60.400
725	414.997	-60.663
726	415.000	-59.999
727	415.239	-58.157
728	415.375	-59.694
729	415.930	-61.714
730	416.289	-59.846
731	416.322	-61.005
732	416.329	-59.651
733	416.409	-60.101
734	416.444	-60.117
735	416.476	-60.091
736	416.481	-59.670
737	416.505	-59.165
738	416.510	-60.733
739	416.511	-59.592
740	416.521	-59.938
741	416.523	-61.256
742	416.556	-60.673
743	416.884	-59.748
744	417.242	-33.861
745	417.564	-60.248
746	418.772	-60.414
747	419.075	-59.183
748	419.433	-60.743
749	419.996	-60.256
750	422.359	-61.462
751	422.651	-60.880
752	422.837	-60.684
753	422.989	-61.409
754	423.346	-60.508
755	423.922	-61.142
756	425.661	-60.624
757	425.693	-60.271
758	426.169	-60.819
759	426.211	-60.624
760	426.745	-60.430
761	426.794	-61.871
762	427.206	-60.220
763	428.073	-60.604
764	428.335	-60.140
765	429.374	-60.534
766	429.387	-0.363
767	433.261	-61.078
768	433.359	-57.983
769	433.859	-60.007
770	434.016	-60.710
771	434.279	-61.416
772	434.360	-59.811
773	434.473	-60.481
774	434.907	-60.410
775	435.239	-60.414
776	435.286	-61.356
777	435.422	-92.794
778	436.599	-60.487
779	436.824	-60.667
780	437.738	-60.641
781	437.957	-60.291
782	438.627	-60.860
783	438.666	-62.086
784	438.725	-62.380
785	438.821	-60.303
786	438.832	-60.479
787	438.873	-60.496
788	438.883	-60.680
789	438.940	-60.485
790	439.024	-33.015
791	439.036	-60.639
792	439.388	-59.157
793	439.417	-60.982
794	439.465	-60.992
795	445.368	-61.879
796	446.228	-61.661
797	448.923	-60.579
798	448.969	-61.238
799	449.013	-60.283
800	449.117	-60.911
801	449.554	-61.305
802	449.734	-60.579
803	449.739	-60.575
804	450.465	-61.148
805	450.648	-61.234
806	450.916	-61.274
807	450.989	-60.815
808	451.131	-61.724
809	451.516	-60.945
810	451.564	-60.796
811	451.730	-60.561
812	452.211	-60.669
813	452.438	-60.702
814	452.613	-61.045
815	452.702	-60.953
816	452.724	-61.888
817	452.829	-61.205
818	452.902	-61.095
819	453.021	-61.395
820	453.049	-60.992
821	453.093	-60.827
822	453.192	-60.389
823	453.702	-60.678
824	455.495	-61.501
825	455.918	-59.629
826	455.993	-61.170
827	456.240	-61.023
828	456.691	-62.926
829	456.727	-59.743
830	456.773	-60.618
831	458.293	-60.633
832	458.537	-61.123
833	458.592	-61.099
834	458.766	-60.649
835	458.926	-97.733
836	459.010	-2.787
837	459.324	-69.880
838	461.080	-60.962
839	462.099	-92.134
840	465.848	-60.620
841	466.009	-61.195
842	468.303	-60.645
843	468.456	-59.690
844	468.497	-60.485
845	468.810	-60.387
846	468.921	-60.318
847	469.716	-80.448
848	470.177	-59.784
849	470.361	-61.023
850	470.570	-59.676
851	470.901	-60.553
852	471.034	-60.782
853	471.431	-59.617
854	472.041	-60.113
855	472.220	-60.396
856	472.323	-60.113
857	472.355	-60.240
858	472.937	-61.160
859	474.781	-60.874
860	474.993	-60.064
861	475.036	-61.197
862	475.086	-60.808
863	475.123	-59.864
864	477.189	-61.111
865	477.274	-81.212
866	477.276	-60.982
867	477.333	-60.935
868	477.387	-62.115
869	477.423	-61.176
870	477.545	-60.232
871	477.655	-60.224
872	485.018	-27.764
873	486.635	-60.201
874	490.016	-60.624
875	490.267	-60.596
876	490.386	-60.553
877	490.494	-60.236
878	490.802	-60.620
879	491.144	-59.766
880	491.224	-60.306
881	491.404	-60.248
882	491.473	-60.410
883	491.477	-61.095
884	491.619	-60.745
885	492.363	-61.131
886	492.651	-59.018
887	493.919	-60.581
888	494.153	-60.729
889	494.251	-60.189
890	494.291	-61.099
891	494.499	-59.676
892	494.769	-60.939
893	494.942	-60.453
894	495.183	-61.495
895	495.441	-59.905
896	495.837	-60.712
897	495.899	-61.426
898	498.000	-59.835
899	501.118	-60.365
900	501.144	-60.107
901	501.575	-62.450
902	501.733	-60.915
903	501.801	-60.984
904	504.348	-60.199
905	504.367	-62.021
906	504.493	-60.064
907	504.604	-61.444
908	504.607	-60.216
909	504.620	-60.586
910	505.864	-60.412
911	506.063	-62.202
912	506.156	-59.737
913	506.459	-60.790
914	508.177	-60.162
915	508.198	-60.680
916	508.308	-59.733
917	508.844	-61.054
918	509.123	-60.815
919	509.205	-60.373
920	515.723	-61.467
921	515.771	-61.184
922	515.787	-61.225
923	515.804	-71.532
924	515.976	-60.643
925	516.331	-60.089
926	516.633	-60.941
927	516.684	-60.136
928	516.687	-59.748
929	516.732	-58.727
930	516.765	-62.464
931	516.813	-60.898
932	516.844	-60.514
933	517.266	-60.461
934	517.348	-60.214
935	519.483	-59.774
936	519.842	-60.346
937	523.483	-62.613
938	523.850	-60.817
939	524.949	-60.700
940	524.966	-60.710
941	524.973	-60.408
942	525.716	-60.181
943	526.580	-60.639
944	527.136	-60.301
945	527.192	-60.575
946	527.250	-60.520
947	527.947	-60.921
948	528.290	-60.571
949	530.412	-60.700
950	530.522	-60.633
951	530.543	-60.712
952	530.628	-60.056
953	530.847	-60.923
954	530.849	-59.874
955	530.938	-61.011
956	530.990	-59.884
957	531.047	-60.878
958	531.203	-60.535
959	531.211	-59.821
960	531.392	-60.236
961	531.441	-60.171
962	531.596	-60.218
963	531.637	-60.735
964	531.663	-59.966
965	531.706	-60.657
966	531.828	-60.440
967	532.421	-60.659
968	534.052	-60.228
969	534.212	-60.592
970	534.339	-59.823
971	534.521	-61.170
972	536.165	-59.803
973	537.461	-60.291
974	537.514	-60.718
975	538.125	-60.046
976	538.177	-60.506
977	539.249	-60.600
978	541.570	-60.220
979	541.778	-59.095
980	542.214	-60.772
981	543.955	-60.524
982	546.873	-60.553
983	546.882	-59.294
984	546.973	-60.733
985	549.517	-59.670
986	549.607	-60.555
987	549.623	-59.870
988	549.687	-60.205
989	549.789	-61.127
990	549.794	-59.698
991	549.836	-60.798
992	549.896	-61.477
993	549.981	-60.763
994	551.988	-61.630
995	556.723	-94.440
996	557.155	-61.140
997	565.706	-60.643
998	565.738	-60.747
999	565.862	-60.144
1000	565.892	-60.165
1001	565.996	-61.604
1002	566.229	-59.284
1003	566.408	-59.854
1004	566.586	-60.081
1005	571.668	-59.974
1006	571.716	-60.862
1007	571.839	-60.984
1008	571.911	-59.887
1009	572.001	-59.547
1010	572.130	-59.643
1011	574.828	-61.001
1012	575.016	-60.461
1013	575.281	-60.259
1014	575.455	-60.068
1015	575.551	-60.404
1016	575.589	-59.645
1017	575.676	-60.271
1018	575.961	-60.608
1019	576.144	-60.939
1020	576.226	-59.974
1021	576.251	-60.778
1022	576.354	-60.342
1023	576.368	-60.496
1024	576.498	-60.009
1025	579.827	-60.980
1026	581.059	-60.784
1027	581.147	-59.678
1028	581.439	-60.551
1029	581.619	-60.308
1030	583.291	-60.929
1031	583.509	-61.170
1032	583.758	-61.338
1033	584.305	-60.120
1034	584.574	-60.600
1035	587.901	-60.710
1036	590.693	-60.933
1037	590.950	-60.765
1038	591.097	-60.937
1039	591.945	-61.875
1040	592.009	-59.966
1041	592.015	-60.534
1042	592.377	-60.984
1043	592.811	-60.837
1044	593.075	-61.037
1045	593.342	-60.688
1046	593.786	-60.218
1047	594.458	-60.551
1048	594.516	-60.665
1049	595.093	-59.760
1050	595.218	-60.778
1051	596.527	-60.794
1052	596.867	-60.457
1053	597.643	-60.618
1054	599.670	-60.393
1055	600.756	-60.768
1056	601.069	-60.485
1057	601.146	-61.227
1058	601.663	-59.921
1059	601.694	-61.207
1060	601.863	-59.856
1061	602.571	-60.735
1062	602.628	-59.766
1063	602.898	-60.481
1064	608.729	-62.544
1065	609.001	-61.160
1066	611.235	-60.594
1067	613.447	-60.230
1068	614.648	-61.931
1069	614.670	-62.485
1070	614.678	-59.944
1071	614.802	-61.017
1072	615.009	-60.765
1073	615.011	-60.373
1074	615.102	-59.643
1075	615.236	-60.007
1076	615.254	-60.430
1077	615.313	-59.848
1078	615.702	-60.953
1079	615.779	-61.037
1080	616.168	-60.996
1081	616.460	-60.451
1082	617.003	-60.046
1083	617.117	-60.537
1084	617.245	-60.314
1085	617.292	-60.706
1086	618.744	-60.081
1087	618.780	-60.751
1088	619.290	-61.199
1089	619.507	-60.271
1090	619.581	-60.567
1091	619.857	-60.571
1092	619.906	-61.798
1093	620.385	-61.740
1094	620.833	-59.754
1095	620.908	-60.782
1096	620.925	-60.142
1097	621.023	-60.849
1098	621.273	-60.330
1099	625.079	-61.001
1100	625.355	-61.371
1101	625.405	-61.426
1102	625.410	-60.420
1103	625.446	-60.855
1104	625.471	-61.460
1105	627.861	-59.978
1106	630.854	-60.115
1107	630.899	-60.406
1108	631.070	-60.669
1109	631.636	-60.882
1110	631.660	-61.058
1111	631.764	-60.620
1112	631.887	-60.479
1113	631.971	-60.277
1114	633.577	-61.160
1115	639.154	-61.082
1116	645.611	-60.708
1117	646.563	-62.622
1118	646.578	-61.170
1119	646.876	-61.045
1120	646.969	-60.549
1121	647.012	-60.896
1122	647.209	-61.620
1123	648.315	-60.434
1124	648.334	-60.377
1125	649.452	-60.802
1126	651.821	-54.952
1127	651.904	-60.937
1128	651.989	-60.829
1129	652.050	-61.041
1130	652.060	-60.414
1131	652.100	-61.121
1132	652.129	-61.056
1133	652.148	-60.357
1134	652.166	-61.001
1135	652.292	-60.933
1136	652.303	-60.768
1137	652.329	-60.849
1138	652.345	-60.064
1139	652.363	-58.764
1140	652.671	-60.230
1141	652.830	-60.387
1142	652.928	-60.907
1143	653.031	-60.833
1144	654.284	-60.348
1145	654.345	-60.986
1146	654.398	-61.712
1147	655.675	-61.232
1148	657.733	-61.542
1149	657.748	-61.552
1150	657.978	-60.667
1151	658.900	-60.526
1152	659.319	-60.886
1153	659.621	-61.180
1154	663.559	-59.794
1155	667.515	-59.833
1156	667.871	-59.568
1157	669.243	-61.144
1158	669.308	-65.363
1159	670.026	-60.508
1160	670.881	-60.438
1161	685.032	-28.731
1162	685.097	-60.565
1163	685.132	-61.054
1164	685.150	-60.898
1165	685.168	-59.717
1166	685.203	-59.553
1167	685.278	-60.577
1168	685.544	-60.081
1169	685.790	-59.911
1170	687.213	-60.306
1171	687.227	-60.706
1172	689.496	-61.070
1173	689.574	-60.929
1174	689.598	-60.794
1175	689.714	-60.541
1176	689.755	-60.320
1177	689.823	-61.048
1178	699.179	-60.357
1179	702.189	-60.156
1180	702.295	-60.351
1181	702.331	-60.612
1182	702.365	-59.978
1183	702.721	-60.855
1184	702.927	-60.639
1185	703.264	-61.510
1186	703.784	-61.199
1187	703.960	-61.060
1188	705.739	-61.777
1189	706.375	-61.041
1190	706.512	-61.039
1191	706.597	-60.992
1192	707.400	-60.692
1193	707.476	-60.500
1194	707.754	-60.974
1195	707.853	-61.234
1196	708.305	-60.191
1197	709.104	-59.868
1198	709.148	-59.983
1199	709.397	-61.070
1200	709.832	-60.737
1201	709.919	-60.872
1202	710.068	-60.690
1203	710.097	-59.621
1204	710.272	-61.037
1205	710.299	-60.383
1206	712.217	-60.469
1207	716.468	-61.191
1208	718.468	-61.176
1209	719.125	-62.113
1210	719.447	-61.630
1211	720.088	-58.787
1212	720.880	-61.381
1213	721.046	-61.371
1214	721.629	-60.528
1215	721.758	-60.896
1216	721.790	-60.557
1217	721.794	-60.855
1218	721.819	-60.379
1219	721.885	-60.567
1220	722.121	-60.935
1221	722.233	-60.175
1222	722.268	-61.131
1223	722.299	-60.647
1224	723.129	-61.373
1225	725.110	-78.580
1226	725.163	-60.199
1227	725.217	-60.723
1228	725.311	-60.489
1229	725.358	-61.571
1230	725.654	-61.471
1231	725.863	-60.874
1232	726.683	-61.060
1233	726.994	-61.597
1234	727.012	-60.749
1235	727.048	-61.287
1236	727.122	-60.160
1237	727.208	-60.197
1238	727.321	-60.839
1239	727.435	-59.893
1240	727.455	-61.591
1241	727.574	-60.379
1242	729.523	-60.659
1243	729.642	-61.473
1244	729.829	-60.344
1245	729.923	-61.346
1246	730.336	-61.101
1247	731.102	-60.606
1248	731.809	-60.557
1249	731.847	-62.509
1250	732.069	-60.841
1251	732.192	-61.001
1252	732.570	-61.043
1253	732.590	-60.628
1254	732.775	-60.197
1255	733.071	-61.035
1256	733.149	-59.929
1257	733.773	-60.365
1258	734.130	-61.238
1259	734.339	-59.660
1260	734.367	-61.409
1261	734.426	-61.800
1262	738.401	-60.551
1263	741.609	-60.825
1264	741.929	-60.618
1265	741.961	-60.367
1266	742.311	-60.892
1267	742.435	-61.724
1268	742.439	-60.913
1269	743.388	-57.217
1270	744.293	-60.083
1271	744.446	-61.718
1272	745.422	-61.481
1273	745.617	-60.175
1274	745.683	-61.068
1275	745.944	-60.081
1276	745.972	-56.869
1277	755.001	-63.286
1278	755.257	-57.501
1279	756.464	-60.825
1280	756.850	-60.819
1281	757.570	-60.257
1282	757.737	-60.316
1283	758.149	-61.779
1284	758.273	-59.157
1285	758.716	-60.663
1286	758.886	-60.974
1287	760.518	-61.031
1288	760.532	-60.686
1289	760.560	-60.776
1290	761.061	-61.493
1291	761.708	-60.610
1292	762.863	-60.847
1293	763.914	-60.827
1294	765.234	-60.643
1295	769.325	-61.567
1296	770.292	-60.635
1297	771.294	-59.981
1298	771.814	-61.052
1299	772.761	-60.755
1300	775.795	-9.821
1301	776.166	-58.666
1302	776.328	-60.575
1303	776.661	-60.743
1304	776.793	-60.998
1305	777.622	-61.659
1306	777.896	-61.125
1307	778.070	-61.013
1308	780.466	-60.312
1309	780.654	-59.854
1310	780.660	-60.167
1311	780.958	-61.477
1312	781.084	-60.537
1313	781.122	-61.164
1314	781.146	-59.811
1315	781.258	-60.048
1316	781.282	-60.465
1317	781.419	-61.415
1318	781.901	-60.641
1319	782.334	-61.426
1320	782.462	-60.761
1321	782.495	-62.016
1322	782.519	-60.749
1323	782.523	-59.886
1324	782.568	-60.688
1325	782.588	-65.657
1326	787.057	-62.446
1327	788.023	-60.532
1328	788.038	-60.731
1329	788.145	-60.825
1330	788.151	-60.970
1331	788.240	-60.297
1332	788.465	-60.743
1333	788.818	-60.919
1334	789.445	-60.657
1335	791.928	-61.066
1336	793.244	-61.129
1337	795.116	-61.462
1338	795.167	-59.353
1339	795.548	-60.432
1340	799.292	-60.567
1341	803.201	-63.018
1342	803.258	-60.140
1343	803.534	-61.575
1344	803.708	-61.260
1345	804.026	-61.099
1346	804.562	-60.767
1347	806.220	-86.308
1348	806.777	-60.048
1349	816.471	-60.526
1350	819.328	-59.831
1351	821.489	-60.297
1352	821.667	-59.745
1353	822.037	-60.802
1354	822.499	-60.222
1355	823.070	-61.295
1356	826.772	-60.393
1357	826.922	-59.919
1358	831.704	-61.103
1359	832.001	-60.541
1360	832.010	-60.618
1361	832.107	-46.009
1362	832.133	-60.635
1363	834.940	-59.703
1364	834.958	-60.774
1365	834.973	-60.357
1366	834.983	-59.623
1367	834.990	-61.330
1368	835.005	-94.540
1369	835.054	-60.081
1370	835.123	-60.994
1371	835.863	-60.506
1372	835.951	-60.267
1373	836.066	-60.804
1374	836.228	-60.252
1375	839.913	-60.917
1376	840.278	-61.313
1377	840.342	-60.649
1378	840.475	-60.496
1379	840.505	-60.659
1380	840.532	-60.408
1381	840.536	-61.835
1382	840.677	-60.099
1383	841.494	-60.518
1384	841.555	-60.567
1385	841.568	-61.072
1386	841.647	-60.222
1387	841.879	-60.904
1388	841.971	-72.744
1389	842.165	-60.864
1390	842.387	-60.410
1391	845.696	-60.303
1392	846.435	-60.610
1393	846.441	-60.688
1394	846.633	-70.994
1395	846.734	-62.047
1396	847.008	-60.171
1397	847.147	-61.626
1398	847.213	-60.081
1399	847.263	-77.472
1400	847.266	-60.048
1401	848.451	-62.108
1402	855.776	-60.541
1403	855.807	-60.535
1404	856.531	-60.596
1405	856.716	-60.442
1406	856.952	-61.121
1407	857.419	-60.954
1408	860.531	-60.604
1409	860.629	-79.407
1410	861.100	-61.262
1411	861.295	-60.733
1412	862.281	-60.471
1413	870.537	-60.064
1414	871.279	-60.561
1415	871.602	-61.156
1416	872.324	-60.371
1417	872.635	-59.792
1418	872.804	-60.158
1419	872.888	-60.755
1420	873.508	-61.405
1421	874.275	-61.630
1422	874.404	-60.925
1423	874.740	-59.435
1424	874.898	-60.534
1425	874.950	-59.598
1426	875.028	-60.669
1427	875.069	-60.675
1428	875.206	-60.817
1429	875.246	-60.708
1430	875.306	-60.849
1431	875.484	-60.115
1432	875.498	-60.978
1433	875.501	-59.825
1434	875.514	-60.682
1435	875.544	-60.925
1436	875.611	-59.425
1437	875.732	-60.980
1438	875.774	-61.131
1439	876.429	-60.831
1440	876.600	-61.043
1441	878.440	-61.287
1442	879.290	-30.025
1443	879.821	-62.176
1444	880.110	-60.847
1445	880.244	-60.731
1446	880.257	-60.559
1447	888.048	-61.293
1448	890.115	-60.796
1449	890.222	-60.459
1450	890.413	-61.270
1451	890.417	-60.081
1452	890.491	-60.487
1453	890.762	-61.068
1454	890.833	-60.520
1455	890.862	-59.514
1456	890.898	-60.522
1457	890.967	-60.931
1458	891.264	-60.886
1459	891.269	-60.888
1460	892.432	-60.218
1461	892.504	-61.630
1462	896.432	-60.459
1463	896.662	-60.831
1464	899.434	-60.504
1465	900.580	-60.859
1466	902.309	-60.714
1467	904.390	-60.142
1468	904.835	-61.123
1469	904.924	-60.614
1470	907.434	-26.505
1471	907.548	-61.599
1472	907.705	-60.913
1473	908.019	-60.195
1474	909.477	-62.059
1475	909.533	-59.496
1476	910.151	-61.021
1477	910.327	-60.167
1478	910.524	-61.170
1479	910.655	-59.725
1480	910.930	-59.852
1481	910.989	-60.524
1482	911.334	-60.295
1483	911.377	-60.291
1484	911.587	-60.866
1485	911.750	-60.017
1486	911.856	-60.396
1487	911.922	-18.897
1488	912.250	-7.006
1489	912.351	-60.606
1490	914.060	-60.909
1491	914.359	-59.604
1492	915.247	-59.956
1493	915.534	-59.576
1494	915.940	-61.066
1495	916.311	-60.164
1496	916.332	-60.148
1497	918.916	-60.951
1498	919.121	-60.596
1499	919.500	-59.950
1500	921.536	-59.835
1501	925.553	-59.901
1502	926.903	-59.809
1503	927.089	-60.246
1504	928.348	-61.465
1505	929.168	-60.187
1506	932.265	-60.788
1507	939.254	-60.189
1508	939.453	-60.575
1509	939.855	-60.530
1510	939.974	-59.147
1511	940.010	-59.921
1512	940.377	-60.132
1513	940.394	-59.580
1514	940.669	-60.432
1515	940.676	-59.608
1516	940.681	-60.776
1517	941.228	-59.895
1518	941.265	-59.482
1519	941.325	-60.164
1520	941.435	-60.596
1521	941.549	-59.946
1522	947.297	-60.608
1523	948.528	-60.653
1524	949.115	-61.025
1525	949.148	-60.379
1526	949.355	-60.937
1527	949.923	-60.189
1528	950.530	-61.219
1529	950.623	-59.893
1530	951.305	-60.449
1531	951.491	-60.297
1532	951.552	-61.559
1533	954.245	-61.080
1534	954.488	-60.373
1535	954.574	-59.672
1536	955.265	-59.954
1537	957.033	-59.745
1538	957.448	-60.453
1539	957.450	-59.854
1540	957.504	-60.776
1541	957.625	-60.017
1542	958.110	-60.169
1543	958.134	-74.733
1544	958.175	-59.952
1545	958.280	-59.308
1546	958.312	-59.690
1547	958.334	-61.693
1548	958.345	-59.625
1549	958.381	-59.833
1550	958.441	-59.602
1551	958.464	-59.833
1552	958.614	-59.604
1553	958.646	-59.878
1554	958.702	-59.067
1555	958.815	-60.704
1556	958.821	-60.377
1557	958.828	-59.754
1558	958.866	-59.439
1559	958.877	-59.895
1560	959.151	-59.844
1561	959.170	-59.680
1562	959.961	-59.799
1563	963.266	-60.242
1564	963.712	-59.660
1565	963.838	-59.472
1566	964.032	-58.916
1567	964.047	-60.469
1568	964.068	-60.436
1569	964.931	-60.355
1570	965.065	-59.005
1571	965.317	-59.754
1572	965.355	-60.808
1573	965.752	-61.415
1574	968.639	-60.381
1575	969.010	-85.399
1576	970.153	-59.142
1577	970.581	-59.882
1578	970.849	-59.355
1579	970.906	-61.070
1580	970.977	-60.571
1581	971.152	-60.596
1582	971.270	-60.124
1583	971.274	-59.701
1584	971.853	-59.979
1585	971.859	-59.931
1586	972.375	-60.684
1587	972.380	-59.486
1588	972.823	-59.496
1589	978.635	-59.745
1590	979.390	-60.365
1591	979.508	-59.995
1592	979.645	-60.442
1593	980.903	-61.142
1594	981.173	-62.309
1595	981.698	-26.676
1596	981.989	-3.505
1597	982.927	-60.113
1598	983.095	-61.323
1599	983.132	-60.383
1600	983.450	-86.020
1601	983.515	-60.138
1602	983.918	-60.032
1603	984.062	-61.276
1604	987.295	-59.778
1605	987.915	-60.101
1606	988.898	-59.925
1607	988.993	-59.077
1608	989.039	-60.819
1609	989.678	-60.688
1610	990.593	-60.859
1611	993.819	-59.138
1612	994.041	-60.293
1613	994.087	-61.017
1614	994.135	-59.987
1615	994.393	-61.105
1616	995.172	-61.240
1617	998.128	-60.966
1618	998.259	-60.494
1619	998.266	-60.424
1620	998.272	-60.195
1621	999.323	-60.042
1622	1002.439	-60.242
1623	1008.507	-59.979
1624	1008.710	-60.549
1625	1008.731	-59.825
1626	1008.791	-60.520
1627	1009.017	-60.175
1628	1009.077	-60.130
1629	1009.164	-60.645
1630	1009.212	-60.046
1631	1009.248	-60.181
1632	1009.276	-60.810
1633	1009.373	-60.657
1634	1009.916	-76.288
1635	1012.770	-60.398
1636	1020.619	-37.888
1637	1021.310	-60.205
1638	1021.883	-60.118
1639	1024.033	-60.060
1640	1024.277	-60.518
1641	1024.779	-60.222
1642	1025.452	-52.998
1643	1025.512	-59.958
1644	1025.603	-60.228
1645	1025.662	-61.606
1646	1025.922	-61.324
1647	1026.009	-59.555
1648	1026.439	-59.026
1649	1026.563	-59.754
1650	1027.253	-59.719
1651	1027.948	-60.665
1652	1032.456	-60.739
1653	1033.368	-75.894
1654	1038.192	-60.898
1655	1042.170	-60.972
1656	1042.341	-59.925
1657	1042.688	-60.232
1658	1042.702	-60.821
1659	1042.732	-60.573
1660	1042.773	-91.797
1661	1042.799	-60.120
1662	1042.944	-61.976
1663	1043.628	-59.562
1664	1043.631	-60.704
1665	1044.327	-59.028
1666	1044.359	-60.287
1667	1044.605	-61.880
1668	1044.986	-61.180
1669	1045.697	-60.733
1670	1051.619	-60.876
1671	1054.265	-60.731
1672	1055.627	-60.602
1673	1055.821	-60.534
1674	1058.141	-59.899
1675	1059.088	-60.878
1676	1059.711	-60.720
1677	1060.145	-60.011
1678	1060.842	-60.966
1679	1061.761	-60.876
1680	1062.062	-60.592
1681	1062.069	-60.101
1682	1062.507	-61.119
1683	1062.628	-60.999
1684	1069.359	-61.356
1685	1069.873	-60.034
1686	1070.320	-60.990
1687	1070.466	-60.680
1688	1070.505	-60.396
1689	1070.560	-51.449
1690	1077.248	-60.933
1691	1077.258	-60.710
1692	1077.825	-61.166
1693	1078.097	-60.062
1694	1081.998	-60.105
1695	1082.005	-60.747
1696	1083.174	-60.426
1697	1083.257	-61.158
1698	1084.310	-60.559
1699	1084.379	-61.462
1700	1085.196	-54.641
1701	1085.472	-60.453
1702	1086.373	-59.931
1703	1086.477	-61.025
1704	1087.022	-60.537
1705	1087.340	-60.508
1706	1090.686	-59.854
1707	1090.734	-60.164
1708	1091.058	-55.712
1709	1091.634	-59.999
1710	1091.654	-60.034
1711	1091.833	-59.936
1712	1091.933	-60.440
1713	1092.161	-60.445
1714	1092.189	-60.422
1715	1092.323	-60.267
1716	1092.476	-60.252
1717	1092.480	-61.060
1718	1092.526	-59.981
1719	1092.584	-30.814
1720	1093.008	-60.481
1721	1093.171	-60.209
1722	1093.477	-60.510
1723	1093.639	-60.862
1724	1093.850	-60.165
1725	1093.854	-60.780
1726	1093.859	-61.195
1727	1094.029	-60.003
1728	1094.264	-60.242
1729	1096.963	-60.320
1730	1097.123	-59.032
1731	1097.173	-61.949
1732	1097.482	-61.632
1733	1101.600	-61.669
1734	1101.682	-59.837
1735	1102.427	-59.846
1736	1102.444	-60.013
1737	1108.985	-60.594
1738	1109.937	-59.884
1739	1110.802	-60.301
1740	1111.074	-59.504
1741	1111.174	-60.150
1742	1111.723	-60.988
1743	1112.174	-59.858
1744	1112.350	-59.837
1745	1112.583	-60.567
1746	1112.746	-60.101
1747	1112.844	-61.093
1748	1123.948	-61.293
1749	1124.141	-60.598
1750	1124.196	-60.559
1751	1124.318	-61.197
1752	1124.329	-92.189
1753	1124.709	-60.780
1754	1124.942	-60.324
1755	1124.954	-60.686
1756	1125.020	-60.242
1757	1125.028	-60.009
1758	1125.721	-61.254
1759	1128.217	-60.077
1760	1128.699	-61.716
1761	1128.799	-61.591
1762	1129.410	-60.684
1763	1129.515	-60.588
1764	1129.648	-60.062
1765	1129.780	-60.720
1766	1130.317	-60.604
1767	1135.161	-60.622
1768	1137.476	-65.224
1769	1137.844	-60.629
1770	1138.039	-61.601
1771	1138.161	-60.968
1772	1138.166	-60.130
1773	1138.659	-60.837
1774	1138.942	-60.383
1775	1140.394	-60.148
1776	1140.427	-60.765
1777	1140.434	-62.008
1778	1142.104	-59.750
1779	1142.133	-59.429
1780	1142.139	-60.657
1781	1142.241	-59.529
1782	1142.309	-60.205
1783	1142.462	-60.214
1784	1146.006	-61.344
1785	1146.244	-61.434
1786	1146.608	-60.882
1787	1146.661	-60.864
1788	1146.792	-60.837
1789	1146.854	-61.444
1790	1146.867	-61.285
1791	1146.905	-60.906
1792	1146.912	-60.414
1793	1146.936	-60.013
1794	1146.962	-61.362
1795	1146.978	-60.870
1796	1147.015	-60.103
1797	1147.088	-60.714
1798	1147.306	-61.236
1799	1154.024	-60.334
1800	1156.770	-60.720
1801	1158.142	-60.228
1802	1158.245	-60.860
1803	1158.334	-61.557
1804	1158.359	-61.444
1805	1158.514	-61.604
1806	1158.542	-61.407
1807	1158.580	-62.029
1808	1158.814	-61.397
1809	1159.002	-60.314
1810	1159.724	-60.164
1811	1160.301	-61.955
1812	1160.920	-60.810
1813	1161.446	-60.941
1814	1161.995	-59.333
1815	1165.651	-60.581
1816	1165.929	-60.156
1817	1165.955	-59.727
1818	1167.307	-60.951
1819	1167.336	-61.328
1820	1167.390	-61.131
1821	1167.897	-60.381
1822	1168.020	-60.763
1823	1168.089	-60.968
1824	1168.177	-89.150
1825	1168.255	-60.770
1826	1168.410	-61.260
1827	1168.420	-59.929
1828	1168.722	-61.146
1829	1169.106	-60.062
1830	1169.182	-60.915
1831	1169.784	-62.176
1832	1169.940	-60.326
1833	1169.965	-59.985
1834	1170.140	-59.578
1835	1170.473	-59.964
1836	1170.656	-60.872
1837	1170.663	-61.084
1838	1170.921	-60.845
1839	1171.000	-59.913
1840	1171.014	-60.984
1841	1171.683	-60.075
1842	1171.841	-60.524
1843	1172.540	-61.992
1844	1172.625	-60.070
1845	1173.070	-61.289
1846	1173.141	-60.671
1847	1173.148	-59.907
1848	1173.324	-60.706
1849	1173.563	-60.171
1850	1173.598	-60.467
1851	1173.743	-60.745
1852	1174.466	-60.001
1853	1174.591	-61.291
1854	1175.099	-60.821
1855	1176.517	-60.988
1856	1177.427	-61.264
1857	1178.490	-60.741
1858	1179.320	-60.792
1859	1179.471	-59.604
1860	1179.586	-60.906
1861	1179.615	-59.917
1862	1179.845	-60.079
1863	1179.971	-59.572
1864	1180.447	-60.573
1865	1180.671	-70.289
1866	1180.742	-60.058
1867	1180.748	-60.712
1868	1180.761	-60.185
1869	1180.904	-64.410
1870	1181.068	-60.823
1871	1181.726	-61.403
1872	1181.786	-61.231
1873	1181.933	-59.999
1874	1182.002	-60.279
1875	1182.104	-60.318
1876	1183.112	-61.258
1877	1183.284	-74.097
1878	1183.474	-60.573
1879	1185.293	-61.532
1880	1185.369	-60.447
1881	1185.494	-60.628
1882	1185.678	-60.428
1883	1186.059	-61.225
1884	1186.086	-60.923
1885	1189.950	-61.140
1886	1189.999	-60.976
1887	1190.015	-60.465
1888	1190.066	-61.197
1889	1190.191	-60.675
1890	1190.205	-60.136
1891	1190.211	-60.502
1892	1193.852	-60.338
1893	1193.879	-60.483
1894	1194.684	-60.919
1895	1195.170	-60.179
1896	1195.288	-60.765
1897	1195.423	-61.158
1898	1195.571	-60.702
1899	1195.624	-60.528
1900	1195.791	-60.353
1901	1195.886	-61.330
1902	1196.587	-61.418
1903	1196.629	-60.919
1904	1196.793	-60.526
1905	1198.999	-8.088
1906	1200.802	-54.171
1907	1200.959	-61.003
1908	1201.028	-63.312
1909	1201.089	-60.708
1910	1201.130	-60.005
1911	1201.421	-60.747
1912	1201.423	-60.085
1913	1201.616	-61.148
1914	1201.657	-62.630
1915	1201.755	-61.137
1916	1201.806	-60.473
1917	1202.539	-60.800
1918	1204.053	-61.479
1919	1204.920	-60.449
1920	1204.938	-61.127
1921	1206.511	-95.118
1922	1206.529	-61.395
1923	1208.136	-60.819
1924	1208.322	-61.111
1925	1208.363	-60.030
1926	1209.620	-60.682
1927	1209.912	-60.226
1928	1209.933	-60.387
1929	1209.963	-59.819
1930	1210.084	-60.864
1931	1210.101	-60.457
1932	1210.114	-61.092
1933	1210.158	-60.097
1934	1210.172	-62.994
1935	1210.289	-60.596
1936	1210.669	-60.919
1937	1211.055	-61.052
1938	1211.161	-61.276
1939	1211.348	-61.460
1940	1211.406	-60.455
1941	1211.719	-58.834
1942	1212.334	-60.792
1943	1212.352	-60.173
1944	1213.808	-60.579
1945	1213.843	-60.745
1946	1213.859	-61.350
1947	1214.555	-60.759
1948	1214.608	-60.440
1949	1215.776	-60.285
1950	1217.608	-61.111
1951	1219.301	-60.541
1952	1219.488	-61.076
1953	1219.537	-59.942
1954	1219.695	-59.940
1955	1220.096	-60.612
1956	1221.619	-60.972
1957	1222.443	-60.626
1958	1223.428	-100.361
1959	1223.833	-47.281
1960	1224.447	-60.864
1961	1224.763	-60.804
1962	1224.840	-63.386
1963	1224.938	-62.002
1964	1225.220	-60.316
1965	1225.300	-60.671
1966	1225.377	-60.395
1967	1225.386	-59.670
1968	1225.406	-61.311
1969	1225.409	-60.506
1970	1225.977	-82.727
1971	1226.125	-59.696
1972	1226.438	-60.128
1973	1226.462	-61.873
1974	1226.619	-60.545
1975	1226.625	-60.553
1976	1226.643	-60.990
1977	1226.679	-59.553
1978	1226.843	-60.289
1979	1226.894	-61.317
1980	1226.901	-60.287
1981	1228.577	-61.229
1982	1228.670	-60.675
1983	1228.971	-61.884
1984	1229.494	-53.625
1985	1229.941	-60.328
1986	1230.112	-60.330
1987	1230.117	-60.005
1988	1230.801	-59.901
1989	1231.064	-60.428
1990	1236.801	-60.704
1991	1236.811	-61.029
1992	1236.893	-59.801
1993	1236.900	-60.481
1994	1236.965	-59.709
1995	1237.086	-59.208
1996	1237.621	-59.762
1997	1238.229	-59.778
1998	1238.505	-60.038
1999	1238.521	-61.191
2000	1239.144	-60.250
