DXEX v3
C:\Documents and Settings\LDA\My Documents\TM_SANTOS\Equipo_5\Trailer.lda
3:17:27 PM
0.00 mm;0.00 mm;0.00 mm
Region1
"Row#"	"AT [ms]"	"LDA1 [m/s]"	
1	0.073	-8.026
2	0.210	-61.166
3	0.287	-61.152
4	0.383	-60.943
5	0.392	-60.976
6	2.683	-63.699
7	6.813	-61.336
8	6.990	-88.489
9	9.031	-61.949
10	9.749	-60.704
11	9.958	-60.475
12	10.074	-62.178
13	10.198	-61.393
14	10.643	-60.451
15	11.259	-61.258
16	11.711	-60.639
17	12.329	-60.011
18	12.769	-60.933
19	12.831	-55.056
20	13.142	-60.949
21	13.207	-61.536
22	13.450	-60.941
23	13.650	-60.179
24	14.835	-75.646
25	15.199	-39.086
26	15.697	-60.649
27	16.516	-60.911
28	16.680	-88.273
29	20.884	-60.792
30	21.046	-62.619
31	21.194	-60.956
32	22.217	-15.191
33	22.824	-61.534
34	22.901	-60.994
35	23.002	-60.629
36	23.048	-61.092
37	23.068	-61.863
38	23.084	-23.917
39	23.947	-61.577
40	24.718	-61.328
41	24.876	-60.853
42	25.030	-60.126
43	25.747	-61.867
44	25.848	-62.460
45	26.614	-60.761
46	26.622	-61.127
47	26.685	-60.996
48	26.863	-61.029
49	26.908	-60.612
50	27.081	-60.085
51	29.240	-61.424
52	29.416	-61.021
53	29.715	-61.123
54	29.817	-60.036
55	29.872	-60.911
56	29.919	-60.698
57	29.937	-61.240
58	30.686	-60.953
59	31.038	-60.673
60	31.136	-61.722
61	31.191	-61.189
62	31.988	-61.610
63	32.265	-61.900
64	32.300	-60.810
65	32.380	-61.254
66	32.395	-59.964
67	32.490	-60.782
68	33.631	-60.974
69	35.347	-59.844
70	36.198	-60.579
71	36.253	-61.375
72	36.309	-60.886
73	36.834	-62.284
74	38.062	-60.678
75	38.123	-90.347
76	40.082	-89.033
77	42.572	-61.882
78	43.656	-61.244
79	43.751	-60.947
80	43.820	-61.056
81	44.005	-61.401
82	47.244	-61.162
83	47.795	-60.545
84	48.367	-60.882
85	52.343	-61.092
86	52.621	-61.405
87	52.805	-60.841
88	53.211	-61.540
89	53.321	-62.309
90	53.475	-60.641
91	53.540	-60.745
92	53.950	-60.289
93	54.152	-61.356
94	54.177	-61.027
95	54.436	-61.522
96	54.534	-61.385
97	54.690	-60.479
98	55.220	-60.381
99	55.427	-61.880
100	55.945	-62.008
101	56.057	-60.729
102	56.782	-61.747
103	56.873	-60.958
104	57.193	-60.927
105	57.223	-60.477
106	60.870	-61.338
107	61.087	-60.735
108	61.701	-61.370
109	61.853	-61.140
110	61.881	-60.960
111	62.378	-61.135
112	64.206	-61.011
113	64.273	-61.215
114	64.293	-61.524
115	65.138	-60.815
116	65.819	-61.779
117	67.046	-60.784
118	67.299	-60.986
119	67.435	-60.960
120	68.293	-61.078
121	68.437	-59.022
122	68.553	-60.183
123	68.652	-61.234
124	68.899	-60.898
125	69.868	-61.205
126	73.495	-60.720
127	74.034	-62.967
128	74.108	-61.542
129	74.291	-60.968
130	74.442	-60.518
131	75.258	-61.313
132	76.706	-61.287
133	77.840	-61.043
134	77.923	-60.150
135	79.177	-61.097
136	79.249	-74.651
137	79.252	-61.248
138	79.527	-60.451
139	79.611	-60.866
140	79.655	-60.853
141	80.076	-60.510
142	80.480	-60.894
143	81.337	-41.461
144	81.780	-60.684
145	82.864	-60.418
146	82.978	-61.272
147	83.237	-79.459
148	83.478	-60.122
149	83.930	-60.087
150	84.012	-59.173
151	84.086	-61.090
152	84.146	-60.526
153	84.601	-60.645
154	84.879	-61.716
155	85.417	-62.462
156	85.551	-61.371
157	85.605	-61.301
158	85.688	-61.309
159	85.908	-61.113
160	85.957	-61.144
161	86.203	-60.849
162	88.212	-60.526
163	88.309	-61.137
164	88.890	-59.613
165	88.972	-61.276
166	89.087	-61.865
167	89.281	-60.567
168	90.063	-60.896
169	90.164	-60.949
170	90.183	-62.004
171	90.301	-61.003
172	92.395	-61.358
173	92.488	-59.510
174	92.506	-60.933
175	92.552	-61.099
176	93.285	-63.182
177	93.552	-60.829
178	93.650	-60.030
179	93.768	-59.846
180	93.882	-60.005
181	94.806	-61.642
182	95.551	-58.909
183	95.953	-60.966
184	96.339	-89.985
185	96.817	-61.058
186	97.093	-61.397
187	97.305	-60.083
188	97.376	-61.045
189	97.380	-59.608
190	97.526	-58.922
191	97.657	-60.757
192	98.220	-60.998
193	101.466	-60.277
194	102.810	-61.236
195	103.057	-60.590
196	104.132	-61.485
197	104.652	-60.534
198	105.839	-60.898
199	106.191	-61.352
200	106.478	-61.777
201	107.112	-60.794
202	107.347	-61.646
203	107.492	-61.636
204	107.591	-62.652
205	107.595	-60.019
206	107.680	-60.939
207	107.947	-60.704
208	108.319	-60.620
209	108.444	-60.727
210	108.502	-59.375
211	108.513	-59.893
212	108.780	-61.563
213	109.829	-98.661
214	110.242	-74.371
215	110.815	-60.872
216	110.893	-70.912
217	111.104	-60.214
218	111.241	-60.907
219	111.391	-62.595
220	111.404	-46.404
221	111.651	-61.575
222	111.666	-62.405
223	111.775	-61.052
224	111.885	-60.980
225	111.919	-61.601
226	112.150	-61.045
227	112.291	-60.669
228	112.418	-61.358
229	113.576	-60.982
230	114.332	-61.305
231	114.848	-61.005
232	115.057	-60.686
233	115.173	-60.113
234	116.387	-61.765
235	117.967	-62.548
236	118.610	-60.890
237	118.722	-60.244
238	118.878	-61.371
239	119.186	-60.949
240	119.410	-59.862
241	119.688	-61.375
242	120.994	-62.098
243	121.003	-61.223
244	121.366	-61.279
245	121.896	-60.909
246	121.918	-60.911
247	122.123	-61.370
248	122.485	-61.293
249	123.104	-60.974
250	123.158	-60.951
251	123.841	-60.649
252	125.244	-60.941
253	125.263	-60.759
254	125.329	-60.782
255	125.703	-60.181
256	125.864	-60.438
257	126.209	-60.906
258	126.287	-60.954
259	126.363	-60.675
260	126.413	-61.011
261	126.455	-60.093
262	126.470	-60.629
263	126.511	-60.216
264	126.548	-59.339
265	126.627	-60.739
266	126.697	-61.090
267	126.876	-62.652
268	126.952	-61.184
269	126.995	-61.046
270	127.035	-60.978
271	127.102	-60.328
272	127.691	-38.146
273	128.751	-60.776
274	129.350	-60.330
275	130.103	-60.498
276	130.517	-61.790
277	131.060	-61.125
278	131.313	-60.902
279	131.373	-59.100
280	131.516	-59.514
281	131.655	-60.569
282	132.332	-60.340
283	133.289	-62.178
284	133.347	-60.195
285	133.524	-79.743
286	134.340	-60.487
287	134.702	-60.256
288	135.149	-60.745
289	135.725	-59.312
290	136.268	-62.066
291	136.350	-60.481
292	137.022	-60.780
293	137.106	-60.471
294	137.162	-60.404
295	137.502	-61.227
296	138.394	-60.563
297	138.541	-60.866
298	139.068	-59.664
299	139.436	-60.066
300	139.453	-60.825
301	139.464	-61.015
302	140.588	-60.982
303	141.124	-61.546
304	141.164	-60.618
305	141.309	-60.624
306	141.449	-59.931
307	141.610	-60.814
308	141.714	-60.530
309	141.949	-10.146
310	142.757	-61.579
311	142.953	-60.888
312	143.047	-60.277
313	143.885	-60.093
314	143.925	-60.506
315	143.959	-60.663
316	144.644	-61.123
317	144.874	-61.078
318	145.006	-60.120
319	145.064	-60.291
320	145.160	-60.422
321	145.186	-61.518
322	145.595	-58.879
323	145.914	-60.179
324	146.021	-60.385
325	147.372	-59.964
326	147.404	-61.184
327	147.790	-61.785
328	147.819	-61.058
329	148.258	-60.616
330	148.262	-60.939
331	148.309	-60.737
332	148.341	-60.855
333	148.489	-60.434
334	148.649	-60.723
335	148.764	-60.577
336	148.856	-60.539
337	148.884	-60.367
338	149.807	-62.149
339	149.960	-61.501
340	150.156	-60.649
341	153.790	-61.144
342	154.048	-60.610
343	154.647	-60.796
344	155.747	-60.933
345	155.938	-60.367
346	156.010	-59.974
347	156.121	-60.551
348	156.310	-61.738
349	158.648	-60.612
350	159.836	-60.947
351	161.320	-60.772
352	161.827	-61.828
353	161.887	-61.330
354	162.593	-60.774
355	162.683	-60.913
356	163.666	-60.860
357	165.390	-61.162
358	165.648	-60.365
359	166.491	-61.340
360	167.215	-60.628
361	167.230	-59.864
362	169.818	-61.279
363	170.162	-61.231
364	170.226	-61.673
365	170.299	-62.280
366	170.411	-60.463
367	170.419	-60.804
368	170.719	-60.896
369	171.646	-60.731
370	171.712	-59.946
371	174.730	-61.035
372	174.761	-61.722
373	175.016	-61.299
374	175.524	-60.902
375	175.526	-61.385
376	176.299	-60.815
377	177.510	-60.469
378	177.950	-61.211
379	178.026	-62.143
380	178.226	-59.613
381	178.376	-61.052
382	178.539	-61.348
383	178.837	-61.311
384	179.528	-60.173
385	179.561	-49.131
386	179.705	-60.408
387	179.725	-59.492
388	180.068	-60.702
389	180.133	-62.256
390	180.259	-61.201
391	180.655	-61.354
392	180.777	-61.178
393	181.452	-61.246
394	182.158	-61.589
395	183.461	-61.924
396	183.538	-64.800
397	183.685	-61.232
398	183.704	-60.058
399	183.731	-60.485
400	183.832	-61.086
401	184.326	-61.156
402	184.665	-46.508
403	185.614	-62.264
404	185.736	-61.137
405	185.907	-61.462
406	188.649	-62.280
407	190.209	-60.794
408	190.257	-60.790
409	190.290	-60.432
410	191.532	-61.279
411	191.550	-61.009
412	192.016	-60.620
413	192.518	-60.751
414	193.013	-61.281
415	194.313	-60.919
416	194.990	-61.669
417	195.209	-59.658
418	196.616	-61.037
419	197.904	-60.285
420	198.207	-60.175
421	198.489	-60.295
422	198.693	-61.258
423	198.802	-60.598
424	198.886	-61.618
425	198.975	-60.714
426	198.982	-61.283
427	198.992	-60.324
428	200.399	-62.936
429	200.482	-60.007
430	200.610	-61.397
431	200.647	-60.704
432	202.065	-61.031
433	202.081	-61.252
434	202.472	-61.144
435	202.735	-60.291
436	202.902	-29.037
437	203.724	-61.460
438	203.733	-60.700
439	204.050	-61.368
440	204.064	-61.689
441	204.402	-61.033
442	204.426	-60.575
443	204.718	-60.586
444	206.439	-62.554
445	206.949	-60.561
446	208.057	-67.362
447	208.892	-60.935
448	210.112	-60.334
449	211.359	-61.614
450	212.922	-59.981
451	213.070	-61.565
452	213.093	-60.633
453	214.336	-60.874
454	214.357	-60.336
455	214.411	-61.293
456	214.538	-61.150
457	215.404	-61.105
458	215.450	-61.035
459	216.680	-58.699
460	216.708	-61.185
461	216.829	-60.800
462	216.961	-60.665
463	216.986	-60.469
464	217.315	-60.675
465	217.762	-60.921
466	217.785	-59.523
467	217.827	-61.448
468	217.849	-59.954
469	217.886	-60.647
470	217.930	-60.303
471	217.999	-61.344
472	218.031	-60.412
473	218.033	-61.172
474	218.161	-60.896
475	218.377	-61.487
476	218.690	-60.845
477	218.720	-60.702
478	218.728	-61.107
479	218.873	-61.166
480	219.623	-60.381
481	219.708	-60.406
482	220.593	-2.472
483	221.261	-59.938
484	221.857	-60.633
485	222.820	-60.841
486	222.987	-60.814
487	222.996	-60.426
488	224.585	-60.999
489	224.995	-59.962
490	226.431	-60.747
491	227.020	-60.475
492	227.144	-61.140
493	229.080	-61.248
494	229.414	-60.492
495	229.725	-96.827
496	229.870	-60.504
497	230.603	-60.999
498	231.058	-93.675
499	231.158	-60.592
500	231.469	-60.890
501	231.550	-60.655
502	231.742	-60.655
503	231.792	-60.796
504	231.876	-60.146
505	232.254	-60.659
506	234.601	-61.211
507	234.644	-60.330
508	234.786	-60.808
509	235.101	-61.246
510	235.413	-60.604
511	237.643	-60.320
512	240.089	-70.446
513	241.050	-60.923
514	241.217	-60.483
515	241.827	-61.812
516	242.042	-60.798
517	242.279	-60.216
518	242.395	-60.784
519	242.449	-60.410
520	243.264	-60.350
521	243.338	-60.776
522	243.600	-60.692
523	244.886	-61.712
524	245.397	-60.234
525	245.405	-61.148
526	245.628	-60.653
527	245.827	-60.992
528	246.159	-61.234
529	246.520	-60.702
530	246.751	-60.678
531	247.954	-60.680
532	248.216	-60.866
533	249.135	-61.902
534	249.438	-60.592
535	249.794	-63.740
536	251.612	-61.262
537	251.651	-47.129
538	251.907	-18.723
539	253.857	-60.118
540	254.846	-60.673
541	255.083	-60.072
542	255.356	-60.502
543	255.529	-61.505
544	255.587	-62.002
545	255.767	-67.094
546	255.795	-60.434
547	255.874	-60.962
548	256.176	-61.808
549	258.160	-62.010
550	259.582	-61.029
551	259.969	-60.469
552	260.238	-61.201
553	260.332	-61.019
554	261.290	-60.933
555	261.596	-60.506
556	261.720	-61.019
557	263.266	-60.655
558	264.604	-60.678
559	264.740	-61.176
560	264.918	-60.524
561	264.927	-60.330
562	265.109	-60.988
563	265.929	-60.459
564	266.068	-61.467
565	267.558	-60.676
566	267.871	-60.788
567	270.942	-60.240
568	270.957	-60.974
569	271.054	-60.565
570	271.170	-60.467
571	271.286	-61.642
572	271.500	-61.315
573	271.833	-61.074
574	272.947	-61.234
575	272.981	-61.391
576	273.313	-60.827
577	273.991	-61.798
578	274.074	-60.659
579	275.146	-61.039
580	277.293	-60.265
581	277.465	-60.872
582	277.629	-61.583
583	278.515	-61.076
584	278.545	-60.287
585	278.808	-60.849
586	278.956	-60.804
587	281.175	-60.992
588	281.493	-60.737
589	281.498	-60.483
590	282.456	-60.751
591	285.090	-60.549
592	285.620	-60.054
593	285.770	-77.032
594	285.875	-60.839
595	286.066	-61.107
596	286.093	-62.437
597	286.194	-60.929
598	286.346	-61.295
599	286.568	-61.111
600	286.577	-60.667
601	286.585	-60.373
602	286.593	-60.604
603	286.629	-60.894
604	287.584	-60.185
605	287.676	-60.422
606	287.935	-60.894
607	288.472	-60.524
608	288.693	-60.487
609	289.644	-60.733
610	289.672	-60.864
611	290.974	-60.596
612	291.008	-60.994
613	291.494	-60.682
614	291.541	-60.312
615	291.557	-61.078
616	291.621	-60.688
617	292.072	-61.430
618	292.160	-61.499
619	292.413	-60.913
620	293.120	-60.723
621	293.202	-60.739
622	293.527	-61.203
623	293.595	-60.377
624	293.645	-60.884
625	293.999	-61.473
626	294.025	-60.269
627	297.230	-60.608
628	297.266	-60.786
629	297.470	-60.614
630	297.589	-60.447
631	297.653	-60.528
632	297.832	-60.109
633	297.840	-43.041
634	298.068	-52.847
635	298.972	-60.414
636	299.094	-60.539
637	299.115	-61.405
638	299.254	-60.510
639	299.357	-61.250
640	299.630	-60.737
641	299.862	-61.285
642	300.073	-60.665
643	300.549	-62.004
644	300.623	-60.316
645	300.651	-61.328
646	300.747	-61.170
647	301.998	-59.717
648	302.459	-58.360
649	302.465	-60.432
650	302.816	-59.664
651	302.901	-61.164
652	304.347	-60.152
653	304.577	-61.933
654	304.632	-60.142
655	304.824	-61.912
656	304.983	-60.996
657	304.992	-60.346
658	305.121	-61.465
659	305.480	-61.070
660	305.505	-61.142
661	305.656	-61.326
662	305.866	-60.346
663	305.875	-60.833
664	305.912	-60.203
665	309.597	-60.770
666	310.948	-62.151
667	310.983	-60.622
668	310.987	-62.615
669	311.003	-60.631
670	311.204	-60.692
671	311.291	-61.716
672	311.370	-60.876
673	312.295	-60.714
674	312.839	-60.549
675	312.906	-58.991
676	313.099	-61.127
677	313.562	-60.729
678	313.590	-60.328
679	313.663	-61.775
680	314.070	-60.669
681	314.126	-60.389
682	314.142	-60.277
683	314.386	-80.317
684	314.497	-60.009
685	314.577	-60.044
686	315.196	-60.487
687	315.276	-61.792
688	315.322	-61.622
689	315.355	-61.185
690	315.448	-60.614
691	317.505	-60.876
692	317.567	-61.368
693	317.575	-61.011
694	317.606	-61.581
695	317.718	-61.066
696	317.769	-60.827
697	317.904	-61.277
698	317.950	-58.241
699	318.264	-60.588
700	318.586	-60.541
701	318.656	-61.088
702	318.753	-61.215
703	318.777	-60.577
704	318.981	-60.463
705	319.413	-61.283
706	319.794	-60.492
707	320.373	-60.416
708	320.593	-60.467
709	320.780	-61.546
710	321.162	-61.225
711	321.309	-70.736
712	321.659	-69.586
713	321.779	-60.489
714	322.048	-58.102
715	322.886	-60.990
716	327.820	-60.917
717	328.533	-60.929
718	329.115	-61.391
719	329.250	-60.457
720	329.759	-60.201
721	331.017	-60.817
722	333.722	-60.692
723	334.417	-61.246
724	334.427	-60.612
725	334.675	-60.588
726	334.713	-60.545
727	334.841	-60.925
728	334.962	-60.892
729	335.612	-61.401
730	335.676	-61.734
731	335.763	-61.178
732	335.784	-61.217
733	335.899	-17.621
734	336.142	-60.637
735	336.233	-60.894
736	337.537	-60.845
737	338.676	-60.727
738	339.415	-61.865
739	340.483	-60.428
740	341.194	-60.839
741	341.262	-61.980
742	341.267	-60.054
743	341.589	-60.303
744	342.073	-60.440
745	342.577	-78.436
746	345.750	-61.626
747	346.088	-61.088
748	346.254	-60.794
749	346.918	-61.371
750	348.096	-60.588
751	350.241	-60.919
752	350.824	-60.708
753	353.576	-60.596
754	354.061	-61.336
755	355.308	-60.988
756	355.533	-59.925
757	355.892	-61.082
758	356.040	-61.035
759	356.104	-60.344
760	356.391	-61.740
761	356.393	-60.835
762	357.059	-61.090
763	357.130	-61.086
764	359.265	-60.101
765	359.359	-60.954
766	359.438	-60.716
767	359.533	-61.783
768	359.729	-60.821
769	361.464	-60.673
770	361.690	-61.148
771	361.693	-60.735
772	362.075	-61.687
773	362.503	-61.712
774	362.728	-60.847
775	362.993	-60.694
776	363.055	-60.774
777	364.169	-61.111
778	367.352	-61.005
779	368.056	-60.825
780	369.475	-60.246
781	369.487	-61.420
782	369.635	-61.626
783	369.836	-61.090
784	370.055	-62.650
785	370.075	-61.591
786	370.150	-60.714
787	370.401	-60.904
788	370.923	-61.559
789	371.166	-60.864
790	371.814	-37.375
791	372.144	-58.127
792	372.191	-61.732
793	372.288	-61.383
794	372.590	-61.289
795	375.009	-60.389
796	375.177	-61.397
797	375.332	-60.445
798	375.394	-61.702
799	375.785	-61.203
800	375.844	-60.308
801	376.073	-60.939
802	376.962	-61.491
803	377.029	-60.884
804	377.153	-60.120
805	378.803	-60.334
806	379.223	-37.737
807	380.295	-61.371
808	380.536	-61.442
809	381.582	-59.422
810	382.366	-62.456
811	382.732	-61.207
812	382.879	-60.612
813	383.065	-13.239
814	384.290	-61.334
815	384.665	-60.140
816	384.857	-61.062
817	385.032	-60.522
818	386.080	-60.265
819	386.269	-29.430
820	386.331	-60.608
821	386.907	-68.676
822	386.949	-61.236
823	389.985	-62.268
824	390.747	-60.673
825	390.826	-60.481
826	393.724	-60.567
827	394.213	-60.389
828	394.374	-61.013
829	394.380	-59.911
830	394.443	-60.667
831	394.625	-60.228
832	394.817	-60.741
833	394.830	-60.561
834	394.904	-60.228
835	395.221	-60.324
836	395.496	-60.614
837	397.412	-38.841
838	397.934	-61.477
839	398.028	-60.199
840	398.958	-60.594
841	398.968	-60.549
842	399.173	-61.095
843	399.623	-61.003
844	399.758	-21.893
845	400.670	-60.588
846	400.737	-96.365
847	402.227	-60.277
848	402.504	-61.696
849	403.144	-61.577
850	403.310	-61.015
851	405.605	-60.162
852	407.411	-60.804
853	407.770	-60.780
854	407.897	-61.060
855	407.941	-60.849
856	408.394	-60.032
857	408.706	-60.874
858	408.884	-60.244
859	409.081	-60.346
860	409.353	-61.344
861	409.594	-61.086
862	409.994	-61.066
863	410.162	-60.980
864	410.285	-15.105
865	410.314	-60.974
866	410.419	-60.490
867	410.485	-60.577
868	410.508	-60.956
869	410.536	-61.561
870	410.582	-60.855
871	410.711	-60.005
872	410.783	-60.038
873	413.514	-61.213
874	413.817	-76.331
875	414.081	-60.028
876	414.105	-61.732
877	414.953	-60.933
878	415.189	-59.897
879	415.646	-60.939
880	416.003	-61.371
881	416.095	-60.575
882	416.331	-61.700
883	417.790	-61.199
884	422.460	-61.023
885	422.718	-60.894
886	423.070	-59.876
887	423.097	-60.788
888	424.595	-61.127
889	425.504	-60.747
890	427.849	-60.445
891	430.706	-60.516
892	430.754	-61.137
893	432.845	-61.150
894	433.255	-60.696
895	433.310	-61.937
896	433.410	-61.084
897	434.220	-60.860
898	440.001	-60.741
899	441.083	-61.090
900	441.295	-60.600
901	441.998	-60.817
902	442.161	-60.792
903	442.613	-60.665
904	443.252	-60.739
905	443.362	-60.956
906	443.438	-61.029
907	444.700	-61.264
908	445.829	-60.755
909	445.964	-60.420
910	447.245	-59.173
911	447.680	-59.799
912	447.686	-61.037
913	447.720	-60.259
914	447.783	-57.939
915	448.131	-61.655
916	448.604	-60.900
917	448.789	-60.825
918	448.849	-60.982
919	449.473	-60.369
920	449.767	-61.035
921	451.359	-60.314
922	451.375	-49.292
923	451.381	-60.551
924	451.438	-60.876
925	451.494	-60.418
926	452.216	-61.497
927	452.233	-60.038
928	454.622	-60.391
929	456.742	-60.584
930	456.886	-59.903
931	459.382	-60.410
932	459.722	-59.752
933	460.036	-60.426
934	460.212	-60.293
935	460.523	-60.913
936	460.662	-60.068
937	460.749	-59.954
938	460.782	-60.628
939	460.792	-60.700
940	460.810	-60.442
941	461.093	-59.328
942	461.140	-60.396
943	461.435	-62.213
944	461.985	-60.263
945	462.097	-61.144
946	462.193	-60.545
947	462.370	-61.009
948	462.630	-61.095
949	462.843	-60.111
950	462.900	-59.500
951	463.808	-60.835
952	463.904	-59.809
953	464.117	-62.117
954	464.359	-60.633
955	464.508	-59.823
956	464.566	-59.723
957	464.742	-62.172
958	464.885	-60.211
959	465.189	-77.905
960	465.348	-9.482
961	465.353	-23.089
962	468.345	-61.223
963	469.057	-60.232
964	469.099	-61.338
965	469.123	-61.730
966	469.177	-60.367
967	469.290	-60.422
968	469.361	-59.925
969	469.589	-63.337
970	469.864	-60.308
971	469.876	-61.266
972	469.944	-59.991
973	469.948	-60.406
974	472.696	-59.895
975	473.020	-59.376
976	474.179	-59.858
977	474.376	-61.281
978	474.456	-61.542
979	474.826	-60.794
980	475.154	-61.236
981	475.446	-60.857
982	476.870	-60.616
983	477.673	-60.271
984	481.852	-62.411
985	482.035	-62.912
986	482.141	-60.982
987	482.217	-61.348
988	483.350	-60.870
989	483.519	-60.988
990	484.969	-59.972
991	485.020	-60.160
992	485.151	-61.295
993	485.266	-60.586
994	485.493	-61.726
995	485.603	-61.227
996	485.793	-61.193
997	485.960	-61.375
998	486.206	-61.475
999	486.221	-60.647
1000	486.276	-57.258
1001	486.333	-61.342
1002	486.342	-62.016
1003	486.372	-59.842
1004	486.392	-60.436
1005	486.448	-60.757
1006	486.684	-61.413
1007	488.015	-60.209
1008	488.962	-61.411
1009	489.256	-60.915
1010	490.742	-61.965
1011	491.615	-61.661
1012	491.898	-61.238
1013	492.129	-59.682
1014	492.134	-61.299
1015	492.141	-61.277
1016	492.143	-61.469
1017	492.250	-59.228
1018	492.254	-60.588
1019	492.956	-60.522
1020	493.047	-60.079
1021	493.094	-60.843
1022	493.149	-62.695
1023	493.223	-61.415
1024	493.283	-60.596
1025	493.298	-61.158
1026	493.332	-61.569
1027	493.442	-61.714
1028	493.603	-61.669
1029	493.621	-62.348
1030	493.746	-61.608
1031	493.848	-61.144
1032	496.552	-61.741
1033	496.766	-61.309
1034	497.063	-60.698
1035	497.150	-60.686
1036	497.983	-61.387
1037	497.996	-60.197
1038	499.900	-61.041
1039	500.669	-61.792
1040	500.836	-61.330
1041	501.207	-61.176
1042	501.237	-61.377
1043	501.556	-60.958
1044	501.670	-61.749
1045	501.691	-62.068
1046	501.750	-60.710
1047	502.623	-61.436
1048	502.755	-70.001
1049	503.024	-60.387
1050	503.074	-60.297
1051	503.226	-61.808
1052	503.614	-60.749
1053	503.658	-61.009
1054	503.670	-62.485
1055	503.751	-61.340
1056	503.862	-61.150
1057	507.046	-61.115
1058	507.518	-61.072
1059	507.905	-61.689
1060	508.153	-61.352
1061	508.217	-60.810
1062	508.569	-61.092
1063	509.738	-62.059
1064	510.233	-61.254
1065	510.525	-60.723
1066	511.511	-61.260
1067	512.385	-61.315
1068	512.532	-60.954
1069	512.539	-61.491
1070	512.543	-60.633
1071	514.770	-60.682
1072	517.545	-60.718
1073	517.695	-59.805
1074	517.954	-61.405
1075	518.411	-60.937
1076	519.217	-60.475
1077	519.401	-60.183
1078	519.680	-61.172
1079	519.702	-60.633
1080	519.794	-60.232
1081	520.142	-62.190
1082	523.611	-61.223
1083	524.289	-61.033
1084	524.503	-60.044
1085	524.716	-61.747
1086	525.439	-60.492
1087	525.570	-61.601
1088	525.659	-60.171
1089	525.672	-60.021
1090	525.708	-61.054
1091	525.745	-60.604
1092	525.887	-60.665
1093	527.475	-84.865
1094	527.886	-56.136
1095	528.185	-60.673
1096	529.206	-60.248
1097	529.751	-60.414
1098	529.789	-60.590
1099	530.019	-60.586
1100	530.162	-60.034
1101	530.182	-60.812
1102	530.223	-60.806
1103	530.314	-60.357
1104	530.336	-58.495
1105	530.361	-59.543
1106	530.462	-60.849
1107	530.519	-61.297
1108	530.755	-61.115
1109	530.842	-61.291
1110	531.186	-61.612
1111	531.396	-61.201
1112	531.420	-60.661
1113	531.747	-59.927
1114	531.802	-59.823
1115	532.733	-60.923
1116	532.805	-60.921
1117	533.362	-60.383
1118	534.923	-78.171
1119	535.002	-61.113
1120	538.650	-60.494
1121	538.946	-61.520
1122	541.167	-61.117
1123	541.439	-60.823
1124	541.841	-61.624
1125	542.339	-59.772
1126	542.353	-61.450
1127	543.125	-60.923
1128	552.716	-60.862
1129	552.782	-60.788
1130	552.785	-61.440
1131	553.663	-61.747
1132	553.940	-60.040
1133	554.186	-61.187
1134	554.295	-61.193
1135	554.464	-61.626
1136	555.770	-27.566
1137	555.999	-61.209
1138	556.097	-61.017
1139	556.303	-61.277
1140	556.430	-61.205
1141	556.488	-61.354
1142	556.592	-60.753
1143	557.121	-60.101
1144	559.509	-60.872
1145	559.666	-61.456
1146	559.759	-60.935
1147	560.208	-61.745
1148	560.827	-60.308
1149	561.227	-61.814
1150	561.523	-60.651
1151	561.571	-63.224
1152	563.355	-42.123
1153	565.219	-62.061
1154	565.241	-61.090
1155	565.252	-60.954
1156	565.280	-61.945
1157	566.134	-61.702
1158	566.827	-61.321
1159	567.560	-61.166
1160	567.706	-60.023
1161	569.027	-61.301
1162	569.186	-60.616
1163	569.207	-60.864
1164	569.260	-60.853
1165	569.494	-60.289
1166	569.541	-60.968
1167	569.548	-61.655
1168	569.550	-60.723
1169	570.525	-60.316
1170	570.760	-61.046
1171	572.010	-60.706
1172	572.675	-75.029
1173	572.944	-59.676
1174	577.215	-60.759
1175	578.033	-60.907
1176	578.179	-60.735
1177	578.234	-60.686
1178	578.374	-61.054
1179	578.440	-16.849
1180	578.443	-59.811
1181	578.481	-58.124
1182	579.883	-59.831
1183	579.902	-60.584
1184	580.665	-61.299
1185	582.266	-60.050
1186	584.058	-60.502
1187	584.840	-61.001
1188	585.333	-61.086
1189	585.376	-61.119
1190	585.638	-60.882
1191	585.792	-61.892
1192	585.808	-59.840
1193	586.146	-60.492
1194	586.659	-59.465
1195	586.805	-60.115
1196	586.821	-61.101
1197	586.831	-62.066
1198	587.445	-61.683
1199	587.479	-61.111
1200	587.632	-59.218
1201	587.985	-61.448
1202	588.347	-59.978
1203	588.376	-61.127
1204	588.614	-60.665
1205	588.633	-61.338
1206	588.816	-60.980
1207	588.874	-59.296
1208	588.962	-60.845
1209	588.970	-60.395
1210	589.130	-61.444
1211	589.273	-60.970
1212	589.828	-60.475
1213	591.427	-60.534
1214	591.713	-60.545
1215	591.759	-60.383
1216	591.808	-61.158
1217	592.186	-60.030
1218	592.222	-60.187
1219	592.876	-60.874
1220	592.948	-60.218
1221	593.654	-61.260
1222	594.284	-58.817
1223	594.351	-60.915
1224	596.277	-62.348
1225	600.797	-60.964
1226	600.923	-61.225
1227	600.946	-61.638
1228	600.991	-61.865
1229	601.073	-60.902
1230	601.105	-60.612
1231	601.131	-61.377
1232	601.187	-60.561
1233	601.848	-61.563
1234	601.857	-60.629
1235	602.013	-51.561
1236	602.098	-61.319
1237	605.394	-61.195
1238	605.466	-61.152
1239	605.540	-60.829
1240	607.142	-61.375
1241	607.212	-61.649
1242	607.354	-67.276
1243	609.269	-61.646
1244	609.860	-60.862
1245	610.392	-61.542
1246	610.696	-61.540
1247	611.093	-60.690
1248	611.280	-61.003
1249	612.203	-62.609
1250	612.768	-61.238
1251	613.270	-60.582
1252	613.914	-61.575
1253	613.996	-61.076
1254	614.335	-61.264
1255	616.055	-60.996
1256	616.187	-61.127
1257	616.533	-61.205
1258	617.174	-59.363
1259	617.756	-76.182
1260	617.990	-60.440
1261	618.778	-60.663
1262	618.812	-61.352
1263	618.845	-61.395
1264	619.361	-61.270
1265	619.446	-61.865
1266	619.521	-60.308
1267	619.817	-60.706
1268	619.921	-60.725
1269	619.979	-60.954
1270	620.031	-60.373
1271	620.079	-59.837
1272	620.347	-61.144
1273	620.520	-61.483
1274	620.594	-61.463
1275	620.653	-60.880
1276	620.999	-60.966
1277	621.125	-60.263
1278	621.154	-61.121
1279	621.237	-60.099
1280	621.444	-61.434
1281	621.472	-60.745
1282	621.552	-60.733
1283	621.649	-60.945
1284	621.704	-61.681
1285	622.251	-61.428
1286	622.295	-61.035
1287	622.368	-62.053
1288	622.428	-61.736
1289	622.576	-61.321
1290	622.638	-60.676
1291	622.673	-60.649
1292	622.743	-61.021
1293	622.762	-61.413
1294	622.800	-60.853
1295	623.055	-61.334
1296	623.121	-61.971
1297	623.842	-61.281
1298	624.075	-61.295
1299	625.636	-61.606
1300	625.668	-60.629
1301	625.777	-60.340
1302	626.014	-61.863
1303	628.113	-71.438
1304	628.948	-60.218
1305	629.239	-19.520
1306	632.441	-60.007
1307	632.685	-34.605
1308	632.880	-93.810
1309	633.530	-59.672
1310	633.614	-61.370
1311	633.638	-60.770
1312	634.276	-60.036
1313	634.473	-60.395
1314	634.565	-61.158
1315	634.670	-60.553
1316	635.480	-60.375
1317	635.778	-60.874
1318	635.909	-60.242
1319	635.925	-59.729
1320	635.988	-60.575
1321	635.997	-60.870
1322	636.047	-61.418
1323	636.054	-60.524
1324	636.401	-61.720
1325	636.453	-60.765
1326	636.903	-75.583
1327	636.997	-61.593
1328	638.173	-60.610
1329	638.229	-60.451
1330	638.245	-60.510
1331	638.294	-62.607
1332	638.517	-60.629
1333	638.523	-61.144
1334	638.551	-60.494
1335	638.760	-60.978
1336	638.866	-61.373
1337	638.908	-60.894
1338	639.041	-62.023
1339	639.059	-61.213
1340	639.088	-61.123
1341	639.344	-61.734
1342	639.615	-61.225
1343	639.672	-61.695
1344	639.710	-61.166
1345	639.733	-60.606
1346	640.060	-61.227
1347	640.224	-73.265
1348	640.471	-61.920
1349	641.574	-59.874
1350	641.628	-61.217
1351	641.647	-60.629
1352	641.676	-60.342
1353	642.127	-60.892
1354	642.210	-61.131
1355	642.318	-61.189
1356	643.559	-60.990
1357	643.562	-61.522
1358	644.375	-61.743
1359	644.383	-60.855
1360	644.632	-60.976
1361	644.790	-61.058
1362	645.082	-60.741
1363	645.381	-61.393
1364	646.230	-61.409
1365	646.303	-61.217
1366	647.252	-60.794
1367	647.324	-61.565
1368	647.796	-60.723
1369	648.402	-60.898
1370	648.449	-60.855
1371	648.711	-61.491
1372	650.632	-61.413
1373	650.814	-61.728
1374	651.202	-61.050
1375	651.726	-61.579
1376	651.966	-61.164
1377	652.108	-61.510
1378	652.584	-62.225
1379	652.895	-62.027
1380	652.897	-60.547
1381	653.446	-71.538
1382	653.912	-71.660
1383	654.133	-61.393
1384	654.335	-61.765
1385	654.562	-61.430
1386	654.563	-61.413
1387	654.579	-61.745
1388	654.641	-61.323
1389	654.982	-60.432
1390	657.762	-61.563
1391	663.136	-59.856
1392	663.138	-61.340
1393	663.224	-60.647
1394	664.576	-61.375
1395	664.922	-61.524
1396	666.920	-61.299
1397	667.086	-62.452
1398	667.340	-62.720
1399	668.270	-61.187
1400	668.580	-61.058
1401	668.657	-60.160
1402	669.410	-61.362
1403	671.637	-61.193
1404	672.858	-60.303
1405	672.942	-62.020
1406	673.022	-61.029
1407	674.517	-61.137
1408	674.618	-63.995
1409	679.365	-60.624
1410	679.568	-62.059
1411	679.587	-60.755
1412	679.875	-61.121
1413	680.152	-60.815
1414	680.193	-60.986
1415	680.273	-60.588
1416	680.310	-60.622
1417	680.999	-60.972
1418	681.200	-61.379
1419	681.355	-60.508
1420	681.931	-60.612
1421	682.085	-61.501
1422	682.373	-61.922
1423	683.366	-60.171
1424	683.638	-61.534
1425	683.640	-60.649
1426	685.411	-60.066
1427	685.459	-60.334
1428	685.475	-82.960
1429	685.666	-60.359
1430	685.830	-61.137
1431	687.374	-60.046
1432	693.772	-77.598
1433	693.892	-60.786
1434	694.024	-84.021
1435	694.163	-62.452
1436	694.401	-60.193
1437	695.461	-61.039
1438	695.572	-60.551
1439	695.690	-60.884
1440	695.717	-60.046
1441	696.120	-59.703
1442	696.168	-59.339
1443	696.189	-60.782
1444	696.230	-60.259
1445	696.232	-59.570
1446	696.594	-60.340
1447	696.867	-61.072
1448	697.519	-60.804
1449	698.086	-60.189
1450	698.623	-61.348
1451	698.823	-60.138
1452	698.877	-60.765
1453	698.907	-60.827
1454	698.994	-61.583
1455	699.020	-60.804
1456	701.332	-60.579
1457	701.544	-60.637
1458	701.566	-58.797
1459	701.570	-76.484
1460	704.203	-60.489
1461	704.486	-60.862
1462	704.559	-60.175
1463	704.642	-61.092
1464	704.918	-60.968
1465	706.507	-60.817
1466	706.516	-60.878
1467	706.682	-59.312
1468	706.862	-60.481
1469	707.099	-60.841
1470	708.510	-61.052
1471	708.909	-61.428
1472	708.937	-60.888
1473	709.023	-61.268
1474	709.531	-60.275
1475	711.212	-61.180
1476	714.093	-61.052
1477	714.103	-62.239
1478	715.957	-61.648
1479	718.033	-61.260
1480	718.325	-61.227
1481	718.483	-61.315
1482	720.491	-60.814
1483	720.543	-61.438
1484	721.628	-60.721
1485	723.226	-61.769
1486	724.148	-60.671
1487	726.022	-60.939
1488	726.312	-61.689
1489	731.230	-61.375
1490	731.947	-61.661
1491	732.613	-61.718
1492	733.023	-60.716
1493	733.044	-61.554
1494	733.048	-60.839
1495	733.088	-61.133
1496	733.725	-61.056
1497	733.999	-61.371
1498	734.118	-61.622
1499	734.146	-58.928
1500	734.216	-61.336
1501	734.801	-60.637
1502	734.882	-60.804
1503	739.259	-60.385
1504	739.433	-59.095
1505	739.462	-61.785
1506	739.510	-60.545
1507	739.752	-60.287
1508	739.996	-60.768
1509	740.690	-60.077
1510	740.698	-60.414
1511	740.775	-60.833
1512	746.588	-60.134
1513	746.655	-60.535
1514	746.957	-60.115
1515	747.371	-90.221
1516	747.740	-60.628
1517	747.823	-60.369
1518	748.666	-60.819
1519	749.259	-61.035
1520	749.393	-60.631
1521	749.544	-60.541
1522	749.666	-60.860
1523	749.711	-60.588
1524	749.719	-61.115
1525	750.034	-3.419
1526	752.334	-60.306
1527	752.885	-60.406
1528	753.102	-60.696
1529	753.218	-61.877
1530	753.296	-60.659
1531	755.321	-61.168
1532	755.379	-61.023
1533	755.504	-60.604
1534	755.531	-60.064
1535	755.544	-60.577
1536	755.695	-60.751
1537	755.916	-60.348
1538	756.159	-59.934
1539	756.418	-60.207
1540	756.557	-61.986
1541	756.648	-60.418
1542	756.810	-60.692
1543	757.487	-61.050
1544	757.550	-62.646
1545	757.557	-60.588
1546	757.598	-60.927
1547	758.038	-60.960
1548	759.949	-60.158
1549	760.070	-60.402
1550	760.415	-60.688
1551	760.513	-60.496
1552	760.938	-59.359
1553	761.026	-60.285
1554	761.221	-59.985
1555	761.817	-60.765
1556	765.578	-60.156
1557	766.388	-60.810
1558	766.463	-70.871
1559	766.916	-61.565
1560	767.483	-60.882
1561	767.572	-61.166
1562	767.928	-60.986
1563	768.141	-60.661
1564	768.160	-60.808
1565	768.275	-53.611
1566	768.296	-60.561
1567	768.347	-60.334
1568	768.369	-60.457
1569	768.482	-60.843
1570	768.499	-61.512
1571	768.596	-60.888
1572	768.714	-60.584
1573	769.097	-61.505
1574	772.673	-60.545
1575	773.100	-58.805
1576	773.937	-60.868
1577	774.102	-61.019
1578	775.146	-61.518
1579	775.510	-61.528
1580	775.520	-61.260
1581	775.805	-60.661
1582	775.825	-60.855
1583	778.003	-61.354
1584	778.070	-61.277
1585	778.082	-60.283
1586	778.520	-61.366
1587	778.527	-61.610
1588	778.561	-61.295
1589	778.615	-60.976
1590	778.870	-60.720
1591	779.173	-61.187
1592	779.213	-60.581
1593	779.291	-59.966
1594	779.309	-62.084
1595	779.365	-61.048
1596	780.049	-61.884
1597	780.243	-60.682
1598	780.377	-60.414
1599	780.635	-61.381
1600	780.643	-60.808
1601	780.653	-60.880
1602	780.858	-60.886
1603	781.158	-79.734
1604	781.545	-61.317
1605	781.564	-61.184
1606	781.583	-62.018
1607	782.489	-61.602
1608	783.369	-61.248
1609	783.515	-61.193
1610	783.729	-47.475
1611	783.777	-61.463
1612	783.842	-60.898
1613	783.877	-60.857
1614	784.109	-60.998
1615	784.245	-60.295
1616	784.403	-61.317
1617	784.517	-61.806
1618	784.628	-61.323
1619	784.664	-61.710
1620	785.367	-61.397
1621	786.531	-61.184
1622	788.616	-60.784
1623	788.659	-60.898
1624	790.998	-77.584
1625	795.781	-61.973
1626	795.784	-61.107
1627	796.333	-61.103
1628	796.338	-60.786
1629	796.401	-61.892
1630	796.706	-60.614
1631	796.825	-61.031
1632	796.916	-59.551
1633	797.751	-61.653
1634	797.763	-60.735
1635	797.836	-60.749
1636	797.848	-61.129
1637	797.881	-61.524
1638	798.288	-60.516
1639	798.290	-59.600
1640	798.439	-60.814
1641	798.995	-60.984
1642	799.086	-60.819
1643	799.146	-61.031
1644	802.447	-60.812
1645	803.141	-61.217
1646	803.235	-60.442
1647	803.929	-79.871
1648	805.225	-60.821
1649	805.481	-81.355
1650	807.875	-61.229
1651	807.950	-59.837
1652	808.502	-61.526
1653	810.315	-60.817
1654	812.303	-61.571
1655	812.370	-62.074
1656	813.700	-60.334
1657	813.982	-60.058
1658	814.641	-60.890
1659	815.045	-60.673
1660	817.323	-60.510
1661	817.556	-60.659
1662	818.439	-61.093
1663	818.657	-60.966
1664	824.303	-61.037
1665	824.967	-60.514
1666	825.578	-60.365
1667	826.631	-60.160
1668	828.780	-61.753
1669	828.971	-60.214
1670	829.927	-33.810
1671	830.033	-60.737
1672	830.062	-60.833
1673	830.149	-60.594
1674	830.155	-60.608
1675	830.193	-61.225
1676	830.247	-60.680
1677	830.320	-59.780
1678	831.501	-75.601
1679	832.021	-60.837
1680	832.677	-74.921
1681	832.854	-60.369
1682	832.869	-61.740
1683	832.897	-60.917
1684	832.907	-62.027
1685	832.946	-61.360
1686	832.966	-60.195
1687	833.131	-61.152
1688	833.484	-61.505
1689	833.576	-61.133
1690	833.707	-60.966
1691	833.952	-60.299
1692	834.315	-60.784
1693	834.840	-87.341
1694	835.383	-60.471
1695	835.592	-60.279
1696	835.779	-61.765
1697	836.644	-60.563
1698	836.701	-60.886
1699	837.779	-60.582
1700	837.961	-61.317
1701	838.306	-59.954
1702	838.309	-60.810
1703	838.746	-61.648
1704	841.194	-60.825
1705	841.438	-60.021
1706	844.326	-59.964
1707	844.769	-60.763
1708	844.835	-60.537
1709	844.983	-60.244
1710	845.188	-61.342
1711	845.705	-60.849
1712	846.673	-61.029
1713	846.892	-96.298
1714	847.126	-60.565
1715	847.652	-60.710
1716	849.386	-63.746
1717	849.590	-60.326
1718	849.655	-61.536
1719	849.775	-61.788
1720	849.785	-58.709
1721	849.876	-60.999
1722	850.025	-61.452
1723	850.131	-60.872
1724	850.369	-60.970
1725	850.503	-61.642
1726	850.595	-60.688
1727	850.751	-61.544
1728	851.786	-60.757
1729	851.943	-60.772
1730	851.983	-60.032
1731	852.106	-60.398
1732	852.374	-60.402
1733	852.930	-62.374
1734	852.943	-60.624
1735	853.217	-60.561
1736	854.062	-61.170
1737	854.633	-61.366
1738	855.890	-61.951
1739	856.069	-89.100
1740	856.325	-59.727
1741	856.390	-61.129
1742	856.658	-60.489
1743	857.100	-80.846
1744	857.330	-61.718
1745	857.345	-60.569
1746	857.460	-60.314
1747	857.618	-60.553
1748	857.969	-61.039
1749	858.019	-61.299
1750	858.057	-60.606
1751	858.178	-60.720
1752	858.390	-61.370
1753	858.466	-61.732
1754	858.961	-61.090
1755	859.014	-59.983
1756	859.125	-61.538
1757	860.074	-63.936
1758	860.303	-83.158
1759	860.544	-60.590
1760	875.419	-60.911
1761	882.582	-60.804
1762	882.839	-77.537
1763	883.147	-60.825
1764	883.846	-60.459
1765	884.638	-61.871
1766	885.369	-59.862
1767	885.469	-60.547
1768	885.560	-61.432
1769	886.411	-59.590
1770	886.486	-61.254
1771	887.787	-59.721
1772	888.792	-91.870
1773	889.599	-60.739
1774	890.069	-60.620
1775	891.208	-60.860
1776	891.394	-60.001
1777	891.905	-60.584
1778	892.299	-60.917
1779	894.405	-61.559
1780	897.135	-60.440
1781	898.191	-60.892
1782	898.264	-61.287
1783	898.575	-60.539
1784	899.959	-61.610
1785	900.034	-61.045
1786	900.041	-60.557
1787	900.266	-60.953
1788	900.399	-61.387
1789	900.486	-60.060
1790	900.998	-59.144
1791	901.107	-59.786
1792	901.194	-60.894
1793	901.345	-61.125
1794	902.992	-61.939
1795	903.081	-61.039
1796	904.840	-61.244
1797	905.482	-61.209
1798	905.603	-61.313
1799	905.612	-61.798
1800	905.981	-61.992
1801	906.085	-59.805
1802	907.374	-61.039
1803	907.795	-61.017
1804	907.843	-60.808
1805	908.304	-59.437
1806	908.577	-61.430
1807	908.589	-61.544
1808	908.602	-62.805
1809	909.290	-61.217
1810	909.528	-61.460
1811	909.757	-61.046
1812	909.795	-60.226
1813	909.814	-59.923
1814	909.891	-60.994
1815	910.555	-61.093
1816	910.734	-61.109
1817	911.153	-60.162
1818	911.357	-61.424
1819	911.478	-61.373
1820	911.559	-61.199
1821	911.604	-59.653
1822	911.841	-60.917
1823	911.881	-61.037
1824	912.057	-60.669
1825	914.272	-62.086
1826	914.275	-61.080
1827	914.543	-61.628
1828	914.870	-61.362
1829	915.605	-60.937
1830	915.670	-60.655
1831	916.402	-59.484
1832	916.680	-61.193
1833	917.372	-60.898
1834	917.423	-61.076
1835	917.702	-61.597
1836	918.954	-62.115
1837	919.303	-70.313
1838	919.563	-60.622
1839	919.682	-60.874
1840	919.691	-59.770
1841	919.840	-60.839
1842	919.944	-61.107
1843	921.010	-61.111
1844	921.019	-61.043
1845	921.037	-61.093
1846	921.613	-60.960
1847	922.855	-62.164
1848	923.568	-59.608
1849	923.624	-62.102
1850	923.731	-61.277
1851	924.335	-75.616
1852	927.902	-61.033
1853	927.967	-59.897
1854	927.989	-61.037
1855	928.021	-60.175
1856	930.337	-60.553
1857	930.353	-60.483
1858	930.583	-61.015
1859	930.595	-60.109
1860	930.681	-61.352
1861	930.696	-60.118
1862	932.944	-61.403
1863	935.246	-60.810
1864	939.224	-60.612
1865	939.239	-62.662
1866	940.044	-60.817
1867	941.090	-60.925
1868	941.429	-61.456
1869	941.430	-61.440
1870	941.447	-60.716
1871	941.666	-61.156
1872	941.668	-60.808
1873	941.689	-60.626
1874	941.695	-61.845
1875	949.080	-61.254
1876	949.514	-61.346
1877	953.713	-61.129
1878	953.902	-61.019
1879	954.068	-60.988
1880	954.080	-60.792
1881	954.170	-61.364
1882	954.241	-61.446
1883	954.268	-59.897
1884	954.326	-60.857
1885	954.434	-61.702
1886	956.356	-61.387
1887	957.888	-60.978
1888	958.982	-81.916
1889	960.107	-61.107
1890	960.303	-61.599
1891	960.734	-42.890
1892	960.831	-60.581
1893	961.021	-61.234
1894	961.254	-61.749
1895	961.451	-61.209
1896	961.486	-76.580
1897	961.737	-60.684
1898	964.009	-61.146
1899	964.151	-61.242
1900	964.237	-60.596
1901	964.503	-60.733
1902	964.679	-61.287
1903	964.908	-59.936
1904	964.956	-60.581
1905	965.018	-60.823
1906	965.130	-61.211
1907	965.265	-76.253
1908	965.395	-60.665
1909	965.428	-59.774
1910	965.665	-61.135
1911	967.205	-60.786
1912	967.550	-60.665
1913	967.671	-60.962
1914	967.809	-60.874
1915	967.815	-60.295
1916	967.885	-60.837
1917	968.042	-60.581
1918	968.061	-60.855
1919	968.212	-61.162
1920	969.928	-60.631
1921	970.185	-61.213
1922	970.241	-60.741
1923	970.762	-78.995
1924	972.850	-61.340
1925	974.153	-60.810
1926	974.196	-60.226
1927	974.619	-60.964
1928	974.748	-61.268
1929	974.883	-60.864
1930	975.253	-61.003
1931	976.698	-60.514
1932	977.295	-60.937
1933	978.014	-60.563
1934	978.688	-60.823
1935	978.712	-60.344
1936	978.716	-60.457
1937	979.933	-60.404
1938	983.214	-60.606
1939	983.366	-60.140
1940	983.518	-60.626
1941	983.649	-60.318
1942	984.525	-60.338
1943	984.752	-60.377
1944	985.169	-60.052
1945	985.509	-61.150
1946	985.621	-58.278
1947	985.795	-60.994
1948	985.870	-60.477
1949	985.971	-61.403
1950	987.042	-60.733
1951	987.049	-59.919
1952	987.118	-59.829
1953	987.347	-60.635
1954	987.508	-61.099
1955	987.589	-60.845
1956	987.634	-60.083
1957	987.716	-60.945
1958	987.720	-61.205
1959	987.755	-60.314
1960	987.834	-77.807
1961	987.946	-46.236
1962	987.966	-60.569
1963	987.976	-60.790
1964	988.124	-60.414
1965	988.163	-60.201
1966	988.216	-60.301
1967	988.227	-60.273
1968	988.284	-61.604
1969	988.397	-61.086
1970	990.046	-61.354
1971	990.175	-60.637
1972	991.649	-73.895
1973	992.159	-83.706
1974	995.911	-60.737
1975	996.337	-60.825
1976	998.114	-60.788
1977	1000.085	-60.675
1978	1000.092	-61.475
1979	1000.751	-61.039
1980	1000.760	-60.428
1981	1000.785	-61.556
1982	1000.827	-61.602
1983	1000.852	-61.236
1984	1000.885	-62.006
1985	1000.950	-58.685
1986	1001.061	-60.757
1987	1001.167	-61.346
1988	1002.163	-60.547
1989	1002.167	-61.583
1990	1002.322	-60.925
1991	1003.650	-60.669
1992	1003.699	-61.086
1993	1003.993	-60.659
1994	1004.015	-60.990
1995	1004.359	-61.736
1996	1004.487	-61.401
1997	1004.553	-60.575
1998	1004.997	-61.082
1999	1005.252	-60.884
2000	1005.349	-60.520
