DXEX v3
C:\Documents and Settings\LDA\My Documents\TM_SANTOS\Equipo_5\Trailer.lda
3:17:25 PM
0.00 mm;0.00 mm;-1.00 mm
Region1
"Row#"	"AT [ms]"	"LDA1 [m/s]"	
1	0.273	-60.209
2	1.685	-60.584
3	3.406	-59.375
4	4.028	-60.988
5	4.457	-59.821
6	4.731	-61.160
7	4.914	-59.954
8	5.272	-60.220
9	5.741	-60.389
10	5.879	-60.416
11	6.396	-61.524
12	6.662	-59.776
13	7.045	-60.641
14	7.094	-59.844
15	7.539	-60.520
16	8.362	-60.720
17	9.143	-7.055
18	9.613	-65.489
19	10.604	-78.142
20	11.667	-60.036
21	11.688	-63.643
22	11.703	-60.128
23	11.726	-60.310
24	11.765	-59.745
25	11.807	-60.917
26	11.896	-60.821
27	11.956	-60.398
28	11.958	-60.784
29	12.408	-61.467
30	12.509	-61.346
31	12.978	-60.825
32	13.703	-61.448
33	13.714	-59.165
34	13.872	-61.011
35	14.591	-60.913
36	14.971	-61.221
37	15.180	-61.344
38	15.217	-73.128
39	15.226	-60.418
40	15.773	-60.620
41	16.687	-59.929
42	16.935	-81.333
43	17.068	-61.164
44	17.123	-60.524
45	21.980	-60.344
46	25.545	-60.659
47	25.564	-64.598
48	25.890	-60.232
49	25.938	-61.556
50	25.955	-59.341
51	25.977	-59.435
52	25.983	-61.344
53	26.041	-60.737
54	26.046	-60.633
55	26.060	-60.197
56	26.366	-66.783
57	27.687	-76.382
58	27.706	-59.717
59	28.197	-61.121
60	29.606	-61.160
61	30.098	-61.323
62	30.278	-61.321
63	32.698	-93.888
64	33.104	-59.862
65	33.150	-61.041
66	33.173	-60.690
67	33.960	-60.751
68	34.094	-61.356
69	34.452	-59.854
70	34.464	-61.082
71	35.555	-35.362
72	35.602	-61.481
73	35.695	-93.933
74	35.721	-60.696
75	35.981	-61.569
76	37.874	-61.575
77	39.689	-61.792
78	39.983	-61.573
79	40.345	-61.289
80	42.043	-60.477
81	46.992	-60.998
82	47.535	-60.688
83	47.602	-60.618
84	47.759	-61.622
85	47.765	-61.315
86	48.014	-61.182
87	50.857	-57.227
88	51.234	-60.794
89	51.293	-61.078
90	51.300	-61.191
91	51.693	-61.550
92	51.951	-60.841
93	52.054	-59.469
94	52.209	-60.770
95	52.216	-60.524
96	52.543	-61.775
97	52.677	-61.293
98	52.728	-61.080
99	52.767	-61.185
100	52.832	-63.233
101	53.718	-61.023
102	53.829	-55.535
103	54.535	-61.324
104	54.896	-60.874
105	55.430	-59.739
106	55.564	-60.723
107	55.678	-82.784
108	56.070	-61.070
109	57.602	-61.080
110	57.742	-60.970
111	57.924	-61.301
112	58.166	-61.377
113	58.318	-61.340
114	58.953	-60.400
115	59.032	-62.125
116	59.585	-60.929
117	60.104	-61.170
118	61.476	-60.504
119	61.930	-60.463
120	62.019	-60.643
121	62.037	-60.312
122	62.152	-60.633
123	62.199	-60.001
124	62.311	-61.757
125	63.053	-59.962
126	63.150	-60.434
127	63.538	-60.761
128	64.225	-60.340
129	64.385	-60.549
130	64.801	-60.653
131	65.044	-60.637
132	65.070	-60.400
133	65.233	-60.281
134	65.257	-61.162
135	65.404	-61.164
136	66.083	-59.445
137	66.261	-60.700
138	66.266	-60.571
139	66.567	-59.987
140	67.067	-59.954
141	67.082	-60.974
142	67.153	-61.391
143	67.163	-59.978
144	67.189	-61.193
145	68.439	-60.610
146	68.887	-60.896
147	69.317	-60.414
148	70.185	-60.197
149	70.310	-59.770
150	72.091	-61.221
151	72.167	-62.707
152	72.314	-60.837
153	72.965	-61.475
154	73.164	-60.469
155	73.173	-60.526
156	75.834	-60.888
157	76.528	-60.839
158	77.489	-60.876
159	77.924	-60.283
160	77.940	-62.485
161	78.113	-60.947
162	79.256	-60.821
163	79.682	-61.005
164	79.782	-60.833
165	79.838	-61.213
166	79.993	-61.064
167	82.335	-61.571
168	82.357	-60.980
169	83.000	-60.999
170	83.389	-69.496
171	84.143	-61.561
172	84.909	-60.584
173	85.069	-60.581
174	85.126	-61.644
175	85.136	-60.747
176	85.852	-63.184
177	87.196	-60.851
178	88.556	-60.917
179	88.677	-61.520
180	89.035	-61.223
181	89.456	-61.473
182	89.592	-60.273
183	89.600	-60.665
184	90.340	-61.695
185	90.689	-60.649
186	90.721	-61.193
187	90.898	-61.090
188	90.980	-61.062
189	91.034	-60.888
190	91.401	-61.093
191	91.849	-61.550
192	91.993	-62.164
193	92.126	-61.324
194	92.143	-61.800
195	93.325	-60.778
196	93.746	-61.373
197	93.827	-61.295
198	93.921	-62.417
199	94.080	-60.808
200	95.609	-61.416
201	97.518	-60.659
202	97.779	-61.556
203	97.837	-61.597
204	97.861	-61.933
205	97.882	-60.712
206	98.015	-61.526
207	99.381	-61.338
208	99.992	-61.853
209	100.121	-62.004
210	101.655	-60.943
211	101.792	-60.614
212	101.910	-61.512
213	101.918	-60.205
214	101.954	-61.029
215	102.371	-60.729
216	102.451	-61.281
217	102.584	-60.635
218	102.828	-61.144
219	103.074	-61.687
220	105.275	-61.336
221	107.147	-60.980
222	107.388	-60.923
223	107.603	-62.718
224	107.746	-59.934
225	108.084	-62.180
226	108.115	-61.976
227	108.257	-60.937
228	108.377	-61.722
229	111.356	-62.096
230	112.195	-61.765
231	112.200	-61.399
232	112.210	-59.701
233	117.164	-61.074
234	117.790	-60.606
235	120.298	-61.561
236	121.610	-61.855
237	121.649	-60.874
238	121.683	-60.806
239	121.952	-60.676
240	121.960	-62.538
241	122.333	-61.888
242	123.077	-62.027
243	123.761	-60.596
244	123.970	-59.944
245	124.018	-60.831
246	124.146	-62.025
247	125.415	-60.164
248	128.397	-60.727
249	128.467	-60.708
250	128.551	-60.980
251	128.602	-61.657
252	128.638	-61.283
253	128.651	-61.148
254	128.673	-61.019
255	128.785	-60.647
256	128.791	-61.088
257	128.797	-60.931
258	130.097	-60.034
259	130.172	-60.103
260	130.252	-60.815
261	131.057	-61.185
262	131.082	-68.443
263	131.176	-61.221
264	131.417	-61.135
265	132.138	-61.115
266	132.643	-60.586
267	132.862	-60.929
268	133.145	-33.914
269	133.891	-61.248
270	135.126	-58.613
271	135.323	-60.263
272	135.344	-59.245
273	135.487	-60.326
274	141.773	-60.767
275	142.067	-61.107
276	142.311	-61.043
277	142.873	-60.449
278	142.960	-58.210
279	143.167	-61.279
280	143.205	-59.870
281	143.208	-60.671
282	143.221	-60.704
283	143.447	-60.385
284	144.650	-60.898
285	144.709	-60.743
286	144.725	-61.659
287	144.789	-61.321
288	145.109	-60.573
289	145.872	-61.424
290	146.809	-60.056
291	147.209	-61.005
292	147.475	-60.808
293	147.785	-60.416
294	147.863	-60.794
295	150.556	-61.187
296	150.852	-60.461
297	151.054	-61.082
298	151.099	-61.046
299	151.419	-62.151
300	151.744	-59.844
301	151.813	-61.442
302	151.979	-82.052
303	152.090	-60.066
304	152.998	-60.624
305	153.122	-60.774
306	153.207	-61.121
307	155.911	-59.811
308	155.961	-60.714
309	156.433	-61.487
310	156.465	-60.551
311	159.306	-60.348
312	159.644	-61.806
313	159.940	-60.365
314	161.087	-61.064
315	161.539	-60.943
316	161.624	-60.853
317	161.653	-60.825
318	161.672	-61.352
319	161.868	-60.739
320	161.921	-61.436
321	165.461	-63.045
322	165.729	-62.108
323	165.866	-60.815
324	165.908	-62.671
325	166.006	-61.229
326	166.069	-61.514
327	166.331	-59.453
328	166.349	-61.209
329	168.585	-61.003
330	168.628	-61.080
331	171.098	-60.152
332	171.159	-60.772
333	171.758	-61.231
334	171.770	-61.510
335	171.972	-61.264
336	173.952	-61.209
337	174.156	-90.002
338	174.297	-80.376
339	174.343	-60.228
340	174.970	-60.911
341	175.125	-60.539
342	178.466	-60.371
343	179.389	-60.786
344	180.229	-60.522
345	180.306	-61.138
346	180.339	-61.138
347	180.482	-61.346
348	180.486	-60.236
349	180.673	-62.515
350	183.159	-60.747
351	183.185	-60.537
352	183.192	-60.645
353	183.580	-60.951
354	183.653	-60.030
355	183.974	-61.653
356	187.412	-60.909
357	187.501	-60.904
358	188.523	-61.571
359	189.068	-57.683
360	190.080	-88.704
361	191.828	-60.755
362	192.309	-60.590
363	192.430	-61.277
364	192.454	-60.608
365	192.472	-61.440
366	192.508	-60.064
367	192.705	-60.772
368	193.169	-89.564
369	193.531	-60.849
370	193.565	-61.955
371	193.634	-61.005
372	193.747	-61.324
373	193.927	-60.878
374	194.023	-60.823
375	194.657	-60.718
376	196.056	-60.943
377	196.226	-20.295
378	196.358	-60.522
379	196.486	-59.721
380	196.497	-61.481
381	196.520	-60.338
382	199.058	-60.982
383	199.116	-60.845
384	199.273	-60.377
385	199.294	-61.632
386	200.470	-60.814
387	200.836	-60.469
388	201.737	-61.957
389	201.928	-60.913
390	202.483	-59.684
391	203.208	-59.979
392	205.073	-60.678
393	205.623	-61.185
394	205.657	-61.354
395	210.797	-91.050
396	212.675	-61.375
397	212.732	-60.729
398	212.772	-60.998
399	213.451	-60.884
400	213.477	-59.719
401	213.513	-60.512
402	214.962	-60.890
403	215.091	-60.451
404	215.634	-60.355
405	215.771	-62.871
406	215.862	-61.916
407	216.120	-61.509
408	216.128	-61.217
409	216.161	-61.620
410	216.442	-60.929
411	216.691	-60.692
412	217.130	-61.086
413	217.424	-61.033
414	217.788	-61.338
415	218.001	-60.874
416	218.717	-61.755
417	219.282	-60.680
418	219.967	-22.092
419	220.410	-60.598
420	220.903	-60.095
421	221.818	-61.824
422	222.034	-61.626
423	222.139	-61.070
424	222.155	-60.921
425	222.178	-60.937
426	222.223	-61.922
427	222.660	-59.437
428	222.678	-61.918
429	222.789	-60.516
430	227.778	-60.710
431	228.850	-61.043
432	229.079	-60.547
433	229.112	-60.631
434	229.145	-61.918
435	229.252	-61.131
436	229.649	-61.086
437	231.136	-60.945
438	231.264	-4.451
439	231.500	-60.896
440	231.643	-60.804
441	232.185	-61.203
442	232.933	-60.915
443	235.152	-60.951
444	235.285	-60.933
445	235.356	-61.385
446	235.970	-59.322
447	236.119	-60.671
448	236.450	-60.798
449	239.800	-60.978
450	240.318	-61.835
451	243.886	-60.998
452	243.913	-60.804
453	244.000	-60.363
454	249.486	-60.949
455	251.688	-60.667
456	252.109	-61.440
457	252.225	-60.880
458	252.817	-60.629
459	254.379	-60.896
460	255.267	-60.651
461	255.938	-9.255
462	257.141	-61.127
463	257.295	-60.661
464	259.651	-61.005
465	259.708	-60.806
466	259.720	-60.224
467	260.498	-60.763
468	260.727	-60.947
469	260.770	-59.899
470	260.787	-60.819
471	260.843	-60.297
472	260.963	-60.884
473	261.721	-59.202
474	261.729	-61.009
475	261.810	-60.784
476	261.843	-60.101
477	262.837	-60.457
478	262.872	-60.678
479	262.952	-60.477
480	263.092	-60.637
481	263.124	-60.089
482	263.133	-61.467
483	263.221	-60.150
484	263.304	-61.215
485	263.644	-60.923
486	263.648	-60.747
487	263.676	-60.353
488	263.719	-60.443
489	268.249	-60.935
490	268.324	-60.567
491	269.335	-61.648
492	270.273	-61.597
493	271.109	-62.926
494	271.480	-60.289
495	271.977	-60.753
496	272.038	-61.050
497	272.123	-60.745
498	275.067	-61.671
499	275.516	-60.373
500	275.882	-61.160
501	276.138	-60.539
502	276.145	-61.029
503	276.253	-61.610
504	276.369	-61.463
505	276.686	-60.860
506	278.565	-63.707
507	278.656	-61.011
508	278.897	-61.039
509	278.934	-60.346
510	279.249	-61.798
511	280.215	-60.911
512	280.494	-62.143
513	280.810	-61.561
514	280.865	-60.686
515	280.874	-60.929
516	280.972	-61.655
517	281.106	-61.223
518	281.174	-62.135
519	281.446	-61.336
520	281.682	-61.258
521	282.161	-60.733
522	282.209	-60.279
523	283.053	-61.027
524	283.355	-61.865
525	283.604	-83.050
526	283.810	-61.405
527	283.918	-61.569
528	284.968	-61.266
529	285.097	-61.199
530	285.112	-60.810
531	285.226	-60.927
532	285.244	-61.309
533	285.340	-60.628
534	285.506	-61.135
535	285.647	-62.227
536	285.653	-62.343
537	285.659	-61.775
538	286.314	-60.706
539	286.384	-61.054
540	286.753	-61.375
541	287.168	-61.428
542	288.141	-61.371
543	288.359	-61.937
544	288.708	-60.651
545	288.862	-61.571
546	290.017	-61.009
547	290.926	-61.397
548	290.972	-60.929
549	291.647	-61.043
550	291.649	-61.407
551	291.655	-61.103
552	293.231	-62.470
553	293.415	-61.462
554	293.422	-61.152
555	293.441	-61.207
556	293.451	-60.800
557	293.746	-61.411
558	294.386	-61.045
559	294.411	-61.933
560	294.498	-60.745
561	296.119	-63.085
562	296.579	-61.405
563	296.621	-62.699
564	296.705	-59.807
565	297.572	-60.594
566	298.596	-61.350
567	299.116	-61.775
568	299.240	-60.812
569	299.243	-61.301
570	299.263	-61.516
571	299.347	-60.802
572	299.356	-60.365
573	299.448	-60.357
574	299.612	-60.173
575	299.657	-62.027
576	299.727	-61.399
577	299.823	-61.033
578	300.097	-61.213
579	300.164	-60.819
580	300.325	-60.755
581	300.733	-61.027
582	300.907	-60.988
583	301.038	-61.411
584	301.281	-60.710
585	303.274	-59.966
586	303.307	-61.035
587	303.429	-60.794
588	304.156	-60.622
589	304.172	-61.687
590	304.826	-57.804
591	307.874	-64.508
592	309.512	-60.185
593	310.652	-60.847
594	310.935	-60.845
595	312.480	-60.794
596	312.527	-61.140
597	312.579	-60.400
598	314.609	-60.457
599	314.712	-60.839
600	314.774	-60.774
601	316.079	-60.631
602	316.142	-60.512
603	316.200	-59.893
604	316.285	-60.073
605	316.298	-97.628
606	316.327	-60.590
607	316.365	-59.962
608	316.433	-61.579
609	316.509	-60.676
610	316.597	-60.676
611	317.131	-60.757
612	317.371	-60.876
613	317.499	-60.610
614	317.635	-58.918
615	317.990	-60.518
616	318.011	-60.776
617	318.172	-60.205
618	318.230	-60.516
619	318.374	-60.919
620	318.390	-59.854
621	319.391	-59.672
622	320.104	-59.576
623	320.132	-60.393
624	320.209	-60.649
625	320.472	-60.520
626	320.510	-57.793
627	320.536	-60.986
628	320.582	-62.478
629	321.119	-61.138
630	321.314	-60.913
631	321.352	-60.404
632	321.402	-60.731
633	321.960	-60.416
634	322.250	-61.377
635	322.270	-60.211
636	322.640	-61.076
637	324.107	-60.336
638	324.307	-60.808
639	324.424	-60.782
640	324.791	-61.174
641	324.801	-60.729
642	324.825	-60.052
643	324.918	-60.291
644	324.944	-61.007
645	325.425	-60.348
646	325.451	-60.853
647	325.530	-59.461
648	326.286	-60.855
649	326.419	-60.696
650	327.706	-60.723
651	327.794	-61.107
652	327.826	-61.223
653	328.539	-60.573
654	328.568	-59.862
655	328.761	-37.179
656	329.110	-60.508
657	329.880	-60.947
658	329.909	-61.095
659	329.946	-61.138
660	329.959	-60.586
661	333.400	-60.389
662	333.458	-60.222
663	334.156	-62.760
664	334.299	-60.428
665	334.506	-61.015
666	334.510	-61.037
667	334.542	-61.088
668	334.951	-61.362
669	335.070	-61.170
670	335.383	-61.796
671	335.396	-61.317
672	337.212	-61.824
673	337.834	-61.162
674	337.871	-61.093
675	338.505	-60.933
676	338.632	-15.559
677	338.678	-60.647
678	338.724	-60.530
679	338.975	-62.113
680	339.052	-61.906
681	339.636	-60.790
682	339.780	-37.764
683	339.816	-61.657
684	339.833	-60.806
685	339.888	-61.293
686	340.105	-60.884
687	340.196	-61.880
688	340.316	-61.221
689	340.521	-61.131
690	340.549	-61.634
691	340.576	-61.687
692	341.143	-60.933
693	341.509	-61.781
694	341.873	-60.911
695	341.880	-61.142
696	341.895	-60.459
697	342.133	-61.422
698	342.227	-60.675
699	342.377	-61.293
700	342.533	-61.509
701	342.812	-62.039
702	343.551	-63.218
703	343.691	-60.982
704	343.754	-61.229
705	347.103	-60.712
706	347.111	-60.398
707	347.310	-60.469
708	347.676	-60.937
709	348.781	-60.761
710	348.785	-60.831
711	350.724	-60.408
712	351.129	-62.613
713	351.808	-60.590
714	352.081	-61.505
715	352.178	-61.039
716	352.878	-62.053
717	353.046	-63.500
718	353.765	-61.910
719	358.767	-60.330
720	358.830	-62.585
721	359.070	-61.583
722	359.147	-61.655
723	359.537	-62.732
724	362.639	-61.387
725	362.817	-29.593
726	363.155	-59.144
727	364.581	-60.956
728	366.060	-60.455
729	366.557	-62.301
730	366.948	-60.285
731	367.758	-60.667
732	368.279	-61.628
733	368.360	-59.660
734	369.579	-60.917
735	369.726	-60.767
736	369.729	-60.978
737	370.148	-15.434
738	370.236	-61.565
739	370.470	-59.721
740	370.612	-60.342
741	370.632	-42.070
742	374.523	-61.101
743	375.104	-60.757
744	375.121	-61.371
745	375.203	-60.140
746	375.236	-60.389
747	375.254	-60.085
748	375.293	-60.348
749	375.303	-60.739
750	375.424	-60.964
751	375.567	-61.117
752	375.586	-61.389
753	375.650	-60.624
754	375.665	-61.138
755	375.744	-61.882
756	375.749	-60.829
757	375.794	-61.507
758	375.821	-60.387
759	375.834	-60.545
760	376.181	-61.056
761	376.188	-60.949
762	376.205	-60.097
763	376.632	-59.026
764	376.846	-60.792
765	376.971	-61.125
766	377.011	-60.481
767	377.109	-60.911
768	377.131	-60.019
769	377.255	-60.138
770	377.305	-60.514
771	377.425	-61.904
772	377.542	-60.520
773	377.900	-59.897
774	378.535	-60.579
775	378.624	-60.167
776	378.941	-59.778
777	380.787	-61.274
778	380.888	-60.216
779	380.982	-60.862
780	381.000	-60.025
781	381.013	-59.931
782	381.059	-60.612
783	381.252	-60.510
784	381.266	-60.381
785	382.913	-60.532
786	383.491	-60.485
787	383.656	-60.976
788	383.687	-60.422
789	383.757	-60.150
790	384.200	-60.994
791	384.792	-61.565
792	384.968	-59.692
793	385.182	-60.770
794	385.568	-60.702
795	385.573	-61.499
796	385.843	-60.216
797	385.979	-60.267
798	386.105	-60.534
799	386.111	-60.849
800	386.140	-60.496
801	386.531	-60.244
802	387.024	-61.679
803	387.144	-76.587
804	387.393	-59.375
805	387.524	-59.929
806	387.922	-60.808
807	392.586	-61.814
808	394.172	-59.837
809	394.741	-61.698
810	395.049	-60.667
811	396.115	-60.124
812	396.267	-61.197
813	396.403	-60.612
814	396.540	-60.774
815	396.667	-60.226
816	396.707	-59.517
817	396.789	-60.598
818	396.816	-60.543
819	396.933	-60.567
820	396.977	-60.980
821	398.726	-60.966
822	398.825	-59.715
823	399.944	-60.723
824	400.112	-61.046
825	400.200	-60.727
826	400.325	-61.031
827	400.955	-60.191
828	401.009	-61.640
829	401.505	-60.295
830	401.590	-60.990
831	401.662	-62.280
832	401.704	-60.808
833	401.765	-60.633
834	401.823	-61.740
835	402.111	-61.998
836	402.872	-61.319
837	402.900	-59.529
838	402.923	-60.287
839	402.979	-59.907
840	403.013	-60.081
841	403.124	-61.086
842	403.156	-60.976
843	403.397	-61.117
844	403.712	-60.635
845	403.931	-60.904
846	403.976	-61.213
847	407.767	-29.068
848	408.220	-60.528
849	408.924	-61.088
850	409.310	-61.751
851	409.406	-61.019
852	409.540	-61.223
853	410.071	-61.642
854	410.180	-60.939
855	410.745	-59.615
856	411.111	-61.379
857	411.999	-61.068
858	412.126	-60.782
859	412.141	-94.442
860	415.360	-61.460
861	415.366	-61.514
862	415.383	-60.729
863	415.532	-60.725
864	416.101	-62.029
865	416.902	-61.074
866	416.920	-60.214
867	417.222	-60.866
868	417.258	-61.003
869	419.035	-61.068
870	419.233	-60.996
871	419.256	-60.757
872	419.347	-62.080
873	419.459	-61.201
874	419.506	-61.021
875	421.338	-61.370
876	423.819	-61.270
877	425.200	-60.581
878	429.489	-61.473
879	429.849	-61.007
880	430.095	-61.763
881	430.109	-60.990
882	430.405	-61.364
883	430.533	-60.909
884	430.798	-61.283
885	430.932	-61.017
886	430.988	-60.635
887	431.383	-61.123
888	431.754	-60.747
889	432.876	-60.118
890	433.137	-59.978
891	434.769	-60.289
892	440.103	-66.699
893	440.210	-61.029
894	440.432	-61.262
895	440.474	-60.459
896	442.450	-60.974
897	443.798	-60.134
898	444.433	-59.999
899	445.654	-60.915
900	446.307	-60.804
901	446.338	-61.469
902	447.435	-60.988
903	449.042	-60.992
904	449.247	-60.945
905	450.533	-61.440
906	450.811	-60.859
907	450.821	-60.344
908	450.886	-61.080
909	451.234	-60.553
910	452.252	-60.923
911	452.305	-60.295
912	452.538	-60.727
913	452.627	-60.222
914	454.775	-61.321
915	455.013	-60.512
916	455.769	-60.553
917	455.960	-60.814
918	456.056	-60.449
919	456.086	-61.117
920	456.090	-80.325
921	456.159	-61.242
922	456.267	-61.003
923	457.135	-60.831
924	457.457	-61.201
925	457.575	-60.953
926	457.693	-61.460
927	457.752	-61.358
928	457.930	-60.510
929	457.972	-60.351
930	457.980	-61.381
931	458.212	-61.397
932	458.342	-61.323
933	458.566	-61.806
934	458.596	-61.074
935	458.775	-61.080
936	458.909	-59.809
937	458.992	-61.532
938	459.077	-61.902
939	459.191	-60.794
940	459.307	-61.140
941	460.684	-60.921
942	460.716	-61.798
943	460.764	-61.550
944	461.075	-61.516
945	463.066	-61.418
946	464.467	-61.039
947	464.537	-61.142
948	465.195	-61.219
949	465.959	-61.677
950	471.363	-61.199
951	471.596	-61.377
952	471.650	-61.342
953	471.715	-60.657
954	471.966	-61.111
955	472.456	-61.005
956	472.644	-61.117
957	472.699	-61.879
958	472.791	-60.980
959	472.857	-60.463
960	473.907	-61.103
961	473.970	-61.146
962	474.121	-61.127
963	474.305	-61.845
964	474.860	-60.998
965	474.964	-61.391
966	475.688	-61.495
967	475.753	-98.045
968	475.968	-61.399
969	476.143	-61.769
970	476.151	-60.770
971	476.476	-61.178
972	476.866	-61.283
973	478.046	-61.121
974	478.273	-59.359
975	479.528	-61.268
976	479.609	-61.487
977	481.749	-60.855
978	481.911	-60.547
979	482.671	-85.386
980	484.172	-60.678
981	486.360	-62.677
982	486.934	-62.018
983	487.087	-60.851
984	488.081	-60.044
985	491.396	-61.301
986	494.036	-60.962
987	494.202	-60.996
988	494.326	-60.475
989	494.459	-60.009
990	494.672	-61.215
991	494.867	-60.978
992	495.577	-60.434
993	495.848	-60.340
994	495.881	-60.776
995	495.898	-60.933
996	496.286	-64.567
997	496.336	-61.342
998	496.417	-59.882
999	498.863	-64.216
1000	499.094	-60.956
1001	499.219	-60.498
1002	499.448	-62.358
1003	499.521	-60.048
1004	499.638	-59.102
1005	499.933	-58.358
1006	500.466	-61.045
1007	500.782	-61.070
1008	500.910	-61.644
1009	501.438	-59.204
1010	504.437	-60.694
1011	504.443	-60.906
1012	505.096	-60.931
1013	505.329	-60.637
1014	505.338	-60.212
1015	505.367	-60.841
1016	505.504	-61.401
1017	505.831	-60.604
1018	507.327	-60.637
1019	507.422	-59.844
1020	511.845	-89.258
1021	512.035	-60.639
1022	512.109	-60.553
1023	512.330	-60.817
1024	512.735	-60.657
1025	513.798	-61.377
1026	513.905	-60.443
1027	514.132	-59.923
1028	514.557	-61.232
1029	514.661	-60.792
1030	514.734	-61.771
1031	514.963	-61.849
1032	515.167	-60.526
1033	515.227	-60.263
1034	515.346	-61.689
1035	515.439	-73.071
1036	515.856	-60.596
1037	515.928	-60.729
1038	516.105	-60.120
1039	516.236	-60.087
1040	516.445	-61.499
1041	516.509	-63.047
1042	516.813	-60.706
1043	517.777	-62.211
1044	518.560	-61.324
1045	518.852	-59.872
1046	519.583	-61.671
1047	520.186	-60.671
1048	521.302	-60.767
1049	521.373	-60.535
1050	521.497	-63.274
1051	521.884	-32.067
1052	521.944	-61.041
1053	522.249	-61.080
1054	522.365	-60.996
1055	522.401	-66.470
1056	522.550	-60.964
1057	522.705	-61.242
1058	522.767	-82.596
1059	522.792	-61.610
1060	523.314	-102.066
1061	524.218	-60.925
1062	524.649	-61.244
1063	525.122	-60.937
1064	525.603	-59.842
1065	526.225	-61.745
1066	526.229	-61.227
1067	526.536	-61.738
1068	526.559	-61.501
1069	526.643	-58.928
1070	526.793	-60.821
1071	527.049	-60.618
1072	527.303	-61.176
1073	528.930	-61.497
1074	529.123	-61.884
1075	529.343	-60.228
1076	529.600	-60.673
1077	529.655	-61.422
1078	530.402	-60.714
1079	531.093	-60.596
1080	531.102	-61.074
1081	531.166	-60.297
1082	531.169	-60.845
1083	531.308	-58.961
1084	531.346	-61.041
1085	531.981	-60.982
1086	532.408	-60.631
1087	532.554	-60.970
1088	533.086	-60.735
1089	533.726	-60.671
1090	533.756	-60.953
1091	534.009	-60.453
1092	534.780	-60.849
1093	534.812	-60.806
1094	534.820	-60.154
1095	535.925	-60.500
1096	536.353	-60.972
1097	536.416	-60.340
1098	536.483	-61.060
1099	536.619	-60.596
1100	537.209	-61.554
1101	537.281	-61.234
1102	540.883	-63.122
1103	544.212	-61.493
1104	544.350	-60.829
1105	544.904	-60.659
1106	545.120	-60.694
1107	545.426	-60.547
1108	545.471	-61.612
1109	545.519	-60.812
1110	547.269	-61.099
1111	547.395	-61.851
1112	547.678	-61.542
1113	547.803	-61.103
1114	547.821	-61.297
1115	547.840	-60.876
1116	548.064	-61.148
1117	548.072	-60.982
1118	548.106	-9.161
1119	548.486	-60.592
1120	548.498	-60.351
1121	548.504	-61.205
1122	548.518	-62.070
1123	548.560	-61.092
1124	548.582	-61.111
1125	548.609	-62.145
1126	548.610	-61.336
1127	548.664	-60.974
1128	548.680	-61.792
1129	548.786	-61.033
1130	549.693	-61.172
1131	549.938	-61.370
1132	550.776	-61.191
1133	550.912	-61.481
1134	550.976	-60.438
1135	550.984	-60.851
1136	551.453	-91.214
1137	553.355	-61.266
1138	553.401	-60.236
1139	553.591	-61.454
1140	553.757	-63.296
1141	554.043	-60.919
1142	554.052	-59.911
1143	554.098	-60.976
1144	554.168	-60.978
1145	554.198	-59.901
1146	554.262	-60.716
1147	555.445	-62.791
1148	557.834	-61.037
1149	558.760	-60.696
1150	558.824	-61.150
1151	559.411	-60.853
1152	560.157	-60.702
1153	560.615	-60.996
1154	560.827	-61.534
1155	561.161	-61.052
1156	561.854	-60.537
1157	561.927	-17.075
1158	562.766	-61.867
1159	564.530	-61.070
1160	564.737	-60.688
1161	567.036	-61.015
1162	567.097	-60.714
1163	567.482	-61.240
1164	567.682	-60.798
1165	567.754	-59.545
1166	567.762	-61.565
1167	567.926	-61.225
1168	568.302	-61.131
1169	570.062	-60.794
1170	570.670	-61.176
1171	570.776	-61.084
1172	570.954	-61.589
1173	571.179	-60.590
1174	571.335	-61.888
1175	571.368	-61.048
1176	571.547	-61.060
1177	571.830	-62.333
1178	572.356	-61.031
1179	572.499	-61.875
1180	574.885	-61.908
1181	575.291	-62.178
1182	575.350	-61.092
1183	575.382	-60.543
1184	575.611	-61.894
1185	575.640	-61.229
1186	575.774	-62.018
1187	575.856	-61.054
1188	578.775	-61.467
1189	580.349	-61.422
1190	580.822	-60.389
1191	584.364	-61.550
1192	584.547	-61.618
1193	584.923	-62.223
1194	585.075	-61.493
1195	585.267	-62.117
1196	585.340	-60.692
1197	585.509	-59.893
1198	585.623	-92.128
1199	585.682	-85.764
1200	585.956	-61.041
1201	586.048	-61.099
1202	586.132	-62.016
1203	586.146	-61.180
1204	586.198	-61.375
1205	586.219	-61.366
1206	586.318	-61.276
1207	586.425	-75.409
1208	586.600	-61.736
1209	588.027	-61.375
1210	588.886	-61.491
1211	588.932	-60.667
1212	588.941	-61.718
1213	588.957	-62.748
1214	590.070	-61.189
1215	590.141	-63.349
1216	590.421	-61.411
1217	590.425	-62.538
1218	590.442	-61.197
1219	590.674	-60.790
1220	590.721	-61.875
1221	590.804	-61.125
1222	591.111	-62.307
1223	591.343	-61.890
1224	591.355	-61.043
1225	591.937	-61.138
1226	592.205	-61.058
1227	592.220	-61.184
1228	592.389	-61.597
1229	592.945	-61.454
1230	593.111	-61.121
1231	593.487	-61.095
1232	593.765	-61.346
1233	593.839	-66.287
1234	595.187	-60.334
1235	596.369	-62.068
1236	596.508	-61.277
1237	606.702	-60.626
1238	607.050	-61.767
1239	607.109	-62.734
1240	607.166	-60.500
1241	607.183	-61.066
1242	607.216	-61.894
1243	607.249	-60.680
1244	607.289	-61.788
1245	607.401	-61.458
1246	607.458	-61.279
1247	607.678	-61.270
1248	607.703	-15.696
1249	607.969	-61.440
1250	607.992	-60.909
1251	608.161	-62.135
1252	608.167	-61.060
1253	608.309	-60.741
1254	608.348	-60.743
1255	608.388	-60.731
1256	608.404	-61.458
1257	608.828	-61.620
1258	609.054	-60.994
1259	609.128	-61.029
1260	610.106	-61.050
1261	610.574	-61.794
1262	610.611	-60.209
1263	610.662	-61.379
1264	610.775	-60.931
1265	610.888	-60.974
1266	610.944	-62.072
1267	611.131	-61.346
1268	611.427	-58.339
1269	613.099	-60.714
1270	613.195	-61.534
1271	613.263	-60.827
1272	613.334	-61.385
1273	613.341	-61.338
1274	613.415	-61.127
1275	613.580	-62.327
1276	614.970	-61.826
1277	616.848	-61.845
1278	616.955	-61.409
1279	617.191	-63.008
1280	617.210	-60.702
1281	617.218	-61.706
1282	617.257	-61.679
1283	617.308	-64.543
1284	617.324	-61.718
1285	619.517	-61.256
1286	619.543	-61.790
1287	619.586	-60.953
1288	619.991	-62.777
1289	620.312	-92.553
1290	622.382	-61.105
1291	622.632	-59.692
1292	622.934	-61.418
1293	623.733	-61.589
1294	625.471	-62.624
1295	626.755	-60.675
1296	627.103	-62.548
1297	627.832	-61.546
1298	627.932	-61.788
1299	629.229	-62.427
1300	633.129	-60.902
1301	635.004	-60.998
1302	636.236	-61.285
1303	636.442	-60.804
1304	636.485	-61.184
1305	636.597	-61.072
1306	637.450	-89.043
1307	639.001	-61.620
1308	639.040	-60.998
1309	639.267	-61.195
1310	641.717	-62.928
1311	641.782	-60.860
1312	642.986	-62.425
1313	643.158	-60.994
1314	643.336	-60.453
1315	643.477	-60.945
1316	643.553	-61.219
1317	643.633	-62.004
1318	643.713	-61.432
1319	643.747	-60.449
1320	644.065	-66.070
1321	649.902	-60.923
1322	650.099	-60.410
1323	654.463	-60.629
1324	655.139	-61.074
1325	655.473	-61.246
1326	655.613	-61.397
1327	655.878	-60.976
1328	656.430	-60.688
1329	657.443	-61.215
1330	657.484	-61.180
1331	658.571	-61.180
1332	658.679	-60.048
1333	659.225	-61.477
1334	659.360	-61.258
1335	661.098	-60.729
1336	661.603	-60.261
1337	662.069	-61.135
1338	662.104	-61.041
1339	662.203	-61.307
1340	662.237	-61.616
1341	662.448	-62.299
1342	662.875	-59.925
1343	663.035	-60.422
1344	663.043	-60.741
1345	663.058	-61.616
1346	663.086	-61.097
1347	663.110	-60.939
1348	663.207	-61.493
1349	663.246	-60.780
1350	664.246	-60.355
1351	664.299	-60.927
1352	664.399	-60.841
1353	664.727	-61.469
1354	664.809	-61.148
1355	664.904	-61.074
1356	665.169	-62.051
1357	665.693	-61.279
1358	665.855	-61.197
1359	665.977	-61.440
1360	666.074	-61.483
1361	666.220	-60.823
1362	666.262	-61.984
1363	666.834	-62.219
1364	666.967	-60.489
1365	667.060	-61.573
1366	667.521	-60.230
1367	667.528	-60.387
1368	667.581	-61.062
1369	667.605	-60.837
1370	667.639	-60.761
1371	667.650	-60.028
1372	667.656	-61.258
1373	667.660	-61.677
1374	667.681	-60.295
1375	667.686	-60.911
1376	667.701	-61.798
1377	667.716	-61.303
1378	667.725	-61.217
1379	667.799	-60.445
1380	667.805	-61.438
1381	667.846	-61.232
1382	667.944	-60.492
1383	668.036	-61.021
1384	668.096	-61.994
1385	668.158	-62.063
1386	668.241	-59.864
1387	668.272	-60.430
1388	668.346	-61.211
1389	668.348	-61.608
1390	668.353	-7.102
1391	677.735	-61.894
1392	678.427	-60.449
1393	678.674	-61.324
1394	678.761	-60.868
1395	678.867	-62.895
1396	678.881	-60.424
1397	685.080	-61.066
1398	685.276	-60.886
1399	685.891	-4.651
1400	686.408	-60.792
1401	687.458	-61.820
1402	687.551	-60.588
1403	690.893	-61.411
1404	691.887	-61.516
1405	692.062	-62.930
1406	692.646	-61.816
1407	692.663	-62.746
1408	692.891	-61.661
1409	693.102	-62.910
1410	693.135	-60.530
1411	693.168	-61.078
1412	693.359	-71.973
1413	694.399	-60.902
1414	694.480	-62.435
1415	700.425	-92.996
1416	701.136	-61.573
1417	701.140	-60.594
1418	701.222	-61.043
1419	701.396	-60.410
1420	701.478	-61.552
1421	701.707	-60.855
1422	701.731	-61.624
1423	701.788	-60.569
1424	701.836	-92.348
1425	701.864	-61.659
1426	702.525	-60.528
1427	702.652	-60.663
1428	702.882	-61.205
1429	703.034	-60.929
1430	703.318	-61.920
1431	703.322	-60.763
1432	703.484	-61.481
1433	703.682	-61.203
1434	704.927	-61.499
1435	704.981	-62.237
1436	705.054	-61.127
1437	705.104	-61.180
1438	705.196	-60.992
1439	705.510	-61.606
1440	706.493	-61.364
1441	706.506	-59.748
1442	706.621	-61.254
1443	706.843	-61.469
1444	706.937	-59.850
1445	707.800	-61.681
1446	708.142	-61.135
1447	708.512	-61.092
1448	709.596	-61.205
1449	709.709	-60.964
1450	709.860	-61.027
1451	709.902	-61.935
1452	710.136	-60.085
1453	710.145	-60.782
1454	710.851	-60.514
1455	710.881	-61.458
1456	711.131	-60.289
1457	712.956	-60.046
1458	720.721	-61.274
1459	720.850	-60.935
1460	720.906	-61.802
1461	721.029	-60.410
1462	729.923	-61.103
1463	730.021	-60.081
1464	730.166	-60.714
1465	730.535	-61.080
1466	731.808	-60.823
1467	731.974	-60.870
1468	731.995	-61.407
1469	732.350	-61.638
1470	732.466	-61.716
1471	732.508	-61.358
1472	732.682	-61.438
1473	732.740	-61.577
1474	733.449	-60.606
1475	733.584	-61.479
1476	733.675	-60.857
1477	733.935	-60.864
1478	734.230	-60.868
1479	734.319	-61.665
1480	734.548	-60.784
1481	734.968	-62.781
1482	734.993	-61.324
1483	738.363	-61.101
1484	739.757	-61.622
1485	740.217	-62.777
1486	740.384	-10.334
1487	740.444	-60.393
1488	740.806	-61.845
1489	740.934	-59.958
1490	741.212	-62.685
1491	741.601	-60.520
1492	741.915	-61.509
1493	741.936	-61.005
1494	742.064	-61.569
1495	742.155	-62.031
1496	745.863	-61.389
1497	745.874	-61.520
1498	746.016	-99.582
1499	746.150	-62.209
1500	746.211	-61.671
1501	746.253	-62.593
1502	748.370	-61.350
1503	748.536	-61.546
1504	748.632	-62.256
1505	748.808	-61.914
1506	748.886	-61.849
1507	749.603	-61.763
1508	755.523	-62.061
1509	756.023	-13.277
1510	762.064	-61.550
1511	762.088	-62.031
1512	763.965	-61.205
1513	764.337	-61.223
1514	765.185	-61.865
1515	765.323	-61.738
1516	765.382	-59.306
1517	766.407	-62.509
1518	766.601	-60.833
1519	766.704	-61.303
1520	766.715	-61.293
1521	766.741	-63.398
1522	766.829	-61.896
1523	766.949	-60.692
1524	767.178	-61.683
1525	767.361	-61.366
1526	767.451	-61.599
1527	767.489	-61.843
1528	767.591	-61.606
1529	767.745	-61.753
1530	768.106	-61.203
1531	768.741	-61.677
1532	768.901	-61.522
1533	774.174	-60.093
1534	775.014	-61.475
1535	775.199	-60.375
1536	775.591	-60.878
1537	776.074	-61.632
1538	777.156	-61.003
1539	777.194	-61.090
1540	777.960	-60.757
1541	778.133	-61.577
1542	778.217	-61.530
1543	779.907	-61.743
1544	780.013	-61.415
1545	783.745	-61.086
1546	783.937	-60.622
1547	784.023	-61.569
1548	784.165	-60.917
1549	784.257	-61.724
1550	784.318	-62.123
1551	784.463	-62.417
1552	784.758	-62.110
1553	784.835	-60.655
1554	785.026	-61.176
1555	785.179	-61.103
1556	785.195	-60.880
1557	786.685	-77.202
1558	787.019	-60.976
1559	787.314	-60.976
1560	789.554	-60.222
1561	789.680	-60.733
1562	789.723	-60.737
1563	789.742	-60.622
1564	790.148	-60.714
1565	790.152	-61.514
1566	790.181	-60.696
1567	790.659	-61.381
1568	790.785	-61.328
1569	790.953	-61.156
1570	790.998	-60.197
1571	791.039	-60.197
1572	791.060	-60.953
1573	791.175	-60.032
1574	791.252	-60.774
1575	791.383	-60.250
1576	791.664	-60.731
1577	792.799	-61.021
1578	793.449	-61.505
1579	793.609	-60.510
1580	793.637	-61.804
1581	793.881	-62.861
1582	794.076	-60.812
1583	796.267	-20.863
1584	797.199	-61.332
1585	798.533	-62.687
1586	798.568	-60.902
1587	798.694	-60.743
1588	799.176	-60.357
1589	799.653	-61.436
1590	799.675	-62.534
1591	799.843	-61.287
1592	801.319	-61.646
1593	801.675	-62.867
1594	802.256	-60.945
1595	802.272	-60.763
1596	802.292	-61.698
1597	802.358	-60.700
1598	802.371	-60.177
1599	803.275	-64.559
1600	805.881	-61.403
1601	805.941	-60.815
1602	806.206	-60.729
1603	806.438	-61.268
1604	806.679	-61.332
1605	806.817	-60.870
1606	810.409	-61.352
1607	810.450	-61.203
1608	810.475	-61.029
1609	810.870	-60.849
1610	811.466	-60.862
1611	811.852	-61.794
1612	812.827	-94.724
1613	812.837	-61.618
1614	812.896	-61.818
1615	813.688	-61.348
1616	814.082	-62.855
1617	814.102	-62.041
1618	814.187	-61.113
1619	816.062	-61.299
1620	816.286	-61.309
1621	816.496	-2.714
1622	819.629	-61.326
1623	820.411	-62.274
1624	821.033	-61.759
1625	821.518	-61.565
1626	821.897	-68.976
1627	822.230	-79.820
1628	822.246	-61.544
1629	822.331	-61.763
1630	822.573	-60.344
1631	822.958	-61.738
1632	825.518	-61.469
1633	832.489	-62.204
1634	835.830	-61.884
1635	836.166	-60.958
1636	837.743	-61.685
1637	837.980	-61.066
1638	842.821	-61.808
1639	842.828	-61.152
1640	847.325	-60.782
1641	848.039	-46.203
1642	848.245	-61.806
1643	848.274	-49.404
1644	849.507	-60.894
1645	852.416	-60.729
1646	852.418	-61.058
1647	852.677	-61.189
1648	852.740	-61.949
1649	852.751	-61.853
1650	852.938	-60.755
1651	853.123	-61.215
1652	853.215	-60.960
1653	853.402	-61.540
1654	853.779	-60.602
1655	863.350	-61.851
1656	867.020	-60.590
1657	867.399	-60.422
1658	870.032	-62.384
1659	870.077	-60.620
1660	871.546	-61.264
1661	871.894	-60.269
1662	871.898	-59.817
1663	873.199	-60.396
1664	874.690	-60.490
1665	875.080	-60.743
1666	875.239	-60.964
1667	875.609	-60.972
1668	875.693	-60.062
1669	875.933	-60.524
1670	875.987	-60.162
1671	876.245	-60.199
1672	876.641	-60.541
1673	877.126	-60.767
1674	877.472	-59.394
1675	877.874	-78.798
1676	878.643	-61.146
1677	879.156	-60.391
1678	879.308	-60.573
1679	879.331	-60.829
1680	879.441	-60.749
1681	880.111	-60.996
1682	881.023	-59.985
1683	881.182	-61.806
1684	881.280	-61.436
1685	881.726	-60.534
1686	883.355	-60.841
1687	884.869	-60.469
1688	885.266	-6.904
1689	885.300	-60.749
1690	887.035	-60.011
1691	887.729	-60.563
1692	887.781	-59.919
1693	888.051	-60.596
1694	888.199	-60.440
1695	889.687	-60.812
1696	890.153	-60.052
1697	890.227	-59.517
1698	890.318	-60.451
1699	890.377	-60.817
1700	890.418	-61.473
1701	890.474	-61.830
1702	890.556	-60.812
1703	890.891	-61.127
1704	890.894	-60.432
1705	891.081	-61.279
1706	891.249	-61.058
1707	891.297	-60.780
1708	891.499	-61.205
1709	891.867	-60.557
1710	892.054	-62.585
1711	892.063	-60.837
1712	892.492	-60.718
1713	892.728	-60.211
1714	892.781	-61.483
1715	893.164	-61.037
1716	893.432	-60.919
1717	893.635	-60.702
1718	894.888	-60.447
1719	894.897	-61.058
1720	896.774	-60.876
1721	897.043	-60.770
1722	897.894	-61.673
1723	898.134	-62.701
1724	898.376	-61.843
1725	898.711	-60.694
1726	898.773	-61.571
1727	898.801	-62.983
1728	904.664	-60.763
1729	905.084	-60.862
1730	905.217	-61.418
1731	905.454	-61.011
1732	905.922	-60.330
1733	906.065	-60.718
1734	906.781	-60.749
1735	906.982	-61.027
1736	907.115	-99.734
1737	907.234	-61.569
1738	907.280	-71.481
1739	908.925	-2.750
1740	909.102	-60.361
1741	909.176	-60.422
1742	909.236	-61.843
1743	909.378	-61.009
1744	909.391	-61.185
1745	909.537	-60.851
1746	909.919	-60.678
1747	909.985	-61.242
1748	910.019	-61.137
1749	910.046	-61.074
1750	910.254	-61.289
1751	910.309	-60.167
1752	910.341	-60.604
1753	910.395	-61.270
1754	910.624	-61.358
1755	910.659	-60.154
1756	910.678	-61.659
1757	910.722	-61.524
1758	910.756	-61.248
1759	910.764	-61.035
1760	910.899	-61.276
1761	911.699	-61.064
1762	912.080	-60.641
1763	912.523	-61.577
1764	912.864	-61.583
1765	916.713	-61.005
1766	916.751	-61.043
1767	916.779	-60.990
1768	916.972	-61.837
1769	917.574	-61.350
1770	917.592	-61.227
1771	917.622	-61.350
1772	917.663	-60.992
1773	917.717	-61.007
1774	917.796	-61.174
1775	917.854	-61.232
1776	918.111	-62.301
1777	918.139	-60.604
1778	918.774	-64.385
1779	918.884	-61.632
1780	919.124	-61.867
1781	919.271	-61.448
1782	919.646	-60.721
1783	919.813	-62.088
1784	920.889	-61.142
1785	921.734	-61.062
1786	927.673	-60.696
1787	927.678	-61.007
1788	927.869	-60.815
1789	927.993	-60.992
1790	928.559	-60.913
1791	928.760	-61.368
1792	929.200	-61.088
1793	929.660	-61.092
1794	929.914	-61.718
1795	932.670	-60.947
1796	933.240	-87.488
1797	933.502	-56.608
1798	933.923	-60.909
1799	934.066	-61.955
1800	934.385	-60.778
1801	935.466	-61.189
1802	936.052	-60.285
1803	936.257	-60.618
1804	936.429	-60.254
1805	936.497	-60.328
1806	936.506	-61.440
1807	936.571	-61.442
1808	937.978	-60.751
1809	938.450	-60.817
1810	938.488	-61.371
1811	939.185	-61.849
1812	939.370	-59.948
1813	939.411	-60.767
1814	939.558	-60.539
1815	940.581	-60.389
1816	943.001	-60.483
1817	944.596	-60.806
1818	944.682	-60.367
1819	944.755	-61.559
1820	945.006	-61.037
1821	945.615	-60.588
1822	946.306	-60.389
1823	946.354	-60.768
1824	946.376	-60.812
1825	946.577	-60.506
1826	947.330	-58.695
1827	947.510	-60.246
1828	958.282	-60.547
1829	958.631	-62.405
1830	958.774	-60.678
1831	959.083	-61.851
1832	959.097	-60.250
1833	959.427	-59.893
1834	959.622	-59.862
1835	959.643	-60.222
1836	959.681	-60.271
1837	959.865	-61.411
1838	960.081	-89.566
1839	960.471	-61.084
1840	961.702	-59.846
1841	962.828	-60.154
1842	962.927	-60.026
1843	962.970	-60.400
1844	963.027	-60.743
1845	963.072	-60.978
1846	963.315	-60.688
1847	963.538	-60.559
1848	963.764	-60.541
1849	964.346	-61.086
1850	964.425	-60.958
1851	965.253	-60.802
1852	966.700	-60.095
1853	968.198	-60.543
1854	974.370	-61.285
1855	974.472	-61.424
1856	974.677	-61.522
1857	974.699	-61.313
1858	974.731	-60.949
1859	974.736	-61.577
1860	974.764	-61.201
1861	975.023	-59.686
1862	977.662	-61.029
1863	978.192	-61.362
1864	979.226	-62.646
1865	981.952	-61.440
1866	982.887	-61.274
1867	987.931	-60.704
1868	988.062	-60.923
1869	988.402	-61.291
1870	988.470	-60.915
1871	988.486	-61.375
1872	989.192	-60.704
1873	989.229	-61.229
1874	989.328	-60.782
1875	989.435	-63.157
1876	990.499	-60.494
1877	990.546	-61.495
1878	990.884	-62.429
1879	991.657	-60.845
1880	991.697	-60.933
1881	991.829	-61.358
1882	991.838	-61.512
1883	991.895	-60.882
1884	992.146	-61.538
1885	992.265	-61.608
1886	992.633	-61.105
1887	992.808	-60.947
1888	992.829	-59.864
1889	993.548	-61.160
1890	993.566	-60.937
1891	993.590	-61.877
1892	993.599	-59.717
1893	993.682	-59.382
1894	993.781	-60.851
1895	993.847	-61.693
1896	993.977	-61.422
1897	994.596	-61.612
1898	994.659	-60.682
1899	996.860	-60.535
1900	998.315	-61.125
1901	998.423	-60.457
1902	999.657	-62.299
1903	999.767	-61.724
1904	1000.771	-60.860
1905	1001.624	-60.727
1906	1001.781	-61.949
1907	1002.110	-61.324
1908	1002.211	-60.808
1909	1002.267	-60.602
1910	1002.345	-61.170
1911	1002.580	-60.960
1912	1003.551	-62.065
1913	1003.870	-60.802
1914	1004.280	-60.473
1915	1006.985	-61.370
1916	1007.581	-60.980
1917	1007.610	-60.860
1918	1007.822	-60.931
1919	1007.836	-61.025
1920	1008.294	-61.039
1921	1009.708	-61.203
1922	1009.781	-60.498
1923	1010.001	-60.980
1924	1010.102	-61.726
1925	1010.354	-60.471
1926	1010.532	-61.307
1927	1010.822	-61.573
1928	1011.726	-60.408
1929	1011.826	-60.543
1930	1011.883	-59.903
1931	1011.903	-60.874
1932	1011.925	-60.843
1933	1011.975	-61.092
1934	1012.205	-62.638
1935	1012.275	-60.631
1936	1013.520	-60.733
1937	1013.873	-60.919
1938	1018.296	-60.240
1939	1018.814	-60.338
1940	1019.097	-60.467
1941	1019.354	-59.927
1942	1019.893	-61.546
1943	1019.975	-61.509
1944	1020.043	-61.452
1945	1020.055	-61.477
1946	1020.094	-59.051
1947	1020.152	-61.677
1948	1020.161	-60.767
1949	1020.179	-61.193
1950	1020.325	-60.772
1951	1020.373	-61.082
1952	1020.533	-60.906
1953	1022.485	-57.199
1954	1024.005	-60.506
1955	1025.127	-60.620
1956	1026.144	-60.694
1957	1026.654	-61.289
1958	1026.981	-94.376
1959	1027.123	-59.705
1960	1027.154	-61.137
1961	1027.178	-61.914
1962	1027.183	-61.193
1963	1027.756	-60.731
1964	1027.820	-60.070
1965	1027.866	-76.517
1966	1028.570	-61.127
1967	1029.697	-60.833
1968	1029.799	-60.682
1969	1029.942	-60.073
1970	1030.664	-61.160
1971	1030.915	-60.808
1972	1030.925	-61.060
1973	1031.050	-60.939
1974	1031.522	-60.561
1975	1031.743	-60.414
1976	1033.232	-61.452
1977	1033.333	-60.406
1978	1033.545	-59.748
1979	1033.670	-60.999
1980	1033.740	-60.579
1981	1035.199	-59.940
1982	1035.951	-90.169
1983	1035.955	-60.442
1984	1036.207	-62.503
1985	1036.290	-60.624
1986	1036.357	-61.636
1987	1036.383	-60.485
1988	1036.441	-61.172
1989	1036.693	-61.892
1990	1037.544	-60.986
1991	1037.708	-61.826
1992	1037.819	-61.043
1993	1038.579	-61.710
1994	1039.648	-61.790
1995	1040.012	-61.324
1996	1040.096	-61.575
1997	1040.712	-59.703
1998	1041.884	-61.021
1999	1042.017	-60.972
2000	1042.284	-60.162
