DXEX v3
C:\Documents and Settings\LDA\My Documents\TM_SANTOS\Equipo_5\Trailer.lda
3:17:30 PM
0.00 mm;0.00 mm;1.00 mm
Region1
"Row#"	"AT [ms]"	"LDA1 [m/s]"	
1	0.759	-60.735
2	0.819	-60.639
3	0.828	-61.540
4	0.890	-60.416
5	1.134	-61.211
6	1.255	-61.029
7	1.300	-62.801
8	1.364	-60.698
9	1.377	-60.708
10	1.430	-61.170
11	1.898	-60.340
12	1.973	-61.250
13	2.483	-60.833
14	4.213	-61.726
15	4.241	-61.646
16	4.297	-58.180
17	4.442	-58.903
18	6.247	-61.307
19	6.804	-61.015
20	6.991	-61.673
21	7.515	-61.217
22	7.641	-60.821
23	8.030	-73.191
24	9.771	-59.995
25	10.665	-59.856
26	10.678	-60.802
27	12.863	-61.287
28	13.093	-60.821
29	13.641	-60.657
30	14.477	-85.063
31	14.820	-60.044
32	15.016	-60.954
33	15.117	-60.541
34	15.221	-60.586
35	15.234	-60.557
36	15.607	-60.590
37	19.619	-60.886
38	19.837	-60.506
39	19.959	-60.459
40	20.195	-60.671
41	20.330	-60.152
42	20.377	-73.964
43	20.452	-60.032
44	20.631	-59.611
45	20.793	-60.152
46	21.000	-60.721
47	21.060	-61.205
48	21.535	-59.709
49	21.772	-61.634
50	22.026	-60.073
51	22.074	-60.434
52	22.474	-59.684
53	22.577	-60.289
54	22.644	-60.281
55	22.772	-61.481
56	22.825	-61.311
57	22.892	-60.579
58	22.973	-60.273
59	23.137	-59.545
60	23.225	-61.043
61	24.076	-60.126
62	24.083	-60.011
63	24.128	-60.490
64	24.465	-58.343
65	24.840	-60.835
66	24.937	-61.078
67	25.199	-60.336
68	26.933	-60.367
69	27.744	-60.727
70	28.107	-60.716
71	29.174	-61.199
72	29.221	-60.945
73	29.375	-60.733
74	29.711	-62.065
75	29.800	-60.808
76	30.075	-28.860
77	30.131	-60.285
78	30.180	-60.829
79	31.245	-80.536
80	34.571	-61.258
81	35.506	-59.954
82	36.213	-61.460
83	36.481	-60.943
84	36.727	-60.833
85	36.925	-60.549
86	37.040	-60.814
87	37.139	-60.320
88	37.159	-60.107
89	37.254	-60.283
90	37.287	-60.653
91	37.315	-60.651
92	37.475	-60.287
93	37.615	-62.805
94	37.711	-60.782
95	37.798	-61.783
96	37.868	-60.661
97	38.335	-60.567
98	38.518	-60.328
99	38.526	-60.418
100	39.167	-61.323
101	39.250	-47.001
102	39.392	-60.796
103	39.410	-60.763
104	39.541	-59.147
105	39.714	-60.829
106	39.768	-60.471
107	40.155	-60.248
108	40.213	-61.013
109	40.481	-58.958
110	40.962	-25.603
111	41.661	-68.846
112	41.885	-93.704
113	41.920	-60.099
114	41.922	-61.180
115	41.980	-60.563
116	41.987	-61.170
117	42.222	-61.056
118	42.330	-61.800
119	42.375	-61.001
120	42.433	-59.153
121	42.444	-60.837
122	42.469	-61.095
123	42.498	-59.752
124	42.609	-60.230
125	42.650	-61.702
126	42.658	-60.696
127	42.712	-60.651
128	42.725	-61.150
129	43.232	-60.821
130	43.343	-60.759
131	43.605	-61.601
132	43.770	-61.536
133	43.798	-61.166
134	43.806	-60.240
135	43.827	-61.332
136	43.999	-61.003
137	44.019	-57.804
138	44.023	-61.027
139	44.130	-60.919
140	44.267	-59.682
141	44.331	-60.882
142	44.695	-60.898
143	45.122	-59.786
144	45.545	-60.438
145	46.267	-60.714
146	46.791	-60.473
147	47.141	-60.485
148	47.202	-60.575
149	47.278	-60.890
150	47.705	-61.424
151	47.824	-60.520
152	47.932	-60.604
153	50.563	-60.101
154	50.769	-60.535
155	51.177	-60.154
156	51.206	-60.718
157	51.224	-60.381
158	51.230	-60.616
159	51.337	-60.665
160	52.142	-60.420
161	52.434	-59.884
162	53.306	-61.072
163	53.395	-52.651
164	56.599	-60.784
165	56.862	-60.631
166	56.909	-60.512
167	57.410	-60.220
168	57.531	-60.649
169	57.829	-60.935
170	57.932	-64.588
171	58.075	-61.093
172	58.970	-61.620
173	59.785	-60.357
174	59.875	-60.970
175	60.581	-58.597
176	62.880	-60.545
177	65.757	-61.685
178	65.904	-61.199
179	66.124	-60.138
180	66.552	-60.428
181	66.764	-60.690
182	67.909	-60.350
183	68.913	-61.270
184	71.833	-59.717
185	72.029	-61.129
186	74.226	-60.919
187	74.287	-61.133
188	74.340	-60.723
189	74.357	-61.279
190	74.845	-61.293
191	77.514	-60.808
192	77.839	-60.684
193	77.891	-60.211
194	77.907	-84.121
195	78.523	-59.259
196	78.640	-60.629
197	79.103	-60.968
198	82.128	-61.863
199	82.964	-59.204
200	83.280	-60.569
201	84.082	-60.175
202	84.215	-61.109
203	84.545	-60.001
204	85.133	-59.615
205	87.129	-60.373
206	88.017	-62.270
207	89.405	-60.755
208	89.716	-60.608
209	89.831	-60.028
210	90.042	-61.368
211	90.047	-60.257
212	90.060	-60.218
213	90.135	-61.039
214	90.209	-60.577
215	90.992	-60.257
216	91.254	-61.082
217	91.625	-60.800
218	91.697	-61.575
219	91.807	-61.285
220	92.387	-62.164
221	92.425	-59.539
222	92.457	-61.550
223	92.529	-62.292
224	92.534	-61.119
225	92.669	-60.449
226	92.864	-61.050
227	92.891	-60.659
228	93.268	-61.624
229	93.436	-59.717
230	93.613	-60.684
231	93.751	-61.289
232	94.516	-80.391
233	94.653	-64.167
234	95.107	-60.931
235	95.167	-60.336
236	95.258	-75.452
237	95.306	-59.893
238	95.517	-60.739
239	95.558	-61.736
240	95.613	-61.332
241	95.666	-61.303
242	96.222	-61.231
243	96.508	-62.331
244	97.055	-60.017
245	97.151	-81.715
246	97.406	-60.620
247	97.429	-61.009
248	98.414	-60.197
249	98.574	-60.782
250	98.576	-62.025
251	98.588	-60.804
252	98.613	-60.577
253	98.616	-60.103
254	98.657	-61.068
255	99.469	-60.992
256	101.307	-60.279
257	102.232	-60.814
258	104.576	-60.001
259	104.578	-60.931
260	105.443	-60.287
261	105.866	-60.134
262	106.398	-61.213
263	106.492	-61.099
264	106.776	-61.988
265	107.467	-60.162
266	107.931	-60.815
267	108.119	-61.121
268	108.416	-60.606
269	108.622	-60.134
270	109.049	-60.424
271	109.519	-60.804
272	110.512	-60.727
273	110.702	-60.510
274	111.310	-60.645
275	111.375	-60.508
276	111.543	-61.892
277	111.564	-74.189
278	112.004	-60.776
279	112.049	-60.929
280	112.146	-60.485
281	112.605	-60.992
282	112.715	-60.361
283	112.774	-59.864
284	112.879	-60.996
285	113.185	-60.639
286	113.228	-59.807
287	113.254	-60.739
288	113.320	-62.127
289	113.353	-61.056
290	113.496	-61.587
291	113.666	-61.781
292	113.769	-60.919
293	113.897	-60.582
294	115.427	-60.784
295	115.649	-61.994
296	115.837	-60.177
297	116.001	-61.015
298	116.085	-60.761
299	116.095	-61.413
300	116.191	-60.935
301	116.246	-60.968
302	116.257	-60.218
303	116.331	-60.868
304	116.446	-60.596
305	117.613	-61.033
306	117.643	-60.716
307	117.753	-59.357
308	119.893	-59.954
309	120.282	-60.765
310	120.412	-60.107
311	120.797	-60.814
312	121.006	-60.774
313	121.029	-60.534
314	122.348	-61.812
315	122.495	-61.013
316	122.656	-60.862
317	122.772	-60.308
318	122.882	-60.498
319	122.910	-60.265
320	123.261	-61.642
321	123.390	-59.324
322	123.417	-60.481
323	123.424	-60.725
324	123.462	-60.060
325	123.515	-60.598
326	123.540	-60.144
327	123.613	-60.749
328	123.659	-61.317
329	123.678	-60.389
330	123.797	-60.367
331	123.877	-60.314
332	123.900	-60.788
333	123.976	-60.688
334	124.230	-59.488
335	124.628	-61.589
336	124.987	-61.557
337	125.372	-59.788
338	125.516	-59.829
339	125.518	-17.779
340	125.719	-59.627
341	125.934	-61.481
342	126.262	-60.387
343	126.470	-60.306
344	126.507	-59.882
345	126.790	-59.954
346	128.938	-59.882
347	129.043	-60.261
348	129.315	-59.711
349	129.568	-60.477
350	131.081	-60.631
351	131.390	-60.684
352	134.023	-60.308
353	134.434	-61.195
354	134.678	-60.878
355	134.846	-72.012
356	134.943	-60.622
357	135.052	-60.941
358	135.078	-60.353
359	135.120	-60.410
360	135.135	-60.571
361	135.155	-60.162
362	135.276	-60.377
363	135.348	-60.943
364	135.371	-60.520
365	135.583	-59.701
366	138.873	-60.837
367	140.053	-60.081
368	140.173	-83.175
369	140.284	-61.232
370	140.328	-61.113
371	140.477	-60.306
372	140.548	-61.045
373	140.908	-60.919
374	140.945	-61.563
375	141.023	-60.537
376	141.198	-60.900
377	141.432	-99.378
378	141.493	-60.383
379	141.555	-60.185
380	141.826	-61.293
381	141.955	-60.972
382	142.414	-60.351
383	143.692	-60.534
384	145.360	-61.197
385	145.375	-60.001
386	145.417	-60.432
387	145.646	-61.354
388	145.717	-60.373
389	146.662	-61.342
390	146.844	-60.350
391	147.019	-60.882
392	147.023	-60.953
393	147.053	-61.097
394	147.190	-60.829
395	147.273	-60.798
396	147.304	-60.054
397	148.355	-60.843
398	148.554	-60.269
399	150.263	-64.263
400	151.145	-60.393
401	152.256	-47.759
402	155.741	-61.262
403	155.768	-60.322
404	155.912	-61.066
405	156.554	-60.806
406	157.037	-60.855
407	157.041	-60.167
408	157.262	-60.765
409	157.643	-60.610
410	157.691	-60.939
411	158.144	-60.815
412	158.537	-61.522
413	158.858	-60.348
414	159.064	-60.473
415	159.361	-60.543
416	159.554	-79.974
417	159.761	-60.817
418	159.768	-61.847
419	160.259	-61.700
420	160.281	-61.027
421	160.629	-60.596
422	161.227	-48.824
423	161.459	-60.892
424	162.090	-60.050
425	162.377	-60.900
426	163.654	-61.381
427	163.763	-61.926
428	163.836	-61.031
429	163.841	-60.594
430	163.993	-60.880
431	164.059	-60.158
432	164.207	-60.857
433	164.657	-60.183
434	167.381	-60.684
435	167.746	-59.956
436	168.059	-60.181
437	168.065	-60.393
438	168.204	-60.557
439	168.747	-60.326
440	169.180	-61.193
441	169.788	-61.131
442	169.893	-61.303
443	170.636	-61.054
444	170.703	-60.637
445	171.046	-60.428
446	171.100	-60.872
447	171.592	-59.756
448	171.596	-60.859
449	171.683	-60.541
450	172.473	-60.353
451	172.940	-62.018
452	172.945	-61.377
453	173.066	-61.244
454	173.102	-60.845
455	173.262	-59.621
456	174.161	-60.555
457	174.865	-59.825
458	175.095	-60.481
459	175.166	-60.782
460	175.238	-60.947
461	175.246	-59.913
462	175.328	-60.081
463	175.405	-60.494
464	175.488	-60.663
465	175.600	-60.712
466	175.667	-60.267
467	175.701	-60.843
468	175.833	-59.660
469	175.891	-60.095
470	175.923	-61.103
471	175.998	-61.193
472	176.012	-60.158
473	176.024	-60.984
474	176.102	-60.616
475	176.144	-61.393
476	176.251	-59.897
477	176.332	-61.937
478	177.030	-61.174
479	177.452	-59.271
480	177.916	-60.489
481	178.441	-60.064
482	179.396	-60.518
483	179.498	-60.526
484	179.667	-60.678
485	179.932	-88.506
486	180.034	-59.958
487	180.098	-60.077
488	180.396	-59.854
489	180.485	-60.841
490	180.561	-61.509
491	180.589	-60.281
492	180.610	-60.167
493	180.912	-60.340
494	181.189	-60.812
495	181.637	-61.458
496	181.733	-60.218
497	181.746	-61.610
498	182.121	-60.510
499	182.349	-60.355
500	182.888	-61.121
501	182.967	-60.990
502	182.980	-60.310
503	183.097	-60.496
504	183.108	-60.725
505	183.260	-60.416
506	183.277	-59.727
507	183.880	-59.764
508	183.906	-60.085
509	183.953	-61.046
510	184.741	-60.332
511	184.768	-59.713
512	184.794	-59.907
513	185.694	-60.025
514	186.152	-61.591
515	186.240	-61.599
516	186.557	-60.393
517	187.401	-60.083
518	187.726	-60.383
519	187.758	-60.028
520	187.872	-60.381
521	187.936	-60.293
522	188.028	-61.072
523	188.127	-60.244
524	189.814	-59.952
525	189.936	-13.517
526	190.449	-59.476
527	191.979	-54.944
528	193.193	-60.545
529	193.305	-60.586
530	193.604	-84.360
531	194.370	-60.561
532	194.445	-60.718
533	194.476	-60.890
534	194.691	-60.167
535	194.888	-64.304
536	195.083	-60.604
537	195.710	-60.876
538	195.765	-60.314
539	195.780	-60.706
540	195.785	-62.229
541	195.793	-60.048
542	195.933	-60.406
543	195.947	-60.537
544	196.106	-60.346
545	196.231	-60.673
546	196.471	-59.933
547	196.571	-60.177
548	196.650	-60.913
549	197.691	-60.880
550	198.035	-60.085
551	198.051	-59.672
552	198.138	-60.036
553	198.229	-59.944
554	199.563	-61.164
555	200.062	-59.788
556	200.342	-60.097
557	200.389	-60.534
558	200.434	-60.588
559	200.447	-60.393
560	200.495	-60.512
561	200.512	-59.936
562	200.827	-61.460
563	201.683	-59.842
564	202.262	-60.267
565	202.549	-60.935
566	202.758	-60.303
567	203.184	-60.569
568	203.384	-58.656
569	205.114	-60.475
570	205.281	-60.459
571	206.264	-60.430
572	206.329	-60.512
573	206.378	-60.191
574	206.772	-14.126
575	206.847	-60.839
576	206.968	-60.731
577	207.156	-61.581
578	207.176	-60.792
579	207.179	-61.456
580	207.321	-60.947
581	207.501	-60.449
582	207.589	-61.113
583	207.677	-59.905
584	209.694	-60.684
585	209.763	-59.958
586	209.867	-60.324
587	209.996	-60.784
588	210.753	-60.434
589	210.755	-60.314
590	210.811	-60.432
591	210.993	-60.398
592	211.556	-60.727
593	212.079	-60.142
594	212.124	-59.842
595	212.367	-65.724
596	212.455	-60.177
597	212.847	-61.050
598	213.150	-60.516
599	213.962	-60.741
600	214.039	-60.498
601	214.118	-58.711
602	214.124	-61.520
603	214.285	-59.602
604	214.289	-60.398
605	214.335	-59.747
606	214.589	-60.473
607	214.822	-60.700
608	215.617	-61.438
609	216.589	-60.637
610	216.669	-60.588
611	217.440	-61.305
612	217.620	-61.107
613	218.499	-60.216
614	218.604	-60.951
615	218.839	-60.524
616	219.235	-61.246
617	219.560	-61.303
618	219.793	-60.860
619	219.832	-61.142
620	219.954	-61.274
621	220.877	-62.681
622	221.104	-61.045
623	221.147	-60.745
624	222.274	-60.504
625	222.494	-60.496
626	222.668	-61.493
627	223.080	-60.250
628	223.196	-61.082
629	223.332	-60.839
630	223.364	-60.976
631	223.922	-60.633
632	224.380	-60.610
633	225.664	-60.817
634	225.778	-61.385
635	225.860	-60.890
636	226.009	-60.567
637	226.179	-60.763
638	227.495	-60.496
639	227.529	-60.590
640	228.327	-60.512
641	228.992	-60.365
642	228.995	-8.691
643	229.080	-61.965
644	229.168	-61.099
645	230.340	-60.857
646	230.793	-60.755
647	232.196	-61.675
648	232.594	-60.600
649	232.648	-59.950
650	232.901	-61.180
651	233.299	-60.821
652	233.889	-62.760
653	234.003	-62.031
654	235.430	-60.612
655	235.516	-61.900
656	238.390	-60.669
657	239.607	-59.835
658	239.916	-61.140
659	240.736	-60.032
660	240.927	-60.978
661	241.278	-60.158
662	241.318	-61.001
663	242.659	-60.835
664	242.984	-61.027
665	243.035	-61.524
666	243.295	-60.508
667	243.729	-60.569
668	243.764	-60.126
669	243.777	-60.463
670	244.752	-62.560
671	244.885	-60.731
672	244.899	-59.719
673	245.123	-59.976
674	245.168	-60.103
675	246.006	-60.786
676	246.379	-61.148
677	247.150	-62.278
678	247.207	-66.661
679	247.408	-60.606
680	247.440	-59.764
681	247.505	-61.516
682	249.269	-60.765
683	249.320	-61.054
684	250.251	-60.479
685	250.275	-61.154
686	250.542	-60.653
687	250.644	-61.843
688	251.848	-60.735
689	253.642	-60.398
690	253.688	-61.385
691	255.864	-61.816
692	256.069	-61.146
693	256.091	-60.925
694	256.643	-60.232
695	257.066	-61.025
696	257.067	-98.450
697	257.236	-62.047
698	257.269	-60.351
699	257.503	-7.129
700	257.843	-61.264
701	257.881	-60.146
702	258.034	-60.375
703	258.178	-60.768
704	258.560	-60.821
705	258.591	-60.753
706	258.733	-60.857
707	260.364	-61.424
708	260.367	-60.725
709	260.406	-60.539
710	260.657	-60.831
711	261.380	-60.216
712	261.411	-10.843
713	263.734	-60.600
714	263.928	-58.867
715	264.119	-60.457
716	264.129	-60.675
717	264.170	-59.948
718	266.368	-60.555
719	266.454	-60.733
720	266.514	-60.624
721	266.668	-62.151
722	266.826	-60.048
723	268.240	-97.083
724	270.529	-60.093
725	270.565	-61.199
726	270.618	-59.682
727	270.748	-60.994
728	271.497	-60.532
729	271.788	-60.902
730	271.809	-60.586
731	271.894	-59.006
732	271.930	-61.644
733	272.011	-59.629
734	272.050	-29.918
735	272.075	-61.011
736	272.134	-60.982
737	273.451	-60.906
738	274.217	-59.999
739	274.365	-60.077
740	274.814	-60.573
741	276.161	-59.786
742	276.235	-61.219
743	276.446	-60.426
744	277.499	-61.526
745	277.978	-60.440
746	278.244	-60.393
747	278.367	-60.553
748	278.396	-32.735
749	278.730	-60.782
750	280.069	-60.577
751	280.534	-61.428
752	280.736	-61.184
753	280.952	-59.222
754	281.187	-61.029
755	282.978	-60.240
756	283.329	-60.107
757	283.370	-60.729
758	284.569	-60.577
759	284.615	-61.591
760	284.814	-60.451
761	284.822	-60.864
762	284.866	-60.998
763	284.997	-60.913
764	285.140	-60.344
765	285.159	-4.909
766	285.294	-60.087
767	285.340	-60.535
768	285.534	-60.694
769	285.896	-59.754
770	285.976	-61.090
771	286.031	-61.418
772	286.039	-60.673
773	286.139	-61.013
774	287.740	-60.998
775	288.114	-61.101
776	288.132	-61.877
777	288.551	-60.573
778	289.571	-60.880
779	289.691	-61.242
780	289.893	-60.440
781	289.947	-60.612
782	290.014	-60.780
783	290.153	-60.563
784	290.166	-61.168
785	290.715	-60.774
786	292.838	-78.242
787	293.553	-60.894
788	293.708	-61.313
789	295.518	-60.671
790	296.418	-60.508
791	296.590	-57.423
792	296.601	-59.774
793	296.844	-59.788
794	299.442	-60.451
795	299.460	-60.514
796	299.484	-61.080
797	299.518	-61.101
798	299.526	-60.864
799	299.637	-61.021
800	299.955	-61.236
801	300.033	-60.522
802	300.300	-59.936
803	301.855	-61.054
804	301.984	-61.272
805	302.150	-60.128
806	302.235	-60.314
807	302.322	-62.421
808	302.631	-60.673
809	302.908	-61.381
810	302.971	-60.199
811	303.205	-60.847
812	303.266	-60.896
813	303.550	-62.041
814	303.636	-61.575
815	303.877	-59.776
816	303.938	-60.142
817	304.780	-61.231
818	304.801	-60.565
819	305.236	-59.942
820	306.218	-60.790
821	306.301	-60.136
822	306.373	-60.228
823	307.948	-60.641
824	308.273	-60.743
825	308.662	-60.455
826	308.683	-60.524
827	309.010	-60.342
828	309.136	-60.152
829	309.174	-60.189
830	309.197	-60.582
831	309.337	-61.685
832	309.848	-59.844
833	310.044	-60.645
834	310.408	-60.287
835	310.564	-60.990
836	311.492	-60.874
837	311.651	-59.854
838	311.677	-60.618
839	311.679	-59.835
840	315.035	-60.659
841	316.422	-60.563
842	316.507	-60.606
843	316.628	-60.371
844	318.573	-60.285
845	318.649	-60.651
846	318.845	-59.962
847	319.801	-60.289
848	319.851	-61.046
849	319.867	-61.056
850	319.915	-60.469
851	319.957	-60.310
852	320.284	-59.228
853	320.428	-59.189
854	320.476	-58.057
855	320.504	-60.295
856	320.550	-60.434
857	320.614	-59.686
858	321.000	-99.452
859	321.024	-60.275
860	321.336	-60.322
861	321.356	-59.611
862	321.498	-60.608
863	322.483	-61.685
864	322.754	-60.909
865	323.602	-60.396
866	323.821	-59.570
867	324.121	-60.291
868	324.365	-60.925
869	324.878	-60.216
870	325.026	-60.909
871	325.888	-60.917
872	327.121	-61.117
873	327.273	-60.804
874	327.690	-61.103
875	328.122	-73.259
876	328.143	-61.268
877	328.173	-61.368
878	328.231	-60.508
879	329.758	-61.088
880	330.650	-61.268
881	330.710	-61.385
882	330.745	-61.806
883	331.111	-60.579
884	334.475	-61.659
885	334.596	-61.135
886	334.624	-60.951
887	335.775	-60.817
888	336.050	-1.418
889	336.059	-60.342
890	336.615	-59.840
891	337.349	-87.185
892	337.587	-61.046
893	337.859	-60.434
894	338.539	-60.301
895	338.633	-60.718
896	338.688	-60.751
897	338.965	-60.522
898	341.537	-60.725
899	341.562	-60.400
900	344.819	-61.240
901	345.050	-61.229
902	345.255	-60.475
903	345.718	-60.735
904	345.780	-60.526
905	345.785	-60.714
906	345.813	-61.491
907	345.836	-61.477
908	345.842	-60.079
909	345.864	-60.414
910	345.907	-60.984
911	345.928	-60.639
912	346.129	-61.618
913	346.224	-61.749
914	346.319	-63.231
915	346.518	-61.133
916	346.597	-61.783
917	346.712	-59.515
918	346.770	-61.953
919	346.914	-61.033
920	347.536	-60.984
921	347.554	-61.904
922	347.593	-60.802
923	347.846	-60.034
924	347.915	-61.025
925	348.089	-60.032
926	348.545	-60.408
927	348.842	-60.226
928	348.865	-61.373
929	349.013	-61.483
930	349.557	-60.708
931	350.270	-61.338
932	350.369	-61.851
933	350.608	-61.350
934	350.705	-60.404
935	350.717	-60.909
936	351.341	-60.996
937	351.645	-61.824
938	352.103	-61.418
939	352.298	-61.808
940	352.576	-60.900
941	352.848	-60.633
942	352.884	-60.694
943	352.890	-61.544
944	352.999	-60.900
945	353.055	-60.868
946	353.135	-61.450
947	354.272	-44.219
948	354.757	-61.182
949	354.779	-61.056
950	354.845	-60.434
951	355.051	-61.256
952	356.155	-83.350
953	356.463	-59.643
954	356.471	-60.610
955	357.916	-60.256
956	358.580	-63.043
957	359.640	-60.784
958	360.187	-61.039
959	360.694	-62.010
960	361.284	-60.827
961	362.431	-60.661
962	362.461	-59.645
963	362.983	-60.815
964	363.591	-60.647
965	363.800	-60.710
966	364.039	-60.737
967	364.088	-61.178
968	365.332	-60.346
969	365.697	-60.342
970	366.492	-60.812
971	366.638	-60.800
972	368.775	-82.907
973	369.017	-60.555
974	369.258	-61.319
975	369.413	-59.422
976	369.564	-57.211
977	369.625	-60.334
978	370.000	-60.671
979	370.146	-60.134
980	370.170	-60.616
981	370.191	-60.819
982	370.905	-60.428
983	370.996	-59.498
984	371.775	-60.299
985	371.934	-54.474
986	373.323	-60.710
987	373.490	-60.853
988	373.703	-60.772
989	373.766	-60.680
990	373.981	-60.218
991	374.018	-60.072
992	375.699	-60.009
993	375.838	-59.921
994	375.861	-61.039
995	376.114	-60.314
996	377.015	-61.215
997	377.103	-59.684
998	377.177	-62.174
999	377.212	-60.808
1000	378.065	-60.508
1001	378.310	-61.174
1002	378.396	-60.295
1003	378.514	-60.514
1004	378.794	-60.545
1005	379.193	-60.136
1006	379.529	-60.925
1007	379.593	-60.631
1008	379.948	-61.743
1009	380.603	-60.545
1010	381.350	-60.571
1011	381.503	-60.943
1012	381.719	-61.340
1013	382.030	-60.289
1014	382.416	-60.512
1015	383.680	-59.952
1016	383.871	-61.050
1017	383.946	-61.201
1018	384.113	-60.334
1019	384.377	-60.849
1020	384.679	-60.203
1021	385.076	-90.090
1022	385.770	-60.357
1023	386.322	-61.082
1024	387.529	-60.342
1025	387.806	-60.291
1026	387.958	-60.479
1027	388.263	-61.113
1028	388.558	-7.879
1029	388.642	-60.929
1030	389.095	-60.195
1031	389.139	-60.142
1032	389.157	-60.698
1033	389.262	-60.220
1034	390.175	-62.188
1035	392.118	-61.001
1036	392.395	-60.494
1037	392.515	-60.048
1038	394.319	-60.238
1039	394.398	-60.191
1040	394.536	-89.587
1041	394.552	-61.156
1042	395.228	-60.449
1043	395.248	-60.122
1044	396.558	-60.921
1045	396.683	-60.369
1046	397.164	-60.735
1047	397.569	-61.205
1048	397.759	-61.123
1049	400.172	-60.604
1050	400.416	-46.148
1051	400.486	-59.938
1052	400.780	-59.978
1053	401.124	-59.844
1054	401.283	-61.344
1055	401.352	-59.825
1056	401.404	-60.598
1057	401.466	-61.064
1058	401.530	-60.242
1059	401.806	-59.866
1060	403.150	-61.626
1061	403.344	-59.447
1062	406.136	-60.945
1063	406.358	-60.776
1064	406.424	-60.340
1065	406.550	-59.827
1066	406.619	-61.064
1067	407.094	-61.146
1068	407.432	-61.180
1069	408.403	-60.563
1070	408.483	-60.904
1071	408.710	-61.025
1072	408.766	-60.729
1073	409.327	-62.327
1074	409.394	-61.463
1075	410.393	-60.741
1076	410.398	-59.901
1077	410.737	-60.676
1078	410.757	-60.835
1079	410.762	-60.443
1080	410.815	-60.420
1081	411.978	-60.167
1082	412.028	-60.269
1083	412.678	-61.608
1084	412.911	-58.227
1085	414.136	-60.990
1086	414.591	-60.913
1087	415.266	-60.825
1088	415.791	-61.025
1089	416.158	-62.372
1090	416.222	-60.275
1091	416.282	-60.056
1092	418.627	-61.260
1093	419.557	-61.015
1094	421.018	-61.990
1095	421.337	-59.459
1096	422.044	-61.495
1097	422.205	-61.614
1098	422.269	-61.416
1099	422.327	-61.062
1100	422.348	-60.089
1101	423.004	-61.037
1102	423.508	-61.759
1103	423.520	-61.070
1104	424.446	-61.272
1105	425.042	-61.399
1106	425.132	-59.410
1107	425.162	-62.476
1108	425.488	-69.900
1109	426.236	-61.279
1110	426.570	-60.459
1111	426.941	-60.960
1112	427.321	-61.489
1113	427.460	-60.211
1114	427.549	-60.381
1115	427.644	-62.781
1116	428.776	-61.084
1117	428.957	-61.514
1118	429.125	-62.194
1119	429.162	-61.524
1120	429.656	-58.860
1121	429.672	-61.403
1122	429.706	-60.453
1123	430.876	-60.829
1124	430.957	-60.970
1125	431.675	-60.561
1126	434.839	-60.453
1127	435.046	-60.508
1128	435.115	-60.306
1129	435.171	-61.009
1130	435.183	-59.919
1131	435.542	-61.326
1132	435.594	-61.830
1133	435.797	-60.882
1134	435.844	-61.154
1135	435.848	-60.551
1136	435.882	-61.164
1137	436.239	-62.080
1138	436.408	-61.371
1139	437.562	-60.303
1140	437.598	-60.835
1141	438.438	-60.915
1142	438.475	-60.947
1143	438.575	-61.569
1144	438.857	-60.753
1145	439.363	-60.841
1146	439.469	-61.448
1147	439.614	-60.416
1148	439.705	-58.864
1149	439.919	-60.449
1150	440.264	-60.502
1151	440.266	-59.427
1152	440.416	-60.812
1153	440.836	-61.718
1154	441.108	-60.960
1155	441.175	-60.849
1156	441.737	-60.857
1157	441.809	-60.749
1158	441.817	-60.369
1159	441.819	-60.377
1160	441.824	-61.704
1161	442.116	-60.504
1162	442.274	-61.264
1163	442.299	-60.218
1164	442.452	-61.673
1165	442.482	-61.430
1166	442.494	-60.810
1167	442.703	-60.475
1168	442.892	-60.723
1169	443.817	-60.733
1170	443.826	-61.146
1171	444.026	-61.415
1172	444.048	-59.972
1173	444.152	-61.031
1174	444.156	-61.068
1175	444.170	-61.571
1176	444.355	-60.704
1177	444.486	-60.353
1178	444.622	-60.549
1179	444.833	-61.213
1180	445.234	-60.050
1181	445.457	-60.829
1182	445.679	-59.985
1183	445.757	-61.082
1184	445.806	-60.261
1185	445.915	-60.741
1186	446.071	-59.803
1187	446.247	-61.924
1188	446.332	-61.037
1189	446.433	-61.193
1190	446.829	-59.735
1191	446.998	-20.444
1192	447.004	-61.561
1193	448.017	-60.915
1194	448.136	-61.234
1195	448.152	-60.845
1196	448.173	-61.033
1197	448.250	-60.207
1198	448.706	-84.785
1199	448.762	-59.705
1200	448.783	-60.269
1201	448.886	-59.974
1202	449.036	-59.891
1203	449.134	-61.029
1204	449.236	-60.530
1205	449.849	-61.160
1206	450.001	-61.048
1207	450.262	-60.052
1208	451.460	-60.236
1209	451.664	-57.368
1210	451.887	-59.555
1211	452.529	-60.923
1212	452.544	-60.618
1213	452.614	-61.121
1214	452.671	-60.353
1215	452.940	-43.912
1216	453.082	-59.226
1217	453.462	-62.251
1218	454.906	-59.860
1219	454.974	-61.007
1220	455.052	-61.105
1221	455.389	-60.414
1222	455.434	-61.561
1223	455.722	-60.917
1224	455.794	-60.197
1225	456.462	-60.246
1226	456.722	-61.462
1227	456.742	-61.045
1228	456.863	-60.714
1229	456.864	-61.683
1230	457.145	-60.101
1231	457.195	-60.463
1232	458.099	-60.410
1233	458.338	-60.040
1234	458.388	-60.686
1235	458.560	-60.749
1236	458.624	-59.907
1237	458.656	-60.555
1238	458.799	-61.336
1239	458.805	-60.962
1240	458.858	-60.326
1241	458.958	-61.865
1242	459.436	-65.087
1243	459.621	-61.871
1244	459.727	-61.007
1245	459.935	-60.739
1246	459.998	-60.504
1247	460.006	-60.201
1248	460.011	-60.639
1249	460.170	-60.555
1250	460.223	-59.590
1251	460.347	-61.052
1252	460.646	-61.875
1253	460.670	-61.266
1254	461.064	-60.998
1255	461.134	-60.778
1256	461.141	-61.483
1257	462.429	-62.855
1258	462.730	-61.082
1259	462.741	-60.770
1260	462.762	-60.794
1261	462.766	-61.158
1262	462.796	-62.464
1263	462.825	-60.923
1264	462.835	-60.500
1265	462.864	-60.794
1266	462.925	-61.111
1267	462.937	-61.415
1268	462.985	-60.582
1269	463.181	-61.432
1270	463.187	-60.835
1271	463.905	-60.837
1272	464.308	-61.035
1273	464.579	-61.023
1274	465.348	-60.512
1275	465.814	-61.095
1276	465.888	-60.761
1277	465.910	-61.352
1278	466.103	-61.093
1279	466.128	-60.639
1280	466.200	-60.706
1281	466.225	-61.279
1282	466.511	-61.420
1283	466.610	-60.663
1284	466.965	-60.953
1285	466.985	-60.485
1286	467.001	-60.853
1287	467.126	-60.009
1288	467.170	-59.882
1289	467.285	-59.613
1290	467.499	-60.434
1291	467.608	-59.821
1292	467.676	-61.234
1293	467.721	-60.635
1294	467.797	-60.782
1295	468.375	-95.944
1296	469.421	-60.487
1297	469.606	-66.534
1298	469.852	-60.571
1299	470.953	-60.929
1300	471.184	-60.416
1301	471.336	-60.328
1302	471.462	-61.403
1303	471.491	-60.494
1304	471.593	-62.879
1305	471.649	-61.550
1306	471.727	-59.631
1307	472.029	-61.422
1308	472.068	-61.463
1309	472.879	-60.808
1310	472.946	-59.218
1311	473.302	-60.780
1312	473.316	-61.849
1313	473.323	-60.814
1314	473.582	-61.538
1315	473.887	-60.937
1316	474.019	-60.888
1317	474.435	-60.733
1318	474.562	-61.381
1319	474.812	-61.738
1320	478.631	-60.569
1321	478.752	-60.489
1322	478.809	-59.917
1323	478.991	-61.033
1324	479.333	-29.953
1325	480.268	-60.964
1326	480.349	-60.904
1327	480.387	-60.017
1328	480.393	-60.735
1329	480.401	-61.951
1330	480.422	-60.755
1331	480.502	-61.215
1332	480.546	-60.649
1333	480.833	-91.621
1334	481.068	-60.418
1335	481.074	-62.664
1336	481.171	-60.690
1337	481.346	-61.606
1338	481.489	-60.541
1339	481.712	-60.837
1340	481.851	-61.064
1341	482.186	-61.816
1342	482.834	-60.960
1343	483.453	-61.021
1344	484.006	-60.265
1345	485.462	-60.383
1346	485.656	-60.886
1347	485.694	-60.953
1348	485.892	-60.514
1349	485.911	-60.661
1350	485.926	-60.976
1351	485.956	-60.860
1352	486.121	-60.866
1353	486.537	-60.355
1354	486.585	-59.737
1355	486.623	-60.829
1356	486.787	-61.295
1357	488.757	-60.117
1358	488.925	-60.445
1359	489.585	-61.738
1360	489.794	-60.857
1361	490.452	-60.790
1362	490.496	-60.582
1363	491.636	-61.477
1364	492.925	-61.178
1365	492.930	-60.733
1366	492.971	-59.858
1367	493.100	-61.628
1368	493.253	-60.504
1369	494.018	-62.577
1370	494.200	-61.409
1371	495.353	-61.254
1372	495.975	-61.052
1373	496.021	-62.215
1374	496.968	-60.275
1375	497.234	-60.443
1376	497.814	-60.874
1377	497.834	-59.913
1378	497.838	-61.297
1379	497.961	-59.739
1380	498.030	-60.906
1381	500.013	-60.953
1382	500.629	-61.646
1383	501.148	-61.205
1384	501.774	-60.714
1385	502.140	-61.025
1386	502.144	-61.305
1387	502.197	-61.080
1388	502.291	-59.817
1389	502.485	-60.205
1390	502.582	-60.874
1391	503.382	-60.537
1392	503.396	-3.638
1393	503.397	-60.359
1394	503.422	-60.524
1395	503.848	-60.387
1396	504.031	-60.424
1397	504.586	-60.070
1398	504.660	-60.438
1399	507.732	-61.015
1400	508.563	-60.998
1401	509.456	-60.688
1402	509.515	-61.616
1403	510.425	-61.215
1404	510.440	-61.027
1405	513.352	-61.559
1406	513.755	-61.914
1407	513.827	-61.428
1408	514.176	-61.407
1409	514.255	-61.154
1410	514.383	-61.158
1411	514.424	-62.442
1412	514.677	-60.532
1413	515.440	-60.416
1414	515.778	-61.001
1415	515.897	-60.442
1416	516.460	-60.684
1417	517.382	-62.286
1418	518.095	-60.665
1419	518.210	-61.048
1420	518.338	-61.156
1421	518.396	-60.684
1422	518.860	-60.741
1423	519.292	-60.686
1424	519.324	-60.207
1425	519.400	-60.902
1426	519.436	-60.387
1427	519.592	-61.569
1428	519.684	-59.510
1429	520.011	-60.487
1430	520.221	-60.692
1431	521.093	-61.618
1432	521.192	-59.484
1433	521.932	-60.935
1434	522.228	-60.412
1435	522.564	-60.765
1436	524.054	-61.648
1437	524.362	-60.543
1438	524.476	-61.058
1439	524.496	-59.208
1440	524.753	-60.849
1441	524.837	-60.105
1442	524.890	-61.689
1443	525.130	-60.847
1444	525.742	-60.770
1445	525.779	-60.843
1446	526.105	-60.148
1447	526.126	-61.984
1448	526.321	-49.243
1449	526.454	-35.928
1450	526.504	-61.334
1451	527.042	-61.440
1452	527.828	-59.960
1453	527.854	-62.435
1454	529.068	-61.693
1455	529.236	-60.698
1456	529.361	-61.252
1457	529.726	-61.415
1458	530.050	-60.862
1459	530.125	-61.254
1460	530.483	-24.062
1461	532.324	-61.189
1462	532.755	-61.027
1463	533.145	-61.140
1464	533.219	-60.234
1465	533.332	-61.184
1466	533.474	-62.245
1467	533.496	-61.191
1468	533.527	-61.140
1469	533.536	-61.857
1470	533.860	-60.941
1471	533.888	-60.592
1472	533.945	-60.770
1473	534.241	-61.225
1474	534.341	-61.227
1475	534.488	-60.994
1476	534.788	-60.949
1477	534.827	-61.902
1478	535.077	-61.557
1479	535.881	-60.945
1480	536.043	-61.276
1481	536.232	-60.929
1482	536.301	-61.751
1483	536.396	-60.735
1484	536.484	-61.460
1485	536.487	-60.633
1486	536.742	-60.882
1487	536.781	-61.189
1488	537.896	-60.622
1489	540.754	-61.667
1490	540.847	-60.998
1491	540.936	-61.052
1492	541.166	-61.379
1493	541.601	-70.859
1494	541.685	-60.494
1495	541.832	-61.090
1496	541.883	-60.230
1497	542.019	-59.083
1498	542.453	-60.915
1499	542.783	-67.466
1500	543.577	-61.385
1501	543.743	-60.058
1502	543.788	-61.632
1503	543.819	-61.544
1504	544.081	-60.986
1505	545.771	-61.150
1506	547.572	-62.178
1507	547.801	-60.385
1508	547.890	-61.356
1509	547.994	-61.939
1510	548.337	-61.397
1511	548.490	-63.126
1512	548.549	-60.956
1513	548.582	-61.223
1514	548.804	-61.902
1515	549.190	-61.700
1516	549.531	-59.983
1517	549.538	-60.884
1518	549.611	-61.420
1519	550.115	-60.561
1520	550.408	-62.685
1521	550.749	-61.178
1522	551.292	-60.927
1523	552.148	-25.432
1524	553.629	-61.027
1525	554.834	-59.678
1526	555.137	-60.929
1527	555.575	-60.690
1528	555.723	-75.753
1529	555.780	-62.102
1530	556.160	-60.236
1531	557.317	-61.223
1532	557.530	-60.275
1533	557.534	-59.934
1534	557.575	-61.207
1535	557.615	-61.201
1536	557.719	-60.933
1537	557.733	-61.162
1538	557.970	-61.231
1539	557.976	-61.912
1540	557.979	-60.882
1541	558.042	-61.178
1542	558.080	-63.709
1543	558.146	-60.234
1544	559.792	-61.250
1545	560.027	-60.792
1546	560.121	-60.248
1547	560.217	-61.133
1548	560.428	-60.909
1549	560.558	-61.007
1550	561.110	-60.483
1551	561.184	-59.296
1552	561.490	-58.550
1553	561.569	-61.025
1554	561.574	-59.868
1555	562.057	-60.712
1556	562.092	-61.630
1557	562.192	-61.360
1558	564.191	-61.438
1559	565.299	-61.080
1560	565.681	-31.535
1561	565.733	-60.561
1562	565.769	-60.379
1563	566.607	-58.460
1564	567.365	-60.169
1565	567.510	-75.769
1566	567.522	-59.713
1567	567.621	-42.874
1568	568.222	-61.105
1569	568.465	-39.544
1570	568.912	-60.355
1571	568.966	-60.998
1572	569.317	-59.901
1573	569.330	-60.998
1574	569.500	-60.812
1575	569.586	-59.361
1576	570.512	-59.805
1577	570.609	-60.800
1578	570.733	-60.780
1579	571.325	-60.569
1580	571.374	-61.802
1581	571.625	-60.753
1582	571.863	-62.311
1583	571.876	-62.274
1584	572.024	-60.684
1585	573.359	-61.708
1586	573.515	-61.111
1587	573.885	-94.611
1588	575.162	-60.144
1589	575.653	-60.612
1590	575.853	-60.046
1591	576.162	-60.663
1592	576.563	-59.478
1593	578.011	-62.004
1594	578.302	-60.142
1595	578.425	-60.759
1596	578.491	-60.913
1597	578.494	-60.929
1598	578.559	-61.101
1599	578.907	-61.659
1600	578.909	-60.582
1601	578.913	-60.704
1602	578.955	-17.032
1603	578.995	-60.046
1604	579.044	-60.768
1605	579.117	-61.291
1606	579.237	-60.673
1607	579.379	-61.162
1608	579.457	-60.919
1609	579.815	-59.523
1610	580.113	-61.360
1611	581.128	-61.528
1612	581.694	-61.336
1613	581.755	-61.481
1614	581.867	-60.598
1615	581.870	-61.503
1616	581.887	-60.784
1617	581.948	-62.497
1618	581.982	-60.105
1619	581.992	-61.761
1620	582.227	-61.293
1621	582.855	-61.285
1622	582.938	-61.712
1623	583.872	-61.532
1624	583.983	-60.984
1625	585.002	-61.234
1626	585.270	-61.420
1627	585.434	-61.003
1628	585.771	-60.064
1629	585.911	-62.276
1630	585.987	-62.065
1631	586.318	-60.712
1632	586.427	-60.561
1633	586.916	-60.999
1634	587.567	-61.162
1635	587.756	-60.334
1636	587.800	-60.729
1637	588.105	-61.994
1638	588.395	-61.518
1639	588.512	-60.847
1640	590.388	-60.567
1641	590.634	-60.962
1642	591.797	-60.872
1643	592.221	-68.977
1644	592.845	-61.626
1645	592.926	-61.929
1646	593.569	-61.019
1647	593.868	-61.131
1648	594.012	-61.865
1649	594.743	-61.747
1650	595.328	-61.354
1651	595.680	-83.500
1652	599.541	-62.092
1653	599.585	-91.978
1654	599.643	-61.064
1655	599.982	-60.802
1656	600.109	-60.866
1657	600.260	-61.401
1658	600.278	-61.679
1659	600.281	-61.528
1660	600.346	-60.614
1661	600.862	-69.643
1662	601.133	-62.615
1663	602.607	-61.518
1664	602.633	-61.624
1665	602.735	-61.497
1666	602.923	-61.424
1667	603.240	-60.643
1668	603.244	-61.207
1669	603.388	-61.348
1670	605.815	-60.870
1671	608.418	-61.254
1672	608.438	-61.651
1673	611.653	-47.420
1674	611.854	-61.203
1675	611.897	-62.593
1676	612.248	-62.219
1677	612.371	-61.857
1678	612.379	-61.154
1679	612.414	-61.234
1680	612.417	-60.898
1681	612.466	-62.652
1682	612.471	-61.487
1683	612.556	-26.721
1684	612.560	-61.264
1685	612.787	-62.611
1686	612.904	-60.252
1687	612.918	-60.949
1688	612.983	-60.998
1689	613.297	-60.667
1690	613.315	-64.042
1691	613.397	-61.473
1692	613.704	-61.332
1693	613.987	-60.927
1694	614.017	-63.071
1695	614.127	-60.684
1696	614.173	-61.604
1697	614.197	-62.012
1698	614.313	-62.123
1699	614.389	-61.293
1700	614.478	-61.941
1701	614.553	-60.238
1702	614.586	-60.860
1703	614.748	-61.164
1704	614.800	-61.967
1705	614.949	-60.768
1706	615.032	-61.050
1707	615.190	-61.875
1708	615.350	-60.461
1709	615.441	-61.035
1710	615.463	-61.054
1711	616.622	-60.745
1712	616.698	-61.544
1713	616.938	-60.346
1714	618.272	-61.916
1715	618.989	-60.581
1716	619.040	-61.307
1717	619.079	-60.915
1718	619.114	-60.312
1719	619.357	-60.641
1720	620.174	-60.496
1721	620.575	-74.610
1722	622.146	-61.248
1723	622.513	-60.960
1724	623.620	-61.569
1725	623.649	-60.888
1726	623.945	-61.299
1727	625.787	-55.524
1728	625.851	-61.285
1729	625.984	-60.851
1730	626.492	-48.908
1731	626.882	-60.945
1732	627.273	-61.324
1733	628.042	-61.070
1734	628.248	-60.430
1735	628.414	-61.373
1736	628.436	-61.293
1737	628.562	-60.573
1738	628.789	-60.935
1739	629.061	-60.265
1740	629.517	-61.802
1741	629.832	-59.956
1742	629.838	-61.315
1743	629.932	-61.896
1744	630.133	-61.064
1745	631.553	-82.108
1746	632.061	-59.870
1747	632.197	-61.236
1748	633.053	-59.831
1749	633.068	-60.193
1750	634.215	-60.688
1751	634.398	-61.131
1752	634.910	-60.737
1753	635.377	-58.572
1754	635.612	-60.735
1755	635.840	-60.923
1756	635.953	-61.467
1757	636.191	-60.931
1758	636.280	-60.175
1759	636.508	-60.956
1760	638.282	-61.246
1761	638.474	-61.759
1762	638.483	-60.860
1763	638.761	-59.547
1764	639.525	-61.227
1765	640.609	-59.893
1766	641.110	-61.947
1767	641.866	-61.834
1768	642.090	-60.855
1769	642.157	-60.960
1770	642.180	-60.898
1771	642.305	-59.970
1772	643.307	-61.156
1773	643.574	-60.400
1774	643.634	-60.825
1775	643.954	-60.645
1776	644.103	-32.420
1777	645.517	-60.851
1778	645.859	-61.041
1779	646.494	-60.802
1780	646.692	-60.543
1781	646.883	-60.812
1782	647.604	-60.551
1783	648.030	-60.064
1784	648.123	-61.323
1785	648.125	-61.111
1786	648.716	-60.579
1787	649.680	-61.634
1788	649.762	-61.193
1789	649.994	-60.261
1790	650.888	-62.636
1791	651.035	-62.593
1792	651.061	-61.550
1793	651.167	-59.741
1794	651.183	-61.418
1795	651.247	-60.267
1796	651.856	-59.976
1797	652.140	-61.914
1798	652.365	-60.925
1799	652.847	-61.773
1800	652.914	-60.931
1801	652.944	-60.855
1802	653.054	-60.690
1803	653.103	-61.189
1804	653.445	-61.495
1805	653.497	-61.189
1806	653.716	-61.818
1807	654.495	-60.933
1808	654.677	-59.224
1809	654.775	-60.696
1810	655.435	-60.408
1811	655.461	-61.980
1812	655.542	-60.927
1813	655.779	-62.675
1814	655.957	-60.767
1815	656.806	-61.377
1816	657.184	-62.374
1817	657.255	-60.990
1818	657.600	-61.677
1819	657.656	-60.377
1820	657.696	-60.549
1821	657.751	-60.741
1822	657.835	-60.716
1823	658.007	-61.113
1824	658.787	-60.790
1825	659.561	-61.473
1826	659.788	-61.223
1827	659.989	-60.837
1828	660.040	-61.005
1829	660.349	-60.831
1830	663.226	-59.805
1831	663.232	-60.956
1832	663.322	-61.362
1833	663.948	-61.563
1834	664.168	-61.788
1835	664.342	-61.571
1836	664.390	-61.217
1837	664.439	-62.368
1838	664.889	-62.916
1839	664.894	-60.610
1840	665.537	-60.878
1841	665.570	-62.419
1842	666.208	-25.683
1843	666.998	-61.687
1844	667.159	-60.743
1845	667.791	-60.702
1846	667.857	-61.356
1847	668.050	-60.569
1848	668.054	-60.751
1849	668.080	-61.199
1850	668.084	-61.497
1851	668.101	-60.489
1852	668.108	-60.596
1853	669.606	-60.040
1854	670.412	-61.115
1855	670.590	-60.996
1856	670.591	-61.227
1857	670.871	-61.088
1858	671.364	-61.348
1859	671.389	-61.007
1860	671.408	-61.495
1861	671.439	-61.031
1862	671.691	-61.561
1863	672.139	-61.356
1864	672.265	-61.536
1865	672.714	-10.596
1866	672.982	-61.070
1867	673.196	-61.264
1868	673.309	-61.565
1869	673.718	-61.129
1870	673.750	-61.370
1871	673.908	-61.246
1872	673.933	-61.736
1873	673.978	-60.890
1874	673.994	-62.143
1875	674.006	-61.693
1876	674.052	-60.935
1877	674.063	-60.492
1878	674.195	-60.201
1879	674.208	-60.508
1880	674.374	-62.836
1881	674.560	-61.730
1882	674.586	-61.252
1883	675.517	-41.948
1884	675.771	-60.420
1885	676.041	-61.231
1886	676.149	-61.074
1887	677.000	-60.101
1888	677.189	-61.340
1889	677.255	-61.483
1890	677.320	-60.849
1891	677.632	-61.207
1892	677.783	-60.160
1893	677.805	-61.444
1894	677.889	-61.716
1895	677.979	-61.604
1896	678.313	-61.608
1897	679.211	-60.815
1898	679.672	-62.123
1899	679.698	-60.502
1900	679.790	-60.913
1901	682.121	-61.035
1902	684.830	-61.381
1903	684.872	-61.240
1904	684.900	-60.665
1905	685.106	-60.870
1906	685.355	-60.492
1907	685.527	-61.076
1908	685.980	-60.647
1909	686.313	-59.672
1910	686.619	-60.829
1911	686.688	-60.784
1912	686.976	-60.089
1913	687.000	-61.140
1914	687.054	-59.827
1915	687.189	-61.416
1916	687.261	-60.236
1917	687.278	-60.058
1918	687.879	-61.007
1919	688.258	-59.676
1920	688.290	-60.167
1921	688.344	-60.508
1922	688.450	-60.716
1923	688.613	-60.242
1924	688.799	-60.888
1925	689.300	-61.027
1926	689.310	-60.972
1927	690.053	-59.866
1928	690.915	-59.811
1929	691.631	-60.469
1930	691.765	-60.256
1931	691.798	-60.424
1932	691.911	-59.754
1933	691.938	-60.498
1934	692.028	-60.455
1935	693.405	-60.620
1936	693.921	-60.966
1937	694.019	-60.226
1938	694.112	-60.377
1939	694.137	-60.859
1940	695.133	-60.855
1941	695.699	-60.720
1942	695.780	-60.700
1943	697.136	-60.402
1944	697.436	-60.729
1945	697.548	-60.882
1946	697.818	-6.677
1947	700.124	-60.665
1948	700.162	-60.657
1949	700.242	-59.874
1950	700.699	-61.005
1951	701.176	-60.651
1952	702.166	-61.277
1953	702.670	-62.669
1954	703.941	-59.809
1955	705.263	-61.240
1956	705.597	-60.577
1957	705.815	-61.254
1958	705.848	-87.620
1959	706.950	-60.900
1960	707.829	-59.719
1961	709.075	-60.142
1962	709.102	-60.485
1963	709.218	-61.072
1964	711.095	-60.187
1965	712.181	-60.404
1966	713.393	-61.714
1967	713.554	-61.381
1968	713.574	-61.924
1969	713.801	-60.054
1970	713.971	-60.052
1971	713.991	-61.035
1972	714.017	-62.709
1973	714.060	-61.493
1974	714.084	-61.759
1975	714.147	-61.761
1976	714.415	-61.260
1977	716.433	-61.356
1978	716.897	-61.695
1979	717.112	-60.718
1980	717.262	-61.003
1981	717.446	-62.160
1982	717.480	-62.546
1983	717.490	-61.873
1984	717.887	-29.773
1985	718.354	-61.207
1986	718.771	-61.082
1987	719.091	-60.314
1988	719.219	-60.812
1989	719.376	-61.246
1990	722.410	-60.802
1991	722.529	-61.573
1992	722.810	-62.468
1993	723.242	-60.209
1994	724.134	-62.552
1995	724.160	-60.998
1996	724.454	-60.467
1997	724.533	-60.218
1998	724.567	-60.902
1999	724.660	-60.739
2000	724.676	-60.389
