DXEX v3
C:\Documents and Settings\LDA\My Documents\TM_SANTOS\Equipo_5\Trailer.lda
2:46:19 PM
0.00 mm;0.00 mm;0.00 mm
Region1
"Row#"	"AT [ms]"	"LDA1 [m/s]"	
1	4.714	-16.922
2	15.978	-16.976
3	19.938	-16.931
4	22.138	-16.713
5	24.024	-17.207
6	37.469	-16.790
7	40.309	-17.466
8	54.022	-16.654
9	54.802	-16.935
10	54.928	-17.228
11	104.029	-16.661
12	104.440	-16.804
13	110.039	-16.891
14	134.797	-16.795
15	140.284	-16.829
16	144.544	-16.469
17	146.261	-16.762
18	157.787	-16.918
19	159.556	-16.809
20	195.959	-16.848
21	195.964	-17.129
22	197.837	-16.928
23	198.521	-12.605
24	200.038	-16.885
25	204.255	-16.942
26	205.070	-16.835
27	207.511	-16.921
28	207.773	-16.987
29	207.779	-17.303
30	208.283	-16.781
31	217.492	-17.070
32	220.519	-17.130
33	222.537	-16.929
34	223.399	-16.899
35	226.401	-16.714
36	226.723	-16.943
37	227.705	-16.929
38	227.971	-16.904
39	228.002	-16.815
40	228.790	-17.111
41	230.953	-16.267
42	233.457	-16.767
43	234.088	-16.275
44	234.891	-16.971
45	236.781	-17.115
46	237.636	-17.136
47	238.285	-16.970
48	238.862	-16.924
49	240.949	-16.868
50	241.973	-16.904
51	242.280	-16.991
52	243.326	-17.084
53	250.432	-17.028
54	256.734	-16.823
55	257.591	-16.800
56	257.771	-16.998
57	269.426	-16.912
58	271.821	-16.192
59	273.896	-16.858
60	275.451	-17.028
61	275.562	-16.932
62	277.292	-17.033
63	280.756	-16.947
64	280.826	-16.874
65	281.157	-17.012
66	281.779	-16.934
67	287.529	-17.089
68	291.469	-16.957
69	292.952	-16.997
70	293.549	-16.690
71	293.816	-17.051
72	296.845	-16.393
73	297.198	-17.165
74	297.879	-17.089
75	299.489	-16.876
76	300.612	-17.057
77	302.158	-16.037
78	303.837	-17.085
79	311.543	-16.015
80	312.708	-17.437
81	314.128	-17.195
82	314.645	-16.933
83	315.270	-16.901
84	315.537	-16.864
85	317.074	-16.930
86	319.495	-17.079
87	319.681	-17.248
88	327.189	-17.105
89	340.682	-16.808
90	341.748	-16.691
91	343.080	-16.849
92	343.230	-16.758
93	346.999	-16.903
94	347.254	-16.770
95	347.973	-16.908
96	348.267	-17.064
97	350.195	-16.905
98	353.397	-16.862
99	354.843	-16.491
100	355.160	-16.866
101	355.690	-17.414
102	357.523	-17.099
103	359.044	-16.703
104	359.330	-16.881
105	359.468	-17.079
106	360.946	-17.040
107	361.016	-16.840
108	361.086	-17.087
109	361.188	-16.701
110	361.372	-17.076
111	361.523	-16.629
112	361.608	-16.932
113	362.823	-16.899
114	363.009	-16.928
115	364.481	-16.851
116	364.730	-16.996
117	364.941	-17.033
118	365.333	-17.432
119	365.725	-16.989
120	366.001	-16.952
121	366.437	-16.945
122	366.825	-16.839
123	367.236	-16.804
124	367.598	-17.187
125	368.140	-17.545
126	371.242	-17.067
127	371.246	-16.783
128	371.620	-16.922
129	371.958	-17.073
130	373.239	-16.845
131	375.550	-16.950
132	376.323	-16.528
133	376.532	-17.668
134	377.207	-16.703
135	377.541	-17.150
136	378.128	-16.829
137	378.345	-16.550
138	378.681	-16.864
139	379.451	-17.047
140	380.069	-16.920
141	381.237	-16.503
142	381.877	-17.224
143	382.395	-17.074
144	382.909	-16.977
145	383.190	-16.951
146	384.492	-16.572
147	384.653	-16.896
148	386.677	-16.703
149	386.953	-17.208
150	389.666	-17.082
151	392.521	-17.410
152	392.970	-17.284
153	396.191	-17.149
154	396.196	-17.103
155	396.987	-16.948
156	397.574	-17.093
157	399.024	-16.990
158	409.722	-17.075
159	410.439	-16.990
160	411.422	-16.951
161	411.826	-16.981
162	412.008	-16.872
163	412.024	-16.811
164	415.648	-17.038
165	416.749	-16.889
166	421.322	-16.901
167	423.047	-16.925
168	424.280	-16.994
169	426.202	-16.864
170	429.405	-16.795
171	429.734	-16.860
172	429.796	-17.044
173	430.851	-16.935
174	431.324	-17.083
175	433.698	-16.836
176	434.608	-16.804
177	434.807	-16.935
178	434.852	-16.949
179	435.050	-16.921
180	435.833	-16.883
181	437.735	-16.909
182	438.067	-16.814
183	439.184	-17.185
184	439.189	-17.278
185	441.556	-17.072
186	442.652	-17.353
187	444.119	-16.874
188	444.260	-16.761
189	444.514	-16.853
190	445.735	-17.817
191	446.548	-16.957
192	449.200	-17.230
193	450.908	-17.028
194	451.210	-17.054
195	451.304	-17.021
196	452.471	-16.868
197	453.591	-17.005
198	454.567	-16.617
199	456.171	-17.137
200	456.523	-17.199
201	457.558	-16.900
202	457.659	-17.001
203	457.720	-17.211
204	457.915	-16.823
205	458.226	-16.764
206	459.911	-17.389
207	462.577	-17.287
208	462.901	-16.421
209	464.362	-16.976
210	465.120	-17.857
211	465.991	-16.977
212	466.394	-17.120
213	467.146	-16.988
214	467.872	-17.111
215	468.533	-17.175
216	468.794	-16.476
217	469.824	-16.756
218	469.829	-16.911
219	470.698	-16.822
220	473.427	-17.442
221	474.022	-17.300
222	475.104	-16.909
223	475.876	-16.900
224	480.824	-16.886
225	480.989	-16.826
226	482.204	-17.059
227	482.963	-16.860
228	483.872	-17.080
229	484.286	-16.851
230	485.197	-17.248
231	485.800	-17.027
232	485.911	-16.251
233	487.108	-16.903
234	487.820	-16.896
235	487.828	-17.025
236	489.987	-16.906
237	490.155	-16.957
238	492.078	-16.957
239	492.568	-16.899
240	493.036	-16.931
241	493.848	-17.046
242	495.182	-16.210
243	497.172	-16.465
244	498.341	-16.947
245	498.645	-16.632
246	500.642	-17.371
247	502.058	-16.740
248	503.695	-17.050
249	504.121	-16.880
250	505.210	-17.108
251	506.747	-16.816
252	507.272	-16.971
253	507.630	-17.017
254	508.517	-17.224
255	510.579	-17.218
256	511.265	-17.195
257	512.641	-16.953
258	512.764	-16.508
259	514.574	-16.692
260	515.412	-16.640
261	516.231	-16.977
262	516.860	-17.254
263	518.429	-16.939
264	518.553	-16.746
265	518.710	-17.204
266	518.753	-16.568
267	520.181	-16.765
268	520.530	-16.915
269	520.879	-16.919
270	521.582	-17.059
271	522.198	-16.944
272	522.965	-17.270
273	523.762	-16.486
274	526.938	-16.877
275	527.126	-16.831
276	527.214	-16.939
277	528.664	-16.989
278	529.194	-17.206
279	529.199	-16.983
280	529.561	-16.251
281	530.657	-16.768
282	531.082	-17.312
283	532.964	-16.898
284	534.602	-16.934
285	535.101	-17.236
286	535.204	-17.082
287	537.052	-16.980
288	537.094	-16.770
289	539.529	-17.387
290	540.887	-16.928
291	542.302	-17.115
292	542.337	-16.989
293	542.538	-16.936
294	543.349	-17.257
295	544.529	-17.002
296	545.187	-17.018
297	545.289	-16.928
298	545.485	-17.293
299	546.669	-17.002
300	547.241	-16.911
301	550.097	-16.761
302	552.621	-16.464
303	554.177	-16.712
304	554.312	-16.877
305	555.486	-16.759
306	555.835	-16.938
307	558.680	-16.821
308	559.728	-17.044
309	560.179	-17.285
310	560.768	-17.035
311	561.388	-17.260
312	561.585	-17.155
313	563.563	-16.889
314	563.923	-16.741
315	567.447	-17.415
316	567.560	-16.976
317	570.411	-16.667
318	571.738	-17.107
319	574.859	-17.441
320	579.417	-17.251
321	581.456	-17.057
322	581.970	-16.913
323	581.983	-17.290
324	582.119	-17.139
325	582.450	-17.030
326	583.391	-16.919
327	584.164	-16.934
328	584.362	-17.064
329	584.498	-16.586
330	584.571	-17.117
331	584.644	-17.278
332	585.087	-16.715
333	586.389	-17.135
334	586.806	-16.989
335	587.345	-16.956
336	588.115	-16.821
337	589.008	-16.687
338	589.750	-16.970
339	590.651	-16.777
340	591.583	-16.873
341	591.611	-17.174
342	595.781	-16.901
343	598.146	-16.895
344	598.336	-16.859
345	598.866	-16.886
346	600.496	-17.169
347	601.558	-16.816
348	602.765	-16.544
349	604.227	-16.918
350	604.638	-17.019
351	606.000	-16.803
352	608.163	-17.252
353	609.086	-17.037
354	609.274	-17.151
355	611.433	-16.665
356	611.594	-16.659
357	612.728	-16.951
358	615.982	-17.483
359	619.992	-17.014
360	620.947	-17.004
361	621.084	-16.917
362	621.227	-17.791
363	622.497	-16.831
364	622.501	-17.127
365	623.685	-16.930
366	624.250	-16.525
367	624.326	2.435
368	624.533	-17.088
369	625.771	-16.857
370	626.968	-17.403
371	628.175	-16.941
372	628.202	-16.915
373	628.525	-17.026
374	628.915	-17.043
375	630.017	-17.251
376	630.025	-17.122
377	630.064	-16.585
378	630.164	-16.911
379	630.521	-17.054
380	631.678	-17.322
381	631.992	-17.917
382	633.948	-16.884
383	634.846	-17.164
384	636.395	-16.986
385	639.582	-17.381
386	641.217	-17.129
387	643.110	-17.057
388	644.851	-17.114
389	656.306	-17.061
390	659.740	-17.009
391	659.746	-15.770
392	662.049	-17.045
393	663.460	-17.113
394	666.299	-17.368
395	666.707	-17.201
396	670.403	-17.032
397	672.801	-16.922
398	675.414	-17.008
399	680.158	-17.056
400	680.887	-16.670
401	682.401	-16.684
402	682.581	-16.996
403	683.257	-17.140
404	683.523	-16.568
405	683.867	-16.936
406	684.067	-17.548
407	684.223	-17.043
408	685.890	-17.028
409	691.837	-17.059
410	693.043	-16.985
411	694.669	-17.216
412	697.453	-16.887
413	699.693	-17.031
414	699.936	-16.943
415	700.016	-17.155
416	700.641	-16.952
417	703.460	-16.572
418	703.532	-8.470
419	704.536	-16.933
420	704.822	-17.012
421	709.931	-16.466
422	712.342	-17.268
423	715.085	-16.964
424	715.124	-16.999
425	715.711	-17.336
426	716.622	-17.341
427	717.124	-16.796
428	717.242	-17.057
429	717.634	-16.998
430	719.786	-17.320
431	720.315	-17.246
432	721.403	-17.049
433	721.992	-16.991
434	722.341	-17.126
435	722.954	-17.046
436	723.287	-16.985
437	723.589	-16.830
438	723.814	-7.468
439	723.876	-17.198
440	724.042	-16.889
441	726.692	-16.864
442	728.465	-17.300
443	729.104	-16.972
444	732.612	-16.969
445	732.729	-17.137
446	733.543	-17.088
447	734.259	-17.046
448	736.871	-16.987
449	737.333	-15.866
450	739.465	-16.576
451	742.980	-17.169
452	743.418	-16.698
453	745.097	-17.050
454	750.084	-16.947
455	750.305	-16.963
456	751.096	-17.468
457	751.426	-17.179
458	753.157	-17.222
459	756.561	-17.950
460	757.352	-17.000
461	759.370	-15.628
462	763.296	-16.806
463	763.675	-17.253
464	763.797	-16.951
465	764.316	-17.078
466	766.890	-17.038
467	769.423	-17.064
468	770.160	-16.918
469	771.001	-16.808
470	771.065	-17.514
471	772.002	-16.973
472	772.225	-17.257
473	772.637	-16.975
474	773.796	-16.978
475	774.181	-17.040
476	775.102	-17.144
477	775.111	-16.864
478	775.330	-16.984
479	775.525	-16.815
480	776.051	-17.111
481	776.426	-17.002
482	777.149	-17.063
483	777.228	-16.927
484	777.281	-17.114
485	777.820	-17.677
486	778.750	-17.191
487	778.872	-16.775
488	780.390	-17.223
489	780.435	-17.050
490	782.131	-10.154
491	782.989	-16.970
492	783.176	-16.820
493	784.162	-17.223
494	785.921	-16.972
495	786.747	-17.026
496	788.304	-16.902
497	788.320	-17.185
498	789.020	-16.472
499	790.487	-17.148
500	790.525	-16.875
501	790.587	-16.994
502	790.770	-17.092
503	791.765	-17.107
504	791.800	-17.037
505	792.516	-16.988
506	794.383	-16.936
507	794.779	-16.920
508	796.231	-17.000
509	796.671	-16.952
510	797.317	-17.128
511	798.175	-17.041
512	798.715	-17.208
513	799.565	-17.069
514	800.400	-17.239
515	800.405	-16.959
516	800.624	-18.152
517	800.905	-17.168
518	801.319	-17.095
519	804.307	-17.126
520	804.531	-17.505
521	806.370	-17.335
522	807.590	-17.053
523	807.853	-17.620
524	808.672	-17.185
525	809.925	-17.270
526	810.733	-16.890
527	810.855	-16.905
528	812.357	-16.709
529	812.808	-17.044
530	815.993	-16.900
531	816.045	-16.663
532	816.147	-16.931
533	816.215	-17.326
534	817.774	-16.945
535	819.231	-16.971
536	820.353	-17.262
537	821.294	-16.907
538	822.663	-16.444
539	824.261	-17.463
540	824.346	-16.923
541	826.395	-17.702
542	829.769	-17.063
543	831.986	-17.181
544	832.504	-17.192
545	832.667	-16.939
546	833.886	-16.921
547	834.008	-17.189
548	835.056	-16.379
549	835.682	-17.068
550	836.458	-15.957
551	837.375	-16.729
552	838.110	-16.820
553	838.698	-17.121
554	840.626	-17.084
555	840.735	-17.071
556	841.230	-16.849
557	841.997	-17.592
558	842.039	-16.141
559	844.947	-16.731
560	850.698	-16.808
561	853.190	-17.038
562	854.269	-17.110
563	856.302	-16.515
564	856.393	-3.190
565	856.501	-16.868
566	858.852	-16.983
567	859.687	-17.073
568	861.177	-16.425
569	861.360	-16.979
570	861.383	-16.674
571	864.764	-17.387
572	866.127	-16.612
573	866.607	-17.094
574	869.485	-17.002
575	871.912	-16.820
576	872.524	-17.235
577	873.835	-16.937
578	875.227	-16.879
579	880.021	-16.981
580	880.448	-16.815
581	881.477	-16.937
582	882.618	-17.181
583	883.161	-16.563
584	884.478	-2.352
585	884.515	-16.716
586	885.294	-17.019
587	885.444	-17.703
588	885.516	-17.148
589	886.545	-17.021
590	887.714	-17.023
591	888.111	-16.758
592	889.666	-16.861
593	889.844	-17.375
594	890.567	-17.027
595	891.774	-14.048
596	893.751	27.389
597	894.576	-17.054
598	894.605	-17.281
599	894.817	-17.257
600	895.459	-17.031
601	896.564	-16.433
602	896.676	-16.703
603	897.762	-16.507
604	898.267	-16.859
605	900.385	-16.798
606	901.075	-17.167
607	901.611	-17.157
608	902.538	-16.931
609	904.999	-16.937
610	905.083	-16.622
611	905.411	-16.916
612	906.272	-16.859
613	909.185	-16.707
614	910.046	-16.620
615	911.080	-11.794
616	911.277	-16.695
617	912.847	-17.007
618	912.898	-6.276
619	913.163	4.978
620	914.384	-17.319
621	916.147	-16.837
622	917.200	-17.026
623	920.551	-16.993
624	920.757	-16.714
625	922.770	-17.136
626	922.782	-16.967
627	923.683	-16.517
628	925.103	-16.952
629	925.642	-17.198
630	926.218	-16.771
631	927.161	-16.881
632	927.865	-16.792
633	927.966	-16.925
634	928.036	-14.581
635	929.825	-17.272
636	930.634	-17.451
637	938.306	-17.045
638	938.992	-16.945
639	939.446	-16.752
640	940.252	-16.847
641	944.092	-16.777
642	945.224	-17.020
643	946.171	-16.610
644	946.513	-16.820
645	947.742	-12.917
646	947.901	-16.841
647	949.923	-16.405
648	951.282	-16.606
649	951.640	-16.778
650	952.062	-17.242
651	953.550	-16.858
652	954.288	-16.449
653	955.426	-16.872
654	957.100	-17.074
655	960.638	-17.061
656	960.850	-17.006
657	965.993	-16.791
658	967.731	-17.255
659	969.044	-17.046
660	969.179	-16.930
661	970.628	-16.877
662	970.891	-17.309
663	971.888	-17.266
664	974.107	-17.111
665	974.148	-16.819
666	974.181	-16.955
667	974.201	-17.125
668	974.476	-16.835
669	975.283	-16.826
670	975.365	-17.388
671	977.366	-17.022
672	978.367	-16.587
673	983.653	-17.528
674	984.258	-16.435
675	984.717	-16.904
676	984.757	-16.889
677	985.294	-17.066
678	985.421	-16.893
679	988.321	-16.891
680	991.260	-17.009
681	992.565	-16.991
682	996.614	-16.971
683	996.649	-18.997
684	997.423	-17.469
685	997.708	-17.177
686	998.809	-16.911
687	1004.083	-17.136
688	1010.490	-17.310
689	1010.724	-16.991
690	1011.354	-13.328
691	1012.695	-17.368
692	1013.207	-1.407
693	1014.975	-17.101
694	1016.064	-16.874
695	1020.134	-16.994
696	1021.153	-17.104
697	1022.291	-16.603
698	1022.961	-17.021
699	1023.417	-16.999
700	1024.662	-16.993
701	1025.234	-17.063
702	1025.807	-17.295
703	1025.883	-16.911
704	1027.574	-16.726
705	1028.095	-17.409
706	1029.325	-16.539
707	1029.866	-16.865
708	1030.762	-17.070
709	1031.147	-17.039
710	1032.911	-17.213
711	1033.582	-16.904
712	1035.555	-16.965
713	1035.905	-17.342
714	1038.681	-16.618
715	1039.379	-16.706
716	1040.138	-16.142
717	1041.505	-16.923
718	1042.037	-16.188
719	1045.742	-17.136
720	1047.211	-16.718
721	1047.800	-17.582
722	1048.170	-17.456
723	1048.787	-17.038
724	1050.257	-17.217
725	1051.481	-16.570
726	1052.229	-17.334
727	1055.808	-17.070
728	1056.791	-16.994
729	1058.297	-16.896
730	1058.345	-17.222
731	1058.538	-17.095
732	1061.162	-16.902
733	1061.481	-16.592
734	1062.562	-16.946
735	1063.454	-16.344
736	1063.556	-17.061
737	1064.044	-17.577
738	1065.189	-17.257
739	1065.599	-16.754
740	1066.421	-17.130
741	1070.222	-16.982
742	1071.426	-16.653
743	1072.254	-17.109
744	1074.617	-16.884
745	1076.195	-16.921
746	1076.325	-17.071
747	1076.504	-16.971
748	1080.769	-16.818
749	1082.938	-7.062
750	1084.670	-16.611
751	1084.791	-17.049
752	1085.373	-17.217
753	1087.385	-17.311
754	1087.721	-17.054
755	1087.950	-17.212
756	1088.846	-16.954
757	1089.479	-18.307
758	1094.351	-16.995
759	1095.928	-17.021
760	1098.214	-17.215
761	1098.667	-16.842
762	1098.928	-16.828
763	1101.974	-17.245
764	1102.387	-16.457
765	1103.960	-16.839
766	1105.712	-16.977
767	1106.013	-16.873
768	1107.932	-16.733
769	1108.053	-16.901
770	1109.712	-16.974
771	1110.638	-17.361
772	1112.376	-16.756
773	1115.656	-16.998
774	1116.293	-16.997
775	1120.272	-16.882
776	1123.238	-16.872
777	1124.330	-8.362
778	1125.717	-16.999
779	1127.621	-17.105
780	1128.771	-16.643
781	1129.421	-16.870
782	1130.719	-16.766
783	1134.891	-16.913
784	1136.085	-17.079
785	1137.422	-17.141
786	1138.324	-17.040
787	1138.414	-17.059
788	1138.778	-16.452
789	1138.782	-16.956
790	1139.099	-17.040
791	1142.456	-16.759
792	1143.581	-17.012
793	1144.316	-17.198
794	1145.902	-17.166
795	1146.188	-16.846
796	1148.778	-16.946
797	1156.315	-17.084
798	1157.655	-16.881
799	1158.180	-16.587
800	1158.631	-16.928
801	1158.797	-16.716
802	1160.415	-16.956
803	1163.130	-16.937
804	1163.260	-16.237
805	1164.907	-16.144
806	1165.310	-16.983
807	1173.403	-16.514
808	1174.871	-16.864
809	1185.534	-17.033
810	1186.186	-16.553
811	1194.652	-17.054
812	1196.330	-16.994
813	1197.342	-17.413
814	1197.421	-16.902
815	1198.218	-16.862
816	1198.808	-16.764
817	1201.223	-16.932
818	1201.240	-16.680
819	1201.245	-16.915
820	1201.686	-16.916
821	1203.774	-17.131
822	1205.237	-16.288
823	1206.601	-16.846
824	1207.209	-16.843
825	1212.994	-17.013
826	1215.073	-17.118
827	1216.841	-16.818
828	1218.506	-16.966
829	1218.592	-16.599
830	1222.001	-16.945
831	1224.299	-16.839
832	1224.961	-17.048
833	1226.746	-17.360
834	1226.847	-16.507
835	1228.871	-17.082
836	1231.742	-16.830
837	1233.546	-16.923
838	1233.803	-16.890
839	1235.689	-16.963
840	1235.863	-16.539
841	1236.557	-17.345
842	1240.637	-16.985
843	1241.150	-17.033
844	1241.515	-17.009
845	1242.190	-16.746
846	1242.771	-16.611
847	1242.855	-17.114
848	1243.195	-17.206
849	1243.582	-17.036
850	1246.690	-16.816
851	1247.628	-16.683
852	1247.746	-16.901
853	1249.304	-16.836
854	1251.914	-16.867
855	1252.035	-17.027
856	1254.163	-16.769
857	1254.636	-17.030
858	1255.675	-16.732
859	1256.940	-16.852
860	1258.328	-16.991
861	1258.512	-17.088
862	1258.986	-17.134
863	1259.277	-16.940
864	1259.302	-16.995
865	1259.642	-17.515
866	1260.226	-17.041
867	1260.241	-16.958
868	1263.247	-18.163
869	1263.710	-17.092
870	1265.861	-16.787
871	1266.189	-16.882
872	1268.820	-17.038
873	1268.824	-16.906
874	1269.316	-17.346
875	1270.218	-17.057
876	1270.922	-16.789
877	1271.076	-17.497
878	1271.272	-17.059
879	1271.426	-17.015
880	1273.274	-17.255
881	1273.979	-16.818
882	1274.430	-17.025
883	1274.652	-17.360
884	1274.703	-17.187
885	1275.257	-16.674
886	1277.715	-17.314
887	1278.358	-16.832
888	1279.424	-16.921
889	1279.428	-17.018
890	1282.665	-17.064
891	1282.827	-16.948
892	1288.922	-17.087
893	1291.390	-16.939
894	1291.430	-17.027
895	1292.029	-17.076
896	1293.236	-16.909
897	1297.213	-17.262
898	1297.426	-17.008
899	1299.070	-16.697
900	1299.141	-17.160
901	1299.146	-17.171
902	1301.168	-16.992
903	1301.923	-17.031
904	1302.963	-17.093
905	1303.347	-16.956
906	1303.350	-17.130
907	1305.043	-17.119
908	1310.093	-16.826
909	1312.489	-17.357
910	1312.544	-16.808
911	1314.544	-16.979
912	1315.713	-17.010
913	1315.718	-17.366
914	1316.302	-17.274
915	1316.327	-17.281
916	1321.610	-17.385
917	1322.328	-16.604
918	1322.436	-16.953
919	1325.064	-16.321
920	1327.177	-16.557
921	1327.509	-16.759
922	1327.629	-17.043
923	1329.117	-16.861
924	1329.763	-17.015
925	1334.302	-16.984
926	1334.800	-17.087
927	1338.032	13.292
928	1338.133	-16.852
929	1338.645	-16.913
930	1338.818	-16.809
931	1338.849	-16.783
932	1339.162	-17.147
933	1339.809	-16.527
934	1341.919	-16.780
935	1341.924	-16.780
936	1342.581	-17.389
937	1345.700	-17.001
938	1347.037	-17.034
939	1347.042	-17.417
940	1353.536	-16.737
941	1353.589	-16.384
942	1353.943	-17.653
943	1355.006	-17.003
944	1355.471	-17.071
945	1356.271	-17.252
946	1360.379	-17.264
947	1360.585	-16.869
948	1361.927	-16.952
949	1362.544	-17.506
950	1362.887	-16.894
951	1363.413	-17.194
952	1363.952	-16.712
953	1364.156	-17.054
954	1364.646	-17.471
955	1364.773	-16.720
956	1365.851	-16.792
957	1366.613	-17.897
958	1368.340	-17.034
959	1372.260	-17.459
960	1372.907	-17.169
961	1374.729	-17.308
962	1374.933	-17.197
963	1376.184	-16.549
964	1376.479	-17.132
965	1379.480	-16.923
966	1380.527	-17.280
967	1381.687	-17.258
968	1381.806	-17.031
969	1384.869	-16.810
970	1385.986	-0.140
971	1386.093	-16.962
972	1386.287	-17.010
973	1386.881	-16.907
974	1387.171	-16.919
975	1389.140	-16.971
976	1389.662	-17.016
977	1389.696	-17.233
978	1390.032	-17.075
979	1390.623	-17.123
980	1390.788	13.283
981	1390.906	-17.267
982	1392.048	-16.943
983	1392.723	-17.756
984	1394.032	-16.764
985	1394.138	-17.021
986	1394.796	-17.298
987	1396.913	-16.630
988	1397.519	-16.834
989	1397.743	-16.848
990	1397.933	-16.937
991	1400.729	-17.032
992	1401.800	-17.360
993	1402.427	-16.879
994	1402.577	-16.937
995	1405.162	-16.974
996	1405.768	-17.143
997	1406.201	-17.145
998	1407.018	-17.070
999	1408.892	-17.020
1000	1410.842	-17.066
1001	1411.492	-17.347
1002	1412.645	-16.966
1003	1412.700	-17.026
1004	1413.136	-16.333
1005	1413.519	-16.495
1006	1413.891	-17.113
1007	1414.241	-17.332
1008	1414.345	-17.318
1009	1415.165	-17.842
1010	1415.642	-17.190
1011	1416.097	-17.242
1012	1417.012	-16.911
1013	1417.837	-17.250
1014	1418.480	-16.988
1015	1420.279	-15.009
1016	1421.295	-17.274
1017	1422.336	-16.822
1018	1424.957	-16.667
1019	1425.156	-17.020
1020	1428.473	-17.038
1021	1428.584	-16.885
1022	1428.782	-16.743
1023	1430.901	-16.772
1024	1431.955	-17.099
1025	1432.468	-16.950
1026	1432.579	-17.137
1027	1433.772	-17.069
1028	1434.158	-17.139
1029	1439.183	-16.788
1030	1439.604	-15.150
1031	1442.122	-17.066
1032	1442.888	-17.643
1033	1446.256	-18.083
1034	1446.647	-16.708
1035	1446.681	-16.602
1036	1450.443	-17.321
1037	1451.830	-16.907
1038	1452.230	-17.030
1039	1456.366	-17.140
1040	1457.504	-17.207
1041	1458.095	-17.344
1042	1460.493	-17.015
1043	1460.514	-17.404
1044	1467.968	-17.258
1045	1468.201	-17.088
1046	1469.031	-17.012
1047	1471.434	-16.774
1048	1481.527	-17.036
1049	1483.920	-17.424
1050	1485.089	-17.079
1051	1488.580	-17.074
1052	1489.037	-17.058
1053	1489.955	-17.079
1054	1490.785	-17.041
1055	1491.197	-17.171
1056	1491.969	-16.563
1057	1492.321	-16.903
1058	1492.744	-17.391
1059	1493.643	-17.589
1060	1496.531	-16.852
1061	1498.381	-17.200
1062	1503.733	-16.991
1063	1508.499	-16.759
1064	1510.079	-17.129
1065	1510.765	-17.028
1066	1511.035	-17.076
1067	1512.063	-16.888
1068	1516.870	-17.106
1069	1517.371	-17.255
1070	1517.670	-17.198
1071	1518.836	-16.822
1072	1519.371	-16.969
1073	1522.264	-16.629
1074	1522.479	-16.713
1075	1523.858	-16.403
1076	1524.467	-16.870
1077	1525.574	-17.059
1078	1525.673	-17.065
1079	1528.220	-16.673
1080	1530.012	-17.213
1081	1532.270	-17.096
1082	1533.107	-17.093
1083	1540.603	-17.172
1084	1540.769	-17.401
1085	1543.443	-16.670
1086	1544.516	-17.801
1087	1545.348	-17.283
1088	1545.706	-16.938
1089	1547.693	-17.026
1090	1548.354	-17.039
1091	1548.788	-17.056
1092	1549.590	-17.122
1093	1550.515	-17.227
1094	1550.520	-16.865
1095	1551.124	-16.423
1096	1552.193	-17.102
1097	1552.513	-17.270
1098	1553.927	-17.138
1099	1554.697	-16.995
1100	1555.519	-17.024
1101	1556.670	-16.720
1102	1556.931	-16.792
1103	1558.842	-17.126
1104	1561.039	-16.870
1105	1561.403	-17.010
1106	1561.859	-17.374
1107	1563.715	-17.382
1108	1563.853	-13.907
1109	1564.102	-17.041
1110	1564.603	-16.811
1111	1565.373	-16.964
1112	1566.523	-16.868
1113	1566.743	-17.226
1114	1567.438	-12.284
1115	1567.550	-14.945
1116	1569.030	-16.746
1117	1569.686	-16.968
1118	1569.845	-17.384
1119	1570.910	-16.985
1120	1571.385	-17.030
1121	1572.814	-17.052
1122	1576.218	-17.174
1123	1580.412	-17.056
1124	1581.402	-16.879
1125	1582.031	-17.970
1126	1582.859	-17.335
1127	1583.104	-17.089
1128	1583.943	-16.918
1129	1584.040	-17.000
1130	1584.871	-16.903
1131	1584.875	-17.039
1132	1585.584	-17.058
1133	1586.716	-17.197
1134	1588.015	-1.198
1135	1589.830	-16.997
1136	1591.124	-17.456
1137	1591.374	-17.208
1138	1591.700	-4.705
1139	1594.766	-16.878
1140	1595.668	-16.946
1141	1595.832	-17.657
1142	1596.017	-17.005
1143	1597.854	-16.959
1144	1598.575	-16.976
1145	1598.948	-17.166
1146	1599.061	-17.030
1147	1599.645	-16.921
1148	1600.047	-17.099
1149	1600.394	-16.840
1150	1601.191	-16.800
1151	1601.410	-16.923
1152	1601.415	-16.926
1153	1602.332	-17.302
1154	1602.486	-16.583
1155	1602.706	-16.826
1156	1602.845	-16.997
1157	1603.785	-8.705
1158	1608.066	-17.003
1159	1608.109	-16.633
1160	1608.286	-17.366
1161	1608.886	-17.015
1162	1610.071	-17.195
1163	1610.529	-17.075
1164	1610.566	-16.623
1165	1610.851	-17.056
1166	1614.283	-16.839
1167	1616.172	-17.153
1168	1617.700	-16.611
1169	1618.345	-17.031
1170	1618.724	-17.061
1171	1619.208	-17.241
1172	1619.440	-17.054
1173	1620.628	-17.146
1174	1621.200	-17.184
1175	1621.207	-16.455
1176	1621.668	-16.985
1177	1622.267	-16.998
1178	1623.102	-17.270
1179	1623.524	-16.822
1180	1624.129	-17.405
1181	1624.909	-17.382
1182	1625.351	-16.414
1183	1627.046	-17.034
1184	1627.689	-17.071
1185	1631.965	-17.050
1186	1633.337	-17.092
1187	1633.477	-17.261
1188	1635.328	-17.116
1189	1635.395	-17.344
1190	1636.008	-17.044
1191	1636.705	-17.270
1192	1641.124	-17.363
1193	1641.845	-17.409
1194	1643.462	-17.342
1195	1644.006	-17.022
1196	1644.187	-17.224
1197	1644.243	-17.182
1198	1644.545	-17.116
1199	1646.105	-17.360
1200	1646.206	-17.076
1201	1646.594	-4.274
1202	1648.343	-16.748
1203	1649.306	-17.056
1204	1649.746	-17.269
1205	1650.857	-17.147
1206	1651.643	-17.115
1207	1654.070	-0.715
1208	1654.122	-17.090
1209	1654.345	-17.193
1210	1655.126	-17.262
1211	1655.870	-16.792
1212	1656.531	-16.804
1213	1659.509	-16.962
1214	1659.519	-17.593
1215	1661.610	-16.985
1216	1661.651	-17.333
1217	1662.460	-17.096
1218	1662.573	-16.955
1219	1663.622	-16.940
1220	1664.169	-18.148
1221	1664.942	-18.257
1222	1665.260	-17.051
1223	1665.720	-17.137
1224	1667.069	-17.072
1225	1667.081	-17.007
1226	1668.668	-17.205
1227	1669.543	-17.160
1228	1670.743	-17.320
1229	1671.632	-17.192
1230	1671.693	-17.170
1231	1673.644	-16.486
1232	1673.819	-17.061
1233	1675.834	-16.896
1234	1676.223	-17.198
1235	1679.096	-16.854
1236	1679.276	-16.708
1237	1680.306	-17.388
1238	1681.727	-17.462
1239	1683.572	-17.229
1240	1684.572	-17.097
1241	1685.992	-16.924
1242	1686.109	-16.847
1243	1686.831	-17.151
1244	1686.908	-17.225
1245	1687.059	-17.252
1246	1687.718	-17.054
1247	1688.604	-17.284
1248	1688.702	-1.331
1249	1688.770	-17.060
1250	1689.461	-6.704
1251	1689.496	-17.119
1252	1692.059	-16.908
1253	1692.376	-17.178
1254	1694.638	-17.089
1255	1695.964	-16.533
1256	1696.417	-16.822
1257	1696.650	-17.144
1258	1698.020	-17.333
1259	1704.371	-17.368
1260	1704.555	-17.547
1261	1705.429	-18.655
1262	1705.914	-17.342
1263	1707.604	-16.854
1264	1709.669	-16.704
1265	1710.832	-17.557
1266	1713.569	-17.146
1267	1713.647	-17.255
1268	1715.195	-17.244
1269	1715.790	-16.534
1270	1715.918	-17.251
1271	1716.447	-17.073
1272	1716.531	-17.323
1273	1716.655	-17.184
1274	1716.740	-17.533
1275	1716.746	-17.242
1276	1717.181	-17.927
1277	1718.236	-17.456
1278	1718.319	-17.217
1279	1718.642	-17.130
1280	1719.498	-16.759
1281	1720.813	-16.869
1282	1720.891	-17.342
1283	1720.894	-17.374
1284	1721.254	-17.362
1285	1721.530	-17.138
1286	1721.918	-16.875
1287	1722.282	-16.915
1288	1722.587	-16.860
1289	1724.141	-17.024
1290	1724.164	-16.957
1291	1724.255	-17.392
1292	1724.385	-16.398
1293	1724.469	-16.998
1294	1724.673	-17.844
1295	1725.182	-16.809
1296	1727.456	-17.100
1297	1727.528	-17.176
1298	1728.125	-17.519
1299	1728.441	-17.171
1300	1729.147	-16.914
1301	1729.521	-17.156
1302	1729.839	-17.851
1303	1730.396	-16.746
1304	1730.999	-17.055
1305	1731.973	-17.391
1306	1731.988	-17.110
1307	1734.528	-17.043
1308	1735.459	-16.864
1309	1735.533	-17.225
1310	1736.009	-17.570
1311	1737.063	-17.084
1312	1737.380	-17.291
1313	1737.491	-17.276
1314	1738.029	-16.753
1315	1738.313	-17.245
1316	1738.328	7.287
1317	1738.445	-17.036
1318	1740.515	-17.373
1319	1740.570	-17.017
1320	1741.555	-16.924
1321	1743.032	-17.152
1322	1743.225	-17.274
1323	1746.333	-17.066
1324	1746.357	-17.676
1325	1746.535	-17.157
1326	1746.864	-17.195
1327	1747.324	-16.760
1328	1748.012	-17.436
1329	1750.814	-17.040
1330	1751.437	-17.114
1331	1751.683	-17.034
1332	1751.720	-17.151
1333	1754.051	-17.084
1334	1755.861	-16.673
1335	1756.173	-17.288
1336	1757.553	-16.942
1337	1758.145	-17.204
1338	1758.699	-17.181
1339	1759.053	30.772
1340	1761.322	-17.382
1341	1761.396	-17.303
1342	1761.734	-17.050
1343	1764.800	-17.401
1344	1767.835	-16.959
1345	1769.110	-17.351
1346	1773.264	-17.082
1347	1774.906	-17.334
1348	1775.011	-17.149
1349	1775.198	-17.108
1350	1778.942	-16.839
1351	1780.402	-17.045
1352	1781.192	-16.954
1353	1782.336	-17.099
1354	1782.483	-17.007
1355	1783.902	-17.156
1356	1784.220	-17.695
1357	1785.974	-17.501
1358	1796.704	-17.148
1359	1797.707	-17.174
1360	1799.600	-17.271
1361	1800.620	-16.764
1362	1801.153	-0.723
1363	1801.172	-17.510
1364	1801.659	-17.321
1365	1802.031	-16.390
1366	1802.597	-16.773
1367	1804.324	-16.997
1368	1804.696	-16.952
1369	1804.910	-17.687
1370	1805.478	-16.490
1371	1806.173	-17.123
1372	1807.514	-15.087
1373	1807.860	-17.057
1374	1808.220	-17.114
1375	1808.315	-17.402
1376	1808.470	-17.069
1377	1808.947	-17.331
1378	1810.097	-17.354
1379	1812.816	-16.944
1380	1813.483	-17.382
1381	1813.732	-17.093
1382	1815.573	-17.020
1383	1817.425	-17.185
1384	1817.687	-16.423
1385	1818.323	-16.934
1386	1820.694	-4.828
1387	1821.282	-17.272
1388	1821.610	-17.647
1389	1821.785	-17.271
1390	1821.995	-16.968
1391	1822.503	-9.860
1392	1822.958	-17.024
1393	1823.661	-17.130
1394	1823.763	-17.397
1395	1824.105	-17.057
1396	1825.302	-17.033
1397	1829.075	-17.299
1398	1829.189	-17.377
1399	1829.550	-16.868
1400	1831.210	-16.427
1401	1833.889	-18.020
1402	1834.681	-16.532
1403	1835.343	-17.135
1404	1836.566	-17.229
1405	1837.202	-16.927
1406	1837.959	-16.082
1407	1839.327	-17.170
1408	1839.627	-16.090
1409	1840.410	-17.210
1410	1842.317	-16.968
1411	1848.264	-17.183
1412	1848.561	-16.958
1413	1848.719	-16.327
1414	1849.329	-16.910
1415	1851.637	-17.191
1416	1853.176	-16.389
1417	1853.540	-16.963
1418	1856.868	-17.185
1419	1857.358	-17.236
1420	1858.069	-16.799
1421	1858.644	-16.651
1422	1860.400	-16.902
1423	1864.961	-17.238
1424	1865.267	-11.567
1425	1868.498	-17.077
1426	1870.262	-17.036
1427	1870.717	-17.389
1428	1870.922	-16.872
1429	1873.683	-17.137
1430	1875.395	-17.895
1431	1876.150	-17.558
1432	1876.421	-17.095
1433	1877.130	-16.867
1434	1877.150	-16.673
1435	1877.823	-17.319
1436	1878.490	-17.129
1437	1882.089	-17.283
1438	1883.943	-17.285
1439	1884.159	-17.038
1440	1884.601	-16.878
1441	1886.884	-16.920
1442	1889.865	-17.313
1443	1891.147	-17.288
1444	1891.775	-5.172
1445	1893.305	-17.093
1446	1893.445	-16.997
1447	1893.757	-17.281
1448	1895.194	-17.350
1449	1895.773	-17.057
1450	1896.915	-17.274
1451	1897.953	-16.734
1452	1899.262	-16.928
1453	1899.266	-17.214
1454	1899.396	-16.630
1455	1899.511	-17.051
1456	1899.841	-17.247
1457	1901.364	-16.882
1458	1901.489	-17.146
1459	1902.244	-9.061
1460	1903.536	-17.552
1461	1906.617	-17.330
1462	1907.091	-17.063
1463	1907.329	-17.039
1464	1907.855	-17.387
1465	1909.316	-5.524
1466	1909.820	-17.275
1467	1909.827	-16.986
1468	1910.677	-17.042
1469	1910.738	-17.092
1470	1911.703	-16.983
1471	1911.978	-17.014
1472	1912.976	-16.263
1473	1913.941	-17.448
1474	1916.137	-18.261
1475	1916.881	-17.640
1476	1917.650	-17.241
1477	1918.287	-18.278
1478	1923.105	-16.724
1479	1923.712	-17.270
1480	1925.104	-16.895
1481	1925.159	-17.143
1482	1925.879	-17.067
1483	1926.966	-17.486
1484	1927.792	-17.130
1485	1929.048	-16.839
1486	1929.689	-17.184
1487	1930.229	-10.178
1488	1931.291	-17.764
1489	1932.656	-17.101
1490	1932.697	-17.105
1491	1933.837	-16.954
1492	1934.167	-17.368
1493	1934.433	-16.963
1494	1935.668	-17.021
1495	1936.101	-17.126
1496	1937.919	-16.866
1497	1938.633	-17.370
1498	1941.902	-15.675
1499	1942.069	-17.354
1500	1943.233	-16.686
1501	1943.476	-17.251
1502	1943.517	-17.328
1503	1947.322	-17.353
1504	1949.037	-17.092
1505	1949.068	-17.163
1506	1949.740	-16.378
1507	1950.763	-18.555
1508	1952.884	-17.600
1509	1952.975	-17.065
1510	1953.066	-16.834
1511	1955.763	-17.202
1512	1956.986	-16.835
1513	1957.029	-17.357
1514	1957.388	-16.641
1515	1957.554	-17.071
1516	1957.963	-10.037
1517	1959.525	-17.072
1518	1959.708	-16.914
1519	1960.795	-17.433
1520	1961.027	-17.013
1521	1961.063	-16.892
1522	1961.382	-16.899
1523	1961.546	-17.126
1524	1962.180	-17.253
1525	1962.942	-17.201
1526	1966.314	-17.165
1527	1968.081	-16.476
1528	1968.372	-17.173
1529	1968.568	-16.986
1530	1969.211	-16.944
1531	1970.579	-16.908
1532	1972.075	-17.276
1533	1973.042	-17.174
1534	1973.444	-17.168
1535	1973.990	-18.140
1536	1974.277	-16.978
1537	1975.178	-17.210
1538	1975.982	-16.848
1539	1977.058	-17.420
1540	1977.562	-17.219
1541	1977.879	-16.898
1542	1980.088	-17.156
1543	1980.157	-17.362
1544	1980.239	-17.227
1545	1982.200	-17.099
1546	1982.228	-17.088
1547	1982.692	-16.914
1548	1985.169	-16.988
1549	1985.330	-18.158
1550	1985.360	-17.030
1551	1985.535	-17.007
1552	1985.767	-17.201
1553	1988.597	-16.939
1554	1992.187	-16.838
1555	1992.613	-17.650
1556	1993.086	-16.967
1557	1995.163	-17.460
1558	1997.592	-16.777
1559	2000.088	-17.359
1560	2001.985	-17.041
1561	2004.226	-17.340
1562	2004.480	-17.191
1563	2004.874	-17.031
1564	2005.164	-16.702
1565	2005.904	-17.247
1566	2006.319	-17.095
1567	2010.753	-17.054
1568	2012.126	-17.061
1569	2012.953	-17.318
1570	2014.004	-17.065
1571	2014.643	-17.129
1572	2014.817	-16.914
1573	2017.301	-17.258
1574	2019.646	3.507
1575	2023.001	-17.160
1576	2024.497	-16.876
1577	2024.858	-16.941
1578	2025.229	-17.134
1579	2027.038	-16.877
1580	2030.576	-17.329
1581	2031.779	-17.015
1582	2033.011	-17.309
1583	2035.849	-17.102
1584	2037.375	-16.772
1585	2040.058	-8.475
1586	2040.638	-17.930
1587	2043.156	-16.853
1588	2043.309	-17.156
1589	2043.549	-17.057
1590	2044.513	-17.105
1591	2045.124	-17.203
1592	2045.744	-17.390
1593	2046.885	-17.115
1594	2047.306	-17.310
1595	2047.315	-17.659
1596	2047.734	-17.081
1597	2050.145	-17.203
1598	2050.858	-17.039
1599	2055.859	-17.297
1600	2057.344	-17.167
1601	2060.638	-17.078
1602	2061.546	-17.132
1603	2062.481	-16.771
1604	2064.668	-17.114
1605	2065.639	-16.940
1606	2067.820	-16.461
1607	2068.845	-17.131
1608	2069.182	-17.051
1609	2069.328	-17.020
1610	2070.705	-17.236
1611	2073.506	-16.920
1612	2073.865	-17.350
1613	2074.962	-16.965
1614	2075.258	-17.513
1615	2077.055	-17.405
1616	2078.945	-17.199
1617	2081.159	-16.914
1618	2081.452	-16.944
1619	2082.225	-16.720
1620	2084.072	-16.845
1621	2085.992	-16.914
1622	2086.373	-16.971
1623	2086.828	-16.987
1624	2087.553	-16.926
1625	2088.861	-17.566
1626	2088.932	-16.897
1627	2089.055	-17.108
1628	2090.088	-17.070
1629	2090.702	-16.920
1630	2091.790	-16.810
1631	2093.181	-16.993
1632	2093.685	-16.794
1633	2095.032	-16.897
1634	2095.413	-17.021
1635	2096.841	-17.081
1636	2102.757	-17.061
1637	2103.213	-17.037
1638	2104.990	-17.233
1639	2106.505	-17.251
1640	2106.817	-16.682
1641	2108.382	-16.858
1642	2112.717	-16.921
1643	2112.965	-16.994
1644	2114.263	-17.030
1645	2119.820	-17.034
1646	2120.063	-17.364
1647	2120.070	-16.490
1648	2120.586	-17.483
1649	2120.629	-17.060
1650	2121.734	-16.901
1651	2124.193	-16.856
1652	2125.162	-17.113
1653	2125.569	-17.021
1654	2126.029	-17.177
1655	2126.427	-17.078
1656	2127.102	-17.081
1657	2129.415	-16.793
1658	2129.514	-16.767
1659	2130.551	-16.925
1660	2131.359	-17.004
1661	2131.964	-17.086
1662	2132.606	-16.899
1663	2133.147	-17.762
1664	2134.607	-15.639
1665	2134.884	-17.146
1666	2135.351	-17.003
1667	2135.413	-16.989
1668	2141.170	-16.918
1669	2141.601	-16.708
1670	2143.425	-17.304
1671	2143.669	-16.949
1672	2144.480	-16.906
1673	2145.391	-17.139
1674	2146.203	-16.975
1675	2146.340	-17.005
1676	2148.734	-16.861
1677	2148.738	-17.051
1678	2149.103	-16.896
1679	2150.706	-16.631
1680	2150.840	-16.876
1681	2150.844	-17.203
1682	2152.000	-17.020
1683	2153.652	-17.011
1684	2154.018	-17.246
1685	2156.021	-16.693
1686	2156.364	-17.007
1687	2157.162	-16.959
1688	2157.351	-17.020
1689	2157.472	-16.959
1690	2160.205	-16.777
1691	2160.717	-16.899
1692	2162.635	-16.921
1693	2165.531	-16.767
1694	2165.674	-17.554
1695	2165.800	-16.877
1696	2167.105	-17.041
1697	2167.138	-17.001
1698	2168.170	-16.950
1699	2168.248	-17.378
1700	2168.805	-16.753
1701	2170.677	-16.983
1702	2175.384	-16.713
1703	2176.882	-16.949
1704	2194.613	-8.560
1705	2195.065	-16.428
1706	2195.756	-17.217
1707	2195.853	-16.633
1708	2196.821	-17.185
1709	2201.687	-16.206
1710	2202.745	-17.340
1711	2204.433	-17.000
1712	2209.030	-16.867
1713	2213.518	-17.347
1714	2214.834	-16.947
1715	2215.235	-17.036
1716	2215.350	-17.044
1717	2216.007	-17.735
1718	2218.067	-16.934
1719	2223.083	-16.891
1720	2226.611	-17.031
1721	2228.469	-17.506
1722	2229.069	-16.968
1723	2231.111	-17.032
1724	2231.291	-17.080
1725	2232.335	-17.064
1726	2236.186	-16.891
1727	2236.552	-17.261
1728	2239.865	-16.837
1729	2243.110	-16.857
1730	2246.217	-17.090
1731	2247.568	-17.284
1732	2247.687	-16.891
1733	2247.963	-16.851
1734	2248.268	-17.568
1735	2250.160	-17.162
1736	2250.299	-17.041
1737	2250.696	-16.876
1738	2250.884	-12.434
1739	2251.347	-17.049
1740	2254.202	-16.918
1741	2255.197	-16.791
1742	2255.467	-16.575
1743	2259.804	-17.616
1744	2268.326	-16.781
1745	2268.570	-17.006
1746	2272.781	-16.978
1747	2272.825	-16.943
1748	2273.351	-17.028
1749	2276.548	-17.076
1750	2278.890	-16.883
1751	2279.774	-17.033
1752	2281.192	-16.972
1753	2282.803	-16.963
1754	2283.084	-16.795
1755	2283.088	-17.222
1756	2286.880	-16.473
1757	2287.285	-17.064
1758	2290.458	-17.070
1759	2290.952	-17.245
1760	2291.613	-16.662
1761	2292.493	-16.804
1762	2294.378	-16.966
1763	2296.620	-17.231
1764	2297.085	-15.902
1765	2298.189	-17.559
1766	2298.444	-17.458
1767	2299.877	-16.925
1768	2300.691	-16.743
1769	2308.964	-17.013
1770	2311.827	-16.890
1771	2312.102	-16.887
1772	2314.701	-16.647
1773	2315.520	-15.275
1774	2315.882	-17.027
1775	2316.051	-16.863
1776	2316.433	-17.186
1777	2317.036	-17.264
1778	2317.157	-16.866
1779	2317.415	-17.286
1780	2318.757	-16.948
1781	2318.944	-16.918
1782	2319.587	-16.737
1783	2321.780	-16.985
1784	2323.786	-16.865
1785	2325.326	-16.870
1786	2326.822	-16.852
1787	2327.367	-16.844
1788	2328.494	-16.932
1789	2331.748	-16.932
1790	2331.835	-16.950
1791	2331.961	-16.978
1792	2335.416	-16.868
1793	2336.163	-16.574
1794	2337.612	-17.024
1795	2337.871	-6.963
1796	2339.151	-17.012
1797	2341.137	-17.163
1798	2342.029	-16.742
1799	2343.045	-16.987
1800	2344.748	-17.047
1801	2346.882	-16.727
1802	2347.260	-17.239
1803	2349.001	-17.222
1804	2349.333	-16.756
1805	2349.702	-17.221
1806	2351.989	-17.251
1807	2353.212	-16.887
1808	2354.976	-17.277
1809	2356.167	-16.900
1810	2357.109	-17.283
1811	2357.644	-17.022
1812	2357.703	-16.852
1813	2358.050	-16.755
1814	2358.506	-16.803
1815	2359.090	-16.870
1816	2359.488	-16.854
1817	2360.397	-17.103
1818	2360.660	-17.314
1819	2364.205	-17.029
1820	2364.423	-15.610
1821	2365.126	-16.734
1822	2366.363	-16.717
1823	2369.624	-17.391
1824	2370.010	-16.507
1825	2370.245	-16.518
1826	2371.139	-16.949
1827	2371.272	-16.834
1828	2371.861	-17.034
1829	2371.903	-16.990
1830	2372.374	-16.847
1831	2372.510	-16.904
1832	2374.348	-16.692
1833	2374.821	-16.989
1834	2375.058	-16.702
1835	2375.434	-16.338
1836	2376.003	-17.079
1837	2377.046	-16.899
1838	2377.635	-17.022
1839	2377.901	-16.976
1840	2377.912	-16.998
1841	2378.848	-8.638
1842	2379.007	-16.820
1843	2379.099	-17.178
1844	2379.938	-16.813
1845	2380.166	-16.848
1846	2380.269	-17.008
1847	2382.148	-16.968
1848	2382.180	-16.924
1849	2384.086	-16.273
1850	2385.890	-17.024
1851	2386.528	-17.347
1852	2386.538	-16.955
1853	2386.577	-17.101
1854	2387.559	-17.469
1855	2387.844	-16.748
1856	2388.061	-17.269
1857	2388.338	-17.419
1858	2389.665	-16.954
1859	2391.029	-16.365
1860	2391.180	-17.249
1861	2392.457	-17.814
1862	2393.777	-17.292
1863	2394.879	-17.341
1864	2395.388	-16.469
1865	2396.260	-16.851
1866	2396.918	-17.124
1867	2397.831	-17.271
1868	2398.078	-17.362
1869	2398.480	-3.080
1870	2398.993	-17.051
1871	2399.944	-16.962
1872	2400.822	-17.327
1873	2403.188	-16.987
1874	2407.285	-16.870
1875	2410.050	-17.352
1876	2411.617	-16.901
1877	2412.877	-16.941
1878	2413.350	-16.846
1879	2418.170	-16.868
1880	2419.549	-16.997
1881	2424.908	-17.233
1882	2426.303	-17.268
1883	2427.941	-16.965
1884	2428.424	-17.031
1885	2428.617	-17.037
1886	2434.560	-17.181
1887	2435.143	-17.050
1888	2435.249	-16.545
1889	2435.643	-17.110
1890	2436.458	-16.900
1891	2437.283	-16.901
1892	2437.667	-17.017
1893	2437.941	-17.224
1894	2438.657	-17.044
1895	2438.829	-16.894
1896	2438.980	-6.552
1897	2439.926	-16.725
1898	2441.037	-17.396
1899	2442.122	-16.919
1900	2442.157	-16.982
1901	2442.553	-16.303
1902	2442.700	-16.818
1903	2443.335	-17.474
1904	2444.116	-17.059
1905	2444.486	-17.392
1906	2444.581	-4.708
1907	2444.645	-16.710
1908	2444.952	-17.051
1909	2446.059	-17.038
1910	2446.313	-17.150
1911	2447.315	-16.907
1912	2447.550	-16.706
1913	2447.847	-17.303
1914	2449.415	-16.844
1915	2450.237	-17.091
1916	2450.416	-17.042
1917	2452.112	-16.876
1918	2452.213	-16.711
1919	2453.005	-17.325
1920	2453.386	-16.841
1921	2453.668	-16.032
1922	2454.203	-18.011
1923	2454.725	-16.999
1924	2455.223	-16.951
1925	2456.160	-17.065
1926	2456.577	-17.077
1927	2456.717	-16.819
1928	2457.315	-17.519
1929	2457.829	-17.009
1930	2458.133	-16.921
1931	2459.232	-17.045
1932	2459.516	-16.837
1933	2459.520	-17.191
1934	2459.918	-17.005
1935	2461.316	-16.693
1936	2461.456	-17.385
1937	2462.029	-16.679
1938	2464.958	-16.976
1939	2465.536	-16.921
1940	2465.637	-16.814
1941	2466.869	-17.812
1942	2466.934	-16.495
1943	2467.178	-16.838
1944	2468.944	-17.026
1945	2469.099	-16.974
1946	2470.175	-16.134
1947	2470.822	-16.943
1948	2471.298	-17.029
1949	2472.404	-16.261
1950	2472.585	-16.788
1951	2473.864	-16.721
1952	2475.611	-17.016
1953	2476.783	-16.963
1954	2477.011	-17.656
1955	2477.823	-17.132
1956	2479.768	-17.085
1957	2482.566	-17.227
1958	2487.366	-16.610
1959	2487.988	-17.014
1960	2489.306	-16.984
1961	2489.642	-17.180
1962	2489.722	-17.155
1963	2498.844	-17.010
1964	2499.015	-16.921
1965	2501.645	-16.997
1966	2502.012	-16.398
1967	2502.127	-16.904
1968	2502.573	-17.262
1969	2505.064	-17.014
1970	2505.438	-17.261
1971	2505.844	-16.827
1972	2507.742	-17.043
1973	2508.951	-16.956
1974	2508.981	-17.178
1975	2509.385	-16.806
1976	2511.030	-16.067
1977	2511.190	-17.151
1978	2514.301	-17.418
1979	2515.738	-16.985
1980	2516.141	-17.728
1981	2516.870	-16.731
1982	2518.162	-17.101
1983	2518.321	-16.731
1984	2518.325	-16.281
1985	2519.325	-16.963
1986	2520.560	-15.981
1987	2521.828	-16.686
1988	2522.177	-17.037
1989	2522.481	0.484
1990	2522.752	-16.866
1991	2522.871	-17.282
1992	2523.923	-17.223
1993	2524.252	-17.047
1994	2525.718	-16.522
1995	2527.302	-17.040
1996	2527.388	-17.102
1997	2528.650	-16.392
1998	2528.890	-17.041
1999	2529.025	-16.979
2000	2529.705	-16.936
