DXEX v3
C:\Documents and Settings\LDA\My Documents\TM_SANTOS\Equipo_5\Trailer.lda
3:16:24 PM
0.00 mm;0.00 mm;0.00 mm
Region1
"Row#"	"AT [ms]"	"LDA1 [m/s]"	
1	0.275	-55.547
2	1.242	-54.427
3	1.711	-55.112
4	2.128	-54.709
5	2.409	-54.384
6	2.513	-54.666
7	2.521	-54.525
8	2.926	-54.727
9	3.087	-53.679
10	3.270	-54.468
11	6.208	-54.631
12	6.503	-55.040
13	7.069	-55.165
14	7.822	-55.392
15	7.990	-55.441
16	9.048	-54.883
17	9.456	-54.539
18	9.506	-54.678
19	9.566	-54.218
20	9.575	-53.916
21	9.615	-53.975
22	9.635	-54.034
23	9.839	-54.257
24	9.859	-55.375
25	9.997	-55.449
26	10.288	-54.298
27	10.408	-55.434
28	10.449	-54.609
29	10.777	-55.535
30	10.793	-52.771
31	11.643	-54.921
32	11.710	-54.353
33	11.778	-54.541
34	11.894	-52.857
35	12.012	-54.525
36	12.027	-54.821
37	12.100	-55.490
38	12.104	-54.578
39	17.243	-54.506
40	17.625	-54.721
41	17.983	-54.355
42	18.337	-54.431
43	18.603	-54.966
44	20.380	-54.725
45	22.704	-55.492
46	23.156	-54.235
47	23.270	-55.150
48	26.388	-54.997
49	26.404	-55.046
50	26.453	-54.449
51	26.973	-54.911
52	27.147	-63.815
53	27.148	-5.532
54	27.161	-54.298
55	27.276	-54.979
56	27.467	-54.633
57	27.601	-55.144
58	27.676	-55.195
59	28.534	-55.514
60	28.635	-54.981
61	28.816	-54.206
62	28.891	-54.210
63	30.334	-54.811
64	30.710	-54.721
65	31.387	-54.715
66	34.685	-54.958
67	34.745	-54.660
68	40.889	-24.504
69	41.362	-54.817
70	43.302	-56.365
71	43.460	-53.070
72	43.477	-53.534
73	43.736	-53.995
74	44.348	-54.079
75	44.389	-55.273
76	44.415	-53.617
77	44.439	-54.701
78	44.707	-54.627
79	46.522	-54.304
80	47.668	-54.204
81	47.855	-54.507
82	48.027	-54.038
83	48.092	-54.222
84	48.350	-54.149
85	55.629	-53.507
86	55.857	-57.141
87	58.278	-54.286
88	58.335	-54.355
89	59.786	-54.186
90	59.985	-53.946
91	60.049	-53.720
92	60.155	-55.085
93	62.674	-54.598
94	62.682	-55.674
95	62.924	-54.071
96	63.032	-54.725
97	64.056	-55.459
98	64.714	-55.584
99	64.804	-53.525
100	64.825	-54.410
101	64.859	-54.629
102	65.057	-54.194
103	65.128	-54.155
104	65.656	-58.873
105	65.851	-55.020
106	66.149	-54.412
107	66.253	-55.013
108	66.331	-55.400
109	66.467	-53.903
110	66.513	-54.380
111	66.818	-54.312
112	66.832	-54.051
113	67.124	-55.482
114	68.545	-54.267
115	68.694	-54.292
116	70.597	-53.993
117	70.983	-54.844
118	71.220	-54.735
119	72.023	-54.159
120	72.071	-54.523
121	72.418	-54.678
122	72.485	-17.595
123	72.513	-55.081
124	74.179	-53.523
125	74.375	-54.993
126	75.257	-54.737
127	75.270	-54.449
128	75.610	-54.648
129	75.711	-54.807
130	76.092	-57.080
131	76.373	-53.589
132	76.743	-54.335
133	77.019	-54.026
134	77.133	-54.139
135	77.201	-54.026
136	77.252	-54.940
137	77.339	-54.090
138	78.302	-54.459
139	80.073	-56.589
140	83.247	-54.574
141	83.310	-55.046
142	83.405	-53.875
143	83.430	-54.805
144	83.501	-54.462
145	83.623	-54.637
146	83.909	-55.267
147	83.918	-54.574
148	84.263	-54.151
149	84.298	-54.598
150	84.360	-53.893
151	85.260	-86.204
152	85.599	-54.165
153	86.983	-54.985
154	87.090	-54.543
155	87.103	-55.228
156	87.114	-54.296
157	87.418	-55.545
158	87.479	-54.498
159	87.506	-54.868
160	87.574	-55.022
161	89.513	-53.779
162	89.572	-55.283
163	89.629	-54.617
164	89.649	-54.106
165	89.726	-60.377
166	89.759	-55.036
167	89.777	-54.439
168	89.825	-53.613
169	89.928	-54.267
170	89.987	-54.181
171	90.096	-54.000
172	90.842	-53.431
173	90.977	-55.126
174	92.253	-55.240
175	92.300	-55.026
176	98.219	-54.543
177	98.548	-54.384
178	99.987	-64.028
179	100.283	-54.384
180	100.360	-54.780
181	100.798	-53.814
182	102.516	-54.971
183	102.954	-54.419
184	103.022	-55.177
185	103.119	-55.138
186	103.267	-54.966
187	103.305	-54.464
188	103.699	-55.849
189	103.880	-53.793
190	104.046	-55.768
191	104.298	-54.094
192	104.431	-53.734
193	104.444	-55.633
194	104.888	-54.135
195	105.450	-54.562
196	105.537	-55.026
197	105.830	-55.610
198	106.059	-54.578
199	106.079	-54.960
200	106.331	-54.670
201	106.925	-55.103
202	107.160	-54.551
203	107.522	-55.676
204	107.733	-53.715
205	109.690	-54.831
206	109.926	-54.742
207	109.946	-54.605
208	111.862	-55.351
209	112.022	-54.482
210	112.037	-55.441
211	112.792	-56.160
212	114.771	-54.643
213	115.037	-54.870
214	115.303	-54.374
215	115.574	-54.940
216	115.579	-54.365
217	119.073	-55.549
218	120.749	-55.445
219	120.766	-54.359
220	121.494	-54.866
221	122.092	-54.985
222	122.838	-54.549
223	122.859	-54.936
224	122.888	-54.394
225	122.941	-53.893
226	128.281	-54.022
227	128.430	-54.592
228	128.819	-54.396
229	129.162	-55.571
230	129.283	-55.473
231	130.003	-54.893
232	130.055	-54.780
233	130.089	-53.619
234	130.110	-54.991
235	130.407	-54.476
236	130.433	-54.645
237	130.640	-54.776
238	130.812	-54.662
239	132.318	-54.525
240	132.378	-54.791
241	133.938	-54.059
242	134.239	-54.425
243	134.782	-54.525
244	134.865	-54.829
245	134.992	-54.762
246	135.155	-54.308
247	135.227	-54.752
248	135.992	-54.817
249	136.663	-54.171
250	138.469	-54.310
251	138.928	-53.979
252	139.132	-55.206
253	139.195	-54.443
254	139.796	-54.118
255	140.064	-55.533
256	140.118	-53.478
257	140.122	-55.839
258	140.319	-53.779
259	140.327	-55.463
260	141.673	-46.324
261	144.836	-55.486
262	144.965	-54.482
263	144.987	-52.462
264	145.315	-54.709
265	145.341	-54.995
266	145.371	-54.486
267	145.582	-54.396
268	145.609	-55.430
269	145.669	-54.151
270	145.993	-55.614
271	147.767	-54.472
272	147.777	-55.038
273	147.797	-52.884
274	147.907	-54.089
275	148.156	-55.275
276	148.420	-54.513
277	148.715	-54.770
278	148.830	-55.044
279	150.370	-54.735
280	150.509	-54.966
281	150.741	-54.482
282	150.979	-22.780
283	150.988	-53.936
284	151.670	-54.707
285	151.672	-54.036
286	151.933	-54.660
287	151.944	-54.856
288	154.086	-81.687
289	154.532	-80.245
290	155.105	-53.814
291	155.358	-54.104
292	155.496	-55.130
293	155.561	-55.017
294	157.070	-54.359
295	157.134	-53.912
296	157.337	-53.119
297	157.895	-97.034
298	161.689	-53.615
299	161.691	-55.003
300	161.990	-57.006
301	162.134	-53.527
302	162.318	-55.913
303	162.413	-53.685
304	162.429	-54.049
305	163.103	-54.537
306	163.142	-55.706
307	163.181	-54.797
308	163.200	-54.214
309	163.211	-54.292
310	163.255	-53.785
311	163.295	-54.719
312	163.455	-55.291
313	163.464	-55.212
314	163.794	-54.889
315	163.798	-54.756
316	163.869	-54.480
317	163.933	-54.380
318	163.936	-55.267
319	163.973	-53.578
320	164.121	-55.469
321	164.200	-54.404
322	164.427	-53.950
323	164.552	-55.549
324	164.565	-53.703
325	164.767	-55.011
326	164.868	-54.417
327	164.949	-16.842
328	164.978	-53.840
329	165.320	-55.295
330	166.916	-54.504
331	168.079	-53.904
332	168.883	-53.730
333	171.816	-54.094
334	171.932	-54.883
335	171.962	-54.169
336	172.047	-53.812
337	172.658	-66.902
338	176.833	-54.425
339	177.133	-54.018
340	177.138	-53.906
341	177.251	-54.143
342	178.424	-54.245
343	178.984	-54.521
344	181.114	-55.285
345	181.561	-55.802
346	181.686	-54.269
347	182.103	-54.323
348	182.196	-54.110
349	182.421	-54.075
350	182.473	-55.340
351	182.575	-56.085
352	182.667	-54.752
353	182.894	-54.805
354	182.916	-53.856
355	183.096	-54.457
356	183.514	-54.601
357	183.547	-54.780
358	183.592	-54.821
359	183.998	-55.218
360	184.208	-53.793
361	184.282	-54.118
362	184.407	-54.161
363	184.664	-55.222
364	184.804	-54.206
365	184.815	-54.799
366	185.089	-54.615
367	185.792	-54.549
368	185.995	-54.120
369	187.244	-55.543
370	187.388	-54.584
371	187.752	-54.823
372	193.578	-54.545
373	193.696	-54.934
374	193.748	-53.793
375	194.325	-79.508
376	194.998	-54.588
377	195.356	-54.521
378	195.524	-54.380
379	195.549	-55.050
380	196.158	-9.927
381	198.197	-54.449
382	198.442	-54.106
383	198.521	-54.149
384	198.552	-53.636
385	198.562	-54.464
386	198.601	-54.690
387	199.426	-55.187
388	199.690	-55.249
389	199.897	-53.581
390	200.122	-53.129
391	200.475	-51.690
392	200.828	-54.398
393	200.946	-55.345
394	201.114	-54.756
395	201.284	-52.928
396	202.317	-53.916
397	204.508	-6.158
398	204.584	-54.278
399	205.343	-55.036
400	205.384	-54.433
401	205.583	-53.961
402	206.028	-54.394
403	206.098	-54.284
404	206.180	-54.361
405	206.256	-54.883
406	206.604	-55.195
407	208.829	-53.985
408	208.865	-54.938
409	214.216	-54.482
410	214.304	-55.328
411	214.409	-53.995
412	214.990	-52.446
413	215.074	-54.370
414	215.261	-54.502
415	215.595	-53.973
416	215.906	-53.887
417	215.920	-54.668
418	216.012	-54.216
419	217.936	-54.130
420	218.071	-53.689
421	218.126	-53.948
422	218.258	-54.004
423	218.268	-53.995
424	218.660	-54.754
425	218.775	-54.913
426	221.797	-53.734
427	221.947	-54.860
428	221.991	-53.531
429	222.073	-54.135
430	222.094	-54.586
431	222.159	-54.294
432	222.192	-55.469
433	222.229	-54.404
434	222.296	-54.392
435	222.299	-54.224
436	222.309	-54.511
437	223.600	-99.398
438	226.725	-54.312
439	230.350	-54.357
440	231.483	-54.378
441	231.540	-54.490
442	231.889	-54.192
443	232.131	-55.316
444	232.229	-54.960
445	233.210	-54.022
446	233.498	-54.797
447	233.969	-53.738
448	234.119	-57.806
449	234.487	-55.226
450	235.456	-54.312
451	237.403	-69.308
452	238.276	-54.347
453	240.382	-54.161
454	242.191	-53.812
455	243.899	-53.730
456	243.914	-5.704
457	244.074	-54.132
458	244.127	-55.731
459	244.765	-54.271
460	245.175	-54.588
461	245.221	-53.732
462	245.337	-54.173
463	245.348	-55.101
464	245.426	-54.051
465	246.607	-55.330
466	249.759	-54.365
467	251.451	-54.294
468	251.468	-53.630
469	251.629	-54.923
470	252.536	-93.076
471	252.885	-51.935
472	253.137	-54.055
473	253.145	-53.844
474	253.273	-54.063
475	253.557	-54.733
476	253.621	-54.337
477	253.913	-53.781
478	254.074	-54.337
479	254.153	-54.384
480	254.506	-55.381
481	255.131	-54.731
482	255.291	-54.482
483	256.567	-54.502
484	257.392	-52.401
485	257.453	-54.551
486	257.678	-54.539
487	258.080	-53.801
488	258.107	-55.295
489	258.142	-55.571
490	258.193	-54.008
491	258.351	-54.120
492	258.478	-54.500
493	258.481	-54.670
494	258.498	-53.948
495	258.577	-53.779
496	258.785	-55.112
497	258.866	-54.414
498	258.882	-53.948
499	260.758	-54.141
500	260.828	-54.040
501	262.385	-53.388
502	262.543	-54.292
503	262.546	-54.785
504	262.564	-53.840
505	262.823	-53.920
506	262.893	-54.075
507	263.213	-54.141
508	263.752	-54.368
509	263.761	-54.047
510	263.769	-53.832
511	264.062	-54.445
512	264.522	-53.887
513	264.839	-53.812
514	266.894	-54.235
515	268.112	-54.948
516	268.324	-53.012
517	268.399	-54.353
518	269.079	-53.550
519	269.973	-54.316
520	270.328	-54.507
521	270.727	-53.440
522	270.771	-54.267
523	273.800	-53.791
524	274.663	-54.331
525	275.155	-53.877
526	275.897	-53.936
527	275.960	-53.957
528	276.020	-53.505
529	276.027	-52.998
530	276.047	-54.460
531	276.332	-54.137
532	276.346	-53.998
533	276.361	-54.789
534	276.400	-54.092
535	276.474	-54.043
536	276.661	-54.241
537	276.696	-54.235
538	278.443	-54.858
539	278.486	-53.938
540	279.276	-54.002
541	279.331	-54.394
542	279.897	-54.290
543	280.595	-53.979
544	280.604	-54.692
545	280.743	-54.302
546	280.901	-54.417
547	280.927	-53.928
548	281.060	-51.510
549	281.494	-53.746
550	281.668	-90.903
551	282.104	-88.166
552	282.261	-55.062
553	282.614	-53.378
554	282.853	-54.443
555	283.251	-93.021
556	283.397	-54.339
557	284.108	-94.268
558	284.460	-63.298
559	284.797	-55.167
560	285.002	-53.742
561	285.036	-53.883
562	285.145	-53.325
563	286.228	-54.646
564	286.883	-54.192
565	287.125	-53.867
566	287.775	-52.769
567	287.966	-54.163
568	288.834	-55.341
569	289.071	-54.666
570	289.885	-53.942
571	291.232	-54.278
572	291.397	-54.128
573	291.418	-54.253
574	291.438	-53.474
575	291.593	-54.447
576	291.686	-53.791
577	291.740	-54.421
578	292.579	-53.540
579	293.014	-54.116
580	293.846	-53.395
581	293.951	-54.564
582	293.988	-54.204
583	294.067	-53.587
584	294.490	-54.255
585	294.552	-54.245
586	294.589	-55.345
587	294.712	-54.114
588	295.106	-54.578
589	295.271	-54.946
590	295.503	-53.176
591	295.862	-55.056
592	295.904	-54.182
593	295.990	-54.392
594	296.120	-54.883
595	296.328	-53.881
596	296.353	-53.301
597	296.541	-54.085
598	304.719	-54.314
599	305.800	-53.957
600	306.331	-54.032
601	307.425	-54.758
602	308.047	-53.672
603	308.394	-54.073
604	309.191	-54.735
605	309.365	-54.226
606	309.409	-53.830
607	309.994	-54.396
608	310.753	-53.697
609	311.000	-55.142
610	311.430	-54.727
611	311.646	-54.386
612	311.664	-54.693
613	311.712	-54.707
614	311.727	-54.815
615	312.578	-55.042
616	312.619	-54.069
617	312.683	-54.599
618	313.051	-54.337
619	313.106	-56.528
620	313.289	-54.292
621	313.685	-54.923
622	313.750	-53.987
623	314.510	-54.214
624	316.024	-54.445
625	316.251	-54.756
626	316.425	-54.415
627	316.543	-54.729
628	316.755	-53.630
629	316.780	-54.351
630	316.785	-54.772
631	316.825	-54.028
632	317.114	-53.681
633	317.567	-54.474
634	317.913	-55.316
635	318.101	-53.783
636	318.127	-53.932
637	318.812	-54.645
638	318.958	-54.797
639	320.985	-54.147
640	321.260	-54.596
641	321.724	-54.306
642	322.249	-53.891
643	322.398	-54.065
644	322.533	-53.891
645	322.605	-53.740
646	323.148	-54.204
647	323.971	-53.942
648	324.028	-54.864
649	324.038	-53.754
650	324.049	-53.771
651	326.297	-54.077
652	328.723	-53.640
653	329.324	-54.343
654	330.158	-54.229
655	330.198	-54.069
656	330.242	-53.149
657	330.330	-53.662
658	330.410	-53.865
659	330.761	-53.448
660	330.786	-54.061
661	330.842	-53.811
662	332.077	-54.789
663	332.086	-53.200
664	335.072	-54.748
665	336.569	-54.284
666	339.178	-54.504
667	340.418	-54.298
668	340.513	-54.186
669	340.777	-54.476
670	340.818	-53.906
671	340.906	-54.715
672	340.972	-52.853
673	341.657	-54.288
674	341.841	-54.478
675	343.781	-54.012
676	344.721	-54.607
677	344.931	-54.327
678	345.534	-54.574
679	345.839	-54.275
680	347.887	-54.733
681	348.670	-53.861
682	349.141	-53.840
683	349.284	-54.738
684	349.396	-91.220
685	349.746	-54.854
686	349.930	-54.314
687	349.969	-54.486
688	354.276	-54.184
689	354.984	-55.843
690	355.157	-54.280
691	356.200	-54.727
692	356.809	-54.613
693	356.853	-53.881
694	357.114	-55.150
695	357.326	-54.267
696	357.739	-55.426
697	357.747	-54.584
698	357.785	-54.087
699	357.827	-55.573
700	358.237	-54.018
701	358.341	-54.406
702	358.361	-55.144
703	358.410	-55.802
704	358.419	-54.680
705	358.472	-55.015
706	358.511	-53.928
707	358.678	-53.957
708	361.823	-54.296
709	363.135	-53.983
710	363.637	-53.233
711	363.774	-54.780
712	364.755	-56.019
713	366.092	-54.711
714	366.131	-54.255
715	366.338	-54.760
716	366.342	-54.500
717	366.473	-20.195
718	366.791	-55.124
719	366.956	-54.184
720	367.674	-54.613
721	367.706	-54.153
722	367.780	-53.965
723	367.817	-53.689
724	368.948	-55.173
725	369.124	-49.595
726	369.374	-54.952
727	369.658	-54.785
728	369.678	-54.363
729	369.917	-54.308
730	370.251	-53.670
731	370.484	-54.811
732	370.547	-55.794
733	370.594	-54.108
734	370.617	-53.720
735	370.843	-54.222
736	371.107	-53.023
737	371.765	-54.135
738	371.852	-53.617
739	371.995	-54.699
740	372.140	-55.083
741	372.300	-53.981
742	372.345	-53.852
743	372.516	-51.945
744	373.017	-54.803
745	373.054	-54.502
746	374.300	-54.977
747	374.348	-54.680
748	374.380	-53.515
749	374.436	-55.796
750	374.703	-95.572
751	375.244	-55.089
752	375.359	-53.781
753	375.383	-54.271
754	375.402	-53.679
755	375.424	-54.466
756	375.499	-53.730
757	375.687	-53.568
758	375.710	-54.699
759	376.162	-54.989
760	376.618	-51.068
761	377.445	-54.568
762	377.563	-54.885
763	377.909	-54.239
764	378.061	-55.355
765	378.124	-54.128
766	378.154	-55.034
767	378.364	-54.646
768	378.370	-54.186
769	378.534	-54.821
770	378.607	-54.306
771	378.765	-54.995
772	378.901	-54.948
773	379.194	-53.495
774	383.321	-54.521
775	384.197	-54.445
776	384.201	-54.809
777	384.444	-55.488
778	384.815	-54.504
779	384.875	-54.637
780	385.983	-56.115
781	387.599	-54.278
782	388.578	-53.715
783	388.829	-54.738
784	389.336	-54.633
785	389.512	-54.725
786	389.835	-54.247
787	391.250	-54.459
788	392.055	-83.655
789	392.272	-54.122
790	392.321	-54.114
791	392.553	-54.637
792	393.537	-54.486
793	393.581	-54.750
794	393.718	-54.985
795	393.740	-54.576
796	396.651	-53.971
797	396.707	-54.306
798	396.777	-55.600
799	397.304	-53.184
800	399.024	-54.782
801	399.582	-53.546
802	399.858	-54.917
803	399.979	-53.987
804	400.021	-54.803
805	400.038	-53.926
806	400.066	-54.196
807	401.804	-53.472
808	401.863	-53.564
809	403.893	-54.320
810	403.906	-54.331
811	404.395	-53.100
812	404.693	-54.376
813	405.075	-54.165
814	405.340	-53.904
815	405.617	-53.951
816	406.390	-54.431
817	406.572	-54.415
818	407.112	-32.016
819	407.145	-53.850
820	407.304	-53.534
821	407.438	-54.459
822	412.335	-53.885
823	412.346	-54.085
824	412.527	-54.535
825	412.582	-54.543
826	412.633	-53.593
827	413.304	-54.836
828	413.423	-53.533
829	413.443	-53.969
830	413.559	-54.697
831	413.758	-54.564
832	414.316	-54.128
833	414.464	-54.196
834	414.505	-54.570
835	414.556	-53.713
836	414.724	-55.809
837	415.031	-54.819
838	415.067	-55.150
839	415.191	-55.592
840	415.265	-54.063
841	415.331	-55.069
842	415.575	-54.907
843	416.229	-54.043
844	416.572	-54.280
845	417.498	-53.814
846	417.750	-54.439
847	418.140	-54.819
848	418.498	-53.717
849	418.937	-54.553
850	419.251	-54.488
851	420.167	-54.504
852	420.213	-54.643
853	420.743	-82.950
854	420.824	-55.249
855	420.898	-53.857
856	421.074	-54.226
857	421.275	-53.895
858	421.895	-53.977
859	421.907	-55.249
860	421.961	-54.486
861	422.441	-54.740
862	423.635	-54.727
863	423.983	-53.926
864	425.496	-54.120
865	425.501	-54.410
866	426.088	-67.096
867	427.864	-54.958
868	427.924	-53.846
869	428.051	-54.887
870	428.379	-54.443
871	429.624	-54.457
872	429.649	-58.672
873	433.178	-54.633
874	433.303	-55.308
875	433.678	-54.464
876	433.947	-54.832
877	434.060	-53.726
878	435.154	-54.840
879	435.530	-54.433
880	435.886	-53.887
881	436.322	-55.535
882	436.394	-54.051
883	436.871	-54.535
884	437.076	-54.147
885	437.145	-59.306
886	437.203	-53.448
887	437.279	-54.247
888	437.786	-55.369
889	438.332	-54.566
890	438.713	-19.937
891	438.851	-55.112
892	439.138	-55.067
893	439.350	-56.708
894	440.044	-54.629
895	441.478	-54.102
896	442.305	-54.603
897	442.495	-54.282
898	442.692	-54.267
899	442.701	-54.182
900	442.713	-54.778
901	442.927	-54.580
902	442.956	-55.571
903	443.183	-52.550
904	443.255	-56.305
905	443.493	-53.805
906	443.560	-57.147
907	444.350	-53.944
908	444.354	-54.345
909	444.785	-54.909
910	445.199	-54.637
911	445.457	-54.664
912	446.197	-23.616
913	448.747	-54.576
914	449.259	-54.727
915	449.858	-53.325
916	449.914	-54.985
917	450.461	-55.704
918	451.583	-55.028
919	451.759	-54.958
920	451.881	-54.263
921	451.974	-54.214
922	452.170	-54.654
923	452.229	-54.318
924	452.325	-54.529
925	452.404	-54.768
926	454.666	-53.985
927	454.948	-54.893
928	455.075	-54.987
929	455.773	-54.862
930	457.442	-50.138
931	457.566	-55.484
932	459.282	-53.942
933	459.295	-53.572
934	459.324	-54.676
935	459.359	-54.523
936	459.388	-54.455
937	459.616	-100.376
938	459.645	-54.496
939	461.240	-54.470
940	461.789	-54.449
941	461.847	-54.190
942	461.955	-54.273
943	463.749	-54.964
944	463.906	-54.026
945	464.433	-52.828
946	464.545	-54.100
947	464.576	-55.048
948	464.582	-54.952
949	464.667	-55.060
950	464.973	-54.224
951	465.178	-54.533
952	465.909	-61.276
953	466.233	-53.491
954	467.186	-54.370
955	467.279	-54.433
956	467.290	-55.657
957	467.928	-53.356
958	470.632	-55.052
959	471.266	-53.258
960	471.433	-55.713
961	471.538	-55.293
962	471.571	-53.859
963	472.631	-54.554
964	472.867	-54.302
965	472.968	-54.854
966	473.036	-54.267
967	473.101	-53.930
968	473.494	-52.033
969	474.170	-55.253
970	474.354	-53.963
971	474.907	-54.592
972	475.112	-54.709
973	475.327	-54.915
974	476.962	-54.018
975	477.404	-54.182
976	478.050	-53.149
977	478.859	-54.169
978	479.086	-55.138
979	479.762	-54.384
980	480.074	-54.314
981	481.551	-53.812
982	482.521	-54.357
983	482.957	-54.026
984	483.010	-54.016
985	483.029	-54.165
986	484.120	-53.818
987	484.187	-54.134
988	484.399	-56.638
989	484.492	-54.787
990	484.558	-54.566
991	484.696	-54.415
992	484.735	-54.286
993	484.802	-53.728
994	484.843	-54.325
995	485.169	-56.963
996	485.941	-54.627
997	486.061	-63.913
998	486.073	-54.960
999	486.100	-54.607
1000	486.142	-53.795
1001	486.164	-53.981
1002	486.325	-53.771
1003	486.331	-54.697
1004	486.933	-56.136
1005	486.993	-54.817
1006	488.093	-54.067
1007	488.177	-54.852
1008	488.314	-53.487
1009	488.464	-53.540
1010	488.495	-55.416
1011	488.558	-53.670
1012	488.583	-54.625
1013	488.649	-54.519
1014	488.840	-55.228
1015	488.886	-54.709
1016	489.036	-54.361
1017	489.192	-53.022
1018	489.196	-54.476
1019	489.305	-55.422
1020	489.387	-54.641
1021	489.464	-54.502
1022	489.569	-55.275
1023	489.750	-53.758
1024	489.931	-54.282
1025	489.939	-54.488
1026	489.944	-54.785
1027	490.062	-55.524
1028	490.250	-54.417
1029	490.456	-54.433
1030	490.532	-53.638
1031	490.543	-54.472
1032	490.719	-53.621
1033	491.563	-55.110
1034	491.910	-53.777
1035	491.968	-55.001
1036	492.080	-55.343
1037	492.293	-54.321
1038	492.458	-54.415
1039	492.600	-54.353
1040	493.150	-54.298
1041	493.233	-53.454
1042	493.560	-74.473
1043	493.677	-80.898
1044	494.012	-56.686
1045	494.116	-54.811
1046	494.616	-53.822
1047	494.724	-54.515
1048	494.815	-53.605
1049	494.900	-53.401
1050	494.965	-53.824
1051	495.156	-54.737
1052	495.843	-87.422
1053	498.071	-53.689
1054	498.506	-55.073
1055	499.333	-55.267
1056	499.360	-54.349
1057	500.010	-54.314
1058	501.329	-79.385
1059	501.385	-53.891
1060	501.860	-53.525
1061	501.983	-54.179
1062	502.113	-53.744
1063	502.545	-87.079
1064	503.452	-54.392
1065	503.593	-54.226
1066	503.752	-53.957
1067	503.783	-54.860
1068	505.027	-54.574
1069	505.433	-53.887
1070	505.475	-54.764
1071	505.678	-53.082
1072	505.753	-54.216
1073	505.926	-99.515
1074	507.109	-53.879
1075	508.393	-53.728
1076	508.947	-53.170
1077	509.415	-55.034
1078	510.453	-54.878
1079	512.482	-54.780
1080	512.548	-53.910
1081	512.586	-54.928
1082	512.631	-55.686
1083	512.763	-54.460
1084	512.805	-61.007
1085	512.882	-54.633
1086	512.955	-54.535
1087	513.089	-54.907
1088	513.109	-54.764
1089	514.700	-53.654
1090	514.742	-54.858
1091	514.837	-54.570
1092	514.929	-54.515
1093	516.171	-54.756
1094	516.322	-54.797
1095	518.762	-53.944
1096	518.777	-54.999
1097	518.896	-54.012
1098	519.227	-53.942
1099	519.261	-54.572
1100	519.567	-54.586
1101	519.786	-55.230
1102	519.857	-54.128
1103	519.885	-54.535
1104	520.294	-54.325
1105	520.953	-53.765
1106	520.962	-55.112
1107	521.026	-55.441
1108	521.057	-53.626
1109	521.064	-66.444
1110	521.114	-54.660
1111	530.431	-55.232
1112	533.036	-7.125
1113	533.126	-54.821
1114	533.274	-55.702
1115	533.557	-55.298
1116	533.648	-55.189
1117	533.657	-54.584
1118	533.720	-72.593
1119	534.912	-49.844
1120	536.148	-83.583
1121	537.157	-54.721
1122	537.199	-54.897
1123	537.249	-55.764
1124	538.791	-53.973
1125	538.970	-54.124
1126	539.082	-55.457
1127	539.127	-55.013
1128	539.407	-55.426
1129	539.685	-86.341
1130	539.801	-54.688
1131	539.938	-53.354
1132	540.058	-54.165
1133	540.127	-55.214
1134	540.134	-55.690
1135	540.255	-54.464
1136	540.285	-54.372
1137	540.401	-54.870
1138	540.760	-54.382
1139	540.983	-55.498
1140	541.804	-54.621
1141	543.248	-54.316
1142	544.441	-55.216
1143	544.992	-55.326
1144	545.408	-55.600
1145	545.426	-55.655
1146	545.803	-55.259
1147	545.861	-54.560
1148	546.621	-55.320
1149	546.638	-54.135
1150	546.711	-55.573
1151	546.771	-54.553
1152	546.790	-69.371
1153	546.817	-54.864
1154	546.825	-54.406
1155	546.913	-55.020
1156	547.065	-92.242
1157	547.103	-54.813
1158	547.259	-55.179
1159	547.326	-54.660
1160	547.403	-53.773
1161	547.450	-55.222
1162	547.498	-55.230
1163	547.617	-55.267
1164	547.750	-54.690
1165	547.773	-54.727
1166	548.059	-54.709
1167	548.446	-55.240
1168	548.482	-54.549
1169	548.895	-55.390
1170	548.944	-55.285
1171	549.040	-54.208
1172	553.215	-55.437
1173	553.449	-54.302
1174	553.849	-54.488
1175	553.857	-55.657
1176	553.900	-55.167
1177	553.911	-52.646
1178	555.388	-78.623
1179	555.787	-54.578
1180	555.968	-54.179
1181	556.713	-54.177
1182	557.598	-53.816
1183	558.080	-54.449
1184	558.085	-54.329
1185	558.210	-54.566
1186	558.454	-55.347
1187	559.859	-54.735
1188	559.863	-55.038
1189	559.977	-54.390
1190	560.010	-54.586
1191	562.265	-54.701
1192	562.583	-57.546
1193	563.116	-54.633
1194	563.392	-55.097
1195	564.347	-55.590
1196	564.434	-54.586
1197	564.506	-55.469
1198	564.514	-54.135
1199	564.709	-54.513
1200	565.041	-59.151
1201	565.137	-54.443
1202	565.537	-55.776
1203	565.542	-56.428
1204	566.648	-55.079
1205	566.656	-54.735
1206	570.771	-55.169
1207	570.861	-54.605
1208	572.113	-55.097
1209	572.343	-55.445
1210	572.467	-56.101
1211	572.879	-54.815
1212	573.040	-43.955
1213	573.073	-34.748
1214	573.132	-55.375
1215	573.422	-54.417
1216	574.186	-54.012
1217	574.266	-54.580
1218	574.338	-54.793
1219	574.841	-54.889
1220	574.973	-81.613
1221	575.088	-55.154
1222	575.163	-55.359
1223	575.216	-54.989
1224	575.242	-55.604
1225	575.968	-55.277
1226	576.247	-55.201
1227	576.916	-54.827
1228	579.116	-55.473
1229	581.001	-54.071
1230	581.359	-54.784
1231	582.172	-54.944
1232	583.620	-54.482
1233	583.641	-54.958
1234	584.107	-54.744
1235	585.171	-55.001
1236	585.420	-55.608
1237	585.594	-55.437
1238	586.010	-53.869
1239	586.473	-55.892
1240	586.476	-85.658
1241	586.628	-55.851
1242	586.877	-55.144
1243	587.226	-54.603
1244	587.626	-97.947
1245	587.841	-54.065
1246	588.027	-54.987
1247	588.271	-54.817
1248	588.572	-55.089
1249	588.608	-55.156
1250	589.457	-48.636
1251	589.702	-54.668
1252	589.816	-54.441
1253	589.898	-55.020
1254	590.338	-54.586
1255	590.409	-54.159
1256	590.432	-54.789
1257	590.571	-54.688
1258	590.915	-55.663
1259	590.946	-54.825
1260	590.975	-55.255
1261	591.341	-54.791
1262	591.452	-55.261
1263	591.689	-54.813
1264	591.898	-54.868
1265	591.943	-55.839
1266	592.057	-55.191
1267	592.225	-54.196
1268	592.292	-54.899
1269	592.392	-55.559
1270	592.495	-54.024
1271	592.519	-54.758
1272	592.523	-55.778
1273	592.709	-54.827
1274	592.722	-55.584
1275	592.906	-54.987
1276	593.598	-55.755
1277	593.602	-56.880
1278	594.212	-56.829
1279	594.466	-55.426
1280	594.530	-54.789
1281	594.624	-54.406
1282	594.706	-54.658
1283	595.692	-55.606
1284	596.623	-55.195
1285	596.702	-55.044
1286	596.940	-54.077
1287	596.944	-55.668
1288	596.961	-55.357
1289	596.981	-55.201
1290	597.015	-54.599
1291	597.047	-53.689
1292	597.129	-55.103
1293	597.237	-56.113
1294	597.356	-55.195
1295	597.379	-55.181
1296	597.739	-54.233
1297	597.917	-55.015
1298	597.956	-83.608
1299	598.083	-55.980
1300	598.320	-55.058
1301	598.617	-54.468
1302	598.674	-55.308
1303	598.910	-55.369
1304	600.760	-54.672
1305	600.915	-54.488
1306	600.943	-54.776
1307	600.950	-55.473
1308	604.779	-54.208
1309	605.852	-54.686
1310	607.349	-54.157
1311	607.667	-54.576
1312	607.776	-54.715
1313	608.073	-54.799
1314	608.163	-54.308
1315	610.672	-65.792
1316	611.017	-53.460
1317	611.566	-55.921
1318	611.758	-54.433
1319	611.769	-54.944
1320	612.828	-55.267
1321	613.546	-55.138
1322	613.717	-54.435
1323	614.201	-55.079
1324	614.238	-54.693
1325	614.653	-54.821
1326	615.123	-55.017
1327	615.283	-55.167
1328	616.278	-89.726
1329	616.933	-55.222
1330	617.392	-54.897
1331	617.407	-54.811
1332	617.533	-55.271
1333	618.172	-54.672
1334	618.403	-53.832
1335	618.454	-54.466
1336	618.634	-54.020
1337	618.663	-53.848
1338	618.774	-54.182
1339	618.812	-32.978
1340	619.004	-54.744
1341	619.019	-54.523
1342	619.216	-54.519
1343	619.482	-54.325
1344	619.492	-54.895
1345	619.502	-54.932
1346	620.049	-54.126
1347	620.284	-53.722
1348	620.444	-54.294
1349	620.781	-54.024
1350	620.885	-95.417
1351	621.665	-54.502
1352	621.914	-54.964
1353	625.212	-54.838
1354	625.737	-55.181
1355	628.009	-54.936
1356	628.090	-55.964
1357	630.815	-53.601
1358	630.920	-54.672
1359	631.360	-54.237
1360	631.594	-54.609
1361	631.775	-54.484
1362	632.232	-54.666
1363	633.437	-54.222
1364	634.415	-56.381
1365	634.865	-1.645
1366	635.132	-54.028
1367	636.631	-85.329
1368	637.110	-55.216
1369	637.891	-54.985
1370	638.198	-54.605
1371	638.367	-54.355
1372	638.381	-54.155
1373	638.434	-54.876
1374	638.490	-59.185
1375	638.575	-54.680
1376	638.603	-54.570
1377	638.612	-55.026
1378	640.719	-55.093
1379	640.983	-54.351
1380	641.069	-54.674
1381	641.688	-54.202
1382	641.737	-55.110
1383	642.364	-54.670
1384	642.392	-56.097
1385	642.611	-54.599
1386	643.479	-53.914
1387	643.574	-54.271
1388	643.614	-54.760
1389	643.727	-54.339
1390	644.203	-54.985
1391	644.414	-54.560
1392	644.424	-54.981
1393	644.564	-54.398
1394	644.741	-70.620
1395	645.372	-54.564
1396	645.758	-54.151
1397	645.876	-54.666
1398	645.887	-54.173
1399	647.428	-55.334
1400	647.601	-54.380
1401	647.686	-54.398
1402	647.784	-54.468
1403	648.634	-53.769
1404	650.130	-53.830
1405	650.156	-54.836
1406	650.521	-54.365
1407	650.553	-54.793
1408	650.557	-53.668
1409	650.746	-54.388
1410	651.605	-54.089
1411	651.717	-54.392
1412	651.938	-54.590
1413	652.206	-54.192
1414	654.595	-54.247
1415	654.697	-54.081
1416	654.763	-54.143
1417	654.777	-54.419
1418	655.227	-76.781
1419	655.733	-53.885
1420	655.915	-53.393
1421	655.957	-55.420
1422	657.627	-54.202
1423	657.681	-55.510
1424	658.197	-53.752
1425	658.795	-55.206
1426	658.898	-44.914
1427	659.134	-54.462
1428	659.224	-53.585
1429	659.246	-54.549
1430	659.393	-55.248
1431	659.612	-54.617
1432	659.718	-55.224
1433	659.773	-54.633
1434	659.928	-55.741
1435	660.360	-55.498
1436	662.833	-54.693
1437	665.261	-54.032
1438	665.305	-55.236
1439	665.451	-54.580
1440	666.925	-54.699
1441	667.135	-54.590
1442	667.842	-54.506
1443	668.083	-54.511
1444	668.156	-54.504
1445	669.021	-54.425
1446	669.317	-54.723
1447	671.165	-53.910
1448	673.425	-54.321
1449	673.473	-54.468
1450	673.601	-55.253
1451	673.613	-53.695
1452	673.632	-53.822
1453	673.760	-53.431
1454	674.048	-55.909
1455	674.657	-55.054
1456	675.148	-53.930
1457	675.271	-18.012
1458	675.327	-54.825
1459	675.417	-54.613
1460	675.457	-53.335
1461	676.087	-54.971
1462	676.244	-54.443
1463	678.675	-54.874
1464	678.737	-57.133
1465	684.085	-54.439
1466	684.931	-54.026
1467	685.054	-55.651
1468	685.109	-54.408
1469	685.165	-54.964
1470	685.599	-55.762
1471	686.552	-54.895
1472	686.946	-55.482
1473	687.088	-54.094
1474	687.678	-54.000
1475	687.835	-53.738
1476	688.437	-53.390
1477	688.478	-53.938
1478	688.567	-53.078
1479	689.225	-54.758
1480	689.233	-56.144
1481	689.316	-55.159
1482	689.327	-53.795
1483	689.638	-54.766
1484	689.886	-53.507
1485	690.453	-54.071
1486	690.557	-54.627
1487	690.738	-53.625
1488	691.249	-41.657
1489	691.570	-53.908
1490	691.916	-54.776
1491	691.946	-53.922
1492	692.937	-54.809
1493	692.972	-54.253
1494	694.673	-53.693
1495	696.585	-54.167
1496	697.024	-53.734
1497	697.464	-54.427
1498	698.214	-53.339
1499	698.856	-54.545
1500	698.967	-54.130
1501	699.307	-53.816
1502	699.359	-53.221
1503	699.392	-53.793
1504	699.692	-54.445
1505	699.807	-54.509
1506	699.928	-54.558
1507	700.053	-53.519
1508	700.670	-54.558
1509	701.374	-94.889
1510	701.529	-54.087
1511	704.170	-54.574
1512	705.077	-54.253
1513	705.260	-54.598
1514	705.755	-53.959
1515	705.915	-54.609
1516	707.629	-53.910
1517	707.646	-52.622
1518	708.901	-54.045
1519	708.968	-54.985
1520	709.326	-53.938
1521	709.379	-54.357
1522	709.528	-54.645
1523	709.546	-55.371
1524	709.954	-54.823
1525	710.159	-54.147
1526	710.330	-54.598
1527	710.432	-54.229
1528	710.494	-54.979
1529	710.614	-54.897
1530	711.176	-55.063
1531	711.253	-28.101
1532	711.605	-53.521
1533	711.718	-53.991
1534	712.297	-53.975
1535	712.721	-54.662
1536	713.033	-54.991
1537	713.169	-54.881
1538	713.756	-54.981
1539	713.813	-54.421
1540	713.835	-55.308
1541	713.889	-54.517
1542	714.204	-54.582
1543	714.318	-54.335
1544	714.477	-54.045
1545	715.219	-52.806
1546	715.729	-54.973
1547	715.884	-54.627
1548	715.901	-54.392
1549	715.945	-56.146
1550	716.034	-54.924
1551	716.317	-53.656
1552	716.519	-53.771
1553	716.607	-54.764
1554	716.609	-55.776
1555	716.665	-54.658
1556	716.931	-54.515
1557	716.935	-54.372
1558	717.410	-56.990
1559	717.442	-54.337
1560	717.475	-54.515
1561	718.121	-8.997
1562	718.648	-55.533
1563	718.785	-55.154
1564	718.858	-54.468
1565	718.892	-54.770
1566	719.127	-54.560
1567	719.172	-54.006
1568	719.219	-55.017
1569	719.263	-54.684
1570	719.315	-54.065
1571	719.338	-54.275
1572	719.446	-54.098
1573	719.530	-54.693
1574	719.812	-53.213
1575	720.427	-54.531
1576	721.074	-54.521
1577	721.310	-55.020
1578	721.324	-54.449
1579	721.601	-54.543
1580	721.603	-53.812
1581	721.935	-54.145
1582	723.768	-55.175
1583	724.155	-54.259
1584	724.289	-53.989
1585	724.358	-54.791
1586	724.453	-53.388
1587	725.046	-56.007
1588	725.090	-54.553
1589	725.185	-54.165
1590	725.279	-54.807
1591	725.291	-53.865
1592	725.485	-56.741
1593	725.983	-54.090
1594	726.352	-54.280
1595	726.524	-54.633
1596	726.671	-54.063
1597	727.468	-54.580
1598	727.501	-51.549
1599	727.655	-54.962
1600	727.979	-55.036
1601	728.093	-54.813
1602	728.198	-54.474
1603	730.435	-54.917
1604	735.571	-63.958
1605	736.306	-54.735
1606	736.392	-55.322
1607	737.375	-54.733
1608	737.945	-53.419
1609	738.451	-54.985
1610	738.514	-54.942
1611	739.064	-54.735
1612	739.071	-54.582
1613	739.253	-53.660
1614	739.265	-55.535
1615	739.377	-54.280
1616	739.397	-55.044
1617	739.453	-53.816
1618	739.481	-55.557
1619	739.537	-54.531
1620	739.550	-53.950
1621	739.620	-55.224
1622	739.715	-54.165
1623	740.388	-54.543
1624	740.775	-54.251
1625	741.120	-54.390
1626	741.584	-54.300
1627	742.986	-53.300
1628	743.190	-54.118
1629	743.463	-55.504
1630	743.506	-53.540
1631	745.010	-55.230
1632	745.022	-53.887
1633	745.159	-74.496
1634	745.219	-54.361
1635	745.516	-53.540
1636	745.753	-53.153
1637	745.822	-54.016
1638	745.869	-54.547
1639	745.875	-54.891
1640	745.915	-54.255
1641	746.534	-54.562
1642	746.547	-52.714
1643	746.639	-54.668
1644	747.275	-84.189
1645	747.352	-54.020
1646	747.393	-53.769
1647	747.482	-54.282
1648	748.024	-54.915
1649	748.981	-54.905
1650	749.238	-54.519
1651	749.272	-54.519
1652	749.325	-54.392
1653	749.411	-53.767
1654	749.419	-68.093
1655	749.883	-54.660
1656	750.111	-35.961
1657	750.595	-54.228
1658	750.609	-54.000
1659	750.691	-55.298
1660	750.747	-54.948
1661	750.813	-54.523
1662	750.955	-54.535
1663	752.532	-54.570
1664	752.588	-56.328
1665	752.605	-56.356
1666	752.779	-54.112
1667	752.854	-54.472
1668	753.417	-54.233
1669	753.970	-54.915
1670	754.094	-55.980
1671	755.246	-54.646
1672	755.354	-54.400
1673	755.447	-54.451
1674	755.586	-54.652
1675	755.690	-38.109
1676	755.842	-55.318
1677	756.030	-54.161
1678	756.282	-53.979
1679	756.974	-55.355
1680	756.999	-55.142
1681	757.161	-54.237
1682	757.544	-53.863
1683	757.884	-54.662
1684	758.034	-54.545
1685	758.219	-55.085
1686	758.234	-55.011
1687	758.286	-54.629
1688	758.378	-54.284
1689	758.393	-54.229
1690	758.474	-54.744
1691	759.513	-54.504
1692	759.547	-54.316
1693	759.791	-54.423
1694	759.815	-54.278
1695	759.980	-54.229
1696	760.011	-54.414
1697	760.120	-54.576
1698	760.284	-54.735
1699	760.294	-54.991
1700	761.422	-54.776
1701	761.688	-55.138
1702	761.779	-54.171
1703	762.135	-53.652
1704	763.136	-53.775
1705	763.241	-39.098
1706	763.271	-54.155
1707	765.618	-55.275
1708	768.418	-53.809
1709	768.735	-54.660
1710	768.771	-54.229
1711	768.861	-54.537
1712	769.148	-55.085
1713	769.262	-53.574
1714	769.341	-54.214
1715	769.475	-54.511
1716	769.606	-54.881
1717	769.640	-54.008
1718	770.012	-58.405
1719	770.366	-54.096
1720	771.730	-54.132
1721	771.833	-54.584
1722	772.474	-54.102
1723	772.618	-53.844
1724	773.009	-89.131
1725	777.677	-54.554
1726	778.179	-54.654
1727	778.285	-54.494
1728	778.493	-54.547
1729	778.722	-54.112
1730	778.793	-55.347
1731	779.367	-54.498
1732	779.399	-54.490
1733	779.704	-54.554
1734	779.708	-53.626
1735	779.956	-54.776
1736	779.966	-54.799
1737	780.111	-54.850
1738	780.284	-54.823
1739	780.389	-54.333
1740	780.483	-54.672
1741	780.550	-54.224
1742	781.125	-52.834
1743	781.213	-54.425
1744	781.444	-53.568
1745	781.477	-54.122
1746	782.013	-54.551
1747	782.049	-53.873
1748	782.246	-53.816
1749	782.767	-54.457
1750	782.835	-53.897
1751	783.077	-54.067
1752	783.097	-55.042
1753	783.473	-55.287
1754	783.531	-54.043
1755	783.640	-54.327
1756	784.322	-53.525
1757	784.349	-54.480
1758	784.446	-53.922
1759	784.812	-54.668
1760	784.895	-53.832
1761	784.904	-55.052
1762	785.024	-54.184
1763	785.347	-54.885
1764	785.696	-55.690
1765	786.262	-91.564
1766	786.275	-56.835
1767	786.300	-55.236
1768	786.368	-54.118
1769	786.568	-54.760
1770	786.620	-54.742
1771	786.622	-75.188
1772	787.132	-54.298
1773	787.135	-54.016
1774	787.216	-53.419
1775	787.864	-53.578
1776	788.097	-57.679
1777	788.141	-54.492
1778	788.249	-54.999
1779	789.208	-54.619
1780	791.341	-54.343
1781	791.398	-54.803
1782	793.222	-53.998
1783	793.249	-54.343
1784	793.721	-56.718
1785	794.664	-54.709
1786	795.690	-54.124
1787	795.985	-54.147
1788	796.003	-55.046
1789	796.088	-54.682
1790	796.545	-54.182
1791	796.591	-53.908
1792	796.946	-53.458
1793	796.984	-54.404
1794	797.319	-54.323
1795	797.366	-54.316
1796	797.494	-53.899
1797	797.663	-53.987
1798	800.294	-53.996
1799	801.310	-90.965
1800	802.589	-54.094
1801	803.148	-54.746
1802	803.379	-53.448
1803	803.503	-54.196
1804	804.003	-55.279
1805	804.079	-53.824
1806	804.101	-54.478
1807	804.274	-54.654
1808	804.287	-54.257
1809	804.366	-54.688
1810	804.580	-53.200
1811	805.975	-54.190
1812	806.467	-54.167
1813	806.783	-54.827
1814	806.785	-53.916
1815	807.011	-53.709
1816	807.169	-54.043
1817	807.361	-34.013
1818	808.634	-54.231
1819	808.822	-54.145
1820	808.951	-54.300
1821	808.979	-54.445
1822	809.130	-53.533
1823	809.158	-54.368
1824	810.461	-54.470
1825	810.465	-54.905
1826	810.583	-54.715
1827	810.602	-53.897
1828	810.722	-54.590
1829	813.187	-68.739
1830	814.022	-55.112
1831	814.114	-54.431
1832	814.172	-70.413
1833	814.241	-55.183
1834	814.309	-54.179
1835	814.332	-55.020
1836	814.383	-55.295
1837	814.978	-71.290
1838	815.065	-54.807
1839	815.236	-54.482
1840	815.669	-54.190
1841	815.743	-54.795
1842	815.792	-54.114
1843	816.006	-54.680
1844	816.898	-52.884
1845	817.262	-54.511
1846	817.375	-54.515
1847	817.875	-65.917
1848	818.045	-54.224
1849	818.110	-84.487
1850	818.350	-54.143
1851	820.005	-54.809
1852	820.059	-54.727
1853	820.368	-54.654
1854	820.412	-54.089
1855	820.662	-53.791
1856	820.854	-53.583
1857	820.914	-54.269
1858	821.102	-54.570
1859	825.358	-54.220
1860	825.514	-54.182
1861	825.670	-56.197
1862	825.785	-53.967
1863	825.823	-55.095
1864	825.867	-54.480
1865	826.206	-52.978
1866	826.207	-56.228
1867	826.238	-54.588
1868	826.259	-54.594
1869	826.987	-54.466
1870	827.258	-61.728
1871	827.846	-68.664
1872	829.587	-55.974
1873	829.768	-54.345
1874	830.563	-55.320
1875	830.757	-55.553
1876	830.776	-38.687
1877	830.871	-53.734
1878	831.047	-54.531
1879	831.080	-54.545
1880	831.119	-55.222
1881	831.144	-53.975
1882	831.402	-55.105
1883	831.474	-55.964
1884	831.491	-54.028
1885	832.303	-54.772
1886	832.804	-54.245
1887	833.009	-55.081
1888	833.023	-55.265
1889	833.122	-54.995
1890	833.150	-21.830
1891	833.776	-55.488
1892	833.843	-54.367
1893	833.854	-54.415
1894	833.937	-54.368
1895	834.023	-54.457
1896	834.104	-54.100
1897	834.147	-55.099
1898	834.162	-54.911
1899	834.325	-55.894
1900	834.340	-53.950
1901	834.388	-54.513
1902	834.573	-55.167
1903	834.913	-55.222
1904	834.920	-53.413
1905	834.960	-54.780
1906	835.083	-54.874
1907	835.227	-55.128
1908	835.258	-55.729
1909	835.446	-53.846
1910	835.558	-53.920
1911	835.630	-53.767
1912	839.283	-54.112
1913	839.438	-54.378
1914	840.039	-53.840
1915	841.013	-53.930
1916	841.550	-86.388
1917	841.730	-53.151
1918	841.990	-53.601
1919	842.550	-54.832
1920	843.245	-52.798
1921	843.495	-53.112
1922	844.195	-91.842
1923	844.253	-90.959
1924	844.416	-54.924
1925	844.469	-53.840
1926	844.691	-55.627
1927	844.997	-55.416
1928	844.998	-54.623
1929	845.075	-53.844
1930	845.179	-54.128
1931	845.433	-54.220
1932	845.519	-54.652
1933	846.339	-53.973
1934	846.801	-88.869
1935	846.940	-54.024
1936	847.395	-53.762
1937	847.617	-54.582
1938	848.086	-54.079
1939	848.334	-54.437
1940	850.436	-53.934
1941	850.655	-53.685
1942	852.096	-54.320
1943	854.598	-54.492
1944	854.952	-52.812
1945	855.350	-53.840
1946	855.571	-54.772
1947	855.579	-54.343
1948	856.072	-54.619
1949	856.384	-53.570
1950	856.406	-55.246
1951	856.440	-53.538
1952	856.457	-54.102
1953	856.549	-54.271
1954	856.578	-54.940
1955	860.236	-54.259
1956	860.661	-54.611
1957	860.706	-54.155
1958	860.736	-62.239
1959	860.793	-55.116
1960	860.968	-54.284
1961	861.358	-54.460
1962	861.778	-54.155
1963	861.823	-54.427
1964	861.905	-53.903
1965	862.170	-54.506
1966	864.379	-54.337
1967	864.931	-55.046
1968	864.993	-54.811
1969	865.410	-53.689
1970	865.549	-54.147
1971	865.733	-54.190
1972	866.063	-54.928
1973	866.177	-54.627
1974	867.999	-55.931
1975	868.067	-92.620
1976	868.422	-53.572
1977	869.534	-53.779
1978	869.625	-54.165
1979	869.696	-54.549
1980	869.701	-54.641
1981	869.706	-54.968
1982	869.757	-55.422
1983	869.798	-53.327
1984	869.813	-54.478
1985	869.839	-54.139
1986	870.048	-54.580
1987	870.148	-53.906
1988	870.509	-54.137
1989	870.559	-54.102
1990	870.617	-54.860
1991	870.709	-54.282
1992	870.718	-54.367
1993	870.869	-53.857
1994	870.909	-54.838
1995	871.019	-53.219
1996	871.037	-54.523
1997	871.119	-54.396
1998	871.145	-53.885
1999	871.174	-54.834
2000	871.178	-54.312
