DXEX v3
C:\Documents and Settings\LDA\My Documents\TM_SANTOS\Equipo_5\Trailer.lda
3:16:20 PM
0.00 mm;0.00 mm;-2.00 mm
Region1
"Row#"	"AT [ms]"	"LDA1 [m/s]"	
1	0.100	-54.952
2	3.108	-54.666
3	4.489	-54.506
4	5.136	-20.791
5	5.296	-54.578
6	5.323	-53.636
7	5.708	-53.848
8	6.067	-54.421
9	6.672	-55.038
10	7.991	-54.727
11	9.219	-53.572
12	9.875	-53.672
13	11.410	-53.726
14	12.449	-55.224
15	12.726	-54.553
16	12.768	-54.457
17	14.186	-53.718
18	14.399	-54.903
19	14.448	-54.284
20	18.411	-54.259
21	18.494	-54.809
22	18.604	-54.470
23	19.163	-54.034
24	19.296	-54.609
25	19.369	-54.619
26	19.431	-54.748
27	19.472	-54.564
28	19.603	-54.545
29	19.652	-55.312
30	20.115	-54.196
31	20.643	-54.462
32	21.020	-54.126
33	21.362	-54.525
34	21.398	-53.744
35	21.423	-55.187
36	21.461	-54.161
37	21.509	-54.278
38	21.665	-53.760
39	21.830	-54.341
40	21.906	-54.645
41	24.265	-55.009
42	24.640	-53.717
43	24.928	-54.357
44	24.992	-22.999
45	25.025	-54.372
46	25.071	-53.294
47	25.165	-53.828
48	25.513	-54.921
49	25.555	-54.188
50	25.700	-53.442
51	25.852	-53.957
52	25.969	-54.388
53	26.112	-54.055
54	26.539	-54.024
55	27.908	-53.742
56	28.292	-53.996
57	28.814	-52.199
58	32.924	-53.781
59	34.969	-54.045
60	36.018	-54.276
61	36.418	-53.854
62	36.424	-54.384
63	36.900	-54.026
64	36.960	-53.995
65	37.931	-54.157
66	39.431	-54.053
67	39.611	-53.910
68	40.070	-54.239
69	40.130	-54.045
70	41.116	-53.856
71	41.138	-54.233
72	42.100	-53.940
73	42.439	-64.134
74	42.796	-54.087
75	45.818	-55.445
76	45.824	-54.363
77	45.849	-53.427
78	45.857	-54.521
79	45.984	-54.214
80	46.051	-53.290
81	46.431	-52.773
82	46.558	-53.677
83	46.715	-54.255
84	46.719	-54.000
85	47.526	-66.528
86	48.592	-54.564
87	48.693	-54.006
88	48.889	-53.942
89	49.845	-53.879
90	49.899	-53.507
91	49.971	-54.245
92	49.974	-54.323
93	50.081	-53.063
94	50.140	-54.251
95	50.196	-54.905
96	50.289	-55.296
97	50.435	-54.276
98	50.932	-53.715
99	54.378	-54.576
100	54.510	-53.515
101	54.954	-54.112
102	55.422	-55.022
103	55.462	-54.576
104	55.619	-54.596
105	56.793	-54.396
106	56.867	-54.155
107	56.878	-54.026
108	56.895	-54.766
109	56.948	-54.415
110	58.613	-54.533
111	60.143	-84.608
112	66.588	-65.350
113	66.895	-53.926
114	67.005	-54.431
115	76.173	-54.641
116	76.334	-73.615
117	78.575	-39.593
118	79.109	-55.892
119	79.343	-55.817
120	80.222	-54.439
121	80.225	-54.964
122	80.990	-54.284
123	81.052	-53.399
124	81.077	-54.688
125	84.559	-54.864
126	85.259	-54.578
127	85.462	-54.985
128	85.571	-54.560
129	85.667	-54.106
130	85.720	-53.161
131	86.299	-55.520
132	87.299	-54.224
133	87.475	-53.885
134	87.503	-54.314
135	88.210	-54.556
136	88.477	-85.930
137	88.504	-55.003
138	90.627	-54.801
139	90.700	-54.382
140	90.801	-53.916
141	90.931	-54.778
142	90.990	-54.261
143	91.711	-53.846
144	91.731	-54.807
145	91.899	-52.205
146	92.102	-54.089
147	92.562	-54.220
148	92.590	-54.645
149	93.074	-53.262
150	93.478	-54.275
151	94.060	-54.596
152	94.067	-54.431
153	94.252	-54.204
154	94.372	-54.267
155	94.385	-54.353
156	94.708	-54.304
157	94.741	-15.769
158	94.873	-54.124
159	95.024	-53.809
160	95.118	-53.979
161	95.518	-53.652
162	101.209	-89.611
163	101.454	-55.022
164	101.670	-53.887
165	102.675	-53.934
166	102.689	-53.010
167	102.701	-53.818
168	102.741	-56.620
169	102.887	-53.484
170	102.916	-54.290
171	102.969	-54.243
172	103.011	-54.016
173	103.036	-54.388
174	103.742	-54.040
175	103.871	-53.963
176	103.997	-55.159
177	105.243	-53.115
178	106.108	-96.694
179	107.877	-52.121
180	108.462	-54.907
181	109.337	-54.345
182	109.604	-53.047
183	109.759	-54.132
184	109.897	-54.181
185	109.908	-53.863
186	109.911	-53.906
187	110.142	-54.321
188	110.207	-54.402
189	113.075	-53.642
190	113.138	-54.257
191	113.182	-53.074
192	113.187	-53.910
193	113.248	-54.584
194	113.324	-54.791
195	113.416	-54.030
196	113.622	-54.462
197	113.715	-54.603
198	113.764	-54.102
199	113.826	-54.756
200	113.846	-54.157
201	113.864	-54.259
202	113.875	-54.314
203	113.933	-54.966
204	118.729	-53.554
205	118.744	-53.904
206	118.778	-54.108
207	119.056	-54.474
208	119.337	-54.693
209	119.346	-53.885
210	119.540	-54.055
211	119.656	-54.214
212	119.696	-53.948
213	119.713	-54.782
214	121.430	-53.576
215	121.929	-49.740
216	122.136	-77.167
217	122.793	-54.112
218	122.968	-53.865
219	123.035	-53.771
220	123.056	-53.045
221	123.128	-53.630
222	125.338	-53.877
223	125.386	-54.116
224	125.499	-54.210
225	125.615	-54.206
226	125.636	-54.249
227	132.452	-53.495
228	132.485	-54.325
229	133.710	-53.920
230	134.529	-53.599
231	134.898	-53.948
232	137.627	-54.026
233	137.697	-53.769
234	137.711	-54.799
235	137.781	-54.609
236	138.005	-53.715
237	138.723	-53.730
238	141.850	-54.848
239	142.066	-54.077
240	142.349	-53.948
241	143.007	-54.437
242	143.195	-54.355
243	143.332	-52.847
244	143.419	-53.427
245	143.441	-54.188
246	143.471	-54.190
247	143.875	-54.539
248	143.930	-54.147
249	144.391	-53.832
250	146.342	-54.582
251	146.377	-54.460
252	146.477	-92.492
253	146.728	-54.672
254	154.828	-53.985
255	154.941	-53.764
256	155.036	-54.699
257	155.199	-54.294
258	155.278	-55.040
259	155.616	-54.537
260	155.873	-54.754
261	155.945	-54.126
262	156.224	-53.873
263	159.688	-53.816
264	163.826	-54.584
265	166.255	-55.841
266	166.302	-54.500
267	166.559	-54.043
268	167.017	-55.318
269	167.273	-54.641
270	168.532	-55.040
271	168.679	-52.777
272	169.018	-54.682
273	170.696	-53.301
274	170.727	-54.267
275	171.589	-54.098
276	171.852	-55.199
277	173.043	-55.183
278	173.338	-54.374
279	173.363	-54.901
280	173.367	-53.474
281	173.671	-55.982
282	176.069	-54.758
283	176.096	-54.118
284	178.020	-53.955
285	178.188	-53.644
286	178.221	-53.713
287	178.701	-53.836
288	178.774	-42.238
289	179.510	-54.118
290	179.931	-55.210
291	180.337	-54.748
292	180.523	-53.883
293	180.949	-53.865
294	180.952	-54.067
295	181.872	-54.956
296	181.951	-53.644
297	182.195	-54.077
298	182.671	-53.720
299	183.314	-54.137
300	183.581	-54.928
301	183.922	-53.513
302	184.288	-53.773
303	184.303	-51.453
304	184.334	-53.754
305	184.589	-53.951
306	188.213	-54.192
307	188.348	-53.574
308	188.868	-54.921
309	188.972	-54.104
310	189.323	-54.760
311	189.334	-53.221
312	189.445	-54.259
313	190.868	-53.397
314	190.940	-54.421
315	190.964	-54.045
316	190.977	-54.574
317	191.479	-54.128
318	191.568	-54.294
319	192.392	-54.678
320	192.428	-53.104
321	192.523	-53.805
322	192.531	-54.094
323	192.564	-92.348
324	192.781	-54.392
325	193.528	-54.175
326	193.617	-53.893
327	194.864	-54.302
328	195.212	-53.944
329	196.416	-53.409
330	196.706	-54.196
331	196.726	-54.819
332	196.958	-53.531
333	202.744	-7.601
334	206.465	-54.030
335	207.389	-53.591
336	207.655	-54.224
337	207.772	-54.251
338	207.831	-54.447
339	207.859	-54.104
340	207.886	-54.259
341	207.942	-54.175
342	210.000	-54.464
343	210.096	-54.864
344	211.374	-53.828
345	212.748	-54.809
346	212.809	-54.760
347	212.927	-54.500
348	212.949	-54.259
349	213.243	-53.728
350	213.257	-54.656
351	213.438	-55.036
352	213.874	-53.605
353	214.115	-52.585
354	214.146	-54.519
355	214.227	-54.134
356	214.457	-53.955
357	216.429	-54.320
358	220.323	-54.435
359	220.611	-54.118
360	220.733	-55.253
361	221.256	-55.604
362	225.787	-54.805
363	227.246	-54.607
364	227.858	-55.484
365	228.055	-55.097
366	228.269	-54.744
367	228.326	-54.601
368	231.574	-56.665
369	231.724	-54.036
370	231.731	-54.631
371	231.873	-54.599
372	231.955	-54.764
373	232.023	-54.917
374	232.079	-54.598
375	232.342	-54.419
376	232.350	-54.006
377	232.378	-54.870
378	232.435	-55.013
379	232.603	-53.789
380	232.702	-54.357
381	232.873	-55.087
382	232.976	-55.298
383	233.050	-55.167
384	233.126	-54.795
385	233.188	-55.479
386	233.240	-55.668
387	233.244	-55.015
388	233.250	-55.251
389	233.315	-55.140
390	234.624	-54.447
391	235.110	-55.514
392	238.128	-54.807
393	238.879	-54.584
394	239.093	-54.231
395	239.124	-54.431
396	239.188	-54.560
397	239.416	-54.917
398	239.675	-54.208
399	240.105	-54.161
400	241.008	-54.815
401	241.393	-54.280
402	241.427	-54.881
403	241.526	-55.056
404	241.545	-54.601
405	241.585	-54.280
406	247.694	-54.670
407	250.439	-54.750
408	250.443	-97.156
409	250.814	-54.850
410	250.893	-54.742
411	250.930	-54.462
412	251.172	-56.616
413	251.413	-53.910
414	251.479	-54.474
415	251.541	-54.363
416	251.584	-54.652
417	251.614	-55.255
418	251.700	-54.619
419	252.143	-54.404
420	253.206	-54.325
421	253.953	-53.926
422	254.232	-55.725
423	254.324	-53.967
424	254.576	-54.692
425	254.637	-54.243
426	254.821	-45.200
427	254.933	-54.182
428	254.943	-53.256
429	255.064	-53.830
430	255.112	-54.703
431	255.422	-54.004
432	255.576	-53.638
433	256.521	-55.189
434	258.111	-54.282
435	258.183	-52.319
436	258.589	-54.157
437	258.915	-54.482
438	259.389	-54.836
439	259.427	-54.096
440	259.508	-53.717
441	260.553	-54.376
442	260.560	-54.572
443	260.633	-54.926
444	260.642	-35.903
445	260.994	-55.150
446	261.108	-51.935
447	261.181	-53.029
448	262.026	-54.228
449	262.568	-53.852
450	262.825	-54.214
451	263.945	-54.455
452	264.063	-54.676
453	264.759	-54.220
454	266.554	-54.594
455	267.075	-54.259
456	268.185	-54.012
457	268.749	-53.517
458	268.778	-54.347
459	268.815	-54.057
460	268.923	-54.429
461	268.947	-48.094
462	269.184	-54.186
463	269.211	-55.870
464	269.301	-54.089
465	269.452	-54.789
466	269.488	-54.106
467	269.501	-54.363
468	269.633	-54.051
469	269.680	-54.263
470	269.977	-55.641
471	270.220	-54.586
472	270.264	-54.819
473	270.370	-53.726
474	270.518	-53.670
475	270.766	-53.793
476	270.784	-53.961
477	270.949	-54.723
478	270.956	-54.196
479	270.989	-53.478
480	272.734	-54.766
481	272.894	-53.110
482	272.939	-54.372
483	273.708	-54.312
484	273.728	-54.159
485	273.759	-55.063
486	273.762	-53.993
487	274.816	-53.241
488	274.851	-54.259
489	275.110	-54.613
490	275.195	-47.579
491	275.239	-54.226
492	275.293	-54.231
493	275.314	-54.502
494	275.393	-54.345
495	275.453	-53.450
496	276.435	-53.764
497	279.118	-31.995
498	279.478	-54.449
499	279.543	-54.762
500	279.551	-54.284
501	279.630	-55.034
502	279.639	-54.355
503	279.675	-54.343
504	280.180	-54.746
505	281.838	-54.725
506	283.566	-54.707
507	284.693	-54.977
508	284.885	-54.357
509	285.648	-54.797
510	285.688	-54.893
511	285.740	-53.822
512	285.996	-54.801
513	286.054	-54.613
514	286.302	-53.765
515	286.307	-54.012
516	286.421	-54.791
517	286.465	-54.748
518	286.517	-54.094
519	286.568	-53.869
520	286.661	-55.065
521	286.704	-54.564
522	286.707	-54.711
523	286.892	-54.891
524	286.898	-55.690
525	286.906	-54.660
526	286.914	-53.619
527	287.221	-54.182
528	287.268	-54.333
529	287.341	-54.883
530	287.389	-55.189
531	287.644	-54.639
532	289.833	-54.703
533	291.288	-54.950
534	294.638	-55.161
535	294.835	-55.034
536	295.013	-54.586
537	300.507	-55.007
538	302.097	-27.463
539	302.698	-54.474
540	302.930	-54.527
541	303.033	-54.836
542	303.470	-55.776
543	303.617	-55.281
544	303.955	-55.046
545	305.297	-54.594
546	307.078	-54.059
547	307.551	-54.265
548	310.111	-54.188
549	310.612	-54.748
550	310.616	-55.154
551	310.921	-53.215
552	311.158	-53.673
553	311.853	-54.388
554	312.142	-55.263
555	312.196	-54.964
556	312.436	-54.425
557	312.486	-54.298
558	313.036	-54.204
559	313.168	-54.392
560	313.619	-53.965
561	313.637	-54.637
562	314.159	-54.376
563	314.386	-55.882
564	314.421	-54.071
565	314.673	-54.635
566	315.044	-53.953
567	315.200	-54.527
568	315.356	-54.613
569	315.414	-53.578
570	315.431	-54.511
571	321.858	-54.051
572	323.209	-54.439
573	323.424	-54.576
574	323.572	-53.444
575	324.267	-53.695
576	324.838	-56.346
577	325.246	-54.838
578	325.809	-53.775
579	326.308	-1.283
580	326.382	-55.222
581	326.495	-71.405
582	326.543	-54.075
583	326.707	-54.061
584	326.828	-67.002
585	327.371	-53.989
586	327.456	-53.294
587	327.471	-53.906
588	327.869	-53.803
589	334.924	-53.989
590	335.111	-53.789
591	336.290	-55.167
592	336.309	-54.507
593	336.649	-54.494
594	336.752	-53.560
595	336.767	-53.906
596	336.769	-54.110
597	336.793	-53.975
598	336.799	-53.846
599	336.867	-53.509
600	336.954	-53.899
601	336.959	-54.081
602	337.065	-54.962
603	337.251	-54.392
604	337.295	-53.444
605	337.360	-54.464
606	337.396	-54.441
607	337.606	-54.045
608	337.746	-99.078
609	341.375	-54.662
610	344.743	-54.320
611	345.184	-54.494
612	345.432	-54.439
613	345.500	-55.249
614	345.574	-54.476
615	345.615	-54.829
616	346.240	-54.002
617	346.246	-54.423
618	346.516	-54.654
619	346.526	-54.596
620	346.641	-54.384
621	346.723	-54.090
622	346.830	-54.251
623	347.251	-53.852
624	347.518	-54.486
625	347.718	-53.948
626	348.206	-53.822
627	348.226	-54.214
628	348.277	-54.983
629	348.329	-55.457
630	348.373	-54.275
631	348.416	-54.584
632	348.542	-54.263
633	348.774	-55.248
634	353.919	-54.641
635	355.006	-54.453
636	355.229	-54.715
637	355.340	-78.111
638	364.427	-55.251
639	364.542	-55.578
640	364.617	-54.586
641	364.728	-55.418
642	364.733	-55.062
643	364.904	-54.431
644	365.019	-55.071
645	365.118	-55.077
646	365.870	-50.255
647	370.813	-54.631
648	370.934	-54.690
649	374.574	-55.116
650	377.106	-54.071
651	377.388	-54.212
652	377.683	-53.818
653	377.790	-55.424
654	384.407	-54.404
655	384.446	-53.869
656	384.567	-53.934
657	384.662	-52.990
658	384.664	-53.736
659	384.740	-54.496
660	384.754	-54.206
661	386.584	-54.057
662	386.600	-54.179
663	386.624	-54.321
664	387.801	-54.026
665	387.812	-54.302
666	388.119	-54.004
667	389.351	-54.120
668	389.367	-54.637
669	389.503	-53.715
670	389.703	-54.188
671	389.831	-54.729
672	389.903	-54.335
673	390.561	-53.873
674	390.627	-54.478
675	390.675	-57.086
676	392.545	-53.662
677	392.565	-53.779
678	392.696	-53.339
679	398.036	-54.480
680	398.160	-53.370
681	398.494	-54.545
682	398.589	-54.398
683	398.813	-54.457
684	399.575	-53.707
685	400.177	-53.619
686	402.044	-53.623
687	402.469	-53.932
688	403.026	-54.623
689	403.098	-54.339
690	403.150	-54.419
691	403.175	-53.403
692	403.223	-53.325
693	403.416	-53.934
694	403.494	-71.348
695	403.509	-53.392
696	403.555	-53.164
697	403.646	-52.959
698	403.943	-54.545
699	404.389	-55.385
700	404.725	-53.951
701	406.208	-53.325
702	415.737	-54.470
703	419.827	-54.778
704	420.431	-54.061
705	420.753	-55.083
706	420.993	-54.907
707	421.089	-55.081
708	424.198	-53.996
709	424.244	-54.419
710	424.347	-55.336
711	424.378	-53.928
712	424.384	-54.799
713	424.604	-55.410
714	424.662	-55.005
715	424.675	-54.110
716	425.949	-54.735
717	429.429	-54.850
718	429.577	-53.536
719	429.715	-54.885
720	429.808	-67.165
721	430.027	-54.261
722	430.282	-54.372
723	435.445	-54.643
724	435.501	-54.445
725	435.646	-54.468
726	436.059	-54.380
727	436.102	-53.957
728	436.111	-54.701
729	436.269	-54.574
730	436.282	-54.325
731	436.446	-54.721
732	436.771	-56.109
733	437.200	-57.879
734	439.095	-54.543
735	439.249	-56.542
736	439.267	-53.693
737	439.296	-53.558
738	439.563	-54.280
739	445.179	-54.130
740	454.207	-54.474
741	454.389	-18.494
742	454.456	-55.343
743	454.581	-53.797
744	454.929	-54.987
745	455.579	-53.760
746	456.250	-80.487
747	456.351	-53.262
748	456.399	-53.325
749	457.137	-53.566
750	457.492	-53.607
751	457.507	-54.002
752	458.034	-84.904
753	458.620	-53.814
754	459.194	-54.932
755	459.295	-54.412
756	459.341	-54.051
757	459.699	-53.660
758	459.742	-70.144
759	459.783	-53.754
760	459.838	-54.269
761	460.580	-53.188
762	460.715	-86.269
763	460.728	-54.102
764	460.843	-54.543
765	460.857	-54.684
766	461.326	-53.814
767	461.461	-53.936
768	461.566	-33.630
769	461.863	-54.645
770	462.398	-54.079
771	462.845	-54.306
772	463.493	-53.885
773	463.593	-54.186
774	463.670	-54.190
775	463.782	-53.456
776	463.791	-53.842
777	464.821	-54.568
778	469.997	-54.188
779	470.460	-55.171
780	470.491	-54.502
781	470.621	-53.566
782	470.943	-54.682
783	471.017	-54.676
784	472.673	-53.973
785	477.356	-54.410
786	477.596	-54.979
787	479.997	-54.367
788	480.154	-54.143
789	480.191	-54.151
790	487.594	-86.028
791	491.090	-54.558
792	496.771	-54.586
793	496.787	-54.443
794	496.808	-54.161
795	498.114	-53.679
796	498.117	-54.370
797	498.265	-55.150
798	498.656	-55.455
799	498.903	-54.204
800	500.456	-55.148
801	500.847	-54.690
802	500.908	-54.030
803	501.460	-54.596
804	501.615	-54.314
805	502.070	-54.631
806	502.168	-53.861
807	502.807	-55.216
808	502.910	-53.885
809	503.683	-54.122
810	505.193	-54.053
811	505.713	-54.184
812	507.813	-55.351
813	508.107	-53.987
814	508.397	-54.453
815	508.488	-54.194
816	508.623	-54.378
817	509.330	-54.318
818	509.395	-54.586
819	509.513	-54.047
820	510.224	-54.883
821	510.246	-54.964
822	510.263	-54.049
823	510.267	-54.770
824	510.313	-54.181
825	510.396	-53.856
826	510.434	-53.198
827	512.834	-53.795
828	513.068	-54.934
829	518.776	-54.995
830	519.985	-56.720
831	520.187	-54.118
832	522.163	-55.089
833	522.354	-53.509
834	522.965	-53.934
835	523.105	-54.304
836	523.225	-91.979
837	523.926	-53.599
838	524.229	-54.414
839	524.483	-54.760
840	524.630	-18.085
841	524.638	-54.946
842	525.196	-54.414
843	525.969	-54.067
844	526.498	-54.247
845	526.512	-54.699
846	527.151	-55.146
847	530.472	-89.207
848	531.147	-54.282
849	531.607	-54.662
850	531.986	-54.139
851	532.376	-54.562
852	532.491	-55.046
853	532.825	-54.251
854	532.834	-54.801
855	532.961	-53.791
856	532.990	-54.856
857	533.084	-53.950
858	533.098	-54.527
859	533.149	-54.637
860	533.346	-54.654
861	533.385	-54.124
862	533.733	-56.170
863	533.788	-66.272
864	533.956	-54.173
865	533.967	-53.053
866	534.266	-53.585
867	534.373	-54.325
868	534.423	-53.208
869	534.571	-52.931
870	544.187	-53.284
871	544.318	-54.846
872	544.449	-53.957
873	545.971	-54.842
874	547.324	-54.006
875	548.844	-53.505
876	550.289	-53.856
877	551.054	-54.878
878	551.314	-53.595
879	554.706	-54.848
880	556.059	-54.533
881	556.688	-54.106
882	556.733	-54.926
883	556.801	-54.834
884	557.779	-54.184
885	559.171	-54.278
886	560.025	-55.293
887	560.309	-54.866
888	560.357	-54.580
889	560.385	-54.218
890	560.441	-56.072
891	560.512	-54.819
892	560.605	-53.715
893	561.413	-54.919
894	561.442	-55.811
895	562.244	-55.248
896	562.321	-55.073
897	562.401	-54.629
898	562.433	-54.866
899	562.442	-54.660
900	566.509	-54.588
901	566.585	-54.881
902	568.259	-53.940
903	568.614	-78.806
904	569.129	-13.271
905	569.151	-54.854
906	569.174	-54.797
907	569.222	-54.639
908	569.378	-53.644
909	569.650	-55.326
910	569.746	-54.032
911	569.784	-54.637
912	570.408	-55.169
913	570.751	-55.263
914	570.780	-54.241
915	570.787	-54.586
916	572.854	-55.447
917	572.899	-53.987
918	580.013	-55.052
919	580.315	-54.975
920	581.208	-54.480
921	581.241	-54.143
922	581.904	-54.721
923	582.834	-54.198
924	582.888	-56.170
925	583.178	-54.813
926	583.361	-54.944
927	583.604	-37.393
928	583.644	-54.521
929	583.658	-54.858
930	583.750	-55.713
931	583.785	-55.126
932	583.833	-54.854
933	584.045	-57.008
934	584.395	-55.524
935	585.002	-53.654
936	585.024	-54.468
937	585.054	-62.789
938	585.290	-55.404
939	585.304	-54.349
940	585.365	-55.230
941	592.871	-53.987
942	593.129	-55.526
943	593.282	-54.905
944	593.462	-53.793
945	593.675	-54.212
946	594.082	-54.621
947	594.347	-55.242
948	594.599	-56.755
949	594.622	-53.926
950	594.651	-53.713
951	594.672	-54.609
952	594.898	-57.391
953	595.012	-55.048
954	595.059	-54.441
955	595.121	-54.619
956	595.170	-79.957
957	595.854	-54.668
958	595.896	-55.144
959	596.029	-54.290
960	596.073	-54.500
961	596.123	-54.785
962	596.256	-55.619
963	596.391	-53.854
964	596.465	-53.746
965	596.807	-54.394
966	597.127	-69.420
967	602.536	-54.251
968	603.557	-54.686
969	605.384	-53.850
970	605.950	-54.077
971	612.886	-54.398
972	613.054	-55.604
973	613.260	-53.889
974	614.038	-55.888
975	617.827	-54.202
976	623.357	-96.897
977	626.000	-54.688
978	627.317	-55.279
979	630.978	-53.916
980	631.557	-54.198
981	631.836	-57.035
982	631.858	-55.314
983	632.873	-54.543
984	634.165	-54.737
985	634.429	-54.944
986	634.943	-54.412
987	634.971	-54.641
988	634.979	-54.641
989	637.576	-54.276
990	638.300	-54.359
991	638.481	-54.433
992	642.158	-54.417
993	642.420	-56.454
994	642.447	-55.576
995	642.517	-55.729
996	643.005	-54.457
997	643.025	-53.403
998	643.202	-54.380
999	644.658	-54.284
1000	644.883	-54.210
1001	644.993	-55.574
1002	645.519	-54.774
1003	646.116	-54.637
1004	646.133	-54.926
1005	646.932	-19.823
1006	647.117	-54.511
1007	647.331	-54.468
1008	647.512	-53.998
1009	647.659	-54.778
1010	647.674	-55.220
1011	647.694	-52.888
1012	648.013	-55.480
1013	648.703	-53.102
1014	651.232	-54.909
1015	651.262	-54.229
1016	651.448	-54.163
1017	651.728	-54.619
1018	651.861	-53.254
1019	652.070	-54.345
1020	652.334	-54.128
1021	652.590	-54.672
1022	654.478	-54.476
1023	654.812	-54.410
1024	655.156	-54.243
1025	655.493	-53.877
1026	655.554	-54.490
1027	656.482	-54.637
1028	657.223	-55.120
1029	658.118	-54.852
1030	658.438	-54.341
1031	658.516	-54.329
1032	660.459	-72.619
1033	666.342	-54.404
1034	666.610	-55.371
1035	673.144	-54.500
1036	673.323	-54.879
1037	673.360	-54.556
1038	673.452	-54.089
1039	673.465	-55.163
1040	673.540	-54.709
1041	673.586	-54.797
1042	673.820	-55.063
1043	675.151	-54.639
1044	675.480	-53.446
1045	676.177	-55.065
1046	676.662	-54.821
1047	676.687	-54.787
1048	676.766	-54.762
1049	676.803	-53.946
1050	676.843	-54.913
1051	676.942	-54.856
1052	678.484	-54.701
1053	679.139	-54.321
1054	679.164	-54.492
1055	679.357	-53.975
1056	682.179	-54.678
1057	682.603	-54.668
1058	682.714	-92.821
1059	684.561	-55.259
1060	686.246	-54.705
1061	686.563	-55.007
1062	691.035	-54.402
1063	693.535	-54.335
1064	694.083	-54.161
1065	694.150	-54.723
1066	695.996	-53.951
1067	696.164	-53.395
1068	696.736	-54.453
1069	696.782	-54.341
1070	696.792	-54.447
1071	696.815	-54.345
1072	696.852	-53.425
1073	696.913	-55.202
1074	696.988	-54.502
1075	697.003	-53.505
1076	697.047	-54.815
1077	697.576	-54.633
1078	697.765	-55.177
1079	697.875	-54.766
1080	698.005	-54.615
1081	708.948	-70.346
1082	711.365	-54.684
1083	711.417	-54.817
1084	711.597	-54.020
1085	711.606	-55.136
1086	711.636	-53.912
1087	711.671	-54.570
1088	711.695	-54.744
1089	712.065	-54.267
1090	712.098	-54.789
1091	712.956	-55.253
1092	713.072	-54.821
1093	713.092	-54.333
1094	713.140	-53.875
1095	713.198	-53.511
1096	715.367	-54.840
1097	715.694	-52.933
1098	716.026	-52.552
1099	720.840	-54.705
1100	720.849	-53.803
1101	721.336	-53.887
1102	721.423	-54.686
1103	723.068	-54.605
1104	723.507	-54.255
1105	723.556	-54.478
1106	723.605	-53.442
1107	723.853	-54.517
1108	723.886	-54.433
1109	723.978	-54.646
1110	724.088	-55.731
1111	732.669	-53.856
1112	734.522	-52.139
1113	734.549	-53.029
1114	734.992	-56.857
1115	735.703	-52.949
1116	735.771	-53.599
1117	735.777	-54.615
1118	736.307	-53.967
1119	737.488	-53.789
1120	737.707	-55.154
1121	737.811	-53.932
1122	737.837	-53.458
1123	737.872	-54.149
1124	737.876	-54.365
1125	737.881	-53.182
1126	737.897	-54.488
1127	737.979	-54.574
1128	738.000	-55.692
1129	738.138	-54.617
1130	738.563	-54.682
1131	738.666	-54.261
1132	738.669	-54.173
1133	738.694	-54.382
1134	738.826	-53.764
1135	738.938	-54.852
1136	739.073	-53.852
1137	740.492	-53.985
1138	743.724	-53.636
1139	743.880	-53.468
1140	743.898	-53.102
1141	743.902	-54.271
1142	743.911	-52.542
1143	743.932	-54.404
1144	744.230	-54.554
1145	744.637	-53.783
1146	745.934	-53.803
1147	746.934	-53.623
1148	746.945	-55.197
1149	747.052	-53.863
1150	753.189	-53.660
1151	755.912	-54.128
1152	764.440	-52.830
1153	765.486	-52.072
1154	765.521	-71.425
1155	765.620	-54.228
1156	765.979	-55.666
1157	767.080	-53.305
1158	767.468	-54.202
1159	767.495	-54.016
1160	767.618	-54.533
1161	767.700	-54.075
1162	767.719	-53.895
1163	768.253	-53.660
1164	768.387	-54.768
1165	768.652	-54.975
1166	768.751	-54.022
1167	768.793	-52.704
1168	768.947	-54.282
1169	769.441	-53.746
1170	772.815	-54.073
1171	782.320	-53.313
1172	785.899	-54.506
1173	786.453	-54.149
1174	787.326	-53.298
1175	787.824	-53.724
1176	791.509	-54.280
1177	794.281	-53.998
1178	795.803	-54.280
1179	795.824	-53.969
1180	796.252	-53.736
1181	797.003	-54.486
1182	797.065	-54.468
1183	797.312	-53.873
1184	797.426	-53.211
1185	797.775	-53.605
1186	804.644	-53.010
1187	804.648	-54.132
1188	804.661	-53.352
1189	804.770	-53.527
1190	805.030	-53.664
1191	805.055	-55.578
1192	805.082	-53.184
1193	805.163	-53.658
1194	805.384	-53.280
1195	805.431	-53.621
1196	805.519	-75.213
1197	805.543	-52.434
1198	805.585	-53.585
1199	805.658	-54.063
1200	805.674	-85.274
1201	805.833	-53.615
1202	806.308	-53.251
1203	806.978	-52.554
1204	806.979	-53.096
1205	807.056	-54.288
1206	809.029	-54.637
1207	812.348	-53.695
1208	812.485	-53.677
1209	812.504	-52.865
1210	812.540	-54.660
1211	812.702	-54.506
1212	812.734	-54.237
1213	812.769	-53.906
1214	812.886	-53.961
1215	813.094	-53.570
1216	813.793	-53.417
1217	813.811	-54.547
1218	814.546	-53.617
1219	814.704	-53.877
1220	814.736	-53.764
1221	815.926	-53.587
1222	816.124	-54.329
1223	816.376	-57.033
1224	819.666	-54.482
1225	819.944	-54.169
1226	822.943	-54.414
1227	823.948	-53.838
1228	824.068	-53.805
1229	824.142	-53.440
1230	824.553	-54.453
1231	824.705	-54.643
1232	824.845	-53.709
1233	827.076	-53.814
1234	827.731	-53.634
1235	827.748	-54.999
1236	827.804	-52.704
1237	828.254	-54.034
1238	828.508	-54.177
1239	831.134	-54.459
1240	833.710	-54.457
1241	833.810	-54.314
1242	833.919	-54.067
1243	834.001	-53.668
1244	834.156	-53.444
1245	834.621	-54.768
1246	834.773	-54.126
1247	835.468	-54.688
1248	836.081	-53.832
1249	836.249	-55.275
1250	836.362	-53.613
1251	836.472	-53.499
1252	836.519	-54.265
1253	838.738	-54.196
1254	838.811	-53.703
1255	839.481	-54.586
1256	839.585	-53.969
1257	839.882	-54.664
1258	840.092	-54.320
1259	843.013	-53.433
1260	851.607	-53.744
1261	859.014	-54.372
1262	859.293	-53.916
1263	859.910	-53.315
1264	860.077	-53.699
1265	862.805	-54.087
1266	863.026	-54.535
1267	863.045	-54.666
1268	863.357	-56.446
1269	863.505	-54.167
1270	863.878	-53.764
1271	863.890	-53.617
1272	864.046	-52.930
1273	864.361	-54.239
1274	864.425	-54.112
1275	864.560	-53.820
1276	864.623	-53.628
1277	864.642	-53.981
1278	864.671	-52.879
1279	864.678	-54.476
1280	864.745	-54.165
1281	864.777	-52.141
1282	869.436	-53.987
1283	871.735	-54.801
1284	872.012	-54.862
1285	872.632	-54.210
1286	872.739	-54.231
1287	872.749	-55.332
1288	872.859	-53.360
1289	872.990	-54.707
1290	873.045	-53.701
1291	875.577	-54.787
1292	875.651	-68.157
1293	877.936	-53.859
1294	879.577	-54.801
1295	879.768	-54.249
1296	888.998	-54.396
1297	889.043	-53.752
1298	889.642	-54.243
1299	889.783	-54.341
1300	891.638	-54.460
1301	891.696	-54.159
1302	891.919	-54.891
1303	891.987	-54.676
1304	893.147	-69.862
1305	893.519	-54.785
1306	893.546	-54.153
1307	893.602	-54.081
1308	893.884	-53.705
1309	893.900	-54.531
1310	894.687	-54.376
1311	896.906	-55.046
1312	897.048	-55.845
1313	897.266	-54.132
1314	897.303	-54.590
1315	897.365	-53.830
1316	897.608	-53.697
1317	898.122	-53.685
1318	898.579	-55.206
1319	903.104	-54.372
1320	905.326	-54.513
1321	906.187	-54.089
1322	906.555	-54.678
1323	906.860	-54.784
1324	908.241	-69.248
1325	909.035	-53.004
1326	909.397	-55.103
1327	909.481	-53.662
1328	910.187	-54.558
1329	910.219	-53.961
1330	910.221	-54.782
1331	911.530	-53.536
1332	911.701	-53.891
1333	912.247	-54.417
1334	912.284	-53.619
1335	919.369	-53.486
1336	919.608	-54.118
1337	921.178	-54.302
1338	922.034	-53.660
1339	922.518	-54.850
1340	922.689	-54.030
1341	923.139	-54.521
1342	923.225	-54.737
1343	923.278	-55.248
1344	923.900	-54.879
1345	923.903	-53.589
1346	924.308	-54.087
1347	925.432	-54.950
1348	925.438	-54.652
1349	925.508	-53.636
1350	925.546	-53.885
1351	925.695	-55.406
1352	925.807	-54.347
1353	925.936	-54.284
1354	926.296	-54.353
1355	927.036	-54.476
1356	927.135	-54.298
1357	927.219	-55.430
1358	927.310	-54.278
1359	927.355	-55.081
1360	927.414	-54.365
1361	929.669	-52.896
1362	929.728	-53.912
1363	930.053	-55.888
1364	931.326	-53.957
1365	931.518	-54.245
1366	933.669	-54.570
1367	934.286	-55.255
1368	935.907	-54.294
1369	935.927	-54.486
1370	938.715	-52.953
1371	938.831	-53.852
1372	939.183	-54.907
1373	939.925	-55.539
1374	940.274	-54.506
1375	940.415	-54.989
1376	940.578	-54.004
1377	940.741	-54.560
1378	941.517	-54.650
1379	942.194	-54.273
1380	942.288	-53.967
1381	942.473	-54.253
1382	942.509	-54.570
1383	943.227	-55.502
1384	943.396	-53.836
1385	945.489	-54.556
1386	946.038	-54.235
1387	946.075	-54.778
1388	946.436	-53.764
1389	946.483	-54.128
1390	946.898	-53.797
1391	947.655	-54.711
1392	947.668	-54.582
1393	947.701	-54.705
1394	948.233	-54.733
1395	948.520	-54.036
1396	948.598	-54.179
1397	948.636	-54.417
1398	948.664	-54.797
1399	948.744	-53.630
1400	948.776	-54.615
1401	948.795	-53.998
1402	956.822	-54.030
1403	956.864	-54.498
1404	966.714	-54.866
1405	967.025	-54.120
1406	967.295	-54.421
1407	967.590	-54.325
1408	969.202	-54.398
1409	970.149	-54.073
1410	970.251	-54.756
1411	970.315	-54.568
1412	970.512	-54.592
1413	970.621	-54.269
1414	970.674	-53.419
1415	970.716	-54.275
1416	970.725	-53.787
1417	970.834	-53.895
1418	970.902	-54.124
1419	971.214	-54.267
1420	971.586	-52.742
1421	974.632	-53.922
1422	976.101	-54.265
1423	976.165	-53.824
1424	976.174	-54.897
1425	976.694	-53.583
1426	977.475	-52.712
1427	977.513	-54.582
1428	978.134	-53.742
1429	978.189	-53.356
1430	978.386	-54.850
1431	978.751	-54.089
1432	978.867	-54.043
1433	980.615	-54.574
1434	980.693	-55.007
1435	980.730	-54.827
1436	980.849	-54.607
1437	980.866	-54.382
1438	980.883	-53.785
1439	980.920	-55.359
1440	981.067	-53.709
1441	981.103	-53.930
1442	981.132	-54.754
1443	981.153	-52.757
1444	981.178	-53.854
1445	981.355	-54.447
1446	982.128	-57.317
1447	983.033	-54.417
1448	983.638	-53.691
1449	983.970	-53.560
1450	984.006	-53.429
1451	984.014	-54.586
1452	985.208	-53.887
1453	985.304	-54.259
1454	987.280	-54.181
1455	988.526	-54.323
1456	988.559	-53.035
1457	991.542	-54.457
1458	995.365	-53.489
1459	995.559	-54.049
1460	995.761	-53.695
1461	995.825	-54.045
1462	995.885	-53.511
1463	996.017	-53.993
1464	996.217	-53.863
1465	996.319	-55.124
1466	996.421	-55.563
1467	997.003	-52.845
1468	997.187	-53.705
1469	997.391	-53.581
1470	997.879	-54.006
1471	997.906	-53.955
1472	998.148	-53.924
1473	998.160	-53.799
1474	998.419	-54.132
1475	999.210	-54.276
1476	999.300	-51.391
1477	999.406	-53.732
1478	999.458	-53.983
1479	1006.081	-53.871
1480	1006.417	-53.607
1481	1006.628	-53.946
1482	1007.012	-54.145
1483	1007.042	-52.082
1484	1007.167	-53.965
1485	1007.443	-54.964
1486	1007.548	-54.429
1487	1008.148	-54.296
1488	1008.846	-53.771
1489	1008.937	-53.785
1490	1009.689	-53.196
1491	1009.852	-53.636
1492	1009.985	-54.116
1493	1011.117	-52.514
1494	1012.190	-53.572
1495	1017.951	-54.312
1496	1019.176	-54.020
1497	1019.307	-53.942
1498	1019.603	-54.537
1499	1019.624	-53.838
1500	1019.911	-53.744
1501	1020.076	-54.337
1502	1020.248	-54.126
1503	1020.392	-54.652
1504	1020.431	-53.971
1505	1020.495	-54.537
1506	1020.631	-54.128
1507	1020.709	-82.210
1508	1021.162	-54.261
1509	1025.839	-54.130
1510	1025.853	-54.419
1511	1035.505	-61.197
1512	1037.176	-55.473
1513	1037.706	-55.220
1514	1037.993	-54.502
1515	1038.316	-54.504
1516	1038.737	-54.701
1517	1038.810	-55.937
1518	1038.886	-54.092
1519	1039.103	-53.744
1520	1039.195	-54.598
1521	1039.211	-54.192
1522	1039.257	-53.857
1523	1039.274	-55.054
1524	1039.473	-54.770
1525	1039.479	-54.398
1526	1039.547	-54.480
1527	1039.829	-54.120
1528	1040.005	-54.523
1529	1040.064	-54.825
1530	1040.067	-54.171
1531	1040.093	-54.192
1532	1040.393	-54.374
1533	1040.534	-55.980
1534	1040.660	-55.469
1535	1040.684	-53.795
1536	1040.719	-54.688
1537	1040.988	-54.598
1538	1041.009	-54.057
1539	1041.320	-54.566
1540	1041.374	-55.459
1541	1043.540	-54.449
1542	1043.821	-54.623
1543	1044.947	-55.073
1544	1044.956	-54.139
1545	1045.073	-53.728
1546	1045.452	-55.565
1547	1045.713	-53.883
1548	1045.753	-54.167
1549	1045.797	-54.502
1550	1045.823	-53.697
1551	1046.029	-54.909
1552	1046.171	-55.191
1553	1046.188	-54.952
1554	1046.415	-54.674
1555	1046.475	-54.829
1556	1046.593	-54.672
1557	1046.705	-54.159
1558	1046.761	-55.508
1559	1046.907	-54.737
1560	1046.918	-55.398
1561	1047.083	-54.239
1562	1047.128	-56.068
1563	1047.785	-54.744
1564	1048.065	-55.214
1565	1049.035	-54.785
1566	1049.175	-55.273
1567	1050.428	-54.353
1568	1050.753	-54.179
1569	1051.020	-55.394
1570	1051.489	-55.236
1571	1052.506	-53.452
1572	1052.981	-54.130
1573	1053.065	-54.412
1574	1053.118	-53.950
1575	1053.178	-54.235
1576	1053.822	-54.184
1577	1053.921	-54.480
1578	1059.422	-54.321
1579	1062.261	-52.626
1580	1062.682	-9.940
1581	1062.939	-54.353
1582	1063.010	-55.473
1583	1063.017	-54.772
1584	1063.189	-54.715
1585	1063.217	-53.736
1586	1063.323	-54.382
1587	1063.335	-54.404
1588	1063.495	-54.271
1589	1063.629	-54.488
1590	1063.699	-50.196
1591	1065.519	-54.143
1592	1065.563	-75.307
1593	1065.934	-53.679
1594	1067.009	-53.983
1595	1067.055	-53.869
1596	1067.166	-53.944
1597	1067.211	-54.208
1598	1067.288	-53.873
1599	1067.360	-54.449
1600	1079.682	-53.576
1601	1080.178	-54.971
1602	1080.317	-54.504
1603	1080.382	-54.488
1604	1080.403	-54.531
1605	1080.419	-53.942
1606	1080.427	-54.188
1607	1080.473	-53.861
1608	1081.091	-54.112
1609	1082.288	-53.760
1610	1082.336	-54.181
1611	1082.340	-54.374
1612	1082.989	-54.682
1613	1083.582	-56.318
1614	1083.587	-54.854
1615	1084.038	-54.688
1616	1084.268	-54.498
1617	1084.574	-54.517
1618	1084.918	-54.917
1619	1086.775	-54.212
1620	1086.816	-54.237
1621	1088.579	-73.498
1622	1089.575	-54.682
1623	1089.743	-55.447
1624	1089.789	-54.629
1625	1090.217	-54.852
1626	1090.266	-78.126
1627	1090.431	-53.640
1628	1090.673	-53.824
1629	1091.076	-55.040
1630	1091.130	-54.821
1631	1092.631	-54.157
1632	1092.976	-53.881
1633	1096.064	-54.212
1634	1096.069	-80.286
1635	1096.384	-54.789
1636	1096.439	-54.733
1637	1096.448	-55.056
1638	1097.500	-55.298
1639	1097.865	-54.433
1640	1098.020	-55.109
1641	1098.451	-54.997
1642	1098.545	-54.184
1643	1098.654	-55.003
1644	1098.733	-55.128
1645	1098.894	-54.854
1646	1098.964	-55.694
1647	1098.981	-55.218
1648	1099.022	-54.981
1649	1099.038	-55.091
1650	1099.053	-54.924
1651	1099.128	-54.163
1652	1099.603	-54.273
1653	1099.932	-54.964
1654	1099.974	-54.553
1655	1100.027	-54.801
1656	1100.082	-54.862
1657	1100.104	-54.993
1658	1100.286	-55.565
1659	1101.263	-54.844
1660	1101.299	-55.351
1661	1101.534	-54.547
1662	1101.936	-54.431
1663	1101.972	-55.277
1664	1102.413	-54.715
1665	1102.424	-54.527
1666	1102.484	-55.187
1667	1102.879	-55.402
1668	1102.974	-54.858
1669	1103.082	-55.520
1670	1103.227	-52.013
1671	1103.357	-54.515
1672	1103.738	-54.057
1673	1103.834	-54.116
1674	1104.230	-55.154
1675	1104.239	-54.010
1676	1104.262	-54.748
1677	1104.321	-54.445
1678	1104.338	-54.492
1679	1104.627	-55.479
1680	1105.168	-54.737
1681	1105.183	-63.525
1682	1105.494	-54.670
1683	1105.811	-54.580
1684	1108.307	-54.621
1685	1108.348	-55.042
1686	1108.375	-54.474
1687	1108.378	-54.601
1688	1108.393	-55.422
1689	1108.702	-54.177
1690	1108.962	-55.657
1691	1109.116	-71.562
1692	1110.146	-54.241
1693	1110.234	-55.222
1694	1111.728	-54.498
1695	1117.002	-54.627
1696	1117.182	-54.179
1697	1117.186	-54.202
1698	1117.305	-54.318
1699	1117.401	-53.836
1700	1117.415	-53.928
1701	1117.917	-54.599
1702	1118.101	-54.983
1703	1118.350	-54.128
1704	1118.417	-54.537
1705	1118.577	-53.957
1706	1118.609	-54.672
1707	1118.612	-54.092
1708	1118.799	-54.707
1709	1118.972	-54.641
1710	1119.125	-54.654
1711	1119.192	-53.693
1712	1119.222	-53.857
1713	1119.229	-53.630
1714	1119.250	-55.124
1715	1119.260	-53.805
1716	1119.439	-54.423
1717	1120.131	-53.681
1718	1120.165	-53.852
1719	1120.219	-54.079
1720	1120.533	-55.206
1721	1121.827	-53.889
1722	1121.838	-56.373
1723	1121.910	-54.149
1724	1122.108	-54.537
1725	1122.957	-29.281
1726	1123.217	-54.764
1727	1123.270	-76.074
1728	1123.341	-54.613
1729	1123.463	-54.372
1730	1124.614	-54.181
1731	1124.806	-53.511
1732	1124.883	-54.226
1733	1125.671	-54.071
1734	1125.896	-54.083
1735	1126.227	-54.124
1736	1126.241	-54.042
1737	1126.628	-53.536
1738	1126.987	-53.916
1739	1127.064	-53.848
1740	1127.324	-53.822
1741	1127.546	-55.232
1742	1127.599	-54.081
1743	1128.046	-54.000
1744	1128.114	-54.004
1745	1128.117	-53.877
1746	1136.326	-55.083
1747	1136.526	-54.320
1748	1136.527	-54.404
1749	1136.587	-54.043
1750	1138.145	-54.711
1751	1138.221	-54.627
1752	1138.250	-54.455
1753	1138.529	-53.904
1754	1145.006	-55.091
1755	1145.177	-52.837
1756	1145.517	-54.304
1757	1145.838	-54.378
1758	1154.141	-53.869
1759	1154.434	-54.596
1760	1155.565	-54.633
1761	1155.881	-54.924
1762	1159.853	-54.633
1763	1160.878	-54.780
1764	1161.130	-54.832
1765	1161.284	-66.624
1766	1161.894	-54.560
1767	1161.928	-53.875
1768	1162.009	-53.916
1769	1162.221	-54.478
1770	1162.230	-56.659
1771	1162.314	-54.690
1772	1162.361	-54.363
1773	1163.382	-54.175
1774	1163.425	-54.235
1775	1163.884	-54.697
1776	1163.924	-54.643
1777	1163.945	-53.996
1778	1164.206	-54.404
1779	1164.892	-54.770
1780	1165.049	-54.276
1781	1168.570	-55.011
1782	1169.080	-53.272
1783	1169.282	-54.459
1784	1169.469	-54.750
1785	1169.505	-53.513
1786	1171.662	-54.139
1787	1171.675	-54.576
1788	1172.552	-54.954
1789	1172.591	-55.238
1790	1172.643	-54.290
1791	1172.864	-55.093
1792	1173.890	-54.670
1793	1174.183	-55.065
1794	1174.259	-54.993
1795	1175.292	-54.196
1796	1177.359	-53.744
1797	1177.611	-54.650
1798	1178.443	-54.406
1799	1178.504	-54.470
1800	1179.204	-53.877
1801	1179.245	-53.744
1802	1179.429	-54.192
1803	1179.472	-54.376
1804	1179.955	-54.433
1805	1180.131	-41.704
1806	1180.228	-99.378
1807	1180.645	-54.913
1808	1180.941	-53.920
1809	1181.041	-52.575
1810	1181.187	-54.486
1811	1181.251	-56.512
1812	1181.603	-54.864
1813	1181.666	-53.987
1814	1182.432	-53.626
1815	1182.456	-54.337
1816	1183.026	-54.502
1817	1183.036	-55.112
1818	1183.086	-43.483
1819	1183.201	-54.396
1820	1183.259	-55.322
1821	1183.289	-53.439
1822	1183.291	-55.633
1823	1183.400	-73.741
1824	1183.460	-53.014
1825	1184.874	-54.664
1826	1185.912	-54.474
1827	1186.142	-53.572
1828	1186.193	-53.850
1829	1186.411	-54.229
1830	1187.314	-55.827
1831	1187.319	-50.028
1832	1187.865	-54.351
1833	1188.190	-54.325
1834	1188.521	-53.869
1835	1188.580	-54.034
1836	1189.080	-53.697
1837	1189.243	-54.323
1838	1189.343	-54.576
1839	1189.484	-54.601
1840	1189.569	-54.410
1841	1189.859	-54.547
1842	1190.129	-54.114
1843	1190.229	-53.785
1844	1190.241	-53.623
1845	1190.389	-55.189
1846	1190.393	-53.711
1847	1190.464	-54.527
1848	1190.599	-54.429
1849	1191.110	-54.135
1850	1191.329	-55.095
1851	1191.470	-54.229
1852	1191.485	-54.006
1853	1191.558	-54.682
1854	1191.566	-54.609
1855	1193.798	-53.973
1856	1193.953	-54.202
1857	1194.187	-54.494
1858	1194.346	-54.944
1859	1194.399	-55.110
1860	1194.729	-54.735
1861	1194.830	-54.995
1862	1194.852	-54.331
1863	1194.936	-55.375
1864	1195.128	-53.356
1865	1195.201	-54.437
1866	1195.390	-55.367
1867	1195.452	-55.081
1868	1195.771	-54.735
1869	1196.128	-54.940
1870	1200.876	-53.924
1871	1200.922	-55.087
1872	1201.131	-55.044
1873	1201.556	-54.989
1874	1201.782	-54.737
1875	1202.051	-54.924
1876	1202.208	-54.952
1877	1202.326	-54.000
1878	1202.515	-53.630
1879	1202.977	-54.760
1880	1203.006	-54.985
1881	1203.049	-54.586
1882	1203.227	-63.846
1883	1203.489	-54.827
1884	1203.528	-75.025
1885	1203.690	-54.964
1886	1203.720	-54.778
1887	1203.804	-53.354
1888	1203.840	-54.693
1889	1204.207	-57.303
1890	1204.327	-54.124
1891	1204.595	-54.711
1892	1204.648	-54.161
1893	1204.712	-54.343
1894	1205.000	-52.904
1895	1205.649	-54.368
1896	1206.029	-54.643
1897	1206.829	-55.058
1898	1208.524	-54.511
1899	1209.362	-54.764
1900	1209.388	-54.020
1901	1209.696	-54.306
1902	1211.071	-54.605
1903	1211.110	-54.776
1904	1211.411	-82.500
1905	1211.623	-30.556
1906	1212.998	-54.619
1907	1213.037	-53.742
1908	1213.314	-55.320
1909	1213.337	-54.631
1910	1213.342	-54.441
1911	1213.370	-54.678
1912	1213.435	-53.401
1913	1213.449	-54.249
1914	1213.634	-54.451
1915	1213.726	-54.323
1916	1213.737	-54.026
1917	1222.179	-54.047
1918	1222.531	-54.429
1919	1222.538	-53.037
1920	1222.571	-54.971
1921	1222.674	-54.494
1922	1223.779	-54.637
1923	1227.462	-54.592
1924	1227.636	-54.308
1925	1228.678	-54.073
1926	1230.235	-54.934
1927	1230.300	-54.022
1928	1230.371	-54.488
1929	1230.850	-54.134
1930	1230.882	-87.073
1931	1231.748	-54.171
1932	1231.794	-54.453
1933	1232.153	-54.212
1934	1232.284	-53.740
1935	1232.364	-53.805
1936	1232.440	-53.981
1937	1232.641	-53.867
1938	1232.757	-54.265
1939	1241.630	-53.194
1940	1241.836	-53.687
1941	1241.849	-53.546
1942	1241.871	-54.762
1943	1241.935	-53.869
1944	1241.974	-54.840
1945	1242.300	-53.339
1946	1242.385	-54.333
1947	1242.678	-54.329
1948	1242.703	-54.110
1949	1242.785	-53.431
1950	1244.537	-54.341
1951	1244.582	-54.288
1952	1246.028	-54.656
1953	1246.119	-54.018
1954	1246.392	-54.764
1955	1246.520	-53.609
1956	1246.691	-54.410
1957	1246.704	-54.245
1958	1246.717	-54.883
1959	1247.100	-54.388
1960	1247.462	-53.844
1961	1247.529	-53.507
1962	1247.616	-54.474
1963	1247.689	-53.955
1964	1250.947	-0.617
1965	1253.606	-54.787
1966	1253.637	-54.443
1967	1253.699	-55.101
1968	1253.805	-55.518
1969	1253.916	-54.386
1970	1254.229	-54.940
1971	1254.895	-93.029
1972	1255.063	-52.665
1973	1255.631	-11.321
1974	1257.262	-55.161
1975	1258.238	-54.932
1976	1258.424	-54.090
1977	1258.475	-54.525
1978	1259.810	-54.721
1979	1260.144	-54.128
1980	1260.160	-54.284
1981	1261.282	-54.985
1982	1261.501	-54.323
1983	1261.570	-54.668
1984	1261.645	-53.904
1985	1261.685	-55.347
1986	1261.708	-54.355
1987	1261.795	-54.151
1988	1261.976	-53.715
1989	1262.019	-54.631
1990	1262.189	-54.243
1991	1262.377	-54.770
1992	1262.551	-54.192
1993	1262.624	-53.660
1994	1262.884	-54.439
1995	1263.101	-55.295
1996	1264.456	-54.184
1997	1264.833	-55.050
1998	1265.112	-54.727
1999	1265.934	-54.276
2000	1266.052	-54.650
