DXEX v3
C:\Documents and Settings\LDA\My Documents\TM_SANTOS\Equipo_5\Trailer.lda
3:13:11 PM
0.00 mm;0.00 mm;-2.00 mm
Region1
"Row#"	"AT [ms]"	"LDA1 [m/s]"	
1	0.343	-47.641
2	0.377	-48.062
3	0.543	-47.874
4	0.602	-48.381
5	0.699	-47.790
6	0.878	-47.484
7	0.899	-48.704
8	1.025	-48.005
9	1.357	-48.073
10	1.366	-47.095
11	1.660	-47.976
12	2.407	-47.972
13	3.442	-48.332
14	3.501	-48.024
15	4.230	-48.440
16	4.237	-48.626
17	4.240	-47.662
18	4.246	-48.629
19	4.461	-48.320
20	4.853	-49.532
21	7.671	-47.690
22	7.825	-47.171
23	7.868	-47.878
24	7.936	-48.641
25	8.107	-47.991
26	8.522	-45.640
27	8.644	-48.528
28	8.907	-47.351
29	9.124	-48.457
30	9.139	-46.288
31	9.281	-16.087
32	13.177	-49.481
33	13.225	-48.095
34	13.307	-48.046
35	13.313	-4.090
36	13.347	-48.678
37	13.555	-49.029
38	13.608	-48.138
39	13.634	-47.989
40	13.709	-47.934
41	13.757	-47.686
42	13.760	-47.562
43	13.772	-47.915
44	13.876	-47.819
45	13.889	-48.328
46	13.926	-49.266
47	14.085	-47.662
48	14.243	-48.428
49	14.280	-47.985
50	14.548	-48.197
51	14.566	-48.162
52	14.597	-47.952
53	14.602	-47.983
54	15.019	-47.930
55	15.056	-26.131
56	15.177	-48.539
57	15.203	-47.529
58	15.206	-48.222
59	15.214	-47.647
60	15.446	-48.228
61	16.257	-48.036
62	18.644	-48.667
63	18.862	-47.895
64	19.612	-42.772
65	19.801	-48.545
66	20.067	-47.776
67	20.135	-47.645
68	20.243	-48.702
69	20.648	-47.333
70	20.672	-48.905
71	20.684	-48.626
72	21.102	-47.639
73	21.147	-46.589
74	21.480	-47.582
75	23.021	-48.075
76	23.890	-47.891
77	23.931	-48.332
78	23.964	-47.756
79	24.242	-47.909
80	24.300	-49.732
81	24.354	-48.030
82	24.500	-48.363
83	24.529	-48.688
84	24.664	-47.762
85	24.683	-48.441
86	24.723	-48.328
87	24.767	-48.075
88	24.793	-47.124
89	25.042	-48.986
90	25.065	-47.658
91	25.112	-47.698
92	25.716	-48.107
93	26.236	-48.042
94	26.347	-48.469
95	27.158	-47.363
96	27.860	-48.261
97	27.980	-47.860
98	28.021	-47.981
99	28.055	-49.571
100	28.106	-47.993
101	28.304	-48.631
102	28.373	-48.171
103	28.392	-48.500
104	28.535	-48.203
105	28.771	-19.396
106	29.606	-47.790
107	29.861	-5.801
108	30.430	-47.809
109	30.496	-4.969
110	30.914	-48.436
111	31.099	-47.562
112	31.327	-47.764
113	31.402	-48.477
114	31.415	-48.567
115	31.432	-47.486
116	31.451	-49.101
117	31.641	-47.660
118	37.871	-47.711
119	37.940	-47.842
120	37.953	-47.932
121	38.112	-48.553
122	38.183	-47.478
123	38.218	-47.721
124	38.252	-48.246
125	38.369	-48.657
126	38.389	-47.433
127	38.511	-48.698
128	39.105	-48.492
129	39.163	-48.735
130	39.189	-48.853
131	39.234	9.628
132	39.492	-49.438
133	39.499	-47.866
134	39.502	-49.589
135	39.511	-47.827
136	39.514	-47.966
137	39.818	-48.635
138	39.907	-48.549
139	39.942	-47.645
140	40.023	-47.161
141	40.085	-47.754
142	40.098	-47.177
143	40.118	-48.537
144	40.140	-48.187
145	40.182	-47.807
146	40.288	-47.699
147	40.325	-47.793
148	40.340	-48.796
149	40.478	-48.575
150	40.651	-48.046
151	40.801	-32.987
152	40.803	-48.248
153	40.918	-48.430
154	41.043	-48.911
155	42.954	-49.095
156	43.068	-47.453
157	43.509	-48.502
158	43.655	-48.739
159	43.663	-48.868
160	43.910	-48.445
161	44.798	-48.696
162	44.848	-48.124
163	44.977	-48.222
164	45.011	-48.209
165	45.185	-48.553
166	45.938	-47.282
167	46.119	-48.516
168	46.224	-48.373
169	46.312	-47.827
170	46.469	-47.748
171	46.483	-49.195
172	47.329	-48.269
173	47.334	-48.075
174	47.375	-48.326
175	47.927	-46.470
176	48.013	-49.268
177	48.064	-48.218
178	48.072	-47.214
179	48.259	-47.232
180	50.101	-49.475
181	51.339	-48.661
182	56.200	-49.209
183	56.484	-47.981
184	56.917	-47.897
185	57.298	-48.111
186	57.328	-49.260
187	57.466	-49.291
188	57.938	-48.316
189	57.960	-48.324
190	57.977	-48.639
191	58.241	-48.457
192	59.407	-48.608
193	59.552	-48.669
194	59.608	-48.813
195	60.182	-48.541
196	60.494	-48.422
197	60.894	-49.178
198	60.914	-48.328
199	60.954	-47.633
200	60.956	-48.553
201	61.071	-48.440
202	61.286	-48.614
203	61.915	-48.537
204	62.117	-48.026
205	62.346	-45.918
206	62.539	-48.019
207	62.694	-47.365
208	62.786	-29.570
209	62.850	-44.620
210	63.084	-49.248
211	63.154	-48.210
212	63.179	-48.645
213	63.211	-48.299
214	63.233	-48.829
215	63.313	-48.171
216	63.427	-44.162
217	63.455	-47.864
218	63.577	-49.019
219	63.712	-47.598
220	64.603	-47.703
221	64.722	-48.520
222	67.288	-47.872
223	70.773	-48.704
224	71.213	-48.156
225	72.574	-48.042
226	73.795	-48.385
227	76.153	-47.952
228	76.174	-48.577
229	76.465	-49.041
230	76.687	-48.034
231	76.906	-48.342
232	76.998	-48.050
233	77.014	-49.428
234	77.138	-47.390
235	77.254	-48.573
236	77.324	-47.729
237	77.436	-47.981
238	77.559	-48.324
239	77.570	-48.189
240	77.635	-48.314
241	77.659	-48.440
242	77.740	-48.281
243	78.182	-49.021
244	78.273	-48.651
245	78.314	-48.259
246	78.411	-48.324
247	78.440	-48.443
248	78.458	-48.263
249	78.500	-47.907
250	78.504	-49.552
251	78.562	-49.133
252	78.671	-48.209
253	78.696	-48.997
254	78.726	-47.674
255	79.149	-48.187
256	79.178	-47.463
257	79.211	-48.626
258	79.293	-47.970
259	79.337	-47.934
260	79.508	-48.361
261	79.533	-48.580
262	79.590	-47.658
263	79.636	-48.348
264	79.666	-47.684
265	79.726	-47.466
266	79.915	-49.550
267	79.935	-48.062
268	80.078	-48.101
269	80.163	-48.283
270	80.327	-47.829
271	81.986	-48.275
272	82.274	-47.580
273	83.361	-48.453
274	84.280	-48.637
275	84.428	-48.665
276	84.440	-48.040
277	84.515	-48.199
278	84.555	11.982
279	84.557	-47.643
280	84.568	-48.786
281	84.584	-48.183
282	84.767	-48.500
283	85.121	-49.360
284	85.202	-48.436
285	85.389	-48.299
286	85.471	-48.332
287	86.059	-47.833
288	86.168	-48.150
289	86.387	-48.655
290	86.806	-38.153
291	86.936	-48.432
292	86.975	-48.620
293	86.984	-47.611
294	87.271	-48.091
295	87.372	-48.330
296	87.457	-47.870
297	87.487	-46.456
298	87.602	-47.239
299	87.711	-48.285
300	87.844	-2.065
301	87.863	-48.518
302	88.258	-48.023
303	89.577	-48.573
304	89.948	-48.422
305	90.154	-48.361
306	91.030	-40.191
307	91.838	-46.907
308	91.995	-47.713
309	92.431	10.823
310	92.482	-43.486
311	94.230	-26.831
312	94.449	-50.217
313	94.461	-47.682
314	94.541	-48.402
315	95.600	-47.725
316	95.810	-46.519
317	96.800	-48.375
318	97.088	-47.271
319	97.190	-48.236
320	97.425	-48.451
321	97.460	-47.954
322	97.461	-48.508
323	97.463	-48.565
324	97.611	45.986
325	97.797	-49.084
326	97.880	-47.688
327	99.171	-35.266
328	100.889	-49.358
329	101.699	-48.007
330	102.789	-48.841
331	102.824	-48.375
332	103.246	-49.362
333	103.279	-48.353
334	103.316	-48.058
335	103.486	-31.467
336	103.521	-48.210
337	103.541	30.522
338	103.565	-46.815
339	103.647	-47.384
340	103.745	-48.115
341	105.691	-47.786
342	106.355	-47.226
343	106.518	-47.725
344	106.671	-48.295
345	106.728	-46.838
346	106.763	-48.463
347	107.281	-48.469
348	107.303	-47.956
349	107.419	-48.445
350	107.586	-46.650
351	107.752	-48.422
352	108.051	-48.469
353	108.179	-48.105
354	108.201	-49.054
355	108.205	-48.160
356	108.207	-48.050
357	108.216	-48.494
358	108.481	-48.310
359	108.634	-48.232
360	109.080	-48.336
361	109.155	-48.704
362	109.301	-48.778
363	109.665	-48.457
364	109.726	-48.535
365	109.807	-47.921
366	109.889	-46.889
367	110.026	-48.152
368	110.330	-49.924
369	110.370	45.084
370	110.718	-48.657
371	110.989	-48.504
372	111.014	-47.688
373	111.127	-48.445
374	111.150	-48.005
375	111.186	-48.171
376	111.222	-48.829
377	111.241	-48.095
378	111.244	-46.597
379	111.309	-48.328
380	111.467	-48.438
381	112.202	-48.759
382	112.756	-48.905
383	112.819	-48.115
384	113.132	-49.456
385	113.196	-48.488
386	113.395	-48.306
387	113.470	-48.357
388	113.590	-48.387
389	113.660	-48.870
390	114.519	50.771
391	115.267	-48.876
392	115.402	-48.949
393	115.445	-48.441
394	117.398	-48.111
395	117.607	-48.328
396	117.677	-48.391
397	119.233	-48.056
398	120.942	-47.854
399	120.964	-48.520
400	122.071	-48.428
401	122.167	-48.316
402	122.496	-48.050
403	122.671	-48.344
404	122.850	-47.817
405	122.977	-48.246
406	123.310	-47.216
407	123.798	-48.510
408	124.055	-48.316
409	124.124	-48.829
410	124.661	-48.212
411	124.749	-47.842
412	125.216	-48.120
413	125.436	-48.201
414	125.592	-48.575
415	125.738	-49.099
416	125.803	-48.312
417	126.745	-47.927
418	127.747	15.987
419	128.146	-48.479
420	128.175	-48.535
421	129.686	-48.915
422	130.643	-15.410
423	131.058	-47.433
424	132.569	-47.680
425	133.134	-48.218
426	133.222	-48.015
427	133.395	-48.109
428	133.814	-47.701
429	133.841	-47.968
430	134.152	-47.989
431	137.751	-47.087
432	138.822	-47.273
433	139.315	-48.622
434	139.452	-47.204
435	139.526	-47.768
436	139.730	-48.046
437	139.821	-48.248
438	139.840	-47.791
439	140.032	-48.418
440	140.070	-47.551
441	140.889	-48.592
442	141.077	-48.279
443	141.170	-48.412
444	141.494	-47.752
445	141.555	-47.782
446	141.623	-49.193
447	141.723	-47.327
448	141.746	-46.897
449	141.759	-47.790
450	141.764	-48.179
451	141.795	-48.514
452	141.803	-47.645
453	141.867	-48.651
454	141.933	-48.103
455	142.108	-48.545
456	142.281	-47.872
457	142.294	-47.979
458	142.333	-48.845
459	142.354	-48.533
460	142.755	-47.326
461	142.881	-47.995
462	142.899	-48.138
463	143.023	-48.396
464	143.062	-48.099
465	143.294	-47.991
466	143.334	-47.983
467	143.553	-48.778
468	143.662	-48.387
469	143.797	-48.326
470	144.016	-47.893
471	144.094	-45.789
472	144.159	-47.850
473	144.227	-48.735
474	144.261	-47.772
475	144.319	-48.485
476	144.352	-47.306
477	144.455	-48.234
478	144.515	-49.630
479	144.551	-41.433
480	144.669	-47.271
481	144.766	-48.878
482	145.156	-47.490
483	145.422	-48.627
484	145.462	-48.524
485	145.685	-47.596
486	145.692	-47.932
487	145.703	-47.615
488	145.739	-47.760
489	145.799	-48.579
490	145.905	-48.275
491	145.959	-48.467
492	145.971	-48.516
493	145.984	-48.547
494	146.745	-49.332
495	147.666	-44.473
496	147.841	-48.203
497	147.935	-48.195
498	148.419	-49.005
499	148.815	-48.246
500	149.041	-49.115
501	149.437	-47.455
502	149.464	-47.237
503	149.656	-47.633
504	149.932	-48.733
505	150.010	-47.674
506	150.183	-47.711
507	150.244	-48.064
508	150.496	-47.230
509	150.612	-48.024
510	150.655	-48.763
511	150.688	-47.889
512	150.717	-48.379
513	150.965	-48.187
514	150.969	-48.267
515	151.249	-48.408
516	151.251	-48.719
517	151.280	-48.099
518	151.385	-48.128
519	151.415	-48.197
520	151.427	-47.484
521	151.472	-48.357
522	151.485	-48.449
523	151.574	-47.884
524	151.609	-47.711
525	151.623	-46.323
526	151.682	-48.271
527	151.686	-48.432
528	151.701	-47.876
529	151.721	-48.443
530	151.756	-48.099
531	151.783	-47.819
532	151.819	-48.381
533	151.823	-47.921
534	151.889	-47.940
535	151.894	-48.299
536	151.896	-48.902
537	151.899	-47.559
538	151.926	-47.582
539	152.080	-47.327
540	152.128	-48.835
541	152.312	-30.085
542	153.362	-19.261
543	153.478	-48.980
544	155.125	-47.676
545	155.162	-48.087
546	155.980	-47.690
547	156.349	-48.473
548	157.066	-47.893
549	157.072	-49.614
550	157.156	-48.994
551	157.187	-48.508
552	157.410	-46.879
553	157.494	-48.672
554	157.561	-47.572
555	157.643	-47.692
556	157.656	-49.176
557	157.699	-48.725
558	157.779	-49.199
559	157.907	-47.936
560	158.011	-47.960
561	158.025	-48.187
562	158.051	-47.956
563	158.107	-47.917
564	158.288	-48.400
565	158.293	-48.060
566	158.316	-48.492
567	158.494	-47.746
568	158.520	-49.399
569	158.563	-47.647
570	158.678	-47.774
571	158.694	-48.485
572	159.023	-48.193
573	159.074	-49.136
574	159.095	-47.838
575	159.163	-47.827
576	159.445	-48.682
577	159.529	-48.708
578	159.683	-49.015
579	159.839	-47.854
580	160.008	-48.320
581	160.241	-48.669
582	160.359	-48.075
583	160.372	-48.870
584	160.614	-47.909
585	161.076	-47.711
586	161.081	-48.418
587	161.128	-48.680
588	161.155	-47.541
589	161.310	-49.005
590	161.422	-48.316
591	161.535	-48.886
592	163.425	-48.412
593	163.878	-48.479
594	163.912	-48.269
595	166.143	-48.532
596	166.190	-48.093
597	166.519	-48.696
598	166.567	-50.575
599	167.644	-47.412
600	167.827	-48.655
601	169.026	-48.158
602	169.112	-47.024
603	169.186	-48.177
604	169.303	-48.167
605	169.374	-48.541
606	169.629	-48.612
607	169.966	-47.979
608	170.359	-48.021
609	170.681	-48.563
610	170.888	-48.860
611	170.978	-48.892
612	172.511	-48.586
613	173.427	-47.874
614	173.779	-48.066
615	173.804	-48.299
616	174.202	-29.447
617	175.529	-48.081
618	175.833	-43.880
619	177.001	-47.357
620	177.133	-48.831
621	177.216	-48.498
622	177.501	-48.430
623	177.623	-50.327
624	177.717	-49.305
625	177.863	-48.700
626	177.866	-48.723
627	177.902	-48.385
628	177.924	-48.322
629	178.040	-49.275
630	178.052	-48.559
631	178.127	-48.273
632	178.193	-47.480
633	178.268	-46.918
634	178.303	-48.210
635	178.360	-47.322
636	178.529	-49.342
637	178.766	-47.893
638	178.816	-48.584
639	178.971	-48.087
640	179.199	-48.248
641	179.723	-48.279
642	179.816	-48.557
643	180.417	-48.064
644	180.438	-48.582
645	180.468	-48.130
646	180.475	-47.243
647	180.496	-47.110
648	180.519	-48.533
649	180.660	-48.788
650	180.688	-48.240
651	182.063	-48.700
652	182.462	-48.414
653	182.617	-46.793
654	182.648	-48.377
655	182.675	-47.590
656	183.329	-48.324
657	183.398	-48.567
658	183.582	-47.966
659	183.613	-48.622
660	183.958	-47.192
661	184.014	-47.725
662	184.257	-48.220
663	186.450	-48.021
664	186.459	-48.183
665	186.737	-48.120
666	186.750	-48.324
667	186.829	-48.408
668	186.891	-47.878
669	187.010	-48.181
670	187.279	-28.325
671	187.635	-47.876
672	187.816	-48.011
673	188.252	-47.977
674	189.210	-47.040
675	189.273	-47.549
676	189.432	-47.053
677	189.722	-48.023
678	189.846	-48.013
679	189.997	-49.461
680	190.058	-47.811
681	190.206	-48.252
682	190.935	-48.641
683	191.017	-48.878
684	191.123	-48.733
685	191.286	-48.113
686	191.463	-48.193
687	192.059	-48.279
688	192.392	-47.631
689	192.761	-48.005
690	193.378	-47.439
691	193.597	-48.267
692	193.684	-48.028
693	194.074	-48.044
694	194.642	-46.564
695	196.100	14.443
696	196.662	-48.522
697	196.810	-47.817
698	197.078	-47.983
699	197.332	-48.494
700	197.969	-47.420
701	198.088	-48.502
702	198.216	-47.265
703	198.236	-47.790
704	198.374	-47.192
705	198.400	-47.613
706	198.566	-47.979
707	198.581	-46.591
708	198.605	-48.310
709	198.838	-47.652
710	198.888	-48.234
711	198.893	-47.468
712	198.911	-47.976
713	199.056	-47.907
714	199.125	-47.682
715	199.223	-48.766
716	199.256	-47.870
717	199.452	-48.432
718	207.227	-48.573
719	207.410	-47.376
720	207.600	-47.527
721	207.694	-47.684
722	208.465	-48.584
723	208.627	-47.762
724	208.805	-48.657
725	208.817	-48.533
726	208.827	-48.306
727	208.853	-48.032
728	208.901	10.973
729	209.110	-47.776
730	209.349	-47.729
731	209.752	-48.770
732	209.792	-47.723
733	209.852	-48.328
734	209.893	-48.156
735	209.970	-48.279
736	210.042	-47.999
737	210.162	-47.801
738	210.246	-30.849
739	210.498	-48.457
740	210.803	-47.187
741	211.004	-48.246
742	211.033	-47.451
743	211.083	-48.567
744	211.140	-47.684
745	211.277	-48.774
746	211.286	-48.293
747	211.291	-48.252
748	211.343	-47.662
749	211.438	-47.666
750	211.527	-46.417
751	211.564	-48.023
752	211.665	-48.686
753	211.726	-49.170
754	211.807	-48.038
755	211.965	-47.790
756	211.980	-47.946
757	212.021	-47.999
758	212.046	-48.416
759	212.079	-48.036
760	212.138	-48.459
761	212.194	-47.611
762	212.274	-48.950
763	212.278	-48.030
764	212.319	-47.780
765	212.331	-47.296
766	212.353	-45.624
767	212.370	-48.330
768	212.465	-47.296
769	212.477	-47.739
770	212.578	-47.602
771	212.608	-48.537
772	212.659	-48.081
773	212.677	-47.944
774	212.679	-46.607
775	212.697	-47.631
776	212.793	-47.880
777	212.819	-48.301
778	212.879	-47.478
779	213.167	-47.682
780	215.159	-47.772
781	217.166	-48.218
782	219.210	-48.467
783	219.460	-49.659
784	221.187	-47.302
785	221.728	-49.176
786	221.735	-47.296
787	221.910	-48.851
788	223.840	-47.539
789	224.389	-48.678
790	224.425	-48.684
791	224.704	-18.848
792	224.792	-48.277
793	224.905	-47.694
794	225.471	-48.447
795	225.489	-48.128
796	225.852	-49.319
797	225.883	-48.533
798	226.060	-48.692
799	226.134	-47.600
800	226.984	-49.076
801	226.995	-48.232
802	227.007	-49.031
803	227.062	-47.625
804	227.148	-48.320
805	227.289	-48.326
806	227.390	-48.034
807	227.403	-48.058
808	227.474	-47.952
809	227.518	-48.071
810	227.546	-48.457
811	227.576	-47.878
812	227.582	-47.776
813	227.627	-47.962
814	227.681	-47.727
815	227.801	-48.130
816	227.813	-47.249
817	228.264	-48.440
818	228.892	-48.222
819	228.901	-48.827
820	229.010	-48.586
821	229.062	-48.150
822	229.227	15.055
823	229.235	-49.223
824	229.304	-48.175
825	229.368	-48.138
826	229.918	-48.306
827	229.949	-48.698
828	229.999	-47.913
829	230.184	-47.134
830	230.439	-48.535
831	230.585	-23.814
832	230.618	-47.985
833	230.625	-48.171
834	230.819	-48.434
835	230.911	-48.324
836	230.967	-48.361
837	231.030	-48.148
838	231.139	-48.152
839	231.205	-47.907
840	231.272	-47.418
841	231.390	-7.675
842	231.507	-48.259
843	231.780	-47.676
844	231.813	-48.510
845	231.867	-49.101
846	231.909	-45.691
847	231.954	-47.265
848	231.986	-46.339
849	232.007	-47.805
850	232.055	-48.539
851	232.085	-48.136
852	232.153	-48.528
853	232.188	-47.392
854	232.435	-48.371
855	232.450	-47.484
856	232.452	-47.212
857	232.621	-47.770
858	233.226	-48.385
859	233.645	-47.400
860	233.855	-46.983
861	233.980	-47.478
862	234.033	-47.275
863	234.034	-48.257
864	234.079	-48.328
865	234.153	-48.620
866	234.651	-48.283
867	237.737	-47.202
868	237.997	-38.435
869	238.121	-49.148
870	238.154	-48.075
871	238.313	-48.216
872	238.332	-48.434
873	238.410	-47.617
874	238.476	-47.774
875	238.547	-48.970
876	238.584	-48.312
877	238.903	-48.207
878	239.019	-47.678
879	239.182	-47.206
880	239.452	-48.731
881	239.771	-48.271
882	239.918	-47.917
883	240.915	31.832
884	241.345	-47.459
885	243.403	-47.713
886	243.566	-47.850
887	243.689	-48.056
888	244.303	-47.515
889	244.686	-48.075
890	244.690	-47.480
891	244.725	-48.163
892	244.743	-48.357
893	244.824	-46.302
894	244.905	-47.418
895	245.016	-48.232
896	245.204	-48.381
897	245.218	-48.733
898	245.263	-47.292
899	245.271	-47.727
900	245.649	-48.657
901	245.879	-47.893
902	248.851	-48.704
903	248.886	-47.559
904	249.205	-48.780
905	249.330	-47.799
906	249.409	-47.566
907	249.536	-47.670
908	249.612	-47.564
909	249.635	-47.652
910	249.684	-46.674
911	249.986	-47.380
912	250.032	-49.217
913	250.084	-47.580
914	250.130	-48.905
915	250.182	-48.197
916	250.428	-48.150
917	250.479	-46.891
918	250.483	-47.745
919	250.627	34.576
920	250.782	-48.250
921	251.061	-47.374
922	251.090	-48.565
923	251.161	-46.554
924	251.244	-47.838
925	251.249	-46.151
926	251.343	-47.619
927	251.401	-47.439
928	251.635	-48.073
929	251.720	-47.429
930	251.749	-47.376
931	251.775	-46.965
932	251.816	-47.907
933	251.843	-47.580
934	251.868	-47.938
935	251.950	-47.136
936	251.955	-47.480
937	252.013	-48.438
938	252.015	-47.923
939	252.234	-48.776
940	252.240	-47.791
941	252.311	-47.979
942	252.374	-47.604
943	252.784	-47.580
944	252.899	-47.727
945	252.926	-47.386
946	253.001	-47.725
947	253.071	-47.036
948	253.219	-30.438
949	253.387	-48.387
950	253.413	-47.840
951	253.676	-46.421
952	253.837	-47.799
953	254.267	-48.398
954	254.904	-47.895
955	254.982	-47.194
956	255.536	-47.733
957	255.591	-47.698
958	255.718	-47.551
959	255.888	-47.302
960	256.032	-47.643
961	256.196	-47.147
962	256.217	-47.750
963	256.363	-46.940
964	256.384	-47.690
965	256.399	-47.609
966	256.436	-47.006
967	256.539	-47.791
968	256.630	-47.750
969	257.394	-46.930
970	257.495	-47.326
971	257.807	-48.036
972	257.990	-47.674
973	258.219	-47.981
974	258.254	-48.293
975	258.296	-47.893
976	258.508	-47.981
977	260.030	-48.553
978	262.337	-47.629
979	262.374	-47.981
980	262.708	-48.042
981	262.796	-47.846
982	262.917	-48.420
983	262.946	-48.150
984	263.105	-49.366
985	263.184	-47.239
986	263.232	-47.905
987	263.542	-48.203
988	263.663	-47.760
989	263.899	-48.068
990	265.563	-48.248
991	265.964	-48.134
992	266.582	43.541
993	266.798	-47.991
994	266.945	-48.132
995	267.075	-47.909
996	267.241	-49.146
997	267.264	-47.731
998	268.043	-48.432
999	268.045	-48.142
1000	268.214	-44.498
1001	268.316	-48.872
1002	268.352	-48.148
1003	268.366	-47.670
1004	268.417	-48.393
1005	268.609	-47.515
1006	268.728	-48.201
1007	268.988	-47.882
1008	269.343	-48.046
1009	269.463	-47.537
1010	269.490	-46.683
1011	269.550	-48.040
1012	269.570	-48.255
1013	269.750	-47.324
1014	270.217	-48.680
1015	270.233	-48.958
1016	270.279	-48.477
1017	270.286	-48.426
1018	270.507	-48.404
1019	270.527	-48.030
1020	270.671	-48.087
1021	270.709	-49.622
1022	270.892	-48.017
1023	270.974	-47.120
1024	271.076	-47.784
1025	271.118	-47.611
1026	271.139	-49.481
1027	271.304	-48.054
1028	271.435	-47.940
1029	272.156	-47.942
1030	272.234	-48.555
1031	272.251	-47.970
1032	272.258	-48.234
1033	273.098	-48.189
1034	273.292	-47.858
1035	273.308	-26.831
1036	273.473	-46.907
1037	273.607	-48.118
1038	273.611	-48.710
1039	273.679	-47.639
1040	273.741	-47.607
1041	273.770	-47.884
1042	273.837	-48.641
1043	273.867	-47.504
1044	273.875	-47.703
1045	273.891	-48.132
1046	273.918	-47.682
1047	273.977	-48.839
1048	274.049	-48.551
1049	274.079	-47.529
1050	274.085	-48.046
1051	274.163	-49.035
1052	274.210	-49.019
1053	274.292	-47.259
1054	274.327	-47.703
1055	274.330	-47.874
1056	274.339	-48.355
1057	274.372	-48.222
1058	274.533	-48.888
1059	274.898	-48.917
1060	275.307	-48.518
1061	275.323	-48.398
1062	276.525	-48.361
1063	276.578	-47.729
1064	276.728	-47.694
1065	276.757	-48.169
1066	277.703	-49.060
1067	277.923	-48.101
1068	278.612	-49.011
1069	279.525	-47.132
1070	279.691	-47.204
1071	279.697	-48.627
1072	279.734	-47.911
1073	280.470	-47.793
1074	280.716	-49.614
1075	281.144	-49.340
1076	281.702	-48.739
1077	281.728	-47.733
1078	281.755	-47.948
1079	281.804	-47.130
1080	282.045	-48.073
1081	282.537	-48.400
1082	283.114	-48.590
1083	283.554	-47.790
1084	283.656	-48.246
1085	283.826	-48.633
1086	284.002	-49.160
1087	284.070	-46.417
1088	284.235	-48.171
1089	284.478	-47.905
1090	284.545	-47.919
1091	284.689	-48.555
1092	284.700	-47.660
1093	284.734	-48.330
1094	284.752	-48.242
1095	284.819	-48.199
1096	284.839	-48.095
1097	284.969	-48.277
1098	285.099	-48.453
1099	285.147	-47.891
1100	285.196	-47.719
1101	285.306	-47.431
1102	285.315	-48.056
1103	285.380	-48.021
1104	285.393	-49.518
1105	285.518	-48.187
1106	285.542	-49.272
1107	285.599	-48.026
1108	285.654	-49.007
1109	285.742	-48.128
1110	285.746	-46.364
1111	285.776	-47.746
1112	285.880	-47.439
1113	285.883	-48.915
1114	285.985	-47.347
1115	286.096	-47.306
1116	286.107	-47.488
1117	286.340	-47.903
1118	286.366	-47.911
1119	286.615	-45.990
1120	286.949	-48.050
1121	287.040	-48.633
1122	287.249	-48.060
1123	287.986	-47.369
1124	288.034	-47.173
1125	288.238	-48.019
1126	288.254	-47.731
1127	288.314	-48.357
1128	288.362	-47.161
1129	288.376	-47.478
1130	288.486	-48.295
1131	288.510	-47.662
1132	288.558	-47.795
1133	288.607	-47.472
1134	288.613	-47.909
1135	288.639	-47.833
1136	288.971	-47.942
1137	289.356	-47.441
1138	289.439	-48.103
1139	290.029	-47.866
1140	290.207	-48.066
1141	290.219	-48.124
1142	290.277	-47.989
1143	290.642	-47.649
1144	290.658	-48.297
1145	290.675	-48.224
1146	290.815	-47.670
1147	290.853	-48.672
1148	290.890	-48.169
1149	290.900	-48.706
1150	290.998	-48.175
1151	291.029	-47.817
1152	291.204	-49.043
1153	291.420	-46.067
1154	291.474	-48.751
1155	291.753	-48.340
1156	292.080	-47.439
1157	292.193	-47.891
1158	292.428	-48.252
1159	292.524	-48.649
1160	292.610	-48.267
1161	293.487	-47.944
1162	293.599	-47.856
1163	293.821	-48.017
1164	293.863	-48.234
1165	294.088	-48.146
1166	295.349	-48.336
1167	296.347	-48.665
1168	296.570	-47.488
1169	296.620	-47.974
1170	296.852	-49.068
1171	297.102	-46.838
1172	297.331	-46.621
1173	297.394	-48.702
1174	297.404	-44.015
1175	298.000	-47.750
1176	298.089	-48.273
1177	298.457	-46.936
1178	298.476	-46.999
1179	299.011	-47.421
1180	299.027	-45.436
1181	299.254	-47.970
1182	299.374	-47.533
1183	299.400	-48.338
1184	299.480	-48.835
1185	299.512	-48.637
1186	299.516	-47.337
1187	299.769	-49.009
1188	299.783	-48.465
1189	299.791	-49.099
1190	299.827	-48.115
1191	299.846	-48.537
1192	299.993	-48.128
1193	300.455	-48.205
1194	300.779	-47.549
1195	301.154	-48.688
1196	301.343	-48.459
1197	301.538	-48.761
1198	301.740	-46.715
1199	301.817	-47.416
1200	301.901	-48.109
1201	302.400	-48.328
1202	303.629	-47.929
1203	305.771	-48.553
1204	306.499	-48.060
1205	307.953	-47.513
1206	308.211	-47.705
1207	308.363	-47.985
1208	308.427	-47.562
1209	308.457	-9.587
1210	308.591	-47.762
1211	308.697	-47.725
1212	308.741	-47.355
1213	308.906	-48.301
1214	308.939	-47.835
1215	309.249	-48.316
1216	309.721	-47.451
1217	309.757	-48.326
1218	310.058	-48.299
1219	310.229	-48.332
1220	310.302	-48.250
1221	310.349	-48.373
1222	310.401	-47.860
1223	310.432	-47.306
1224	310.639	-46.983
1225	310.737	-47.985
1226	310.792	-48.532
1227	311.018	-48.584
1228	311.093	-47.876
1229	311.137	-47.809
1230	311.430	-47.423
1231	311.438	-48.375
1232	311.444	-49.123
1233	311.448	-48.606
1234	311.840	-47.643
1235	312.080	-48.447
1236	312.105	-48.451
1237	312.370	-48.537
1238	312.663	-48.667
1239	312.758	-48.011
1240	312.802	-48.498
1241	312.873	-48.416
1242	312.904	-48.592
1243	313.032	-47.745
1244	313.052	-48.116
1245	313.261	-48.361
1246	313.327	-47.676
1247	313.438	-48.385
1248	313.466	-48.441
1249	313.526	-47.862
1250	313.537	-48.590
1251	313.617	-48.653
1252	313.623	-48.671
1253	313.788	-47.555
1254	313.846	-48.533
1255	313.878	-48.408
1256	314.017	-47.850
1257	314.192	-47.474
1258	315.274	-47.410
1259	315.424	-15.457
1260	315.644	-48.306
1261	315.695	-29.702
1262	315.698	-47.954
1263	315.974	-46.445
1264	316.263	-47.596
1265	316.336	-48.665
1266	316.358	-48.569
1267	317.063	-48.257
1268	317.167	-48.265
1269	317.190	-48.569
1270	317.282	-47.837
1271	317.291	-47.609
1272	317.361	-48.295
1273	317.452	-48.506
1274	317.571	-48.187
1275	318.178	-48.479
1276	318.293	-47.874
1277	318.462	-48.616
1278	318.630	-48.663
1279	318.760	-47.468
1280	318.934	-48.406
1281	319.012	-48.373
1282	319.056	-47.329
1283	319.567	-48.085
1284	319.964	-48.510
1285	319.989	-48.907
1286	320.001	-48.030
1287	320.300	-47.079
1288	320.418	-48.320
1289	320.498	-47.329
1290	320.499	-47.461
1291	320.504	-46.137
1292	320.599	-48.549
1293	320.613	-48.120
1294	320.629	-47.484
1295	320.858	-49.781
1296	322.765	-48.028
1297	322.877	-48.079
1298	323.424	-48.273
1299	323.495	-47.837
1300	323.617	-47.813
1301	323.688	-48.308
1302	323.760	-45.836
1303	323.938	-47.835
1304	323.949	-48.326
1305	324.060	-48.453
1306	324.293	-48.469
1307	324.434	-48.116
1308	325.067	-35.536
1309	325.878	-43.469
1310	326.464	-48.520
1311	326.528	-47.919
1312	326.661	-47.960
1313	326.728	-47.856
1314	326.763	-46.903
1315	326.788	-48.434
1316	326.845	-47.786
1317	326.930	-48.071
1318	326.941	-48.841
1319	327.287	-48.293
1320	327.361	-47.745
1321	327.409	-48.218
1322	328.409	-48.371
1323	328.511	-48.254
1324	328.654	-48.083
1325	329.150	-47.815
1326	329.895	-47.930
1327	330.015	-50.092
1328	330.138	-48.299
1329	330.722	-49.454
1330	332.426	-48.169
1331	332.904	-19.850
1332	334.074	-41.773
1333	334.459	-48.291
1334	335.384	-47.216
1335	336.237	-47.954
1336	336.451	-47.844
1337	336.808	-48.021
1338	337.358	-48.949
1339	337.732	-47.770
1340	339.608	-47.987
1341	339.770	-47.891
1342	340.240	-48.093
1343	340.250	-47.378
1344	340.646	-48.373
1345	340.666	-48.449
1346	340.731	-48.332
1347	341.247	-47.698
1348	341.426	-47.686
1349	341.546	-47.837
1350	345.430	-48.485
1351	345.691	-47.572
1352	345.822	-47.870
1353	345.896	-47.635
1354	346.045	-47.662
1355	346.110	-48.418
1356	346.161	-47.351
1357	346.249	-48.537
1358	346.292	-47.874
1359	347.082	-48.068
1360	347.308	-48.800
1361	347.707	-47.932
1362	347.852	-48.420
1363	348.142	-48.287
1364	348.286	-48.422
1365	348.344	-48.324
1366	348.379	-47.874
1367	348.440	-47.979
1368	348.738	-48.126
1369	348.798	-48.459
1370	349.166	-48.224
1371	349.198	-48.089
1372	349.538	-47.290
1373	351.250	-47.686
1374	351.386	-48.250
1375	351.408	-48.729
1376	351.465	-48.886
1377	351.471	-48.753
1378	351.545	-48.136
1379	351.769	-48.334
1380	351.846	-47.474
1381	351.938	-48.115
1382	351.941	-48.179
1383	351.948	-47.615
1384	352.161	-48.189
1385	352.178	-47.668
1386	352.226	-46.711
1387	352.302	-48.629
1388	352.410	-30.702
1389	352.539	-48.075
1390	352.574	-47.946
1391	352.613	-48.363
1392	352.981	-48.351
1393	353.072	-48.422
1394	353.120	-48.212
1395	353.298	-48.434
1396	353.458	-47.913
1397	353.653	-48.058
1398	353.727	-47.241
1399	353.811	-49.575
1400	353.957	-48.173
1401	354.032	-48.353
1402	354.077	-48.381
1403	354.166	-48.167
1404	354.224	-47.968
1405	354.247	-48.810
1406	354.254	-47.840
1407	354.271	-48.688
1408	354.317	-47.496
1409	354.357	-47.104
1410	354.384	-48.255
1411	354.414	-47.635
1412	354.640	-48.075
1413	354.656	-48.044
1414	354.842	-48.794
1415	354.860	-49.044
1416	354.900	-47.604
1417	355.249	-48.716
1418	356.601	-48.721
1419	357.472	-47.504
1420	357.638	-48.465
1421	358.171	-47.707
1422	358.968	-48.334
1423	359.107	-47.590
1424	359.310	-48.111
1425	359.614	-47.701
1426	359.663	-48.009
1427	359.682	-48.655
1428	359.769	-47.809
1429	359.777	-48.158
1430	360.015	-48.847
1431	360.197	-48.467
1432	360.547	-47.183
1433	361.232	-47.478
1434	361.765	-48.811
1435	362.409	-49.413
1436	362.601	30.911
1437	362.961	-48.451
1438	363.506	-48.755
1439	363.587	-21.089
1440	363.601	-50.589
1441	363.902	-48.028
1442	363.937	-48.122
1443	364.378	-47.560
1444	364.430	-48.449
1445	364.747	-48.287
1446	364.989	-48.265
1447	365.202	-48.132
1448	365.382	-47.987
1449	365.399	-48.210
1450	365.405	-47.386
1451	365.411	-48.622
1452	365.413	-47.711
1453	365.419	-48.068
1454	365.464	-28.159
1455	366.880	-49.013
1456	366.992	-48.097
1457	367.049	-48.162
1458	367.065	-47.956
1459	367.315	-49.052
1460	367.378	-47.976
1461	367.489	-48.201
1462	367.510	-45.256
1463	367.554	-48.778
1464	367.595	-48.821
1465	367.650	-47.521
1466	367.685	-48.612
1467	368.227	-48.665
1468	368.713	-48.289
1469	368.772	-47.958
1470	369.358	-48.252
1471	370.949	-48.459
1472	372.102	-47.938
1473	372.275	-47.525
1474	373.766	-25.678
1475	374.154	-48.453
1476	374.300	-47.885
1477	374.609	-47.882
1478	374.874	-49.741
1479	374.973	-48.661
1480	375.806	-47.036
1481	376.300	-48.524
1482	376.399	-48.109
1483	376.664	-49.076
1484	376.705	-47.692
1485	376.807	-48.522
1486	376.876	-48.469
1487	376.906	-46.873
1488	376.917	-48.111
1489	376.960	-47.776
1490	376.972	-48.827
1491	377.004	-48.389
1492	377.023	-47.392
1493	377.041	-48.091
1494	377.045	-48.218
1495	377.067	-47.658
1496	377.100	-48.473
1497	377.152	-47.866
1498	377.228	-49.461
1499	377.287	-47.870
1500	377.298	-48.543
1501	377.328	-48.118
1502	377.338	-48.336
1503	377.372	-47.431
1504	377.375	-47.782
1505	377.399	-47.932
1506	377.520	-47.678
1507	377.544	-47.840
1508	377.610	-47.604
1509	377.628	-48.205
1510	377.636	-47.539
1511	377.661	-47.829
1512	377.665	-47.042
1513	377.728	-48.236
1514	377.730	-48.336
1515	377.843	-48.201
1516	377.851	-47.805
1517	377.919	-48.723
1518	377.937	-47.635
1519	377.944	-48.653
1520	378.005	-47.803
1521	378.011	-47.517
1522	378.034	-48.132
1523	378.125	-47.592
1524	378.144	-48.177
1525	378.192	-48.214
1526	378.251	-47.970
1527	378.464	-47.672
1528	378.629	-48.224
1529	378.634	-47.478
1530	378.660	-47.600
1531	378.745	-48.122
1532	378.798	-48.009
1533	378.888	-46.871
1534	378.911	-46.685
1535	378.921	-48.163
1536	378.931	-48.103
1537	378.953	-49.818
1538	378.999	-47.703
1539	379.108	-51.075
1540	379.128	-47.891
1541	379.497	-48.653
1542	379.999	-24.558
1543	382.818	-47.985
1544	383.008	-36.086
1545	383.014	-47.586
1546	383.064	-48.124
1547	384.197	-49.176
1548	384.409	-48.539
1549	384.425	-48.557
1550	384.755	-48.708
1551	384.812	-48.175
1552	384.835	-47.729
1553	384.884	-48.530
1554	384.900	-48.330
1555	384.953	-48.739
1556	385.119	-48.338
1557	385.307	-47.374
1558	385.391	-47.966
1559	385.470	-28.631
1560	385.533	-48.921
1561	385.536	-48.847
1562	385.629	-49.113
1563	388.550	-48.479
1564	389.032	-47.694
1565	389.858	-39.676
1566	394.252	-48.138
1567	394.676	-48.377
1568	395.669	-41.299
1569	396.128	-48.627
1570	396.550	-48.706
1571	396.585	-47.537
1572	396.638	-48.191
1573	396.814	-48.355
1574	396.832	-48.594
1575	396.845	-48.923
1576	396.849	-49.461
1577	397.079	-47.339
1578	397.084	-48.377
1579	397.256	-48.671
1580	397.396	-46.067
1581	397.527	-48.289
1582	397.853	-48.651
1583	397.977	-47.089
1584	398.108	-47.465
1585	398.146	-48.708
1586	398.148	-48.745
1587	398.177	-48.582
1588	398.451	-45.348
1589	398.633	-47.731
1590	398.720	-48.428
1591	398.730	-37.748
1592	399.318	-49.387
1593	401.765	-40.432
1594	401.999	-48.316
1595	402.566	-47.891
1596	402.983	-48.391
1597	403.024	-48.236
1598	403.136	-48.410
1599	404.440	-48.261
1600	404.480	-47.745
1601	404.597	-47.320
1602	404.607	-47.684
1603	404.796	-48.584
1604	404.806	-47.852
1605	404.814	-47.392
1606	404.849	-48.533
1607	404.921	-48.017
1608	404.942	-47.331
1609	404.997	-47.651
1610	405.191	-48.254
1611	405.204	-46.513
1612	405.256	-48.281
1613	405.339	-47.956
1614	405.457	-48.620
1615	405.462	-48.218
1616	405.534	-47.970
1617	405.703	-48.293
1618	405.712	-47.365
1619	405.785	-45.681
1620	405.811	-47.429
1621	406.029	-47.206
1622	406.186	-48.751
1623	406.197	-47.966
1624	406.286	-47.153
1625	406.630	-46.860
1626	406.640	-48.349
1627	406.928	-48.330
1628	406.930	-48.422
1629	407.541	-45.918
1630	407.753	-47.878
1631	407.922	-47.919
1632	407.989	-48.377
1633	408.021	-48.729
1634	408.041	-48.396
1635	408.184	-48.533
1636	408.477	-47.899
1637	408.578	-48.116
1638	408.691	-47.797
1639	408.735	-49.346
1640	408.780	-47.870
1641	408.790	-48.825
1642	408.796	-48.465
1643	408.929	-47.660
1644	408.974	-48.353
1645	409.148	-48.306
1646	409.289	-47.852
1647	409.430	-46.558
1648	409.727	-48.874
1649	409.830	-47.600
1650	409.966	-48.565
1651	410.442	-47.326
1652	410.675	-46.537
1653	410.712	-48.361
1654	410.993	-48.336
1655	411.015	-47.451
1656	411.018	-48.154
1657	411.049	-48.637
1658	411.090	-47.672
1659	411.297	-47.226
1660	411.310	-20.459
1661	411.579	-48.077
1662	411.594	-48.786
1663	411.681	-47.766
1664	411.686	-48.285
1665	411.714	-48.191
1666	411.734	-46.730
1667	411.752	-48.103
1668	411.776	-49.291
1669	411.792	-47.269
1670	414.128	-48.193
1671	414.650	-47.008
1672	414.797	-47.954
1673	414.817	-48.706
1674	414.987	-47.815
1675	415.042	-48.473
1676	415.420	-47.897
1677	415.573	-48.952
1678	415.699	-47.504
1679	415.829	-48.128
1680	416.357	-47.488
1681	416.535	-48.481
1682	417.055	-45.569
1683	418.095	-47.508
1684	418.316	-48.449
1685	418.692	-49.168
1686	419.068	-47.355
1687	419.315	-48.420
1688	419.685	-48.438
1689	420.022	-47.488
1690	421.065	-48.371
1691	422.039	-47.976
1692	422.230	-48.481
1693	424.593	-47.893
1694	425.400	-46.699
1695	425.451	-47.676
1696	425.527	-47.210
1697	425.628	-48.156
1698	425.723	-47.985
1699	425.763	-47.676
1700	425.794	-48.312
1701	425.893	-47.919
1702	425.913	-47.895
1703	425.920	-47.071
1704	425.931	-47.991
1705	425.977	-48.220
1706	426.016	-48.197
1707	426.147	-47.748
1708	426.156	-47.694
1709	426.218	-48.418
1710	426.246	-48.257
1711	426.446	-48.412
1712	426.767	-47.989
1713	427.311	-48.066
1714	427.317	-48.167
1715	427.370	-48.254
1716	427.486	-43.772
1717	427.801	-48.197
1718	428.130	-48.440
1719	428.305	-48.410
1720	428.389	-47.290
1721	428.501	-47.136
1722	428.508	-48.295
1723	428.524	-48.197
1724	428.617	-50.139
1725	428.746	-47.175
1726	428.757	-48.994
1727	428.818	-48.359
1728	429.032	-48.297
1729	429.058	-47.911
1730	429.153	-48.485
1731	429.225	-48.416
1732	429.268	-48.340
1733	429.377	-47.852
1734	429.442	-48.481
1735	429.556	-47.966
1736	429.688	-48.040
1737	429.922	-38.543
1738	429.947	-47.848
1739	430.000	-48.674
1740	430.039	-47.586
1741	430.161	-47.709
1742	430.181	-47.574
1743	430.349	-48.244
1744	431.545	-47.564
1745	431.876	-48.273
1746	432.282	-49.074
1747	432.628	-48.357
1748	432.676	-48.120
1749	433.290	-48.545
1750	434.625	-48.438
1751	435.016	-49.037
1752	435.135	-48.062
1753	435.240	-47.887
1754	435.276	-48.312
1755	435.569	-47.848
1756	435.722	-45.812
1757	435.932	-48.130
1758	436.095	-47.600
1759	436.154	-47.688
1760	436.234	-47.780
1761	436.397	-48.510
1762	436.584	-47.893
1763	436.665	-47.925
1764	437.061	-48.590
1765	437.313	-48.132
1766	437.558	-48.085
1767	437.930	-48.900
1768	437.968	-47.165
1769	438.047	-47.662
1770	438.099	-48.326
1771	438.109	-47.570
1772	438.146	-47.817
1773	438.281	-48.189
1774	438.421	-47.831
1775	438.749	-49.068
1776	438.761	-47.837
1777	439.028	-47.985
1778	439.760	-47.872
1779	439.784	-47.239
1780	440.125	-48.308
1781	441.084	-47.098
1782	441.086	-47.688
1783	441.099	-47.006
1784	441.133	-47.889
1785	441.297	-48.453
1786	441.349	-46.564
1787	441.372	-48.383
1788	441.519	-46.662
1789	441.524	-48.328
1790	441.526	-47.745
1791	441.568	-48.297
1792	441.704	-48.218
1793	441.706	-48.081
1794	441.710	-47.492
1795	441.908	-48.232
1796	442.477	-48.700
1797	443.214	-48.954
1798	444.809	-49.342
1799	445.061	-48.408
1800	445.131	-48.394
1801	445.246	-47.284
1802	445.253	-49.577
1803	445.563	-48.543
1804	445.612	-46.681
1805	446.202	-48.461
1806	447.587	2.081
1807	447.749	-48.770
1808	448.115	-47.909
1809	448.220	-48.169
1810	448.507	-47.701
1811	448.541	-48.185
1812	448.837	-49.313
1813	448.853	-48.218
1814	448.887	-49.090
1815	448.930	-46.875
1816	449.276	-48.475
1817	449.348	-47.175
1818	449.882	-48.672
1819	450.003	-49.379
1820	450.244	-48.723
1821	450.336	-48.113
1822	450.513	-48.226
1823	450.679	-48.312
1824	452.840	-48.093
1825	452.999	-47.919
1826	453.283	-48.130
1827	453.684	-47.852
1828	453.853	-48.440
1829	454.030	-48.015
1830	454.763	-48.169
1831	455.026	-48.559
1832	455.314	-47.925
1833	455.364	-47.607
1834	455.685	-47.919
1835	455.703	-49.031
1836	455.713	-48.626
1837	455.719	-47.756
1838	455.735	-47.672
1839	455.742	-47.860
1840	455.759	-48.238
1841	455.773	-47.445
1842	455.863	-47.860
1843	455.867	-47.699
1844	455.899	-48.255
1845	455.938	-47.688
1846	455.960	-47.568
1847	455.965	-46.382
1848	455.986	-47.805
1849	456.052	-48.148
1850	456.116	-47.239
1851	456.186	-47.649
1852	456.189	-48.052
1853	456.194	-48.365
1854	456.400	-48.216
1855	456.445	-47.600
1856	456.454	-47.398
1857	456.495	-47.707
1858	456.582	-48.381
1859	456.657	-47.997
1860	456.669	-48.013
1861	456.754	-28.629
1862	456.823	-49.957
1863	457.017	-47.715
1864	457.270	-48.755
1865	457.290	-47.825
1866	457.345	-48.432
1867	457.356	-47.206
1868	457.491	-48.436
1869	457.519	-48.326
1870	457.576	-47.741
1871	457.867	-47.938
1872	457.960	-46.345
1873	457.973	-47.658
1874	458.011	-47.962
1875	458.074	-47.637
1876	458.133	-48.336
1877	458.238	-48.459
1878	458.311	-48.015
1879	458.333	-48.669
1880	458.348	-47.394
1881	458.376	-16.032
1882	458.609	-49.344
1883	458.833	-48.120
1884	458.838	-47.660
1885	458.918	-47.602
1886	459.080	-48.553
1887	459.530	-47.909
1888	459.601	-47.950
1889	459.978	-47.950
1890	460.479	-49.843
1891	460.587	-38.196
1892	460.718	-48.393
1893	460.745	-48.361
1894	460.767	-47.165
1895	460.835	-48.281
1896	460.957	-48.236
1897	460.970	20.987
1898	460.974	-48.371
1899	461.258	-48.661
1900	461.275	-47.866
1901	461.356	-48.152
1902	461.448	-47.684
1903	461.522	-48.976
1904	461.663	-48.259
1905	461.778	-47.594
1906	461.843	-49.315
1907	461.906	-48.250
1908	461.942	-47.308
1909	461.970	-48.751
1910	462.031	-48.228
1911	462.303	-48.218
1912	462.553	-49.170
1913	462.594	-49.178
1914	462.894	-47.660
1915	462.922	-46.768
1916	462.982	-48.714
1917	463.007	-48.792
1918	463.049	-48.627
1919	463.059	-47.188
1920	463.527	-48.557
1921	463.949	-48.209
1922	464.085	-48.209
1923	464.365	-48.351
1924	464.496	-47.523
1925	464.684	-48.582
1926	464.832	-48.385
1927	464.927	-48.927
1928	464.965	-48.398
1929	465.638	37.832
1930	466.337	-47.441
1931	466.415	-48.171
1932	467.486	-48.261
1933	469.054	-48.545
1934	469.117	-50.223
1935	469.396	-47.840
1936	469.849	-49.526
1937	469.931	-48.524
1938	470.108	-48.124
1939	470.173	-48.156
1940	473.534	-47.958
1941	474.043	-47.727
1942	475.223	-46.589
1943	475.339	-49.409
1944	475.476	-47.782
1945	476.046	-48.530
1946	476.161	-48.545
1947	476.194	-48.355
1948	476.198	-47.948
1949	476.473	-47.609
1950	476.497	-47.997
1951	476.499	-48.381
1952	476.521	-48.400
1953	476.664	-46.891
1954	476.668	-48.829
1955	476.693	-48.013
1956	476.915	-47.991
1957	477.220	-48.739
1958	477.224	-49.054
1959	477.306	-46.582
1960	477.356	-48.344
1961	477.429	-47.607
1962	477.471	-47.854
1963	477.496	-48.038
1964	477.590	-48.066
1965	477.667	-47.807
1966	477.833	-48.271
1967	477.874	-48.412
1968	477.930	-31.920
1969	477.951	-48.394
1970	477.954	-48.232
1971	477.985	-47.130
1972	477.997	-48.412
1973	478.271	-48.075
1974	478.507	-49.614
1975	478.858	-49.207
1976	479.061	-26.692
1977	479.241	-48.134
1978	479.372	-48.267
1979	479.580	-27.789
1980	479.711	-48.028
1981	480.549	-47.946
1982	481.192	-47.703
1983	481.205	-48.216
1984	481.318	-48.533
1985	482.657	-47.194
1986	482.854	-48.714
1987	483.055	-47.805
1988	483.083	-47.490
1989	483.129	-48.590
1990	483.221	-48.420
1991	483.326	-48.052
1992	483.391	-48.064
1993	483.438	-47.981
1994	483.539	-48.318
1995	483.548	-47.335
1996	483.689	-48.348
1997	483.740	-49.264
1998	484.158	-48.565
1999	486.279	-49.031
2000	486.414	-48.318
