DXEX v3
C:\Documents and Settings\LDA\My Documents\TM_SANTOS\Equipo_5\Trailer.lda
3:13:19 PM
0.00 mm;0.00 mm;2.00 mm
Region1
"Row#"	"AT [ms]"	"LDA1 [m/s]"	
1	0.069	-48.310
2	0.145	-48.528
3	0.243	-48.528
4	0.550	-48.704
5	0.603	-49.751
6	0.780	-51.147
7	1.272	-44.463
8	1.476	-48.563
9	1.488	-47.555
10	1.804	-26.665
11	4.386	-48.620
12	4.792	-47.972
13	4.864	-47.899
14	5.301	-48.725
15	5.317	-48.019
16	7.008	-36.936
17	7.049	-31.182
18	7.431	-49.479
19	7.514	-26.330
20	7.721	-48.886
21	7.800	-48.449
22	8.000	-48.633
23	8.007	-48.606
24	8.216	-49.229
25	8.343	-48.522
26	8.888	-47.741
27	9.072	-48.394
28	9.497	-49.489
29	9.926	-49.283
30	10.049	-48.263
31	10.077	-49.183
32	10.087	-48.400
33	10.163	-48.747
34	10.977	-48.694
35	11.026	-47.811
36	11.050	-48.228
37	11.102	-48.275
38	11.116	-47.993
39	11.331	-48.017
40	11.352	-48.250
41	11.513	-47.212
42	11.534	-48.864
43	11.589	-48.261
44	11.651	-46.585
45	11.689	-47.968
46	11.711	-48.107
47	11.782	-49.039
48	11.903	-48.324
49	12.420	-48.555
50	12.441	-49.463
51	13.135	-47.944
52	13.631	-48.400
53	13.696	-48.533
54	14.285	-48.344
55	14.350	-47.304
56	14.525	-48.565
57	15.678	-49.107
58	16.040	-48.394
59	16.117	-48.770
60	16.257	-48.173
61	16.419	-48.410
62	16.598	-48.925
63	16.665	-47.815
64	16.668	-48.483
65	16.680	-47.598
66	16.725	-48.320
67	16.762	-47.373
68	16.779	-47.774
69	16.969	-49.804
70	16.971	-47.784
71	16.981	-49.334
72	17.076	-48.559
73	17.177	-47.085
74	17.395	-48.829
75	17.436	-48.655
76	17.572	-48.866
77	17.641	-47.717
78	17.728	-48.835
79	17.783	-49.373
80	18.092	-48.972
81	18.114	-48.845
82	18.466	-48.445
83	18.497	-49.152
84	22.738	-48.512
85	22.854	-48.649
86	23.177	-46.813
87	23.221	-48.804
88	23.276	-47.985
89	23.300	-48.003
90	23.355	-48.921
91	23.496	-47.962
92	23.551	-47.784
93	23.558	-48.453
94	23.615	-48.479
95	23.620	-48.706
96	23.629	-48.952
97	23.698	-48.512
98	23.821	-47.570
99	23.837	-47.905
100	23.918	-49.189
101	24.008	-48.490
102	24.049	-47.232
103	24.107	-47.942
104	24.193	-47.496
105	24.204	-48.808
106	24.267	-48.514
107	24.309	-49.358
108	24.364	-49.154
109	24.423	-48.467
110	24.460	-48.584
111	24.487	-48.710
112	24.513	-47.698
113	24.581	-48.250
114	24.591	-48.909
115	24.622	-46.750
116	24.640	-48.535
117	24.654	-48.551
118	24.665	-48.189
119	24.719	-48.784
120	24.741	-48.316
121	24.769	-48.696
122	24.843	-47.921
123	24.849	-48.997
124	24.923	-48.937
125	24.941	-48.026
126	25.000	-47.979
127	25.254	-47.447
128	26.303	-48.616
129	26.305	-48.520
130	26.337	-48.706
131	26.435	-48.163
132	26.441	-48.573
133	26.587	-48.340
134	26.591	-48.324
135	26.595	-49.377
136	26.634	-48.400
137	26.666	-48.618
138	26.801	-48.467
139	26.832	-49.193
140	26.834	-48.984
141	26.837	-48.943
142	27.010	-48.749
143	27.170	-48.569
144	27.201	-49.064
145	27.249	27.184
146	27.397	-23.112
147	27.413	-48.992
148	27.643	-48.447
149	27.708	-48.616
150	27.734	-47.639
151	28.771	-48.565
152	28.838	-48.594
153	29.062	-48.588
154	29.071	-48.346
155	29.085	-49.293
156	29.100	-48.580
157	29.118	-48.584
158	29.144	-48.669
159	29.174	-48.009
160	29.238	-48.498
161	29.341	-48.557
162	29.477	-48.363
163	29.541	-48.718
164	29.614	-48.555
165	29.871	-47.848
166	29.921	-47.878
167	30.139	-45.530
168	30.437	-48.637
169	30.988	-48.389
170	31.003	-48.434
171	31.049	-49.103
172	31.133	-47.907
173	31.269	41.104
174	31.384	-46.932
175	31.398	-48.986
176	31.479	-48.588
177	31.513	-48.154
178	31.542	-48.649
179	31.544	-48.659
180	31.552	-48.680
181	32.339	-48.919
182	32.680	-24.486
183	32.829	-49.205
184	32.971	-48.034
185	33.063	-48.324
186	34.205	-47.739
187	34.303	-49.461
188	34.713	-48.592
189	34.855	-48.982
190	35.107	-48.882
191	35.115	-43.948
192	35.393	-48.665
193	35.742	-48.657
194	35.779	-48.001
195	36.777	-48.874
196	36.826	-48.332
197	36.875	-48.743
198	37.830	-47.878
199	38.266	-48.254
200	38.279	-49.068
201	38.398	-47.024
202	38.499	-48.557
203	38.538	-48.488
204	38.568	-48.888
205	38.703	-48.575
206	38.739	-48.205
207	39.146	-48.633
208	39.268	-48.265
209	39.669	-48.312
210	39.761	-48.684
211	40.124	-49.246
212	41.219	-48.708
213	41.485	-43.923
214	42.761	-41.090
215	42.930	-49.326
216	43.275	-47.942
217	43.473	-46.605
218	43.485	-49.751
219	43.572	-48.745
220	43.662	-48.661
221	43.774	-49.669
222	44.373	-49.215
223	44.382	-49.142
224	44.394	-25.598
225	44.595	-48.248
226	45.208	-48.357
227	45.268	-48.228
228	45.784	-48.228
229	45.811	-48.925
230	45.827	-48.318
231	45.951	-48.189
232	46.028	-46.398
233	46.032	-48.997
234	46.150	-47.181
235	46.159	-48.757
236	46.295	-49.491
237	46.370	-39.391
238	46.383	-48.220
239	46.612	-49.955
240	46.631	-48.721
241	46.654	-48.911
242	46.720	-48.412
243	46.744	-49.066
244	46.785	-48.087
245	46.801	-48.651
246	46.828	-48.702
247	46.909	-46.787
248	46.939	-47.627
249	46.959	-49.422
250	46.971	-48.330
251	47.023	-47.686
252	47.138	-48.447
253	47.285	1.196
254	47.948	-48.766
255	47.975	-48.788
256	47.978	-48.508
257	48.027	-33.633
258	48.048	-47.371
259	48.223	-48.898
260	48.332	-48.477
261	48.640	-46.834
262	48.796	-48.199
263	49.068	-48.455
264	50.135	-47.508
265	50.152	-47.940
266	50.265	-48.118
267	50.506	-49.260
268	50.594	-47.846
269	50.760	-48.348
270	50.954	-48.007
271	51.019	-47.629
272	51.038	-47.212
273	51.278	-47.934
274	51.551	-48.408
275	51.645	-47.919
276	51.733	-48.152
277	53.410	-39.782
278	54.148	-48.516
279	55.174	-47.284
280	55.270	-48.494
281	55.314	-48.704
282	55.440	-48.062
283	55.646	-48.518
284	55.750	-48.210
285	55.832	-48.436
286	56.015	-48.612
287	56.019	-47.476
288	56.083	-47.545
289	56.402	-48.704
290	58.012	-48.573
291	58.229	-48.774
292	58.868	4.417
293	59.321	-48.115
294	59.982	-48.608
295	61.359	-48.909
296	61.441	-48.097
297	61.663	-49.467
298	61.770	-48.167
299	61.865	-48.768
300	62.556	-48.400
301	62.642	-48.974
302	62.650	-48.230
303	62.744	-48.487
304	62.782	-48.855
305	62.966	-48.279
306	63.162	-47.893
307	64.918	-48.743
308	64.965	-48.228
309	65.153	-48.659
310	65.318	-47.764
311	65.337	-48.252
312	65.356	-48.868
313	65.391	-49.319
314	65.435	-48.130
315	65.494	-48.328
316	65.797	-47.692
317	65.804	-48.655
318	65.825	-48.167
319	65.943	-48.635
320	65.983	-48.218
321	66.313	-48.594
322	67.645	-49.775
323	67.871	-48.868
324	68.269	-49.086
325	68.502	-48.698
326	68.701	-48.806
327	68.826	-48.819
328	69.021	-49.091
329	69.131	-48.723
330	70.046	-48.295
331	70.490	-48.543
332	70.625	-48.197
333	70.676	-47.739
334	70.741	-47.942
335	70.921	-48.299
336	70.933	-48.306
337	70.974	-48.637
338	71.087	-48.782
339	71.098	-47.750
340	71.517	-48.559
341	71.520	-47.596
342	71.580	-48.197
343	71.592	-47.778
344	71.665	-48.156
345	71.774	-48.608
346	71.941	-49.158
347	71.972	-48.414
348	72.025	-48.240
349	72.042	-48.207
350	72.121	-48.371
351	72.128	-47.739
352	72.174	-48.682
353	72.237	-47.055
354	72.304	-48.220
355	72.429	-48.633
356	77.620	-47.547
357	79.115	-16.862
358	80.611	-49.060
359	80.737	-22.761
360	81.512	-48.551
361	82.204	-50.619
362	82.256	-48.573
363	82.353	-48.508
364	82.738	-48.847
365	83.032	27.769
366	83.480	-49.019
367	83.784	-38.512
368	84.480	-47.754
369	85.280	-48.297
370	85.655	-48.487
371	85.854	-47.531
372	85.910	-47.249
373	85.987	-48.287
374	86.103	-48.504
375	86.133	-49.007
376	86.575	-49.622
377	86.643	-48.884
378	87.034	-48.488
379	87.054	-47.596
380	87.354	-47.911
381	87.578	-18.245
382	87.798	-48.443
383	88.138	-47.991
384	88.160	-49.718
385	88.318	-48.627
386	88.679	-48.898
387	88.680	-49.050
388	88.694	-48.075
389	90.189	-48.193
390	90.370	-48.265
391	90.736	-47.443
392	92.103	-48.864
393	93.111	-40.548
394	95.315	-48.232
395	95.667	-48.302
396	95.792	-47.745
397	95.898	-37.490
398	96.082	-49.593
399	96.493	-48.455
400	97.486	-47.989
401	97.625	-48.097
402	97.838	-47.901
403	97.861	-48.483
404	98.137	-48.688
405	98.230	-48.154
406	98.296	-48.688
407	98.404	-48.545
408	98.522	-47.760
409	98.526	-48.011
410	98.576	-49.144
411	98.604	-48.058
412	98.681	-47.860
413	98.838	-47.929
414	98.899	-47.917
415	98.960	-48.283
416	99.215	-48.929
417	99.352	-49.534
418	99.356	-48.081
419	99.397	-47.958
420	100.034	-47.367
421	100.208	-48.690
422	100.431	-48.312
423	100.491	-48.441
424	100.543	-47.946
425	100.598	-49.418
426	100.628	-49.338
427	100.693	-48.385
428	100.725	-49.056
429	100.795	-47.306
430	100.999	-48.643
431	101.061	-48.363
432	101.098	-48.994
433	101.164	-49.266
434	101.207	-49.142
435	101.221	-48.880
436	101.333	-48.980
437	101.430	-49.013
438	101.480	-48.770
439	101.499	-48.381
440	101.591	-48.432
441	101.634	-47.713
442	101.670	-48.267
443	101.834	-48.046
444	101.950	-49.277
445	102.544	-48.107
446	102.546	-47.692
447	103.110	-48.780
448	103.221	-48.122
449	103.269	-27.746
450	103.470	-45.885
451	104.408	-48.289
452	104.985	-47.860
453	105.119	-48.761
454	105.854	-49.364
455	105.902	-48.115
456	105.933	-47.842
457	106.322	-48.191
458	106.365	-48.199
459	106.383	-48.612
460	106.530	-48.246
461	106.745	-49.048
462	106.819	-46.889
463	106.983	-48.551
464	107.035	-48.179
465	107.046	-48.680
466	107.196	-48.248
467	107.244	-47.780
468	107.303	-48.154
469	107.416	-48.058
470	107.628	-48.404
471	107.631	-48.054
472	107.657	-48.295
473	107.679	-47.036
474	107.713	-48.702
475	107.729	-47.737
476	107.787	-48.269
477	107.903	-47.680
478	108.054	-49.530
479	108.152	-48.841
480	108.202	-48.825
481	108.231	-49.203
482	108.236	-48.481
483	108.240	-48.228
484	108.258	-48.316
485	108.277	-48.349
486	108.287	-47.725
487	108.502	-48.751
488	108.522	-48.841
489	108.652	-48.281
490	108.752	-47.647
491	108.805	-48.130
492	108.943	-48.555
493	108.972	-48.124
494	108.979	-47.960
495	109.104	-48.036
496	109.171	-49.575
497	109.261	-47.989
498	109.514	-48.152
499	109.672	-48.665
500	109.716	-48.806
501	109.967	-48.126
502	110.005	-48.694
503	110.075	-47.169
504	110.095	-48.747
505	110.174	-47.776
506	110.248	-48.240
507	110.438	-47.979
508	110.606	-48.647
509	110.629	-45.008
510	110.651	-48.265
511	110.722	-48.614
512	110.813	-47.694
513	110.824	-48.682
514	110.911	-42.646
515	110.991	-47.815
516	110.995	-48.050
517	110.998	-48.671
518	111.071	-48.394
519	111.080	-49.311
520	111.151	-47.815
521	111.187	-48.835
522	111.219	-47.420
523	111.299	-47.831
524	111.436	-49.052
525	111.441	-48.547
526	111.449	-49.346
527	111.552	-49.340
528	111.617	-48.228
529	111.630	-48.136
530	111.798	-48.373
531	111.812	-48.911
532	111.878	-48.169
533	111.988	-48.776
534	111.990	-46.895
535	112.306	-47.954
536	112.560	-48.467
537	113.595	-38.429
538	114.221	-48.136
539	114.833	-28.321
540	116.563	-48.295
541	116.579	-47.374
542	116.725	-48.768
543	116.933	-48.109
544	117.046	-47.112
545	117.459	-49.117
546	117.757	-47.629
547	118.225	37.625
548	118.429	-22.297
549	119.020	-48.134
550	119.103	-48.947
551	119.122	-48.391
552	119.146	-48.443
553	119.303	-46.029
554	119.430	-49.344
555	119.490	-47.367
556	119.582	-47.786
557	119.670	-48.348
558	119.834	-48.066
559	119.911	-48.091
560	119.951	-49.957
561	120.011	-47.991
562	120.034	-47.770
563	120.041	-47.889
564	120.131	-48.291
565	120.170	-20.394
566	120.398	11.817
567	120.488	-47.588
568	120.559	-46.599
569	120.713	-48.588
570	121.083	-46.611
571	121.546	-46.995
572	122.166	-46.697
573	122.209	-47.797
574	122.211	-48.547
575	122.240	-48.434
576	122.296	-48.340
577	122.680	-48.085
578	124.013	-48.081
579	125.615	-48.393
580	125.891	-47.517
581	126.180	-47.551
582	126.393	-47.852
583	126.442	-48.387
584	126.577	-47.874
585	126.652	-47.410
586	126.658	-48.346
587	126.663	-45.947
588	126.812	-48.142
589	126.953	-48.079
590	127.273	-48.330
591	127.356	-10.472
592	127.731	-36.489
593	128.787	-46.867
594	128.808	-47.960
595	129.052	-48.502
596	129.307	-29.919
597	129.373	-26.677
598	130.105	-48.786
599	130.388	-48.009
600	130.416	-48.291
601	130.460	-47.721
602	130.607	-17.070
603	130.673	-47.790
604	130.694	-48.240
605	130.761	-48.158
606	130.818	-47.778
607	130.819	-47.453
608	130.824	-48.553
609	131.043	-48.997
610	131.073	-46.969
611	131.195	-49.011
612	131.245	-47.944
613	131.383	31.771
614	131.421	-48.398
615	131.492	-34.827
616	131.880	-48.195
617	131.897	-48.167
618	132.104	-48.586
619	132.212	-48.404
620	132.248	-47.474
621	132.286	-48.285
622	132.823	-48.116
623	132.849	11.868
624	133.048	-48.485
625	133.080	-48.068
626	133.092	-48.524
627	133.175	-48.142
628	133.273	-48.355
629	133.284	-48.780
630	133.293	-47.885
631	133.420	-49.348
632	133.498	-47.586
633	133.582	-48.481
634	133.766	-47.884
635	133.774	-49.078
636	133.812	-48.383
637	133.846	-48.672
638	133.916	-48.324
639	133.919	-48.148
640	133.973	-48.334
641	134.230	-48.461
642	134.654	-47.938
643	134.805	-35.600
644	134.924	-49.021
645	135.102	-48.207
646	135.264	-47.825
647	136.269	-44.520
648	136.312	-39.870
649	136.793	-48.385
650	136.942	-48.328
651	137.399	-48.402
652	138.849	-48.230
653	139.210	-47.044
654	139.467	-48.369
655	139.487	-47.547
656	139.530	-47.852
657	140.630	-47.584
658	140.719	-48.169
659	142.542	-48.389
660	143.107	-47.380
661	144.117	14.985
662	145.263	-47.647
663	145.280	-47.944
664	145.480	-46.818
665	145.632	-48.320
666	145.953	-47.844
667	146.272	-48.412
668	146.718	-48.209
669	147.290	21.185
670	148.284	-48.191
671	148.373	-48.426
672	148.528	-48.776
673	148.551	-48.191
674	148.574	-48.371
675	148.590	-48.567
676	148.611	-48.377
677	148.862	-48.220
678	148.987	-20.502
679	149.011	-48.802
680	150.207	-48.183
681	150.594	-48.524
682	151.723	-48.947
683	152.038	-47.889
684	153.098	-47.656
685	153.279	-47.353
686	153.316	-47.974
687	153.597	-44.174
688	153.964	26.968
689	154.252	-48.357
690	154.262	-48.113
691	154.385	-47.637
692	154.392	-47.936
693	154.629	-48.234
694	154.800	-47.893
695	154.822	-48.610
696	154.912	-48.169
697	155.083	-48.171
698	155.193	-48.757
699	155.225	-48.751
700	155.275	-47.809
701	155.364	-48.212
702	155.389	-48.283
703	155.393	-47.696
704	155.527	-48.023
705	155.537	-47.878
706	155.593	-47.782
707	155.694	-47.692
708	155.743	-48.332
709	155.806	-48.234
710	155.973	-49.097
711	156.087	-48.469
712	156.573	-48.624
713	156.742	-49.313
714	157.017	-48.569
715	157.279	-47.096
716	158.163	-48.680
717	158.421	-48.142
718	158.634	-48.279
719	158.905	-47.805
720	159.155	-49.043
721	159.167	-47.850
722	159.178	-48.238
723	159.862	-48.019
724	161.701	-48.171
725	162.383	-48.050
726	162.612	-48.346
727	163.189	-48.207
728	163.232	-48.829
729	163.750	-47.923
730	163.767	-48.488
731	164.640	-48.066
732	164.996	-47.731
733	165.137	-49.023
734	165.240	-48.314
735	165.251	-48.434
736	165.379	-48.001
737	165.541	-48.772
738	165.593	-47.183
739	165.597	-48.189
740	165.695	-48.598
741	165.743	-47.976
742	165.754	-47.827
743	165.766	-47.001
744	165.834	-48.179
745	165.970	24.351
746	165.993	-48.522
747	167.021	-47.831
748	167.108	-48.496
749	168.280	-47.791
750	168.355	-47.852
751	168.517	-48.488
752	168.551	-48.490
753	168.576	-48.510
754	169.365	-48.813
755	169.438	-48.017
756	170.678	-47.989
757	171.039	-48.465
758	171.161	-47.369
759	171.269	-48.083
760	171.435	-48.261
761	171.673	-48.324
762	171.748	-47.942
763	171.764	-48.790
764	171.813	-47.116
765	171.821	-48.761
766	171.879	-48.302
767	171.997	-48.798
768	172.004	-48.011
769	172.244	-49.266
770	172.785	-48.201
771	173.032	-48.440
772	173.194	-48.708
773	174.807	-46.619
774	176.328	-48.776
775	176.548	-48.545
776	176.567	-48.060
777	176.597	-29.247
778	178.478	-48.028
779	179.088	-47.727
780	179.518	-47.850
781	179.827	-47.862
782	180.677	-48.688
783	180.737	-47.020
784	180.755	-49.732
785	180.848	-48.038
786	181.155	-49.414
787	181.209	-47.962
788	181.243	-43.065
789	181.346	-47.970
790	181.415	-48.379
791	181.456	-48.643
792	182.411	-48.171
793	182.437	-48.741
794	182.555	-48.874
795	182.588	-48.997
796	182.671	-48.485
797	182.727	-48.866
798	182.809	-48.173
799	182.827	-47.995
800	182.841	-45.908
801	183.055	-46.646
802	183.084	-48.490
803	183.254	-47.645
804	183.268	-47.878
805	183.560	-48.524
806	183.574	-47.913
807	183.687	-48.387
808	183.756	-48.205
809	183.866	-48.210
810	184.491	-48.179
811	184.641	-48.244
812	184.835	-47.026
813	185.013	-47.885
814	185.198	-48.385
815	185.213	-47.703
816	185.250	-48.304
817	185.254	-48.837
818	185.396	-48.222
819	185.407	-48.030
820	186.182	-46.920
821	186.184	-47.439
822	186.600	-47.437
823	186.670	-47.878
824	186.680	-48.933
825	186.859	-48.048
826	186.894	-49.201
827	186.918	-48.398
828	187.054	-47.553
829	187.269	-47.756
830	187.591	-48.451
831	187.612	-47.887
832	187.672	-47.760
833	187.679	-48.559
834	187.722	-48.896
835	187.847	-48.302
836	187.870	-47.925
837	187.877	-48.976
838	187.961	-49.675
839	188.029	-47.760
840	188.070	-36.421
841	188.106	-48.616
842	188.190	-46.711
843	188.411	-47.991
844	188.477	-48.622
845	188.609	-48.596
846	188.619	-48.774
847	188.835	-48.334
848	188.838	-47.053
849	188.963	-48.314
850	189.267	-48.044
851	189.523	-47.991
852	190.053	-47.592
853	190.415	-48.293
854	190.459	-48.083
855	190.752	-47.862
856	190.767	-48.254
857	190.799	-1.016
858	191.425	-48.487
859	192.284	-47.835
860	192.779	-48.829
861	192.892	-48.465
862	193.433	-47.304
863	194.594	-48.727
864	195.127	-47.801
865	195.167	-48.097
866	195.605	-50.759
867	196.519	-48.240
868	196.606	-47.249
869	196.917	-48.639
870	197.211	-48.101
871	197.289	-47.938
872	197.445	-48.320
873	197.548	-48.348
874	197.805	-48.193
875	197.833	-47.797
876	197.858	-49.201
877	197.918	-48.890
878	197.956	-47.496
879	198.010	-47.846
880	198.079	-48.551
881	198.110	-48.532
882	198.117	-48.156
883	198.309	-48.013
884	198.360	-23.153
885	199.173	-48.054
886	199.249	-48.334
887	199.315	-49.967
888	199.336	-2.471
889	199.371	-48.222
890	199.414	-48.277
891	199.666	-48.927
892	199.738	-48.604
893	199.989	-48.864
894	200.178	-48.586
895	200.237	-47.901
896	200.569	-47.858
897	200.840	-48.134
898	201.009	-48.594
899	201.014	-50.072
900	201.018	-48.316
901	201.023	-24.269
902	201.056	-50.438
903	201.131	-48.573
904	201.147	-47.837
905	201.156	-48.923
906	201.505	-48.490
907	201.789	-48.553
908	201.869	-48.678
909	202.000	-31.096
910	202.102	-48.412
911	202.122	-48.819
912	202.135	-48.426
913	202.151	-48.831
914	202.181	-48.647
915	202.862	-48.105
916	203.709	-48.144
917	204.133	-48.062
918	204.160	-48.326
919	204.164	-48.338
920	204.182	-48.140
921	204.269	-47.678
922	204.377	-48.655
923	204.412	-47.690
924	207.368	-47.756
925	207.849	-48.201
926	209.307	-48.506
927	209.310	-48.150
928	209.494	-46.429
929	209.624	-47.746
930	209.671	-48.144
931	209.713	-49.305
932	209.860	-48.708
933	209.895	-47.527
934	209.985	-47.848
935	209.989	-47.880
936	210.120	-48.445
937	210.152	-47.502
938	210.205	-49.479
939	210.245	-48.457
940	210.257	-47.717
941	210.286	-47.374
942	210.328	-48.289
943	210.519	-47.913
944	210.554	-49.044
945	211.224	-47.835
946	211.228	-48.083
947	211.276	-31.665
948	211.437	-32.650
949	211.444	-46.683
950	211.634	-49.356
951	211.702	-48.044
952	211.769	-48.308
953	211.774	-47.782
954	212.039	-47.660
955	212.832	-47.660
956	212.910	-49.395
957	212.983	-47.400
958	213.024	-48.230
959	213.153	-47.821
960	213.278	-47.701
961	213.361	-48.718
962	214.698	-47.934
963	217.338	-47.715
964	217.782	-48.819
965	218.726	-49.191
966	218.823	-48.825
967	219.070	-49.170
968	219.075	-48.925
969	219.085	-48.727
970	219.163	-48.330
971	219.336	-18.525
972	219.362	-48.316
973	219.486	-48.105
974	219.861	-47.811
975	219.954	-48.539
976	220.071	-49.250
977	220.150	-48.506
978	220.192	-47.837
979	220.198	-47.410
980	220.243	-49.156
981	220.325	-48.404
982	220.348	-47.782
983	220.351	-46.364
984	220.357	-48.197
985	220.361	-47.175
986	220.486	-48.416
987	220.499	-48.144
988	220.808	-49.082
989	220.911	-47.230
990	220.925	-48.571
991	221.097	-48.228
992	221.235	-48.483
993	221.276	-48.512
994	221.380	-47.674
995	221.641	-48.443
996	221.742	-49.583
997	222.000	-48.833
998	222.076	-48.322
999	222.181	-48.348
1000	222.273	-46.930
1001	222.282	-48.383
1002	223.489	31.475
1003	223.684	-48.234
1004	223.807	-47.940
1005	224.139	-48.228
1006	224.299	-47.065
1007	224.448	-49.203
1008	224.525	-49.933
1009	224.840	-48.167
1010	225.100	-48.559
1011	225.334	-48.340
1012	225.360	-47.919
1013	225.558	-48.257
1014	225.989	-49.434
1015	226.111	-48.105
1016	226.213	-28.511
1017	226.625	-47.968
1018	228.800	-48.324
1019	228.819	-48.373
1020	228.939	-48.050
1021	228.953	-47.778
1022	228.992	-47.668
1023	229.135	-47.887
1024	229.142	-47.815
1025	229.308	-47.447
1026	229.668	-47.993
1027	230.042	-48.945
1028	230.270	-48.050
1029	230.520	-48.034
1030	231.731	-47.351
1031	232.100	-48.622
1032	232.227	-47.676
1033	232.408	-48.426
1034	232.537	-48.440
1035	232.890	-48.974
1036	232.938	-32.323
1037	233.150	-48.661
1038	233.359	-47.825
1039	233.540	-45.411
1040	233.668	24.173
1041	233.710	-47.696
1042	233.734	-47.813
1043	233.789	-48.535
1044	233.844	-47.731
1045	234.016	-47.831
1046	234.021	-47.455
1047	234.034	-47.952
1048	234.119	-47.921
1049	234.163	-48.905
1050	234.168	-48.048
1051	234.210	-47.380
1052	234.417	-47.946
1053	234.454	-47.942
1054	234.676	-47.662
1055	234.729	-48.003
1056	235.039	-48.815
1057	235.417	-48.007
1058	235.446	-47.891
1059	235.507	-26.187
1060	235.878	-48.005
1061	235.915	-31.605
1062	235.917	-47.521
1063	236.037	-47.809
1064	236.076	-48.320
1065	236.120	-48.571
1066	236.353	-47.784
1067	236.513	-47.682
1068	236.581	-48.393
1069	236.802	-47.312
1070	236.804	-48.479
1071	236.980	-47.539
1072	237.014	-48.387
1073	237.286	-48.111
1074	237.466	-48.500
1075	237.592	-48.723
1076	238.288	-34.702
1077	238.901	-48.275
1078	239.057	-48.555
1079	239.443	-46.797
1080	239.662	-47.956
1081	239.760	-49.248
1082	239.987	-47.666
1083	240.022	-48.118
1084	240.095	-48.927
1085	240.122	-48.128
1086	240.295	-47.752
1087	240.434	-22.687
1088	240.460	-47.474
1089	240.529	-49.624
1090	240.584	-48.361
1091	240.644	-48.183
1092	240.726	-47.895
1093	240.834	-48.048
1094	240.961	-48.058
1095	241.122	-48.479
1096	242.962	-25.539
1097	242.977	-47.891
1098	243.019	-48.246
1099	243.161	-47.696
1100	243.685	10.280
1101	245.289	-48.520
1102	247.657	-48.310
1103	249.308	-10.644
1104	250.017	-46.513
1105	251.317	-47.968
1106	251.407	-47.711
1107	251.443	-48.813
1108	251.587	-49.154
1109	251.754	-48.132
1110	252.259	-48.283
1111	252.541	-47.715
1112	252.926	-48.044
1113	252.940	-48.964
1114	252.995	-16.075
1115	253.057	-50.342
1116	254.779	-45.924
1117	254.930	-48.821
1118	254.972	-47.948
1119	255.182	-48.019
1120	255.198	-48.224
1121	255.285	-36.000
1122	255.329	-47.588
1123	255.446	-46.887
1124	255.585	-47.731
1125	255.603	-49.131
1126	255.829	-47.829
1127	255.834	-48.310
1128	255.873	-47.901
1129	256.036	-48.236
1130	256.270	-48.741
1131	256.335	-48.643
1132	256.379	-46.505
1133	256.418	-48.888
1134	256.435	-44.467
1135	257.372	-48.802
1136	257.686	-48.549
1137	257.814	-47.977
1138	258.021	-48.784
1139	258.054	-48.917
1140	258.543	-48.606
1141	258.587	-48.332
1142	258.588	-48.103
1143	258.592	-48.884
1144	258.642	-47.051
1145	258.646	-47.774
1146	258.665	-46.670
1147	258.709	-48.719
1148	258.711	-48.592
1149	258.749	-48.126
1150	258.794	-48.792
1151	258.865	-48.455
1152	258.945	-48.148
1153	260.170	-48.441
1154	261.071	-48.545
1155	261.085	-48.377
1156	261.250	-48.199
1157	261.345	-48.835
1158	261.425	-47.895
1159	261.529	-48.081
1160	261.814	-48.028
1161	262.097	-47.468
1162	262.244	-47.304
1163	262.438	-48.432
1164	262.675	-48.212
1165	263.093	-48.169
1166	263.472	-47.960
1167	263.539	-48.124
1168	263.577	-47.956
1169	263.634	-48.657
1170	263.932	-48.449
1171	264.120	-48.152
1172	264.168	-48.414
1173	264.192	-48.394
1174	264.250	-47.564
1175	264.258	-48.577
1176	264.270	-47.997
1177	264.297	-48.678
1178	264.380	-47.981
1179	264.497	-48.706
1180	265.033	-48.784
1181	266.907	-47.629
1182	268.241	-47.938
1183	268.333	-48.257
1184	268.679	-48.735
1185	268.702	-48.197
1186	268.923	-26.945
1187	268.968	-48.692
1188	270.040	-13.573
1189	270.062	-48.062
1190	270.124	-48.089
1191	270.216	-49.084
1192	270.272	-48.712
1193	270.339	-47.284
1194	270.526	-49.324
1195	270.569	-48.238
1196	270.657	-47.701
1197	270.812	-47.821
1198	271.480	-48.255
1199	271.515	-47.609
1200	271.521	-47.425
1201	271.545	-47.470
1202	271.647	-48.757
1203	271.689	-47.733
1204	271.707	-48.126
1205	271.733	-48.003
1206	272.082	-47.923
1207	272.086	-47.664
1208	272.132	-46.723
1209	272.135	-47.786
1210	272.194	-48.418
1211	272.350	-48.351
1212	272.467	-47.844
1213	272.669	-48.471
1214	273.009	-47.764
1215	273.104	-47.964
1216	273.118	-48.379
1217	273.161	-47.872
1218	273.336	-48.115
1219	273.392	-49.221
1220	273.448	-47.001
1221	273.478	-49.191
1222	273.640	-48.054
1223	273.643	-48.079
1224	273.722	-48.199
1225	273.738	-49.450
1226	273.809	-47.827
1227	274.017	-47.506
1228	274.130	-48.169
1229	274.501	-48.154
1230	274.614	-48.187
1231	274.679	-48.158
1232	274.710	-48.118
1233	274.761	-47.684
1234	274.822	-47.692
1235	274.844	-48.340
1236	274.872	-47.343
1237	275.031	-48.052
1238	275.240	-47.880
1239	275.674	-50.262
1240	275.789	-48.661
1241	275.798	-47.880
1242	275.918	-17.712
1243	276.131	-49.074
1244	276.309	-48.385
1245	276.347	-48.171
1246	276.368	-48.126
1247	276.377	-47.275
1248	276.487	-49.927
1249	276.740	-48.984
1250	276.825	-47.502
1251	276.853	-47.954
1252	276.937	-48.069
1253	276.942	-48.573
1254	277.042	-49.131
1255	277.189	-46.464
1256	277.303	-47.674
1257	277.333	-47.909
1258	277.536	-47.347
1259	277.632	-47.944
1260	277.786	-47.093
1261	278.456	-48.904
1262	278.620	-47.034
1263	278.654	-48.269
1264	278.707	-47.760
1265	278.737	-48.234
1266	278.957	28.736
1267	279.446	-48.626
1268	279.840	-47.948
1269	279.880	-48.524
1270	279.965	-49.066
1271	280.013	-48.295
1272	280.018	-47.878
1273	281.608	-48.428
1274	282.296	-47.782
1275	283.001	-48.502
1276	283.349	-48.782
1277	285.964	-48.087
1278	286.529	9.550
1279	287.101	-48.449
1280	287.152	-48.721
1281	287.209	-48.385
1282	287.313	-48.150
1283	287.433	-50.454
1284	287.563	-47.829
1285	287.643	-47.046
1286	287.650	-47.999
1287	288.457	-47.649
1288	288.595	-48.657
1289	288.678	-48.917
1290	288.685	-48.373
1291	288.735	-48.216
1292	288.942	-48.782
1293	289.640	-47.987
1294	289.758	-48.735
1295	290.091	-48.788
1296	290.947	-48.230
1297	291.009	-48.524
1298	291.078	-48.588
1299	291.125	-48.643
1300	291.146	-47.455
1301	291.184	-47.390
1302	291.362	-48.438
1303	291.423	-48.389
1304	291.493	-49.182
1305	291.574	-48.843
1306	291.650	-48.700
1307	291.715	-47.731
1308	291.747	-48.115
1309	292.055	-47.504
1310	292.360	-47.921
1311	292.621	-48.216
1312	292.682	-49.301
1313	293.056	-13.695
1314	293.104	-49.593
1315	293.227	-47.872
1316	293.380	-48.267
1317	293.573	-48.073
1318	294.010	-48.028
1319	294.628	-47.688
1320	294.868	-36.703
1321	295.391	-48.430
1322	295.538	-48.549
1323	295.906	-44.299
1324	296.217	-49.828
1325	296.231	-47.607
1326	296.461	-48.019
1327	296.845	-47.981
1328	296.852	-48.261
1329	296.936	-48.894
1330	296.949	-48.637
1331	297.018	-48.436
1332	297.048	-50.033
1333	297.074	-47.120
1334	297.091	-48.533
1335	297.095	-48.543
1336	297.127	-49.522
1337	297.167	-47.619
1338	297.206	-48.729
1339	297.304	-48.169
1340	297.336	-48.046
1341	297.408	-48.582
1342	297.416	-48.766
1343	297.433	-47.872
1344	299.249	-47.707
1345	301.057	-48.163
1346	301.113	-48.287
1347	301.199	-48.426
1348	301.302	-48.504
1349	301.349	-48.902
1350	301.644	-47.613
1351	303.661	-49.700
1352	304.397	-46.983
1353	305.342	-47.813
1354	306.034	-47.944
1355	306.096	-47.760
1356	306.187	-48.028
1357	306.241	-48.847
1358	306.278	-47.876
1359	306.404	-48.383
1360	306.574	-48.163
1361	306.609	-48.485
1362	307.075	-47.901
1363	307.187	-47.551
1364	307.287	-48.162
1365	307.593	-48.314
1366	307.712	-49.642
1367	307.714	-48.103
1368	308.136	-49.109
1369	308.671	-20.598
1370	310.013	-48.669
1371	310.144	-48.271
1372	310.416	-46.989
1373	310.547	-46.266
1374	310.668	-48.238
1375	310.679	-48.947
1376	310.705	-14.764
1377	310.729	-47.858
1378	311.143	-48.541
1379	314.445	-48.009
1380	315.218	-48.563
1381	315.302	-48.297
1382	315.502	-48.627
1383	317.774	-47.891
1384	317.798	-48.447
1385	317.921	-47.993
1386	317.988	-48.735
1387	318.167	-47.860
1388	318.488	-47.433
1389	318.701	-48.312
1390	319.157	-48.430
1391	319.397	-47.866
1392	319.517	-48.782
1393	319.529	-49.534
1394	319.618	-48.700
1395	319.646	-48.163
1396	319.670	-49.264
1397	319.716	-48.361
1398	319.799	-48.244
1399	319.936	-48.326
1400	320.031	-47.069
1401	320.054	-48.340
1402	321.028	-48.134
1403	321.161	-48.808
1404	321.410	-48.616
1405	321.566	-48.197
1406	322.497	-48.704
1407	322.902	-47.907
1408	322.904	-47.780
1409	323.069	-49.646
1410	323.182	-48.136
1411	323.209	-48.324
1412	323.405	-48.379
1413	323.600	-48.050
1414	324.154	-48.355
1415	324.343	-48.318
1416	324.390	-48.134
1417	324.431	-47.976
1418	324.520	-47.743
1419	325.527	-47.854
1420	325.810	-46.039
1421	326.595	-47.715
1422	328.275	11.774
1423	328.319	-49.080
1424	329.394	-48.097
1425	329.667	-48.794
1426	329.722	-48.698
1427	329.734	-48.348
1428	329.749	-47.766
1429	329.790	-47.316
1430	329.880	-48.522
1431	329.927	-47.502
1432	330.521	-48.659
1433	330.693	-48.146
1434	330.946	-47.421
1435	330.999	-48.633
1436	331.304	-47.394
1437	331.477	-48.091
1438	331.586	-48.526
1439	332.186	-48.804
1440	332.227	-48.381
1441	332.244	-48.116
1442	332.290	-47.169
1443	332.293	-48.001
1444	332.598	-48.302
1445	332.700	-48.160
1446	332.780	-49.113
1447	332.981	-48.962
1448	333.030	-48.596
1449	333.033	-44.681
1450	333.073	-48.543
1451	333.129	-0.591
1452	333.480	-48.118
1453	333.492	-47.699
1454	333.566	-48.060
1455	333.703	-48.281
1456	334.037	-48.772
1457	334.092	-47.500
1458	334.127	-48.731
1459	334.139	-48.144
1460	334.149	-48.888
1461	334.272	-47.893
1462	334.279	-47.349
1463	334.394	-48.394
1464	334.502	-48.913
1465	334.541	-48.604
1466	334.569	-48.338
1467	334.573	-48.710
1468	334.643	-48.872
1469	334.653	-48.555
1470	334.697	-48.532
1471	334.797	-49.003
1472	334.814	-49.170
1473	334.843	-48.645
1474	334.933	-48.485
1475	335.075	-48.627
1476	335.111	-49.031
1477	335.137	-48.124
1478	335.163	-47.983
1479	335.193	-47.748
1480	335.291	-47.803
1481	335.379	-47.527
1482	335.913	-48.162
1483	336.019	-48.487
1484	336.381	-48.467
1485	336.410	-42.470
1486	336.528	-45.213
1487	337.005	-47.639
1488	337.431	-48.134
1489	340.388	-49.039
1490	340.551	-47.905
1491	340.575	-47.852
1492	340.727	-49.025
1493	340.774	-48.514
1494	340.843	-47.891
1495	340.860	-48.905
1496	341.040	-48.177
1497	341.057	-49.048
1498	341.078	-49.166
1499	341.258	-48.606
1500	341.687	-48.855
1501	342.329	-46.864
1502	342.449	-48.770
1503	342.485	-48.637
1504	342.687	-47.698
1505	343.535	-47.860
1506	347.584	-48.126
1507	347.631	-49.763
1508	348.136	-49.528
1509	348.159	-48.610
1510	348.194	-48.976
1511	348.349	-47.833
1512	348.419	-48.079
1513	348.737	-48.250
1514	349.264	-48.424
1515	349.758	-48.925
1516	349.839	-47.343
1517	349.917	-49.138
1518	350.074	-48.539
1519	350.100	-48.430
1520	350.108	-48.579
1521	350.210	-48.277
1522	350.300	-48.320
1523	351.556	-48.577
1524	351.671	-49.095
1525	351.802	-48.855
1526	351.818	-48.682
1527	352.098	-49.058
1528	352.254	-48.122
1529	352.270	-48.387
1530	352.331	-48.242
1531	352.346	-47.868
1532	353.306	-49.138
1533	353.333	-47.543
1534	353.356	-48.426
1535	353.375	-47.791
1536	353.454	-48.269
1537	353.461	-49.270
1538	353.462	-49.761
1539	353.544	-48.637
1540	353.553	-48.545
1541	353.568	-48.843
1542	353.647	-48.291
1543	353.673	-49.796
1544	353.877	-48.314
1545	353.977	-48.230
1546	354.127	-49.677
1547	354.255	-49.507
1548	354.346	-47.658
1549	355.530	-48.786
1550	355.667	-48.753
1551	356.104	-48.594
1552	356.169	-49.354
1553	356.174	-48.547
1554	356.271	-49.203
1555	356.320	-48.671
1556	356.337	-48.723
1557	356.393	-49.432
1558	356.400	-48.340
1559	356.591	-48.743
1560	356.617	-49.191
1561	356.794	-48.737
1562	357.073	-48.727
1563	357.224	-48.980
1564	357.227	-50.019
1565	357.551	-49.264
1566	357.763	-48.972
1567	357.876	-48.299
1568	358.001	-48.457
1569	358.434	-48.751
1570	358.485	-49.244
1571	358.636	-48.377
1572	359.510	-35.538
1573	360.431	-47.521
1574	361.345	-48.332
1575	361.554	-23.388
1576	361.728	-46.392
1577	361.937	-48.424
1578	361.997	-48.635
1579	362.267	-47.701
1580	363.325	-48.958
1581	363.363	-48.723
1582	363.892	-47.513
1583	364.287	-48.733
1584	364.414	-48.618
1585	364.447	-48.898
1586	364.673	-46.709
1587	364.881	-48.954
1588	364.899	-48.768
1589	364.908	-48.806
1590	365.074	-48.661
1591	365.115	-48.064
1592	366.201	-49.215
1593	366.290	-48.528
1594	366.389	5.337
1595	366.413	-48.802
1596	366.431	-48.665
1597	366.703	-48.487
1598	366.742	-49.215
1599	366.747	-48.569
1600	366.780	-48.827
1601	366.901	-48.618
1602	366.940	-48.586
1603	367.136	-48.375
1604	367.150	-48.246
1605	367.164	-48.473
1606	367.238	-49.332
1607	367.582	-47.316
1608	368.102	-48.545
1609	368.182	1.345
1610	368.435	-48.858
1611	368.439	-48.747
1612	368.455	-48.465
1613	368.464	-48.925
1614	368.492	-48.974
1615	368.495	-49.268
1616	368.510	-47.271
1617	368.526	-49.393
1618	368.530	-49.266
1619	368.597	-48.723
1620	368.626	-48.735
1621	368.723	-48.162
1622	368.813	-48.469
1623	368.818	-48.522
1624	368.888	-49.027
1625	368.947	-48.277
1626	369.016	-49.201
1627	369.114	-48.696
1628	369.134	-48.537
1629	369.171	-48.019
1630	369.183	-49.595
1631	369.236	-48.931
1632	369.247	-48.686
1633	369.307	-48.457
1634	369.339	-48.265
1635	369.343	-49.510
1636	369.481	-47.637
1637	369.580	-47.964
1638	369.724	-48.880
1639	369.885	-20.837
1640	370.197	-48.502
1641	371.699	-48.342
1642	371.909	-49.013
1643	371.974	-49.144
1644	372.180	-49.021
1645	372.218	-49.103
1646	372.380	-44.179
1647	372.472	-48.467
1648	372.492	-48.710
1649	372.569	-48.030
1650	372.602	-48.696
1651	372.727	-48.510
1652	372.844	-48.156
1653	372.938	-48.269
1654	373.114	-48.698
1655	373.177	-47.674
1656	373.256	-47.977
1657	373.352	-48.068
1658	373.400	-48.849
1659	373.405	-47.578
1660	373.459	-48.101
1661	373.479	-48.218
1662	373.493	-48.694
1663	373.538	-48.277
1664	373.720	-48.729
1665	373.824	-46.676
1666	373.892	-49.587
1667	373.944	-47.310
1668	374.151	-47.815
1669	374.186	-48.710
1670	374.257	-48.575
1671	374.686	-49.266
1672	374.858	-49.060
1673	375.884	-49.366
1674	375.922	-48.684
1675	376.844	-49.369
1676	376.913	-49.528
1677	377.134	-48.371
1678	377.266	-48.837
1679	377.735	-49.877
1680	377.869	-46.924
1681	377.893	-48.921
1682	378.088	-49.303
1683	378.135	-49.262
1684	378.355	-48.960
1685	378.556	-48.661
1686	378.585	-48.708
1687	378.597	-48.365
1688	378.601	-48.492
1689	378.699	-48.892
1690	378.862	-48.209
1691	378.947	-48.257
1692	379.282	-49.788
1693	379.315	-47.833
1694	379.396	-49.937
1695	380.482	-48.394
1696	380.635	27.658
1697	380.688	-48.101
1698	380.709	-48.017
1699	380.724	-48.254
1700	380.768	-49.250
1701	380.789	-48.473
1702	380.992	-48.929
1703	381.082	-48.322
1704	381.221	-49.432
1705	381.326	-48.075
1706	381.520	-48.440
1707	381.532	-48.414
1708	381.650	-50.192
1709	381.929	-48.291
1710	382.134	-48.383
1711	382.166	-48.827
1712	382.236	-48.201
1713	382.389	-48.471
1714	382.495	-48.440
1715	382.814	-47.510
1716	383.073	-48.250
1717	384.739	-48.091
1718	384.765	-49.234
1719	384.807	-48.438
1720	384.936	-47.760
1721	385.186	-35.373
1722	385.235	-47.780
1723	385.643	-48.518
1724	385.722	-47.938
1725	385.766	-48.950
1726	385.927	-48.806
1727	386.395	-48.430
1728	386.398	-48.522
1729	386.602	-49.068
1730	386.654	-48.026
1731	386.963	-47.427
1732	387.034	-48.130
1733	387.163	-48.457
1734	387.211	-48.394
1735	388.342	-48.622
1736	388.588	-47.134
1737	389.290	-48.267
1738	390.687	-48.075
1739	390.706	-48.577
1740	390.832	-48.071
1741	391.003	-49.606
1742	391.054	-48.357
1743	391.073	-47.602
1744	391.232	-47.909
1745	391.282	-48.066
1746	391.284	-48.387
1747	391.356	-47.163
1748	391.359	-47.719
1749	391.439	-49.144
1750	391.465	-47.934
1751	391.531	-47.876
1752	391.646	-47.633
1753	392.202	-48.124
1754	392.402	-46.670
1755	393.258	-47.568
1756	393.263	-47.915
1757	393.526	-48.690
1758	393.624	-47.694
1759	393.737	-48.271
1760	394.057	-49.397
1761	394.071	-47.012
1762	395.059	-48.831
1763	395.065	-47.629
1764	395.116	-47.500
1765	395.162	-48.768
1766	395.164	-49.170
1767	395.185	-48.066
1768	395.206	-48.136
1769	396.354	-48.175
1770	398.039	-48.081
1771	399.330	-47.492
1772	400.002	-48.083
1773	400.103	-48.753
1774	400.197	-47.232
1775	400.293	-49.315
1776	400.432	-47.981
1777	400.527	-48.526
1778	400.799	-48.496
1779	401.106	-48.242
1780	401.798	-47.582
1781	401.977	-48.236
1782	402.009	-47.968
1783	402.083	-48.876
1784	402.460	-47.932
1785	402.860	-49.058
1786	402.987	-47.966
1787	403.036	-48.069
1788	403.098	-48.346
1789	403.308	-48.089
1790	403.494	-48.232
1791	403.525	-46.026
1792	403.526	-49.604
1793	403.822	-48.651
1794	404.166	-48.148
1795	404.395	-46.864
1796	404.555	-48.457
1797	404.578	-48.393
1798	404.835	-47.564
1799	404.904	-47.721
1800	405.129	-47.380
1801	405.216	-49.878
1802	405.221	-48.312
1803	405.614	-48.847
1804	405.710	-48.665
1805	405.721	-47.568
1806	405.852	-48.874
1807	405.889	-48.943
1808	405.902	-48.469
1809	406.157	-47.954
1810	406.432	-49.301
1811	406.559	-48.230
1812	406.625	-22.385
1813	406.664	-47.670
1814	407.151	-48.731
1815	407.176	-48.909
1816	407.273	-48.011
1817	407.509	-47.987
1818	407.554	-47.803
1819	407.558	-48.207
1820	407.745	-47.627
1821	407.763	-48.614
1822	407.818	-48.414
1823	407.891	-38.318
1824	407.998	-49.411
1825	408.139	-48.488
1826	408.214	-47.893
1827	408.249	-48.299
1828	408.363	-48.518
1829	408.410	-47.394
1830	408.707	-48.453
1831	409.014	-48.228
1832	409.467	-48.158
1833	409.504	-48.490
1834	410.057	-48.678
1835	410.113	-48.342
1836	410.775	-47.885
1837	411.788	-48.163
1838	412.235	-48.109
1839	413.102	-47.874
1840	413.118	-46.952
1841	413.477	-48.111
1842	413.692	-48.420
1843	413.764	-48.512
1844	413.860	-48.267
1845	413.958	-48.833
1846	414.030	-48.357
1847	414.118	-49.673
1848	414.265	-47.625
1849	414.872	-47.927
1850	414.961	-49.338
1851	415.534	-48.109
1852	415.659	-27.685
1853	415.981	-47.850
1854	416.192	-49.800
1855	416.311	-47.617
1856	416.374	-48.943
1857	416.408	-48.982
1858	416.452	20.024
1859	416.757	-48.706
1860	417.635	-48.447
1861	417.769	-48.798
1862	417.797	-48.737
1863	418.063	-47.756
1864	419.127	-47.470
1865	419.390	-48.549
1866	419.593	-48.357
1867	419.876	-47.380
1868	419.913	-48.171
1869	420.290	-48.866
1870	420.577	-15.580
1871	421.114	-49.209
1872	421.178	-47.942
1873	421.288	-49.330
1874	421.291	-48.931
1875	421.421	-49.322
1876	421.542	-49.197
1877	421.807	-48.467
1878	421.896	-48.522
1879	422.043	-47.429
1880	422.405	-49.309
1881	422.547	-47.437
1882	422.753	-48.819
1883	422.861	-47.974
1884	423.291	-48.475
1885	423.300	-26.315
1886	423.398	-48.810
1887	423.871	-48.731
1888	424.209	-48.704
1889	424.477	-48.945
1890	425.801	-48.551
1891	425.875	-48.459
1892	425.990	-48.735
1893	426.032	38.036
1894	426.088	-48.281
1895	426.348	-48.340
1896	426.411	-48.676
1897	426.433	-48.886
1898	426.529	-46.497
1899	426.558	-48.087
1900	426.596	-48.651
1901	426.603	-47.825
1902	426.666	-46.957
1903	426.672	-48.627
1904	426.693	-48.492
1905	426.777	-48.841
1906	426.819	-48.725
1907	426.851	-48.295
1908	427.013	-49.172
1909	427.091	-49.136
1910	427.435	-47.797
1911	427.912	-48.559
1912	428.217	-48.647
1913	428.810	-48.831
1914	428.855	-49.334
1915	428.911	-48.418
1916	428.993	-48.369
1917	429.036	-48.320
1918	429.045	-48.917
1919	429.344	-48.990
1920	429.477	-48.784
1921	429.951	-48.418
1922	430.322	-48.645
1923	430.389	-48.459
1924	430.825	-47.993
1925	430.970	-49.050
1926	431.082	-49.315
1927	431.205	-48.083
1928	431.391	-48.766
1929	431.433	-48.643
1930	431.622	-48.629
1931	431.631	-48.197
1932	431.739	-49.050
1933	433.276	-48.383
1934	433.315	-46.815
1935	433.323	-47.831
1936	433.433	-48.514
1937	433.514	-47.807
1938	433.573	-48.375
1939	433.702	-48.829
1940	433.727	-48.506
1941	434.124	-48.422
1942	434.368	-48.688
1943	434.373	-49.013
1944	434.417	-48.283
1945	434.503	-50.155
1946	434.609	-48.945
1947	434.697	-48.349
1948	434.849	-46.944
1949	434.984	-46.646
1950	435.102	-48.866
1951	435.336	-48.056
1952	435.346	-48.532
1953	435.439	-48.782
1954	435.771	-47.844
1955	435.970	-49.330
1956	436.008	-48.741
1957	436.128	-48.804
1958	436.191	-48.876
1959	436.261	-48.522
1960	436.284	-48.261
1961	436.307	-48.508
1962	436.312	-48.992
1963	436.318	-48.230
1964	436.344	-48.003
1965	436.355	-48.209
1966	436.383	-47.764
1967	436.414	-48.075
1968	436.424	-48.886
1969	436.498	-49.127
1970	436.532	-48.712
1971	436.565	-48.886
1972	436.571	-49.240
1973	436.574	-48.749
1974	436.591	-48.514
1975	436.641	-48.445
1976	436.660	-49.405
1977	436.680	-48.565
1978	436.692	-48.915
1979	436.696	-48.780
1980	436.746	-48.778
1981	436.758	-48.551
1982	436.781	-47.737
1983	436.797	-48.438
1984	436.803	-49.413
1985	436.895	-48.541
1986	436.972	-47.999
1987	437.252	-48.524
1988	437.438	-49.095
1989	437.487	-49.395
1990	438.265	-48.686
1991	438.375	46.885
1992	438.411	-47.672
1993	438.429	-48.453
1994	438.528	-48.870
1995	438.547	-49.080
1996	438.613	-47.917
1997	438.681	-47.447
1998	438.689	-48.199
1999	438.708	-48.504
2000	438.787	-47.543
