DXEX v3
C:\Documents and Settings\LDA\My Documents\TM_SANTOS\Equipo_5\Trailer.lda
3:13:17 PM
0.00 mm;0.00 mm;1.00 mm
Region1
"Row#"	"AT [ms]"	"LDA1 [m/s]"	
1	0.425	-48.224
2	0.446	-48.412
3	4.408	-47.500
4	4.483	-48.428
5	4.569	-46.746
6	4.658	-48.103
7	4.678	-47.384
8	4.726	-48.152
9	4.889	-46.954
10	5.041	-47.188
11	5.513	-47.373
12	5.689	-41.675
13	5.804	-47.004
14	6.283	-47.606
15	6.370	-47.032
16	6.824	-48.216
17	6.869	-47.468
18	7.301	-47.976
19	7.740	-45.597
20	7.771	-47.265
21	7.773	-47.508
22	7.777	-48.612
23	7.805	-47.408
24	7.869	-46.813
25	8.419	-48.692
26	8.445	-47.647
27	8.661	-47.815
28	9.259	-47.699
29	9.424	-47.623
30	9.529	-47.451
31	10.240	-47.840
32	10.507	-47.576
33	10.769	-48.216
34	10.792	-46.754
35	11.000	-47.835
36	11.023	-48.408
37	11.056	-48.800
38	11.243	-47.441
39	11.265	-47.067
40	11.294	-47.962
41	11.449	-47.958
42	11.501	-46.887
43	11.532	-46.394
44	11.568	-47.187
45	11.579	-48.328
46	12.106	-47.151
47	12.654	-47.386
48	12.713	-47.723
49	14.335	-48.680
50	14.532	-47.161
51	14.780	-47.795
52	15.032	-47.707
53	15.199	-47.868
54	15.537	-48.475
55	15.720	-48.036
56	15.737	-47.243
57	16.259	-47.635
58	16.632	-44.937
59	17.633	-47.907
60	17.718	-47.713
61	17.755	-47.962
62	17.995	-47.962
63	18.006	-48.455
64	18.062	-48.810
65	18.066	-47.884
66	18.090	-47.206
67	18.274	-47.613
68	18.487	-48.506
69	18.507	-47.374
70	18.521	-47.797
71	18.577	-46.944
72	18.664	-47.913
73	18.686	-47.034
74	18.710	-47.649
75	18.815	-44.696
76	18.834	-40.973
77	18.862	-47.510
78	19.019	-47.815
79	19.086	-39.551
80	19.464	-47.429
81	19.558	-49.195
82	20.387	-48.252
83	20.400	-46.435
84	20.423	-47.521
85	20.476	-48.040
86	20.538	-47.823
87	20.735	-47.786
88	20.754	-49.667
89	20.820	-48.232
90	20.947	-46.683
91	21.384	-47.341
92	21.474	-48.232
93	21.731	-47.762
94	21.736	-49.123
95	21.804	-48.021
96	22.025	-47.143
97	22.128	-48.851
98	22.176	-48.355
99	22.196	-51.206
100	22.233	-48.201
101	22.240	-49.978
102	22.660	-47.465
103	22.801	-47.668
104	22.803	-47.901
105	23.042	-48.526
106	23.126	-47.519
107	23.135	-48.400
108	23.255	-48.569
109	23.306	-48.659
110	23.340	-47.290
111	23.485	-48.299
112	23.522	-48.533
113	23.577	-47.670
114	23.718	-47.214
115	23.747	-48.447
116	23.861	-4.568
117	23.989	-48.001
118	24.005	-47.970
119	24.087	-47.868
120	24.170	-48.036
121	24.293	-46.143
122	24.464	-48.263
123	24.645	-30.624
124	24.656	-47.858
125	24.772	-47.919
126	24.795	-48.191
127	24.833	-48.068
128	24.870	-47.537
129	25.009	-47.586
130	25.028	-46.599
131	25.132	-48.003
132	25.214	-47.772
133	25.240	-47.889
134	25.250	-48.099
135	25.283	-47.711
136	25.318	-47.844
137	25.319	-47.566
138	25.333	-48.069
139	25.358	-47.701
140	25.592	-48.261
141	25.614	-48.034
142	25.723	-39.518
143	25.860	-48.207
144	26.119	-47.927
145	26.174	-48.745
146	26.354	-48.919
147	26.664	-48.113
148	28.810	-47.500
149	33.088	-49.123
150	33.519	-47.891
151	33.751	-48.103
152	33.998	-48.005
153	34.044	-46.715
154	34.182	-47.641
155	34.184	-47.791
156	34.361	-31.573
157	34.945	-47.537
158	34.982	-48.761
159	35.054	-47.964
160	35.244	-49.908
161	35.253	-48.130
162	35.313	-47.339
163	35.350	-47.629
164	35.953	-47.948
165	37.163	-47.684
166	37.362	-46.777
167	37.643	-47.429
168	37.983	-48.708
169	38.342	-48.040
170	38.505	-47.860
171	39.078	-48.283
172	39.392	-48.081
173	39.711	-20.782
174	39.859	-47.652
175	39.941	-48.792
176	40.475	-48.837
177	40.581	-48.461
178	40.767	-48.091
179	40.821	-48.136
180	41.374	-47.993
181	41.502	-46.229
182	41.561	-48.367
183	41.633	-48.126
184	41.639	-48.132
185	41.659	-47.619
186	41.782	-47.768
187	41.823	-48.101
188	41.930	-30.395
189	41.940	-48.678
190	42.212	-48.880
191	42.273	-49.072
192	42.299	-47.788
193	42.319	-48.154
194	42.366	-47.764
195	42.400	-48.330
196	42.413	-48.191
197	42.419	-48.349
198	42.499	-49.019
199	42.567	-47.936
200	42.601	-47.705
201	42.608	-47.096
202	42.622	-48.069
203	42.654	-47.930
204	42.673	-47.997
205	43.142	-47.502
206	43.442	-47.420
207	43.492	-48.101
208	43.593	-48.156
209	43.619	-48.140
210	43.678	-47.672
211	43.740	-48.479
212	43.746	-47.754
213	43.750	-47.369
214	43.780	-48.134
215	43.957	-45.902
216	43.963	-47.850
217	43.977	-47.386
218	44.003	-47.829
219	44.076	-47.418
220	44.131	-46.805
221	44.140	-47.795
222	44.165	-48.831
223	44.632	-47.838
224	45.095	-48.289
225	45.362	-48.062
226	46.889	-48.414
227	46.906	-47.398
228	46.941	-48.154
229	47.014	-49.436
230	47.080	-48.567
231	51.397	-49.064
232	51.649	-47.110
233	52.200	-44.293
234	52.262	-48.314
235	52.295	-31.064
236	52.313	-48.465
237	52.465	-48.475
238	52.486	-47.568
239	52.611	-47.878
240	52.681	-47.114
241	54.929	-47.846
242	55.009	-48.099
243	55.208	-48.590
244	55.248	-48.042
245	55.421	-47.842
246	56.060	-48.085
247	56.213	-47.803
248	56.324	-48.246
249	56.444	-47.762
250	56.471	-47.962
251	57.963	-47.431
252	60.846	-47.488
253	62.540	-47.854
254	62.622	-48.250
255	62.672	-48.109
256	62.707	-48.228
257	62.756	-48.154
258	63.046	-47.181
259	63.214	-47.813
260	63.300	-48.471
261	63.349	-47.925
262	63.388	-48.044
263	63.507	-47.860
264	63.516	-48.735
265	63.581	-47.842
266	63.693	-48.285
267	63.714	-47.118
268	63.754	-47.431
269	63.769	-48.222
270	63.830	-48.445
271	63.950	-47.813
272	64.006	-47.987
273	64.247	-47.580
274	64.262	-47.202
275	65.162	-48.633
276	65.176	-48.248
277	65.198	-46.889
278	65.272	-48.079
279	65.413	-47.940
280	65.678	-48.943
281	65.786	-47.791
282	66.216	-48.596
283	66.220	-48.103
284	68.328	-47.547
285	68.354	-47.885
286	68.359	-48.483
287	69.064	-47.919
288	70.242	-48.044
289	70.331	-47.639
290	74.709	-48.212
291	75.789	-47.188
292	75.826	-47.557
293	75.842	-48.099
294	75.978	-47.324
295	76.179	-47.298
296	76.291	-48.244
297	76.312	-47.555
298	76.315	-47.874
299	76.366	-47.750
300	76.370	-47.911
301	76.455	-47.621
302	76.468	-47.946
303	76.502	-47.932
304	76.513	-47.703
305	76.523	-46.221
306	76.624	-47.948
307	76.643	-49.411
308	76.694	-47.762
309	76.780	-47.547
310	77.082	-47.979
311	77.104	-47.707
312	77.153	-47.809
313	77.176	-47.809
314	77.327	-47.840
315	77.373	-47.766
316	77.376	-47.962
317	77.447	-47.545
318	77.497	-47.651
319	77.547	-48.326
320	77.549	-47.396
321	77.585	-47.921
322	77.591	-47.819
323	77.690	-46.370
324	77.728	-48.003
325	77.856	-48.324
326	78.091	-48.111
327	78.152	-47.294
328	79.254	-47.472
329	79.524	-47.737
330	79.563	-48.210
331	79.606	-47.705
332	79.660	-48.019
333	80.271	-47.979
334	80.322	-48.044
335	80.337	-47.161
336	80.378	-47.907
337	80.434	-48.328
338	80.475	-49.385
339	80.590	-48.052
340	80.725	-46.294
341	80.783	-47.791
342	80.947	-47.735
343	80.979	-45.262
344	81.018	-47.353
345	81.027	-47.705
346	81.090	-47.954
347	81.113	-47.756
348	81.115	-48.252
349	81.177	-47.607
350	81.189	-47.737
351	81.317	-48.508
352	81.322	-47.649
353	81.362	-49.563
354	81.657	-47.899
355	81.718	-47.147
356	81.790	-47.606
357	81.792	-47.559
358	82.012	-48.326
359	82.016	-48.246
360	82.097	-47.823
361	82.255	-47.819
362	84.509	-48.535
363	84.722	-48.369
364	85.015	-48.622
365	85.544	-2.255
366	86.367	20.615
367	86.895	-48.336
368	87.704	-31.559
369	88.819	3.974
370	89.634	-45.753
371	89.724	-47.850
372	89.872	-47.212
373	90.118	-47.353
374	90.280	-47.555
375	90.329	-47.868
376	90.364	-47.134
377	90.381	-48.044
378	90.550	-47.373
379	90.584	-46.711
380	90.638	-47.359
381	90.809	-47.611
382	90.938	-48.167
383	91.090	-48.089
384	91.175	-47.791
385	91.438	-47.018
386	93.535	-47.343
387	93.692	-47.989
388	94.372	-48.322
389	94.926	25.933
390	94.985	-36.885
391	95.450	-48.115
392	95.720	-48.434
393	96.098	-47.453
394	96.129	-48.306
395	96.143	-48.839
396	96.474	-47.257
397	96.718	-48.432
398	96.763	-47.384
399	96.908	-47.981
400	97.003	-48.271
401	97.005	-47.987
402	97.036	-48.254
403	97.081	-48.336
404	97.112	-47.903
405	97.170	-48.275
406	97.244	-49.342
407	97.362	-47.852
408	97.366	-47.772
409	97.454	-17.542
410	98.605	-47.923
411	98.678	-47.420
412	98.703	-49.041
413	98.769	-48.438
414	98.812	-48.579
415	98.912	-47.844
416	99.030	-47.860
417	99.035	-49.317
418	99.039	-48.179
419	99.080	-48.440
420	99.117	-47.985
421	99.139	-47.396
422	99.206	-47.077
423	99.235	-48.992
424	99.248	-48.158
425	99.267	-47.993
426	99.344	-48.535
427	99.368	-48.189
428	99.381	-48.040
429	99.521	-47.768
430	99.553	-47.790
431	99.569	-48.216
432	99.969	-47.678
433	100.221	-47.786
434	100.435	-47.277
435	100.963	-48.179
436	100.988	-47.355
437	101.205	-48.440
438	101.252	-48.185
439	101.320	-49.698
440	101.333	-47.584
441	101.352	-47.885
442	101.397	-47.946
443	101.536	-46.554
444	101.552	-48.269
445	101.563	-48.111
446	101.571	-47.602
447	101.620	-48.657
448	101.633	-47.277
449	101.720	-49.136
450	101.723	-47.909
451	101.742	-48.056
452	101.763	-48.205
453	101.768	-47.647
454	101.794	-47.723
455	101.822	-47.670
456	101.864	-49.005
457	101.894	-47.952
458	101.904	-49.156
459	101.939	-48.661
460	102.014	-48.792
461	102.037	-48.551
462	102.043	-48.336
463	102.111	-48.118
464	102.134	-47.954
465	102.231	-48.222
466	102.282	-47.960
467	102.329	-48.234
468	102.362	-48.001
469	102.373	-48.833
470	102.378	-48.130
471	102.479	-47.649
472	102.486	-48.346
473	102.501	-48.007
474	102.547	-47.431
475	102.564	-48.784
476	102.583	-47.944
477	102.616	-48.115
478	102.623	-48.095
479	102.639	-48.813
480	102.696	-48.115
481	102.766	-46.975
482	102.795	-48.978
483	102.844	-48.344
484	102.899	-48.179
485	102.965	-47.823
486	102.975	-48.684
487	103.010	-48.275
488	103.032	-48.234
489	103.106	-47.433
490	103.108	-47.682
491	103.144	-47.721
492	103.179	-48.085
493	103.195	-47.784
494	103.199	-47.564
495	103.227	-47.159
496	103.246	-48.351
497	103.250	-48.567
498	103.255	-47.774
499	103.341	-48.120
500	103.355	-47.970
501	103.410	-48.093
502	103.471	-47.721
503	103.477	-48.154
504	103.483	-48.105
505	103.506	-48.616
506	103.561	-48.373
507	103.579	-47.363
508	103.588	-48.338
509	103.590	-48.608
510	103.595	-47.290
511	103.599	-48.334
512	103.607	-47.474
513	103.631	-48.672
514	103.660	-47.799
515	103.706	-48.224
516	103.734	-48.220
517	103.759	-48.404
518	103.843	-47.228
519	104.389	-48.011
520	104.414	-48.424
521	104.425	-46.873
522	104.442	-47.057
523	104.459	-46.196
524	104.619	-48.496
525	104.784	-47.934
526	104.903	-46.969
527	105.030	-47.300
528	105.056	-48.418
529	105.070	-45.902
530	105.125	-49.236
531	105.155	-47.652
532	105.175	-49.287
533	105.228	-48.068
534	105.246	-47.917
535	105.295	-48.988
536	105.322	-47.559
537	105.378	-49.227
538	105.401	-48.109
539	105.435	-48.019
540	105.691	-46.828
541	105.977	-48.443
542	106.009	-48.271
543	106.082	-47.719
544	106.737	-47.003
545	107.023	-28.560
546	107.989	-48.042
547	108.393	-48.154
548	108.660	-47.355
549	108.707	-43.631
550	109.005	-48.698
551	109.354	-47.760
552	109.365	-48.187
553	109.395	-48.904
554	109.412	-47.592
555	109.676	-48.383
556	109.693	-47.625
557	109.712	-47.944
558	109.763	-48.393
559	109.917	-48.404
560	109.923	-26.381
561	110.317	-47.878
562	110.392	-48.083
563	110.605	-48.394
564	110.733	-49.113
565	110.847	-27.712
566	110.865	-48.819
567	110.966	-48.334
568	111.014	-47.578
569	111.042	-24.793
570	111.116	-29.733
571	111.316	-48.255
572	111.325	-48.062
573	111.422	-47.654
574	111.475	-48.171
575	111.505	-47.801
576	111.548	-48.205
577	111.604	-47.453
578	111.609	-48.291
579	111.633	-48.187
580	111.766	-47.746
581	111.793	-47.743
582	111.823	-47.600
583	111.871	-47.318
584	111.874	-48.461
585	111.892	-48.422
586	111.899	-48.089
587	111.916	-46.431
588	111.931	-48.671
589	111.936	-47.586
590	112.045	-48.191
591	112.139	-47.782
592	112.277	-47.831
593	112.525	-47.850
594	112.630	-47.895
595	112.683	-47.833
596	112.712	-47.917
597	112.751	-27.282
598	113.036	-47.838
599	113.117	-48.614
600	113.242	-47.860
601	113.257	-48.680
602	113.651	-48.199
603	113.655	-47.572
604	113.775	-47.006
605	114.024	-48.089
606	114.225	-48.036
607	114.347	-48.533
608	114.408	-47.840
609	115.503	-47.686
610	116.410	-47.169
611	116.773	-48.469
612	117.532	-47.750
613	117.644	-49.001
614	117.675	20.651
615	118.082	-47.786
616	118.849	-48.880
617	118.933	-48.575
618	118.969	-48.328
619	118.997	-48.148
620	119.082	-48.058
621	119.153	-48.130
622	119.158	39.389
623	119.190	-48.847
624	119.418	-48.252
625	119.496	31.657
626	119.667	-48.418
627	120.003	-48.549
628	120.420	-48.696
629	120.549	-48.441
630	120.572	-47.376
631	120.983	-47.821
632	121.242	-43.524
633	122.682	-48.729
634	123.278	-48.156
635	123.448	-48.551
636	123.758	-48.602
637	123.819	-49.747
638	124.143	-48.857
639	124.146	-49.293
640	124.419	-48.471
641	124.627	-48.420
642	124.778	-47.737
643	124.876	-49.213
644	124.965	-48.348
645	125.018	-49.033
646	125.193	-47.880
647	125.277	-48.365
648	125.338	-46.803
649	125.349	-48.813
650	125.465	-48.293
651	125.473	-47.253
652	125.483	-48.792
653	125.752	-49.413
654	126.126	-48.375
655	126.548	-47.592
656	126.573	-48.802
657	126.607	-46.607
658	126.652	-48.984
659	126.720	-45.487
660	126.786	-48.285
661	127.076	-48.624
662	127.733	-48.518
663	128.047	-49.364
664	128.103	-48.896
665	128.133	-48.015
666	128.156	-49.348
667	128.235	-47.696
668	128.296	-48.686
669	128.355	-48.530
670	128.606	-48.843
671	128.612	-47.981
672	128.729	-48.465
673	128.736	-48.279
674	128.772	-47.327
675	128.787	-48.716
676	128.799	-48.056
677	128.825	-47.390
678	128.833	-48.949
679	128.837	-46.965
680	128.897	-47.402
681	128.936	-47.089
682	129.046	-48.788
683	129.215	-47.316
684	129.251	-47.349
685	129.272	-44.753
686	129.279	-47.768
687	129.325	-48.287
688	129.338	-48.553
689	129.339	-47.688
690	129.351	-49.720
691	129.378	-48.013
692	129.456	-48.733
693	129.460	-49.409
694	129.521	-47.811
695	129.573	-47.641
696	129.653	-47.598
697	129.672	-49.193
698	129.776	-47.619
699	129.824	-48.655
700	129.862	-49.213
701	129.932	-49.305
702	129.946	-48.109
703	130.025	-47.694
704	130.043	-47.733
705	130.046	-47.654
706	130.868	-23.380
707	131.568	-47.529
708	131.715	-46.014
709	132.457	-48.297
710	132.979	-49.595
711	133.045	-48.344
712	133.128	-48.316
713	134.047	-36.462
714	135.724	-47.993
715	135.819	-48.939
716	135.840	-47.535
717	135.859	-48.494
718	137.075	-48.563
719	137.121	-48.238
720	137.126	-48.765
721	137.199	-46.006
722	137.233	-48.921
723	137.480	-48.447
724	137.514	-48.624
725	137.522	-48.030
726	137.643	-48.428
727	137.758	-49.138
728	137.776	-45.558
729	137.941	-49.301
730	138.395	-48.402
731	141.662	-48.582
732	141.903	-23.887
733	142.051	-49.131
734	142.294	-47.572
735	142.710	-47.797
736	142.934	-47.310
737	142.943	-49.458
738	142.971	-47.666
739	143.013	-48.596
740	143.041	-48.203
741	143.192	-48.383
742	143.318	-47.676
743	143.458	-48.383
744	143.494	-49.565
745	143.564	-49.093
746	143.595	-47.870
747	143.707	-48.949
748	143.888	-48.402
749	143.894	-48.365
750	143.984	-48.197
751	144.043	-48.996
752	144.204	-48.684
753	144.253	-48.741
754	144.354	-47.837
755	144.430	-48.533
756	144.673	-48.373
757	144.683	-49.015
758	144.799	-48.956
759	144.949	-48.616
760	144.979	-48.373
761	145.098	-48.410
762	145.129	-48.579
763	145.251	-48.140
764	145.299	-48.917
765	145.342	-48.304
766	145.380	-48.851
767	145.758	-49.258
768	145.778	-50.305
769	146.015	-48.195
770	146.046	-50.200
771	146.111	-49.152
772	146.129	-50.029
773	146.251	-48.291
774	146.276	-21.459
775	146.609	-23.155
776	146.655	-48.115
777	147.007	-47.741
778	147.117	-48.829
779	147.276	-48.729
780	147.318	-48.749
781	147.362	-48.837
782	147.419	-48.498
783	149.667	-46.864
784	153.478	-48.210
785	153.581	-49.424
786	155.446	-48.230
787	155.490	-48.322
788	155.501	-47.762
789	155.556	-48.085
790	155.563	-48.328
791	155.579	-48.718
792	155.670	-48.447
793	156.037	-48.900
794	156.118	-49.142
795	157.071	-46.744
796	157.291	-48.784
797	157.299	-48.124
798	157.503	-48.530
799	157.801	-46.912
800	158.066	-47.607
801	158.500	-47.901
802	158.723	-48.647
803	158.775	-47.371
804	159.007	-48.549
805	159.078	-47.533
806	159.106	-47.365
807	159.221	-48.459
808	159.441	-46.683
809	159.701	-48.032
810	159.736	-48.786
811	159.968	-48.714
812	160.147	-47.997
813	160.280	-47.866
814	160.543	-49.391
815	160.581	-48.866
816	160.630	-47.793
817	160.758	-49.542
818	160.778	-48.657
819	160.808	-49.121
820	160.836	-49.501
821	160.867	-47.020
822	160.881	-48.547
823	160.978	-48.165
824	161.092	-48.618
825	161.095	-50.133
826	161.107	-49.794
827	161.150	-48.363
828	161.206	-48.849
829	161.286	-49.178
830	161.308	-47.627
831	161.381	-48.152
832	161.432	-48.945
833	161.669	-48.665
834	161.778	-48.216
835	163.054	-48.457
836	163.548	-47.813
837	163.609	-47.613
838	163.624	-48.473
839	163.845	-48.708
840	163.961	-48.218
841	163.996	-48.488
842	164.041	44.219
843	164.295	-48.682
844	164.496	-49.178
845	165.624	-48.052
846	165.765	-48.304
847	166.792	-48.559
848	167.100	-48.459
849	167.385	-47.762
850	167.748	-47.480
851	167.857	-48.340
852	167.879	-27.689
853	167.971	-48.612
854	168.300	-48.624
855	168.892	-48.416
856	169.614	-47.588
857	169.766	-48.349
858	169.953	-48.561
859	169.986	-48.271
860	170.377	-49.205
861	170.532	-48.500
862	170.689	-48.387
863	171.298	-48.122
864	171.371	-40.170
865	171.513	-48.790
866	171.518	-48.620
867	171.526	-48.526
868	171.605	-49.622
869	171.656	-47.468
870	171.731	-48.919
871	171.904	-48.655
872	172.149	-47.512
873	172.172	-48.671
874	172.294	-48.829
875	172.296	-47.008
876	172.317	-48.332
877	172.368	-49.025
878	172.410	-48.191
879	172.418	-48.140
880	172.422	-48.103
881	172.480	-48.383
882	172.545	-48.643
883	172.646	-48.600
884	172.721	-48.839
885	173.707	-48.688
886	173.724	-47.860
887	174.053	-48.485
888	174.563	-49.687
889	174.597	-48.019
890	174.633	-48.242
891	174.646	-47.827
892	174.781	-49.170
893	174.860	-48.627
894	175.080	37.120
895	175.123	-48.357
896	175.193	-47.825
897	175.390	-48.244
898	175.582	-48.669
899	175.614	-47.635
900	175.683	-48.297
901	175.687	-48.312
902	175.930	-46.542
903	176.181	-47.893
904	176.192	-47.539
905	176.406	-48.990
906	176.456	-48.363
907	176.550	-47.670
908	176.594	-49.009
909	176.650	-48.054
910	176.805	-47.915
911	176.880	-48.823
912	177.427	-48.604
913	178.144	0.123
914	180.009	-48.508
915	180.384	-49.595
916	180.658	-48.627
917	180.680	-48.866
918	180.864	-48.216
919	181.153	-48.943
920	181.258	-48.686
921	181.382	27.090
922	182.142	5.362
923	182.370	-48.671
924	185.717	-35.968
925	186.254	-48.633
926	186.356	-48.911
927	186.358	-47.940
928	186.444	-48.342
929	187.857	-48.528
930	188.001	-21.665
931	188.216	-47.486
932	188.948	-48.381
933	189.510	-19.903
934	189.775	-49.270
935	189.861	-49.044
936	190.015	-48.749
937	190.083	-46.948
938	190.105	-50.166
939	190.488	-48.753
940	190.498	-49.166
941	190.535	-47.940
942	191.056	-49.009
943	191.371	-47.729
944	192.414	-1.310
945	192.694	-47.923
946	192.974	-48.853
947	193.198	-48.696
948	194.313	-48.539
949	195.029	-48.171
950	195.045	-47.954
951	196.105	-47.660
952	197.007	-48.716
953	197.311	-49.324
954	197.319	-48.941
955	197.657	-48.747
956	197.687	-48.295
957	197.698	-48.911
958	197.909	-48.193
959	197.963	-48.320
960	197.987	-49.420
961	198.026	-48.672
962	198.073	-48.829
963	198.142	-48.240
964	198.175	-48.322
965	198.214	-48.839
966	198.246	-49.655
967	198.569	-49.048
968	198.596	-47.627
969	198.793	-48.637
970	198.835	-48.461
971	198.904	-48.843
972	198.969	-47.966
973	198.988	-47.899
974	199.204	-48.015
975	199.239	-49.338
976	199.282	-47.989
977	199.406	-48.888
978	199.514	-48.794
979	199.541	-49.056
980	199.545	-47.398
981	199.548	-48.532
982	199.789	-48.017
983	202.568	-48.514
984	203.057	-48.330
985	203.602	-47.470
986	203.734	-48.355
987	204.032	-48.490
988	204.487	-48.631
989	204.634	-49.066
990	206.290	-13.603
991	206.493	-48.723
992	206.940	-49.023
993	207.074	-48.353
994	207.315	-48.212
995	207.416	-47.498
996	207.454	-48.933
997	207.487	-48.379
998	207.657	-47.570
999	207.697	-48.533
1000	207.711	1.925
1001	207.742	-48.044
1002	207.863	-47.917
1003	207.879	-47.993
1004	207.892	-49.023
1005	207.987	-48.490
1006	208.003	-48.533
1007	208.099	-47.590
1008	208.217	-47.584
1009	208.265	-48.257
1010	208.280	-48.498
1011	208.308	-48.718
1012	208.638	-48.355
1013	208.772	-47.275
1014	208.815	-46.742
1015	209.122	-48.657
1016	209.503	-47.447
1017	209.506	-30.745
1018	209.818	-48.162
1019	209.939	-48.755
1020	210.245	-48.461
1021	210.297	-49.236
1022	210.760	-49.452
1023	210.975	-48.163
1024	211.637	-48.485
1025	211.731	-48.817
1026	211.781	-48.798
1027	212.115	-48.896
1028	212.185	-47.870
1029	212.248	-48.941
1030	212.447	-49.927
1031	212.680	-50.405
1032	212.709	-49.060
1033	213.230	-48.584
1034	213.265	-47.950
1035	213.295	-48.430
1036	213.371	-48.974
1037	213.373	-48.342
1038	214.615	-46.525
1039	214.668	-48.741
1040	214.974	-48.510
1041	215.102	-49.011
1042	215.105	-48.573
1043	215.288	-48.696
1044	215.323	-48.183
1045	215.382	-47.929
1046	215.483	-48.418
1047	215.513	-48.222
1048	215.545	-48.896
1049	215.721	-48.109
1050	215.723	-47.664
1051	215.731	-48.913
1052	215.829	-48.252
1053	215.991	-48.849
1054	216.024	-49.620
1055	216.028	-48.440
1056	216.533	-47.938
1057	216.540	-48.510
1058	216.611	-48.492
1059	216.622	-2.375
1060	216.648	-48.193
1061	217.019	-47.791
1062	217.041	-48.069
1063	217.144	-47.840
1064	217.388	-48.438
1065	218.089	-47.733
1066	218.172	-47.960
1067	218.304	-49.426
1068	218.686	-49.583
1069	218.688	-48.273
1070	218.963	-48.434
1071	219.164	-48.222
1072	220.113	-48.359
1073	221.448	-48.723
1074	222.057	-45.571
1075	222.102	-49.105
1076	222.122	-48.400
1077	222.196	-48.857
1078	222.265	-48.774
1079	222.341	-48.015
1080	222.501	-48.095
1081	222.521	-48.473
1082	222.527	-48.248
1083	222.629	-48.426
1084	222.884	-47.974
1085	223.622	-48.410
1086	223.634	-48.765
1087	224.111	-47.588
1088	224.369	-48.332
1089	224.388	-49.052
1090	224.449	-3.318
1091	224.795	-47.909
1092	226.249	-31.571
1093	226.410	-48.633
1094	226.421	-48.414
1095	226.672	-48.706
1096	226.725	-48.424
1097	227.746	-48.770
1098	227.954	-48.978
1099	228.473	-48.165
1100	228.955	-49.287
1101	229.301	13.336
1102	229.983	-48.614
1103	230.685	-48.669
1104	230.738	-48.126
1105	230.928	-2.529
1106	231.480	-48.813
1107	231.673	-48.373
1108	231.851	-46.995
1109	232.231	-49.503
1110	232.423	-42.294
1111	233.030	-47.946
1112	233.281	-48.909
1113	233.619	-47.541
1114	233.741	-47.997
1115	234.146	-48.040
1116	234.373	-48.459
1117	234.683	-45.875
1118	234.709	-48.416
1119	234.765	-48.379
1120	234.842	-49.518
1121	235.020	-47.985
1122	235.038	-48.708
1123	235.080	-47.981
1124	235.112	-48.772
1125	235.140	-48.533
1126	235.149	-19.018
1127	235.306	-48.958
1128	235.309	-48.381
1129	235.378	-48.516
1130	235.477	-48.255
1131	235.489	-49.001
1132	235.881	-48.312
1133	236.321	-48.821
1134	236.381	-48.945
1135	236.594	-49.064
1136	236.998	-47.282
1137	237.469	-48.036
1138	237.583	-30.449
1139	237.703	-48.502
1140	237.756	-48.046
1141	237.762	-50.609
1142	238.053	-40.307
1143	238.244	-47.600
1144	238.261	-49.963
1145	238.319	-48.387
1146	238.341	-47.838
1147	238.761	-48.379
1148	238.778	-48.584
1149	238.796	-48.479
1150	238.811	-48.761
1151	238.813	-48.177
1152	238.866	-49.082
1153	238.894	-48.095
1154	238.915	-48.255
1155	239.035	-48.790
1156	239.051	-47.480
1157	239.123	-49.117
1158	239.132	-48.050
1159	239.142	-48.328
1160	239.146	-48.077
1161	239.223	-48.171
1162	239.443	-48.776
1163	239.493	-48.518
1164	239.590	-49.385
1165	239.648	-48.604
1166	239.675	-47.120
1167	239.716	-48.420
1168	242.281	-48.279
1169	242.435	-48.445
1170	242.483	-48.692
1171	242.494	-48.357
1172	242.498	-47.993
1173	242.510	-48.718
1174	242.579	-48.567
1175	242.594	-48.326
1176	242.726	-47.600
1177	245.955	-48.183
1178	245.985	-48.267
1179	246.015	-48.857
1180	246.566	-48.520
1181	246.701	-49.205
1182	246.835	-47.525
1183	247.354	-49.593
1184	247.700	-48.044
1185	248.399	-48.477
1186	250.503	-48.205
1187	250.748	-49.182
1188	252.587	-48.647
1189	252.613	-49.003
1190	252.762	-49.039
1191	252.812	-49.612
1192	253.027	-48.340
1193	253.187	-48.353
1194	253.259	-48.301
1195	253.654	-48.817
1196	253.683	-47.974
1197	253.721	-48.122
1198	253.752	-48.073
1199	253.758	-46.511
1200	253.774	-49.291
1201	253.947	-47.247
1202	253.968	-50.344
1203	254.299	-48.949
1204	254.879	-48.169
1205	255.051	-47.821
1206	255.996	-48.483
1207	256.075	-48.860
1208	256.848	-48.882
1209	256.879	-19.995
1210	256.908	-48.283
1211	256.911	-48.696
1212	257.028	-48.543
1213	257.161	-48.036
1214	257.230	-48.105
1215	257.290	-48.324
1216	257.390	-47.416
1217	257.461	-49.084
1218	257.525	-48.631
1219	257.615	-47.987
1220	257.708	-47.537
1221	257.749	-48.516
1222	258.051	-48.786
1223	258.122	-48.794
1224	258.187	-47.936
1225	260.429	-48.588
1226	260.546	-48.349
1227	260.695	-48.316
1228	260.851	-48.459
1229	261.440	-48.999
1230	261.483	-48.038
1231	261.850	-48.087
1232	261.884	-48.857
1233	261.929	-48.904
1234	261.961	-48.471
1235	262.043	-48.907
1236	262.064	-48.467
1237	262.172	-49.076
1238	262.258	-48.688
1239	262.473	-48.336
1240	263.228	-47.835
1241	263.365	-48.682
1242	263.388	-48.827
1243	263.528	-48.490
1244	263.616	-49.009
1245	263.628	-48.109
1246	263.727	-48.073
1247	263.833	-49.015
1248	263.842	-49.097
1249	264.153	-46.493
1250	264.239	-48.682
1251	264.308	-48.259
1252	264.424	-48.757
1253	264.546	-49.021
1254	264.913	-13.348
1255	265.558	-48.729
1256	265.628	-48.535
1257	265.845	-48.073
1258	265.869	-47.259
1259	265.988	-49.001
1260	266.349	-48.111
1261	266.579	-46.582
1262	266.735	-49.103
1263	266.749	-48.424
1264	266.951	-48.467
1265	267.758	-47.813
1266	267.892	-48.635
1267	268.288	-47.774
1268	268.298	-48.473
1269	268.305	-48.559
1270	268.317	-49.044
1271	268.713	-49.771
1272	268.795	-49.538
1273	268.831	-48.066
1274	268.852	-48.416
1275	268.991	-48.563
1276	269.030	-48.667
1277	269.177	-49.268
1278	269.190	-48.494
1279	269.230	-49.182
1280	269.253	-48.671
1281	269.422	-47.647
1282	269.444	-48.988
1283	269.460	-48.565
1284	269.783	-48.804
1285	271.033	-49.187
1286	271.113	-47.770
1287	271.150	-48.966
1288	271.153	-48.412
1289	271.189	-48.723
1290	271.196	-48.308
1291	271.401	-49.313
1292	271.497	-48.175
1293	272.260	-48.618
1294	272.274	-48.138
1295	272.486	-49.182
1296	272.650	-48.696
1297	272.816	-47.948
1298	272.833	-48.896
1299	272.849	-48.935
1300	272.878	-48.052
1301	272.963	-47.551
1302	272.979	-49.009
1303	274.490	-48.804
1304	274.616	-49.023
1305	274.913	-47.754
1306	275.119	-46.699
1307	275.181	-48.796
1308	275.187	-48.391
1309	275.197	-35.477
1310	275.418	-48.479
1311	275.459	-47.866
1312	275.939	-47.882
1313	275.976	-48.733
1314	275.991	-48.553
1315	276.051	-48.543
1316	276.083	-49.230
1317	276.101	-48.559
1318	276.114	-48.614
1319	276.214	-48.735
1320	276.280	-48.729
1321	276.329	-48.461
1322	276.363	-48.254
1323	276.790	-48.124
1324	277.005	-48.175
1325	277.007	-49.283
1326	277.081	-48.320
1327	277.284	-48.504
1328	277.371	-48.659
1329	277.672	-49.007
1330	277.918	-47.882
1331	278.591	15.950
1332	278.686	-48.810
1333	278.801	-48.261
1334	279.105	-48.815
1335	279.251	-48.878
1336	279.280	-49.857
1337	279.865	-47.874
1338	279.906	-49.450
1339	279.914	-48.338
1340	280.040	-48.847
1341	280.085	-47.333
1342	280.344	-48.978
1343	280.369	-49.794
1344	280.471	-48.575
1345	281.096	-49.068
1346	281.335	-48.308
1347	282.049	-48.535
1348	282.978	-48.766
1349	283.144	-49.581
1350	283.258	-49.021
1351	283.263	-48.432
1352	283.301	-49.148
1353	283.343	-48.966
1354	283.354	-49.178
1355	283.462	-47.619
1356	283.627	-48.379
1357	283.631	-47.911
1358	283.786	24.275
1359	283.951	-48.655
1360	284.191	-47.296
1361	284.287	-49.060
1362	284.614	-48.146
1363	285.522	-41.382
1364	285.888	-48.702
1365	285.995	-49.781
1366	286.475	-48.473
1367	286.841	-47.543
1368	286.871	-48.686
1369	287.035	-48.050
1370	287.318	-49.573
1371	287.429	-47.976
1372	287.512	-47.592
1373	287.677	-48.463
1374	287.705	-48.118
1375	287.826	-47.545
1376	287.989	-48.704
1377	288.102	-48.996
1378	288.198	-48.109
1379	289.046	-19.472
1380	289.768	-49.599
1381	291.459	-48.577
1382	292.328	-49.800
1383	292.370	-48.263
1384	292.509	-47.466
1385	292.516	-48.592
1386	292.520	-48.383
1387	292.655	-48.626
1388	292.720	-48.485
1389	292.801	-47.929
1390	292.894	-49.540
1391	293.018	-48.606
1392	293.120	-48.162
1393	293.184	-48.443
1394	293.407	-48.254
1395	293.515	-49.553
1396	294.140	-48.205
1397	294.300	-48.087
1398	294.651	-48.144
1399	294.802	-48.069
1400	295.058	-49.604
1401	295.901	-48.068
1402	295.918	-49.321
1403	296.016	-47.866
1404	296.117	-47.927
1405	296.182	-47.981
1406	296.307	-48.870
1407	296.707	-48.882
1408	296.774	-48.992
1409	296.859	-47.970
1410	298.117	-47.253
1411	298.512	-49.859
1412	298.539	-47.999
1413	298.615	-47.441
1414	298.652	-48.813
1415	298.692	-48.956
1416	298.909	-47.095
1417	299.342	-47.878
1418	299.448	-49.553
1419	299.752	-49.105
1420	300.242	-49.407
1421	300.269	-48.667
1422	300.916	-48.210
1423	301.227	-48.962
1424	302.943	44.851
1425	305.423	-48.629
1426	305.654	-48.481
1427	305.707	-48.483
1428	305.754	-47.698
1429	306.322	-48.502
1430	306.666	-48.573
1431	307.158	-47.795
1432	307.598	-48.541
1433	307.641	-48.461
1434	307.825	-48.774
1435	308.799	-48.109
1436	308.901	-47.365
1437	309.057	-48.962
1438	309.121	-48.197
1439	309.208	-48.130
1440	309.300	-48.537
1441	309.404	-48.827
1442	309.406	-47.786
1443	309.449	-47.772
1444	309.536	-48.128
1445	309.619	-48.935
1446	309.667	-47.972
1447	309.677	-48.071
1448	309.793	-47.940
1449	309.870	-47.568
1450	309.873	-48.422
1451	309.972	-48.306
1452	309.991	-47.991
1453	309.998	-47.968
1454	310.206	-47.917
1455	310.431	-48.571
1456	310.483	-47.817
1457	310.556	-48.414
1458	310.610	-48.716
1459	310.720	-48.502
1460	310.780	-48.369
1461	310.817	-48.199
1462	310.916	-48.404
1463	311.043	-48.142
1464	311.075	-47.688
1465	311.092	-48.404
1466	311.156	-48.150
1467	311.194	-48.608
1468	311.279	26.393
1469	312.602	-48.318
1470	313.727	-48.393
1471	313.810	-47.790
1472	314.001	-49.248
1473	314.095	-48.436
1474	314.101	-47.602
1475	314.160	-48.236
1476	314.522	-48.524
1477	314.677	-48.492
1478	314.705	-48.608
1479	314.958	-48.050
1480	315.113	-48.283
1481	315.119	-48.398
1482	315.902	-48.487
1483	316.351	-48.766
1484	316.840	-48.661
1485	316.978	-49.614
1486	317.048	-48.353
1487	317.190	-49.084
1488	317.429	-48.535
1489	317.448	-47.821
1490	317.498	-49.463
1491	317.530	-47.850
1492	317.537	-47.786
1493	317.583	-48.829
1494	317.698	-47.586
1495	317.940	-48.001
1496	317.985	-48.790
1497	318.076	-48.539
1498	318.110	-48.502
1499	318.323	-48.508
1500	318.585	-47.701
1501	321.991	-47.909
1502	322.128	-31.687
1503	322.235	-44.855
1504	322.658	25.114
1505	325.024	-48.250
1506	325.372	-48.723
1507	325.402	-49.017
1508	325.411	-48.504
1509	325.461	-49.174
1510	325.619	-49.084
1511	325.727	-48.860
1512	325.832	-48.506
1513	325.855	-48.261
1514	326.652	-49.289
1515	326.792	-14.229
1516	326.922	-48.398
1517	327.126	-48.308
1518	327.568	-48.880
1519	329.819	-49.260
1520	329.955	-48.896
1521	329.965	-48.158
1522	331.313	-29.463
1523	331.587	-48.537
1524	331.612	-48.162
1525	331.994	-48.974
1526	332.173	-48.872
1527	332.297	-48.318
1528	332.350	-48.275
1529	332.435	-48.299
1530	332.450	-48.876
1531	332.488	-46.151
1532	332.611	-48.725
1533	332.638	-48.723
1534	333.121	-48.708
1535	333.171	-47.866
1536	333.420	-48.692
1537	333.549	-49.191
1538	333.594	-29.897
1539	333.857	-48.418
1540	333.878	-47.844
1541	333.914	-48.661
1542	334.005	-48.428
1543	334.013	-48.212
1544	334.049	-47.858
1545	334.096	-47.909
1546	334.150	-48.637
1547	334.217	-49.317
1548	334.254	-48.349
1549	334.411	-48.244
1550	334.431	-48.475
1551	334.438	-48.563
1552	334.500	-48.565
1553	334.791	-48.949
1554	334.988	-48.295
1555	335.197	-48.598
1556	335.234	-49.381
1557	335.440	-48.980
1558	335.899	-48.171
1559	337.630	-48.416
1560	339.616	-48.312
1561	339.630	-49.001
1562	339.731	-48.972
1563	339.848	-48.592
1564	339.862	-49.046
1565	339.874	-47.932
1566	339.878	-48.690
1567	339.926	-48.588
1568	340.017	-48.674
1569	340.203	-48.473
1570	340.263	-49.698
1571	340.278	-49.029
1572	340.291	-49.035
1573	340.318	-48.943
1574	340.539	-49.275
1575	341.999	-47.985
1576	342.331	-49.785
1577	342.431	-48.620
1578	343.708	-47.576
1579	343.726	-48.087
1580	343.738	-48.471
1581	346.089	-48.261
1582	346.209	-46.922
1583	346.354	-47.282
1584	346.398	-47.981
1585	347.074	-48.757
1586	347.338	-48.299
1587	347.477	-48.510
1588	347.529	-48.308
1589	348.326	-48.488
1590	348.468	-48.451
1591	349.198	-48.118
1592	349.328	-47.639
1593	349.508	-47.435
1594	349.736	-48.281
1595	350.514	-48.712
1596	350.607	-48.228
1597	350.881	-49.366
1598	350.978	-48.398
1599	351.145	-47.970
1600	351.228	-46.989
1601	351.442	-47.844
1602	351.822	-48.571
1603	351.860	-48.269
1604	351.896	-47.915
1605	351.974	-47.402
1606	352.204	-46.658
1607	352.242	-47.525
1608	352.249	-49.281
1609	352.341	-47.925
1610	352.464	-46.272
1611	352.544	-47.723
1612	352.566	-47.537
1613	352.602	-46.985
1614	353.456	-47.243
1615	353.673	-48.105
1616	353.679	-48.584
1617	354.032	-48.420
1618	354.042	-47.976
1619	355.375	-47.459
1620	355.407	-48.410
1621	355.694	-49.133
1622	355.775	-48.134
1623	356.505	-47.887
1624	356.822	-48.966
1625	356.836	-48.408
1626	356.886	-48.162
1627	356.950	-46.715
1628	356.973	-49.117
1629	357.226	-48.021
1630	357.259	-44.011
1631	357.411	-47.641
1632	357.993	-46.909
1633	358.076	-47.631
1634	358.190	-48.263
1635	358.374	-26.089
1636	359.869	-48.111
1637	360.702	-46.952
1638	361.339	-37.715
1639	361.362	33.590
1640	361.710	-48.306
1641	361.963	-47.987
1642	362.038	-47.891
1643	362.197	-48.389
1644	362.480	-48.097
1645	362.890	-48.792
1646	362.964	-48.087
1647	363.161	-48.806
1648	363.166	-48.958
1649	363.233	-48.952
1650	363.405	-48.111
1651	363.422	-48.502
1652	363.544	-48.810
1653	363.548	-47.962
1654	363.929	-47.819
1655	364.031	-48.167
1656	364.185	-48.265
1657	367.237	-47.974
1658	367.392	-48.185
1659	367.461	-48.436
1660	367.463	-47.750
1661	367.475	-47.956
1662	367.638	-48.696
1663	367.663	-48.698
1664	367.735	-47.631
1665	367.792	-47.539
1666	367.943	-48.381
1667	368.035	-48.575
1668	368.146	-48.723
1669	368.549	-48.289
1670	368.962	-48.193
1671	368.966	-17.984
1672	368.984	-48.532
1673	369.034	-48.982
1674	369.084	-47.889
1675	369.209	-47.745
1676	369.368	-47.999
1677	369.396	-48.825
1678	369.538	-47.263
1679	369.554	-48.011
1680	369.676	-48.835
1681	369.726	-48.191
1682	369.747	-48.690
1683	369.789	-48.792
1684	370.062	-49.027
1685	370.155	-48.571
1686	370.396	-48.459
1687	370.563	-48.461
1688	370.716	-48.361
1689	370.822	-48.038
1690	370.965	-48.009
1691	371.536	-49.095
1692	371.681	-48.778
1693	371.886	-48.201
1694	372.091	-47.711
1695	372.114	-47.607
1696	372.232	-47.529
1697	372.276	-48.659
1698	372.278	-48.389
1699	372.311	38.991
1700	372.330	-48.385
1701	372.968	-49.213
1702	373.480	-49.041
1703	373.769	-49.166
1704	373.976	-48.062
1705	374.200	-48.034
1706	374.225	-48.443
1707	374.348	-48.316
1708	374.443	-48.532
1709	374.639	-49.244
1710	374.785	-48.336
1711	374.979	-48.557
1712	374.985	-48.653
1713	377.163	-48.551
1714	377.550	-47.682
1715	377.566	-47.919
1716	377.614	-47.699
1717	377.806	-48.191
1718	377.903	-48.573
1719	377.960	-47.339
1720	378.030	-47.991
1721	378.032	-46.321
1722	378.114	-49.162
1723	378.237	-48.600
1724	378.573	-49.473
1725	378.607	-48.588
1726	379.510	-49.604
1727	380.083	-49.334
1728	380.141	-48.015
1729	380.399	-48.533
1730	380.505	-48.614
1731	380.605	-47.688
1732	380.747	-49.062
1733	380.758	-47.480
1734	380.770	-48.629
1735	381.097	-49.240
1736	381.420	-47.977
1737	385.420	-48.193
1738	385.628	-48.616
1739	385.685	-48.522
1740	385.826	-48.849
1741	385.948	-49.540
1742	386.777	-48.749
1743	387.582	-22.875
1744	388.623	-48.075
1745	388.959	-48.367
1746	388.996	18.965
1747	389.140	-48.639
1748	389.203	-47.993
1749	389.699	-48.320
1750	389.702	-48.451
1751	390.127	-48.428
1752	390.274	-48.602
1753	390.584	-48.438
1754	390.744	-48.896
1755	391.282	-47.513
1756	391.288	-48.802
1757	393.094	-48.749
1758	393.194	-47.876
1759	393.354	-48.684
1760	393.474	-48.819
1761	393.501	-47.938
1762	393.563	-48.167
1763	393.578	-48.633
1764	394.780	-48.391
1765	394.895	-44.446
1766	395.340	-48.263
1767	396.255	-49.099
1768	396.599	-47.819
1769	396.744	-49.667
1770	396.982	-48.792
1771	397.315	-48.244
1772	398.102	-48.700
1773	398.505	-48.475
1774	398.958	-15.948
1775	399.064	-46.184
1776	399.427	-48.173
1777	399.555	-48.167
1778	399.627	-48.436
1779	400.139	-48.483
1780	400.290	-47.698
1781	400.401	-48.978
1782	400.838	-6.316
1783	401.406	-48.181
1784	401.575	-49.381
1785	401.877	-48.038
1786	402.293	-47.868
1787	402.379	-48.976
1788	402.381	-48.876
1789	402.539	-49.673
1790	402.693	-48.641
1791	402.753	-48.275
1792	402.822	-46.869
1793	403.034	-48.234
1794	403.282	-48.498
1795	403.304	-48.667
1796	403.451	-48.786
1797	403.526	27.427
1798	403.547	-48.447
1799	403.580	-30.536
1800	403.614	-48.553
1801	403.659	-48.637
1802	403.706	-48.167
1803	403.745	-48.575
1804	403.749	-48.616
1805	403.775	-48.547
1806	403.793	-49.649
1807	403.914	-49.526
1808	403.941	-48.729
1809	404.014	-48.042
1810	404.300	-49.140
1811	404.317	-48.165
1812	404.327	-48.330
1813	404.403	-47.934
1814	404.406	-48.391
1815	404.409	-48.068
1816	404.462	-48.757
1817	404.488	-48.348
1818	404.512	-49.507
1819	404.575	-48.806
1820	404.610	-48.494
1821	404.655	-48.232
1822	404.965	-48.050
1823	405.673	-46.636
1824	407.214	-48.295
1825	407.242	-48.040
1826	407.397	-48.230
1827	407.434	-48.320
1828	407.514	-48.422
1829	407.710	-47.684
1830	407.801	-48.477
1831	407.820	-45.536
1832	407.850	-48.524
1833	407.854	-48.387
1834	407.990	-48.254
1835	407.993	-47.911
1836	408.153	-48.716
1837	408.280	-48.289
1838	408.646	-48.254
1839	408.752	-49.082
1840	408.895	-48.947
1841	408.961	-48.929
1842	409.036	-48.332
1843	409.683	-49.082
1844	409.725	-46.634
1845	409.756	-48.627
1846	409.864	-49.401
1847	409.880	-48.698
1848	409.902	-49.064
1849	409.995	-49.097
1850	410.015	-46.584
1851	410.140	-48.371
1852	410.235	-48.567
1853	410.659	-48.457
1854	410.746	-48.383
1855	410.857	-47.932
1856	411.004	-48.420
1857	411.020	-48.013
1858	411.034	-48.066
1859	411.110	-49.009
1860	411.150	-48.528
1861	411.247	-48.980
1862	411.480	-48.999
1863	411.485	-47.664
1864	411.694	-33.515
1865	411.708	-48.026
1866	411.710	-48.013
1867	411.757	-48.886
1868	411.768	-47.281
1869	411.904	-47.805
1870	411.912	-47.427
1871	411.938	-48.929
1872	412.021	-48.449
1873	412.040	-48.099
1874	412.088	-48.923
1875	412.205	-48.330
1876	412.257	-48.422
1877	412.267	-47.925
1878	412.413	-48.293
1879	412.454	-47.637
1880	412.474	-48.547
1881	412.556	-48.371
1882	412.610	-48.447
1883	412.691	-48.379
1884	412.713	-48.937
1885	412.784	-47.439
1886	412.848	-49.062
1887	412.887	-47.848
1888	413.166	-47.954
1889	413.196	37.766
1890	413.382	-48.226
1891	413.397	-48.209
1892	413.605	-48.185
1893	413.701	-47.860
1894	413.816	-48.996
1895	413.864	-47.979
1896	413.866	-47.921
1897	415.743	-47.637
1898	415.745	-47.731
1899	418.763	-48.404
1900	419.179	-47.870
1901	419.477	-48.005
1902	419.511	-47.206
1903	419.515	-48.471
1904	420.091	41.155
1905	422.140	-30.291
1906	423.035	-48.815
1907	423.051	-48.786
1908	423.334	-48.481
1909	423.376	-48.424
1910	425.718	-48.524
1911	425.756	-48.093
1912	425.973	-48.659
1913	426.268	-48.342
1914	426.757	-47.545
1915	427.047	-48.330
1916	427.058	-48.287
1917	427.260	-48.201
1918	427.291	-48.310
1919	427.341	-48.185
1920	427.376	-48.496
1921	427.451	-47.461
1922	427.552	-48.167
1923	427.589	-47.347
1924	427.773	-47.972
1925	427.830	-48.113
1926	427.933	-48.316
1927	428.815	-48.445
1928	429.186	-49.246
1929	429.206	-49.418
1930	429.362	-46.773
1931	429.576	-47.876
1932	429.637	-42.521
1933	429.747	-48.060
1934	429.811	-49.043
1935	430.549	47.966
1936	430.813	-48.410
1937	430.907	-48.749
1938	430.920	-49.283
1939	431.092	-48.150
1940	431.104	-48.843
1941	431.118	-48.915
1942	431.188	-48.631
1943	431.214	-46.566
1944	431.339	-48.338
1945	431.349	-48.680
1946	431.426	-49.044
1947	431.513	-48.314
1948	431.796	-48.363
1949	431.823	-48.494
1950	431.834	-48.412
1951	431.879	-48.649
1952	431.994	-47.046
1953	432.006	-47.737
1954	432.011	-48.410
1955	432.079	-48.007
1956	432.114	-47.639
1957	432.207	-48.622
1958	432.226	-49.638
1959	432.559	-48.516
1960	432.651	-47.764
1961	432.652	-47.570
1962	432.670	-48.210
1963	432.682	-48.853
1964	432.845	-47.891
1965	432.926	-48.396
1966	432.971	-48.978
1967	433.090	-48.451
1968	434.735	-47.032
1969	434.775	-49.113
1970	435.075	-48.453
1971	435.114	-47.091
1972	435.251	-48.999
1973	435.258	-48.306
1974	435.397	-48.616
1975	435.511	-47.790
1976	435.618	-48.228
1977	435.640	-46.480
1978	435.677	-48.694
1979	435.745	-49.041
1980	435.867	-48.179
1981	436.092	-48.465
1982	436.104	-48.138
1983	436.485	-49.027
1984	436.721	-48.616
1985	437.426	-47.660
1986	437.540	-48.230
1987	437.551	-48.220
1988	438.389	-48.295
1989	438.547	-47.895
1990	438.571	-48.391
1991	438.768	-48.255
1992	438.795	-48.988
1993	438.809	-48.418
1994	439.569	-48.050
1995	440.549	-48.819
1996	440.989	-48.557
1997	441.196	-48.467
1998	441.212	-47.772
1999	441.213	-49.136
2000	441.329	-48.009
