DXEX v3
C:\Documents and Settings\LDA\My Documents\TM_SANTOS\Equipo_5\Trailer.lda
3:13:14 PM
0.00 mm;0.00 mm;-1.00 mm
Region1
"Row#"	"AT [ms]"	"LDA1 [m/s]"	
1	0.054	-47.758
2	0.249	-47.257
3	0.459	-46.703
4	0.591	-47.590
5	0.680	-47.929
6	0.745	-47.976
7	0.766	-47.431
8	0.796	-48.522
9	0.909	-48.056
10	0.957	-48.483
11	0.990	-47.780
12	1.010	-48.191
13	1.192	-48.336
14	1.229	-47.284
15	1.268	-47.208
16	1.864	-46.202
17	1.943	-48.297
18	2.118	-46.909
19	6.173	-47.927
20	6.435	-47.494
21	6.474	-47.977
22	6.488	-48.011
23	6.539	-47.932
24	6.574	-47.641
25	6.603	-48.216
26	6.686	-47.872
27	6.750	-47.848
28	6.853	-47.525
29	6.856	-47.930
30	6.979	-48.146
31	6.991	-48.242
32	7.126	-47.607
33	7.356	-47.707
34	7.532	-47.956
35	7.565	-48.445
36	7.647	-48.144
37	7.695	-47.987
38	7.751	-48.210
39	7.817	-47.752
40	7.848	-48.175
41	7.904	-48.007
42	7.927	-48.424
43	7.964	-47.421
44	8.086	-47.247
45	8.175	-49.213
46	8.207	-48.156
47	8.217	-48.365
48	8.240	-47.130
49	8.290	-47.535
50	8.359	-47.559
51	8.425	-47.733
52	8.550	-47.878
53	8.601	-48.289
54	8.661	-47.527
55	8.758	-47.578
56	8.840	-47.482
57	8.920	-47.012
58	9.020	-48.827
59	9.038	-48.048
60	9.058	-46.703
61	9.137	-47.602
62	9.144	-48.115
63	9.186	-47.696
64	9.288	-47.848
65	9.306	-47.770
66	9.405	-48.195
67	9.410	-47.647
68	9.441	-48.714
69	9.487	-47.470
70	9.529	-48.535
71	9.683	-48.535
72	9.697	-47.510
73	9.705	-47.566
74	9.969	-48.197
75	10.130	-47.402
76	10.212	-48.324
77	10.228	-47.823
78	10.370	-48.046
79	10.593	-49.201
80	10.640	-47.347
81	10.935	-47.866
82	10.943	-46.695
83	10.945	-45.066
84	11.116	-46.864
85	11.199	-48.118
86	11.441	-48.518
87	11.462	-48.430
88	11.475	-48.420
89	11.771	-48.353
90	11.775	-47.676
91	11.797	-47.897
92	11.890	-47.805
93	11.917	-48.340
94	11.974	-47.909
95	12.137	-48.684
96	12.152	-48.095
97	12.808	-46.807
98	12.828	-47.314
99	12.830	-48.036
100	12.997	-48.626
101	13.045	-47.921
102	13.104	-37.593
103	13.120	-47.844
104	13.197	-48.827
105	13.214	-49.123
106	13.311	-47.791
107	13.396	-47.709
108	13.447	-47.171
109	13.455	-48.197
110	13.521	-48.189
111	13.698	-48.436
112	13.849	-45.755
113	13.857	-47.633
114	14.033	-47.557
115	14.358	-47.715
116	14.702	-48.355
117	14.807	-48.487
118	15.874	-48.152
119	17.999	-40.636
120	18.583	-47.809
121	19.055	-48.555
122	19.114	-47.104
123	19.383	-48.034
124	19.455	-47.629
125	19.698	-46.924
126	19.707	-49.379
127	20.461	-47.788
128	20.963	-48.952
129	21.199	-47.929
130	21.210	-48.598
131	21.375	-47.543
132	21.581	-47.639
133	21.612	-47.357
134	22.005	-47.527
135	22.245	-47.827
136	22.274	-49.001
137	22.527	-1.819
138	22.828	-47.627
139	23.238	-48.367
140	23.608	-47.071
141	23.668	-48.545
142	24.038	39.931
143	24.201	-50.803
144	24.230	-28.030
145	24.234	-47.919
146	24.417	-47.228
147	24.429	-48.128
148	24.445	-49.082
149	24.541	-48.823
150	24.691	-47.445
151	27.858	-48.432
152	28.368	-48.420
153	28.746	-48.684
154	28.880	-48.445
155	29.075	-48.835
156	29.201	-47.930
157	29.242	-48.371
158	29.672	-48.193
159	29.815	-47.964
160	29.828	-47.987
161	29.863	-48.212
162	29.887	-48.105
163	29.947	-48.348
164	29.968	-49.303
165	29.995	-39.706
166	30.044	-48.379
167	30.076	-47.784
168	30.246	-47.833
169	30.686	-47.893
170	31.047	-48.369
171	31.266	-48.009
172	31.571	-48.888
173	31.591	-47.872
174	31.597	-47.821
175	31.848	-47.537
176	31.960	-48.524
177	31.998	-48.267
178	32.049	-48.293
179	32.262	-48.132
180	33.391	-48.745
181	33.443	-48.414
182	33.457	-47.649
183	33.575	-48.637
184	33.633	-48.220
185	33.736	-47.470
186	33.873	-47.504
187	33.882	-48.322
188	33.884	-48.692
189	33.892	-48.044
190	34.007	-47.850
191	34.030	-46.869
192	34.143	-47.968
193	34.237	-48.091
194	34.279	-48.459
195	34.353	-48.878
196	34.455	-48.438
197	34.605	-48.083
198	34.624	-48.259
199	34.675	-47.306
200	34.989	-48.755
201	35.006	-48.579
202	35.212	-48.394
203	35.232	-49.115
204	35.262	-47.566
205	35.345	-48.109
206	35.352	-47.901
207	35.404	-48.062
208	36.186	-48.064
209	36.353	-47.944
210	36.402	-48.330
211	36.991	-48.283
212	36.993	-48.682
213	37.241	-48.408
214	37.404	-48.406
215	37.563	-47.887
216	37.576	-48.913
217	37.816	-47.809
218	37.890	-48.633
219	37.902	-47.504
220	37.907	-48.273
221	37.912	-48.868
222	37.950	-48.463
223	37.996	-47.559
224	38.005	-48.197
225	38.069	-47.598
226	38.074	-48.040
227	38.207	-49.227
228	38.237	-47.905
229	38.248	-48.181
230	38.259	-43.612
231	38.281	-47.993
232	38.451	-47.756
233	38.466	-48.259
234	38.729	-48.410
235	38.794	-48.402
236	41.262	-48.647
237	41.376	-47.989
238	41.381	-47.570
239	41.454	-47.602
240	41.516	-48.465
241	41.699	-49.908
242	41.837	-48.432
243	41.867	-48.132
244	41.899	-48.289
245	41.924	-49.152
246	41.952	-48.866
247	41.962	-48.259
248	41.967	-48.361
249	41.987	-47.118
250	41.998	-48.612
251	42.021	-47.964
252	42.136	-48.755
253	42.306	-48.608
254	42.489	-48.667
255	42.870	-49.943
256	42.901	-47.968
257	43.004	-48.528
258	43.060	-48.622
259	43.265	-48.524
260	43.326	-48.128
261	43.331	-47.848
262	43.342	-48.541
263	43.399	-48.436
264	47.574	-46.621
265	48.001	-47.974
266	48.170	-48.420
267	48.247	-48.050
268	48.472	-48.555
269	48.669	-48.575
270	48.693	-47.909
271	48.852	-48.046
272	49.043	-33.825
273	49.060	-48.240
274	49.081	-49.144
275	49.099	-48.391
276	49.138	-47.733
277	49.141	-48.402
278	49.216	-48.727
279	50.886	-48.449
280	51.068	-48.199
281	51.572	-48.563
282	51.713	-48.101
283	51.979	13.417
284	52.076	-50.190
285	53.052	-49.401
286	53.090	-47.827
287	53.652	-48.490
288	53.880	-47.717
289	54.871	-48.565
290	54.934	-47.887
291	55.246	-48.586
292	55.358	-47.774
293	55.841	-47.979
294	56.123	-47.300
295	56.229	-48.982
296	56.425	-47.619
297	56.712	-47.901
298	56.854	-47.617
299	56.947	-16.052
300	57.051	-47.294
301	60.449	-38.954
302	60.502	-48.612
303	60.521	-48.500
304	60.601	-48.539
305	61.003	-48.567
306	61.128	-47.623
307	61.167	-47.803
308	61.262	-48.535
309	61.447	-47.656
310	61.514	-48.205
311	61.563	-48.158
312	61.579	-48.387
313	61.717	-48.686
314	62.073	-47.349
315	62.089	-32.580
316	62.505	-48.811
317	62.729	-46.609
318	62.748	-48.512
319	62.753	-48.148
320	62.780	-48.318
321	62.828	-48.146
322	62.967	-48.242
323	63.038	-48.142
324	63.062	-47.390
325	63.111	-47.952
326	63.404	-49.015
327	63.458	-48.512
328	63.661	-46.844
329	64.701	-48.463
330	64.714	-48.344
331	64.769	-48.324
332	65.086	-47.780
333	65.091	-48.257
334	65.180	-48.314
335	65.204	-47.821
336	65.397	-49.213
337	65.516	-48.633
338	65.753	-27.620
339	65.818	-48.322
340	65.962	-48.334
341	66.170	-48.306
342	66.258	-48.563
343	66.289	-48.629
344	66.611	-48.142
345	66.725	-48.097
346	67.082	-47.020
347	67.154	-48.011
348	67.187	-48.469
349	67.263	-47.606
350	67.278	-48.533
351	67.539	-48.490
352	67.615	-50.460
353	67.617	-47.956
354	71.440	-48.582
355	71.641	-48.949
356	71.691	-47.281
357	71.990	-49.109
358	73.440	-48.696
359	73.470	-47.611
360	74.191	-47.962
361	74.214	-46.948
362	74.514	-48.894
363	74.523	-34.040
364	74.723	-47.705
365	75.273	-48.019
366	76.947	-47.745
367	76.996	-48.857
368	77.148	-47.320
369	77.417	-48.506
370	77.480	-47.457
371	77.636	-48.537
372	78.258	-48.577
373	78.417	-49.168
374	78.489	-48.645
375	79.054	-29.619
376	79.810	-47.850
377	80.046	-47.750
378	80.089	-48.434
379	80.255	-47.390
380	80.385	-49.649
381	80.414	-48.218
382	80.443	-48.569
383	80.766	-49.315
384	80.799	-47.954
385	80.878	-48.847
386	81.240	-48.079
387	81.266	-48.882
388	81.279	-49.403
389	81.335	-48.297
390	81.382	-49.783
391	81.430	-48.246
392	81.630	-48.340
393	81.733	-48.048
394	81.906	-48.212
395	81.908	-27.615
396	81.924	-48.044
397	82.057	-48.851
398	82.160	-48.608
399	82.207	-47.989
400	82.294	-48.068
401	82.325	-49.213
402	82.360	-48.271
403	82.379	-47.639
404	82.459	-47.523
405	82.653	-46.791
406	82.841	-48.698
407	83.170	-47.367
408	83.902	-47.602
409	83.966	-48.034
410	84.163	-48.412
411	84.455	-47.962
412	84.813	-48.087
413	84.815	-47.911
414	84.843	-47.654
415	84.871	-48.404
416	85.034	-48.083
417	85.278	-49.663
418	85.348	-48.594
419	85.449	-47.345
420	85.539	-47.688
421	85.553	-48.526
422	85.634	-48.332
423	85.686	-47.447
424	85.719	-47.972
425	85.781	-47.576
426	85.806	-47.991
427	85.875	-47.506
428	86.112	-47.934
429	86.257	-48.306
430	86.456	-49.336
431	86.470	-48.083
432	86.624	-47.177
433	86.645	-48.909
434	86.856	-48.197
435	87.245	3.640
436	87.897	-47.551
437	88.096	-48.179
438	89.012	-47.339
439	89.181	-47.905
440	89.979	-41.822
441	90.034	-48.941
442	90.270	-48.185
443	90.572	-48.802
444	90.977	-48.160
445	90.980	-47.604
446	91.935	-47.819
447	92.004	-48.696
448	92.181	-47.641
449	92.440	-47.788
450	92.472	-48.508
451	92.530	-48.602
452	93.435	-48.894
453	93.557	-48.128
454	93.591	-47.938
455	93.641	-47.649
456	93.660	-48.387
457	94.024	-48.441
458	94.171	-48.263
459	94.424	-48.647
460	94.873	-47.711
461	95.125	-48.400
462	95.789	38.897
463	96.371	-48.524
464	96.722	-47.925
465	97.109	-48.071
466	97.196	-48.440
467	97.365	-46.922
468	97.430	-48.071
469	97.518	-48.588
470	97.830	-47.754
471	97.832	-47.795
472	97.905	-47.797
473	98.051	-48.136
474	98.159	-48.279
475	98.333	-48.414
476	98.589	-48.316
477	98.686	-48.389
478	98.710	-47.837
479	98.744	-45.211
480	98.830	-47.815
481	99.009	-48.614
482	99.056	-48.097
483	99.439	-48.093
484	99.574	-48.422
485	99.613	-48.185
486	99.647	-48.068
487	100.466	-48.036
488	100.593	-47.876
489	101.091	-48.577
490	101.273	-47.519
491	101.406	-48.289
492	101.473	-48.671
493	101.483	-48.177
494	101.608	-48.626
495	101.699	-47.132
496	101.767	-48.240
497	101.849	-48.248
498	103.304	-47.835
499	103.799	-47.770
500	104.099	-48.289
501	104.255	-47.854
502	104.642	-48.130
503	104.746	-48.312
504	104.781	-48.075
505	105.058	-47.942
506	105.132	-48.089
507	105.191	-48.218
508	105.338	-48.373
509	105.377	-48.246
510	105.392	-47.341
511	105.409	-47.656
512	105.494	-48.250
513	105.523	-47.764
514	105.617	-48.169
515	105.834	-48.334
516	106.658	-48.099
517	107.421	-47.936
518	108.558	-47.860
519	109.391	-49.070
520	109.719	-46.678
521	109.825	-48.062
522	111.256	-48.868
523	111.454	-48.210
524	111.573	-48.140
525	111.746	-48.522
526	111.750	-46.695
527	111.788	-48.414
528	111.826	-49.368
529	112.084	-47.077
530	112.161	-48.353
531	112.232	-47.668
532	112.508	-49.086
533	112.750	-49.661
534	112.908	-48.160
535	113.067	-48.353
536	113.194	-48.753
537	113.244	-48.765
538	113.290	-48.050
539	113.542	-48.577
540	114.047	-49.694
541	114.115	-47.715
542	114.208	-46.748
543	114.915	-48.299
544	114.960	-46.734
545	114.964	-48.158
546	115.007	-47.895
547	115.203	-47.042
548	115.403	-49.111
549	115.425	-47.457
550	115.740	-48.741
551	115.914	-47.911
552	116.653	-47.919
553	116.687	-47.633
554	116.874	-47.793
555	116.914	-47.617
556	116.984	-47.944
557	117.019	-48.692
558	117.169	-49.232
559	117.196	-48.537
560	117.256	-47.288
561	117.329	-48.171
562	117.590	-47.948
563	117.622	-48.330
564	117.749	-48.277
565	117.777	-47.909
566	117.795	-48.555
567	118.019	-48.443
568	118.520	-47.946
569	118.595	-48.504
570	118.978	-48.794
571	119.320	-48.743
572	121.298	-47.594
573	122.532	22.344
574	123.465	-47.756
575	123.468	-47.204
576	123.525	-48.205
577	123.541	-47.850
578	123.692	-48.113
579	123.880	-48.036
580	124.006	-47.946
581	124.068	-47.709
582	124.766	-36.873
583	125.774	-47.635
584	125.795	-48.075
585	125.995	-48.590
586	126.027	-48.680
587	126.049	-47.884
588	126.172	-48.044
589	126.179	-48.226
590	126.189	-48.115
591	126.366	-47.539
592	126.556	-48.765
593	126.888	-48.898
594	126.910	-48.320
595	126.978	-48.299
596	127.054	-48.069
597	127.111	-47.547
598	127.122	-47.602
599	127.224	-48.052
600	127.233	-47.369
601	127.239	-48.389
602	130.397	-34.353
603	132.059	-47.764
604	136.962	-48.158
605	137.152	-48.590
606	137.257	-47.355
607	137.422	-48.126
608	137.515	-36.661
609	139.422	-47.764
610	139.980	-47.850
611	140.355	-48.375
612	142.360	-46.454
613	142.686	-41.296
614	142.731	-46.869
615	142.769	-48.116
616	144.042	-48.034
617	144.229	-48.541
618	144.241	-38.551
619	144.495	-48.113
620	144.563	-47.807
621	144.630	-48.348
622	144.705	-47.927
623	144.780	-48.385
624	144.797	-49.405
625	144.825	-48.032
626	144.962	-48.817
627	145.032	-49.162
628	145.071	-48.443
629	145.078	-48.796
630	145.119	-48.616
631	145.222	-48.404
632	145.262	-47.678
633	145.371	-48.160
634	145.425	-49.550
635	145.519	-47.876
636	145.521	-48.737
637	145.608	-48.269
638	145.615	-48.207
639	145.645	-48.013
640	145.657	-48.475
641	145.835	-48.579
642	145.911	-48.095
643	145.973	-48.281
644	145.975	-50.758
645	145.991	-48.349
646	146.163	-47.891
647	146.221	-47.762
648	146.582	-47.981
649	146.740	-48.146
650	146.969	-47.735
651	147.026	-3.381
652	147.058	-48.774
653	147.149	-48.815
654	147.160	-48.917
655	147.199	-47.647
656	147.232	-48.800
657	147.295	-49.133
658	147.343	-47.813
659	147.361	-48.412
660	147.377	-48.477
661	147.833	-48.148
662	148.142	-48.592
663	148.248	-47.026
664	148.264	-48.455
665	148.388	-48.283
666	148.470	-48.561
667	148.480	-47.954
668	148.503	-48.616
669	148.587	-48.393
670	148.728	-48.205
671	148.799	-48.322
672	148.827	-47.844
673	148.963	-48.487
674	149.095	-48.688
675	149.167	-48.197
676	149.330	-48.627
677	149.355	-48.765
678	149.428	-48.126
679	149.468	-47.694
680	149.578	-48.271
681	149.584	-48.594
682	150.418	-48.700
683	150.432	-48.535
684	150.833	-48.563
685	150.933	-47.976
686	151.351	-48.158
687	151.620	-47.216
688	151.670	-47.754
689	151.775	-48.349
690	151.892	-47.870
691	152.081	-48.496
692	152.086	-48.336
693	153.903	-48.882
694	154.089	-48.357
695	154.234	-48.530
696	154.275	-48.281
697	154.277	-47.930
698	154.381	-47.592
699	154.486	-48.555
700	155.326	-47.911
701	155.689	-47.662
702	155.790	-48.095
703	156.030	-48.396
704	156.566	-48.304
705	156.954	-47.913
706	156.965	-48.974
707	156.989	-48.332
708	157.035	-46.824
709	157.038	-48.383
710	157.049	-48.672
711	157.121	-47.627
712	157.211	-48.866
713	157.217	-47.819
714	157.225	-48.500
715	157.244	-47.559
716	157.260	-49.142
717	157.381	-47.848
718	157.502	-46.797
719	157.719	-48.500
720	157.966	-30.142
721	158.266	-48.490
722	158.484	-47.842
723	158.643	-48.526
724	158.668	-48.608
725	158.750	-48.069
726	158.758	-48.001
727	158.851	-48.068
728	158.902	-49.091
729	159.050	-48.747
730	159.383	-47.132
731	159.565	-48.622
732	159.761	-48.095
733	159.948	-48.393
734	159.990	-47.073
735	159.995	-48.255
736	160.034	-49.319
737	160.205	-48.169
738	160.313	-48.242
739	160.329	-48.075
740	160.352	-49.031
741	160.355	-48.575
742	160.375	-48.246
743	160.395	-49.023
744	160.629	-48.118
745	160.755	-48.191
746	160.775	-47.944
747	160.791	-49.119
748	160.854	-47.331
749	160.857	-48.598
750	160.860	-48.939
751	160.966	-48.886
752	160.990	-48.306
753	161.000	-48.716
754	161.042	-47.942
755	161.122	-48.026
756	161.130	-47.292
757	161.291	-48.023
758	161.301	-47.934
759	161.349	-48.142
760	161.380	-48.923
761	161.559	-47.668
762	161.597	-47.443
763	161.756	-48.778
764	161.803	-47.948
765	161.841	-48.430
766	162.011	-40.614
767	162.245	-48.669
768	162.574	-48.003
769	162.625	-48.197
770	162.657	-48.034
771	162.744	-47.999
772	162.757	-47.758
773	162.832	-48.281
774	163.481	-49.272
775	163.545	-48.974
776	163.568	-48.563
777	163.593	-48.130
778	163.797	-47.766
779	163.995	-49.191
780	164.071	-48.162
781	164.097	-48.580
782	164.422	-49.281
783	164.468	-47.752
784	164.515	-49.992
785	164.899	-48.252
786	165.116	-50.186
787	165.917	-48.837
788	166.182	-48.475
789	166.272	-48.541
790	166.390	-48.551
791	166.607	-48.124
792	167.190	-48.156
793	167.479	-48.526
794	167.976	-48.990
795	168.105	-49.164
796	168.202	-47.649
797	168.372	-48.614
798	168.394	-48.195
799	168.419	-48.894
800	168.471	-48.351
801	168.505	-48.571
802	168.540	-48.999
803	168.694	-48.947
804	168.833	-48.878
805	168.854	-48.201
806	169.149	-48.195
807	169.155	-46.946
808	169.266	-49.790
809	169.430	-50.166
810	169.454	-48.330
811	169.496	-48.175
812	169.656	-48.416
813	171.006	-48.257
814	171.017	-48.490
815	171.565	-48.185
816	171.644	-48.500
817	171.994	-47.439
818	172.074	-48.209
819	172.076	-48.261
820	172.087	-45.808
821	172.536	-48.169
822	172.723	-47.300
823	172.725	-48.543
824	172.727	-48.714
825	173.268	-40.301
826	173.637	-46.636
827	173.934	-44.966
828	174.035	-48.559
829	174.210	-29.968
830	174.377	-48.283
831	174.750	-48.324
832	174.822	-48.686
833	174.848	-49.634
834	174.902	-49.716
835	175.548	-47.588
836	175.599	-48.882
837	175.890	-48.473
838	176.687	-48.383
839	176.823	-48.594
840	177.000	-48.252
841	177.025	-22.190
842	177.188	-48.163
843	180.361	-48.477
844	180.504	-47.580
845	180.574	-49.986
846	181.006	-23.468
847	181.088	-48.592
848	181.155	-49.548
849	181.285	-46.533
850	181.292	-48.770
851	181.302	-48.490
852	181.343	-49.054
853	181.391	-48.467
854	181.394	-48.314
855	181.474	-48.972
856	181.514	-48.410
857	181.521	-48.819
858	181.608	-49.170
859	181.672	-48.453
860	181.839	-48.485
861	181.864	-48.418
862	182.347	-48.383
863	182.458	-48.545
864	185.696	-49.411
865	185.939	-48.487
866	186.121	-48.058
867	186.146	-48.428
868	186.309	-48.766
869	186.548	-48.396
870	186.576	-48.845
871	186.974	-48.056
872	187.096	-48.676
873	187.195	-49.019
874	187.244	-48.498
875	187.386	-47.314
876	187.404	-47.470
877	187.480	-47.905
878	187.486	-48.046
879	187.517	-48.179
880	187.522	-48.620
881	187.545	-47.418
882	187.596	-47.791
883	187.629	-48.488
884	187.698	-48.892
885	187.795	-48.847
886	187.836	-48.526
887	187.931	-49.301
888	187.971	-48.892
889	187.985	-48.886
890	188.021	-47.739
891	188.057	-48.794
892	188.105	-48.066
893	188.166	-47.870
894	188.171	-47.743
895	188.194	-48.060
896	188.230	-48.487
897	188.251	-48.226
898	188.369	-48.825
899	188.404	-49.142
900	188.417	-48.811
901	189.233	-46.609
902	193.095	-48.426
903	193.365	-48.162
904	193.406	-48.549
905	193.418	-47.905
906	193.462	-47.651
907	193.857	-47.923
908	193.976	-47.672
909	194.008	-48.289
910	194.036	-48.393
911	194.083	-47.173
912	194.238	-48.066
913	194.477	-48.230
914	194.618	-48.841
915	194.676	-48.191
916	194.734	-48.130
917	194.957	-48.052
918	195.042	-49.213
919	195.093	-49.738
920	195.169	-48.365
921	195.216	-48.616
922	195.238	-47.731
923	195.310	-48.588
924	195.327	-47.995
925	195.521	-48.721
926	195.767	-47.752
927	195.795	-49.383
928	196.187	-48.316
929	196.436	-48.234
930	196.443	-47.455
931	196.534	-49.097
932	196.588	-48.813
933	196.659	-47.745
934	196.681	-48.042
935	196.697	-47.257
936	196.717	-49.418
937	196.719	-47.711
938	196.727	-47.919
939	196.755	-47.936
940	196.795	-49.011
941	196.844	-47.940
942	196.889	-48.187
943	197.017	-47.576
944	197.067	-48.071
945	197.313	-49.765
946	197.652	-47.652
947	197.853	-48.978
948	197.884	-48.234
949	197.888	-47.891
950	198.170	-48.075
951	198.955	-48.349
952	199.022	-48.348
953	199.229	-48.379
954	199.700	-48.487
955	199.833	-47.999
956	200.071	-44.863
957	200.318	-48.097
958	200.389	-47.991
959	200.403	-48.579
960	200.659	-49.326
961	200.775	-48.030
962	205.070	-48.246
963	205.616	-48.026
964	205.633	-48.357
965	205.658	-49.209
966	205.778	-48.087
967	205.792	-48.248
968	206.768	-48.195
969	206.881	-48.393
970	206.997	-48.616
971	207.557	-48.158
972	207.707	-47.412
973	208.052	-48.810
974	208.075	-48.383
975	208.573	-48.195
976	209.165	-48.698
977	209.230	-48.733
978	210.058	-47.212
979	210.164	-48.606
980	210.184	-48.827
981	210.219	-48.530
982	210.268	-48.214
983	210.381	-48.244
984	210.403	-48.181
985	210.462	-48.520
986	210.487	-48.770
987	210.548	-46.274
988	210.677	-47.034
989	210.686	-47.891
990	210.805	-47.791
991	211.012	-48.994
992	211.205	-47.159
993	211.232	-47.848
994	211.349	-48.240
995	213.688	-38.748
996	214.026	-47.882
997	215.110	-48.351
998	215.530	-47.962
999	215.631	-47.560
1000	216.453	-47.964
1001	216.478	-47.727
1002	216.639	-47.660
1003	216.726	-48.387
1004	216.843	-48.316
1005	216.860	-49.305
1006	217.010	-47.827
1007	217.033	-47.950
1008	217.062	-48.056
1009	217.159	-48.011
1010	217.679	-47.977
1011	217.715	-47.825
1012	217.729	-48.011
1013	217.751	-48.073
1014	217.877	-47.637
1015	217.891	-48.052
1016	217.907	-48.318
1017	217.920	36.094
1018	217.989	-47.727
1019	218.107	-48.557
1020	218.189	-47.917
1021	218.245	-47.974
1022	218.268	-47.838
1023	218.317	-48.275
1024	218.342	-48.676
1025	218.358	-48.825
1026	218.417	-47.457
1027	218.437	-48.547
1028	218.449	-48.113
1029	218.468	-48.533
1030	218.519	-48.342
1031	218.523	-48.434
1032	218.625	-48.330
1033	218.709	-47.461
1034	218.773	-48.737
1035	218.776	-48.428
1036	218.940	-47.682
1037	219.013	-47.188
1038	219.022	-47.559
1039	219.027	-47.778
1040	219.063	-46.503
1041	219.140	-48.330
1042	219.144	-48.218
1043	219.182	-48.653
1044	219.281	-48.013
1045	219.465	-48.087
1046	219.547	-48.391
1047	219.731	-49.747
1048	219.798	-49.583
1049	220.013	-47.976
1050	220.115	-48.418
1051	220.200	-47.281
1052	220.396	-48.461
1053	220.536	-49.105
1054	220.683	-48.310
1055	220.810	-48.381
1056	220.830	-47.872
1057	220.850	-48.528
1058	220.918	-48.831
1059	220.952	-48.563
1060	221.033	-47.795
1061	221.177	-48.408
1062	221.209	-48.099
1063	221.250	-48.829
1064	221.301	-49.172
1065	221.344	-47.539
1066	221.363	-48.398
1067	221.382	-48.128
1068	221.441	-47.885
1069	221.451	-48.688
1070	221.523	-48.071
1071	221.525	-48.614
1072	221.676	-48.381
1073	221.692	-48.387
1074	221.709	-47.527
1075	221.785	-48.857
1076	221.866	-48.610
1077	222.259	-48.563
1078	222.326	-49.021
1079	222.405	-48.927
1080	223.069	-48.116
1081	223.232	-48.555
1082	223.480	-48.498
1083	223.519	-48.154
1084	223.546	-48.079
1085	223.552	-49.391
1086	223.564	-48.220
1087	223.582	-48.189
1088	223.652	-48.279
1089	227.138	-48.120
1090	227.362	-48.483
1091	227.417	-48.324
1092	227.575	-48.802
1093	227.635	-48.553
1094	227.725	-49.084
1095	227.732	-49.610
1096	229.679	-49.924
1097	229.758	17.632
1098	230.124	-47.750
1099	230.149	-48.130
1100	230.181	-48.700
1101	230.286	-48.216
1102	230.378	-48.631
1103	230.403	-48.911
1104	230.459	-47.690
1105	231.100	-48.218
1106	231.979	-13.536
1107	232.295	-48.304
1108	232.319	-48.753
1109	232.350	-48.306
1110	232.605	-47.929
1111	233.076	-48.130
1112	234.026	-48.584
1113	234.040	-48.483
1114	234.709	-48.557
1115	234.949	-48.520
1116	235.141	-48.283
1117	235.210	-48.379
1118	235.212	-48.504
1119	235.264	-48.459
1120	235.287	-48.056
1121	235.524	-50.544
1122	235.573	-48.469
1123	235.609	-48.477
1124	235.709	-48.387
1125	235.725	-47.860
1126	235.769	-48.539
1127	235.868	-47.993
1128	235.906	-48.755
1129	235.957	-48.976
1130	236.820	-48.586
1131	237.050	-48.177
1132	237.226	-48.937
1133	237.335	-48.017
1134	237.353	-47.788
1135	237.717	-49.007
1136	237.742	-48.240
1137	238.078	-48.725
1138	238.207	-48.808
1139	238.620	-49.142
1140	238.939	-49.710
1141	239.945	-48.655
1142	239.993	-49.444
1143	240.113	-48.040
1144	240.396	-50.438
1145	240.480	-48.056
1146	240.482	-48.584
1147	240.872	-46.353
1148	240.920	-47.568
1149	241.013	-48.716
1150	241.044	-49.350
1151	241.192	-48.731
1152	241.235	-48.273
1153	241.252	-48.295
1154	241.351	-47.817
1155	241.403	-48.739
1156	241.473	-48.034
1157	241.636	-48.322
1158	241.709	-47.956
1159	241.721	-49.021
1160	241.765	-49.176
1161	241.809	-47.598
1162	241.844	-48.516
1163	241.944	-48.813
1164	242.058	-48.163
1165	242.135	-48.099
1166	242.147	-48.900
1167	242.212	-48.731
1168	242.332	-48.792
1169	242.355	-48.931
1170	242.411	-47.899
1171	242.472	-49.281
1172	242.518	-49.540
1173	242.538	-48.841
1174	242.550	-48.310
1175	242.612	-49.722
1176	242.705	-47.938
1177	242.814	-48.097
1178	242.834	-48.142
1179	242.962	-48.483
1180	243.083	-48.669
1181	243.317	-48.708
1182	243.328	-48.453
1183	243.383	-47.067
1184	243.606	-48.614
1185	243.671	-48.244
1186	244.115	-49.058
1187	245.591	-48.346
1188	245.604	-48.467
1189	246.025	-49.109
1190	246.455	-47.895
1191	246.469	-49.767
1192	246.617	-48.220
1193	246.856	-49.187
1194	247.060	-49.176
1195	247.148	-48.322
1196	247.162	-47.929
1197	247.418	-48.686
1198	247.443	-47.880
1199	247.486	-48.052
1200	247.753	-48.373
1201	247.781	-48.719
1202	247.818	-48.643
1203	247.850	-48.641
1204	248.087	-48.524
1205	248.164	-47.772
1206	248.629	-49.839
1207	249.151	35.164
1208	249.345	-49.379
1209	249.347	-29.553
1210	249.358	-49.342
1211	249.505	-50.082
1212	249.793	-49.037
1213	250.467	-49.227
1214	251.105	-48.690
1215	252.253	-48.469
1216	252.281	-48.671
1217	253.870	-48.259
1218	254.386	-46.920
1219	254.388	-49.234
1220	254.538	-0.327
1221	254.652	-47.923
1222	255.087	-47.848
1223	255.494	-48.387
1224	255.543	-48.005
1225	255.579	-50.542
1226	255.756	-48.739
1227	255.769	-48.508
1228	255.980	-47.617
1229	256.050	-48.367
1230	256.055	-48.332
1231	256.062	-47.862
1232	256.080	-48.359
1233	256.210	-48.201
1234	256.438	-47.823
1235	256.447	-48.453
1236	257.099	-49.013
1237	257.197	-48.784
1238	257.226	-49.125
1239	257.436	-47.130
1240	257.479	-48.518
1241	257.752	-47.866
1242	258.262	-47.625
1243	258.414	-49.371
1244	258.456	-48.436
1245	258.586	-48.833
1246	258.635	-48.606
1247	258.670	-48.177
1248	258.941	-48.475
1249	259.125	-49.383
1250	259.201	-48.019
1251	259.429	-47.838
1252	259.454	-48.571
1253	259.599	-48.150
1254	259.814	-48.980
1255	259.915	-48.203
1256	259.995	-47.813
1257	259.998	-48.657
1258	260.082	-47.645
1259	260.636	-47.956
1260	260.987	-47.930
1261	263.020	-32.235
1262	263.138	-49.109
1263	263.154	-49.178
1264	263.582	-48.678
1265	263.795	-49.164
1266	263.813	-47.784
1267	264.075	-48.968
1268	264.674	-49.178
1269	265.081	-48.187
1270	265.229	-48.753
1271	265.261	-48.330
1272	265.293	-48.768
1273	265.583	-47.116
1274	265.977	-49.405
1275	266.040	-48.886
1276	266.083	-48.651
1277	266.110	-48.140
1278	266.284	-48.283
1279	266.472	-48.383
1280	266.588	-48.543
1281	266.732	-48.244
1282	266.764	18.472
1283	268.242	-48.547
1284	268.408	-49.125
1285	268.444	-47.386
1286	268.545	-48.471
1287	268.576	-47.731
1288	268.682	-48.128
1289	268.713	-48.197
1290	268.869	-47.719
1291	269.206	-48.483
1292	269.417	-49.281
1293	269.462	-48.545
1294	269.550	-48.631
1295	269.623	-48.359
1296	269.851	-47.004
1297	269.921	-48.682
1298	270.153	-49.011
1299	274.304	-49.976
1300	274.777	-47.480
1301	274.881	-48.259
1302	275.010	-48.782
1303	275.099	-48.994
1304	275.155	-48.894
1305	275.733	-48.575
1306	276.165	8.393
1307	276.384	-48.586
1308	276.455	-48.590
1309	276.720	-47.850
1310	276.734	-48.152
1311	276.784	-48.606
1312	276.830	-48.230
1313	276.914	-47.701
1314	276.946	-48.058
1315	276.977	-48.645
1316	276.999	-49.207
1317	277.068	-49.477
1318	277.209	-47.384
1319	279.194	-48.199
1320	279.241	-48.438
1321	279.605	-46.480
1322	279.653	-50.227
1323	279.935	-48.723
1324	279.937	-51.045
1325	280.053	-47.631
1326	281.214	-48.712
1327	281.302	-49.321
1328	281.497	-48.737
1329	281.564	-48.780
1330	281.619	-48.021
1331	281.699	-48.465
1332	281.740	-6.864
1333	281.925	-47.760
1334	281.927	-48.436
1335	282.568	-48.639
1336	282.585	-48.209
1337	282.754	-47.611
1338	282.979	-48.561
1339	283.194	-48.535
1340	283.247	-47.815
1341	283.285	-48.144
1342	283.646	-43.553
1343	284.459	-48.342
1344	284.493	16.729
1345	284.840	-46.638
1346	284.868	-48.387
1347	284.973	-49.739
1348	285.071	-48.453
1349	285.109	-38.330
1350	285.350	-48.224
1351	285.641	-47.823
1352	285.852	-48.970
1353	286.308	-48.383
1354	286.756	-48.712
1355	286.899	-48.624
1356	286.920	-46.392
1357	287.357	-48.224
1358	288.654	-47.927
1359	289.099	-48.316
1360	289.421	-47.623
1361	289.683	-38.218
1362	289.717	-48.864
1363	289.979	-10.071
1364	290.218	-48.739
1365	291.802	-47.539
1366	292.062	-51.075
1367	292.158	-47.698
1368	293.810	-48.183
1369	293.820	-48.473
1370	293.945	-48.761
1371	294.036	-46.750
1372	294.137	-49.099
1373	294.480	-47.870
1374	294.494	-48.312
1375	294.530	-48.312
1376	294.572	-48.416
1377	294.825	-48.416
1378	295.066	-49.499
1379	295.558	-47.466
1380	295.628	-48.353
1381	295.957	-47.723
1382	296.224	-48.340
1383	296.275	-47.979
1384	296.433	-48.438
1385	296.493	-48.555
1386	296.527	-48.087
1387	296.652	-47.731
1388	296.773	-47.725
1389	296.971	-48.344
1390	297.089	-48.577
1391	297.291	-47.623
1392	298.497	-48.649
1393	298.950	-48.030
1394	299.085	-47.940
1395	299.167	-47.946
1396	299.686	-49.315
1397	299.757	-48.941
1398	299.779	-47.958
1399	300.367	-51.212
1400	300.502	-48.101
1401	300.649	-47.770
1402	300.767	-48.915
1403	301.320	-47.977
1404	301.477	34.700
1405	301.490	-47.521
1406	301.930	-49.103
1407	302.110	-48.167
1408	302.304	-48.205
1409	303.647	-48.387
1410	303.890	-48.919
1411	303.942	-48.886
1412	304.431	-40.828
1413	304.535	-48.925
1414	304.597	-48.238
1415	304.785	-48.163
1416	304.963	5.382
1417	304.974	-48.424
1418	304.998	-48.735
1419	305.047	-47.897
1420	305.134	-47.872
1421	305.242	-49.279
1422	305.702	-48.947
1423	306.274	-48.336
1424	306.312	33.684
1425	306.917	-47.578
1426	306.942	-47.580
1427	307.265	-47.529
1428	307.845	-48.635
1429	307.868	-48.845
1430	308.058	-48.226
1431	308.344	-48.064
1432	308.356	26.369
1433	308.533	-49.403
1434	308.683	-48.549
1435	308.725	-47.799
1436	308.812	-47.535
1437	308.842	-48.663
1438	308.852	-49.168
1439	308.876	-49.653
1440	309.040	-48.819
1441	309.247	-47.974
1442	309.603	-49.352
1443	309.628	-48.257
1444	309.754	-48.275
1445	309.767	-47.917
1446	309.775	-48.757
1447	310.008	-47.907
1448	310.341	-49.095
1449	310.370	-30.332
1450	310.658	-47.852
1451	310.839	-49.291
1452	310.896	-48.238
1453	311.284	-48.620
1454	311.775	-48.250
1455	311.840	-48.103
1456	311.862	-47.919
1457	311.915	-48.299
1458	311.952	-47.600
1459	312.137	-49.428
1460	312.146	-47.143
1461	312.189	-48.160
1462	312.287	-48.622
1463	312.623	-16.336
1464	312.808	-49.135
1465	312.897	-48.530
1466	312.967	-47.909
1467	312.975	-48.240
1468	313.055	-48.310
1469	313.202	-47.637
1470	313.330	-47.848
1471	313.479	-49.407
1472	314.856	-48.036
1473	314.879	-48.614
1474	314.919	-48.207
1475	315.331	-48.633
1476	315.366	-47.486
1477	315.569	-46.967
1478	316.399	-43.894
1479	316.698	-48.839
1480	318.387	-41.317
1481	318.674	-45.949
1482	318.946	-47.925
1483	319.072	-49.078
1484	319.201	-48.068
1485	319.277	-47.658
1486	319.450	-48.661
1487	319.467	-48.385
1488	319.625	-47.864
1489	319.722	-48.882
1490	319.759	-47.860
1491	320.011	-47.502
1492	320.337	-48.396
1493	320.355	-48.990
1494	320.372	-47.639
1495	320.408	-47.866
1496	320.471	-48.026
1497	320.580	-48.996
1498	320.608	-48.563
1499	320.735	-47.596
1500	320.743	-49.783
1501	321.011	-48.518
1502	321.025	-47.823
1503	321.052	-48.289
1504	321.133	-50.975
1505	321.145	-48.741
1506	321.177	-48.800
1507	321.263	-48.416
1508	321.294	-49.225
1509	321.428	-47.666
1510	321.430	-47.833
1511	321.465	-48.436
1512	321.554	-48.911
1513	321.602	-48.708
1514	321.659	-48.655
1515	321.726	-48.115
1516	321.740	-48.604
1517	321.755	-47.040
1518	321.781	-47.717
1519	321.802	-48.242
1520	321.831	-49.726
1521	321.869	-48.361
1522	321.886	-48.030
1523	321.987	-48.469
1524	322.087	-47.921
1525	322.325	-48.371
1526	322.403	-48.588
1527	322.538	-48.263
1528	322.647	-48.210
1529	322.687	-48.494
1530	322.698	-48.815
1531	322.733	-48.396
1532	322.776	-48.246
1533	322.802	-48.338
1534	322.833	-48.359
1535	322.842	-46.433
1536	322.896	-47.658
1537	323.022	-47.989
1538	323.025	-47.643
1539	323.155	-48.193
1540	323.174	-50.139
1541	323.217	-48.723
1542	323.232	-48.385
1543	323.279	-48.238
1544	323.288	-48.790
1545	323.358	-47.057
1546	323.516	-47.206
1547	323.570	-49.050
1548	323.572	-49.283
1549	323.745	-47.817
1550	323.773	-49.321
1551	323.778	-47.729
1552	323.782	-47.884
1553	323.903	-49.209
1554	324.483	-48.234
1555	324.513	-47.811
1556	324.521	-48.322
1557	324.711	-48.892
1558	324.734	-48.060
1559	324.811	-47.993
1560	325.386	-48.209
1561	325.659	-47.956
1562	325.692	-47.388
1563	325.861	-47.766
1564	325.938	-48.111
1565	325.964	-48.101
1566	325.966	-49.620
1567	326.199	-48.633
1568	326.323	-48.054
1569	326.604	-48.735
1570	326.616	-48.281
1571	326.634	-48.212
1572	326.639	-48.046
1573	326.648	-48.394
1574	326.748	-47.866
1575	326.875	-49.947
1576	326.887	-49.003
1577	327.020	-48.549
1578	327.086	-47.668
1579	327.151	-47.938
1580	327.165	-48.708
1581	327.204	-50.581
1582	327.209	-24.408
1583	327.249	-48.594
1584	327.365	-48.013
1585	327.402	-47.833
1586	328.269	-49.741
1587	328.360	-48.048
1588	328.374	-47.974
1589	328.877	-47.609
1590	329.221	-46.707
1591	329.408	-48.334
1592	329.428	-47.048
1593	329.933	-48.228
1594	330.222	-47.508
1595	330.361	-48.463
1596	330.690	-48.346
1597	331.114	-47.981
1598	331.316	-48.678
1599	331.679	-49.176
1600	332.392	-48.700
1601	332.407	-49.199
1602	333.773	-47.770
1603	334.443	-34.854
1604	337.168	-48.083
1605	337.328	-35.336
1606	337.436	-48.843
1607	337.533	-49.886
1608	337.721	-48.639
1609	337.737	-48.050
1610	338.174	-46.282
1611	338.347	-47.887
1612	338.391	-48.234
1613	338.411	-48.248
1614	338.718	-47.376
1615	338.847	-48.336
1616	338.863	-48.766
1617	339.009	-48.306
1618	339.098	-49.401
1619	339.101	-48.130
1620	339.124	-48.978
1621	339.436	-48.539
1622	339.477	-48.283
1623	339.749	-40.704
1624	339.920	-50.223
1625	340.171	-47.455
1626	340.382	-48.113
1627	340.408	-47.508
1628	340.412	-48.091
1629	340.523	-48.436
1630	340.544	-48.373
1631	340.594	-48.163
1632	340.774	-47.243
1633	340.886	-48.543
1634	341.036	-48.524
1635	341.141	-47.956
1636	341.194	-48.939
1637	341.263	-48.024
1638	341.265	-48.001
1639	342.092	-47.985
1640	342.353	-48.551
1641	342.369	-48.872
1642	342.549	-46.580
1643	342.555	-48.847
1644	342.803	-48.665
1645	342.835	-48.224
1646	342.910	-47.786
1647	343.227	-48.069
1648	343.432	-48.637
1649	343.594	-48.440
1650	343.824	-48.181
1651	344.022	-47.829
1652	344.300	-47.314
1653	344.843	-48.248
1654	344.849	-48.120
1655	345.435	-48.447
1656	346.791	-48.308
1657	346.905	-50.938
1658	347.445	-49.107
1659	347.983	-47.964
1660	348.026	-48.545
1661	348.036	-46.985
1662	348.460	-47.590
1663	348.626	-47.701
1664	348.725	-48.026
1665	348.742	-48.124
1666	348.762	-48.749
1667	348.777	-49.485
1668	349.143	-48.475
1669	349.278	-49.115
1670	349.293	-49.933
1671	349.680	-46.190
1672	350.094	-48.467
1673	350.153	-48.394
1674	353.032	-48.179
1675	353.395	-48.674
1676	354.374	-48.751
1677	354.398	-48.116
1678	354.500	-47.592
1679	354.635	-47.666
1680	354.767	-48.052
1681	354.809	-48.199
1682	358.092	-47.803
1683	362.397	-48.177
1684	362.431	-48.030
1685	362.447	-47.739
1686	362.536	-47.938
1687	362.543	-48.209
1688	362.576	-48.571
1689	362.740	-46.472
1690	362.888	-47.741
1691	363.160	-11.774
1692	363.202	-47.543
1693	363.228	-48.265
1694	363.263	-48.631
1695	363.936	14.701
1696	363.988	-48.250
1697	364.178	-48.287
1698	364.301	-47.271
1699	364.516	-48.295
1700	364.742	-48.496
1701	364.890	-35.326
1702	365.019	-47.549
1703	365.562	-47.660
1704	365.651	-47.265
1705	365.735	-47.905
1706	365.820	-47.555
1707	366.169	-47.748
1708	366.859	-45.777
1709	367.038	-48.555
1710	367.501	-48.819
1711	367.815	-48.737
1712	368.017	-49.015
1713	368.618	-48.093
1714	368.817	-48.120
1715	368.864	-49.091
1716	369.041	-47.823
1717	369.129	-47.466
1718	369.131	-47.972
1719	369.256	-50.423
1720	369.501	-47.562
1721	370.541	-47.232
1722	371.381	-48.103
1723	371.434	-48.122
1724	371.724	-48.089
1725	371.747	-48.062
1726	371.936	-47.997
1727	372.006	-46.703
1728	372.017	-46.276
1729	372.106	-47.678
1730	372.757	-47.061
1731	372.825	-48.700
1732	372.965	-47.782
1733	373.020	-48.839
1734	373.150	-47.790
1735	373.210	-47.878
1736	373.215	-47.433
1737	374.610	-47.874
1738	374.969	-47.402
1739	375.038	-48.502
1740	375.061	-47.889
1741	375.090	-47.220
1742	375.118	-48.516
1743	375.205	-48.304
1744	375.229	-48.087
1745	375.354	-48.385
1746	375.364	-49.262
1747	375.505	-47.705
1748	375.507	-48.790
1749	375.644	-48.514
1750	375.681	-48.393
1751	375.817	-48.682
1752	375.840	-47.512
1753	375.850	-48.398
1754	375.875	-47.437
1755	375.930	-49.005
1756	375.971	-46.294
1757	376.133	-47.768
1758	376.166	-47.545
1759	376.239	-48.242
1760	376.242	-48.678
1761	376.267	-48.069
1762	376.324	-48.054
1763	376.347	-47.625
1764	376.369	-48.160
1765	376.456	-47.884
1766	376.460	-47.627
1767	376.792	-48.289
1768	376.822	-49.546
1769	377.484	-47.647
1770	377.506	-49.542
1771	377.668	-47.053
1772	377.778	-48.868
1773	378.073	-50.863
1774	378.638	-48.340
1775	378.908	-48.113
1776	379.710	-47.956
1777	379.934	-48.686
1778	383.837	-47.987
1779	383.842	-48.385
1780	384.323	-48.330
1781	384.329	-47.784
1782	384.715	-48.575
1783	384.764	-48.173
1784	384.829	-47.386
1785	384.917	-48.582
1786	384.980	-48.817
1787	385.161	-48.068
1788	385.175	-47.394
1789	386.192	-48.040
1790	386.737	-48.496
1791	387.422	-48.672
1792	387.495	-48.032
1793	387.507	-48.387
1794	387.532	-48.682
1795	387.551	-47.833
1796	387.705	-47.151
1797	387.768	-48.506
1798	388.195	-48.083
1799	388.261	-48.443
1800	388.669	-47.829
1801	388.750	-48.398
1802	388.849	-47.333
1803	390.888	-48.302
1804	392.703	-48.163
1805	393.309	-48.167
1806	393.401	-47.578
1807	393.465	-48.385
1808	393.610	-48.191
1809	393.739	-49.354
1810	393.990	-48.571
1811	394.060	-48.113
1812	394.197	-47.196
1813	394.419	-47.917
1814	394.438	-47.964
1815	394.521	-48.175
1816	394.606	-46.474
1817	394.613	-48.496
1818	394.901	-47.966
1819	394.930	-47.161
1820	395.008	-47.895
1821	395.072	-48.653
1822	395.139	-47.701
1823	395.417	-49.348
1824	395.442	-48.833
1825	395.482	-47.506
1826	395.526	-47.733
1827	395.899	-47.942
1828	395.960	-48.596
1829	396.092	-48.297
1830	397.012	-48.391
1831	397.946	-49.076
1832	397.950	-47.729
1833	397.989	-47.690
1834	398.211	-48.451
1835	398.299	-49.299
1836	398.315	-49.244
1837	398.344	-48.952
1838	398.630	-48.798
1839	398.646	-46.648
1840	398.816	-48.036
1841	398.840	-48.021
1842	399.009	-49.003
1843	399.027	-48.565
1844	399.144	-49.508
1845	399.435	-48.023
1846	399.673	-47.398
1847	399.713	-48.375
1848	399.805	-48.030
1849	400.037	-46.956
1850	400.129	-49.023
1851	400.214	-48.252
1852	400.345	-48.181
1853	400.499	-48.179
1854	400.575	-47.737
1855	400.633	-48.774
1856	400.648	-48.156
1857	400.722	-47.762
1858	401.051	-47.410
1859	401.145	-48.308
1860	403.421	-48.269
1861	404.671	-48.582
1862	408.436	-48.530
1863	408.600	-48.857
1864	409.593	-47.721
1865	409.669	-49.185
1866	409.892	-48.393
1867	409.918	-46.396
1868	410.664	-48.443
1869	410.903	-48.289
1870	411.007	-48.304
1871	411.448	-47.788
1872	411.618	-47.944
1873	411.654	-48.173
1874	412.475	-48.674
1875	412.636	-47.725
1876	412.699	-48.346
1877	412.770	-48.553
1878	413.022	-48.124
1879	413.024	-47.774
1880	413.026	-47.416
1881	413.080	-47.897
1882	413.245	-46.587
1883	413.331	-47.768
1884	413.416	-48.727
1885	413.493	-47.782
1886	413.511	-47.905
1887	413.699	-48.075
1888	413.731	-48.939
1889	413.810	-48.238
1890	414.449	-48.780
1891	415.774	-47.480
1892	415.784	-48.069
1893	416.067	-49.207
1894	416.208	-48.228
1895	416.322	-48.381
1896	416.854	-47.846
1897	416.879	-47.560
1898	416.947	-48.128
1899	417.067	-48.312
1900	417.102	-49.017
1901	417.438	-49.593
1902	417.622	-48.287
1903	417.926	-47.981
1904	418.215	-47.983
1905	418.556	-50.074
1906	418.963	-48.629
1907	418.971	-48.428
1908	419.310	-48.890
1909	420.992	-48.091
1910	421.327	-47.549
1911	421.928	-48.943
1912	422.446	-3.538
1913	423.115	-48.048
1914	424.347	-48.009
1915	425.051	-48.195
1916	425.138	-48.530
1917	425.150	-48.373
1918	425.340	-47.337
1919	425.442	-47.942
1920	425.499	-48.909
1921	425.901	-32.722
1922	426.113	-47.617
1923	426.121	-48.257
1924	426.965	-48.283
1925	427.258	-47.459
1926	427.309	-28.421
1927	427.375	40.082
1928	427.459	-48.947
1929	428.122	-47.059
1930	428.280	-48.334
1931	428.532	-48.013
1932	428.798	-47.799
1933	429.024	39.397
1934	429.038	-46.427
1935	429.111	-44.820
1936	429.185	-47.562
1937	429.282	-48.761
1938	429.288	-47.188
1939	429.305	-47.369
1940	429.307	-48.064
1941	429.390	-46.519
1942	429.417	-48.487
1943	429.470	-48.563
1944	429.507	-48.432
1945	429.580	-47.913
1946	429.681	-48.150
1947	429.693	-48.537
1948	429.812	-48.103
1949	429.871	-47.752
1950	429.927	-48.373
1951	430.045	-48.344
1952	430.334	-47.690
1953	430.383	-47.974
1954	430.675	-50.388
1955	431.468	-15.946
1956	431.607	-48.649
1957	431.703	-48.015
1958	431.862	-47.617
1959	431.996	-48.073
1960	432.007	-48.017
1961	433.153	-48.596
1962	433.333	-48.087
1963	433.477	-48.880
1964	433.514	-48.342
1965	433.609	-47.322
1966	433.789	-47.723
1967	433.912	-46.396
1968	433.930	-47.954
1969	433.970	-48.320
1970	434.099	-48.485
1971	434.182	-48.620
1972	434.214	-48.171
1973	434.220	-47.966
1974	434.284	-48.297
1975	434.289	-48.422
1976	434.312	-48.751
1977	434.705	-43.878
1978	434.807	-44.937
1979	434.888	-48.326
1980	435.531	-48.487
1981	435.810	-47.668
1982	435.833	-49.236
1983	436.031	-48.363
1984	436.224	-48.608
1985	436.430	-48.267
1986	436.476	-47.854
1987	436.939	-48.487
1988	437.139	-47.598
1989	437.207	-48.107
1990	437.379	-49.248
1991	437.993	-46.298
1992	438.083	-48.371
1993	438.281	-47.745
1994	438.283	-47.369
1995	438.360	-48.657
1996	438.564	-47.606
1997	438.567	-47.140
1998	439.252	-47.780
1999	439.292	-46.705
2000	439.366	-49.217
