DXEX v3
C:\Documents and Settings\LDA\My Documents\TM_SANTOS\Equipo_5\Trailer.lda
3:11:49 PM
0.00 mm;0.00 mm;1.00 mm
Region1
"Row#"	"AT [ms]"	"LDA1 [m/s]"	
1	0.483	-42.014
2	0.570	-42.515
3	0.748	-42.811
4	0.838	-41.333
5	3.358	-11.396
6	3.614	-43.118
7	3.660	-43.060
8	3.743	-42.437
9	4.051	-42.132
10	4.138	-41.558
11	4.171	-41.852
12	4.660	-41.879
13	4.910	-42.124
14	5.289	-41.204
15	5.317	-41.824
16	5.423	-41.738
17	5.977	-42.682
18	6.932	-41.961
19	7.033	-43.798
20	7.228	-42.644
21	7.427	-42.259
22	7.515	-41.805
23	7.547	-42.071
24	7.570	-41.711
25	7.577	-41.832
26	7.583	-42.480
27	7.630	-42.386
28	7.801	-41.993
29	7.818	-42.402
30	8.162	-42.374
31	8.213	-42.241
32	8.831	-42.214
33	8.857	-42.341
34	8.865	-42.339
35	9.088	-42.378
36	9.326	-42.881
37	9.743	-42.226
38	9.867	-42.020
39	9.969	-42.688
40	10.004	-42.594
41	10.110	-42.298
42	10.164	-42.206
43	10.318	-42.339
44	10.342	-41.460
45	10.433	-41.875
46	10.475	-41.376
47	10.536	-42.856
48	10.664	-44.050
49	10.826	-42.341
50	10.852	-41.750
51	10.925	-40.884
52	11.029	-42.435
53	11.045	-41.975
54	11.046	-41.413
55	11.283	-42.055
56	11.301	-42.018
57	11.314	-42.566
58	11.394	-42.793
59	12.325	-43.179
60	12.723	-42.537
61	13.911	-43.925
62	14.023	-43.087
63	15.004	-40.953
64	15.115	-41.252
65	15.504	-42.599
66	15.817	-39.545
67	16.272	-47.562
68	16.767	-42.192
69	17.065	-42.308
70	18.029	-42.155
71	18.059	-43.700
72	18.062	-42.259
73	18.088	-41.462
74	18.274	-45.058
75	18.284	-42.899
76	18.323	-41.918
77	18.383	-41.924
78	18.390	-42.314
79	18.501	-42.149
80	19.098	-41.850
81	19.124	-42.049
82	19.136	-41.370
83	20.037	-41.836
84	20.307	-41.677
85	20.510	-42.300
86	20.650	-43.298
87	20.720	-42.257
88	21.664	-41.799
89	21.994	-42.290
90	22.124	-42.368
91	22.174	-41.969
92	22.191	-42.462
93	22.265	-41.967
94	22.313	-41.605
95	22.338	-42.762
96	22.402	-42.137
97	22.459	-42.756
98	22.644	-41.963
99	22.750	-42.625
100	22.840	-42.126
101	22.843	-43.482
102	22.938	-42.018
103	23.097	-42.419
104	23.138	-42.453
105	23.175	-41.861
106	23.253	-43.529
107	23.279	-42.752
108	23.320	-42.239
109	23.385	-42.556
110	23.442	-42.631
111	23.552	-42.120
112	23.554	-41.750
113	23.593	-42.222
114	23.597	-42.304
115	23.652	-42.090
116	23.726	-41.407
117	23.739	-40.403
118	24.031	-42.627
119	24.050	-42.842
120	24.081	-42.805
121	24.197	-41.511
122	24.246	-43.161
123	24.264	-42.668
124	24.267	-41.985
125	24.321	-42.592
126	24.424	-41.973
127	24.636	-44.587
128	24.640	-41.695
129	24.690	-34.394
130	24.801	-42.815
131	24.836	-42.249
132	24.910	-41.615
133	24.920	-41.840
134	24.974	-42.116
135	25.072	-41.740
136	25.164	-41.936
137	25.174	-41.724
138	25.230	-42.008
139	25.374	-42.690
140	25.507	-42.556
141	25.522	-42.265
142	25.527	-41.738
143	25.666	-41.671
144	25.749	-41.274
145	25.765	-42.482
146	25.785	-43.060
147	25.821	-42.419
148	25.904	-41.435
149	25.951	-41.411
150	26.008	-43.140
151	26.056	-42.875
152	26.089	-42.592
153	26.093	-42.159
154	26.101	-42.439
155	26.180	-42.163
156	26.202	-42.341
157	26.256	-42.208
158	26.259	-43.199
159	26.484	-42.652
160	26.503	-41.901
161	26.591	-42.233
162	26.613	-42.921
163	26.649	-42.347
164	26.702	-41.879
165	26.820	-43.271
166	26.869	-41.615
167	26.872	-41.848
168	26.884	-43.373
169	27.005	-42.122
170	27.142	-41.613
171	27.275	-42.713
172	27.465	-42.159
173	27.501	-42.731
174	27.686	-43.884
175	27.766	-42.482
176	28.055	-41.924
177	28.156	-19.811
178	28.256	-42.811
179	28.295	-42.554
180	28.400	-42.036
181	28.430	-40.569
182	28.456	-41.722
183	28.722	-42.670
184	28.812	-42.210
185	28.814	-41.748
186	29.028	-41.859
187	29.045	-42.139
188	29.064	-42.500
189	29.089	-42.623
190	29.171	-42.392
191	29.432	-41.889
192	29.455	-41.818
193	29.522	-42.298
194	29.867	-42.764
195	29.936	-42.973
196	29.960	-42.010
197	29.992	-42.245
198	30.001	-42.962
199	30.059	-42.713
200	30.080	-42.478
201	30.172	-41.476
202	30.174	-41.693
203	30.189	-41.489
204	30.201	-42.030
205	30.215	-42.543
206	30.235	-41.730
207	30.300	-43.087
208	30.317	-42.776
209	30.341	-41.805
210	30.418	-42.038
211	30.430	-43.060
212	30.504	-42.570
213	30.536	-43.518
214	30.550	-41.820
215	30.596	-40.095
216	30.720	-42.112
217	30.751	-42.410
218	30.938	-42.269
219	30.966	-41.219
220	31.060	-41.546
221	31.085	-42.316
222	31.319	-41.891
223	31.329	-28.866
224	31.458	-42.359
225	31.510	-41.959
226	31.611	-41.239
227	31.676	-42.100
228	31.711	-41.068
229	31.755	-42.061
230	31.941	-42.204
231	31.974	-42.509
232	31.983	-42.425
233	31.997	-41.194
234	32.065	-41.225
235	32.236	-42.149
236	32.379	14.595
237	32.655	-41.587
238	32.702	-37.899
239	32.906	-43.629
240	32.979	-41.497
241	33.155	-42.065
242	33.221	-42.850
243	33.355	-41.386
244	33.881	-42.462
245	34.015	-43.150
246	34.049	-41.879
247	34.216	-41.485
248	34.300	-42.582
249	34.316	-42.081
250	34.375	-42.182
251	34.517	-41.718
252	34.521	-40.771
253	34.577	-42.102
254	34.606	-42.637
255	34.710	-42.075
256	34.722	-42.124
257	34.907	-41.599
258	35.105	-42.699
259	35.141	-42.128
260	35.789	-14.243
261	38.803	-42.484
262	38.837	-41.901
263	39.099	-42.597
264	39.121	-41.675
265	39.532	-42.545
266	39.562	-42.437
267	40.316	-42.269
268	40.400	-43.819
269	40.637	-42.423
270	40.932	-28.329
271	41.479	-41.433
272	41.607	-42.437
273	42.555	-40.949
274	42.566	-41.478
275	42.717	-41.951
276	42.754	-43.144
277	43.031	-41.029
278	43.036	-42.355
279	43.041	-40.826
280	43.377	-42.515
281	43.453	-42.413
282	43.793	-42.255
283	43.900	-42.298
284	43.958	-42.175
285	44.225	-41.803
286	44.251	-41.505
287	44.357	-43.825
288	44.595	-42.433
289	45.674	-42.245
290	45.949	-42.539
291	46.434	-43.018
292	46.828	-41.744
293	46.851	-42.343
294	47.050	-42.496
295	47.408	-41.153
296	47.602	-42.194
297	48.335	-42.090
298	48.679	-41.335
299	48.714	-41.750
300	48.860	-41.399
301	49.778	-42.744
302	49.836	-42.345
303	51.120	-42.402
304	51.204	-41.458
305	51.535	-41.951
306	53.481	-42.114
307	53.505	-46.770
308	57.273	-36.246
309	60.961	-41.881
310	61.118	-42.662
311	61.218	-41.910
312	61.314	-42.032
313	61.329	-41.762
314	61.375	-41.581
315	61.516	-41.607
316	61.545	-42.190
317	61.549	-40.638
318	61.681	-41.914
319	61.691	-42.760
320	61.750	-42.028
321	61.832	-42.774
322	61.877	-41.705
323	61.888	-41.763
324	61.896	-42.345
325	61.933	-42.006
326	61.963	-42.404
327	62.074	-42.858
328	62.193	-42.486
329	62.610	-44.226
330	62.612	-42.143
331	62.815	-42.500
332	63.384	-42.006
333	63.475	-42.180
334	63.497	-41.951
335	63.604	-42.607
336	63.637	-44.663
337	63.640	-42.789
338	63.748	-42.071
339	63.871	-41.993
340	63.963	-41.615
341	63.990	-41.885
342	64.063	-42.016
343	64.079	-42.394
344	64.099	-41.926
345	64.155	-41.061
346	64.178	-41.513
347	64.265	-41.834
348	64.272	-42.253
349	64.274	-42.351
350	64.286	-41.530
351	64.320	-42.351
352	64.353	-42.290
353	64.397	-42.061
354	64.430	-41.505
355	64.625	-42.347
356	64.658	-42.668
357	64.661	-42.858
358	64.742	-42.323
359	64.782	-42.539
360	64.816	-42.384
361	64.854	-42.623
362	64.905	-41.855
363	65.214	-42.110
364	65.331	-42.280
365	65.346	-41.738
366	65.391	-42.110
367	65.625	-42.053
368	65.920	-42.198
369	66.121	-40.426
370	66.197	-41.607
371	66.251	-42.811
372	66.253	-42.161
373	66.327	-41.716
374	66.435	-42.000
375	66.479	-41.560
376	66.706	-42.844
377	66.731	-50.472
378	66.843	-42.854
379	66.880	-42.394
380	66.885	-41.760
381	67.062	-41.478
382	67.153	-42.222
383	67.317	-41.160
384	67.322	-42.196
385	67.388	-42.092
386	67.406	-41.940
387	67.411	-41.652
388	67.447	-40.926
389	67.504	-42.985
390	67.509	-42.601
391	67.518	-35.487
392	67.649	-42.104
393	67.755	-42.678
394	67.968	-41.963
395	68.178	-41.501
396	68.456	-42.717
397	68.735	-42.331
398	68.792	-40.659
399	68.955	-42.327
400	69.022	-42.429
401	69.045	-42.455
402	69.099	-42.206
403	69.134	-41.409
404	69.136	-42.081
405	69.222	-42.936
406	69.237	-42.081
407	69.257	-42.715
408	69.260	-42.993
409	69.436	-41.883
410	69.449	-41.668
411	69.519	-40.935
412	69.532	-41.779
413	69.589	-42.239
414	69.618	-42.335
415	69.673	-42.220
416	69.702	-42.098
417	69.745	-42.047
418	69.756	-41.873
419	69.785	-41.763
420	69.848	-42.321
421	69.882	-42.075
422	69.886	-42.057
423	69.937	-42.701
424	70.678	-42.384
425	70.787	-42.985
426	70.959	-43.208
427	71.005	-42.492
428	71.012	-41.730
429	71.213	-42.690
430	71.217	-42.016
431	71.296	-42.948
432	71.344	-41.965
433	71.618	-43.314
434	71.634	-42.043
435	71.666	-42.924
436	72.023	-41.393
437	72.373	-42.008
438	72.610	-42.302
439	72.698	-42.764
440	72.704	-42.083
441	72.745	-42.231
442	72.882	-41.350
443	72.932	-42.564
444	72.971	-41.587
445	72.973	-41.785
446	73.223	-48.780
447	73.318	-42.398
448	73.347	-42.556
449	73.373	-41.642
450	73.501	-42.041
451	73.519	-42.789
452	73.536	-41.787
453	73.572	-42.249
454	73.598	-42.059
455	73.672	-42.210
456	73.720	-43.118
457	73.768	-42.173
458	73.834	-41.650
459	73.861	-42.736
460	73.917	-42.071
461	74.028	-42.194
462	74.130	-42.644
463	74.217	-42.087
464	74.320	-42.564
465	74.504	-42.032
466	74.916	-41.701
467	74.945	-41.599
468	74.975	-41.989
469	75.090	-41.151
470	75.267	-42.226
471	75.278	-41.957
472	75.966	-16.179
473	76.122	-41.769
474	76.225	-42.509
475	76.300	-42.004
476	76.384	-42.282
477	76.565	-41.372
478	76.582	-42.112
479	76.603	-42.071
480	76.657	-42.143
481	76.658	-41.760
482	76.706	-42.274
483	76.718	-42.153
484	76.811	-42.261
485	76.917	-44.089
486	76.925	-42.617
487	76.959	-41.959
488	77.166	-42.388
489	77.169	-41.777
490	77.418	-42.126
491	77.551	-39.655
492	77.859	-41.922
493	78.012	-41.102
494	78.145	-42.226
495	78.294	-40.787
496	78.394	-41.944
497	78.400	-41.994
498	78.423	-42.361
499	78.453	-41.762
500	78.563	-42.556
501	78.574	-41.977
502	78.607	-41.691
503	78.608	-42.112
504	78.626	-41.485
505	78.708	-42.596
506	78.725	-42.169
507	78.937	-42.282
508	79.024	-42.472
509	79.054	-42.229
510	79.128	-42.067
511	79.193	-42.556
512	79.358	-42.686
513	79.387	-41.658
514	79.417	-42.288
515	79.449	-42.163
516	79.492	-41.292
517	79.821	-41.981
518	79.947	-42.572
519	80.006	-43.204
520	80.025	-42.453
521	80.055	-42.505
522	80.122	-42.159
523	80.281	-43.668
524	80.337	-42.574
525	80.415	-42.108
526	80.582	-41.366
527	80.630	-42.020
528	80.648	-41.070
529	80.954	-41.969
530	80.985	-41.955
531	81.005	-43.118
532	81.086	-43.152
533	81.111	-42.355
534	81.160	-42.032
535	81.185	-42.171
536	81.214	-42.652
537	81.310	-41.391
538	81.315	47.314
539	81.465	-43.463
540	81.498	-42.010
541	81.605	-41.844
542	81.810	-42.020
543	81.904	-42.302
544	81.994	-40.998
545	82.028	-41.953
546	82.204	-43.155
547	82.439	-42.194
548	82.444	-42.956
549	82.503	-42.141
550	82.545	-41.791
551	82.562	-42.466
552	82.566	-42.380
553	82.593	-42.184
554	82.625	-41.807
555	82.672	-41.885
556	82.940	-42.639
557	82.953	-42.433
558	82.968	-42.022
559	83.010	-42.537
560	83.082	-42.312
561	83.104	-42.457
562	83.339	-42.043
563	83.405	-43.255
564	83.439	-42.572
565	83.608	-42.284
566	83.705	-41.758
567	83.849	-42.365
568	83.969	-43.056
569	84.149	-41.450
570	84.340	-43.024
571	84.343	-42.020
572	84.484	-41.677
573	84.543	-42.239
574	84.595	-41.566
575	84.697	-41.959
576	84.750	-42.041
577	84.781	-41.859
578	84.793	-41.942
579	84.801	-42.100
580	84.860	-42.770
581	84.896	-40.706
582	84.923	-39.812
583	84.929	-43.159
584	84.942	-42.110
585	84.950	-43.312
586	84.952	-41.650
587	84.988	-42.353
588	85.035	-42.067
589	85.047	-43.003
590	85.103	-42.184
591	85.169	-43.261
592	85.221	-40.898
593	85.291	-43.087
594	85.387	-42.707
595	85.411	-41.946
596	85.422	-41.946
597	85.536	-42.836
598	85.546	-41.805
599	85.548	-43.210
600	85.558	-42.339
601	85.764	-42.458
602	85.924	-42.815
603	85.943	-42.122
604	85.971	-41.967
605	86.076	-42.549
606	86.082	-41.963
607	86.086	-42.449
608	86.095	-43.122
609	86.134	-42.611
610	86.208	-41.812
611	86.273	-41.532
612	86.281	-42.930
613	86.302	-42.574
614	86.312	-41.955
615	86.429	-19.476
616	86.564	-41.484
617	86.636	-42.363
618	86.704	-42.282
619	86.711	-42.143
620	86.798	-42.558
621	86.800	-41.951
622	86.845	-42.226
623	86.861	-41.779
624	86.911	-41.380
625	87.193	-41.991
626	87.338	-42.631
627	87.476	-41.444
628	87.484	-41.262
629	87.558	-43.058
630	87.579	-41.816
631	87.626	-42.184
632	87.660	-43.539
633	87.751	-41.495
634	87.871	-42.740
635	87.929	-42.216
636	87.940	-42.329
637	87.967	-41.374
638	87.971	-42.253
639	87.982	-42.457
640	88.043	-42.977
641	88.146	-42.196
642	88.162	-42.643
643	88.189	-41.744
644	88.280	-41.763
645	88.358	-42.020
646	88.476	-42.807
647	88.512	-44.042
648	91.115	-42.924
649	91.177	-42.617
650	91.237	-42.631
651	91.323	-41.756
652	91.390	-42.774
653	91.403	-41.996
654	91.425	-40.620
655	91.551	-41.476
656	91.557	-42.163
657	91.559	-42.294
658	91.569	-42.220
659	91.632	-42.335
660	91.659	-41.437
661	91.900	-42.443
662	91.977	-43.212
663	92.121	-41.560
664	92.205	-42.318
665	92.305	-41.783
666	92.312	-40.505
667	92.325	-41.407
668	92.479	-41.538
669	92.526	-42.171
670	92.540	-40.499
671	92.570	-46.971
672	92.645	-41.634
673	92.690	-42.746
674	92.887	-42.104
675	93.028	-41.744
676	93.142	-41.632
677	93.195	-41.926
678	93.220	-41.579
679	93.253	-41.942
680	93.261	-42.682
681	93.269	-40.745
682	93.441	-42.073
683	93.492	-41.844
684	93.499	-40.969
685	93.558	-42.259
686	93.653	-41.850
687	94.003	-43.866
688	95.262	-41.149
689	95.343	42.707
690	95.785	-40.213
691	96.950	11.463
692	98.273	-42.098
693	98.278	-41.319
694	98.360	-42.049
695	98.406	-42.380
696	99.672	-41.671
697	99.716	-43.923
698	99.733	-42.611
699	99.736	-42.921
700	99.767	-43.377
701	99.799	-43.410
702	99.822	-41.581
703	99.830	-42.374
704	100.084	-42.709
705	100.185	-42.153
706	100.422	-9.617
707	100.569	-42.633
708	100.774	-43.050
709	100.941	-42.543
710	101.041	-42.120
711	101.159	-41.360
712	101.245	-42.286
713	101.277	-41.948
714	101.335	-41.390
715	101.349	-42.840
716	101.499	-43.030
717	101.564	-41.617
718	101.893	-42.652
719	101.994	-42.282
720	102.525	-42.515
721	102.644	-38.907
722	103.129	-42.157
723	104.748	-29.903
724	109.007	-42.314
725	109.430	-42.257
726	109.473	-41.718
727	109.482	-41.362
728	109.595	-42.204
729	109.667	-42.000
730	109.825	-42.163
731	109.963	-42.343
732	110.229	-42.498
733	111.174	-41.313
734	111.448	-42.639
735	111.598	-41.734
736	112.016	-25.878
737	112.745	-13.268
738	112.879	-41.391
739	112.926	-42.118
740	113.292	-37.954
741	113.346	-43.013
742	113.374	-41.807
743	113.420	-41.086
744	113.458	-42.018
745	113.495	-41.732
746	113.759	-42.327
747	114.347	-41.877
748	114.406	-41.785
749	114.440	-42.030
750	114.492	-41.789
751	114.604	-41.779
752	114.657	-41.251
753	114.816	-40.734
754	115.089	-42.476
755	115.356	-41.560
756	115.489	-41.409
757	115.492	-42.253
758	115.496	-41.738
759	115.529	-42.787
760	115.566	-40.665
761	115.593	-43.657
762	115.617	-41.944
763	115.621	-42.087
764	115.643	-41.497
765	115.700	-41.607
766	115.707	-42.633
767	115.830	-40.103
768	115.834	-43.510
769	115.843	-41.294
770	115.864	-41.756
771	115.870	-42.785
772	115.902	-42.043
773	115.921	-40.894
774	115.929	-41.397
775	116.042	-40.941
776	116.049	-41.632
777	116.109	-41.789
778	116.188	-40.757
779	116.223	-41.499
780	116.372	-41.973
781	116.412	-42.186
782	116.433	-41.767
783	116.474	-42.051
784	116.502	-43.056
785	116.511	-42.359
786	116.595	-41.969
787	116.609	-45.008
788	116.668	-42.188
789	116.686	-42.472
790	116.808	-41.963
791	116.822	-41.018
792	116.866	-39.806
793	116.921	-42.053
794	116.935	-42.621
795	116.958	3.021
796	116.962	-42.513
797	116.967	-42.233
798	116.985	-41.787
799	116.988	-42.102
800	117.006	-41.938
801	117.023	-42.071
802	117.112	-42.799
803	117.142	-40.775
804	117.179	-41.742
805	117.192	-41.855
806	118.002	-42.564
807	118.115	-42.036
808	118.128	-41.979
809	118.190	-42.202
810	118.228	-42.515
811	118.234	-41.754
812	118.284	-41.904
813	118.304	-42.010
814	118.329	-42.179
815	118.383	-41.760
816	118.475	-41.566
817	118.502	-41.822
818	118.524	-41.846
819	118.541	-41.859
820	118.564	-42.572
821	118.576	-42.635
822	118.695	-42.960
823	118.762	-42.368
824	118.828	-41.008
825	118.937	-42.433
826	119.031	-42.817
827	119.680	-41.891
828	119.957	-44.011
829	120.667	-42.276
830	120.923	-41.715
831	121.915	-43.136
832	122.201	-42.245
833	122.218	-42.318
834	122.246	-41.143
835	122.283	-40.021
836	122.306	-42.298
837	122.506	-41.728
838	122.509	-41.591
839	122.749	-42.527
840	122.793	-42.635
841	123.687	-41.993
842	124.281	-42.173
843	124.326	-20.390
844	124.351	-42.425
845	124.403	-41.959
846	124.568	-40.383
847	124.745	-41.568
848	125.049	-42.063
849	125.445	-41.231
850	126.255	-42.785
851	126.532	-40.603
852	127.144	-31.233
853	127.212	-39.512
854	127.759	-42.862
855	128.003	-40.260
856	128.208	-41.951
857	128.480	-41.869
858	128.687	-41.883
859	129.037	-41.155
860	129.081	-13.009
861	129.217	-43.386
862	129.355	-41.591
863	130.105	25.052
864	130.201	-42.126
865	130.337	-41.172
866	130.812	-42.059
867	131.045	-41.433
868	131.141	-42.126
869	131.342	-41.742
870	131.461	-41.887
871	131.465	-40.847
872	131.516	-42.519
873	131.563	-41.959
874	131.772	-41.576
875	131.829	-40.687
876	131.876	-42.253
877	131.897	-41.912
878	131.944	-41.951
879	132.005	-41.370
880	132.171	-41.650
881	132.223	-41.068
882	133.391	-41.994
883	133.946	-41.709
884	134.366	-41.777
885	134.417	-41.360
886	134.476	-41.634
887	134.541	-42.137
888	134.595	-41.507
889	134.842	-43.328
890	135.110	-41.707
891	135.112	-41.771
892	135.131	-41.619
893	135.197	8.732
894	135.301	-41.769
895	135.396	-42.435
896	135.762	-42.312
897	135.841	-41.671
898	136.028	-41.562
899	136.104	-41.564
900	136.150	-42.449
901	136.163	-41.468
902	136.213	-42.087
903	136.351	-41.668
904	136.360	-42.004
905	136.443	-41.932
906	136.497	-41.834
907	136.551	-42.578
908	136.599	-41.769
909	136.610	-42.210
910	136.627	-42.149
911	136.711	-43.050
912	136.875	-42.063
913	136.942	-41.697
914	136.986	-42.347
915	137.059	-42.135
916	137.131	-41.779
917	137.144	-41.556
918	137.295	-42.964
919	137.386	-42.368
920	137.768	-41.078
921	138.145	-42.854
922	138.147	-41.536
923	138.441	-41.967
924	138.575	-41.254
925	138.952	-41.345
926	138.981	-41.523
927	139.189	-42.580
928	139.259	-42.875
929	139.522	-40.260
930	142.291	-41.057
931	142.478	-24.433
932	143.373	-42.513
933	143.559	-41.448
934	143.621	-41.951
935	143.667	-41.638
936	143.716	-41.529
937	143.750	-42.525
938	143.753	-42.069
939	143.769	-42.055
940	143.841	-42.012
941	144.022	-42.458
942	144.079	-42.114
943	144.108	-40.734
944	144.357	-41.846
945	144.368	-40.485
946	144.476	-42.339
947	144.504	-42.631
948	144.664	-41.090
949	144.820	-42.210
950	145.128	-42.363
951	145.227	-42.496
952	145.242	-41.685
953	145.366	-42.010
954	145.411	-41.922
955	145.456	-41.299
956	151.822	-41.734
957	151.966	-41.748
958	151.973	-42.083
959	152.460	-41.691
960	152.642	-42.255
961	152.648	-42.460
962	152.786	-42.116
963	152.920	-42.310
964	153.165	-43.631
965	153.234	-41.356
966	153.252	-41.779
967	153.282	-42.179
968	153.290	-42.165
969	153.385	-41.848
970	153.440	-41.850
971	153.474	-41.581
972	153.509	-41.936
973	153.606	-42.233
974	153.686	-42.024
975	153.755	-41.697
976	153.843	-42.523
977	153.905	-43.529
978	153.981	-41.313
979	154.106	-43.163
980	154.120	-41.846
981	154.161	-41.809
982	154.184	-42.335
983	154.198	-43.400
984	154.203	-41.345
985	154.208	-41.973
986	154.349	-41.904
987	154.372	-42.318
988	154.466	-42.419
989	154.470	-41.331
990	154.491	-41.715
991	154.518	-42.590
992	154.589	-40.994
993	154.616	-41.944
994	154.635	-41.548
995	154.668	-43.645
996	154.739	-41.648
997	154.822	-42.012
998	154.827	-42.535
999	154.840	-42.733
1000	154.897	-41.916
1001	155.587	-41.961
1002	156.232	-41.724
1003	156.270	-35.393
1004	156.391	-42.143
1005	156.457	-42.862
1006	156.462	-43.050
1007	156.497	-43.238
1008	156.531	-41.957
1009	156.752	-42.306
1010	156.898	-42.670
1011	157.195	-42.296
1012	157.456	-40.133
1013	158.294	-42.717
1014	158.803	-41.942
1015	158.959	-42.462
1016	159.789	-43.386
1017	159.797	-42.404
1018	160.329	-41.460
1019	160.526	-41.783
1020	160.673	-41.427
1021	160.819	-42.365
1022	160.962	-43.404
1023	161.132	-42.799
1024	161.239	-42.040
1025	161.331	-42.133
1026	161.443	-41.211
1027	161.472	-42.245
1028	161.507	-41.564
1029	161.532	-41.450
1030	161.655	-43.028
1031	161.677	-41.732
1032	161.729	-41.597
1033	161.763	-42.106
1034	161.799	-42.204
1035	161.924	-41.675
1036	161.928	-42.408
1037	161.934	-40.168
1038	162.012	-43.508
1039	162.021	-43.811
1040	162.052	-41.652
1041	162.059	-42.484
1042	162.067	-41.889
1043	162.076	-38.852
1044	162.082	-43.022
1045	162.991	-42.599
1046	163.057	-41.934
1047	163.116	-42.917
1048	163.126	-42.257
1049	163.170	-42.314
1050	163.446	-42.484
1051	163.513	-43.349
1052	163.573	-25.821
1053	163.657	-42.429
1054	163.921	-41.946
1055	163.990	-42.321
1056	164.066	-41.912
1057	164.095	-42.488
1058	164.121	-42.490
1059	164.128	-41.748
1060	164.310	-41.787
1061	165.000	-42.010
1062	166.452	-44.931
1063	166.635	-41.695
1064	171.562	-41.585
1065	171.754	36.949
1066	171.780	-41.170
1067	172.047	-42.124
1068	172.146	-42.214
1069	172.425	-43.152
1070	172.644	-41.673
1071	172.660	-42.149
1072	172.717	-42.053
1073	172.797	-42.564
1074	172.800	-42.355
1075	173.020	-42.439
1076	173.086	-42.601
1077	173.139	-41.417
1078	173.154	-41.243
1079	173.424	-43.048
1080	173.441	-41.767
1081	173.544	-41.397
1082	173.682	-41.669
1083	173.695	-41.965
1084	173.770	-42.664
1085	173.826	-41.910
1086	173.840	-42.137
1087	175.270	-27.785
1088	175.469	-40.951
1089	175.977	-42.357
1090	176.047	-42.905
1091	176.478	-41.705
1092	176.855	-24.733
1093	177.000	-41.630
1094	177.121	-42.735
1095	177.334	-42.353
1096	177.416	-42.298
1097	177.503	-42.210
1098	177.577	-42.981
1099	177.599	-45.912
1100	177.690	-41.901
1101	177.763	-42.112
1102	177.905	-41.877
1103	177.916	-42.625
1104	178.062	-42.222
1105	178.185	-42.713
1106	178.214	-42.316
1107	178.247	-43.433
1108	178.342	-40.984
1109	178.543	-42.374
1110	178.553	-42.521
1111	178.584	-43.269
1112	178.728	-42.304
1113	178.817	-43.398
1114	178.854	-42.220
1115	179.040	-40.861
1116	179.203	-42.776
1117	179.905	-26.784
1118	180.946	-41.918
1119	181.020	-42.112
1120	181.631	-21.117
1121	181.998	-41.611
1122	182.498	-42.368
1123	183.016	-41.854
1124	183.110	-42.282
1125	183.135	-30.050
1126	183.395	-40.849
1127	183.492	-33.449
1128	185.446	4.225
1129	185.452	-40.587
1130	185.834	-41.566
1131	185.931	-42.214
1132	185.938	-42.194
1133	185.966	-41.478
1134	185.977	-41.758
1135	185.995	-41.942
1136	186.007	-41.207
1137	186.049	-40.980
1138	186.060	-42.157
1139	186.104	-41.805
1140	186.488	-42.368
1141	186.690	-42.267
1142	186.696	-39.299
1143	186.765	-42.682
1144	186.799	-41.125
1145	186.930	-41.164
1146	187.122	25.300
1147	187.142	-42.034
1148	187.147	-42.053
1149	188.779	-41.996
1150	188.873	-41.529
1151	189.086	-42.872
1152	189.822	-41.981
1153	189.870	-42.693
1154	189.961	-41.713
1155	190.012	-42.513
1156	190.075	-41.859
1157	190.581	-41.464
1158	192.375	-42.280
1159	192.638	-41.108
1160	192.865	-42.274
1161	193.341	-42.143
1162	193.644	-41.292
1163	193.829	-42.000
1164	193.917	-42.004
1165	194.294	-41.822
1166	194.507	-42.408
1167	194.535	-43.177
1168	195.638	-41.292
1169	195.759	-43.124
1170	195.867	-42.705
1171	196.283	-41.168
1172	196.470	-42.245
1173	196.598	-43.279
1174	196.646	-42.789
1175	196.787	-41.758
1176	196.792	-43.138
1177	196.879	-41.644
1178	196.904	-42.372
1179	196.955	-42.290
1180	196.977	-41.668
1181	197.061	-42.374
1182	197.090	-42.108
1183	197.136	-44.250
1184	197.177	-41.883
1185	197.182	-42.641
1186	197.242	-42.235
1187	197.395	-41.893
1188	197.401	-42.186
1189	197.423	-41.822
1190	197.435	-42.378
1191	197.484	-41.444
1192	197.821	-43.465
1193	198.091	-42.738
1194	198.176	-26.266
1195	198.182	-41.630
1196	198.276	39.582
1197	198.728	-32.286
1198	201.674	-38.561
1199	202.449	-41.693
1200	202.959	-41.746
1201	203.424	-41.636
1202	203.520	-41.617
1203	203.522	-42.989
1204	203.597	-40.317
1205	204.655	-42.697
1206	204.865	-40.757
1207	205.449	-41.722
1208	206.261	-41.440
1209	206.440	-42.549
1210	206.725	-42.263
1211	206.965	-42.110
1212	206.977	-42.292
1213	207.140	-42.411
1214	207.197	-41.485
1215	207.212	-41.601
1216	207.237	-41.861
1217	207.407	-42.194
1218	207.533	-41.301
1219	207.570	-42.075
1220	207.840	-42.216
1221	207.913	-42.458
1222	207.925	-42.494
1223	207.928	-42.355
1224	207.938	-40.790
1225	207.953	-42.063
1226	208.052	-42.227
1227	208.068	-42.088
1228	208.187	-32.482
1229	208.194	-41.057
1230	208.220	-42.028
1231	208.257	-42.190
1232	208.259	-42.417
1233	208.328	-42.474
1234	208.353	-42.204
1235	208.486	-41.609
1236	208.588	-42.251
1237	208.622	-42.186
1238	208.672	-41.515
1239	208.683	-43.005
1240	208.883	-41.525
1241	209.063	-41.382
1242	209.250	-42.417
1243	209.298	-40.048
1244	209.332	-42.597
1245	209.535	-41.910
1246	209.826	-41.061
1247	209.891	-42.613
1248	209.931	-41.080
1249	209.973	-41.789
1250	210.040	-38.535
1251	210.049	-43.449
1252	210.094	-41.836
1253	210.183	-40.973
1254	210.205	-41.816
1255	210.244	-42.519
1256	210.292	-41.910
1257	210.399	-41.762
1258	210.483	-42.010
1259	210.604	-42.672
1260	210.619	-42.157
1261	210.626	-42.347
1262	210.697	-42.860
1263	210.725	-41.419
1264	210.795	-41.491
1265	210.825	-42.047
1266	210.831	-43.529
1267	210.881	-42.137
1268	210.957	-42.564
1269	211.028	-41.961
1270	211.042	-42.306
1271	211.058	-42.002
1272	211.065	-41.955
1273	211.079	-41.560
1274	211.148	-42.615
1275	211.211	-42.261
1276	211.242	-42.004
1277	211.284	-40.444
1278	211.311	-42.098
1279	211.389	-41.252
1280	211.409	-40.904
1281	211.415	-42.484
1282	211.471	-41.797
1283	211.681	-42.394
1284	211.711	-41.458
1285	211.764	-41.669
1286	211.805	-41.948
1287	211.809	-41.977
1288	211.815	-42.345
1289	211.909	-41.730
1290	211.929	-42.018
1291	211.958	-42.163
1292	211.968	-41.393
1293	211.971	-40.916
1294	212.017	-42.639
1295	212.135	-42.580
1296	212.168	-41.912
1297	212.197	-42.200
1298	212.289	-41.323
1299	212.301	-41.836
1300	212.413	-41.756
1301	212.476	-42.165
1302	212.518	-41.147
1303	212.524	-41.891
1304	212.542	-40.994
1305	212.631	-42.018
1306	212.663	-40.642
1307	212.668	-42.245
1308	212.673	-41.728
1309	212.683	-41.579
1310	212.721	-42.347
1311	212.749	-42.092
1312	212.752	-41.681
1313	212.764	-42.108
1314	212.776	-42.163
1315	212.786	-41.713
1316	212.819	-42.284
1317	212.880	-42.335
1318	212.889	-41.523
1319	212.901	-41.621
1320	212.906	-42.143
1321	212.991	-42.051
1322	212.998	-42.455
1323	213.018	-42.323
1324	213.054	-41.442
1325	213.107	-42.106
1326	213.132	-42.018
1327	213.157	-41.499
1328	213.187	-41.783
1329	213.230	-42.447
1330	213.260	-42.419
1331	213.285	-42.020
1332	213.294	-42.983
1333	213.431	-42.921
1334	213.562	-42.196
1335	213.648	-42.359
1336	213.653	-42.449
1337	213.665	-42.325
1338	213.688	-41.805
1339	213.692	-42.239
1340	213.817	-42.388
1341	213.847	-41.957
1342	213.926	-41.701
1343	213.929	-42.590
1344	214.052	-41.368
1345	214.241	-42.968
1346	214.280	-42.302
1347	214.324	-42.901
1348	214.347	-40.849
1349	214.357	-42.523
1350	214.475	-38.948
1351	214.483	-42.748
1352	214.502	-42.329
1353	214.559	-42.803
1354	214.637	-43.179
1355	214.680	-42.513
1356	214.720	-41.370
1357	214.736	-41.742
1358	214.832	-42.421
1359	214.999	-42.257
1360	215.058	-42.836
1361	215.310	-42.674
1362	215.357	-41.912
1363	215.400	-42.004
1364	215.406	-42.316
1365	215.490	-41.206
1366	215.497	-41.008
1367	215.625	-42.096
1368	215.642	-42.347
1369	215.645	-42.235
1370	215.662	-42.088
1371	215.708	-42.435
1372	215.725	-41.846
1373	215.741	-41.693
1374	215.862	-42.224
1375	215.911	-41.989
1376	215.981	-41.816
1377	216.005	-40.918
1378	216.009	-41.485
1379	216.130	-41.662
1380	216.137	-41.574
1381	216.799	-42.318
1382	216.807	-42.472
1383	216.903	-42.740
1384	216.926	-41.583
1385	216.942	-42.210
1386	217.123	-42.950
1387	217.153	-42.711
1388	217.235	-42.748
1389	217.519	-42.517
1390	217.707	-42.425
1391	217.892	-42.684
1392	217.916	-42.327
1393	218.247	-42.065
1394	218.398	-42.885
1395	218.965	-45.409
1396	219.554	-42.314
1397	219.643	-41.926
1398	224.988	-39.367
1399	225.033	-41.783
1400	225.056	-42.192
1401	225.062	-42.664
1402	225.196	-42.306
1403	225.281	-42.051
1404	225.593	-42.770
1405	226.094	-41.157
1406	226.435	-41.245
1407	226.460	-41.004
1408	226.610	-42.966
1409	226.638	-41.593
1410	226.656	-43.154
1411	227.631	-42.738
1412	227.717	-42.065
1413	227.869	-41.507
1414	229.920	-41.773
1415	230.233	-42.233
1416	230.354	-41.973
1417	230.380	-42.182
1418	230.694	-42.040
1419	230.879	-42.736
1420	230.889	-41.339
1421	230.943	-42.355
1422	231.118	-42.396
1423	231.642	-42.635
1424	232.073	-41.390
1425	232.188	-42.296
1426	232.291	-42.247
1427	232.299	-42.382
1428	232.377	-42.253
1429	232.595	-41.961
1430	232.602	-40.612
1431	232.707	-42.233
1432	232.790	-42.096
1433	232.854	-43.641
1434	232.924	-41.437
1435	233.105	-40.360
1436	236.063	-42.139
1437	236.103	-41.648
1438	236.149	-41.991
1439	236.196	-42.267
1440	236.220	-42.077
1441	236.314	-43.009
1442	236.401	-42.576
1443	236.635	-42.206
1444	236.652	-41.891
1445	236.660	-41.885
1446	236.725	-42.094
1447	236.748	-42.126
1448	236.793	-42.384
1449	236.816	-42.472
1450	236.847	-48.436
1451	236.905	-41.840
1452	236.930	-42.435
1453	236.991	-42.406
1454	237.003	-42.079
1455	237.007	-42.533
1456	237.010	-42.566
1457	237.023	-42.006
1458	237.051	-42.267
1459	237.287	-42.582
1460	237.447	-42.190
1461	237.752	-42.815
1462	237.760	-42.505
1463	237.845	-42.079
1464	237.930	-42.549
1465	238.048	-16.383
1466	238.546	-42.666
1467	238.887	-41.720
1468	239.070	-41.718
1469	239.167	-42.637
1470	239.213	-42.502
1471	239.233	-42.249
1472	239.333	-41.885
1473	239.608	-42.921
1474	239.674	-42.000
1475	239.704	-43.776
1476	239.717	-41.949
1477	239.741	-41.934
1478	239.809	-41.660
1479	239.859	-41.601
1480	239.902	-42.208
1481	240.221	-42.347
1482	240.381	-41.828
1483	240.473	-41.961
1484	240.530	-42.114
1485	240.784	-41.523
1486	240.881	-42.159
1487	240.935	-41.799
1488	241.381	-42.507
1489	241.485	-39.122
1490	241.760	24.797
1491	241.772	-43.582
1492	241.899	-41.895
1493	241.917	21.091
1494	242.251	-42.803
1495	243.212	-41.971
1496	243.222	-42.345
1497	243.464	-42.746
1498	243.541	-42.280
1499	243.738	-41.765
1500	243.849	-41.579
1501	243.862	-41.581
1502	243.945	-41.503
1503	243.988	-42.110
1504	243.990	-42.419
1505	244.064	-42.680
1506	244.344	-41.658
1507	244.922	-41.961
1508	244.960	-43.845
1509	245.125	-42.318
1510	245.154	-42.347
1511	245.193	-40.785
1512	245.198	-41.938
1513	245.200	-41.855
1514	245.225	-41.617
1515	245.288	-42.063
1516	245.408	-41.536
1517	245.510	-42.227
1518	245.534	-41.619
1519	245.567	-42.359
1520	245.612	-41.875
1521	245.628	-42.069
1522	245.641	-42.715
1523	245.670	-40.563
1524	245.746	-43.524
1525	245.797	-42.200
1526	245.953	-41.419
1527	245.979	-42.819
1528	245.986	-41.656
1529	246.075	-42.449
1530	246.136	-41.317
1531	246.149	-42.952
1532	246.270	-42.476
1533	246.305	-42.159
1534	246.353	-42.603
1535	246.356	-41.789
1536	246.456	-41.382
1537	246.475	-42.443
1538	246.486	-43.304
1539	246.518	-41.887
1540	246.794	-42.736
1541	247.478	-42.235
1542	247.535	-42.527
1543	247.705	-41.478
1544	247.726	-41.998
1545	247.757	-42.261
1546	247.844	-42.830
1547	247.920	-42.106
1548	248.087	-40.178
1549	248.184	-42.482
1550	248.190	-41.912
1551	248.333	-42.999
1552	248.978	-42.552
1553	249.139	-41.458
1554	249.169	-42.284
1555	250.003	17.354
1556	250.355	-42.470
1557	250.430	-42.570
1558	250.981	-42.355
1559	251.025	-37.689
1560	251.061	-41.742
1561	251.197	-42.496
1562	251.233	-42.783
1563	251.317	-41.211
1564	251.429	-43.108
1565	251.498	-42.515
1566	251.598	-41.791
1567	251.691	-42.535
1568	251.846	-41.337
1569	251.956	-41.397
1570	252.149	-41.151
1571	252.784	-42.496
1572	253.128	-43.314
1573	253.312	-42.615
1574	253.343	-42.840
1575	253.454	-42.721
1576	253.476	-42.474
1577	253.541	-41.756
1578	254.406	-10.872
1579	255.075	9.820
1580	255.102	-41.280
1581	255.547	-41.636
1582	256.303	-42.457
1583	256.479	-41.979
1584	256.682	-42.227
1585	256.693	-42.764
1586	256.733	-42.443
1587	257.178	-43.561
1588	257.233	-41.660
1589	257.248	-41.726
1590	257.414	-42.343
1591	257.573	-40.990
1592	257.581	-42.580
1593	257.600	-42.202
1594	257.781	-41.824
1595	257.990	-41.940
1596	258.197	-40.892
1597	258.325	-41.994
1598	258.715	-41.740
1599	258.751	-41.673
1600	259.255	-42.594
1601	259.464	-40.920
1602	259.527	-41.638
1603	259.560	-42.386
1604	259.780	-41.730
1605	260.448	-40.926
1606	260.507	-41.601
1607	260.963	-42.177
1608	261.358	-42.889
1609	261.466	-41.846
1610	261.579	-41.760
1611	261.634	-28.766
1612	261.655	-42.549
1613	261.755	-41.920
1614	261.909	-41.317
1615	262.083	-42.063
1616	262.126	-43.498
1617	262.260	-41.519
1618	262.334	-41.413
1619	262.345	-42.815
1620	262.485	-40.651
1621	262.645	38.290
1622	265.487	-42.476
1623	268.402	-42.797
1624	268.819	-41.946
1625	268.976	-42.376
1626	269.072	-42.323
1627	269.075	-42.032
1628	269.623	-42.470
1629	269.660	-41.967
1630	270.009	-41.701
1631	270.028	-42.335
1632	270.036	-42.535
1633	270.058	-42.646
1634	270.076	-42.854
1635	270.193	-42.308
1636	270.314	-42.752
1637	271.030	-42.382
1638	273.350	-41.983
1639	273.489	-42.128
1640	273.767	-41.963
1641	273.941	-41.959
1642	274.141	-41.865
1643	274.378	-41.920
1644	274.552	-41.215
1645	274.607	-41.523
1646	274.719	-41.791
1647	274.755	-42.427
1648	274.823	-42.480
1649	275.112	-42.693
1650	275.124	-23.858
1651	275.160	-42.492
1652	275.201	-42.137
1653	275.321	-41.061
1654	275.383	-42.684
1655	276.475	-23.448
1656	277.829	-42.693
1657	278.446	-42.705
1658	278.914	-42.065
1659	278.985	-41.783
1660	279.021	-42.897
1661	279.043	-41.221
1662	279.579	-41.699
1663	279.889	-42.398
1664	279.967	-41.160
1665	280.047	-42.580
1666	280.137	-42.038
1667	280.242	-41.965
1668	280.249	-42.167
1669	280.412	-42.175
1670	280.454	-42.560
1671	280.624	-41.820
1672	280.633	-41.474
1673	280.782	-42.153
1674	280.890	-42.333
1675	280.905	-42.061
1676	280.983	-43.120
1677	281.133	-41.556
1678	281.189	-43.032
1679	281.209	-43.776
1680	281.253	-42.623
1681	281.534	-42.829
1682	281.702	-41.713
1683	281.706	-43.296
1684	281.922	-42.807
1685	282.056	-43.533
1686	282.094	-35.117
1687	282.119	-42.032
1688	282.225	-40.321
1689	282.245	-42.239
1690	282.300	-41.924
1691	282.529	-42.848
1692	282.585	-42.592
1693	282.646	-42.821
1694	282.663	-42.596
1695	282.762	-42.173
1696	282.771	-42.584
1697	282.849	-42.077
1698	282.910	-42.308
1699	282.981	-42.844
1700	283.705	-43.641
1701	283.983	-40.534
1702	283.998	-43.678
1703	284.018	-42.384
1704	284.110	-41.744
1705	284.313	-42.141
1706	284.372	-42.255
1707	284.903	-42.474
1708	285.009	-41.987
1709	285.231	-42.139
1710	285.287	-41.601
1711	285.344	-42.635
1712	285.422	-41.348
1713	285.445	-42.196
1714	285.497	-41.160
1715	285.515	-42.180
1716	285.608	-42.752
1717	285.688	-41.360
1718	285.708	-41.989
1719	285.711	-41.752
1720	285.730	-41.393
1721	285.793	-40.734
1722	285.855	-42.631
1723	285.874	-41.677
1724	285.997	-42.668
1725	286.023	-41.973
1726	286.040	-42.034
1727	286.051	-40.554
1728	286.250	-42.218
1729	286.319	-41.515
1730	286.487	-42.118
1731	286.645	-40.951
1732	286.755	-41.450
1733	286.758	-42.182
1734	286.833	-41.566
1735	286.970	-42.678
1736	287.001	-42.041
1737	287.024	-42.496
1738	287.047	-41.910
1739	287.178	-41.689
1740	287.198	-42.400
1741	287.217	-41.893
1742	287.219	-42.713
1743	287.249	-43.878
1744	287.286	-41.595
1745	287.293	-42.318
1746	287.310	-42.515
1747	287.322	-41.666
1748	287.382	-42.378
1749	287.394	-42.235
1750	287.500	-41.564
1751	287.515	-17.524
1752	287.548	-42.323
1753	287.601	-42.212
1754	287.629	-42.370
1755	287.736	-42.797
1756	287.928	-42.143
1757	287.969	-42.319
1758	287.991	-40.912
1759	288.021	-42.875
1760	288.087	-42.233
1761	288.130	-42.206
1762	288.395	-42.646
1763	288.399	-42.126
1764	288.420	-42.541
1765	288.530	-42.269
1766	288.566	-43.236
1767	288.760	-42.280
1768	288.863	-41.374
1769	288.950	-42.772
1770	289.034	-42.165
1771	289.394	-43.177
1772	289.579	-42.363
1773	289.666	-41.777
1774	289.734	-42.973
1775	289.778	-42.365
1776	290.102	-41.644
1777	290.115	-42.408
1778	290.141	-42.564
1779	290.251	-45.137
1780	290.335	-42.903
1781	290.337	-41.527
1782	290.387	-41.912
1783	290.505	34.702
1784	290.600	-42.417
1785	290.807	-43.069
1786	290.958	-43.708
1787	290.980	-44.927
1788	290.998	-40.900
1789	291.005	-27.957
1790	291.127	-41.444
1791	291.175	-42.410
1792	291.704	-42.331
1793	291.777	-42.222
1794	291.879	-39.866
1795	291.884	-42.243
1796	291.945	-42.145
1797	291.951	-42.092
1798	291.992	-42.108
1799	292.012	-42.349
1800	292.061	-42.817
1801	292.073	-43.733
1802	292.111	-42.167
1803	292.197	-41.664
1804	292.209	-42.312
1805	292.215	-42.083
1806	292.296	-42.051
1807	292.298	-41.955
1808	292.312	-42.124
1809	292.354	-42.451
1810	292.438	-42.020
1811	292.443	-41.875
1812	292.564	-41.989
1813	292.576	-42.216
1814	292.718	-42.797
1815	292.741	-42.365
1816	292.782	-44.009
1817	292.794	-42.325
1818	292.811	-40.867
1819	292.879	-42.889
1820	293.050	-42.077
1821	293.121	-42.662
1822	293.168	-41.828
1823	293.205	-42.263
1824	293.270	-41.767
1825	293.326	-43.052
1826	293.395	-44.015
1827	293.407	-41.744
1828	293.492	-42.118
1829	293.555	-42.192
1830	293.557	-43.330
1831	293.599	-41.476
1832	293.739	-42.102
1833	293.764	-41.452
1834	293.812	-42.707
1835	293.819	-43.512
1836	293.862	-42.609
1837	293.864	-41.738
1838	294.000	-42.680
1839	294.024	-42.872
1840	294.168	-42.090
1841	294.269	-42.231
1842	294.711	-42.139
1843	294.717	-42.259
1844	294.780	-41.834
1845	295.087	-42.509
1846	295.145	-42.684
1847	295.156	-43.369
1848	295.174	-41.795
1849	295.203	-42.235
1850	295.234	-43.293
1851	295.289	-41.671
1852	295.291	-42.370
1853	295.301	-41.529
1854	295.304	-42.460
1855	295.307	-41.983
1856	295.319	-41.695
1857	295.348	-42.490
1858	295.354	-41.380
1859	295.423	-42.384
1860	295.478	-41.812
1861	295.491	-41.779
1862	296.149	-41.378
1863	296.541	-42.521
1864	296.589	-41.671
1865	296.689	-43.089
1866	296.795	-42.235
1867	297.546	-42.245
1868	297.962	-42.433
1869	298.577	-28.907
1870	299.436	-41.609
1871	299.448	-42.159
1872	299.714	-42.087
1873	299.720	-41.859
1874	299.765	-41.944
1875	300.022	-41.957
1876	300.027	-41.051
1877	300.367	-42.380
1878	300.377	-42.789
1879	301.276	-42.504
1880	301.448	-42.269
1881	301.558	-42.607
1882	301.790	-43.441
1883	302.757	-45.924
1884	303.118	-42.480
1885	303.508	-40.851
1886	303.951	-42.543
1887	304.230	-41.779
1888	304.353	-41.117
1889	304.816	-41.391
1890	305.296	-41.928
1891	305.685	-42.235
1892	306.003	-41.914
1893	306.048	-42.267
1894	306.211	-42.370
1895	306.297	-40.520
1896	306.366	-41.521
1897	306.465	-41.744
1898	307.067	-28.824
1899	307.337	-14.801
1900	307.630	-42.347
1901	307.755	-42.568
1902	308.184	-41.940
1903	308.230	-40.481
1904	308.423	-41.767
1905	308.629	-41.444
1906	308.885	-42.476
1907	308.912	-42.719
1908	308.958	-42.251
1909	308.969	-42.196
1910	309.021	-42.502
1911	309.157	-42.453
1912	309.231	-40.530
1913	309.414	-42.073
1914	309.666	-42.169
1915	309.973	-42.979
1916	309.986	-24.347
1917	310.142	-41.951
1918	310.281	-42.380
1919	310.353	-41.076
1920	310.459	-42.868
1921	310.482	-42.353
1922	310.507	-42.740
1923	310.633	-42.302
1924	310.665	-42.012
1925	310.840	-41.421
1926	311.027	-42.744
1927	311.063	-43.721
1928	311.073	-42.202
1929	311.079	-43.516
1930	311.113	-42.791
1931	311.169	-42.104
1932	311.674	-42.063
1933	312.052	-42.018
1934	312.118	-41.677
1935	312.328	-42.218
1936	312.935	-41.814
1937	312.944	-42.300
1938	312.964	-40.949
1939	313.573	-44.759
1940	313.631	-41.264
1941	314.018	-43.674
1942	314.027	-42.447
1943	314.075	-42.971
1944	314.095	-41.157
1945	314.141	-42.308
1946	314.263	-43.081
1947	314.310	-41.940
1948	314.838	-42.149
1949	314.959	-42.827
1950	315.164	-41.282
1951	315.224	-41.552
1952	315.253	-42.280
1953	315.302	-42.662
1954	315.337	-42.372
1955	315.354	-42.413
1956	315.541	-41.378
1957	315.627	-42.202
1958	315.643	-40.888
1959	315.790	-41.542
1960	315.860	-42.282
1961	315.897	-40.244
1962	316.363	-42.766
1963	316.484	-41.897
1964	316.602	-42.678
1965	316.685	-42.173
1966	316.851	-42.233
1967	317.055	-42.639
1968	317.186	-40.814
1969	317.510	-42.809
1970	317.816	-42.294
1971	317.887	-42.568
1972	318.218	-42.519
1973	318.360	-42.502
1974	318.499	-41.726
1975	318.506	-42.754
1976	318.531	-42.347
1977	318.598	-41.491
1978	318.650	-42.143
1979	318.672	-42.507
1980	318.776	-42.433
1981	318.841	-42.151
1982	318.860	-42.725
1983	318.961	-41.433
1984	318.965	-42.098
1985	318.969	-42.149
1986	318.983	-42.069
1987	319.176	-42.666
1988	319.201	-41.677
1989	319.346	-42.085
1990	319.461	-42.885
1991	319.726	-41.979
1992	319.834	-42.171
1993	320.027	-42.457
1994	320.341	-42.453
1995	320.998	-43.412
1996	321.060	-42.482
1997	321.367	-41.648
1998	321.472	-42.421
1999	321.501	-42.255
2000	321.769	46.241
