DXEX v3
C:\Documents and Settings\LDA\My Documents\TM_SANTOS\Equipo_5\Trailer.lda
3:11:46 PM
0.00 mm;0.00 mm;-1.00 mm
Region1
"Row#"	"AT [ms]"	"LDA1 [m/s]"	
1	3.088	-42.690
2	4.472	-41.783
3	4.658	-43.167
4	4.887	-41.918
5	5.236	-41.891
6	5.532	-41.832
7	5.711	-42.120
8	5.799	-40.514
9	5.851	-40.800
10	6.047	-42.218
11	6.216	-42.709
12	6.264	-42.247
13	6.359	-42.451
14	6.363	-15.545
15	6.470	-42.746
16	6.720	-41.536
17	6.816	-41.554
18	6.835	-42.363
19	7.013	-42.124
20	7.177	-41.734
21	7.203	-42.782
22	7.216	-44.326
23	7.338	-41.961
24	7.616	-41.681
25	7.692	-41.998
26	7.736	-41.983
27	7.806	-44.561
28	7.983	-41.558
29	8.047	-42.411
30	8.216	-42.578
31	8.229	-39.271
32	8.286	-41.149
33	8.299	-41.534
34	8.420	-43.173
35	8.435	-41.983
36	8.439	-41.981
37	8.461	-42.770
38	8.476	-45.434
39	8.549	-42.276
40	8.623	-42.004
41	8.637	-41.358
42	8.641	-42.047
43	8.668	-42.120
44	8.817	-38.568
45	8.867	-41.358
46	9.035	-41.666
47	9.384	-41.893
48	9.572	-40.888
49	9.735	-42.255
50	9.736	-43.026
51	9.765	-42.182
52	9.795	-42.815
53	9.879	-42.194
54	9.892	-42.132
55	9.951	-41.957
56	9.978	-41.754
57	10.035	-41.505
58	10.059	-41.466
59	10.201	-41.458
60	10.272	-41.901
61	10.322	-42.130
62	10.363	-42.411
63	10.385	-42.226
64	10.417	-42.182
65	10.477	-40.988
66	10.584	-41.920
67	10.737	-41.926
68	10.904	-41.523
69	10.927	-42.312
70	11.174	-41.668
71	11.209	-42.398
72	11.249	-42.609
73	15.669	-42.147
74	17.015	-41.738
75	17.894	-41.487
76	17.899	-42.641
77	17.907	-38.929
78	18.139	-41.848
79	18.170	-41.711
80	18.172	-42.768
81	18.175	-41.482
82	18.359	-42.776
83	18.369	-41.752
84	18.387	-43.171
85	18.435	-41.628
86	18.594	-42.807
87	18.629	-42.337
88	18.720	-41.955
89	18.797	-42.897
90	18.951	-41.499
91	18.992	-42.337
92	19.000	-41.793
93	19.113	-41.906
94	19.149	-41.953
95	19.223	-42.269
96	19.317	-42.006
97	19.324	-41.763
98	19.345	-43.772
99	19.356	-41.204
100	19.395	-40.669
101	19.454	-42.192
102	19.467	-42.204
103	19.579	-42.682
104	19.597	-41.957
105	19.809	-42.120
106	19.824	-41.466
107	19.904	-41.018
108	19.920	-42.443
109	19.948	-42.709
110	19.991	-40.826
111	20.054	-44.598
112	20.254	-43.849
113	20.396	-42.533
114	20.435	-41.801
115	20.659	-41.335
116	21.425	-42.445
117	21.817	-14.188
118	21.905	-38.952
119	21.907	-43.126
120	22.674	-42.366
121	22.768	-42.214
122	23.205	-43.651
123	23.342	-41.123
124	23.371	-41.599
125	23.373	-41.957
126	23.525	50.495
127	23.638	-43.110
128	23.843	-11.764
129	23.862	-42.130
130	26.575	-42.341
131	28.251	-41.830
132	28.458	-41.331
133	28.568	-42.445
134	28.701	-42.161
135	31.506	-10.582
136	31.727	-43.651
137	32.197	-41.435
138	32.214	-42.235
139	32.414	-43.253
140	32.430	-42.380
141	32.555	-40.640
142	33.149	-43.061
143	33.374	-44.512
144	33.400	-43.776
145	33.517	-42.208
146	33.754	-41.583
147	33.962	-40.753
148	34.288	-41.689
149	34.302	-43.093
150	34.977	-26.501
151	36.144	-42.979
152	37.058	-42.247
153	37.319	-41.834
154	37.355	-41.996
155	37.400	-43.171
156	37.722	-41.225
157	37.816	-42.163
158	37.956	-41.730
159	38.165	-42.196
160	38.170	-42.122
161	38.550	-41.742
162	38.840	-41.278
163	39.349	-42.713
164	39.709	-41.801
165	39.836	-43.457
166	40.148	-42.762
167	41.124	-41.423
168	41.943	-42.114
169	42.782	-42.088
170	43.937	-41.472
171	45.290	-42.020
172	45.320	-41.944
173	46.963	-41.989
174	49.223	-42.065
175	49.282	-41.673
176	49.286	-41.689
177	49.344	-42.292
178	49.350	-41.472
179	49.370	-42.081
180	49.384	-42.110
181	49.486	-41.617
182	49.623	-41.873
183	49.819	-41.879
184	49.829	-42.807
185	49.889	-41.458
186	50.066	-42.570
187	50.124	-42.410
188	50.434	-41.736
189	50.444	-41.634
190	50.472	-42.952
191	50.714	-42.049
192	50.747	-42.081
193	51.041	-42.376
194	51.362	-41.380
195	51.480	-42.507
196	51.559	-42.527
197	51.609	-42.443
198	51.700	-39.492
199	51.891	-42.572
200	52.484	-40.248
201	52.594	-42.470
202	52.599	-41.380
203	52.649	-41.805
204	52.708	-42.263
205	52.888	-41.902
206	52.915	-12.620
207	52.933	-42.605
208	52.953	-42.650
209	52.956	-42.349
210	52.979	-41.763
211	53.000	-40.781
212	54.208	-41.583
213	54.277	-42.083
214	54.575	-39.424
215	54.902	-41.842
216	55.808	-41.393
217	55.881	-42.180
218	55.887	-41.797
219	56.259	-42.043
220	56.284	-42.257
221	56.293	-42.296
222	56.296	-42.656
223	56.301	-42.294
224	56.552	-40.362
225	56.563	-42.515
226	56.568	-41.378
227	56.707	-41.241
228	56.783	-42.204
229	56.803	-40.965
230	56.849	-42.249
231	57.022	-41.108
232	57.025	-42.686
233	57.174	-41.532
234	57.223	-42.257
235	57.284	-41.904
236	57.313	3.876
237	57.315	-41.100
238	57.318	-40.757
239	57.385	-41.875
240	57.425	-42.388
241	57.600	-42.083
242	57.768	-41.967
243	57.800	-41.241
244	58.130	-41.450
245	58.140	-41.515
246	58.309	-42.128
247	59.979	-41.568
248	60.188	-41.548
249	60.497	-43.179
250	60.522	-41.642
251	60.537	-41.574
252	61.046	-42.151
253	61.049	-41.809
254	61.227	-42.525
255	61.283	-42.210
256	61.374	-41.783
257	61.454	-39.420
258	61.475	-41.303
259	61.491	-42.594
260	62.548	-34.876
261	64.323	-41.623
262	64.786	-41.840
263	64.993	-42.576
264	67.874	-43.935
265	69.516	-25.657
266	73.482	-42.263
267	73.522	-41.272
268	73.556	-42.498
269	73.574	-42.748
270	73.580	-42.484
271	73.585	-42.233
272	73.592	-42.116
273	73.715	-41.278
274	73.740	-42.169
275	73.864	-32.842
276	73.910	-42.390
277	73.973	-40.732
278	74.031	-42.361
279	74.127	-41.879
280	74.472	-42.633
281	74.537	-42.294
282	74.664	-40.485
283	74.849	-42.738
284	74.918	-42.065
285	74.962	-43.410
286	75.045	-42.699
287	75.128	-42.120
288	75.179	-41.732
289	75.222	-42.083
290	75.235	-42.190
291	75.266	-41.975
292	75.269	-41.924
293	75.470	-42.106
294	75.524	-41.736
295	75.533	-41.679
296	75.634	-42.038
297	75.691	-42.290
298	75.868	-41.646
299	75.892	-42.366
300	75.921	-42.693
301	76.030	-40.857
302	76.179	-41.523
303	76.296	-42.897
304	76.346	-42.075
305	76.413	-42.255
306	76.417	-43.022
307	76.626	-43.549
308	76.651	-42.411
309	76.765	-22.405
310	76.880	-42.045
311	76.923	-42.282
312	77.346	-41.474
313	77.405	-42.265
314	77.409	-42.731
315	77.548	-42.087
316	77.782	-42.243
317	77.970	-41.354
318	78.901	-33.742
319	79.253	-30.798
320	82.632	-43.244
321	82.787	-41.362
322	82.917	-42.212
323	82.924	-40.832
324	83.142	-42.263
325	83.175	-41.399
326	83.185	-42.366
327	83.234	-42.408
328	83.917	-41.309
329	84.097	-41.658
330	84.211	-41.863
331	85.700	-41.838
332	91.150	-42.817
333	91.303	-42.740
334	91.305	-42.347
335	91.313	-43.663
336	91.320	-41.838
337	91.444	-42.208
338	91.496	-42.026
339	91.499	-42.051
340	91.503	-41.948
341	92.064	-41.574
342	96.169	-42.226
343	97.637	-42.167
344	97.685	-41.247
345	97.693	-42.458
346	97.699	-42.631
347	97.701	-41.936
348	97.769	-42.547
349	97.778	-42.124
350	97.788	-42.911
351	97.906	-42.531
352	99.245	-42.341
353	99.633	-42.319
354	99.672	-42.263
355	99.827	-42.143
356	100.859	-42.985
357	101.397	-42.167
358	101.435	-42.038
359	101.443	-41.814
360	101.503	33.349
361	101.601	-42.278
362	101.659	-41.867
363	101.683	-42.764
364	102.008	-42.267
365	102.018	-42.715
366	102.135	-42.402
367	102.179	-42.623
368	102.208	-42.505
369	102.222	-41.938
370	102.654	-40.877
371	102.703	-42.411
372	102.734	-42.617
373	102.828	-42.457
374	102.979	-41.867
375	103.137	-43.261
376	103.848	-42.192
377	103.971	-42.533
378	104.083	-41.380
379	104.774	-42.551
380	105.256	-42.192
381	105.568	-41.619
382	105.577	-41.715
383	105.624	-41.779
384	105.681	-42.014
385	105.707	-41.378
386	105.724	-41.487
387	105.754	-42.574
388	105.795	-44.017
389	105.877	-42.208
390	105.933	-42.267
391	105.950	-42.492
392	106.054	-41.785
393	106.169	-43.334
394	106.200	-42.057
395	106.276	-42.124
396	106.285	-42.224
397	106.294	24.848
398	106.300	-43.220
399	106.333	-42.460
400	106.368	-41.994
401	106.443	-42.298
402	106.539	-41.873
403	106.592	-41.619
404	106.596	-41.803
405	106.910	-42.180
406	107.284	-42.472
407	107.434	-42.384
408	107.463	-42.825
409	107.862	-42.071
410	107.989	-42.345
411	108.132	-41.666
412	108.284	-41.237
413	108.363	-41.687
414	108.403	-42.290
415	108.532	-42.776
416	108.539	-41.613
417	108.629	-41.932
418	109.088	-42.227
419	109.478	-43.067
420	110.210	-42.466
421	110.634	-41.668
422	110.643	-42.061
423	110.695	-42.551
424	110.806	-44.405
425	110.984	-31.035
426	111.501	-40.900
427	111.563	-41.816
428	112.593	-41.650
429	112.703	-41.989
430	112.920	-42.079
431	112.953	-39.790
432	113.172	-42.053
433	114.658	-41.807
434	115.107	-43.569
435	116.883	-43.817
436	117.702	-42.672
437	117.713	-42.006
438	119.723	-41.393
439	120.315	-42.909
440	122.815	-20.643
441	128.221	-41.530
442	128.232	-42.267
443	128.259	-42.282
444	128.444	-42.337
445	128.562	-41.973
446	128.814	-41.458
447	128.947	-41.689
448	129.003	-42.478
449	129.073	-41.750
450	129.126	-41.948
451	129.186	-41.671
452	129.193	-42.087
453	129.231	-40.879
454	129.285	-41.098
455	129.306	-42.012
456	129.385	-42.443
457	129.571	-41.405
458	129.583	-42.979
459	129.626	-42.507
460	129.764	-42.719
461	129.768	-42.404
462	129.774	-42.224
463	129.789	-41.595
464	129.822	-41.597
465	129.858	-42.157
466	129.919	-42.251
467	129.927	-41.280
468	130.010	-42.482
469	130.021	-42.844
470	130.036	-41.942
471	130.148	-41.906
472	130.203	-41.188
473	130.314	-41.863
474	130.324	-42.406
475	130.348	-41.452
476	130.350	-42.026
477	130.360	-42.511
478	130.366	-42.644
479	130.526	-40.790
480	130.928	-41.805
481	132.995	-42.801
482	134.203	-42.155
483	134.779	-44.326
484	135.339	-42.934
485	135.359	-42.282
486	135.560	-42.128
487	135.638	-41.901
488	135.776	-42.846
489	135.835	-41.873
490	136.148	-42.417
491	136.453	-42.572
492	136.548	-43.398
493	136.575	-25.819
494	136.612	-17.164
495	136.814	-6.588
496	136.818	-41.906
497	136.992	-42.688
498	137.066	-41.595
499	137.140	-42.637
500	137.141	-42.231
501	137.220	-43.142
502	137.242	-41.928
503	137.310	-42.860
504	137.387	-42.648
505	137.392	-43.214
506	137.399	-41.121
507	137.501	-42.161
508	137.791	-41.914
509	137.881	-42.474
510	137.930	-41.562
511	137.953	-42.083
512	138.063	-42.047
513	138.112	-41.834
514	138.128	-42.345
515	138.139	-41.311
516	138.185	-41.362
517	138.297	-42.680
518	138.445	-42.177
519	139.300	-42.008
520	140.079	-42.695
521	140.530	-41.867
522	140.889	-44.027
523	140.899	-41.801
524	140.937	-42.838
525	141.003	-42.343
526	141.065	-41.951
527	141.121	-42.729
528	141.238	-40.700
529	141.269	-42.611
530	141.361	-41.548
531	141.495	-41.932
532	141.761	-42.868
533	142.312	-42.036
534	142.397	-41.143
535	142.579	-41.542
536	142.672	-25.921
537	143.004	-42.118
538	143.103	-42.321
539	143.172	-43.042
540	143.677	-40.260
541	143.689	-42.543
542	143.795	-42.335
543	145.372	-42.408
544	145.444	-36.342
545	146.494	-27.855
546	149.335	-40.857
547	149.424	-41.068
548	149.456	-42.627
549	149.499	-42.247
550	149.558	-41.810
551	149.603	-42.204
552	149.676	-42.245
553	149.678	-41.411
554	149.688	-42.083
555	149.724	-41.871
556	149.805	-42.731
557	149.807	-41.709
558	149.907	-41.172
559	149.914	-42.603
560	150.011	-41.730
561	150.015	-42.314
562	150.138	-42.231
563	150.771	-34.851
564	150.793	-41.855
565	150.928	-41.346
566	151.061	-41.239
567	151.075	-41.805
568	151.083	-41.425
569	151.115	-42.361
570	151.124	-42.247
571	151.160	-41.715
572	151.201	-41.863
573	151.227	-42.235
574	151.260	-42.372
575	151.342	-41.750
576	151.385	-42.417
577	151.401	-41.842
578	151.444	-41.961
579	151.496	-43.108
580	151.567	-41.468
581	151.612	-40.199
582	151.784	-41.836
583	152.133	-42.083
584	152.258	-42.357
585	152.375	-41.771
586	152.495	-40.405
587	152.950	-32.899
588	153.017	-41.636
589	153.145	-43.271
590	153.279	-42.022
591	153.318	-41.450
592	153.463	-42.656
593	153.633	-43.079
594	153.680	-41.274
595	153.691	-42.049
596	153.701	-41.311
597	153.714	-42.347
598	153.757	-41.623
599	153.827	-42.584
600	153.850	-42.218
601	153.862	-41.677
602	153.871	-42.096
603	154.023	-42.870
604	154.034	-43.531
605	154.053	-42.157
606	154.129	-41.446
607	154.621	-41.296
608	155.787	-42.527
609	155.982	-41.583
610	156.053	-41.055
611	156.070	-42.760
612	156.092	-41.572
613	156.158	-41.738
614	156.217	-40.834
615	156.307	-41.552
616	156.353	-41.994
617	156.560	-42.286
618	156.704	-40.757
619	156.878	-40.033
620	157.068	-40.951
621	160.044	-40.285
622	161.679	-45.550
623	162.198	-11.708
624	163.486	-43.132
625	163.868	-43.091
626	163.900	-41.765
627	164.281	-5.819
628	164.574	-43.755
629	167.000	-42.969
630	167.586	-40.377
631	167.602	-42.870
632	167.613	-42.539
633	167.857	-41.998
634	167.944	-42.135
635	168.004	-42.686
636	169.370	-42.513
637	169.450	-41.656
638	169.655	-41.709
639	170.028	-43.645
640	170.148	-42.441
641	170.155	-42.192
642	170.278	-35.906
643	170.464	-42.423
644	170.934	-42.224
645	172.076	-43.426
646	172.094	-41.587
647	172.115	-42.883
648	172.122	-42.329
649	172.269	-41.472
650	172.372	-43.300
651	172.383	-42.194
652	172.473	-41.857
653	172.518	-41.515
654	172.625	-42.576
655	172.792	-41.850
656	172.819	-42.000
657	172.979	-41.489
658	173.071	-42.355
659	173.073	-42.750
660	173.085	-42.627
661	173.166	-42.398
662	173.185	-42.754
663	173.188	-41.920
664	173.266	-41.981
665	173.298	-42.182
666	173.432	-42.318
667	173.456	-42.582
668	173.521	-41.644
669	173.906	-42.081
670	176.129	-42.036
671	177.219	-42.496
672	177.383	-30.042
673	177.619	-41.599
674	178.079	-42.312
675	178.391	-42.384
676	178.438	-42.570
677	179.067	-41.609
678	179.652	-42.126
679	179.703	-42.723
680	180.020	-42.527
681	180.627	-42.558
682	180.719	-42.803
683	180.744	-42.106
684	180.827	-43.375
685	180.995	-42.431
686	181.059	-42.267
687	181.303	-42.261
688	181.325	-42.551
689	181.439	-42.394
690	181.528	-41.538
691	181.619	-42.083
692	181.789	-42.684
693	182.696	-42.443
694	183.257	-41.928
695	183.996	-42.137
696	184.117	-42.889
697	184.140	-42.402
698	184.217	-42.139
699	184.331	-42.599
700	184.387	-41.552
701	184.496	-41.944
702	184.507	-42.198
703	184.531	-42.218
704	184.540	-42.627
705	184.561	-42.318
706	184.637	-42.345
707	184.663	-41.679
708	184.695	-42.259
709	184.707	-42.194
710	184.870	-42.374
711	184.898	-42.318
712	185.031	-42.551
713	185.072	-40.926
714	185.087	-43.766
715	185.103	-42.247
716	185.180	-42.290
717	185.194	-42.325
718	185.307	-42.243
719	185.332	-42.574
720	185.339	-42.102
721	185.429	-42.431
722	185.517	-42.525
723	185.532	-17.548
724	185.615	-42.803
725	186.019	-42.290
726	186.068	-42.359
727	186.113	-42.868
728	186.127	-42.361
729	186.149	-42.098
730	186.223	-41.337
731	186.242	-42.433
732	186.434	-42.580
733	186.479	-42.549
734	186.522	-42.167
735	186.643	-41.854
736	186.683	-40.591
737	186.689	-42.723
738	186.703	-42.519
739	186.838	-41.628
740	186.895	-42.674
741	187.029	-42.198
742	187.054	-41.472
743	187.158	-42.000
744	187.224	-41.726
745	187.649	-42.175
746	187.750	-41.720
747	187.802	-41.198
748	188.026	-43.214
749	188.060	-43.396
750	188.117	-41.266
751	188.656	-42.294
752	188.711	-42.400
753	188.939	-42.155
754	188.952	-42.950
755	189.035	-42.249
756	189.176	-42.226
757	189.290	-42.406
758	189.455	-42.768
759	189.544	-42.390
760	189.645	-42.357
761	189.723	-41.855
762	190.060	-43.236
763	190.217	31.775
764	190.364	-40.661
765	190.644	-43.508
766	190.913	2.302
767	190.979	-43.214
768	191.109	-42.306
769	191.193	-41.350
770	191.211	-42.417
771	191.247	-41.691
772	191.259	-42.192
773	191.261	-42.226
774	191.308	-42.423
775	191.324	-41.489
776	191.370	-41.008
777	191.393	-42.286
778	191.879	-42.592
779	192.080	-41.505
780	192.091	-41.744
781	192.222	-42.425
782	192.412	-42.408
783	194.294	-41.967
784	194.622	-42.237
785	194.908	-41.605
786	194.959	-41.785
787	195.266	-42.308
788	195.638	-42.272
789	196.150	-42.267
790	196.370	-41.826
791	196.597	-42.738
792	196.793	-43.512
793	196.802	-42.547
794	196.866	-41.716
795	196.907	-41.519
796	196.998	-41.744
797	197.076	-42.654
798	197.106	-42.547
799	197.158	-41.088
800	197.293	-41.850
801	197.406	-43.306
802	197.608	-42.402
803	197.652	-42.098
804	197.679	-41.466
805	197.897	-42.235
806	197.900	-41.777
807	197.965	-40.514
808	198.076	-42.055
809	198.089	-42.619
810	198.179	-42.770
811	198.240	-43.032
812	198.295	-41.957
813	198.354	-40.626
814	198.360	-41.509
815	198.396	-41.315
816	198.494	-41.906
817	198.505	-42.404
818	198.648	-43.116
819	198.844	-42.621
820	198.869	-41.004
821	198.928	-42.057
822	199.000	-42.594
823	199.059	-42.999
824	199.265	-42.554
825	199.350	-42.742
826	199.378	-44.837
827	199.543	-42.177
828	199.930	-41.834
829	200.050	-42.435
830	200.675	-41.991
831	200.746	45.237
832	201.851	-42.455
833	201.858	-42.304
834	201.898	-41.762
835	201.901	-42.028
836	201.915	-43.443
837	201.940	-42.325
838	202.068	-42.351
839	202.070	-42.597
840	202.078	-41.356
841	202.174	-42.010
842	202.176	-41.581
843	202.485	-41.570
844	202.795	-42.057
845	202.873	-41.718
846	202.939	-41.989
847	203.627	-41.460
848	204.757	-42.357
849	205.681	-42.331
850	205.840	-45.370
851	206.738	-42.036
852	206.999	-43.917
853	207.013	-41.423
854	207.038	-42.024
855	207.156	-41.546
856	207.482	-42.507
857	207.493	-42.421
858	207.503	-42.400
859	208.449	-41.940
860	208.837	-42.200
861	210.287	-42.249
862	211.853	17.732
863	213.457	18.055
864	216.598	-41.783
865	217.029	-42.782
866	217.066	-42.288
867	217.592	-42.429
868	217.699	-41.190
869	217.711	-42.484
870	217.907	-42.564
871	218.106	-42.962
872	218.283	-42.139
873	218.388	-41.791
874	219.137	-42.235
875	219.153	-40.606
876	219.354	9.217
877	219.527	-42.470
878	219.614	-42.231
879	219.755	-42.400
880	219.797	-41.014
881	220.110	-39.782
882	220.201	-42.088
883	220.230	-41.904
884	220.305	-41.407
885	220.375	-41.515
886	220.390	-42.603
887	220.502	-44.011
888	220.656	-41.251
889	221.042	-42.087
890	221.117	-42.684
891	221.244	-42.392
892	221.267	-41.875
893	221.273	-42.053
894	221.293	-42.541
895	221.369	-41.906
896	221.507	-41.393
897	221.530	-42.122
898	221.613	-41.397
899	221.626	-41.906
900	221.645	-42.415
901	221.658	-41.842
902	221.705	-42.290
903	221.762	-42.255
904	221.857	-42.157
905	221.880	-41.987
906	221.902	-41.830
907	221.920	-41.276
908	222.066	-41.713
909	222.079	-41.797
910	222.176	-40.881
911	222.283	-42.613
912	222.385	-42.735
913	222.563	-41.630
914	222.736	-42.032
915	222.746	-44.119
916	222.783	-42.877
917	222.812	-41.785
918	222.937	-41.480
919	223.071	-41.998
920	223.075	-41.871
921	223.083	-42.870
922	223.155	-41.734
923	223.250	-42.100
924	223.279	-42.110
925	223.330	-41.113
926	223.480	-42.036
927	223.519	-42.126
928	223.628	-41.270
929	223.662	-41.489
930	223.850	-42.108
931	223.878	-42.713
932	224.120	-42.010
933	226.121	-42.304
934	226.181	-42.470
935	226.222	-41.458
936	226.292	-43.056
937	226.303	-41.810
938	226.316	-42.335
939	226.418	-41.832
940	226.463	-41.969
941	226.692	-41.824
942	226.716	-41.476
943	226.744	-42.586
944	226.862	-42.065
945	226.919	-41.049
946	226.941	-41.854
947	226.949	-43.044
948	226.983	-42.785
949	227.120	-41.020
950	227.149	-41.850
951	227.153	-41.901
952	227.161	-43.114
953	227.191	-40.787
954	227.195	-42.235
955	227.230	-41.857
956	227.240	-40.338
957	227.345	-41.587
958	227.380	-41.493
959	227.388	-42.684
960	227.434	-42.008
961	227.501	-41.965
962	227.592	-41.378
963	227.660	-42.511
964	227.744	-42.568
965	228.636	-42.319
966	228.679	-41.593
967	228.864	-42.243
968	228.972	-42.711
969	229.184	-42.157
970	229.204	-42.480
971	229.365	-42.707
972	229.728	-40.947
973	229.734	-42.605
974	229.758	-41.993
975	229.774	-42.323
976	229.806	-42.108
977	234.148	-41.207
978	234.356	-41.626
979	234.873	-41.830
980	235.200	-42.368
981	235.758	-43.112
982	236.075	-41.577
983	236.900	-41.595
984	237.062	-41.529
985	237.151	-41.391
986	237.219	-42.229
987	237.228	-41.940
988	237.452	-43.351
989	237.578	-40.810
990	237.693	-41.979
991	237.735	-41.650
992	237.755	-41.805
993	238.553	-41.593
994	238.744	-41.444
995	238.986	-41.139
996	239.295	-41.536
997	239.410	-42.903
998	239.433	-42.272
999	239.468	-41.777
1000	239.478	-41.762
1001	239.624	-42.969
1002	239.681	-41.818
1003	239.697	-42.024
1004	239.790	-42.576
1005	239.799	-28.368
1006	239.820	-42.525
1007	239.827	-42.314
1008	239.834	-42.539
1009	239.839	-42.153
1010	239.868	-43.212
1011	239.917	-42.000
1012	240.064	-42.104
1013	240.109	-42.235
1014	240.265	-42.341
1015	240.347	-43.357
1016	240.352	-42.684
1017	240.384	-41.887
1018	240.588	-41.346
1019	240.634	-42.165
1020	240.688	-42.738
1021	240.844	-43.561
1022	241.071	-42.239
1023	241.073	-42.198
1024	241.171	-42.731
1025	241.179	-42.695
1026	241.382	-42.032
1027	241.429	-40.967
1028	241.486	-40.910
1029	241.643	-42.145
1030	241.666	-42.233
1031	241.685	-44.765
1032	241.769	-43.308
1033	241.797	-42.464
1034	241.963	-42.517
1035	242.013	-42.488
1036	242.178	-41.807
1037	242.365	-41.697
1038	242.458	-41.897
1039	242.484	-42.568
1040	242.530	-41.991
1041	242.594	-42.458
1042	242.654	-42.312
1043	242.757	-42.527
1044	242.828	-41.538
1045	242.916	-41.985
1046	242.982	-42.611
1047	243.043	-42.783
1048	243.061	-41.748
1049	243.131	-42.274
1050	243.305	-41.993
1051	243.389	-42.077
1052	243.499	-42.051
1053	243.519	-41.162
1054	243.579	-41.446
1055	243.639	-43.101
1056	243.729	-43.052
1057	243.731	-43.011
1058	243.806	-42.318
1059	243.826	-42.300
1060	244.019	-41.891
1061	244.182	-42.212
1062	244.210	-42.184
1063	244.291	-42.112
1064	244.313	-41.405
1065	244.364	-42.447
1066	244.433	-42.576
1067	244.454	-42.077
1068	244.482	-42.237
1069	244.549	-42.110
1070	244.559	-42.609
1071	244.624	-42.186
1072	244.651	-42.196
1073	244.744	-41.668
1074	244.769	-41.323
1075	244.909	-41.051
1076	244.981	-42.325
1077	245.017	-43.244
1078	245.085	-42.697
1079	245.109	-41.752
1080	245.123	-41.754
1081	245.135	-42.165
1082	245.150	-41.830
1083	245.213	-41.936
1084	245.233	-40.980
1085	245.269	-41.752
1086	245.313	-42.817
1087	245.383	-42.983
1088	245.387	-41.605
1089	245.418	-42.366
1090	245.475	-41.899
1091	245.512	-42.458
1092	245.531	-41.934
1093	245.543	-42.922
1094	245.578	-41.885
1095	245.694	-41.703
1096	245.712	-40.587
1097	245.721	-43.003
1098	245.783	-42.729
1099	245.809	-42.394
1100	245.872	-41.818
1101	245.916	-41.615
1102	245.935	-42.498
1103	245.988	-41.697
1104	246.110	-39.753
1105	246.137	-42.942
1106	246.171	-42.558
1107	246.174	-41.830
1108	246.189	-42.361
1109	246.321	-42.366
1110	246.329	-40.906
1111	246.430	-42.627
1112	246.457	-42.308
1113	246.508	-43.022
1114	246.528	-42.531
1115	246.549	-41.942
1116	246.921	-43.563
1117	249.125	-42.122
1118	249.584	-41.499
1119	249.905	-42.558
1120	249.971	-42.509
1121	250.021	-40.806
1122	250.334	-42.290
1123	250.748	-42.141
1124	251.984	-41.685
1125	252.088	-41.468
1126	252.520	-41.437
1127	252.563	-42.002
1128	252.634	-43.788
1129	252.664	-42.650
1130	252.777	-42.917
1131	252.783	2.447
1132	252.940	-41.540
1133	253.113	-43.028
1134	253.124	-41.940
1135	253.329	-42.194
1136	253.415	-41.977
1137	253.544	-41.474
1138	253.765	-41.924
1139	253.826	-42.071
1140	253.870	-40.881
1141	254.026	-42.394
1142	254.425	-40.585
1143	256.188	-43.680
1144	256.930	-42.226
1145	257.066	-42.100
1146	257.118	-41.607
1147	259.845	-40.859
1148	259.899	-41.848
1149	259.912	-43.347
1150	260.025	-40.383
1151	260.186	-41.842
1152	260.415	-42.010
1153	260.644	-42.235
1154	260.822	-41.840
1155	260.936	-42.343
1156	260.968	-42.370
1157	261.058	-42.008
1158	261.061	-39.075
1159	261.068	-40.264
1160	261.087	-42.441
1161	261.138	-42.654
1162	261.154	-42.100
1163	261.369	-42.088
1164	261.424	-41.681
1165	261.569	-41.940
1166	262.618	-40.759
1167	262.844	-41.765
1168	262.943	-41.080
1169	263.095	-41.405
1170	263.210	-43.048
1171	263.343	-42.120
1172	263.471	-42.482
1173	263.635	-42.729
1174	263.785	-41.861
1175	263.859	-42.363
1176	263.902	-41.638
1177	263.984	-41.523
1178	264.134	42.629
1179	264.294	-34.727
1180	264.641	-41.335
1181	264.882	-42.298
1182	264.950	-42.437
1183	265.217	-43.619
1184	265.411	-3.223
1185	265.440	-42.018
1186	265.444	-30.543
1187	265.488	-41.922
1188	265.527	-41.787
1189	265.612	-42.392
1190	265.643	-42.141
1191	265.715	-42.372
1192	265.854	-42.376
1193	265.859	-8.146
1194	265.866	-41.589
1195	266.115	-42.942
1196	266.127	-42.944
1197	266.191	-42.644
1198	266.236	-35.669
1199	266.239	-43.381
1200	266.246	-40.949
1201	266.273	-42.646
1202	266.298	-41.364
1203	266.317	-40.115
1204	266.331	-42.163
1205	266.369	-42.108
1206	266.398	-41.576
1207	266.401	-41.626
1208	266.496	-42.507
1209	266.606	-41.699
1210	266.619	-42.043
1211	266.661	-41.421
1212	266.676	-42.568
1213	266.691	-42.568
1214	266.697	-41.818
1215	266.730	-41.634
1216	266.769	-41.959
1217	266.804	-42.494
1218	266.936	-42.415
1219	266.976	-42.603
1220	267.178	-42.302
1221	267.221	-42.308
1222	267.337	-41.969
1223	267.341	-41.824
1224	267.391	-42.122
1225	267.450	-42.915
1226	267.475	-41.914
1227	267.498	-42.643
1228	267.539	-42.272
1229	267.579	-41.687
1230	267.591	-42.047
1231	267.709	-42.087
1232	267.934	-41.873
1233	268.277	-43.725
1234	268.314	-41.448
1235	269.023	-43.635
1236	269.221	-41.852
1237	269.262	-42.926
1238	269.269	-41.852
1239	269.361	-41.989
1240	269.426	-43.529
1241	269.480	-41.912
1242	269.812	-40.303
1243	269.903	-41.709
1244	270.159	-42.380
1245	270.394	-42.380
1246	270.431	-42.067
1247	270.643	-41.630
1248	270.711	-41.487
1249	270.719	-41.666
1250	270.811	-42.157
1251	270.849	-41.797
1252	270.871	-41.998
1253	270.890	-41.478
1254	270.901	-42.543
1255	270.931	-42.051
1256	270.948	-42.271
1257	271.014	-42.917
1258	271.033	-41.720
1259	271.079	-42.478
1260	271.084	-41.975
1261	271.095	-42.388
1262	271.114	-41.916
1263	271.199	-41.859
1264	271.238	-41.809
1265	271.310	-42.623
1266	271.511	-41.063
1267	271.741	21.637
1268	271.795	-41.209
1269	271.899	-41.184
1270	272.098	-42.032
1271	272.179	-42.435
1272	272.272	-41.613
1273	272.290	-42.069
1274	272.316	-42.292
1275	272.457	-41.378
1276	272.703	-42.135
1277	272.833	-41.558
1278	272.876	-41.505
1279	272.907	-41.147
1280	272.979	-41.863
1281	273.001	-42.782
1282	273.188	-41.816
1283	273.195	-41.562
1284	273.373	-42.067
1285	273.556	-42.586
1286	273.854	-40.248
1287	273.933	-41.693
1288	273.981	-41.597
1289	274.124	-41.728
1290	274.126	-41.873
1291	274.450	-41.881
1292	274.489	-41.859
1293	274.611	-42.002
1294	274.658	-43.739
1295	274.822	-41.994
1296	274.963	-42.627
1297	275.026	-41.624
1298	275.036	-42.568
1299	275.052	-41.728
1300	275.146	-41.767
1301	275.166	-42.049
1302	275.203	-41.617
1303	276.054	-41.544
1304	276.100	-42.400
1305	276.140	-42.004
1306	276.341	-41.795
1307	276.535	-41.687
1308	276.631	-41.840
1309	276.867	-41.609
1310	277.214	-42.196
1311	277.519	-41.458
1312	277.573	-42.318
1313	277.756	-41.763
1314	277.875	-41.587
1315	278.055	-39.780
1316	278.091	-42.118
1317	278.308	-42.310
1318	278.345	-42.402
1319	278.611	-42.124
1320	278.736	-42.633
1321	278.841	-41.562
1322	279.379	-42.693
1323	279.515	0.364
1324	279.549	-31.847
1325	279.606	-38.478
1326	279.618	-1.893
1327	279.911	-42.216
1328	280.108	-42.578
1329	280.975	-42.124
1330	281.003	-43.294
1331	281.086	-42.731
1332	281.608	-42.259
1333	281.879	-41.611
1334	284.099	-42.227
1335	284.890	-41.182
1336	285.615	-41.979
1337	285.789	-42.310
1338	286.180	-42.188
1339	286.198	-42.480
1340	286.202	-42.772
1341	286.232	-41.705
1342	286.238	-41.080
1343	286.248	-41.474
1344	286.329	-42.903
1345	286.410	-41.824
1346	286.486	-42.827
1347	286.513	-41.967
1348	286.515	-41.814
1349	286.563	-42.850
1350	286.612	-42.570
1351	286.676	-42.361
1352	289.715	-42.249
1353	290.209	-47.983
1354	293.309	-43.154
1355	293.749	-41.634
1356	293.841	-41.861
1357	295.851	-41.777
1358	295.907	-43.024
1359	296.120	-42.568
1360	296.139	-42.919
1361	296.156	-42.803
1362	296.199	-41.648
1363	296.211	-42.347
1364	296.224	-42.627
1365	296.277	-41.742
1366	296.327	-42.108
1367	296.593	-42.251
1368	296.648	-42.400
1369	296.661	-42.310
1370	296.670	-41.427
1371	296.709	-42.038
1372	296.773	-41.611
1373	296.833	-43.236
1374	296.839	-42.498
1375	296.878	-42.635
1376	296.907	-41.468
1377	296.909	-42.177
1378	296.959	-42.222
1379	296.963	-42.760
1380	297.057	-42.922
1381	297.080	-42.825
1382	297.118	-42.478
1383	297.269	-41.235
1384	297.314	-42.662
1385	297.329	-43.831
1386	297.457	-41.740
1387	297.477	-42.421
1388	297.511	-42.302
1389	297.535	-42.723
1390	297.552	-40.896
1391	297.686	-42.570
1392	297.745	-41.321
1393	297.775	-42.198
1394	297.779	-42.106
1395	297.834	-41.805
1396	297.902	-42.331
1397	297.944	-41.850
1398	298.103	-42.968
1399	298.138	-42.304
1400	298.191	-42.480
1401	298.233	-41.446
1402	298.463	-42.584
1403	298.555	-41.765
1404	298.659	-42.088
1405	298.667	-43.073
1406	298.747	-42.151
1407	298.808	-41.902
1408	298.907	-41.991
1409	299.252	-42.300
1410	299.300	-43.222
1411	299.338	-42.220
1412	299.422	-43.014
1413	299.468	-42.643
1414	299.495	-43.169
1415	299.656	-43.782
1416	299.740	-41.160
1417	299.773	-41.948
1418	299.788	-41.662
1419	299.808	-41.429
1420	299.884	-41.963
1421	299.974	-42.594
1422	299.987	-42.644
1423	300.008	-42.104
1424	300.028	-42.633
1425	300.081	-42.100
1426	300.239	-40.941
1427	300.402	-42.255
1428	300.572	-42.457
1429	300.639	-42.296
1430	300.794	-41.809
1431	300.927	-41.949
1432	300.932	1.461
1433	301.020	-42.400
1434	301.049	-42.319
1435	301.296	-42.596
1436	302.084	-42.858
1437	302.340	-42.198
1438	302.401	-42.327
1439	302.403	-42.915
1440	302.461	-42.155
1441	302.521	-42.643
1442	302.527	-44.628
1443	302.579	-42.870
1444	302.728	-43.498
1445	303.548	-40.043
1446	303.570	-42.212
1447	303.629	-43.300
1448	304.218	-41.722
1449	304.401	-42.731
1450	304.902	-42.631
1451	305.018	-41.891
1452	305.136	-41.889
1453	305.371	-42.284
1454	305.431	-42.660
1455	305.541	-44.992
1456	305.876	-42.247
1457	305.887	-41.638
1458	305.979	-42.351
1459	305.992	-42.151
1460	306.007	-43.492
1461	306.045	-42.895
1462	306.096	-42.693
1463	306.101	-41.705
1464	306.130	-42.380
1465	306.285	-39.900
1466	306.343	-42.597
1467	306.712	-41.121
1468	306.933	-40.976
1469	307.157	-15.921
1470	307.632	-41.904
1471	308.425	-42.349
1472	308.715	-42.030
1473	309.486	-41.769
1474	309.508	-41.339
1475	310.553	-42.742
1476	310.682	-42.415
1477	310.851	-42.276
1478	310.999	-42.682
1479	311.285	-43.582
1480	312.538	-42.402
1481	312.797	-42.233
1482	312.996	-41.552
1483	313.013	-42.850
1484	313.050	-42.762
1485	313.325	-48.244
1486	313.865	-42.457
1487	314.709	49.661
1488	315.824	-43.829
1489	315.885	-42.067
1490	315.948	-42.402
1491	315.985	-42.921
1492	315.995	-41.491
1493	316.029	-42.637
1494	316.226	-41.215
1495	316.300	-41.885
1496	316.358	-41.855
1497	316.436	-41.517
1498	316.441	-42.666
1499	316.531	-42.656
1500	316.547	-42.911
1501	316.564	-41.460
1502	316.589	-41.934
1503	316.754	-41.824
1504	316.783	-42.427
1505	316.900	-42.145
1506	317.006	-41.754
1507	317.039	-43.030
1508	317.438	-42.210
1509	317.706	-42.617
1510	317.829	-11.226
1511	317.925	-42.985
1512	317.954	-42.829
1513	317.980	-41.521
1514	318.037	-42.155
1515	318.064	-41.989
1516	318.135	-43.118
1517	318.142	-42.194
1518	318.511	-41.603
1519	318.579	-42.425
1520	318.784	-41.345
1521	318.829	-42.441
1522	318.901	-42.006
1523	318.948	-41.084
1524	318.958	-41.668
1525	319.166	-41.382
1526	319.287	-2.800
1527	319.339	-41.662
1528	319.346	-41.934
1529	319.406	-42.838
1530	319.439	-42.088
1531	319.470	-42.069
1532	319.503	-45.626
1533	319.572	-41.861
1534	319.691	-42.006
1535	319.694	-41.135
1536	319.698	-40.174
1537	320.920	-22.252
1538	322.255	-40.432
1539	322.279	-33.509
1540	322.395	-41.595
1541	322.404	-41.744
1542	322.701	-42.744
1543	322.792	-42.153
1544	322.874	-42.184
1545	322.889	-41.417
1546	322.899	-42.402
1547	323.350	-40.013
1548	324.309	-42.950
1549	324.349	-42.028
1550	324.393	-41.748
1551	324.586	-42.010
1552	324.643	-42.133
1553	324.742	-43.218
1554	324.767	-42.370
1555	324.769	-42.633
1556	324.870	-41.724
1557	325.006	-41.540
1558	325.048	-41.738
1559	325.077	-42.325
1560	325.110	-41.591
1561	325.113	-42.137
1562	325.121	-41.877
1563	325.160	-42.981
1564	325.176	-41.546
1565	325.358	-42.580
1566	325.399	-41.523
1567	325.422	-42.419
1568	325.546	-41.850
1569	325.559	-41.969
1570	325.656	-40.955
1571	325.684	-42.006
1572	325.707	-41.679
1573	325.749	-36.427
1574	325.875	-43.316
1575	326.030	-41.758
1576	326.123	-41.025
1577	326.350	-41.993
1578	326.454	-41.673
1579	326.734	-42.141
1580	326.817	-42.245
1581	326.872	-42.611
1582	326.874	-41.664
1583	326.900	-40.655
1584	326.937	-41.918
1585	326.941	-41.591
1586	326.954	-42.204
1587	326.958	-41.934
1588	326.991	-42.028
1589	327.039	-41.507
1590	327.049	-41.865
1591	327.134	-41.773
1592	327.148	-41.963
1593	327.158	-40.806
1594	327.218	-41.671
1595	327.259	-41.382
1596	327.325	-41.707
1597	327.604	-41.895
1598	328.296	-42.126
1599	328.666	-42.114
1600	332.965	-47.421
1601	335.845	-42.137
1602	336.131	-42.985
1603	337.027	-42.208
1604	337.150	-42.372
1605	337.286	-41.763
1606	337.555	-42.327
1607	337.581	-42.132
1608	337.669	-49.918
1609	337.884	-42.404
1610	338.092	-41.252
1611	338.162	-41.758
1612	338.170	-42.793
1613	338.360	-42.762
1614	338.597	-41.593
1615	338.650	-42.596
1616	338.685	-41.368
1617	338.744	-44.081
1618	338.825	-42.120
1619	338.833	-40.285
1620	338.845	-43.118
1621	338.890	-41.346
1622	338.940	-41.599
1623	338.947	-42.243
1624	339.034	-42.942
1625	339.216	-41.879
1626	339.308	-42.556
1627	339.320	-42.490
1628	339.995	-40.544
1629	340.166	-42.552
1630	340.289	-44.426
1631	340.309	-41.742
1632	340.383	-42.188
1633	340.420	-42.304
1634	340.430	-44.908
1635	340.746	-41.476
1636	340.831	-41.891
1637	340.992	-41.873
1638	341.006	-41.760
1639	341.173	-40.953
1640	342.374	-42.347
1641	342.699	-40.385
1642	342.731	-41.501
1643	342.782	-31.211
1644	342.898	-41.211
1645	342.943	-41.564
1646	343.084	-41.834
1647	343.182	-41.311
1648	343.201	-42.899
1649	343.303	-41.235
1650	343.470	-42.997
1651	343.652	-41.818
1652	343.727	-42.552
1653	343.790	-41.554
1654	343.914	-42.028
1655	344.146	-41.920
1656	344.327	-41.683
1657	346.571	-42.319
1658	347.308	-35.972
1659	347.967	-42.380
1660	348.082	-41.546
1661	348.179	-41.771
1662	348.196	-41.799
1663	348.212	-41.603
1664	348.267	-42.619
1665	348.396	-41.963
1666	348.430	-42.051
1667	348.673	-42.962
1668	348.770	-43.169
1669	348.774	-41.899
1670	348.945	-42.231
1671	349.017	-41.901
1672	349.136	-41.442
1673	349.315	-42.331
1674	349.326	-42.670
1675	349.381	-41.313
1676	349.473	-41.785
1677	349.499	-41.930
1678	349.657	-42.186
1679	349.745	-40.702
1680	349.796	-42.159
1681	349.946	-40.937
1682	349.976	-42.327
1683	349.995	-41.609
1684	350.311	-39.545
1685	350.314	-40.986
1686	350.403	-42.085
1687	350.458	-41.873
1688	350.470	-42.926
1689	350.551	-42.124
1690	350.636	-42.255
1691	350.658	-42.829
1692	350.680	-41.709
1693	350.749	-41.996
1694	350.753	-42.116
1695	350.767	-42.200
1696	350.911	-42.106
1697	350.916	-40.685
1698	350.928	-41.859
1699	350.951	-43.018
1700	350.962	-40.211
1701	351.215	-41.626
1702	351.667	-40.892
1703	352.657	-41.615
1704	353.006	-41.323
1705	353.172	-42.543
1706	353.173	-40.589
1707	353.676	-41.926
1708	353.691	-41.660
1709	353.788	-42.337
1710	354.022	-40.554
1711	356.510	-42.439
1712	356.942	-42.116
1713	357.001	-42.016
1714	357.121	-41.783
1715	357.288	-41.840
1716	357.422	-42.411
1717	357.602	-42.390
1718	358.588	-43.755
1719	359.024	-41.991
1720	359.032	-42.496
1721	359.113	-42.300
1722	359.534	-42.727
1723	359.685	6.570
1724	359.687	-41.382
1725	359.705	-42.157
1726	359.870	-41.534
1727	360.053	-42.196
1728	360.215	-42.924
1729	360.759	-42.752
1730	360.873	-41.603
1731	360.877	-42.216
1732	362.104	-15.831
1733	362.298	-42.384
1734	362.804	-41.511
1735	362.825	-43.300
1736	362.850	-43.020
1737	362.891	-42.842
1738	363.200	-41.544
1739	363.853	-43.244
1740	363.856	-41.544
1741	364.147	-41.523
1742	364.290	-42.104
1743	364.532	-41.487
1744	364.535	-41.681
1745	364.545	-41.405
1746	364.613	-42.092
1747	364.831	-42.922
1748	365.001	-41.828
1749	365.055	-41.836
1750	365.342	-41.961
1751	365.393	-42.220
1752	365.418	-41.718
1753	365.669	-28.030
1754	365.856	-42.862
1755	366.094	-42.899
1756	366.155	-41.247
1757	367.628	-6.878
1758	367.832	-43.032
1759	367.941	-42.674
1760	367.985	-41.572
1761	367.999	-41.352
1762	368.140	-41.963
1763	368.181	-40.929
1764	368.254	-41.593
1765	368.563	-15.079
1766	368.655	-41.799
1767	368.664	-40.879
1768	368.785	-41.630
1769	369.083	-40.604
1770	369.146	-42.272
1771	369.347	-41.985
1772	369.370	-42.521
1773	369.403	-41.944
1774	369.531	-42.226
1775	369.723	-42.190
1776	369.846	-41.331
1777	369.871	-41.828
1778	370.075	-41.893
1779	370.082	-42.222
1780	370.282	-41.452
1781	370.360	-40.403
1782	371.067	42.525
1783	371.494	-41.689
1784	375.597	-41.899
1785	376.037	-41.930
1786	376.174	-42.224
1787	376.206	-42.116
1788	376.238	-42.302
1789	376.246	-42.650
1790	376.348	-43.396
1791	376.364	-41.720
1792	376.370	-41.683
1793	376.386	-42.388
1794	376.417	-41.376
1795	376.469	-41.256
1796	376.623	-43.014
1797	376.628	-42.085
1798	376.707	-41.832
1799	376.827	-41.940
1800	376.911	-41.309
1801	376.931	-42.204
1802	377.090	-42.760
1803	377.287	-41.654
1804	377.341	-42.045
1805	377.433	-42.419
1806	377.522	-41.875
1807	382.575	-41.705
1808	384.094	-42.151
1809	384.135	-41.742
1810	384.816	-42.294
1811	384.819	-41.593
1812	384.935	-41.834
1813	384.954	-41.558
1814	384.972	-43.310
1815	385.198	-40.959
1816	385.251	-40.837
1817	385.457	-41.901
1818	385.523	-42.153
1819	386.032	-41.654
1820	386.382	-39.226
1821	387.861	-41.429
1822	388.052	-40.988
1823	388.230	-39.937
1824	389.163	-41.805
1825	389.203	-40.931
1826	389.299	-42.627
1827	389.339	-42.090
1828	389.670	-41.763
1829	389.782	-41.485
1830	389.840	-41.458
1831	390.234	-41.448
1832	390.385	-41.949
1833	390.390	-42.507
1834	390.408	-41.174
1835	390.467	-42.402
1836	390.703	-40.579
1837	390.892	-41.946
1838	390.954	-41.668
1839	390.963	-41.485
1840	391.146	-42.208
1841	393.916	-41.834
1842	394.052	-41.162
1843	394.171	-41.601
1844	394.218	-41.106
1845	394.235	-41.859
1846	394.706	-41.846
1847	394.776	-42.690
1848	394.959	-41.374
1849	395.432	-41.744
1850	395.585	-42.259
1851	395.630	-42.130
1852	395.665	-41.938
1853	395.748	-42.102
1854	395.819	-41.769
1855	395.823	-41.041
1856	396.010	-41.971
1857	396.194	-41.785
1858	396.309	-42.012
1859	396.350	-40.908
1860	396.364	-41.519
1861	396.383	-41.487
1862	396.562	-41.828
1863	396.676	-42.470
1864	396.708	-41.499
1865	396.774	-42.169
1866	396.959	-42.341
1867	397.016	-41.716
1868	397.024	-41.397
1869	397.032	-42.067
1870	397.036	-42.713
1871	397.207	-42.202
1872	397.280	-41.959
1873	397.340	-41.949
1874	397.389	-42.043
1875	397.411	-42.533
1876	397.426	-42.533
1877	397.461	-42.738
1878	397.465	-43.005
1879	397.477	-42.100
1880	397.642	-41.225
1881	397.657	-42.153
1882	397.682	-41.464
1883	397.746	-42.825
1884	397.797	-40.601
1885	397.860	-42.590
1886	397.874	-41.585
1887	397.889	-41.889
1888	397.947	-41.816
1889	397.995	-41.515
1890	398.155	-41.971
1891	398.207	-42.269
1892	398.366	-42.090
1893	398.412	-41.309
1894	398.515	-42.018
1895	398.587	-41.754
1896	398.664	-42.094
1897	398.769	-42.838
1898	398.801	-42.809
1899	398.807	-41.454
1900	398.830	-41.536
1901	398.839	-42.688
1902	398.969	-41.861
1903	398.990	-40.681
1904	399.024	-40.642
1905	399.114	-41.356
1906	399.149	-42.247
1907	399.260	-40.491
1908	399.321	-42.041
1909	399.363	-42.404
1910	399.407	-41.746
1911	399.418	-41.916
1912	399.442	-41.611
1913	399.469	-41.904
1914	399.483	-41.153
1915	399.561	-42.415
1916	399.640	-42.582
1917	399.795	-42.396
1918	399.808	-41.391
1919	399.813	-41.664
1920	399.816	-42.983
1921	399.836	-45.338
1922	400.081	-41.861
1923	400.183	-40.642
1924	400.242	-41.715
1925	400.269	-41.207
1926	400.278	-42.386
1927	400.406	-42.838
1928	401.160	-41.660
1929	401.378	-40.603
1930	402.197	-40.826
1931	402.455	-41.364
1932	402.530	-42.175
1933	402.549	-43.277
1934	403.110	-42.192
1935	403.296	-42.188
1936	403.301	-41.237
1937	403.381	-42.239
1938	403.419	-20.584
1939	403.601	-41.767
1940	403.621	-42.858
1941	403.713	-42.229
1942	403.715	-42.486
1943	403.815	-42.460
1944	403.832	-43.527
1945	403.990	-43.312
1946	404.326	-41.885
1947	404.382	-43.124
1948	404.433	-42.227
1949	404.436	-42.008
1950	404.521	-42.415
1951	404.543	-41.689
1952	404.549	-41.795
1953	404.577	-41.523
1954	404.591	-42.130
1955	404.615	-42.969
1956	404.629	-40.567
1957	404.762	-43.911
1958	404.764	-43.569
1959	404.857	-41.889
1960	405.243	-42.570
1961	405.285	-42.282
1962	405.367	-41.534
1963	405.405	-41.781
1964	405.716	-42.077
1965	406.068	-43.974
1966	406.119	-41.454
1967	406.284	-42.368
1968	406.309	-41.779
1969	406.456	-42.251
1970	406.538	-42.709
1971	406.782	-41.423
1972	406.955	-41.251
1973	407.024	-42.343
1974	407.082	-40.056
1975	407.159	-42.018
1976	407.504	-42.525
1977	407.653	-41.861
1978	407.799	-42.282
1979	408.155	-42.785
1980	408.252	-42.355
1981	408.324	-41.793
1982	408.499	-41.681
1983	408.530	-42.020
1984	408.557	-42.220
1985	408.619	-42.286
1986	408.750	-43.439
1987	408.843	-41.801
1988	409.227	-42.564
1989	409.244	-41.742
1990	409.298	-41.579
1991	409.682	-37.133
1992	409.783	-43.561
1993	409.902	-31.121
1994	410.212	-29.862
1995	410.264	-42.276
1996	410.434	-41.458
1997	410.526	-41.842
1998	410.678	-42.574
1999	410.830	-42.376
2000	410.953	-42.527
