DXEX v3
C:\Documents and Settings\LDA\My Documents\TM_SANTOS\Equipo_5\Trailer.lda
3:11:44 PM
0.00 mm;0.00 mm;-2.00 mm
Region1
"Row#"	"AT [ms]"	"LDA1 [m/s]"	
1	1.222	-39.449
2	1.774	-23.566
3	3.530	-42.292
4	3.534	-42.435
5	3.600	-42.417
6	3.607	-42.175
7	3.933	-41.478
8	4.330	-43.136
9	5.315	-42.083
10	5.567	-39.169
11	5.639	-42.425
12	5.993	-45.115
13	6.938	-41.530
14	7.004	-40.724
15	7.240	-41.294
16	7.262	-46.421
17	7.562	-42.069
18	7.669	-42.126
19	9.740	-41.008
20	9.980	-26.277
21	10.654	-41.981
22	10.846	-42.623
23	10.926	-41.576
24	10.994	-41.711
25	11.134	-42.535
26	11.191	-42.813
27	11.392	-40.796
28	11.468	-42.069
29	11.583	-42.314
30	11.691	-42.306
31	11.813	-41.591
32	11.815	-41.993
33	11.822	-42.102
34	12.446	-42.376
35	12.551	-43.013
36	12.602	-41.718
37	12.639	-42.398
38	12.718	-41.417
39	12.761	-43.046
40	12.810	-2.610
41	12.886	-42.693
42	12.942	-41.812
43	13.046	-44.581
44	13.115	-41.846
45	13.295	-41.431
46	13.318	-42.693
47	14.140	37.214
48	14.587	-42.335
49	14.595	-41.429
50	14.746	-42.343
51	15.650	-42.284
52	15.826	-41.346
53	17.054	-42.337
54	17.419	-42.065
55	18.200	-41.859
56	18.578	-41.877
57	18.853	-41.957
58	18.931	-41.346
59	19.038	-41.587
60	19.383	-41.922
61	19.430	-41.844
62	19.664	-41.787
63	19.780	-42.815
64	20.406	-41.730
65	20.488	-41.646
66	21.770	-41.401
67	21.872	-42.098
68	22.115	-41.673
69	22.192	-42.302
70	22.487	-41.779
71	22.549	-42.676
72	22.957	-42.259
73	23.287	-42.351
74	23.400	-42.392
75	23.535	-41.814
76	23.761	-42.525
77	25.584	-42.036
78	25.915	-42.858
79	25.920	-42.231
80	25.946	-40.906
81	26.015	-42.458
82	26.061	-9.640
83	26.067	-42.877
84	26.100	-41.536
85	26.135	-41.991
86	26.172	-42.498
87	26.329	-41.922
88	26.349	-42.782
89	26.414	-42.772
90	26.443	-42.417
91	26.573	-41.630
92	26.640	-41.998
93	26.651	-41.826
94	26.664	-42.709
95	26.700	-42.069
96	26.738	-42.310
97	26.752	-42.361
98	26.793	-41.854
99	26.857	-42.574
100	26.863	-42.233
101	26.883	-42.000
102	26.906	-41.433
103	27.007	-41.609
104	27.067	-42.560
105	27.084	-41.597
106	27.121	-41.294
107	27.242	-41.503
108	27.284	-42.247
109	27.304	-40.920
110	27.314	-41.141
111	27.479	-41.985
112	27.545	-42.650
113	27.548	-41.996
114	27.557	-42.077
115	27.576	-41.928
116	27.610	-42.596
117	27.626	-42.468
118	27.722	-41.605
119	27.740	-42.059
120	27.790	-41.687
121	27.843	-42.701
122	27.882	-41.914
123	27.918	-42.300
124	27.932	-41.709
125	27.963	-40.978
126	27.967	-41.993
127	27.975	-41.041
128	28.012	-41.871
129	28.073	-41.875
130	28.090	-41.961
131	28.117	-42.118
132	28.223	-42.100
133	28.308	-41.407
134	28.477	-41.452
135	28.561	-42.274
136	28.577	-42.331
137	28.594	-41.916
138	28.814	-42.075
139	28.830	-41.378
140	28.848	-41.852
141	29.015	-42.179
142	29.050	-42.386
143	29.096	-41.953
144	29.276	-14.640
145	29.305	-41.623
146	29.342	-42.165
147	29.403	-41.818
148	29.637	-42.186
149	29.664	-41.807
150	29.667	-41.801
151	29.705	-16.310
152	29.765	-41.362
153	29.802	-43.338
154	29.880	-41.658
155	29.917	-42.545
156	29.948	-41.922
157	29.952	-42.460
158	29.993	-40.933
159	30.009	-41.192
160	30.030	-42.261
161	30.078	-42.619
162	30.216	-41.951
163	30.223	-42.472
164	30.228	-42.607
165	30.282	-42.110
166	30.322	-41.724
167	30.542	-42.114
168	30.623	-42.664
169	30.638	-40.853
170	30.642	-41.791
171	30.705	-41.593
172	30.946	-41.386
173	31.043	-41.830
174	31.066	-41.579
175	31.107	-42.224
176	31.154	-43.048
177	31.170	-41.989
178	31.214	-42.069
179	31.296	-43.124
180	31.303	-41.501
181	31.312	-42.699
182	31.427	-42.204
183	31.486	-42.175
184	31.500	-41.834
185	31.515	-41.920
186	31.523	-41.722
187	31.538	-42.304
188	31.583	-40.931
189	31.605	-42.400
190	31.627	-42.173
191	31.631	-42.719
192	31.689	-42.707
193	31.699	-41.763
194	31.759	-42.051
195	31.844	-43.013
196	31.865	-42.588
197	31.899	-40.855
198	31.928	-40.787
199	31.931	-41.382
200	31.961	-41.687
201	31.987	-41.640
202	32.116	-42.028
203	32.131	-41.227
204	32.151	-41.701
205	32.196	-41.671
206	32.212	-42.723
207	32.242	-42.552
208	32.266	-41.468
209	32.274	-42.014
210	32.289	-41.431
211	32.311	-41.801
212	32.360	-42.165
213	32.387	-42.343
214	32.436	-41.117
215	32.443	-41.190
216	32.537	-41.983
217	32.545	-42.008
218	32.571	-42.032
219	32.615	-41.838
220	32.649	-42.100
221	32.656	-41.707
222	32.688	-41.840
223	32.732	-41.959
224	32.747	-42.014
225	32.762	-41.577
226	32.796	-41.826
227	32.807	-41.125
228	32.814	-41.834
229	33.039	-41.726
230	33.081	-43.294
231	33.102	-41.885
232	33.362	-41.777
233	33.948	-41.836
234	33.995	-37.116
235	34.008	-42.605
236	35.352	-44.230
237	36.188	-41.895
238	36.651	-41.861
239	36.681	-42.699
240	36.829	-41.836
241	36.849	-42.159
242	36.976	-42.627
243	37.211	-42.652
244	37.257	-41.791
245	37.378	-42.034
246	37.438	-42.204
247	37.452	-42.666
248	37.630	-42.427
249	37.635	-42.999
250	37.657	-42.157
251	37.723	-42.257
252	37.818	-43.050
253	37.834	-41.752
254	37.911	14.080
255	37.925	-40.389
256	37.945	-42.274
257	38.135	-40.992
258	38.306	-42.300
259	38.325	-42.274
260	38.470	-43.314
261	38.539	-43.132
262	38.796	-42.717
263	38.801	-42.147
264	38.959	-41.965
265	39.491	-42.535
266	39.562	-42.133
267	39.584	-41.705
268	39.983	-40.272
269	40.079	-42.118
270	40.205	-41.329
271	40.267	-41.529
272	40.277	-42.378
273	40.478	-42.793
274	40.794	-42.411
275	40.837	-42.552
276	40.899	-43.054
277	40.965	-42.118
278	40.987	-42.560
279	41.197	-41.981
280	41.265	-42.404
281	41.308	-42.368
282	41.390	-41.403
283	41.421	-42.975
284	41.480	-42.040
285	41.511	-42.224
286	41.564	-36.996
287	41.568	-41.744
288	41.596	-42.308
289	41.675	1.280
290	42.099	-42.316
291	42.173	-22.372
292	42.241	-42.220
293	42.252	-41.946
294	42.318	-42.885
295	42.395	-41.644
296	42.406	-42.333
297	42.687	-41.928
298	42.763	-41.955
299	42.842	-42.002
300	43.090	-41.025
301	43.219	-39.502
302	43.551	-42.339
303	43.856	-41.977
304	43.871	-42.940
305	43.980	-42.574
306	43.998	-41.687
307	44.104	-42.525
308	44.680	-40.922
309	44.733	-43.294
310	44.750	13.215
311	44.798	-41.899
312	44.803	-42.386
313	44.985	-43.200
314	44.998	-41.047
315	45.141	-42.457
316	45.150	-42.850
317	45.297	-41.668
318	45.350	-41.910
319	45.491	-42.543
320	45.499	-41.626
321	45.519	-39.610
322	45.553	-43.293
323	45.607	-43.167
324	45.634	-41.834
325	45.691	-42.827
326	45.893	-42.457
327	45.956	-41.681
328	46.013	-43.522
329	46.018	-42.742
330	46.070	-42.586
331	46.180	-42.558
332	46.220	-40.315
333	46.258	-42.619
334	46.261	-42.141
335	46.272	-42.603
336	46.385	-41.754
337	46.466	-42.038
338	46.562	-41.902
339	46.623	-42.680
340	46.728	-41.826
341	46.789	-8.565
342	48.031	-42.366
343	48.039	-42.682
344	48.185	-41.949
345	48.403	-42.368
346	48.451	-42.386
347	48.691	-40.338
348	48.753	-43.110
349	48.784	-42.249
350	49.037	-42.304
351	49.080	-41.993
352	49.186	-42.560
353	49.362	-43.976
354	49.473	-42.981
355	50.802	-42.437
356	50.804	-42.122
357	50.822	-42.527
358	50.901	-42.549
359	50.920	-42.738
360	50.973	-41.538
361	51.245	-42.504
362	51.354	-43.357
363	51.534	-41.789
364	51.598	-42.435
365	51.618	-43.459
366	51.644	-41.378
367	51.739	-42.860
368	52.034	-42.006
369	52.149	-43.439
370	54.396	-29.136
371	54.499	-36.043
372	55.392	-42.139
373	55.569	-42.558
374	55.593	-42.043
375	55.606	-42.458
376	55.662	-42.241
377	55.848	-42.545
378	56.194	-42.167
379	56.235	-42.306
380	56.390	-42.257
381	56.454	-41.869
382	56.550	-42.766
383	56.651	-42.212
384	58.431	-42.114
385	58.549	-42.370
386	58.581	-42.012
387	59.068	-41.456
388	59.202	-38.647
389	60.320	-43.261
390	60.627	-42.386
391	60.656	-43.026
392	60.725	-41.687
393	60.781	-42.785
394	61.047	-42.329
395	61.282	-41.000
396	61.662	-41.568
397	61.892	37.482
398	62.054	-42.511
399	62.419	-42.460
400	63.841	-41.877
401	63.939	-42.372
402	64.034	-44.207
403	67.151	-40.924
404	67.654	-43.197
405	67.680	-42.179
406	67.737	-42.498
407	68.094	-42.100
408	68.126	-42.825
409	68.130	-42.339
410	68.191	-41.503
411	68.663	-42.504
412	68.790	-41.601
413	68.943	-42.631
414	68.958	-42.500
415	68.979	-41.268
416	69.032	-40.403
417	69.164	-42.269
418	69.245	-42.192
419	69.335	-42.823
420	69.412	-41.456
421	69.448	-42.282
422	69.472	-42.112
423	70.001	-42.271
424	70.287	-42.468
425	70.399	-42.155
426	70.647	-40.788
427	70.719	-41.773
428	71.391	-41.750
429	71.424	-42.435
430	71.509	-42.785
431	71.574	-44.432
432	71.703	-42.445
433	71.712	-42.423
434	71.751	-41.951
435	71.971	-42.460
436	72.074	-42.615
437	72.360	-41.270
438	72.573	-40.943
439	72.740	-42.521
440	72.821	-41.703
441	73.146	-42.611
442	73.158	-41.991
443	73.599	-42.124
444	73.618	-42.024
445	73.837	-41.989
446	73.840	-42.333
447	73.919	-42.110
448	74.107	-42.400
449	74.267	-42.386
450	74.458	-43.114
451	74.478	-42.280
452	74.578	-42.335
453	74.629	-42.314
454	74.911	-41.779
455	75.024	-40.017
456	75.055	-42.564
457	75.063	-44.109
458	75.115	-41.740
459	75.142	-42.474
460	76.034	-42.269
461	76.091	-42.133
462	76.457	-42.504
463	76.703	-42.006
464	76.854	-42.032
465	77.045	-42.435
466	77.389	-41.855
467	77.472	-43.549
468	77.561	-41.797
469	77.600	-42.327
470	77.664	-41.922
471	77.675	-41.904
472	77.765	-40.732
473	78.182	-41.865
474	78.194	-41.554
475	78.465	-41.544
476	78.466	-42.370
477	78.502	-41.758
478	78.592	-42.263
479	78.606	-43.551
480	78.635	-41.636
481	78.825	-43.175
482	78.860	-42.008
483	78.986	-42.085
484	79.050	-43.330
485	79.053	-42.989
486	79.289	-43.146
487	79.376	-42.597
488	79.618	-42.022
489	79.913	-41.973
490	79.990	-42.061
491	80.152	-42.825
492	86.157	-42.782
493	86.168	-41.836
494	86.339	-42.648
495	86.357	-42.239
496	86.403	-42.278
497	86.429	-42.137
498	86.516	-42.220
499	86.677	-41.971
500	86.720	-42.020
501	86.724	-42.149
502	86.726	-42.827
503	86.733	-41.135
504	86.760	-42.627
505	86.781	-42.390
506	86.966	-42.087
507	86.994	-42.020
508	87.334	-41.957
509	87.336	-41.777
510	87.363	-42.133
511	87.409	-42.398
512	87.590	-44.972
513	87.665	-41.910
514	87.788	-42.603
515	87.826	-42.173
516	87.849	-42.000
517	87.929	-42.815
518	88.066	-41.711
519	88.299	-42.889
520	88.310	-42.539
521	88.348	-41.795
522	88.426	-41.793
523	88.676	-41.787
524	88.682	-42.684
525	88.709	-42.284
526	88.853	-42.139
527	88.888	-42.509
528	89.022	-42.118
529	89.245	-42.274
530	91.622	-42.022
531	91.625	-37.899
532	91.677	-42.613
533	93.778	-41.971
534	93.807	-42.478
535	93.844	-42.370
536	93.873	-42.135
537	93.941	-42.811
538	93.970	-42.370
539	94.037	-41.726
540	94.059	-41.693
541	94.125	-42.453
542	94.151	-42.382
543	94.233	-41.577
544	94.283	-43.177
545	94.488	-43.044
546	94.493	-42.411
547	94.517	-41.534
548	94.588	-41.994
549	94.650	-42.776
550	94.825	-42.390
551	96.089	-42.002
552	97.201	-42.141
553	97.362	-42.699
554	97.370	3.397
555	97.563	-41.472
556	97.668	-42.476
557	98.089	-42.002
558	98.106	-43.445
559	98.947	-42.825
560	98.975	-44.436
561	99.077	-41.444
562	99.097	-42.243
563	99.107	-41.697
564	99.129	-41.889
565	99.176	-42.823
566	99.195	-41.217
567	99.220	-42.809
568	99.254	-41.509
569	99.299	-42.603
570	99.387	-42.008
571	99.390	-42.251
572	99.475	-41.452
573	99.549	-40.804
574	99.587	-44.410
575	99.648	-42.774
576	99.687	-44.553
577	99.745	-42.641
578	99.935	-42.400
579	100.051	-42.760
580	100.310	-42.390
581	100.362	-41.799
582	100.379	-42.472
583	100.428	-41.354
584	100.435	-42.742
585	100.463	-42.807
586	100.624	-42.517
587	100.850	-41.844
588	100.926	-42.382
589	100.959	-42.699
590	101.510	-42.856
591	101.538	-42.370
592	101.841	-42.368
593	101.865	-42.175
594	101.876	-42.024
595	101.925	-41.716
596	102.039	-40.761
597	102.076	-42.024
598	102.178	-42.754
599	102.260	-48.563
600	102.281	-42.474
601	102.390	-42.337
602	102.393	-41.906
603	102.399	-42.498
604	102.515	-42.247
605	102.596	-41.621
606	102.628	-42.515
607	102.913	-42.801
608	103.129	-41.883
609	103.213	-42.182
610	103.278	-42.261
611	103.335	-42.312
612	103.419	-43.048
613	103.525	-42.339
614	104.826	-42.854
615	104.868	-41.354
616	104.926	-39.203
617	104.977	-42.417
618	105.134	-42.349
619	105.499	-42.458
620	105.574	-42.345
621	105.629	-42.098
622	105.806	-43.422
623	105.842	-42.022
624	105.959	-43.126
625	106.056	-43.105
626	106.077	-41.438
627	106.091	-38.568
628	106.099	-43.167
629	106.111	-42.059
630	106.131	-42.096
631	106.160	-42.733
632	106.194	-43.020
633	106.225	-43.126
634	106.303	-42.719
635	106.343	-42.220
636	106.414	-43.287
637	106.932	-41.621
638	106.965	-27.411
639	107.074	-42.468
640	107.585	-40.401
641	107.751	-43.028
642	107.811	-43.022
643	108.022	-41.918
644	108.047	-43.014
645	108.049	-44.688
646	108.249	-41.452
647	108.349	-42.748
648	108.514	-42.795
649	108.716	-41.822
650	108.875	-41.985
651	108.941	-42.398
652	108.947	-41.628
653	108.993	-42.738
654	109.000	-41.869
655	109.096	-44.181
656	109.136	-41.601
657	109.137	-42.629
658	109.183	-42.398
659	109.280	-42.335
660	109.321	-41.869
661	109.498	-42.372
662	109.587	-43.694
663	109.609	-43.402
664	109.615	-42.394
665	109.755	-43.332
666	109.788	-42.633
667	109.935	-41.752
668	109.982	-43.052
669	112.206	-42.206
670	112.349	-42.179
671	114.382	-42.108
672	114.618	-41.648
673	114.811	-41.938
674	115.152	-42.194
675	115.430	-42.124
676	115.623	-42.417
677	115.639	-42.124
678	115.842	-42.458
679	115.918	-42.143
680	115.958	-42.396
681	116.095	-42.819
682	116.175	-42.488
683	116.197	-44.175
684	116.415	-42.083
685	116.445	-42.760
686	116.906	-43.283
687	117.266	-42.844
688	117.394	-41.987
689	117.434	-42.468
690	117.679	-41.599
691	121.214	-41.893
692	121.445	-42.218
693	121.763	-42.143
694	123.781	-42.885
695	126.731	-17.734
696	126.895	-42.388
697	127.500	-42.016
698	127.665	-42.390
699	127.681	-42.333
700	127.919	-42.298
701	128.126	-42.750
702	128.148	-43.208
703	128.215	-42.214
704	128.230	-42.382
705	128.245	-41.063
706	128.263	-42.104
707	128.283	-42.000
708	128.319	-42.376
709	128.366	-42.208
710	128.405	-42.365
711	128.438	-42.274
712	128.589	-42.145
713	128.644	-43.819
714	128.661	-42.384
715	129.168	-43.510
716	129.356	-42.535
717	129.498	-42.182
718	129.508	-43.187
719	129.523	-43.334
720	129.578	-42.030
721	129.729	-42.047
722	129.838	-41.799
723	129.865	-44.802
724	129.938	-43.663
725	130.045	-41.969
726	130.075	-42.255
727	130.210	-41.399
728	131.297	-33.355
729	131.750	-41.507
730	131.805	-42.304
731	131.832	-42.370
732	131.841	-41.850
733	131.860	-44.481
734	131.983	-41.268
735	132.013	-42.239
736	132.019	-42.410
737	132.027	-42.956
738	132.070	-35.732
739	132.111	-41.423
740	132.129	-42.300
741	132.208	-42.496
742	132.312	-42.817
743	134.116	-41.595
744	134.126	-41.262
745	134.318	-41.603
746	134.462	-42.374
747	134.476	-41.415
748	134.584	-42.707
749	134.876	-41.822
750	134.929	-42.132
751	135.001	-41.965
752	135.028	-42.529
753	135.150	-42.353
754	135.177	-42.094
755	135.286	-41.078
756	135.343	-42.744
757	135.503	-42.122
758	136.457	-42.549
759	136.644	-41.562
760	136.830	-42.188
761	136.982	-42.274
762	137.040	-42.274
763	137.164	-41.405
764	137.226	-42.175
765	137.260	-41.452
766	137.275	-41.850
767	137.305	-42.057
768	137.371	-41.791
769	137.388	-41.587
770	137.394	-41.820
771	137.400	-42.235
772	137.435	-42.668
773	137.457	-41.797
774	137.555	-41.713
775	137.647	-41.401
776	137.669	-41.844
777	137.777	-42.764
778	137.804	-42.132
779	137.821	-42.171
780	137.878	-42.271
781	137.973	-42.813
782	138.013	-42.365
783	138.077	-41.901
784	139.404	-41.859
785	139.856	-41.525
786	140.236	-42.366
787	143.285	-17.651
788	146.965	-41.918
789	147.110	-41.814
790	147.129	-42.030
791	147.359	-41.660
792	147.481	-42.163
793	147.509	-42.010
794	147.545	-41.899
795	147.598	-42.028
796	147.953	-41.131
797	147.986	-42.286
798	148.052	-42.026
799	148.091	-41.574
800	148.329	-41.673
801	148.334	-41.760
802	148.419	-41.979
803	148.442	-42.102
804	148.502	-42.848
805	148.539	-42.862
806	148.692	-41.503
807	148.721	-41.981
808	148.726	-41.744
809	148.853	-40.704
810	148.893	-42.077
811	149.121	-42.488
812	149.468	-42.443
813	149.682	-41.094
814	149.733	-41.474
815	149.855	-42.756
816	149.894	-40.953
817	150.102	-41.576
818	150.229	-42.453
819	150.233	-42.149
820	150.283	-42.339
821	150.300	-42.502
822	150.302	-41.783
823	150.317	-42.245
824	150.354	-41.934
825	150.370	-42.038
826	150.390	-42.128
827	150.402	-42.075
828	150.416	-43.009
829	150.593	-42.030
830	150.622	-42.621
831	150.840	-42.214
832	150.962	-42.656
833	151.234	-41.848
834	151.859	-41.644
835	151.983	-42.034
836	152.105	-42.809
837	152.158	-41.164
838	152.356	-43.181
839	152.615	-42.081
840	153.145	6.420
841	154.757	-41.644
842	154.930	-43.741
843	155.822	-41.752
844	156.017	-42.229
845	156.314	-42.531
846	156.444	-41.346
847	157.430	-48.481
848	157.835	-43.972
849	158.914	-42.517
850	158.987	-41.832
851	159.014	-41.609
852	159.336	-42.509
853	159.589	-41.671
854	159.669	-42.263
855	159.889	-42.302
856	160.063	-42.057
857	160.121	-42.973
858	160.320	-41.421
859	160.398	-42.517
860	160.463	-42.227
861	160.515	-42.588
862	160.611	-41.170
863	160.987	-41.981
864	161.156	-4.235
865	161.296	-42.597
866	161.421	-42.466
867	161.586	-43.782
868	161.654	-43.009
869	161.688	-41.466
870	161.786	-40.313
871	161.841	-41.715
872	161.847	-42.188
873	162.126	-42.801
874	162.130	-42.284
875	162.228	-43.300
876	162.274	-43.179
877	162.339	-41.206
878	162.388	-42.036
879	162.399	-42.582
880	162.450	-41.750
881	162.505	-41.581
882	162.693	-44.072
883	163.068	-42.347
884	163.093	-41.503
885	163.213	-42.194
886	163.289	-42.680
887	163.393	-42.721
888	163.421	-43.144
889	163.458	-41.926
890	163.577	-42.155
891	163.657	-42.484
892	163.678	-42.363
893	163.713	-42.098
894	163.716	-41.975
895	163.729	-43.134
896	163.734	-41.501
897	163.785	-42.844
898	163.811	-41.855
899	163.878	-41.613
900	163.915	-42.314
901	164.022	-42.323
902	164.038	-41.360
903	164.055	-42.069
904	164.063	-42.468
905	164.486	-42.263
906	164.878	-41.534
907	164.882	-42.523
908	164.967	-42.057
909	165.038	-43.293
910	165.064	-42.102
911	165.228	-38.719
912	165.464	-42.018
913	165.662	-41.963
914	165.681	-41.437
915	165.716	-42.705
916	165.807	-42.145
917	165.947	-43.547
918	166.055	-41.814
919	166.095	-43.408
920	166.097	-42.245
921	166.131	-42.372
922	166.309	-42.188
923	166.316	-41.932
924	166.387	-42.993
925	166.394	-41.675
926	166.405	-42.388
927	166.416	-42.237
928	166.492	-42.682
929	166.507	-42.016
930	166.652	-41.636
931	171.416	-42.102
932	172.016	-12.195
933	172.093	-41.967
934	172.469	-42.457
935	172.562	-42.045
936	172.696	-42.537
937	173.476	-41.832
938	173.743	-42.811
939	177.137	-42.458
940	178.034	-42.731
941	178.202	-42.729
942	178.225	-41.668
943	178.372	-43.103
944	178.443	-42.243
945	179.318	-43.655
946	179.522	-43.772
947	179.742	-41.763
948	179.754	-41.961
949	179.772	-42.987
950	179.847	-41.969
951	179.856	-42.012
952	179.986	-41.485
953	179.993	-41.278
954	179.999	-42.699
955	180.075	-42.267
956	180.101	-41.781
957	181.436	-41.593
958	181.703	-41.795
959	181.741	-42.601
960	181.877	-42.251
961	182.031	-42.380
962	182.034	-41.916
963	182.114	-42.748
964	182.520	-42.715
965	182.609	-41.325
966	182.617	-42.220
967	182.915	-42.175
968	183.627	-41.519
969	183.711	-42.182
970	183.857	-42.237
971	184.034	-42.556
972	184.302	-43.316
973	184.353	-42.323
974	184.930	-42.462
975	185.135	-42.318
976	186.118	-42.345
977	186.589	-41.638
978	186.824	-33.607
979	186.831	-41.809
980	187.911	-42.247
981	188.499	-42.245
982	189.204	-42.079
983	189.595	-41.628
984	189.650	-42.648
985	189.726	-42.149
986	190.203	-42.449
987	194.135	-41.560
988	194.248	-40.937
989	194.391	-41.577
990	194.832	-40.873
991	195.006	-41.855
992	195.158	-41.184
993	195.359	-41.225
994	195.537	-41.724
995	195.753	-42.404
996	195.911	-41.944
997	196.044	-43.191
998	196.139	-41.489
999	196.178	-42.762
1000	196.223	-41.668
1001	196.244	-41.944
1002	196.362	-41.879
1003	196.370	-42.443
1004	196.403	-42.464
1005	196.415	-42.241
1006	196.475	-41.742
1007	196.512	-41.552
1008	196.573	-41.763
1009	196.579	-42.259
1010	196.592	-41.889
1011	196.662	-41.754
1012	196.770	-42.190
1013	196.781	-42.388
1014	196.929	-41.368
1015	196.941	-42.660
1016	196.958	-41.542
1017	197.100	-41.887
1018	197.108	-41.581
1019	197.177	-41.532
1020	197.248	-41.227
1021	197.293	-42.568
1022	197.335	-41.881
1023	197.384	-42.085
1024	197.497	-42.286
1025	197.537	-42.087
1026	197.639	-41.828
1027	197.842	-40.775
1028	198.106	-42.576
1029	198.145	-41.977
1030	198.291	-41.855
1031	198.316	-42.560
1032	198.358	-42.210
1033	198.431	-43.488
1034	198.466	-42.102
1035	198.477	-41.687
1036	198.539	-42.748
1037	198.656	-42.075
1038	198.870	-31.886
1039	198.949	-41.321
1040	203.898	-41.989
1041	207.090	-40.278
1042	207.181	-42.036
1043	207.612	-40.877
1044	207.618	-43.637
1045	207.923	-41.773
1046	208.764	-40.464
1047	208.777	-42.237
1048	208.791	-41.689
1049	208.855	-40.518
1050	208.905	-41.419
1051	208.931	-41.669
1052	208.993	-41.918
1053	209.048	-41.873
1054	209.262	-42.139
1055	209.337	-41.760
1056	209.635	-40.708
1057	209.728	-44.698
1058	209.756	-42.641
1059	209.769	-41.775
1060	209.852	-42.241
1061	209.910	-43.020
1062	209.943	-42.392
1063	210.057	-41.869
1064	210.108	-41.683
1065	210.311	-41.904
1066	210.314	-42.635
1067	210.490	-42.433
1068	210.863	-40.720
1069	210.952	-40.949
1070	210.990	-41.182
1071	211.073	-41.769
1072	211.139	-41.724
1073	211.149	-42.276
1074	211.182	-43.974
1075	211.208	-41.299
1076	211.371	-42.002
1077	211.375	-41.855
1078	211.423	-42.478
1079	211.584	-41.440
1080	211.603	-41.254
1081	211.608	-40.982
1082	211.693	-41.415
1083	211.734	-41.284
1084	211.924	-41.828
1085	212.482	-42.343
1086	212.495	-41.816
1087	212.513	-41.652
1088	212.610	-41.485
1089	212.628	-42.531
1090	212.696	-41.814
1091	212.706	-41.977
1092	212.833	-41.722
1093	212.941	-43.024
1094	212.960	-41.536
1095	212.962	-41.505
1096	212.971	-42.116
1097	212.977	-42.233
1098	213.039	-42.120
1099	213.099	-42.226
1100	213.184	-42.079
1101	213.242	-42.766
1102	213.319	-41.996
1103	213.324	-42.249
1104	213.340	-42.094
1105	213.446	-42.417
1106	213.585	-42.349
1107	213.587	-41.973
1108	213.825	-40.536
1109	213.900	-42.147
1110	213.940	-41.442
1111	214.048	-42.198
1112	214.229	-42.300
1113	214.467	-42.069
1114	214.472	-41.881
1115	214.538	-41.059
1116	214.982	-41.515
1117	220.626	-41.767
1118	220.741	-42.343
1119	220.748	-43.150
1120	220.799	-41.785
1121	220.891	-42.318
1122	220.896	-42.774
1123	220.949	-42.319
1124	220.955	-42.180
1125	221.057	-41.826
1126	221.287	-42.173
1127	221.300	-42.034
1128	221.330	-42.337
1129	221.382	-43.418
1130	221.387	-42.220
1131	221.446	-42.167
1132	221.458	-42.063
1133	221.570	-42.323
1134	221.757	-42.355
1135	221.763	-41.243
1136	221.769	-40.534
1137	221.793	-41.879
1138	221.899	-41.607
1139	221.938	-42.202
1140	222.228	-41.681
1141	222.270	-42.167
1142	222.298	-42.038
1143	222.349	-43.590
1144	222.375	-42.222
1145	222.382	-41.542
1146	222.421	-41.734
1147	222.434	-42.310
1148	222.443	-42.020
1149	222.578	-42.731
1150	222.634	-41.910
1151	222.660	-42.116
1152	222.696	-41.942
1153	222.708	-42.196
1154	222.742	-41.552
1155	222.780	-42.560
1156	222.898	-42.437
1157	222.910	-42.292
1158	222.968	-42.063
1159	222.991	-42.451
1160	223.208	-41.955
1161	226.108	-42.327
1162	226.281	-42.063
1163	226.475	-40.898
1164	226.522	-42.261
1165	226.956	4.031
1166	227.145	-42.930
1167	227.172	-42.668
1168	227.368	-42.723
1169	227.709	-42.212
1170	227.746	-42.670
1171	227.799	-42.460
1172	227.801	-41.991
1173	227.871	-42.783
1174	227.953	-41.174
1175	227.960	-41.760
1176	228.092	-23.930
1177	228.134	-42.952
1178	228.137	-41.354
1179	228.142	-42.337
1180	228.178	-42.492
1181	228.266	-41.309
1182	228.352	-41.908
1183	228.492	-41.918
1184	228.507	-42.276
1185	228.518	-42.214
1186	228.666	-42.155
1187	229.381	-42.370
1188	229.571	-42.077
1189	229.786	-42.864
1190	230.017	-42.133
1191	230.033	-41.897
1192	230.213	-42.090
1193	230.818	-42.149
1194	232.942	-45.622
1195	234.162	-42.073
1196	234.306	-41.910
1197	234.453	-42.171
1198	234.558	-42.059
1199	234.606	-41.732
1200	234.815	-41.889
1201	234.837	-42.480
1202	234.964	-41.724
1203	235.348	-41.844
1204	235.358	-42.206
1205	235.378	-41.951
1206	235.392	-42.186
1207	235.416	-42.212
1208	235.630	-42.825
1209	235.658	-40.001
1210	235.673	-41.930
1211	235.724	-42.200
1212	235.731	-41.895
1213	235.867	-41.576
1214	235.878	-42.836
1215	235.910	-41.854
1216	235.919	-39.510
1217	236.045	-42.838
1218	236.139	-42.952
1219	236.162	-42.184
1220	236.210	-42.132
1221	236.233	-43.228
1222	236.247	-41.852
1223	236.294	-41.343
1224	236.319	-41.805
1225	236.382	-42.396
1226	238.581	26.902
1227	238.867	-8.663
1228	239.112	-43.275
1229	239.373	-42.087
1230	239.384	19.872
1231	239.687	-41.642
1232	240.210	-42.447
1233	244.338	-42.396
1234	246.426	-41.051
1235	246.547	-41.908
1236	246.565	-42.280
1237	246.572	-42.378
1238	246.849	-42.010
1239	246.878	-42.357
1240	246.881	-42.611
1241	246.897	-41.192
1242	247.004	-41.619
1243	247.223	-41.513
1244	248.572	-42.004
1245	249.790	-42.208
1246	254.165	-41.763
1247	254.661	-42.484
1248	254.823	-42.239
1249	254.879	-41.777
1250	254.907	-41.687
1251	255.066	-41.893
1252	255.121	-42.000
1253	255.124	-41.850
1254	255.176	-42.554
1255	255.208	-42.128
1256	255.234	-42.596
1257	255.393	-41.650
1258	255.675	-42.764
1259	255.737	-42.071
1260	255.744	-42.302
1261	255.774	-42.300
1262	255.882	-42.930
1263	255.962	-42.582
1264	256.017	-41.879
1265	256.035	-41.906
1266	256.193	-42.179
1267	256.239	-42.302
1268	256.245	-41.791
1269	256.250	-41.922
1270	256.340	-41.775
1271	256.385	-41.388
1272	256.423	-41.830
1273	256.428	-41.944
1274	256.543	-42.265
1275	256.591	-42.269
1276	256.598	-42.284
1277	256.617	-42.357
1278	256.633	-41.431
1279	256.667	-42.026
1280	256.678	-41.975
1281	256.726	-42.592
1282	256.767	-43.463
1283	256.820	-41.754
1284	256.833	-41.793
1285	256.841	-41.951
1286	257.009	-41.570
1287	257.059	-42.282
1288	257.065	-41.942
1289	257.114	-42.539
1290	257.118	-42.087
1291	257.131	-42.255
1292	257.140	-41.364
1293	257.214	-43.183
1294	257.244	-43.273
1295	257.280	-42.517
1296	257.320	-41.211
1297	257.395	-42.188
1298	257.457	-42.143
1299	257.476	-41.750
1300	257.494	-40.540
1301	257.510	-42.921
1302	257.625	-42.206
1303	257.660	-42.259
1304	257.703	-42.220
1305	257.734	-41.583
1306	257.800	-41.996
1307	257.845	-41.425
1308	257.865	-42.004
1309	257.882	-42.490
1310	257.910	-41.812
1311	257.968	-40.826
1312	258.023	-41.953
1313	258.130	-42.652
1314	258.232	-42.116
1315	258.261	-42.280
1316	258.324	-41.039
1317	258.367	-41.454
1318	258.422	-42.513
1319	258.433	-42.672
1320	258.574	-41.908
1321	258.591	-41.409
1322	258.709	-43.048
1323	258.730	-41.967
1324	258.771	-42.347
1325	258.780	-41.572
1326	258.787	-41.879
1327	258.801	-41.337
1328	258.850	-42.124
1329	258.853	-41.532
1330	258.879	-42.112
1331	258.911	-41.769
1332	258.940	-42.124
1333	258.942	-42.310
1334	258.968	-42.235
1335	259.025	-42.527
1336	259.034	-42.658
1337	259.057	-42.609
1338	259.074	-42.455
1339	259.160	-42.419
1340	259.189	-42.251
1341	259.215	-40.867
1342	259.253	-42.552
1343	259.438	-42.312
1344	259.509	-42.472
1345	259.605	-41.421
1346	259.660	-41.830
1347	259.711	-41.585
1348	259.756	-42.668
1349	259.929	-42.560
1350	260.433	-42.114
1351	260.704	-41.720
1352	262.643	-41.758
1353	263.302	-42.995
1354	263.307	-42.269
1355	263.427	-43.060
1356	263.523	-42.625
1357	264.472	-41.812
1358	264.555	-42.104
1359	264.723	-41.955
1360	264.877	-42.179
1361	265.085	-41.623
1362	265.294	-42.813
1363	265.579	-42.020
1364	267.671	-42.529
1365	267.779	-42.968
1366	267.969	-42.969
1367	268.674	-41.611
1368	269.018	-41.374
1369	269.232	-42.472
1370	269.333	-42.529
1371	270.359	-41.411
1372	270.490	-45.908
1373	270.622	-42.601
1374	270.994	-42.782
1375	271.093	-43.065
1376	271.122	-41.953
1377	271.137	-42.378
1378	271.166	-41.803
1379	271.290	-42.390
1380	271.342	-42.803
1381	271.564	-42.323
1382	271.591	-42.650
1383	271.698	-42.676
1384	271.782	-41.857
1385	271.840	-41.822
1386	271.842	-18.111
1387	271.850	-42.171
1388	271.878	-42.733
1389	271.900	-42.507
1390	272.060	-42.280
1391	272.319	-41.869
1392	272.459	-42.599
1393	272.526	-41.910
1394	272.636	-42.511
1395	272.789	-42.253
1396	272.812	-42.118
1397	272.819	-41.957
1398	272.828	-42.112
1399	272.963	-42.065
1400	273.074	-41.987
1401	273.093	-41.691
1402	273.099	-42.558
1403	273.222	-43.385
1404	273.411	-41.493
1405	273.493	-41.885
1406	273.650	-41.730
1407	273.789	-42.441
1408	273.823	-42.038
1409	273.881	-42.789
1410	274.114	-42.329
1411	274.341	-42.251
1412	277.271	-9.842
1413	277.590	-42.875
1414	278.611	-42.989
1415	279.767	-42.092
1416	279.816	-42.355
1417	280.122	-42.337
1418	281.223	-42.325
1419	282.188	-42.237
1420	282.276	-41.859
1421	282.598	-42.568
1422	282.733	-42.746
1423	282.815	-42.292
1424	283.024	-41.957
1425	283.190	-41.771
1426	283.203	-41.969
1427	283.299	-42.180
1428	283.337	-41.996
1429	283.450	-42.088
1430	283.573	-41.211
1431	283.627	-43.269
1432	283.818	-41.546
1433	284.062	-41.489
1434	284.563	-41.448
1435	284.625	-41.910
1436	284.880	-39.522
1437	285.392	-41.855
1438	285.992	-42.167
1439	286.041	-41.746
1440	286.073	-42.511
1441	286.185	-42.087
1442	286.253	-42.476
1443	286.275	-41.595
1444	286.293	-42.028
1445	286.329	-41.540
1446	286.332	-42.235
1447	286.368	-41.781
1448	286.456	-42.251
1449	286.538	-41.957
1450	286.556	-41.822
1451	286.568	-41.509
1452	286.970	-41.971
1453	287.065	-41.861
1454	287.616	-41.728
1455	287.857	-42.065
1456	288.551	-42.460
1457	288.654	-41.523
1458	288.656	-42.721
1459	288.744	-42.192
1460	288.749	-41.855
1461	288.764	-42.468
1462	288.811	-42.329
1463	288.846	-42.889
1464	288.884	-41.503
1465	288.904	-41.615
1466	288.913	-42.204
1467	288.918	-42.198
1468	289.222	-43.157
1469	291.421	-41.781
1470	292.075	-43.756
1471	292.142	-40.336
1472	293.026	-42.321
1473	293.793	-40.630
1474	294.342	-41.642
1475	294.739	-42.551
1476	295.412	-43.054
1477	295.424	-42.065
1478	295.456	-41.589
1479	295.754	-42.351
1480	298.473	-42.124
1481	298.531	-41.893
1482	298.742	-42.265
1483	298.791	-42.384
1484	298.796	-42.460
1485	298.984	-43.412
1486	299.183	-42.721
1487	299.238	-41.705
1488	299.287	-40.383
1489	299.289	-42.161
1490	299.337	-42.321
1491	299.703	-42.564
1492	299.767	-42.895
1493	300.391	-42.515
1494	300.415	-40.822
1495	300.531	-42.995
1496	300.652	-41.961
1497	300.991	-42.130
1498	301.381	-41.274
1499	302.339	-42.411
1500	302.397	-42.500
1501	302.963	-42.276
1502	303.752	-42.235
1503	304.026	-42.151
1504	304.181	-42.226
1505	304.485	-42.210
1506	304.876	-42.100
1507	305.065	-41.926
1508	305.139	-41.437
1509	305.163	-42.198
1510	305.200	-41.566
1511	305.262	-42.325
1512	305.317	-42.388
1513	305.730	-41.920
1514	305.936	-42.543
1515	305.952	-42.065
1516	305.956	-41.771
1517	305.973	-42.018
1518	306.038	-42.576
1519	306.091	-41.119
1520	306.104	-41.391
1521	306.161	-41.609
1522	306.403	-41.065
1523	306.405	-41.325
1524	306.728	-43.226
1525	306.796	-42.357
1526	306.969	-42.678
1527	306.982	-42.116
1528	307.023	-41.873
1529	307.033	-42.298
1530	307.059	-42.051
1531	307.090	-42.008
1532	307.199	-41.429
1533	307.265	-43.293
1534	307.331	-40.835
1535	307.426	-41.881
1536	307.475	-41.996
1537	307.595	-41.566
1538	307.644	-39.577
1539	307.658	-41.380
1540	307.707	-41.824
1541	307.908	-42.719
1542	307.926	-41.493
1543	307.953	-43.293
1544	307.971	-42.768
1545	307.973	-40.920
1546	308.017	-41.642
1547	308.060	-41.746
1548	308.085	-41.807
1549	308.103	-42.515
1550	308.145	-41.718
1551	308.166	-41.871
1552	308.221	-41.446
1553	308.275	-41.750
1554	308.360	-41.822
1555	308.581	-41.478
1556	308.583	-42.047
1557	308.619	-42.780
1558	308.937	-42.155
1559	308.945	-41.985
1560	308.947	-42.457
1561	308.986	-41.619
1562	309.684	-41.762
1563	310.168	-42.071
1564	310.338	-41.779
1565	310.428	-42.439
1566	310.726	-41.726
1567	311.966	-42.519
1568	312.074	-42.083
1569	312.534	-42.159
1570	313.214	-42.237
1571	313.383	-41.899
1572	313.445	-41.673
1573	313.447	-42.083
1574	313.551	-41.650
1575	313.760	-42.701
1576	314.370	-42.325
1577	314.476	-2.210
1578	316.906	-39.821
1579	316.913	-42.623
1580	316.926	-42.699
1581	316.970	-41.767
1582	316.990	-40.751
1583	318.367	-41.247
1584	318.552	-42.756
1585	318.662	-40.503
1586	318.803	-41.624
1587	318.900	-42.462
1588	318.918	-41.587
1589	318.968	-41.485
1590	319.036	-43.923
1591	319.072	-41.160
1592	319.077	-41.668
1593	319.166	-41.773
1594	319.224	-42.030
1595	319.257	-41.409
1596	319.300	-42.402
1597	319.311	-42.331
1598	319.333	-41.760
1599	319.487	-41.078
1600	319.500	-41.977
1601	319.551	-42.386
1602	319.558	-41.585
1603	319.607	-41.775
1604	319.694	-41.433
1605	321.489	-41.887
1606	323.933	-42.030
1607	324.959	-42.302
1608	325.186	-42.198
1609	325.215	-42.533
1610	325.663	-42.363
1611	325.778	-41.873
1612	325.802	-42.964
1613	325.849	-41.828
1614	325.950	-41.358
1615	325.989	-41.346
1616	326.088	-41.662
1617	326.096	-40.430
1618	326.150	46.736
1619	326.231	-42.198
1620	326.256	-41.323
1621	326.258	-41.801
1622	326.327	-41.679
1623	326.346	-42.738
1624	326.419	-42.243
1625	326.496	-42.310
1626	326.523	-41.842
1627	326.607	-41.313
1628	326.625	-42.186
1629	326.734	-42.247
1630	326.749	-42.008
1631	326.761	-41.507
1632	326.880	-40.918
1633	327.025	-42.010
1634	327.049	-42.308
1635	327.074	-43.406
1636	327.179	-41.532
1637	327.181	-41.854
1638	327.313	-41.805
1639	327.355	-42.480
1640	327.413	-41.679
1641	327.529	-41.883
1642	327.569	-41.689
1643	327.584	-41.519
1644	327.851	-42.210
1645	328.004	-39.553
1646	328.158	-41.973
1647	328.206	-42.065
1648	328.566	-41.899
1649	328.941	-42.529
1650	328.949	-40.730
1651	329.209	-11.038
1652	329.582	-42.294
1653	329.830	-41.961
1654	329.871	-41.844
1655	333.987	-41.669
1656	334.121	-42.182
1657	334.149	-41.070
1658	334.369	-41.399
1659	334.428	-41.871
1660	334.502	-42.296
1661	334.750	-42.151
1662	334.861	-42.594
1663	334.896	-41.930
1664	335.056	-42.145
1665	335.068	-41.844
1666	335.073	-41.904
1667	335.096	-41.715
1668	335.173	-41.626
1669	335.186	-43.124
1670	335.269	-40.465
1671	335.299	-40.922
1672	335.367	-42.247
1673	335.416	-41.883
1674	335.441	-41.716
1675	335.451	-42.006
1676	335.475	-42.276
1677	335.481	-41.225
1678	335.524	-44.408
1679	335.660	-42.122
1680	335.819	-41.023
1681	336.081	-41.098
1682	336.148	-42.660
1683	336.160	-42.112
1684	336.177	-42.815
1685	336.201	-42.237
1686	336.293	-41.636
1687	336.357	-41.734
1688	336.380	-41.787
1689	336.425	-41.560
1690	336.429	-40.900
1691	336.459	-41.601
1692	336.467	-41.587
1693	336.521	-41.715
1694	336.543	-42.229
1695	336.697	-41.873
1696	336.714	-41.626
1697	336.728	-41.994
1698	336.755	-42.762
1699	336.835	-41.834
1700	336.956	-40.990
1701	336.998	-42.118
1702	337.004	-41.609
1703	337.009	-42.429
1704	337.033	-41.652
1705	337.092	-40.448
1706	337.115	-41.149
1707	337.184	-41.697
1708	337.387	-42.417
1709	337.413	-40.947
1710	337.471	-41.924
1711	337.528	-41.568
1712	337.590	-42.137
1713	337.639	-41.607
1714	337.694	-41.716
1715	337.736	-42.343
1716	337.756	-42.057
1717	337.784	-42.554
1718	337.834	-41.740
1719	337.951	-41.877
1720	337.969	-41.760
1721	337.999	-41.485
1722	338.029	-41.339
1723	338.083	-42.032
1724	338.096	-41.765
1725	338.139	-42.580
1726	338.179	-42.135
1727	338.219	-41.846
1728	338.249	-41.716
1729	338.296	-41.215
1730	338.323	-42.014
1731	338.462	-43.349
1732	338.493	-41.767
1733	338.644	-42.267
1734	338.677	-41.278
1735	338.776	-42.071
1736	338.836	-40.052
1737	338.912	-43.034
1738	339.200	-43.159
1739	339.553	-40.959
1740	339.619	-41.125
1741	339.649	-40.603
1742	339.973	-41.993
1743	339.981	-42.462
1744	340.010	-42.057
1745	340.145	-42.623
1746	344.122	-41.464
1747	344.246	-41.967
1748	344.354	-42.468
1749	344.426	-42.218
1750	344.500	-41.548
1751	344.636	-42.269
1752	344.833	-41.940
1753	345.052	-42.834
1754	346.239	-15.357
1755	346.755	-41.534
1756	347.329	-41.548
1757	347.878	45.542
1758	348.127	-40.301
1759	348.574	-39.964
1760	348.621	-41.728
1761	348.863	-42.760
1762	348.875	-41.282
1763	348.935	-45.462
1764	349.784	-42.296
1765	351.432	-42.059
1766	351.441	-41.975
1767	351.679	-42.684
1768	353.248	-28.253
1769	358.783	-42.038
1770	359.022	-42.400
1771	359.051	-41.235
1772	360.519	-43.809
1773	361.203	-41.276
1774	361.217	-42.404
1775	361.283	-41.450
1776	361.314	-41.687
1777	361.388	-42.419
1778	361.431	-40.644
1779	361.510	-41.507
1780	361.803	-41.771
1781	361.874	-41.979
1782	362.217	-42.030
1783	362.292	-40.620
1784	362.501	-41.409
1785	362.572	-41.861
1786	362.982	-42.059
1787	363.798	-42.241
1788	364.147	-41.828
1789	364.330	-42.560
1790	364.354	-41.317
1791	364.819	-42.611
1792	365.081	-42.431
1793	365.503	-41.887
1794	365.566	-40.291
1795	366.040	-39.978
1796	366.065	-42.043
1797	366.148	-42.143
1798	366.368	-42.398
1799	366.574	-26.027
1800	367.027	-41.403
1801	368.476	29.940
1802	369.014	-41.971
1803	369.337	-42.130
1804	369.397	-41.172
1805	369.437	-41.642
1806	369.547	-41.807
1807	369.555	-40.845
1808	369.656	-9.057
1809	369.808	-42.096
1810	369.910	-41.940
1811	369.924	-43.157
1812	369.938	-40.933
1813	370.077	-42.599
1814	370.303	-40.448
1815	370.345	-43.359
1816	370.593	-41.951
1817	371.041	-41.474
1818	371.072	-41.677
1819	371.107	-43.232
1820	371.113	-42.625
1821	371.131	-47.265
1822	371.164	-41.425
1823	371.166	-40.350
1824	371.302	-41.249
1825	371.357	-41.744
1826	371.444	-41.785
1827	371.447	-42.265
1828	371.456	-42.605
1829	371.529	-41.532
1830	371.546	-41.985
1831	371.650	-41.963
1832	371.671	-42.363
1833	371.678	-42.533
1834	371.730	-42.991
1835	371.737	-42.597
1836	371.761	-42.038
1837	371.763	-42.079
1838	371.787	-41.652
1839	371.841	-41.066
1840	371.889	-42.034
1841	372.149	-42.646
1842	372.185	13.235
1843	372.250	-42.224
1844	372.275	-41.906
1845	372.400	-41.583
1846	372.609	-41.948
1847	372.808	-41.458
1848	373.001	-41.901
1849	373.178	-41.601
1850	373.182	-42.067
1851	373.204	-42.633
1852	373.215	-42.406
1853	373.232	-42.055
1854	373.258	-41.499
1855	373.282	-42.805
1856	373.331	-43.361
1857	373.506	-40.882
1858	373.698	-41.989
1859	373.713	-16.422
1860	373.725	-41.100
1861	373.796	-42.609
1862	373.824	-42.721
1863	373.838	-41.352
1864	373.919	-41.879
1865	374.132	-41.307
1866	374.143	-40.761
1867	374.160	-41.718
1868	374.249	-43.089
1869	374.288	-42.057
1870	374.318	-41.286
1871	374.469	-42.443
1872	374.633	-41.489
1873	375.006	-41.466
1874	375.075	-37.311
1875	375.690	-14.055
1876	376.098	-42.182
1877	376.385	-41.989
1878	376.393	-29.396
1879	376.442	-41.286
1880	376.587	-43.420
1881	376.601	-41.503
1882	376.655	-41.211
1883	377.164	-41.953
1884	377.215	-43.075
1885	377.218	-42.570
1886	377.435	-41.182
1887	377.721	-42.227
1888	377.730	-41.949
1889	377.822	-41.926
1890	377.944	-42.580
1891	377.946	-41.877
1892	377.949	28.889
1893	377.999	-42.088
1894	378.159	-42.047
1895	378.275	-41.797
1896	378.428	-42.000
1897	378.446	-41.538
1898	378.488	-41.311
1899	378.536	-42.124
1900	378.595	-41.262
1901	378.706	-41.446
1902	378.778	-42.770
1903	378.809	-42.122
1904	378.889	-41.335
1905	378.906	-39.610
1906	379.063	-42.435
1907	379.115	-44.211
1908	379.176	-41.689
1909	379.276	-42.196
1910	379.292	-40.340
1911	379.470	-40.411
1912	379.472	-42.325
1913	379.542	-40.068
1914	379.756	-20.568
1915	380.041	-42.014
1916	381.253	-41.818
1917	381.413	-42.155
1918	381.898	-41.094
1919	384.106	-21.455
1920	384.115	-42.151
1921	384.610	-42.269
1922	384.764	-42.803
1923	384.815	-41.889
1924	384.883	-41.374
1925	384.979	-42.036
1926	385.000	-41.552
1927	386.403	-41.777
1928	386.579	-42.081
1929	386.991	-41.480
1930	387.244	-40.951
1931	387.394	-41.523
1932	388.135	-41.904
1933	388.245	-41.883
1934	388.326	-42.603
1935	388.354	-41.456
1936	388.369	-41.844
1937	388.478	-41.920
1938	388.610	-41.897
1939	389.874	-41.623
1940	391.599	-42.155
1941	391.680	-42.157
1942	391.682	-41.360
1943	391.869	-41.746
1944	391.903	-42.441
1945	391.943	-41.532
1946	391.951	-42.047
1947	391.972	-41.977
1948	392.021	-41.004
1949	392.044	-42.515
1950	392.081	-41.497
1951	392.125	-39.553
1952	392.209	-42.257
1953	392.234	-41.789
1954	392.256	-41.687
1955	392.299	-41.814
1956	392.310	-41.940
1957	392.354	-41.953
1958	392.387	-41.957
1959	392.418	-41.513
1960	392.442	-41.268
1961	392.523	-42.184
1962	392.612	-41.444
1963	392.630	-41.668
1964	392.656	-41.366
1965	392.662	-41.791
1966	392.680	-41.906
1967	392.715	-42.357
1968	392.731	-42.081
1969	392.753	-41.893
1970	392.822	-41.979
1971	392.850	-42.249
1972	392.868	-41.914
1973	392.881	-41.863
1974	392.885	-41.466
1975	392.974	-41.846
1976	392.981	-42.662
1977	393.026	-41.773
1978	393.093	-41.677
1979	393.095	-42.554
1980	393.158	-41.711
1981	393.180	-41.397
1982	393.244	-41.805
1983	393.284	-42.484
1984	393.294	-42.844
1985	393.362	-42.051
1986	393.558	-42.323
1987	393.567	-41.793
1988	393.625	-41.914
1989	393.628	-42.633
1990	393.636	-41.301
1991	393.651	-41.940
1992	393.670	-42.096
1993	393.775	-42.754
1994	393.795	-41.519
1995	393.859	-42.169
1996	393.997	-42.177
1997	394.003	-41.834
1998	394.112	-40.620
1999	394.225	-41.916
2000	394.280	-42.437
