1 1.403 179.8 0.55 0.02
2 4.625 136.5 0.56 0.03
3 6.673 147.9 0.54 0.04
4 11.206 175.2 0.53 0.01
5 18.688 289.0 0.47 0.06
6 20.190 311.8 0.50 0.05
7 21.528 209.4 0.49 0.07
8 23.849 179.8 0.51 0.04
9 30.348 250.3 0.53 0.02
10 31.932 273.1 0.51 0.03
11 35.509 132.0 0.56 0.04
12 36.983 175.2 0.55 0.02
13 41.762 191.1 0.53 0.01
14 42.663 432.4 0.53 0.00
15 43.155 97.8 0.51 0.03
16 44.329 163.8 0.51 0.04
17 46.377 227.6 0.51 0.03
18 48.288 175.2 0.52 0.01
19 55.934 152.5 0.53 0.00
20 56.207 198.0 0.52 0.00
21 59.812 300.4 0.53 0.01
22 60.713 152.5 0.52 0.01
23 62.570 218.5 0.53 0.01
24 63.717 170.7 0.53 0.00
25 66.120 132.0 0.53 0.03
26 70.543 136.5 0.54 0.02
27 70.789 177.5 0.52 0.02
28 72.182 311.8 0.52 0.03
29 72.428 216.2 0.55 0.03
30 73.110 218.5 0.54 0.04
31 75.486 238.9 0.56 0.05
32 79.773 202.5 0.55 0.04
33 80.483 218.5 0.56 0.04
34 85.425 147.9 0.56 0.02
35 86.436 241.2 0.55 0.03
36 89.167 405.0 0.57 0.02
37 94.437 409.6 0.58 0.01
38 100.198 257.1 0.55 0.02
39 100.471 216.2 0.56 0.02
40 106.807 175.2 0.57 0.01
41 113.688 236.7 0.57 0.03
42 116.828 163.8 0.57 0.03
43 118.221 207.1 0.57 0.02
44 120.132 241.2 0.57 0.03
45 125.566 207.1 0.58 0.01
46 126.904 245.8 0.56 0.01
47 127.259 152.5 0.57 0.01
48 135.779 241.2 0.56 0.03
49 137.417 245.8 0.55 0.02
50 140.066 225.3 0.57 0.01
51 142.469 159.3 0.56 0.00
52 145.637 245.8 0.55 -0.00
53 153.474 311.8 0.54 0.00
54 156.614 245.8 0.54 -0.00
55 158.553 170.7 0.55 -0.01
56 159.672 145.6 0.55 -0.00
57 164.833 250.3 0.55 0.02
58 165.789 218.5 0.55 0.03
59 167.100 327.7 0.56 0.03
60 168.820 125.2 0.54 0.02
61 169.448 207.1 0.57 0.03
62 174.199 116.1 0.56 0.02
63 176.493 120.6 0.56 0.03
64 180.289 182.0 0.57 0.03
65 185.313 157.0 0.54 0.03
66 186.105 113.8 0.55 0.04
67 188.535 229.8 0.56 0.04
68 190.256 141.1 0.55 0.04
69 192.468 191.1 0.55 0.04
70 195.990 191.1 0.55 0.05
71 199.540 191.1 0.56 0.07
72 203.964 191.1 0.53 0.01
73 205.029 172.9 0.54 0.05
74 206.612 323.1 0.53 0.05
75 209.862 207.1 0.54 0.04
76 215.078 163.8 0.50 0.02
77 217.317 152.5 0.50 0.03
78 218.819 191.1 0.50 0.02
79 220.730 359.5 0.52 0.02
80 222.587 261.7 0.52 0.01
81 226.574 191.1 0.54 0.01
82 227.120 213.9 0.54 -0.00
83 232.308 273.1 0.53 0.01
84 233.728 257.1 0.53 0.01
85 237.851 241.2 0.53 0.01
86 238.288 213.9 0.53 0.01
87 239.080 120.6 0.54 0.01
88 242.357 350.4 0.54 0.00
89 242.712 302.6 0.55 0.00
90 246.453 229.8 0.53 0.03
91 246.726 159.3 0.55 0.02
92 248.064 425.5 0.54 0.03
93 249.948 191.1 0.52 0.01
94 251.095 195.7 0.51 0.00
95 254.836 141.1 0.57 0.01
96 258.195 132.0 0.56 0.03
97 259.151 343.6 0.54 0.02
98 268.926 311.8 0.54 0.04
99 273.022 125.2 0.54 0.03
100 274.142 284.4 0.54 0.04
101 275.425 234.4 0.54 0.04
102 280.805 245.8 0.55 0.03
103 297.298 143.4 0.55 0.05
104 299.127 202.5 0.53 0.06
105 300.083 202.5 0.53 0.06
106 303.497 213.9 0.52 0.03
107 305.545 291.3 0.53 0.04
108 309.204 273.1 0.55 0.03
109 312.044 136.5 0.56 0.04
110 317.478 191.1 0.56 0.03
111 317.696 170.7 0.55 0.04
112 319.280 147.9 0.55 0.01
113 319.662 125.2 0.55 0.01
114 321.847 91.0 0.53 0.02
115 325.533 261.7 0.56 0.05
116 335.636 300.4 0.57 0.00
117 335.964 245.8 0.56 -0.01
118 336.510 277.6 0.57 0.00
119 336.811 195.7 0.55 0.01
120 337.657 141.1 0.56 0.01
121 338.094 289.0 0.56 0.02
122 339.541 195.7 0.53 0.01
123 344.675 195.7 0.53 0.03
124 345.112 241.2 0.53 0.03
125 345.385 129.7 0.53 0.02
126 349.399 334.5 0.50 0.01
127 349.809 241.2 0.50 0.02
128 356.881 364.1 0.52 0.03
129 362.561 277.6 0.51 0.04
130 363.544 168.4 0.51 0.03
131 366.903 491.5 0.52 0.04
132 369.306 229.8 0.53 0.05
133 372.992 175.2 0.56 0.05
134 373.456 300.4 0.56 0.05
135 374.494 261.7 0.55 0.04
136 375.013 191.1 0.53 0.05
137 377.279 88.7 0.55 0.04
138 381.512 268.5 0.56 0.02
139 382.085 218.5 0.56 0.02
140 384.215 202.5 0.53 0.03
141 384.816 125.2 0.54 0.03
142 390.086 229.8 0.53 -0.00
143 393.035 257.1 0.53 -0.01
144 394.619 157.0 0.53 0.00
145 397.896 229.8 0.55 0.02
146 398.469 163.8 0.55 0.02
147 398.797 232.1 0.54 0.02
148 403.002 211.6 0.56 0.03
149 404.722 175.2 0.55 0.01
150 405.105 88.7 0.56 0.02
151 408.354 179.8 0.54 0.04
152 408.928 191.1 0.55 0.04
153 414.880 195.7 0.54 0.05
154 416.300 355.0 0.57 0.05
155 416.655 232.1 0.55 0.05
156 420.151 66.0 0.55 0.05
157 424.219 132.0 0.55 0.02
158 426.677 109.2 0.54 0.03
159 429.626 311.8 0.56 0.04
160 432.302 241.2 0.54 0.01
161 433.203 264.0 0.54 0.03
162 439.320 289.0 0.56 0.02
163 441.969 120.6 0.55 0.03
164 445.464 234.4 0.55 0.02
165 452.045 289.0 0.54 0.03
166 452.618 327.7 0.55 0.03
167 456.387 252.6 0.54 0.04
168 456.687 200.2 0.55 0.05
169 464.606 377.7 0.54 0.02
170 466.654 179.8 0.55 -0.00
171 469.712 339.1 0.56 0.01
172 481.044 202.5 0.55 -0.00
173 482.683 327.7 0.54 -0.00
174 484.130 159.3 0.55 -0.01
175 485.195 266.2 0.53 0.03
176 485.523 77.4 0.51 0.01
177 489.974 168.4 0.53 0.03
178 490.520 304.9 0.52 0.03
179 492.541 125.2 0.55 0.03
180 494.916 163.8 0.54 0.04
181 496.364 223.0 0.56 0.04
182 499.913 195.7 0.53 0.04
183 500.296 339.1 0.56 0.03
184 500.651 152.5 0.55 0.04
185 505.375 163.8 0.52 0.03
186 507.040 311.8 0.52 0.02
187 509.116 195.7 0.52 0.04
188 510.809 423.3 0.52 0.03
189 511.328 257.1 0.52 0.03
190 513.266 198.0 0.53 0.03
191 518.127 421.0 0.53 0.03
192 519.520 245.8 0.53 0.03
193 520.120 191.1 0.55 0.04
194 520.448 225.3 0.53 0.04
195 522.332 223.0 0.55 0.03
196 524.653 277.6 0.54 0.04
197 526.838 132.0 0.54 0.04
198 529.377 191.1 0.54 0.04
199 531.671 136.5 0.53 0.04
200 537.815 241.2 0.52 0.04
201 540.628 334.5 0.51 0.04
202 541.556 186.6 0.51 0.04
203 542.703 207.1 0.52 0.04
204 543.440 132.0 0.52 0.04
205 544.341 50.1 0.50 0.04
206 548.246 170.7 0.53 0.01
207 554.199 218.5 0.51 0.02
208 555.209 179.8 0.53 0.05
209 558.705 311.8 0.53 0.04
210 559.142 236.7 0.50 0.04
211 561.108 311.8 0.53 0.04
212 561.517 216.2 0.53 0.04
213 562.336 245.8 0.51 0.03
214 562.883 316.3 0.52 0.02
215 563.483 250.3 0.52 0.02
216 565.422 279.9 0.51 0.02
217 570.774 234.4 0.54 0.03
218 576.672 202.5 0.56 0.03
219 582.516 284.4 0.54 0.01
220 584.154 163.8 0.52 0.01
221 589.561 179.8 0.53 0.02
222 591.855 191.1 0.52 0.01
223 592.456 143.4 0.52 0.02
224 599.501 186.6 0.51 0.02
225 600.566 261.7 0.51 0.03
226 602.778 109.2 0.51 0.03
227 603.051 238.9 0.51 0.03
228 603.597 302.6 0.51 0.04
229 607.911 236.7 0.50 0.02
230 610.178 163.8 0.51 0.02
231 612.089 355.0 0.50 0.03
232 612.608 109.2 0.51 0.03
233 612.990 141.1 0.51 0.03
234 615.257 229.8 0.51 0.04
235 616.267 366.4 0.50 0.04
236 616.813 289.0 0.51 0.06
237 620.172 109.2 0.51 0.03
238 623.121 289.0 0.53 0.04
239 623.776 350.4 0.53 0.03
240 626.343 261.7 0.54 0.02
241 627.982 179.8 0.55 0.02
242 634.617 279.9 0.53 0.02
243 642.181 186.6 0.54 0.03
244 644.994 157.0 0.54 0.02
245 645.212 179.8 0.54 0.03
246 645.786 198.0 0.53 0.03
247 647.178 241.2 0.53 0.03
248 648.352 252.6 0.52 0.03
249 649.062 284.4 0.53 0.03
250 649.390 257.1 0.54 0.03
251 650.373 186.6 0.53 0.03
252 652.995 120.6 0.51 0.03
253 653.786 291.3 0.50 0.04
254 654.223 120.6 0.50 0.03
255 655.124 327.7 0.49 0.05
256 656.626 273.1 0.50 0.04
257 658.265 175.2 0.50 0.04
258 662.361 525.7 0.52 0.02
259 664.190 179.8 0.53 0.03
260 664.573 311.8 0.53 0.03
261 666.348 402.8 0.53 0.05
262 667.467 202.5 0.51 0.06
263 669.160 332.2 0.52 0.04
264 670.908 332.2 0.52 0.02
265 674.922 179.8 0.51 0.03
266 680.957 163.8 0.48 0.02
267 686.336 245.8 0.50 0.02
268 687.510 245.8 0.49 0.01
269 690.405 191.1 0.49 0.02
270 691.442 168.4 0.51 0.03
271 694.282 218.5 0.52 0.04
272 695.484 184.3 0.52 0.04
273 697.832 225.3 0.52 0.03
274 701.327 179.8 0.54 0.01
275 710.065 207.1 0.52 0.02
276 711.076 191.1 0.51 0.03
277 712.987 245.8 0.50 0.03
278 715.363 223.0 0.51 0.03
279 717.602 539.3 0.50 0.02
280 718.066 355.0 0.50 0.02
281 728.689 120.6 0.54 0.03
282 730.081 125.2 0.52 0.04
283 734.368 202.5 0.53 0.04
284 735.351 245.8 0.52 0.04
285 736.553 327.7 0.52 0.04
286 737.290 116.1 0.53 0.04
287 738.519 323.1 0.49 0.06
288 746.738 195.7 0.52 0.05
289 748.377 191.1 0.53 0.04
290 751.135 377.7 0.51 0.03
291 756.896 350.4 0.51 0.02
292 770.441 141.1 0.53 0.02
293 775.055 282.2 0.53 0.03
294 775.547 147.9 0.54 0.02
295 786.087 168.4 0.54 0.02
296 789.228 141.1 0.55 0.01
297 794.880 213.9 0.56 0.05
298 796.081 163.8 0.55 0.05
299 799.495 273.1 0.56 0.05
300 800.778 120.6 0.57 0.03
301 801.215 175.2 0.56 0.04
302 803.427 179.8 0.56 0.03
303 803.864 175.2 0.57 0.02
304 808.533 202.5 0.58 0.01
305 812.329 211.6 0.58 0.01
306 814.404 168.4 0.57 0.02
307 818.255 350.4 0.57 0.00
308 818.719 254.9 0.56 0.00
309 823.770 245.8 0.56 0.02
310 824.972 311.8 0.55 0.01
311 825.327 218.5 0.56 0.02
312 825.791 273.1 0.55 0.02
313 826.037 109.2 0.56 0.02
314 827.921 152.5 0.55 0.02
315 832.918 273.1 0.57 0.03
316 834.284 184.3 0.56 0.02
317 836.659 109.2 0.55 0.05
318 840.428 136.5 0.55 0.02
319 841.984 125.2 0.55 0.02
320 843.677 168.4 0.54 0.02
321 844.687 141.1 0.55 0.01
322 845.179 386.8 0.55 0.01
323 848.674 163.8 0.55 0.01
324 852.087 132.0 0.55 0.01
325 855.337 218.5 0.58 0.01
326 855.692 225.3 0.55 0.01
327 858.668 223.0 0.58 0.00
328 859.679 198.0 0.57 0.00
329 860.771 191.1 0.57 -0.00
330 862.491 97.8 0.57 -0.01
331 862.901 170.7 0.57 -0.01
332 864.294 195.7 0.56 0.02
333 865.058 225.3 0.56 -0.00
334 871.694 186.6 0.56 0.00
335 873.824 207.1 0.56 0.01
336 876.663 261.7 0.58 0.02
337 876.991 282.2 0.58 0.02
338 885.210 163.8 0.58 -0.01
339 885.620 136.5 0.56 -0.01
340 886.794 163.8 0.55 -0.00
341 888.050 332.2 0.57 -0.00
342 889.580 202.5 0.57 -0.00
343 901.048 141.1 0.57 0.03
344 902.796 152.5 0.56 0.02
345 903.151 159.3 0.57 0.02
346 904.325 327.7 0.58 0.02
347 910.032 334.5 0.57 0.02
348 913.882 261.7 0.56 -0.00
349 915.302 179.8 0.56 0.01
350 915.876 245.8 0.57 0.02
351 916.941 191.1 0.55 -0.00
352 920.026 113.8 0.56 -0.00
353 921.064 141.1 0.54 0.03
354 921.528 202.5 0.55 0.03
355 922.156 350.4 0.55 0.03
356 924.614 159.3 0.54 0.01
357 928.464 136.5 0.54 0.01
358 931.850 295.8 0.52 0.00
359 934.062 248.0 0.56 0.01
360 935.700 136.5 0.55 0.02
361 937.202 213.9 0.55 0.04
362 937.667 191.1 0.55 0.04
363 941.981 268.5 0.56 0.04
364 947.333 195.7 0.59 0.03
365 948.480 141.1 0.58 0.03
366 949.518 132.0 0.59 0.02
367 952.685 257.1 0.55 0.02
368 956.399 147.9 0.59 0.01
369 957.928 118.3 0.60 0.00
370 959.621 163.8 0.59 0.00
371 961.068 421.0 0.58 0.00
372 965.001 147.9 0.58 0.01
373 965.929 163.8 0.58 0.02
374 973.001 77.4 0.58 0.02
375 973.247 88.7 0.58 0.02
376 976.196 147.9 0.57 0.00
377 977.753 159.3 0.57 -0.00
378 978.080 277.6 0.59 0.00
379 980.019 257.1 0.58 0.00
380 980.920 218.5 0.58 0.01
381 982.531 327.7 0.58 0.02
382 984.279 191.1 0.57 0.01
383 984.743 316.3 0.57 0.01
384 990.696 147.9 0.59 0.04
385 993.263 252.6 0.58 0.04
386 993.891 136.5 0.58 0.03
387 994.164 225.3 0.58 0.03
388 995.830 127.4 0.57 0.05
389 996.103 175.2 0.57 0.04
390 1005.551 223.0 0.57 0.01
391 1006.288 284.4 0.57 0.01
392 1009.592 361.8 0.59 0.01
393 1016.119 147.9 0.59 0.03
394 1018.549 398.2 0.60 0.04
395 1023.000 213.9 0.57 0.03
396 1025.894 186.6 0.57 0.03
397 1027.915 172.9 0.58 0.04
398 1028.652 250.3 0.57 0.01
399 1030.072 191.1 0.58 0.03
400 1030.482 223.0 0.56 0.03
401 1040.176 327.7 0.59 -0.00
402 1040.749 368.6 0.58 -0.00
403 1041.377 213.9 0.58 0.00
404 1042.196 88.7 0.58 0.00
405 1044.627 245.8 0.58 0.01
406 1044.954 218.5 0.57 0.00
407 1045.364 132.0 0.58 -0.00
408 1046.347 159.3 0.58 0.00
409 1047.139 229.8 0.59 0.01
410 1049.078 234.4 0.58 0.03
411 1052.464 207.1 0.59 0.02
412 1054.020 147.9 0.58 0.03
413 1061.065 198.0 0.58 0.03
414 1062.922 157.0 0.57 0.03
415 1064.042 175.2 0.57 0.02
416 1064.260 188.9 0.56 0.02
417 1065.216 229.8 0.57 0.03
418 1069.121 225.3 0.57 0.02
419 1074.773 132.0 0.55 0.01
420 1076.002 245.8 0.56 0.01
421 1077.722 170.7 0.55 0.01
422 1081.436 154.7 0.55 0.00
423 1082.310 213.9 0.55 0.00
424 1083.621 245.8 0.55 0.01
425 1084.221 218.5 0.54 0.01
426 1088.700 198.0 0.54 0.04
427 1089.355 250.3 0.55 0.02
428 1094.571 218.5 0.55 0.02
429 1095.772 213.9 0.56 0.01
430 1100.496 393.7 0.55 -0.00
431 1105.166 229.8 0.56 0.00
432 1106.012 147.9 0.56 0.01
433 1106.695 147.9 0.54 0.01
434 1108.415 202.5 0.55 -0.00
435 1108.961 464.2 0.54 -0.00
436 1111.119 327.7 0.53 -0.00
437 1112.566 125.2 0.55 -0.01
438 1113.412 191.1 0.54 -0.00
439 1114.450 191.1 0.55 -0.00
440 1115.924 343.6 0.56 0.01
441 1117.536 229.8 0.57 0.02
442 1118.901 91.0 0.56 0.02
443 1120.976 277.6 0.56 0.03
444 1122.915 304.9 0.56 0.02
445 1126.601 175.2 0.56 0.03
446 1129.168 370.9 0.57 0.03
447 1130.424 202.5 0.56 0.03
448 1134.903 245.8 0.54 0.02
449 1135.340 113.8 0.53 0.01
450 1138.425 172.9 0.55 0.03
451 1139.190 109.2 0.56 0.02
452 1144.815 225.3 0.57 0.06
453 1145.935 168.4 0.56 0.06
454 1147.819 182.0 0.57 0.05
455 1149.075 277.6 0.56 0.06
456 1149.757 147.9 0.57 0.06
457 1152.379 257.1 0.56 0.05
458 1153.034 311.8 0.54 0.04
459 1155.683 182.0 0.53 0.02
460 1161.008 175.2 0.57 0.02
461 1164.476 170.7 0.62 0.02
462 1169.009 311.8 0.56 0.05
463 1169.773 229.8 0.62 0.02
464 1170.319 104.7 0.60 0.04
465 1172.258 279.9 0.61 0.03
466 1175.480 132.0 0.58 0.03
467 1177.993 136.5 0.60 0.04
468 1179.221 163.8 0.59 0.04
469 1180.068 198.0 0.59 0.04
470 1185.338 327.7 0.58 0.03
471 1191.209 159.3 0.59 0.04
472 1197.271 113.8 0.63 0.04
473 1201.449 147.9 0.61 0.03
474 1203.033 125.2 0.60 0.04
475 1205.299 268.5 0.61 0.05
476 1206.337 191.1 0.62 0.05
477 1210.815 179.8 0.60 0.04
478 1212.809 191.1 0.59 0.04
479 1215.157 223.0 0.59 0.04
480 1218.324 125.2 0.56 0.05
481 1219.007 113.8 0.56 0.05
482 1225.506 191.1 0.54 0.06
483 1226.544 202.5 0.52 0.06
484 1229.957 225.3 0.53 0.06
485 1232.442 163.8 0.53 0.06
486 1241.453 191.1 0.54 0.03
487 1242.873 170.7 0.54 0.03
488 1243.556 147.9 0.54 0.02
489 1245.713 141.1 0.56 0.02
490 1245.986 168.4 0.56 0.02
491 1246.450 218.5 0.56 0.03
492 1246.778 311.8 0.56 0.03
493 1247.843 300.4 0.56 0.02
494 1248.580 348.2 0.54 0.01
495 1256.881 202.5 0.55 0.05
496 1259.148 398.2 0.54 0.07
497 1260.541 127.4 0.55 0.07
498 1264.500 184.3 0.51 0.08
499 1264.828 295.8 0.52 0.09
500 1267.695 109.2 0.54 0.04
501 1276.105 152.5 0.57 0.06
502 1280.420 218.5 0.55 0.05
503 1281.212 264.0 0.55 0.06
504 1282.113 141.1 0.56 0.06
505 1284.543 195.7 0.54 0.08
506 1285.908 252.6 0.57 0.04
507 1290.278 377.7 0.57 0.01
508 1291.015 93.3 0.58 0.03
509 1293.500 159.3 0.56 0.02
510 1296.804 125.2 0.54 0.01
511 1296.968 113.8 0.54 0.02
512 1297.650 245.8 0.55 -0.01
513 1300.326 147.9 0.55 0.03
514 1302.101 175.2 0.54 0.01
515 1306.006 300.4 0.53 0.02
516 1307.508 157.0 0.53 0.02
517 1308.819 218.5 0.53 0.02
518 1312.068 252.6 0.53 0.01
519 1317.612 179.8 0.53 0.06
520 1319.714 175.2 0.55 0.04
521 1321.107 157.0 0.57 0.05
522 1321.789 120.6 0.57 0.04
523 1325.804 398.2 0.56 0.03
524 1326.814 147.9 0.57 0.02
525 1326.950 59.2 0.57 0.03
526 1332.548 320.9 0.56 0.02
527 1340.331 355.0 0.54 0.00
528 1340.959 268.5 0.54 0.00
529 1342.379 261.7 0.54 0.00
530 1342.843 191.1 0.55 -0.00
531 1343.225 191.1 0.54 -0.00
532 1347.676 213.9 0.54 0.01
533 1350.762 179.8 0.54 0.01
534 1351.554 277.6 0.54 0.01
535 1352.428 311.8 0.53 -0.01
536 1359.363 113.8 0.53 0.00
537 1361.575 311.8 0.53 -0.00
538 1363.678 132.0 0.53 -0.00
539 1365.862 175.2 0.54 0.01
540 1367.009 170.7 0.52 0.01
541 1369.603 229.8 0.53 0.01
542 1371.488 186.6 0.53 0.03
543 1373.536 207.1 0.52 0.01
544 1377.905 152.5 0.53 0.01
545 1379.871 97.8 0.52 0.00
546 1380.826 257.1 0.52 0.02
547 1383.639 318.6 0.54 0.02
548 1384.294 179.8 0.53 0.02
549 1385.441 370.9 0.53 0.02
550 1386.752 175.2 0.53 0.02
551 1387.790 261.7 0.54 0.02
552 1388.363 245.8 0.56 0.02
553 1391.722 163.8 0.54 0.00
554 1392.486 282.2 0.54 -0.00
555 1393.497 218.5 0.54 -0.00
556 1395.791 289.0 0.54 0.01
557 1396.255 120.6 0.54 0.01
558 1396.473 141.1 0.55 0.01
559 1398.439 163.8 0.54 0.01
560 1402.999 304.9 0.52 0.01
561 1404.474 436.9 0.53 0.01
562 1405.839 273.1 0.53 -0.00
563 1412.475 163.8 0.51 -0.02
564 1414.277 436.9 0.49 0.01
565 1421.404 211.6 0.52 -0.02
566 1423.234 241.2 0.51 -0.01
567 1424.490 191.1 0.53 -0.02
568 1428.504 113.8 0.53 -0.01
569 1433.610 327.7 0.52 -0.01
570 1436.396 218.5 0.51 -0.01
571 1444.888 327.7 0.52 -0.02
572 1454.063 245.8 0.52 -0.02
573 1456.329 339.1 0.55 -0.01
574 1457.094 152.5 0.54 -0.01
575 1458.569 175.2 0.55 0.00
576 1464.794 229.8 0.55 0.03
577 1465.122 327.7 0.55 0.03
578 1467.689 370.9 0.53 0.04
579 1468.426 147.9 0.54 0.03
580 1469.382 202.5 0.54 0.03
581 1470.938 175.2 0.53 0.02
582 1473.232 93.3 0.53 0.02
583 1477.847 409.6 0.52 0.03
584 1478.475 63.7 0.54 0.04
585 1479.322 311.8 0.51 0.02
586 1479.622 223.0 0.52 0.02
587 1483.090 132.0 0.53 0.02
588 1485.247 218.5 0.55 0.00
589 1486.940 143.4 0.54 -0.00
590 1488.333 307.2 0.54 -0.00
591 1492.101 109.2 0.54 -0.01
592 1492.647 245.8 0.55 0.01
593 1497.863 179.8 0.54 -0.01
594 1498.573 409.6 0.52 -0.00
595 1499.747 459.7 0.53 -0.00
596 1501.413 152.5 0.54 -0.00
597 1504.061 132.0 0.54 -0.01
598 1505.536 229.8 0.53 0.00
599 1507.884 145.6 0.53 0.01
600 1518.561 273.1 0.56 -0.05
601 1519.763 257.1 0.55 -0.05
602 1520.609 318.6 0.57 -0.05
603 1522.166 147.9 0.57 -0.04
604 1524.978 225.3 0.56 -0.04
605 1525.443 195.7 0.56 -0.04
606 1527.545 218.5 0.56 0.02
607 1529.484 213.9 0.55 0.03
608 1535.519 289.0 0.52 0.01
609 1539.724 345.9 0.53 0.01
610 1540.789 152.5 0.53 -0.00
611 1542.646 136.5 0.52 0.01
612 1544.284 578.0 0.54 0.01
613 1545.977 147.9 0.53 0.01
614 1546.551 257.1 0.53 0.02
615 1547.834 136.5 0.52 0.02
616 1549.117 136.5 0.54 0.00
617 1550.455 152.5 0.53 0.00
618 1551.684 191.1 0.54 0.01
619 1552.367 141.1 0.54 0.02
620 1554.005 159.3 0.54 0.02
621 1554.825 125.2 0.54 0.02
622 1555.944 191.1 0.53 0.03
623 1556.163 170.7 0.54 0.03
624 1559.876 191.1 0.54 -0.01
625 1564.163 170.7 0.52 0.02
626 1564.436 143.4 0.55 0.02
627 1564.819 154.7 0.55 0.01
628 1565.365 170.7 0.53 0.01
629 1567.058 241.2 0.54 0.01
630 1568.259 191.1 0.53 0.00
631 1573.448 213.9 0.53 0.04
632 1575.823 261.7 0.55 0.00
633 1577.052 311.8 0.54 0.01
634 1578.035 175.2 0.54 0.02
635 1581.312 257.1 0.54 0.00
636 1584.534 289.0 0.52 0.01
637 1585.299 257.1 0.51 0.01
638 1588.193 186.6 0.53 0.00
639 1589.286 370.9 0.51 -0.01
640 1592.808 300.4 0.52 -0.00
641 1602.229 168.4 0.52 -0.02
642 1602.502 168.4 0.54 -0.02
643 1603.321 234.4 0.54 -0.01
644 1604.304 234.4 0.53 0.01
645 1605.205 145.6 0.53 0.01
646 1606.052 382.3 0.53 0.01
647 1611.076 327.7 0.54 0.00
648 1611.431 252.6 0.53 0.00
649 1612.387 245.8 0.53 0.01
650 1616.019 268.5 0.53 0.00
651 1619.023 245.8 0.53 -0.01
652 1621.207 145.6 0.54 -0.00
653 1621.480 182.0 0.55 -0.00
654 1625.003 257.1 0.54 -0.00
655 1625.221 182.0 0.54 -0.00
656 1626.204 179.8 0.54 -0.01
657 1629.071 152.5 0.53 -0.00
658 1630.983 323.1 0.52 0.00
659 1637.536 202.5 0.55 -0.00
660 1639.066 163.8 0.55 -0.00
661 1640.950 245.8 0.53 -0.01
662 1646.411 147.9 0.54 0.00
663 1649.688 147.9 0.48 0.02
664 1655.968 218.5 0.47 0.01
665 1665.826 250.3 0.47 -0.01
666 1666.318 257.1 0.48 -0.00
667 1669.321 273.1 0.50 -0.03
668 1669.813 245.8 0.50 -0.03
669 1678.496 147.9 0.56 0.02
670 1679.097 223.0 0.56 0.03
671 1683.494 198.0 0.56 0.01
672 1688.354 202.5 0.55 0.02
673 1688.655 175.2 0.55 0.02
674 1689.119 245.8 0.56 0.02
675 1697.393 234.4 0.56 0.03
676 1697.993 191.1 0.55 0.03
677 1702.390 152.5 0.55 0.02
678 1702.663 145.6 0.55 0.02
679 1703.209 273.1 0.55 0.02
680 1703.646 320.9 0.55 0.02
681 1705.011 168.4 0.56 0.02
682 1705.448 147.9 0.57 0.02
683 1706.513 238.9 0.57 0.03
684 1708.397 234.4 0.58 0.03
685 1708.998 191.1 0.58 0.02
686 1709.326 225.3 0.57 0.02
687 1709.763 109.2 0.58 0.01
688 1711.292 175.2 0.58 0.03
689 1712.684 147.9 0.58 0.02
690 1716.070 211.6 0.58 0.01
691 1723.143 332.2 0.58 0.03
692 1723.825 377.7 0.57 0.03
693 1724.208 241.2 0.58 0.02
694 1732.809 421.0 0.58 -0.00
695 1734.257 179.8 0.57 0.01
696 1737.861 213.9 0.58 0.01
697 1739.063 261.7 0.57 0.01
698 1740.892 414.2 0.56 0.02
699 1741.411 345.9 0.59 0.02
700 1742.066 147.9 0.58 0.01
701 1746.872 191.1 0.57 -0.00
702 1747.610 198.0 0.56 -0.00
703 1748.347 207.1 0.57 -0.02
704 1749.576 186.6 0.57 -0.01
705 1751.542 202.5 0.58 -0.01
706 1756.075 191.1 0.58 -0.00
707 1757.112 191.1 0.58 -0.00
708 1758.860 147.9 0.59 0.01
709 1762.874 213.9 0.58 0.01
710 1763.529 152.5 0.57 0.01
711 1763.802 229.8 0.57 0.01
712 1765.304 129.7 0.56 0.02
713 1765.714 218.5 0.56 0.02
714 1768.636 250.3 0.56 0.02
715 1769.291 261.7 0.56 0.02
716 1769.919 234.4 0.57 0.02
717 1771.530 136.5 0.57 0.02
718 1772.213 414.2 0.59 0.03
719 1774.561 382.3 0.59 0.00
720 1774.971 273.1 0.59 0.01
721 1775.899 316.3 0.59 0.01
722 1776.254 316.3 0.59 0.00
723 1777.019 120.6 0.59 0.01
724 1779.995 97.8 0.59 0.04
725 1783.572 132.0 0.60 0.06
726 1783.709 120.6 0.59 0.04
727 1785.812 147.9 0.63 0.03
728 1788.542 300.4 0.61 -0.02
729 1789.334 147.9 0.59 -0.01
730 1789.771 186.6 0.59 -0.02
731 1791.355 186.6 0.60 -0.00
732 1791.819 229.8 0.57 0.01
733 1792.720 277.6 0.59 0.01
734 1794.850 195.7 0.59 0.02
735 1795.478 207.1 0.57 0.01
736 1798.755 266.2 0.59 0.03
737 1799.219 152.5 0.58 0.03
738 1803.233 202.5 0.56 0.06
739 1803.643 238.9 0.57 0.06
740 1808.558 202.5 0.55 0.03
741 1809.896 125.2 0.56 0.04
742 1811.016 109.2 0.56 0.02
743 1814.893 213.9 0.57 0.03
744 1815.549 218.5 0.57 0.03
745 1816.340 159.3 0.56 0.03
746 1816.859 175.2 0.56 0.02
747 1818.552 234.4 0.58 0.03
748 1819.918 257.1 0.57 0.05
749 1823.276 175.2 0.58 0.03
750 1825.898 229.8 0.57 0.00
751 1827.236 252.6 0.58 0.03
752 1828.847 382.3 0.57 0.04
753 1836.875 366.4 0.55 0.02
754 1837.339 366.4 0.56 0.02
755 1837.804 318.6 0.57 0.02
756 1838.677 191.1 0.55 0.02
757 1841.080 132.0 0.56 0.01
758 1842.719 163.8 0.57 0.03
759 1848.098 195.7 0.58 0.04
760 1849.163 198.0 0.58 0.04
761 1850.856 163.8 0.58 0.03
762 1853.532 377.7 0.58 0.04
763 1854.051 295.8 0.58 0.04
764 1856.945 350.4 0.58 0.04
765 1857.819 195.7 0.58 0.03
766 1866.721 245.8 0.57 0.06
767 1871.254 191.1 0.59 0.04
768 1873.275 195.7 0.60 0.04
769 1878.381 195.7 0.59 0.04
770 1885.945 213.9 0.59 0.04
771 1886.191 177.5 0.59 0.04
772 1889.113 261.7 0.60 0.03
773 1890.806 179.8 0.59 0.02
774 1894.246 261.7 0.59 0.03
775 1894.574 207.1 0.59 0.03
776 1897.359 207.1 0.57 0.00
777 1898.670 147.9 0.57 0.01
778 1904.022 136.5 0.57 0.02
779 1907.326 179.8 0.56 0.02
780 1908.036 168.4 0.58 0.02
781 1910.412 168.4 0.58 0.03
782 1911.340 245.8 0.57 0.03
783 1912.214 147.9 0.57 0.01
784 1913.743 386.8 0.55 0.03
785 1918.740 163.8 0.56 0.02
786 1921.498 241.2 0.57 0.02
787 1928.926 163.8 0.57 0.02
788 1931.028 179.8 0.58 0.02
789 1931.602 175.2 0.58 0.02
790 1931.930 216.2 0.57 0.02
791 1932.995 132.0 0.57 0.02
792 1933.868 202.5 0.59 0.03
793 1935.152 179.8 0.59 0.02
794 1935.507 234.4 0.59 0.02
795 1936.408 152.5 0.59 0.03
796 1937.446 168.4 0.59 0.02
797 1938.237 409.6 0.59 0.03
798 1938.565 86.5 0.60 0.03
799 1939.166 163.8 0.59 0.03
800 1941.105 136.5 0.58 0.02
801 1942.224 163.8 0.59 0.02
802 1943.808 200.2 0.59 0.03
803 1945.911 207.1 0.61 0.02
804 1950.116 125.2 0.58 0.02
805 1950.498 218.5 0.59 0.02
806 1951.181 152.5 0.57 0.02
807 1951.645 125.2 0.58 0.01
808 1955.086 168.4 0.57 0.05
809 1956.560 113.8 0.57 0.03
810 1961.448 132.0 0.56 0.03
811 1962.868 311.8 0.57 0.02
812 1963.305 223.0 0.57 0.02
813 1968.930 163.8 0.59 0.02
814 1970.295 125.2 0.59 0.02
815 1974.910 132.0 0.58 0.04
816 1975.429 229.8 0.59 0.03
817 1975.921 186.6 0.59 0.02
818 1978.542 168.4 0.58 0.03
819 1979.907 113.8 0.59 0.02
820 1980.672 129.7 0.59 0.03
821 1981.682 300.4 0.58 0.02
822 1982.228 229.8 0.58 0.02
823 1987.062 213.9 0.60 0.02
824 1987.362 229.8 0.59 0.01
825 1987.635 163.8 0.59 -0.01
826 1990.939 170.7 0.59 0.00
827 1994.489 97.8 0.60 0.01
828 1999.404 202.5 0.58 0.03
829 2006.368 468.8 0.58 0.03
830 2007.132 229.8 0.58 0.02
831 2008.115 223.0 0.57 0.03
832 2010.354 163.8 0.58 0.01
833 2011.228 163.8 0.57 0.01
834 2013.495 209.4 0.58 0.01
835 2014.505 241.2 0.57 0.01
836 2015.324 382.3 0.56 0.02
837 2015.597 266.2 0.56 0.02
838 2017.481 257.1 0.56 0.03
839 2025.646 225.3 0.58 0.03
840 2027.284 234.4 0.58 0.03
841 2028.868 202.5 0.57 0.02
842 2031.217 234.4 0.57 0.01
843 2032.364 132.0 0.58 0.00
844 2033.756 241.2 0.57 -0.01
845 2038.699 213.9 0.56 0.01
846 2040.719 191.1 0.57 0.01
847 2041.293 213.9 0.58 0.01
848 2043.614 154.7 0.58 0.01
849 2047.355 311.8 0.54 0.01
850 2048.393 186.6 0.60 0.00
851 2050.495 175.2 0.61 0.01
852 2055.055 152.5 0.61 -0.01
853 2073.788 229.8 0.60 0.01
854 2074.689 202.5 0.62 0.01
855 2077.010 311.8 0.63 0.01
856 2080.177 179.8 0.64 0.02
857 2081.434 175.2 0.63 0.01
858 2085.584 125.2 0.61 0.03
859 2088.260 170.7 0.60 0.02
860 2088.615 170.7 0.61 0.02
861 2089.708 273.1 0.59 0.03
862 2090.308 336.8 0.62 -0.00
863 2090.936 186.6 0.60 0.01
864 2092.602 277.6 0.61 -0.00
865 2096.015 159.3 0.59 -0.01
866 2096.807 179.8 0.59 -0.01
867 2097.463 104.7 0.58 -0.00
868 2098.937 202.5 0.58 -0.00
869 2105.300 218.5 0.57 0.01
870 2110.461 191.1 0.59 0.02
871 2116.878 175.2 0.59 -0.00
872 2120.728 282.2 0.57 0.01
873 2125.288 218.5 0.57 0.00
874 2127.500 202.5 0.57 -0.01
875 2129.575 207.1 0.56 -0.02
876 2134.190 157.0 0.60 0.01
877 2136.320 202.5 0.57 0.01
878 2138.013 236.7 0.58 0.00
879 2141.536 295.8 0.58 0.01
880 2143.010 109.2 0.59 0.01
881 2145.195 113.8 0.57 0.00
882 2148.690 257.1 0.59 0.00
883 2149.263 405.0 0.58 -0.00
884 2151.475 143.4 0.58 -0.01
885 2153.796 323.1 0.58 0.01
886 2154.233 132.0 0.58 0.00
887 2154.397 86.5 0.58 -0.00
888 2162.425 207.1 0.56 0.01
889 2165.101 234.4 0.59 0.01
890 2168.624 268.5 0.58 0.02
891 2168.924 218.5 0.57 0.03
892 2170.317 452.8 0.58 0.02
893 2171.546 184.3 0.56 0.03
894 2173.184 327.7 0.58 0.02
895 2174.932 268.5 0.58 0.01
896 2178.154 141.1 0.57 0.03
897 2178.427 186.6 0.58 0.02
898 2186.045 152.5 0.54 0.04
899 2186.974 175.2 0.57 0.02
900 2188.230 202.5 0.56 0.04
901 2188.558 311.8 0.58 0.02
902 2190.824 502.9 0.57 -0.01
903 2193.719 186.6 0.55 0.01
904 2194.538 229.8 0.55 0.01
905 2196.204 175.2 0.54 -0.00
906 2198.060 159.3 0.55 0.01
907 2198.388 152.5 0.55 0.02
908 2198.743 163.8 0.56 0.02
909 2200.190 268.5 0.55 0.01
910 2201.337 327.7 0.55 0.01
911 2202.047 163.8 0.54 0.02
912 2202.293 202.5 0.54 0.02
913 2208.191 323.1 0.55 0.04
914 2209.092 136.5 0.54 0.03
915 2209.884 170.7 0.54 0.04
916 2211.222 168.4 0.54 0.02
917 2212.615 179.8 0.56 0.02
918 2217.339 207.1 0.55 0.00
919 2220.561 421.0 0.54 0.02
920 2223.319 157.0 0.55 0.02
921 2224.630 209.4 0.54 0.03
922 2225.859 229.8 0.55 0.03
923 2233.532 245.8 0.54 -0.00
924 2234.051 286.7 0.55 -0.00
925 2237.655 120.6 0.56 -0.01
926 2239.621 209.4 0.56 0.00
927 2241.068 163.8 0.55 0.01
928 2242.379 250.3 0.55 0.00
929 2244.099 200.2 0.54 -0.01
930 2244.372 289.0 0.55 0.01
931 2245.601 473.3 0.55 -0.01
932 2246.994 170.7 0.55 -0.01
933 2253.083 175.2 0.54 -0.00
934 2253.821 147.9 0.53 -0.01
935 2255.596 136.5 0.53 -0.01
936 2258.299 234.4 0.54 0.01
937 2259.200 300.4 0.54 0.01
938 2261.876 168.4 0.53 0.01
939 2263.733 229.8 0.54 0.01
940 2265.126 163.8 0.55 0.01
941 2265.754 279.9 0.55 0.02
942 2268.566 191.1 0.56 0.02
943 2271.242 152.5 0.54 0.03
944 2274.983 157.0 0.53 0.01
945 2276.540 191.1 0.53 0.00
946 2277.850 339.1 0.52 0.01
947 2279.107 175.2 0.53 -0.00
948 2285.032 316.3 0.54 0.01
949 2288.500 191.1 0.52 -0.00
950 2290.275 207.1 0.53 0.01
951 2290.903 191.1 0.53 0.01
952 2291.695 136.5 0.54 0.02
953 2292.487 229.8 0.54 0.02
954 2297.320 257.1 0.56 0.03
955 2303.437 207.1 0.58 0.01
956 2305.212 223.0 0.60 0.01
957 2308.352 241.2 0.60 0.02
958 2309.581 175.2 0.59 0.01
959 2311.083 336.8 0.59 0.02
960 2312.830 136.5 0.60 0.02
961 2322.169 207.1 0.58 0.01
962 2326.238 213.9 0.58 0.00
963 2329.214 186.6 0.59 0.00
964 2329.706 257.1 0.59 -0.00
965 2330.279 179.8 0.57 0.01
966 2334.129 261.7 0.58 0.03
967 2336.259 284.4 0.57 0.04
968 2336.396 298.1 0.58 0.04
969 2336.642 150.2 0.59 0.03
970 2337.324 61.4 0.57 0.05
971 2337.488 102.4 0.57 0.05
972 2338.362 207.1 0.57 0.04
973 2339.400 147.9 0.59 0.04
974 2339.618 182.0 0.59 0.04
975 2340.683 218.5 0.58 0.03
976 2342.567 223.0 0.59 0.02
977 2347.810 109.2 0.60 0.03
978 2351.142 175.2 0.61 0.04
979 2352.207 245.8 0.62 0.07
980 2353.244 273.1 0.63 0.07
981 2355.593 289.0 0.60 0.06
982 2362.201 311.8 0.59 0.04
983 2362.692 284.4 0.58 0.04
984 2363.648 250.3 0.59 0.03
985 2364.140 209.4 0.59 0.03
986 2368.454 168.4 0.58 0.01
987 2369.901 198.0 0.58 0.00
988 2370.420 163.8 0.58 -0.00
989 2370.884 191.1 0.58 -0.00
990 2371.922 284.4 0.58 -0.01
991 2373.260 175.2 0.59 -0.01
992 2373.751 77.4 0.59 0.01
993 2379.540 136.5 0.57 0.02
994 2388.442 229.8 0.57 0.04
995 2389.316 291.3 0.57 0.05
996 2389.972 245.8 0.57 0.04
997 2390.217 198.0 0.57 0.04
998 2390.600 141.1 0.57 0.04
999 2391.337 218.5 0.56 0.04
1000 2395.651 120.6 0.59 0.04
1001 2397.290 191.1 0.59 0.05
1002 2398.956 163.8 0.57 0.05
1003 2400.976 186.6 0.56 0.05
1004 2403.516 202.5 0.57 0.04
1005 2403.953 120.6 0.56 0.04
1006 2404.253 154.7 0.57 0.04
1007 2407.202 191.1 0.57 0.04
1008 2407.967 168.4 0.58 0.04
1009 2410.752 245.8 0.57 0.05
1010 2413.401 191.1 0.58 0.05
1011 2413.810 88.7 0.58 0.05
1012 2414.466 198.0 0.58 0.03
1013 2420.064 273.1 0.59 0.03
1014 2421.975 132.0 0.58 0.02
1015 2422.903 198.0 0.60 0.02
1016 2423.941 289.0 0.59 0.02
1017 2427.327 132.0 0.60 0.02
1018 2429.757 129.7 0.57 0.02
1019 2433.280 195.7 0.57 0.00
1020 2435.028 170.7 0.58 0.01
1021 2437.868 179.8 0.60 0.01
1022 2439.997 355.0 0.60 0.02
1023 2441.035 179.8 0.60 0.02
1024 2442.919 268.5 0.58 0.02
1025 2443.657 191.1 0.58 0.01
1026 2444.012 191.1 0.57 0.01
1027 2446.251 191.1 0.59 0.02
1028 2446.633 175.2 0.59 0.03
1029 2447.124 127.4 0.59 0.01
1030 2452.367 295.8 0.57 0.00
1031 2452.750 223.0 0.59 0.02
1032 2453.542 234.4 0.58 0.01
1033 2455.016 284.4 0.56 0.01
1034 2455.617 311.8 0.57 0.02
1035 2456.846 168.4 0.57 0.03
1036 2458.866 300.4 0.59 0.03
1037 2461.679 257.1 0.57 0.02
1038 2462.116 209.4 0.59 0.02
1039 2462.525 209.4 0.59 0.03
1040 2463.044 127.4 0.58 0.02
1041 2467.495 104.7 0.57 0.02
1042 2468.506 234.4 0.59 0.02
1043 2470.772 127.4 0.58 0.01
1044 2471.619 284.4 0.58 0.01
1045 2472.274 234.4 0.58 0.02
1046 2479.565 163.8 0.57 0.00
1047 2479.865 132.0 0.56 -0.00
1048 2480.138 132.0 0.58 0.00
1049 2482.295 284.4 0.57 0.01
1050 2484.726 284.4 0.59 0.02
1051 2485.163 277.6 0.58 0.02
1052 2488.030 202.5 0.59 0.01
1053 2489.614 186.6 0.56 -0.00
1054 2491.389 218.5 0.60 0.02
1055 2492.727 218.5 0.59 0.02
1056 2494.119 405.0 0.60 0.02
1057 2497.423 179.8 0.59 0.01
1058 2499.444 198.0 0.59 0.01
1059 2500.755 423.3 0.58 0.01
1060 2502.011 241.2 0.58 0.01
1061 2503.267 245.8 0.57 0.01
1062 2504.823 498.3 0.58 0.01
1063 2516.292 125.2 0.58 0.01
1064 2519.105 191.1 0.57 0.00
1065 2519.514 211.6 0.56 0.00
1066 2521.590 350.4 0.57 -0.00
1067 2525.740 207.1 0.56 0.02
1068 2526.068 213.9 0.55 0.02
1069 2530.383 273.1 0.57 0.01
1070 2531.584 143.4 0.54 0.02
1071 2532.103 279.9 0.56 0.02
1072 2534.915 350.4 0.56 0.01
1073 2539.339 202.5 0.56 -0.01
1074 2540.623 175.2 0.55 -0.01
1075 2541.687 163.8 0.56 -0.00
1076 2542.124 241.2 0.56 0.00
1077 2549.552 409.6 0.55 0.02
1078 2549.961 223.0 0.55 0.01
1079 2552.911 141.1 0.55 0.00
1080 2554.139 186.6 0.55 0.01
1081 2563.396 250.3 0.56 0.03
1082 2564.980 343.6 0.57 0.03
1083 2567.820 241.2 0.56 0.02
1084 2571.015 191.1 0.57 0.04
1085 2571.943 402.8 0.57 0.03
1086 2573.472 393.7 0.56 0.03
1087 2574.292 159.3 0.57 0.02
1088 2575.138 179.8 0.57 0.03
1089 2578.934 88.7 0.55 0.03
1090 2580.518 109.2 0.56 0.02
1091 2584.504 300.4 0.56 -0.00
1092 2586.962 327.7 0.55 -0.03
1093 2587.262 218.5 0.54 -0.03
1094 2589.665 402.8 0.53 -0.03
1095 2590.211 136.5 0.52 -0.03
1096 2590.758 116.1 0.53 -0.04
1097 2592.751 273.1 0.54 -0.01
1098 2594.253 141.1 0.56 -0.00
1099 2594.908 175.2 0.56 0.00
1100 2595.345 273.1 0.56 -0.01
1101 2595.919 295.8 0.54 -0.01
1102 2602.254 179.8 0.54 0.01
1103 2604.411 109.2 0.56 0.01
1104 2606.022 163.8 0.53 -0.01
1105 2606.950 163.8 0.55 0.01
1106 2612.630 191.1 0.53 -0.01
1107 2617.327 200.2 0.53 0.02
1108 2618.747 279.9 0.55 0.01
1109 2622.078 163.8 0.57 0.00
1110 2623.225 207.1 0.56 -0.00
1111 2624.263 186.6 0.55 -0.00
1112 2626.338 175.2 0.54 -0.01
1113 2626.830 245.8 0.53 -0.01
1114 2627.813 159.3 0.54 -0.00
1115 2628.195 163.8 0.54 -0.01
1116 2630.789 168.4 0.54 -0.00
1117 2631.881 236.7 0.54 0.02
1118 2632.810 245.8 0.54 -0.00
1119 2634.776 175.2 0.54 0.01
1120 2635.022 186.6 0.54 0.01
1121 2636.250 191.1 0.53 0.01
1122 2637.397 234.4 0.53 0.01
1123 2638.681 186.6 0.53 0.01
1124 2639.882 163.8 0.55 0.01
1125 2642.695 245.8 0.54 0.00
1126 2644.907 213.9 0.54 0.01
1127 2645.644 186.6 0.54 0.01
1128 2649.003 77.4 0.54 0.00
1129 2649.931 311.8 0.55 -0.01
1130 2652.771 141.1 0.55 0.01
1131 2653.672 136.5 0.55 -0.01
1132 2654.764 261.7 0.55 -0.01
1133 2655.966 223.0 0.54 -0.01
1134 2657.604 191.1 0.53 -0.01
1135 2659.570 202.5 0.55 -0.01
1136 2660.499 245.8 0.55 -0.02
1137 2662.492 241.2 0.54 -0.01
1138 2664.158 143.4 0.55 0.01
1139 2665.332 132.0 0.55 -0.01
1140 2667.353 277.6 0.53 -0.01
1141 2667.626 236.7 0.54 -0.01
1142 2669.155 163.8 0.54 -0.01
1143 2673.606 241.2 0.55 0.00
1144 2674.097 213.9 0.54 -0.00
1145 2675.572 104.7 0.53 -0.01
1146 2678.139 218.5 0.53 -0.01
1147 2678.876 391.4 0.55 0.01
1148 2679.668 88.7 0.53 -0.02
1149 2680.569 147.9 0.55 0.00
1150 2682.535 191.1 0.53 -0.03
1151 2682.781 202.5 0.53 -0.02
1152 2685.157 191.1 0.54 -0.01
1153 2689.772 279.9 0.53 -0.02
1154 2692.366 289.0 0.52 -0.01
1155 2696.899 355.0 0.52 -0.00
1156 2699.056 170.7 0.51 -0.01
1157 2701.513 168.4 0.54 -0.01
1158 2701.841 264.0 0.55 -0.01
1159 2709.105 225.3 0.56 -0.01
1160 2709.951 300.4 0.55 0.00
1161 2713.009 163.8 0.57 0.02
1162 2713.501 300.4 0.58 0.00
1163 2713.911 86.5 0.56 0.00
1164 2714.266 186.6 0.57 -0.00
1165 2717.788 109.2 0.56 -0.02
1166 2719.153 186.6 0.57 -0.02
1167 2721.147 125.2 0.56 -0.02
1168 2724.069 223.0 0.56 -0.01
1169 2725.762 191.1 0.56 -0.00
1170 2726.417 157.0 0.55 -0.00
1171 2727.646 175.2 0.56 0.00
1172 2728.684 125.2 0.56 0.00
1173 2730.022 147.9 0.53 -0.02
1174 2733.244 86.5 0.55 -0.00
1175 2734.554 300.4 0.54 -0.00
1176 2736.821 245.8 0.53 0.00
1177 2739.360 191.1 0.53 0.00
1178 2740.453 152.5 0.53 0.01
1179 2745.504 191.1 0.52 0.01
1180 2746.788 218.5 0.52 0.02
1181 2747.361 261.7 0.53 0.02
1182 2758.803 170.7 0.55 -0.00
1183 2759.212 170.7 0.54 -0.00
1184 2760.605 191.1 0.55 -0.00
1185 2761.561 186.6 0.55 0.00
1186 2763.008 225.3 0.55 0.01
1187 2768.715 279.9 0.55 -0.01
1188 2769.125 143.4 0.53 -0.00
1189 2775.706 355.0 0.54 0.03
1190 2777.426 273.1 0.54 0.02
1191 2787.311 202.5 0.53 -0.01
1192 2790.506 186.6 0.55 -0.00
1193 2794.629 223.0 0.54 -0.00
1194 2795.312 109.2 0.54 -0.01
1195 2798.124 250.3 0.53 0.00
1196 2799.053 234.4 0.53 -0.01
1197 2801.920 484.7 0.52 -0.01
1198 2803.395 245.8 0.52 0.01
1199 2803.640 223.0 0.52 0.01
1200 2805.634 195.7 0.54 0.00
1201 2807.982 198.0 0.53 -0.00
1202 2809.402 191.1 0.55 0.01
1203 2809.702 207.1 0.54 -0.00
1204 2814.836 223.0 0.55 -0.00
1205 2817.731 152.5 0.53 -0.01
1206 2820.898 386.8 0.53 0.01
1207 2826.960 198.0 0.55 0.00
1208 2829.117 327.7 0.56 -0.00
1209 2831.903 147.9 0.52 -0.00
1210 2835.753 172.9 0.53 0.01
1211 2836.681 218.5 0.53 0.00
1212 2845.228 327.7 0.53 0.01
1213 2847.768 179.8 0.51 0.05
1214 2851.045 191.1 0.52 0.03
1215 2851.782 257.1 0.51 0.03
1216 2852.410 332.2 0.50 0.03
1217 2853.175 289.0 0.51 0.04
1218 2853.666 191.1 0.51 0.03
1219 2855.632 359.5 0.51 0.04
1220 2858.964 234.4 0.49 0.04
1221 2860.111 277.6 0.50 0.03
1222 2860.493 97.8 0.51 0.03
1223 2868.466 307.2 0.50 0.03
1224 2870.760 147.9 0.49 0.03
1225 2871.415 257.1 0.50 0.03
1226 2874.665 213.9 0.50 0.04
1227 2877.368 223.0 0.52 0.04
1228 2885.751 311.8 0.54 0.04
1229 2886.325 141.1 0.55 0.03
1230 2886.625 175.2 0.53 0.03
1231 2886.898 207.1 0.55 0.04
1232 2889.902 277.6 0.55 0.04
1233 2893.152 109.2 0.55 0.02
1234 2893.862 175.2 0.56 0.03
1235 2894.954 295.8 0.56 0.03
1236 2898.695 284.4 0.57 0.04
1237 2900.388 116.1 0.56 0.01
1238 2902.436 125.2 0.56 0.03
1239 2904.948 116.1 0.55 0.04
1240 2909.563 159.3 0.56 0.04
1241 2911.365 300.4 0.56 0.04
1242 2912.430 102.4 0.55 0.03
1243 2912.867 261.7 0.57 0.04
1244 2914.369 207.1 0.57 0.03
1245 2916.799 120.6 0.56 0.02
1246 2918.738 191.1 0.57 0.04
1247 2919.530 120.6 0.55 0.02
1248 2924.254 218.5 0.57 0.03
1249 2924.882 300.4 0.58 0.03
1250 2925.346 252.6 0.56 0.03
1251 2930.889 241.2 0.57 0.04
1252 2931.436 152.5 0.57 0.04
1253 2932.200 218.5 0.58 0.03
1254 2937.170 257.1 0.58 0.02
1255 2942.932 159.3 0.55 0.01
1256 2943.369 152.5 0.54 0.01
1257 2943.642 152.5 0.54 0.01
1258 2944.051 227.6 0.55 0.00
1259 2946.208 218.5 0.54 0.01
1260 2949.130 277.6 0.55 0.01
1261 2950.987 343.6 0.53 0.00
1262 2954.291 163.8 0.53 0.02
1263 2955.930 268.5 0.54 0.01
1264 2956.312 218.5 0.54 0.01
1265 2959.698 250.3 0.54 0.00
1266 2961.118 141.1 0.52 -0.01
1267 2961.637 213.9 0.53 -0.02
1268 2962.183 147.9 0.52 0.01
1269 2964.231 229.8 0.55 -0.03
1270 2964.559 191.1 0.55 -0.02
1271 2967.316 175.2 0.54 -0.01
1272 2968.846 179.8 0.56 -0.01
1273 2973.570 261.7 0.57 0.02
1274 2974.771 202.5 0.56 0.01
1275 2976.628 191.1 0.57 0.01
1276 2977.966 191.1 0.57 0.02
1277 2979.058 136.5 0.56 0.02
1278 2979.277 273.1 0.55 0.02
1279 2982.636 229.8 0.55 0.03
1280 2983.919 141.1 0.55 0.02
1281 2986.950 182.0 0.54 0.02
1282 2994.323 168.4 0.56 -0.00
1283 2999.347 116.1 0.56 -0.00
1284 3000.658 136.5 0.57 0.01
1285 3002.487 273.1 0.58 0.01
1286 3003.170 339.1 0.56 -0.00
1287 3004.535 195.7 0.55 -0.01
1288 3005.437 168.4 0.55 0.01
1289 3008.877 195.7 0.55 0.04
1290 3012.618 241.2 0.55 0.02
1291 3014.366 241.2 0.54 0.03
1292 3015.813 136.5 0.55 0.03
1293 3016.441 416.4 0.52 0.03
1294 3017.452 202.5 0.54 0.01
1295 3018.107 223.0 0.53 0.01
1296 3019.226 218.5 0.53 0.02
1297 3020.619 100.1 0.56 0.00
1298 3022.995 327.7 0.54 0.02
1299 3026.517 152.5 0.57 0.01
1300 3027.773 318.6 0.56 0.03
1301 3029.221 261.7 0.56 0.02
1302 3029.876 168.4 0.55 0.02
1303 3035.993 191.1 0.56 0.03
1304 3037.631 143.4 0.57 0.02
1305 3043.393 113.8 0.56 0.02
1306 3048.499 175.2 0.54 0.02
1307 3048.909 257.1 0.54 0.02
1308 3056.009 191.1 0.53 0.04
1309 3057.347 277.6 0.53 0.04
1310 3058.302 273.1 0.54 0.04
1311 3058.712 72.8 0.52 0.04
1312 3062.262 191.1 0.56 0.03
1313 3063.927 332.2 0.53 0.03
1314 3067.313 234.4 0.53 0.00
1315 3070.863 191.1 0.54 -0.00
1316 3073.103 218.5 0.55 0.02
1317 3074.577 120.6 0.55 0.02
1318 3074.959 238.9 0.54 0.01
1319 3075.287 163.8 0.54 0.03
1320 3075.560 186.6 0.55 0.03
1321 3076.297 175.2 0.56 0.01
1322 3078.755 241.2 0.56 0.03
1323 3082.086 152.5 0.58 0.02
1324 3084.571 236.7 0.58 0.01
1325 3087.165 186.6 0.58 0.03
1326 3090.087 109.2 0.55 -0.00
1327 3090.415 116.1 0.57 -0.00
1328 3094.238 186.6 0.56 0.02
1329 3095.030 327.7 0.56 0.02
1330 3099.098 163.8 0.58 0.01
1331 3104.041 179.8 0.58 0.02
1332 3104.232 118.3 0.58 0.02
1333 3106.908 218.5 0.54 0.01
1334 3111.823 327.7 0.59 0.02
1335 3112.451 261.7 0.57 0.01
1336 3114.663 186.6 0.57 0.01
1337 3115.428 170.7 0.57 0.01
1338 3118.322 213.9 0.55 0.01
1339 3119.005 182.0 0.57 0.01
1340 3120.234 229.8 0.57 0.02
1341 3121.681 179.8 0.56 0.01
1342 3122.009 136.5 0.57 0.02
1343 3126.132 250.3 0.56 0.01
1344 3126.815 152.5 0.57 0.02
1345 3128.617 370.9 0.59 0.03
1346 3132.740 261.7 0.59 0.03
1347 3133.723 163.8 0.59 0.03
1348 3140.004 136.5 0.61 0.00
1349 3141.533 191.1 0.59 -0.00
1350 3149.725 136.5 0.57 0.01
1351 3152.647 273.1 0.54 0.02
1352 3153.275 268.5 0.55 0.01
1353 3154.149 209.4 0.54 0.01
1354 3155.296 218.5 0.54 0.02
1355 3157.016 186.6 0.55 0.01
1356 3157.562 179.8 0.57 0.01
1357 3159.528 236.7 0.55 -0.00
1358 3160.020 163.8 0.56 0.00
1359 3160.183 120.6 0.56 0.00
1360 3161.767 245.8 0.55 -0.00
1361 3163.160 300.4 0.55 -0.01
1362 3171.079 141.1 0.58 0.03
1363 3174.519 418.7 0.56 0.00
1364 3176.458 245.8 0.56 0.01
1365 3180.745 120.6 0.59 0.02
1366 3181.619 136.5 0.59 0.01
1367 3183.121 159.3 0.58 0.01
1368 3184.295 655.4 0.57 0.02
1369 3193.634 218.5 0.57 0.02
1370 3194.726 261.7 0.57 0.03
1371 3198.331 163.8 0.58 0.00
1372 3198.631 184.3 0.58 0.00
1373 3198.986 236.7 0.57 0.01
1374 3207.451 223.0 0.57 0.01
1375 3208.352 179.8 0.61 0.01
1376 3209.417 238.9 0.59 0.02
1377 3210.045 159.3 0.60 0.01
1378 3213.049 284.4 0.57 0.00
1379 3213.513 273.1 0.57 0.01
1380 3215.152 186.6 0.59 0.01
1381 3216.817 323.1 0.58 0.02
1382 3217.664 225.3 0.55 0.02
1383 3227.276 191.1 0.57 0.02
1384 3231.672 175.2 0.57 0.01
1385 3235.031 273.1 0.56 0.03
1386 3237.216 191.1 0.55 0.02
1387 3238.581 229.8 0.54 0.02
1388 3244.780 147.9 0.56 -0.02
1389 3246.118 125.2 0.55 -0.03
1390 3251.633 175.2 0.55 -0.01
1391 3251.934 216.2 0.56 -0.01
1392 3253.408 250.3 0.56 -0.00
1393 3254.910 284.4 0.57 -0.00
1394 3259.389 163.8 0.55 -0.01
1395 3259.907 179.8 0.55 -0.00
1396 3260.918 179.8 0.56 -0.01
1397 3261.983 163.8 0.56 -0.00
1398 3268.400 339.1 0.52 -0.00
1399 3274.107 152.5 0.56 -0.02
1400 3274.762 223.0 0.55 -0.02
1401 3278.421 241.2 0.56 0.00
1402 3286.013 207.1 0.56 0.02
1403 3286.886 132.0 0.54 0.03
1404 3290.573 186.6 0.57 -0.01
1405 3292.320 218.5 0.57 -0.01
1406 3292.621 198.0 0.57 -0.01
1407 3295.297 186.6 0.57 -0.01
1408 3297.290 195.7 0.57 -0.00
1409 3298.355 289.0 0.56 0.00
1410 3299.529 186.6 0.57 0.02
1411 3299.802 159.3 0.55 0.02
1412 3301.195 163.8 0.56 0.01
1413 3311.490 245.8 0.58 0.01
1414 3312.500 191.1 0.57 0.01
1415 3318.289 136.5 0.60 0.02
1416 3325.580 284.4 0.58 0.03
1417 3326.317 332.2 0.60 0.03
1418 3328.010 109.2 0.60 0.03
1419 3328.447 207.1 0.61 0.04
1420 3329.075 109.2 0.60 0.04
1421 3329.949 191.1 0.59 0.03
1422 3334.127 141.1 0.60 0.04
1423 3334.782 268.5 0.57 0.05
1424 3335.137 202.5 0.58 0.04
1425 3336.093 175.2 0.60 0.03
1426 3341.309 229.8 0.58 0.04
1427 3342.892 295.8 0.58 0.04
1428 3344.094 191.1 0.57 0.04
1429 3345.104 163.8 0.56 0.04
1430 3347.999 234.4 0.56 0.05
1431 3350.866 218.5 0.56 0.04
1432 3351.931 213.9 0.55 0.05
1433 3353.788 229.8 0.56 0.04
1434 3354.525 218.5 0.56 0.04
1435 3357.993 245.8 0.56 0.04
1436 3363.727 284.4 0.55 0.04
1437 3365.612 59.2 0.57 0.03
1438 3366.513 284.4 0.57 0.04
1439 3368.424 159.3 0.57 0.02
1440 3370.636 141.1 0.57 0.02
1441 3373.039 245.8 0.56 0.01
1442 3373.804 168.4 0.55 0.03
1443 3375.251 125.2 0.55 0.01
1444 3377.026 152.5 0.56 0.01
1445 3378.336 202.5 0.56 0.01
1446 3383.634 138.8 0.56 0.03
1447 3387.621 168.4 0.57 0.04
1448 3392.727 295.8 0.55 0.02
1449 3393.983 245.8 0.55 0.03
1450 3396.277 175.2 0.54 0.03
1451 3397.506 218.5 0.56 0.01
1452 3402.175 295.8 0.54 0.01
1453 3402.585 116.1 0.55 0.01
1454 3403.513 152.5 0.57 0.02
1455 3404.797 163.8 0.56 0.01
1456 3406.326 223.0 0.54 0.01
1457 3408.483 132.0 0.56 0.01
1458 3409.603 163.8 0.58 0.02
1459 3410.476 104.7 0.56 0.01
1460 3412.934 234.4 0.56 0.02
1461 3414.381 163.8 0.56 0.02
1462 3416.538 343.6 0.56 0.02
1463 3421.181 195.7 0.55 0.03
1464 3422.655 136.5 0.55 0.03
1465 3425.222 147.9 0.56 0.03
1466 3429.127 332.2 0.56 0.02
1467 3429.700 300.4 0.56 0.03
1468 3430.301 198.0 0.57 0.03
1469 3432.103 207.1 0.56 0.03
1470 3432.622 132.0 0.57 0.02
1471 3433.114 136.5 0.57 0.02
1472 3434.779 191.1 0.56 0.04
1473 3439.203 77.4 0.56 0.02
1474 3439.667 168.4 0.56 0.03
1475 3441.278 109.2 0.57 0.02
1476 3441.824 163.8 0.56 0.03
1477 3442.480 186.6 0.56 0.04
1478 3447.177 245.8 0.56 0.04
1479 3447.887 316.3 0.56 0.04
1480 3448.542 152.5 0.55 0.03
1481 3452.392 175.2 0.55 0.03
1482 3453.621 72.8 0.53 -0.00
1483 3453.757 125.2 0.54 0.01
1484 3455.778 405.0 0.54 0.03
1485 3456.952 179.8 0.53 0.03
1486 3457.608 273.1 0.53 0.02
1487 3458.099 264.0 0.54 0.03
1488 3459.847 179.8 0.55 0.01
1489 3461.813 195.7 0.55 -0.00
1490 3469.049 136.5 0.53 0.02
1491 3469.459 218.5 0.53 0.02
1492 3469.732 223.0 0.53 0.03
1493 3473.254 229.8 0.52 0.02
1494 3476.285 132.0 0.52 0.01
1495 3476.668 273.1 0.52 0.01
1496 3478.415 277.6 0.52 0.02
1497 3482.948 195.7 0.54 0.00
1498 3483.331 202.5 0.53 0.00
1499 3483.576 248.0 0.53 0.01
1500 3489.502 377.7 0.53 0.02
1501 3493.571 175.2 0.52 0.01
1502 3498.923 186.6 0.51 0.02
1503 3499.387 277.6 0.51 0.02
1504 3505.258 152.5 0.53 -0.00
1505 3508.398 332.2 0.52 0.01
1506 3510.528 300.4 0.54 0.02
1507 3512.549 295.8 0.54 0.02
1508 3517.000 252.6 0.53 0.01
1509 3527.158 191.1 0.56 0.02
1510 3533.766 147.9 0.56 0.02
1511 3534.230 147.9 0.55 0.02
1512 3535.650 327.7 0.57 0.02
1513 3539.255 218.5 0.56 0.01
1514 3539.582 232.1 0.57 0.01
1515 3541.221 132.0 0.56 0.01
1516 3542.422 163.8 0.56 0.01
1517 3543.433 273.1 0.55 0.01
1518 3545.016 218.5 0.57 0.01
1519 3545.699 241.2 0.55 0.01
1520 3546.409 245.8 0.56 0.02
1521 3552.034 245.8 0.55 0.01
1522 3554.273 259.4 0.57 0.02
1523 3556.622 327.7 0.57 0.02
1524 3557.222 179.8 0.56 -0.00
1525 3557.769 125.2 0.56 0.01
1526 3558.205 229.8 0.58 0.01
1527 3559.270 159.3 0.57 0.01
1528 3559.789 241.2 0.57 0.03
1529 3561.946 250.3 0.56 0.03
1530 3563.667 257.1 0.56 0.03
1531 3567.326 86.5 0.55 0.03
1532 3570.138 179.8 0.55 -0.01
1533 3571.859 229.8 0.55 0.00
1534 3577.566 179.8 0.56 0.01
1535 3578.412 195.7 0.56 0.01
1536 3583.573 213.9 0.56 0.01
1537 3585.048 316.3 0.56 -0.00
1538 3586.086 245.8 0.56 0.00
1539 3589.362 311.8 0.58 0.03
1540 3589.799 229.8 0.58 0.03
1541 3591.738 304.9 0.59 0.02
1542 3592.721 207.1 0.58 0.02
1543 3593.322 175.2 0.57 0.01
1544 3594.250 218.5 0.57 0.01
1545 3595.424 88.7 0.57 0.01
1546 3595.561 91.0 0.56 0.01
1547 3596.981 163.8 0.57 0.00
1548 3597.882 191.1 0.56 -0.01
1549 3600.804 109.2 0.56 -0.01
1550 3608.777 202.5 0.58 -0.01
1551 3609.624 132.0 0.58 -0.01
1552 3610.771 213.9 0.59 0.01
1553 3612.928 141.1 0.57 -0.01
1554 3615.031 152.5 0.56 -0.01
1555 3618.881 304.9 0.56 -0.01
1556 3624.670 147.9 0.58 -0.00
1557 3628.684 152.5 0.59 -0.00
1558 3631.169 198.0 0.58 -0.01
1559 3632.452 175.2 0.59 -0.01
1560 3633.271 245.8 0.61 -0.00
1561 3636.931 143.4 0.60 -0.01
1562 3637.313 163.8 0.59 -0.01
1563 3640.153 207.1 0.60 -0.00
1564 3641.764 136.5 0.59 -0.01
1565 3643.375 402.8 0.59 0.00
1566 3645.286 261.7 0.55 -0.00
1567 3645.914 175.2 0.56 0.00
1568 3647.471 250.3 0.57 -0.00
1569 3649.246 163.8 0.55 -0.00
1570 3651.075 284.4 0.56 0.01
1571 3657.137 234.4 0.56 0.02
1572 3657.656 295.8 0.55 0.02
1573 3658.011 248.0 0.55 0.02
1574 3660.278 202.5 0.54 0.02
1575 3664.538 207.1 0.53 0.03
1576 3670.545 141.1 0.53 0.04
1577 3675.733 218.5 0.52 0.02
1578 3676.307 245.8 0.53 0.02
1579 3678.164 234.4 0.51 0.02
1580 3680.348 136.5 0.52 -0.01
1581 3682.533 229.8 0.54 0.00
1582 3689.277 175.2 0.53 0.00
1583 3691.271 147.9 0.54 0.01
1584 3696.759 257.1 0.53 0.00
1585 3697.142 223.0 0.55 0.00
1586 3697.906 202.5 0.54 0.01
1587 3701.675 343.6 0.56 0.02
1588 3705.143 163.8 0.56 0.02
1589 3706.016 229.8 0.57 0.03
1590 3707.600 163.8 0.57 0.02
1591 3714.127 229.8 0.55 0.01
1592 3715.164 241.2 0.55 0.01
1593 3717.485 366.4 0.52 -0.01
1594 3719.615 327.7 0.55 0.01
1595 3729.336 300.4 0.55 0.01
1596 3732.477 113.8 0.54 0.00
1597 3736.327 179.8 0.54 0.00
1598 3737.037 191.1 0.55 -0.00
1599 3738.839 320.9 0.56 -0.00
1600 3740.341 334.5 0.54 -0.01
1601 3742.198 259.4 0.54 -0.02
1602 3743.754 218.5 0.55 -0.01
1603 3744.983 195.7 0.55 -0.00
1604 3746.130 268.5 0.56 0.00
1605 3747.768 223.0 0.57 0.01
1606 3748.151 213.9 0.54 0.00
1607 3750.226 225.3 0.54 0.01
1608 3751.646 207.1 0.55 -0.01
1609 3751.946 361.8 0.55 0.00
1610 3754.158 289.0 0.55 -0.00
1611 3755.906 316.3 0.55 0.01
1612 3761.258 168.4 0.57 -0.01
1613 3762.896 125.2 0.57 -0.01
1614 3763.988 355.0 0.56 -0.01
1615 3767.975 234.4 0.59 0.03
1616 3768.740 268.5 0.58 0.03
1617 3769.204 141.1 0.57 0.02
1618 3770.788 223.0 0.58 0.02
1619 3773.682 202.5 0.58 0.03
1620 3774.829 191.1 0.56 0.03
1621 3778.024 207.1 0.57 0.01
1622 3779.581 213.9 0.57 0.00
1623 3782.202 284.4 0.58 0.00
1624 3789.356 163.8 0.60 0.00
1625 3792.906 202.5 0.58 0.01
1626 3793.562 141.1 0.57 0.00
1627 3795.473 300.4 0.58 0.01
1628 3797.139 136.5 0.58 0.01
1629 3798.149 273.1 0.57 0.01
1630 3798.750 168.4 0.56 0.02
1631 3816.554 97.8 0.55 0.02
1632 3816.800 104.7 0.55 0.02
1633 3817.045 179.8 0.56 0.02
1634 3818.383 366.4 0.57 0.02
1635 3819.448 557.5 0.56 0.03
1636 3826.958 223.0 0.57 0.03
1637 3832.282 93.3 0.55 0.01
1638 3838.973 191.1 0.57 0.02
1639 3839.328 377.7 0.58 0.02
1640 3839.710 100.1 0.57 0.01
1641 3840.584 241.2 0.58 0.03
1642 3840.966 120.6 0.56 0.02
1643 3841.348 163.8 0.58 0.01
1644 3844.079 218.5 0.56 0.02
1645 3846.700 150.2 0.55 0.01
1646 3849.731 252.6 0.58 0.00
1647 3854.838 218.5 0.57 0.01
1648 3856.094 152.5 0.57 0.01
1649 3856.804 163.8 0.57 0.01
1650 3857.132 232.1 0.58 0.01
1651 3858.033 168.4 0.58 0.02
1652 3859.043 216.2 0.57 -0.00
1653 3860.927 159.3 0.59 0.01
1654 3865.924 245.8 0.57 0.04
1655 3866.361 147.9 0.57 0.03
1656 3866.935 179.8 0.58 0.04
1657 3868.737 104.7 0.55 0.00
1658 3869.228 202.5 0.59 -0.00
1659 3871.358 268.5 0.58 -0.00
1660 3872.942 170.7 0.56 -0.00
1661 3875.509 152.5 0.56 -0.00
1662 3877.775 170.7 0.55 0.01
1663 3880.288 223.0 0.52 -0.01
1664 3880.834 229.8 0.55 0.03
1665 3881.844 289.0 0.55 0.02
1666 3883.537 234.4 0.53 -0.02
1667 3885.175 132.0 0.54 -0.00
1668 3889.162 273.1 0.55 0.02
1669 3891.483 261.7 0.57 0.04
1670 3896.153 125.2 0.56 0.01
1671 3897.573 213.9 0.55 0.01
1672 3904.672 223.0 0.54 0.03
1673 3906.912 143.4 0.52 0.02
1674 3908.277 261.7 0.54 0.03
1675 3910.161 277.6 0.54 0.03
1676 3914.312 152.5 0.55 0.03
1677 3917.343 147.9 0.56 0.02
1678 3918.544 159.3 0.55 0.02
1679 3918.981 227.6 0.55 0.02
1680 3921.002 152.5 0.55 0.03
1681 3922.668 182.0 0.56 0.03
1682 3924.989 186.6 0.56 0.02
1683 3928.102 109.2 0.57 0.03
1684 3930.723 252.6 0.57 0.04
1685 3931.242 143.4 0.59 0.04
1686 3933.426 323.1 0.57 0.05
1687 3934.409 179.8 0.56 0.05
1688 3934.901 175.2 0.56 0.05
1689 3935.747 245.8 0.56 0.05
1690 3938.642 132.0 0.57 0.02
1691 3941.181 163.8 0.54 0.04
1692 3943.066 355.0 0.56 0.04
1693 3944.731 241.2 0.56 0.03
1694 3945.141 257.1 0.57 0.02
1695 3950.165 234.4 0.55 0.03
1696 3952.241 268.5 0.56 0.02
1697 3960.378 234.4 0.58 -0.01
1698 3961.853 202.5 0.57 -0.01
1699 3968.188 163.8 0.57 -0.02
1700 3968.352 109.2 0.57 -0.02
1701 3970.645 229.8 0.55 -0.01
1702 3974.468 175.2 0.56 0.00
1703 3978.127 234.4 0.57 -0.01
1704 3980.967 195.7 0.55 -0.00
1705 3982.851 136.5 0.55 -0.00
1706 3985.691 179.8 0.54 0.00
1707 3987.494 159.3 0.52 0.01
1708 3989.787 175.2 0.53 -0.00
1709 3996.122 186.6 0.54 0.00
1710 4000.437 229.8 0.54 0.01
1711 4003.577 223.0 0.54 0.01
1712 4004.123 186.6 0.53 -0.00
1713 4005.871 152.5 0.54 0.00
1714 4007.264 141.1 0.54 0.01
1715 4015.292 152.5 0.56 0.02
1716 4015.865 343.6 0.56 0.02
1717 4018.323 202.5 0.56 0.02
1718 4023.047 277.6 0.56 0.03
1719 4027.389 147.9 0.54 0.03
1720 4028.590 127.4 0.55 0.03
1721 4029.273 218.5 0.56 0.03
1722 4032.795 182.0 0.56 0.04
1723 4038.420 163.8 0.57 0.04
1724 4041.015 273.1 0.55 0.04
1725 4049.343 229.8 0.55 0.03
1726 4051.555 268.5 0.56 0.02
1727 4054.040 191.1 0.55 0.03
1728 4054.286 211.6 0.55 0.03
1729 4057.917 120.6 0.54 0.02
1730 4058.873 425.5 0.54 0.03
1731 4059.638 218.5 0.53 0.03
1732 4064.526 309.5 0.53 0.03
1733 4065.618 104.7 0.54 0.02
1734 4066.819 273.1 0.55 0.02
1735 4067.174 339.1 0.55 0.02
1736 4068.239 289.0 0.54 0.02
1737 4070.424 284.4 0.54 0.02
1738 4071.735 339.1 0.53 0.02
1739 4072.062 186.6 0.54 0.02
1740 4073.127 311.8 0.54 0.02
1741 4081.729 336.8 0.54 0.04
1742 4083.012 234.4 0.53 0.03
1743 4085.142 359.5 0.52 0.04
1744 4094.727 202.5 0.56 0.05
1745 4097.758 191.1 0.55 0.05
1746 4099.478 295.8 0.55 0.02
1747 4103.438 218.5 0.53 0.03
1748 4104.612 147.9 0.53 0.04
1749 4106.742 125.2 0.53 0.05
1750 4107.670 273.1 0.55 0.05
1751 4110.537 175.2 0.52 0.06
1752 4112.039 147.9 0.53 0.04
1753 4114.115 464.2 0.52 0.06
1754 4115.207 184.3 0.51 0.01
1755 4115.535 179.8 0.53 0.04
1756 4115.999 182.0 0.51 0.04
1757 4116.272 223.0 0.53 0.04
1758 4116.763 241.2 0.54 0.04
1759 4117.255 343.6 0.53 0.04
1760 4120.013 175.2 0.53 0.05
1761 4123.317 147.9 0.55 0.07
1762 4124.901 127.4 0.53 0.06
1763 4125.447 191.1 0.52 0.05
1764 4126.184 234.4 0.54 0.06
1765 4128.860 88.7 0.53 0.06
1766 4135.113 147.9 0.52 0.05
1767 4139.073 186.6 0.54 0.01
1768 4150.077 147.9 0.54 0.03
1769 4152.071 236.7 0.50 0.03
1770 4153.545 245.8 0.50 0.00
1771 4159.198 170.7 0.53 0.00
1772 4162.857 234.4 0.54 0.00
1773 4163.239 104.7 0.54 0.01
1774 4166.216 382.3 0.53 -0.01
1775 4167.963 168.4 0.55 -0.01
1776 4177.220 245.8 0.53 0.01
1777 4179.132 175.2 0.53 0.02
1778 4179.787 113.8 0.52 0.01
1779 4185.931 170.7 0.49 0.04
1780 4186.395 191.1 0.52 0.02
1781 4187.215 218.5 0.51 0.04
1782 4190.682 261.7 0.52 0.01
1783 4191.119 234.4 0.52 0.01
1784 4191.939 125.2 0.51 -0.00
1785 4201.305 152.5 0.53 0.01
1786 4201.960 257.1 0.53 0.01
1787 4202.889 179.8 0.53 0.01
1788 4205.428 152.5 0.52 0.02
1789 4207.203 179.8 0.55 -0.01
1790 4208.350 163.8 0.54 -0.00
1791 4211.190 191.1 0.53 -0.00
1792 4219.873 223.0 0.54 -0.01
1793 4220.829 184.3 0.55 0.00
1794 4221.430 147.9 0.54 -0.00
1795 4222.194 132.0 0.54 -0.00
1796 4223.696 229.8 0.52 -0.01
1797 4230.577 207.1 0.52 -0.01
1798 4231.342 204.8 0.53 0.00
1799 4233.800 147.9 0.51 0.02
1800 4234.947 163.8 0.51 0.01
1801 4235.766 168.4 0.52 0.01
1802 4238.087 104.7 0.52 0.02
1803 4238.469 141.1 0.50 0.01
1804 4241.473 382.3 0.50 -0.01
1805 4243.248 229.8 0.51 -0.03
1806 4245.815 218.5 0.51 -0.03
1807 4249.446 143.4 0.51 -0.05
1808 4251.467 229.8 0.51 -0.07
1809 4251.849 236.7 0.51 -0.07
1810 4253.215 339.1 0.52 -0.03
1811 4256.027 191.1 0.54 0.00
1812 4259.468 273.1 0.54 -0.02
1813 4261.598 195.7 0.54 -0.02
1814 4263.974 241.2 0.55 -0.01
1815 4265.448 343.6 0.53 0.00
1816 4270.445 143.4 0.55 0.02
1817 4271.401 191.1 0.55 0.01
1818 4272.466 132.0 0.56 0.01
1819 4273.203 132.0 0.55 0.01
1820 4273.531 186.6 0.55 0.01
1821 4275.852 207.1 0.55 -0.00
1822 4276.644 295.8 0.54 0.01
1823 4279.101 191.1 0.50 -0.01
1824 4281.368 213.9 0.51 -0.01
1825 4282.542 179.8 0.49 -0.01
1826 4284.071 202.5 0.51 -0.00
1827 4287.648 234.4 0.51 -0.02
1828 4288.686 245.8 0.50 -0.02
1829 4289.396 223.0 0.51 -0.02
1830 4292.618 261.7 0.49 -0.01
1831 4295.185 257.1 0.49 -0.02
1832 4298.380 147.9 0.49 -0.02
1833 4305.070 332.2 0.50 -0.01
1834 4309.030 109.2 0.49 -0.02
1835 4309.166 104.7 0.49 -0.01
1836 4312.552 241.2 0.51 -0.01
1837 4314.163 61.4 0.52 -0.01
1838 4315.010 273.1 0.53 -0.02
1839 4316.320 316.3 0.53 -0.01
1840 4320.717 136.5 0.56 -0.00
1841 4321.454 202.5 0.56 -0.01
1842 4323.366 70.5 0.57 -0.00
1843 4327.735 147.9 0.54 -0.01
1844 4328.608 236.7 0.54 -0.01
1845 4329.510 238.9 0.54 -0.01
1846 4331.721 218.5 0.56 -0.02
1847 4338.248 191.1 0.58 0.01
1848 4340.787 136.5 0.57 0.00
1849 4341.497 179.8 0.55 -0.00
1850 4342.999 289.0 0.55 0.00
1851 4345.102 209.4 0.55 0.00
1852 4345.866 213.9 0.55 -0.01
1853 4346.303 191.1 0.55 -0.01
1854 4346.959 175.2 0.55 -0.01
1855 4348.297 147.9 0.55 -0.01
1856 4348.597 188.9 0.55 -0.01
1857 4349.525 195.7 0.56 -0.01
1858 4352.993 129.7 0.58 -0.00
1859 4357.035 261.7 0.57 -0.01
1860 4358.100 175.2 0.56 -0.00
1861 4358.618 229.8 0.55 -0.02
1862 4360.230 138.8 0.58 -0.02
1863 4360.530 202.5 0.55 -0.01
1864 4366.374 261.7 0.56 -0.01
1865 4368.640 207.1 0.56 0.00
1866 4370.825 186.6 0.53 -0.04
1867 4373.692 163.8 0.57 -0.02
1868 4374.784 229.8 0.56 -0.03
1869 4375.985 223.0 0.56 -0.02
1870 4377.105 234.4 0.58 0.00
1871 4377.487 200.2 0.57 0.00
1872 4378.252 229.8 0.57 -0.02
1873 4379.344 311.8 0.57 0.00
1874 4380.054 143.4 0.53 -0.00
1875 4382.293 163.8 0.54 -0.02
1876 4382.758 218.5 0.55 -0.01
1877 4393.325 207.1 0.55 -0.00
1878 4393.626 213.9 0.55 -0.00
1879 4395.018 179.8 0.53 0.00
1880 4399.415 207.1 0.56 -0.02
1881 4401.053 223.0 0.52 -0.00
1882 4404.330 245.8 0.53 -0.00
1883 4407.852 234.4 0.54 -0.00
1884 4409.600 209.4 0.56 0.01
1885 4411.320 93.3 0.58 0.02
1886 4413.204 327.7 0.57 0.01
1887 4414.706 159.3 0.58 0.01
1888 4417.300 202.5 0.55 0.03
1889 4418.120 213.9 0.55 0.02
1890 4419.758 141.1 0.55 0.02
1891 4420.113 182.0 0.54 0.03
1892 4421.260 207.1 0.56 0.00
1893 4421.751 232.1 0.55 -0.01
1894 4426.667 109.2 0.56 -0.02
1895 4429.042 186.6 0.57 -0.00
1896 4430.435 175.2 0.58 0.01
1897 4432.592 307.2 0.59 0.01
1898 4432.975 218.5 0.58 0.01
1899 4434.203 191.1 0.59 0.01
1900 4434.558 163.8 0.58 0.01
1901 4434.913 129.7 0.56 0.01
1902 4435.459 147.9 0.58 0.00
1903 4436.388 218.5 0.58 0.00
1904 4436.716 177.5 0.57 0.00
1905 4437.780 284.4 0.57 -0.00
1906 4438.081 216.2 0.56 -0.00
1907 4439.637 421.0 0.56 0.00
1908 4441.931 261.7 0.57 0.02
1909 4445.617 234.4 0.56 0.00
1910 4448.348 200.2 0.57 0.02
1911 4448.703 179.8 0.58 0.02
1912 4451.215 218.5 0.56 0.03
1913 4453.127 257.1 0.54 0.02
1914 4455.475 261.7 0.56 0.01
1915 4456.813 284.4 0.56 0.01
1916 4457.387 366.4 0.56 0.01
1917 4460.500 136.5 0.57 0.01
1918 4461.647 147.9 0.56 0.01
1919 4462.575 316.3 0.56 0.02
1920 4464.841 163.8 0.57 0.01
1921 4468.719 141.1 0.56 0.00
1922 4470.139 207.1 0.56 -0.00
1923 4472.596 195.7 0.55 0.00
1924 4475.382 120.6 0.56 0.01
1925 4480.898 264.0 0.55 0.02
1926 4482.973 129.7 0.56 0.01
1927 4489.308 284.4 0.55 0.02
1928 4490.537 209.4 0.56 0.02
1929 4491.465 289.0 0.55 0.02
1930 4492.749 225.3 0.56 0.03
1931 4496.954 311.8 0.57 0.02
1932 4501.924 191.1 0.54 0.01
1933 4506.211 191.1 0.53 0.01
1934 4513.038 195.7 0.55 0.02
1935 4514.949 163.8 0.55 0.02
1936 4517.789 213.9 0.54 0.02
1937 4518.171 104.7 0.56 0.03
1938 4519.619 86.5 0.55 0.03
1939 4521.475 186.6 0.55 0.01
1940 4521.694 120.6 0.57 0.02
1941 4522.950 109.2 0.56 0.01
1942 4523.769 191.1 0.56 0.01
1943 4525.162 179.8 0.56 0.01
1944 4527.619 252.6 0.56 -0.01
1945 4528.739 147.9 0.55 -0.01
1946 4529.312 152.5 0.55 0.00
1947 4531.251 61.4 0.55 0.00
1948 4532.726 229.8 0.55 -0.00
1949 4535.456 159.3 0.55 -0.01
1950 4536.139 136.5 0.58 -0.01
1951 4536.904 241.2 0.57 -0.01
1952 4538.487 277.6 0.56 0.00
1953 4540.372 327.7 0.56 -0.00
1954 4541.846 218.5 0.57 0.01
1955 4542.775 175.2 0.57 0.01
1956 4544.085 421.0 0.58 0.00
1957 4548.782 273.1 0.58 0.02
1958 4550.093 202.5 0.57 0.03
1959 4554.243 311.8 0.59 0.01
1960 4554.626 293.5 0.58 0.01
1961 4558.612 132.0 0.60 0.02
1962 4559.077 359.5 0.60 0.02
1963 4567.132 229.8 0.58 0.01
1964 4568.416 120.6 0.57 0.00
1965 4569.153 234.4 0.56 -0.00
1966 4571.092 152.5 0.56 0.01
1967 4571.774 359.5 0.57 0.02
1968 4572.184 213.9 0.57 0.01
1969 4574.996 229.8 0.57 0.02
1970 4577.399 407.3 0.56 0.01
1971 4578.819 163.8 0.57 0.01
1972 4580.949 300.4 0.57 0.01
1973 4584.827 202.5 0.57 -0.00
1974 4589.469 339.1 0.58 0.01
1975 4589.961 191.1 0.58 0.02
1976 4591.544 198.0 0.58 0.01
1977 4594.057 229.8 0.59 0.03
1978 4594.493 191.1 0.58 0.04
1979 4594.985 109.2 0.58 0.03
1980 4595.558 218.5 0.58 0.02
1981 4597.333 120.6 0.57 0.02
1982 4597.907 238.9 0.59 0.02
1983 4600.747 163.8 0.57 0.02
1984 4603.505 102.4 0.55 0.01
1985 4605.962 175.2 0.56 -0.00
1986 4606.235 218.5 0.58 -0.00
1987 4607.928 243.5 0.57 -0.00
1988 4610.905 207.1 0.59 0.01
1989 4611.396 268.5 0.58 0.01
1990 4618.906 191.1 0.56 0.03
1991 4620.708 316.3 0.55 0.04
1992 4621.445 377.7 0.54 0.05
1993 4621.937 234.4 0.54 0.04
1994 4624.422 186.6 0.55 0.04
1995 4626.988 218.5 0.57 0.05
1996 4630.484 241.2 0.58 0.03
1997 4632.313 480.1 0.58 0.03
1998 4634.334 202.5 0.59 0.02
1999 4634.962 163.8 0.57 0.03
2000 4636.546 132.0 0.57 0.02
