1 0.092 136.5 0.55 -0.00
2 3.369 245.8 0.53 -0.01
3 11.124 245.8 0.54 -0.00
4 11.643 295.8 0.53 0.01
5 13.855 248.0 0.53 0.00
6 16.476 213.9 0.54 0.01
7 16.831 213.9 0.54 0.01
8 22.729 277.6 0.53 -0.00
9 24.422 141.1 0.54 -0.01
10 30.621 175.2 0.54 0.00
11 35.837 284.4 0.54 0.02
12 38.513 159.3 0.52 0.02
13 43.592 163.8 0.55 0.02
14 45.967 136.5 0.55 0.02
15 49.981 207.1 0.57 0.04
16 51.183 266.2 0.55 0.03
17 56.125 327.7 0.56 0.05
18 57.436 163.8 0.57 0.05
19 60.413 245.8 0.57 0.05
20 60.931 129.7 0.58 0.05
21 64.208 289.0 0.57 0.05
22 65.546 316.3 0.59 0.04
23 67.130 245.8 0.59 0.05
24 68.277 284.4 0.60 0.05
25 68.523 191.1 0.59 0.05
26 69.233 257.1 0.58 0.07
27 72.154 241.2 0.56 0.06
28 77.070 163.8 0.55 0.05
29 78.517 152.5 0.56 0.03
30 81.603 245.8 0.56 0.03
31 84.087 125.2 0.55 0.03
32 84.743 141.1 0.55 0.03
33 85.043 304.9 0.55 0.03
34 87.200 332.2 0.56 0.04
35 91.378 405.0 0.55 0.02
36 93.317 250.3 0.56 0.03
37 94.191 195.7 0.56 0.02
38 94.546 223.0 0.55 0.04
39 94.928 120.6 0.56 0.02
40 95.529 257.1 0.57 0.03
41 96.403 120.6 0.56 0.01
42 97.495 218.5 0.56 0.03
43 98.423 100.1 0.58 0.02
44 98.560 86.5 0.56 0.03
45 99.297 120.6 0.56 0.04
46 99.707 182.0 0.57 0.04
47 100.390 113.8 0.55 0.03
48 104.049 229.8 0.56 0.02
49 106.561 141.1 0.55 0.01
50 107.953 141.1 0.55 0.01
51 111.695 179.8 0.53 -0.00
52 112.841 116.1 0.53 0.00
53 114.343 289.0 0.53 0.00
54 118.685 223.0 0.54 0.04
55 122.098 245.8 0.54 0.04
56 123.464 152.5 0.55 0.03
57 130.236 198.0 0.54 0.03
58 131.219 179.8 0.53 0.04
59 134.168 163.8 0.54 0.02
60 140.858 132.0 0.55 0.04
61 142.196 250.3 0.55 0.04
62 144.599 355.0 0.57 0.02
63 146.156 132.0 0.58 0.02
64 151.753 168.4 0.61 0.02
65 153.091 179.8 0.60 0.02
66 154.703 218.5 0.61 0.01
67 155.303 125.2 0.59 0.00
68 160.410 163.8 0.58 0.06
69 161.447 109.2 0.56 0.03
70 167.154 468.8 0.59 0.03
71 168.793 316.3 0.58 0.01
72 171.141 163.8 0.58 0.01
73 171.414 207.1 0.58 0.01
74 172.452 186.6 0.58 0.01
75 172.643 125.2 0.57 0.01
76 173.244 207.1 0.58 0.02
77 175.920 236.7 0.56 0.00
78 177.558 348.2 0.55 -0.00
79 181.736 191.1 0.58 0.01
80 182.883 202.5 0.58 0.00
81 186.515 141.1 0.56 -0.02
82 187.552 168.4 0.58 -0.02
83 188.617 152.5 0.58 -0.02
84 192.713 109.2 0.55 0.00
85 192.850 122.9 0.55 0.00
86 194.051 518.8 0.55 0.00
87 195.007 143.4 0.56 -0.02
88 195.362 93.3 0.55 -0.01
89 199.677 261.7 0.56 -0.00
90 203.308 327.7 0.59 0.02
91 205.329 163.8 0.56 0.01
92 212.620 136.5 0.56 0.00
93 216.388 97.8 0.59 0.03
94 217.508 273.1 0.58 0.03
95 225.864 229.8 0.56 -0.04
96 228.076 261.7 0.54 -0.03
97 230.533 125.2 0.56 -0.01
98 231.898 179.8 0.57 0.01
99 237.742 202.5 0.58 0.03
100 239.790 295.8 0.58 0.03
101 240.391 147.9 0.60 0.03
102 247.764 257.1 0.53 -0.02
103 250.631 195.7 0.55 0.01
104 251.969 229.8 0.55 -0.02
105 257.567 202.5 0.54 0.00
106 258.113 225.3 0.55 0.01
107 261.117 377.7 0.53 0.01
108 266.114 125.2 0.54 -0.00
109 268.708 316.3 0.55 -0.01
110 269.527 163.8 0.55 -0.01
111 272.067 218.5 0.57 0.01
112 277.583 175.2 0.57 0.01
113 282.361 159.3 0.56 0.03
114 285.256 104.7 0.53 0.02
115 286.102 179.8 0.56 0.03
116 287.850 132.0 0.56 0.02
117 297.817 682.7 0.53 0.02
118 303.360 304.9 0.51 0.02
119 303.961 234.4 0.52 0.03
120 305.736 225.3 0.52 0.02
121 314.010 195.7 0.54 0.01
122 315.156 125.2 0.55 0.01
123 316.058 234.4 0.54 0.02
124 317.860 50.1 0.55 0.01
125 319.280 223.0 0.55 0.01
126 321.546 234.4 0.55 0.01
127 322.229 170.7 0.55 0.02
128 323.949 234.4 0.55 0.02
129 324.250 141.1 0.54 0.02
130 325.233 175.2 0.55 0.02
131 328.919 393.7 0.55 0.01
132 329.219 120.6 0.55 0.02
133 331.950 207.1 0.55 0.01
134 341.944 191.1 0.57 0.00
135 345.549 127.4 0.57 -0.00
136 347.515 491.5 0.56 -0.00
137 348.853 211.6 0.56 0.00
138 351.283 109.2 0.56 0.00
139 357.209 154.7 0.56 0.01
140 359.994 218.5 0.55 0.00
141 363.544 257.1 0.57 -0.00
142 364.882 186.6 0.56 -0.01
143 367.258 218.5 0.57 -0.01
144 371.709 170.7 0.57 0.00
145 375.340 223.0 0.57 0.02
146 376.897 523.4 0.57 0.01
147 377.443 366.4 0.57 0.01
148 382.659 143.4 0.55 0.02
149 384.652 284.4 0.56 0.01
150 386.181 300.4 0.55 0.01
151 387.301 163.8 0.55 0.01
152 391.315 261.7 0.56 0.03
153 392.052 375.5 0.55 0.01
154 394.592 152.5 0.54 0.02
155 394.919 207.1 0.55 0.02
156 395.684 182.0 0.55 0.01
157 396.885 213.9 0.56 0.01
158 400.326 295.8 0.54 0.02
159 402.592 234.4 0.54 0.01
160 403.767 191.1 0.54 0.01
161 405.978 295.8 0.54 0.01
162 408.190 120.6 0.56 -0.01
163 409.064 377.7 0.56 -0.01
164 409.938 147.9 0.56 0.00
165 413.187 152.5 0.55 0.00
166 423.236 252.6 0.55 0.03
167 424.110 261.7 0.55 0.02
168 426.158 218.5 0.56 0.03
169 427.005 229.8 0.56 0.01
170 431.155 191.1 0.58 0.03
171 432.084 120.6 0.57 0.02
172 433.449 143.4 0.57 0.02
173 435.879 120.6 0.56 0.02
174 439.074 234.4 0.53 0.02
175 439.456 323.1 0.53 0.02
176 440.248 159.3 0.53 -0.00
177 440.521 191.1 0.53 -0.01
178 440.958 261.7 0.53 -0.02
179 441.450 170.7 0.55 0.02
180 450.188 234.4 0.56 -0.01
181 451.854 211.6 0.55 -0.01
182 454.311 207.1 0.56 -0.00
183 455.021 175.2 0.58 -0.00
184 455.731 207.1 0.57 -0.01
185 457.779 202.5 0.57 0.01
186 461.220 163.8 0.57 -0.01
187 462.667 136.5 0.58 -0.02
188 468.374 316.3 0.55 -0.05
189 469.740 245.8 0.56 -0.02
190 471.842 154.7 0.58 -0.02
191 473.808 109.2 0.56 -0.02
192 477.030 179.8 0.57 -0.05
193 477.358 172.9 0.57 -0.05
194 477.850 245.8 0.56 -0.06
195 480.225 245.8 0.58 -0.05
196 481.618 268.5 0.59 -0.05
197 482.628 191.1 0.60 -0.05
198 484.239 109.2 0.59 -0.03
199 485.031 182.0 0.59 -0.03
200 491.858 184.3 0.58 -0.01
201 494.316 88.7 0.59 -0.01
202 495.107 316.3 0.59 0.01
203 496.063 225.3 0.57 -0.01
204 505.238 245.8 0.60 0.00
205 506.440 159.3 0.59 -0.03
206 508.023 245.8 0.60 0.00
207 516.188 170.7 0.59 -0.01
208 516.434 216.2 0.58 0.01
209 516.925 243.5 0.58 0.00
210 519.219 163.8 0.58 0.01
211 522.414 191.1 0.56 0.02
212 522.769 170.7 0.56 0.02
213 530.661 191.1 0.56 0.02
214 533.091 191.1 0.55 0.02
215 533.501 152.5 0.56 0.02
216 534.101 136.5 0.58 0.02
217 534.675 163.8 0.56 0.03
218 535.521 113.8 0.56 0.02
219 537.597 125.2 0.56 0.02
220 547.973 182.0 0.55 0.02
221 548.273 195.7 0.55 0.01
222 550.622 125.2 0.55 0.01
223 551.250 163.8 0.55 0.01
224 553.680 218.5 0.57 0.01
225 554.063 186.6 0.56 0.01
226 563.183 311.8 0.56 -0.01
227 563.729 284.4 0.55 -0.00
228 564.303 191.1 0.56 -0.00
229 564.903 229.8 0.56 0.00
230 565.395 163.8 0.57 -0.00
231 565.750 234.4 0.56 0.00
232 566.951 202.5 0.55 0.00
233 567.689 168.4 0.57 0.00
234 569.327 147.9 0.57 -0.00
235 574.461 182.0 0.57 -0.00
236 580.878 370.9 0.56 -0.00
237 585.520 159.3 0.55 0.02
238 586.202 179.8 0.56 0.02
239 589.425 241.2 0.56 0.01
240 591.718 191.1 0.57 0.01
241 592.756 207.1 0.58 0.01
242 595.159 207.1 0.56 0.01
243 595.951 191.1 0.56 0.01
244 602.532 186.6 0.56 -0.00
245 604.662 104.7 0.54 0.00
246 608.976 273.1 0.56 0.02
247 610.342 136.5 0.56 0.01
248 614.656 184.3 0.57 0.02
249 615.038 163.8 0.57 0.02
250 617.387 207.1 0.58 0.01
251 617.960 268.5 0.56 -0.00
252 618.615 163.8 0.57 0.01
253 624.404 109.2 0.56 0.02
254 625.087 218.5 0.58 0.01
255 627.217 163.8 0.57 0.01
256 628.064 143.4 0.58 0.01
257 630.439 159.3 0.57 0.02
258 630.849 327.7 0.58 0.02
259 632.023 186.6 0.59 0.02
260 635.955 125.2 0.58 0.01
261 636.174 152.5 0.57 0.00
262 636.993 241.2 0.57 0.01
263 637.839 152.5 0.56 0.01
264 643.437 86.5 0.56 -0.00
265 646.905 393.7 0.57 0.02
266 649.035 179.8 0.57 0.02
267 649.636 175.2 0.58 0.02
268 651.984 129.7 0.57 0.02
269 653.923 332.2 0.59 0.03
270 656.708 343.6 0.57 0.02
271 659.002 186.6 0.57 0.03
272 660.968 116.1 0.56 0.02
273 663.262 200.2 0.60 0.00
274 672.382 120.6 0.58 0.00
275 672.683 161.6 0.59 0.00
276 673.830 277.6 0.58 0.03
277 674.813 261.7 0.58 0.02
278 676.287 382.3 0.56 0.02
279 683.196 179.8 0.54 0.01
280 684.725 250.3 0.52 0.02
281 685.544 332.2 0.54 0.02
282 687.756 147.9 0.54 -0.00
283 688.821 109.2 0.53 0.01
284 689.476 159.3 0.54 -0.01
285 692.180 125.2 0.53 -0.00
286 694.746 289.0 0.54 0.03
287 696.767 289.0 0.55 0.00
288 701.764 234.4 0.54 -0.04
289 705.915 223.0 0.57 -0.01
290 706.843 350.4 0.57 -0.00
291 708.755 141.1 0.56 -0.00
292 708.946 134.3 0.58 -0.00
293 710.284 179.8 0.56 -0.01
294 710.912 432.4 0.57 -0.01
295 712.851 175.2 0.57 -0.00
296 716.018 241.2 0.57 0.02
297 716.592 257.1 0.57 0.01
298 717.821 273.1 0.57 0.02
299 718.612 241.2 0.57 0.02
300 721.480 279.9 0.57 0.03
301 722.108 175.2 0.57 0.03
302 723.828 186.6 0.58 0.04
303 724.866 125.2 0.59 0.02
304 725.357 136.5 0.60 0.03
305 725.876 229.8 0.59 0.02
306 726.695 116.1 0.60 0.02
307 727.651 159.3 0.58 -0.00
308 728.934 257.1 0.58 0.02
309 731.665 218.5 0.56 0.00
310 737.181 241.2 0.55 -0.01
311 737.700 152.5 0.55 -0.02
312 738.246 273.1 0.55 -0.03
313 738.656 175.2 0.57 -0.03
314 739.120 245.8 0.55 -0.04
315 740.977 284.4 0.54 -0.05
316 746.383 147.9 0.57 0.00
317 747.530 289.0 0.57 -0.00
318 748.076 209.4 0.57 0.03
319 749.769 213.9 0.56 0.01
320 750.561 154.7 0.56 0.00
321 750.916 132.0 0.56 0.00
322 753.183 125.2 0.56 0.00
323 754.220 182.0 0.55 0.01
324 757.798 195.7 0.55 -0.01
325 760.119 223.0 0.54 -0.01
326 763.450 191.1 0.54 0.01
327 766.481 421.0 0.54 0.03
328 769.103 152.5 0.53 0.02
329 770.140 136.5 0.55 0.01
330 771.724 218.5 0.54 0.00
331 772.352 202.5 0.55 -0.00
332 779.834 118.3 0.55 -0.00
333 782.237 100.1 0.55 -0.00
334 782.729 175.2 0.54 -0.00
335 783.930 127.4 0.55 -0.00
336 787.835 300.4 0.55 0.00
337 789.309 327.7 0.56 -0.00
338 789.637 186.6 0.55 0.00
339 791.303 227.6 0.55 -0.00
340 792.941 350.4 0.56 0.01
341 793.624 223.0 0.56 -0.00
342 794.935 159.3 0.56 -0.01
343 798.348 257.1 0.55 -0.00
344 798.867 295.8 0.55 0.00
345 803.837 198.0 0.54 0.00
346 805.967 175.2 0.54 0.01
347 806.676 179.8 0.54 0.00
348 807.769 268.5 0.54 -0.00
349 809.407 339.1 0.55 -0.01
350 810.663 170.7 0.56 -0.01
351 810.909 122.9 0.57 -0.01
352 811.155 107.0 0.57 -0.01
353 816.616 163.8 0.56 -0.00
354 820.412 136.5 0.56 0.00
355 822.460 182.0 0.55 -0.00
356 827.894 277.6 0.56 -0.01
357 828.740 168.4 0.56 -0.01
358 832.809 311.8 0.53 0.01
359 836.768 168.4 0.53 -0.00
360 839.608 168.4 0.54 -0.00
361 842.093 245.8 0.53 0.01
362 842.694 179.8 0.54 0.01
363 843.841 186.6 0.54 0.00
364 847.391 175.2 0.53 0.01
365 847.991 304.9 0.54 0.01
366 850.340 304.9 0.53 0.02
367 853.808 323.1 0.54 0.00
368 854.818 273.1 0.53 0.01
369 857.876 152.5 0.54 0.00
370 858.204 273.1 0.54 -0.00
371 858.887 186.6 0.54 -0.00
372 861.508 234.4 0.55 -0.01
373 865.577 229.8 0.55 -0.02
374 865.959 195.7 0.54 -0.02
375 866.232 157.0 0.54 -0.01
376 867.215 241.2 0.55 -0.01
377 868.171 223.0 0.56 -0.01
378 869.127 113.8 0.57 -0.00
379 873.332 191.1 0.58 0.01
380 874.151 225.3 0.58 0.01
381 878.821 163.8 0.56 0.01
382 884.145 261.7 0.58 0.01
383 885.757 195.7 0.57 0.01
384 885.975 195.7 0.57 0.01
385 888.433 236.7 0.57 0.01
386 888.842 195.7 0.57 0.01
387 892.692 152.5 0.56 -0.01
388 893.375 318.6 0.55 -0.00
389 898.181 316.3 0.56 -0.02
390 900.420 300.4 0.55 -0.01
391 901.758 191.1 0.56 0.01
392 907.356 168.4 0.56 0.01
393 912.517 318.6 0.57 0.03
394 916.040 300.4 0.57 0.02
395 917.323 125.2 0.58 0.02
396 918.743 120.6 0.55 0.02
397 922.730 129.7 0.57 0.01
398 924.805 213.9 0.57 0.01
399 926.880 223.0 0.58 0.02
400 931.222 213.9 0.55 0.02
401 936.165 186.6 0.56 0.02
402 936.957 154.7 0.54 0.02
403 939.496 198.0 0.55 0.02
404 941.025 257.1 0.55 0.02
405 947.360 207.1 0.58 0.04
406 948.562 113.8 0.58 0.02
407 949.299 59.2 0.58 0.03
408 949.600 109.2 0.58 0.02
409 950.774 170.7 0.57 0.02
410 954.515 97.8 0.57 0.03
411 960.522 125.2 0.56 0.03
412 964.673 229.8 0.56 0.01
413 968.878 147.9 0.56 0.03
414 974.203 86.5 0.55 -0.02
415 976.333 163.8 0.57 0.00
416 977.917 141.1 0.55 -0.01
417 982.149 229.8 0.55 -0.00
418 986.163 386.8 0.55 0.02
419 990.805 129.7 0.55 -0.00
420 991.625 218.5 0.54 -0.01
421 996.485 218.5 0.53 0.01
422 998.205 179.8 0.55 0.01
423 999.407 136.5 0.54 0.01
424 1001.810 154.7 0.54 0.04
425 1002.820 370.9 0.54 0.04
426 1003.257 254.9 0.55 0.04
427 1003.503 129.7 0.54 0.02
428 1006.698 113.8 0.53 0.03
429 1007.053 154.7 0.53 0.03
430 1007.544 163.8 0.52 0.03
431 1009.019 191.1 0.51 0.03
432 1013.524 163.8 0.54 0.02
433 1014.098 359.5 0.56 0.03
434 1017.620 316.3 0.55 0.04
435 1017.921 220.7 0.55 0.04
436 1022.700 159.3 0.54 0.02
437 1023.164 534.8 0.53 0.03
438 1024.474 218.5 0.54 0.02
439 1029.144 327.7 0.55 0.00
440 1030.673 175.2 0.55 0.00
441 1033.185 191.1 0.55 0.01
442 1034.605 218.5 0.56 0.02
443 1035.752 125.2 0.53 0.00
444 1036.244 229.8 0.55 0.01
445 1037.472 175.2 0.55 0.01
446 1041.760 202.5 0.56 0.02
447 1042.251 157.0 0.54 0.03
448 1043.398 241.2 0.54 0.02
449 1048.259 141.1 0.55 0.01
450 1054.157 225.3 0.57 0.01
451 1056.642 339.1 0.56 0.01
452 1064.315 175.2 0.56 -0.00
453 1074.773 120.6 0.55 0.02
454 1075.456 229.8 0.55 0.03
455 1075.975 207.1 0.55 0.02
456 1080.344 152.5 0.55 0.01
457 1084.003 195.7 0.56 0.01
458 1085.942 136.5 0.57 0.03
459 1090.038 207.1 0.58 0.02
460 1090.993 152.5 0.56 0.01
461 1091.294 166.1 0.56 0.01
462 1091.867 136.5 0.56 0.02
463 1094.216 202.5 0.57 0.03
464 1094.680 229.8 0.58 0.03
465 1099.841 268.5 0.58 0.03
466 1101.206 182.0 0.57 0.02
467 1101.561 186.6 0.59 0.03
468 1106.804 304.9 0.57 0.02
469 1108.142 147.9 0.57 0.01
470 1108.606 229.8 0.56 0.02
471 1109.371 211.6 0.55 0.01
472 1111.200 213.9 0.54 0.00
473 1115.979 163.8 0.57 0.01
474 1117.617 191.1 0.56 0.01
475 1124.690 147.9 0.56 0.01
476 1126.492 132.0 0.56 0.02
477 1128.076 179.8 0.56 0.03
478 1132.090 163.8 0.56 -0.00
479 1139.599 184.3 0.57 -0.00
480 1142.658 234.4 0.56 -0.01
481 1147.491 359.5 0.54 -0.02
482 1148.092 125.2 0.54 -0.03
483 1150.713 186.6 0.53 -0.01
484 1152.543 245.8 0.53 0.00
485 1154.099 159.3 0.53 0.01
486 1158.632 147.9 0.54 0.02
487 1163.930 425.5 0.55 0.04
488 1165.868 225.3 0.55 0.03
489 1166.933 198.0 0.56 0.02
490 1169.609 261.7 0.55 0.03
491 1171.248 250.3 0.54 0.04
492 1173.105 289.0 0.52 0.04
493 1176.245 104.7 0.53 0.03
494 1177.009 157.0 0.55 0.02
495 1180.860 152.5 0.53 0.02
496 1181.570 213.9 0.54 0.03
497 1183.672 229.8 0.54 0.04
498 1186.922 132.0 0.54 0.03
499 1187.168 159.3 0.56 0.03
500 1188.588 268.5 0.56 0.04
501 1196.889 300.4 0.54 0.07
502 1197.653 191.1 0.55 0.03
503 1199.483 257.1 0.56 0.03
504 1200.766 207.1 0.54 0.02
505 1202.814 168.4 0.55 0.03
506 1203.197 175.2 0.54 0.02
507 1208.986 141.1 0.56 -0.02
508 1213.491 132.0 0.57 0.01
509 1213.901 113.8 0.56 0.01
510 1221.082 343.6 0.54 0.04
511 1224.987 509.7 0.54 0.04
512 1226.762 195.7 0.52 0.02
513 1227.472 109.2 0.54 0.02
514 1240.852 120.6 0.54 0.06
515 1243.037 191.1 0.51 0.03
516 1244.593 136.5 0.53 0.04
517 1245.249 273.1 0.55 0.02
518 1250.819 207.1 0.52 0.04
519 1251.939 300.4 0.53 0.03
520 1256.745 261.7 0.54 0.04
521 1261.469 245.8 0.54 0.04
522 1262.561 273.1 0.56 0.04
523 1263.490 300.4 0.57 0.03
524 1265.210 136.5 0.55 0.03
525 1266.876 179.8 0.56 0.03
526 1267.340 141.1 0.54 0.02
527 1269.333 191.1 0.55 0.02
528 1272.037 218.5 0.55 0.00
529 1274.631 225.3 0.54 0.02
530 1278.235 225.3 0.53 0.01
531 1282.632 218.5 0.58 0.02
532 1283.642 343.6 0.55 0.03
533 1285.635 273.1 0.54 0.03
534 1286.673 229.8 0.54 0.03
535 1287.001 273.1 0.54 0.02
536 1288.284 207.1 0.54 0.03
537 1291.534 207.1 0.52 0.04
538 1302.647 168.4 0.50 -0.01
539 1303.330 355.0 0.52 0.01
540 1305.460 109.2 0.50 0.01
541 1309.447 159.3 0.51 0.01
542 1311.659 186.6 0.50 0.02
543 1312.642 202.5 0.50 0.02
544 1315.837 234.4 0.51 0.02
545 1318.458 202.5 0.50 0.03
546 1319.905 116.1 0.51 0.04
547 1327.961 175.2 0.51 0.03
548 1334.842 229.8 0.56 -0.01
549 1340.604 168.4 0.54 -0.04
550 1344.672 163.8 0.54 -0.01
551 1345.901 234.4 0.54 0.00
552 1346.365 323.1 0.56 0.00
553 1348.714 304.9 0.57 -0.03
554 1361.111 241.2 0.57 0.00
555 1366.764 213.9 0.53 -0.02
556 1367.119 227.6 0.53 -0.02
557 1371.651 261.7 0.56 -0.01
558 1377.604 218.5 0.54 0.02
559 1380.772 191.1 0.54 0.02
560 1383.421 168.4 0.55 0.01
561 1386.970 223.0 0.56 0.03
562 1387.571 186.6 0.57 0.04
563 1389.510 182.0 0.57 0.04
564 1395.627 191.1 0.56 -0.02
565 1396.009 170.7 0.56 -0.02
566 1397.347 147.9 0.55 -0.05
567 1399.723 207.1 0.57 -0.00
568 1401.225 50.1 0.53 0.01
569 1401.880 136.5 0.47 0.02
570 1402.699 179.8 0.51 0.02
571 1409.990 213.9 0.54 0.01
572 1412.202 245.8 0.57 0.03
573 1416.380 218.5 0.60 0.05
574 1421.431 109.2 0.56 0.04
575 1421.978 104.7 0.54 0.05
576 1422.333 159.3 0.57 0.05
577 1425.036 195.7 0.58 0.02
578 1425.691 152.5 0.55 0.02
579 1428.395 284.4 0.59 -0.00
580 1431.426 218.5 0.57 -0.00
581 1433.146 159.3 0.55 0.00
582 1435.003 327.7 0.57 0.00
583 1442.403 195.7 0.57 0.02
584 1444.260 147.9 0.57 0.01
585 1445.270 245.8 0.57 0.01
586 1448.902 179.8 0.58 0.01
587 1451.906 129.7 0.57 0.01
588 1452.233 250.3 0.57 0.01
589 1452.616 125.2 0.57 0.01
590 1457.312 179.8 0.57 0.01
591 1459.442 152.5 0.58 0.00
592 1464.166 234.4 0.58 0.02
593 1464.385 172.9 0.58 0.02
594 1464.685 184.3 0.58 0.02
595 1465.259 213.9 0.58 0.01
596 1465.832 211.6 0.58 0.01
597 1467.416 163.8 0.56 0.00
598 1468.344 213.9 0.58 0.00
599 1478.557 163.8 0.59 0.02
600 1481.998 159.3 0.59 0.03
601 1482.790 191.1 0.59 0.03
602 1483.691 168.4 0.60 0.03
603 1485.466 127.4 0.59 0.03
604 1487.596 175.2 0.60 0.03
605 1488.087 175.2 0.59 0.03
606 1489.753 116.1 0.59 0.02
607 1490.708 295.8 0.60 0.02
608 1492.702 225.3 0.60 0.02
609 1493.740 250.3 0.60 0.00
610 1496.552 213.9 0.59 0.02
611 1500.839 136.5 0.59 0.01
612 1501.986 218.5 0.59 0.02
613 1502.259 238.9 0.58 0.02
614 1504.198 332.2 0.58 -0.00
615 1506.819 323.1 0.58 0.01
616 1509.823 147.9 0.59 -0.00
617 1510.724 159.3 0.58 -0.01
618 1511.270 300.4 0.57 -0.01
619 1512.117 163.8 0.57 -0.02
620 1515.421 202.5 0.57 -0.00
621 1522.248 159.3 0.58 0.01
622 1523.231 300.4 0.57 0.00
623 1526.617 202.5 0.55 0.01
624 1527.354 175.2 0.56 0.01
625 1530.167 136.5 0.56 0.01
626 1531.423 170.7 0.55 0.01
627 1532.133 136.5 0.56 0.01
628 1536.611 250.3 0.55 0.03
629 1538.058 311.8 0.56 0.01
630 1539.041 170.7 0.55 0.01
631 1542.100 202.5 0.55 0.01
632 1548.134 104.7 0.56 0.02
633 1549.336 202.5 0.57 0.02
634 1549.773 120.6 0.56 0.00
635 1554.087 218.5 0.55 0.01
636 1556.163 163.8 0.54 0.00
637 1558.238 75.1 0.54 0.01
638 1558.484 143.4 0.54 0.01
639 1562.525 382.3 0.53 0.01
640 1563.754 443.7 0.54 0.01
641 1564.600 191.1 0.55 0.01
642 1565.119 286.7 0.54 0.01
643 1566.375 207.1 0.55 0.00
644 1570.062 175.2 0.55 -0.00
645 1576.533 218.5 0.56 -0.01
646 1577.325 266.2 0.58 -0.00
647 1580.302 186.6 0.58 0.01
648 1598.379 277.6 0.56 -0.00
649 1601.137 273.1 0.56 -0.00
650 1601.765 218.5 0.56 0.01
651 1607.226 339.1 0.57 0.01
652 1610.230 179.8 0.56 -0.02
653 1614.435 191.1 0.56 -0.02
654 1623.310 163.8 0.56 0.00
655 1627.215 141.1 0.56 -0.01
656 1631.338 120.6 0.56 0.00
657 1631.693 300.4 0.56 0.01
658 1636.089 229.8 0.57 0.01
659 1636.881 311.8 0.57 0.02
660 1637.482 202.5 0.57 0.02
661 1638.274 175.2 0.57 0.01
662 1639.475 234.4 0.58 0.02
663 1640.458 245.8 0.58 0.02
664 1646.001 223.0 0.57 0.01
665 1646.821 300.4 0.58 0.00
666 1647.968 195.7 0.56 0.01
667 1648.623 300.4 0.58 0.00
668 1649.524 273.1 0.57 0.01
669 1653.811 284.4 0.57 0.01
670 1654.958 175.2 0.56 0.00
671 1655.859 159.3 0.57 -0.00
672 1657.033 382.3 0.58 0.00
673 1658.863 195.7 0.59 0.01
674 1660.829 179.8 0.59 0.01
675 1665.389 223.0 0.58 -0.01
676 1669.567 191.1 0.56 0.00
677 1670.523 191.1 0.57 0.00
678 1673.199 291.3 0.58 0.01
679 1674.701 152.5 0.58 0.01
680 1676.039 163.8 0.57 0.01
681 1681.036 147.9 0.57 -0.00
682 1681.637 147.9 0.57 -0.01
683 1682.975 245.8 0.57 0.01
684 1685.842 257.1 0.59 -0.00
685 1686.060 116.1 0.60 -0.01
686 1686.333 218.5 0.59 -0.01
687 1687.398 120.6 0.59 -0.01
688 1689.829 223.0 0.57 0.01
689 1690.266 234.4 0.59 0.01
690 1692.669 175.2 0.59 0.02
691 1695.727 191.1 0.58 0.02
692 1696.300 109.2 0.58 0.02
693 1696.492 147.9 0.59 0.02
694 1697.911 257.1 0.58 0.02
695 1699.359 223.0 0.60 0.02
696 1700.943 234.4 0.59 0.01
697 1702.636 241.2 0.57 0.02
698 1705.257 170.7 0.56 0.01
699 1708.124 432.4 0.57 0.02
700 1709.790 163.8 0.56 0.01
701 1718.910 218.5 0.58 0.03
702 1720.767 279.9 0.58 0.02
703 1722.242 223.0 0.58 0.02
704 1724.863 273.1 0.58 0.02
705 1725.355 316.3 0.57 0.03
706 1736.387 284.4 0.56 0.05
707 1737.561 229.8 0.57 0.04
708 1738.544 229.8 0.57 0.04
709 1739.172 284.4 0.57 0.03
710 1743.404 136.5 0.58 0.01
711 1744.196 147.9 0.58 -0.01
712 1746.162 132.0 0.59 0.02
713 1747.418 163.8 0.61 -0.00
714 1747.637 175.2 0.61 -0.02
715 1750.368 241.2 0.60 0.00
716 1751.514 432.4 0.59 -0.03
717 1759.515 163.8 0.57 0.03
718 1760.580 245.8 0.55 0.03
719 1763.420 113.8 0.57 -0.00
720 1765.031 163.8 0.56 -0.00
721 1768.718 213.9 0.57 0.02
722 1770.301 147.9 0.55 0.01
723 1773.633 154.7 0.55 0.03
724 1774.643 304.9 0.54 0.04
725 1775.490 213.9 0.53 0.03
726 1777.865 175.2 0.53 0.02
727 1782.890 191.1 0.55 0.01
728 1786.085 113.8 0.54 -0.00
729 1789.798 250.3 0.56 0.00
730 1791.710 191.1 0.57 -0.00
731 1792.884 320.9 0.57 0.00
732 1795.451 304.9 0.56 0.02
733 1796.543 191.1 0.56 0.01
734 1803.452 152.5 0.53 0.04
735 1805.063 211.6 0.53 0.03
736 1806.155 113.8 0.55 0.02
737 1807.411 191.1 0.55 0.01
738 1811.453 218.5 0.55 0.01
739 1811.862 191.1 0.55 0.01
740 1812.545 163.8 0.55 0.01
741 1814.893 125.2 0.57 0.02
742 1820.791 223.0 0.53 0.03
743 1830.895 209.4 0.54 0.01
744 1832.479 136.5 0.56 0.01
745 1832.697 136.5 0.55 0.01
746 1836.520 170.7 0.56 0.01
747 1838.732 136.5 0.57 0.02
748 1839.578 175.2 0.57 0.03
749 1842.664 175.2 0.59 0.05
750 1846.378 191.1 0.59 0.03
751 1846.733 202.5 0.60 0.00
752 1851.621 163.8 0.57 0.02
753 1852.167 163.8 0.57 0.01
754 1852.658 284.4 0.59 0.01
755 1853.068 252.6 0.58 0.01
756 1855.826 295.8 0.60 0.01
757 1856.973 141.1 0.59 0.00
758 1862.953 186.6 0.55 -0.01
759 1863.718 323.1 0.58 -0.01
760 1871.773 97.8 0.57 0.02
761 1876.197 218.5 0.57 0.02
762 1881.658 163.8 0.57 0.02
763 1882.423 218.5 0.57 0.03
764 1882.668 163.8 0.57 0.04
765 1882.914 152.5 0.56 0.04
766 1885.781 143.4 0.58 0.02
767 1887.747 109.2 0.59 0.02
768 1888.375 163.8 0.58 0.04
769 1889.468 207.1 0.59 0.04
770 1896.567 223.0 0.60 0.02
771 1898.124 136.5 0.57 0.02
772 1901.264 213.9 0.60 0.03
773 1905.306 202.5 0.57 -0.00
774 1905.688 147.9 0.57 0.01
775 1906.316 125.2 0.58 0.01
776 1907.818 350.4 0.56 0.02
777 1908.419 175.2 0.57 0.02
778 1909.593 159.3 0.56 0.02
779 1911.368 191.1 0.54 0.01
780 1912.815 289.0 0.55 0.01
781 1918.167 175.2 0.57 0.02
782 1919.505 170.7 0.55 0.01
783 1924.830 541.6 0.56 0.02
784 1926.359 234.4 0.56 0.02
785 1926.714 213.9 0.56 0.02
786 1927.096 227.6 0.55 0.02
787 1930.428 218.5 0.56 0.01
788 1931.329 218.5 0.58 0.01
789 1934.879 207.1 0.59 0.02
790 1937.937 152.5 0.58 0.02
791 1939.193 159.3 0.58 0.04
792 1940.012 186.6 0.57 0.04
793 1940.886 154.7 0.58 0.04
794 1941.951 93.3 0.57 0.02
795 1942.415 125.2 0.58 0.02
796 1942.607 152.5 0.56 0.02
797 1945.665 234.4 0.57 0.04
798 1947.549 186.6 0.57 0.03
799 1950.990 245.8 0.54 0.04
800 1951.945 195.7 0.54 0.03
801 1955.004 229.8 0.56 0.01
802 1955.441 264.0 0.55 0.01
803 1957.898 157.0 0.58 0.02
804 1958.171 232.1 0.57 0.02
805 1959.127 241.2 0.57 0.03
806 1961.667 207.1 0.58 0.04
807 1964.124 198.0 0.58 0.04
808 1970.214 152.5 0.58 0.03
809 1970.541 234.4 0.56 0.01
810 1973.545 245.8 0.57 0.03
811 1976.549 409.6 0.57 0.04
812 1978.023 207.1 0.58 0.03
813 1978.761 186.6 0.57 0.04
814 1982.829 245.8 0.58 0.03
815 1986.188 195.7 0.56 0.01
816 1987.553 250.3 0.56 0.01
817 1988.591 202.5 0.56 0.01
818 1992.086 147.9 0.55 0.01
819 1994.189 234.4 0.56 0.00
820 1995.718 207.1 0.55 0.01
821 1996.756 179.8 0.54 -0.00
822 1997.493 163.8 0.57 0.02
823 1999.459 168.4 0.55 0.03
824 2000.114 257.1 0.55 0.03
825 2001.398 307.2 0.55 0.03
826 2001.753 186.6 0.55 0.03
827 2002.982 218.5 0.55 0.03
828 2009.617 213.9 0.56 0.02
829 2010.272 163.8 0.57 0.02
830 2011.010 225.3 0.57 0.02
831 2012.020 179.8 0.57 0.01
832 2012.430 202.5 0.57 0.02
833 2017.072 389.1 0.58 0.03
834 2018.819 125.2 0.57 0.02
835 2020.239 120.6 0.59 0.01
836 2020.676 229.8 0.58 0.02
837 2021.823 179.8 0.58 0.02
838 2022.151 120.6 0.56 0.02
839 2022.588 132.0 0.57 0.03
840 2024.308 284.4 0.57 0.04
841 2029.879 191.1 0.58 0.04
842 2032.118 202.5 0.58 0.01
843 2033.428 179.8 0.58 0.01
844 2035.476 268.5 0.57 0.02
845 2038.125 257.1 0.56 0.00
846 2042.303 304.9 0.57 0.01
847 2042.877 202.5 0.57 0.00
848 2044.570 163.8 0.58 0.02
849 2046.181 136.5 0.58 0.02
850 2047.710 136.5 0.58 0.02
851 2048.311 295.8 0.58 0.03
852 2050.468 557.5 0.58 0.02
853 2051.069 414.2 0.58 0.02
854 2051.342 193.4 0.58 0.02
855 2059.479 229.8 0.58 0.01
856 2061.909 191.1 0.56 0.01
857 2063.930 213.9 0.58 0.03
858 2064.722 343.6 0.57 0.01
859 2065.432 182.0 0.59 0.02
860 2072.122 295.8 0.59 0.04
861 2075.071 202.5 0.61 0.04
862 2075.317 93.3 0.57 0.03
863 2076.710 163.8 0.60 0.04
864 2076.901 175.2 0.59 0.04
865 2083.536 163.8 0.57 0.03
866 2086.321 245.8 0.56 0.00
867 2090.172 245.8 0.58 0.01
868 2093.148 284.4 0.58 0.03
869 2093.612 284.4 0.57 0.03
870 2097.517 273.1 0.57 0.05
871 2099.074 170.7 0.57 0.07
872 2104.562 507.4 0.58 0.06
873 2110.106 218.5 0.56 0.02
874 2114.884 248.0 0.53 -0.02
875 2120.673 170.7 0.55 -0.01
876 2121.192 295.8 0.55 0.00
877 2122.694 218.5 0.56 -0.01
878 2123.295 284.4 0.56 -0.01
879 2127.336 218.5 0.54 0.02
880 2129.439 152.5 0.52 0.01
881 2133.699 175.2 0.54 -0.00
882 2137.494 223.0 0.55 0.02
883 2137.876 229.8 0.54 0.02
884 2139.515 250.3 0.53 -0.00
885 2140.826 77.4 0.54 0.00
886 2141.153 125.2 0.54 -0.01
887 2142.546 141.1 0.54 -0.01
888 2143.747 141.1 0.55 -0.01
889 2151.857 241.2 0.53 -0.03
890 2153.114 207.1 0.53 -0.02
891 2155.025 218.5 0.54 -0.01
892 2157.100 143.4 0.54 -0.02
893 2158.657 179.8 0.56 -0.01
894 2159.121 168.4 0.56 0.00
895 2161.278 273.1 0.54 0.01
896 2162.343 175.2 0.56 0.02
897 2163.135 241.2 0.54 0.02
898 2164.664 127.4 0.55 0.03
899 2166.985 252.6 0.55 0.00
900 2170.262 213.9 0.53 0.01
901 2176.707 113.8 0.53 0.01
902 2177.990 209.4 0.52 0.04
903 2184.161 279.9 0.52 0.02
904 2185.335 291.3 0.52 0.03
905 2187.192 147.9 0.53 0.03
906 2190.469 405.0 0.51 0.02
907 2191.398 120.6 0.51 0.01
908 2195.575 229.8 0.54 0.01
909 2195.903 243.5 0.55 0.01
910 2198.443 163.8 0.56 -0.02
911 2198.798 198.0 0.57 -0.02
912 2200.655 136.5 0.55 0.01
913 2200.955 191.1 0.57 0.01
914 2205.570 207.1 0.57 -0.00
915 2206.198 234.4 0.57 0.01
916 2209.283 175.2 0.56 -0.01
917 2212.041 129.7 0.57 0.01
918 2212.888 316.3 0.57 0.01
919 2213.489 245.8 0.57 -0.00
920 2215.018 257.1 0.57 0.01
921 2218.158 311.8 0.56 0.03
922 2218.568 229.8 0.56 0.03
923 2218.841 132.0 0.56 0.03
924 2220.588 141.1 0.56 0.02
925 2222.118 245.8 0.55 0.04
926 2228.098 129.7 0.54 -0.01
927 2229.026 182.0 0.54 0.00
928 2229.600 268.5 0.54 -0.01
929 2230.173 284.4 0.55 -0.00
930 2232.549 295.8 0.58 -0.00
931 2233.313 175.2 0.57 -0.01
932 2238.556 289.0 0.58 0.02
933 2241.969 168.4 0.58 0.03
934 2244.127 163.8 0.57 0.02
935 2247.759 120.6 0.57 0.02
936 2248.796 202.5 0.59 0.03
937 2249.888 175.2 0.59 0.03
938 2251.117 229.8 0.57 0.02
939 2252.073 179.8 0.58 0.01
940 2256.087 143.4 0.55 0.01
941 2257.807 311.8 0.57 0.01
942 2262.859 245.8 0.61 0.03
943 2266.245 218.5 0.58 0.01
944 2266.655 211.6 0.58 0.01
945 2270.778 261.7 0.59 -0.00
946 2274.601 136.5 0.58 0.01
947 2277.004 175.2 0.57 0.00
948 2278.670 218.5 0.57 0.01
949 2280.800 175.2 0.55 0.01
950 2284.868 159.3 0.56 0.01
951 2285.687 120.6 0.56 -0.00
952 2286.152 179.8 0.57 0.01
953 2293.060 113.8 0.59 0.01
954 2294.644 245.8 0.59 0.03
955 2295.354 159.3 0.61 0.02
956 2296.747 252.6 0.61 0.00
957 2301.389 175.2 0.58 -0.01
958 2306.004 245.8 0.60 0.01
959 2306.850 332.2 0.57 0.00
960 2312.994 202.5 0.56 -0.01
961 2314.851 289.0 0.55 -0.01
962 2323.589 175.2 0.54 0.00
963 2326.129 163.8 0.53 -0.00
964 2326.566 141.1 0.53 0.01
965 2336.177 159.3 0.51 0.00
966 2337.352 273.1 0.51 0.00
967 2340.902 245.8 0.52 0.00
968 2342.540 202.5 0.52 0.00
969 2345.789 132.0 0.52 -0.00
970 2348.029 218.5 0.53 0.00
971 2349.121 343.6 0.52 -0.01
972 2350.377 218.5 0.52 0.00
973 2356.576 339.1 0.54 0.01
974 2357.504 409.6 0.52 0.01
975 2361.627 261.7 0.54 0.03
976 2364.030 229.8 0.55 0.02
977 2366.406 213.9 0.56 -0.02
978 2367.498 191.1 0.52 0.00
979 2371.376 163.8 0.57 -0.00
980 2374.653 273.1 0.58 0.03
981 2378.503 234.4 0.56 0.01
982 2378.912 152.5 0.58 0.01
983 2380.360 147.9 0.56 0.02
984 2388.907 186.6 0.57 0.01
985 2390.327 229.8 0.58 0.01
986 2390.791 398.2 0.58 0.01
987 2391.310 223.0 0.57 0.00
988 2393.494 147.9 0.57 0.01
989 2396.580 157.0 0.55 0.00
990 2400.430 157.0 0.56 -0.00
991 2401.113 147.9 0.54 -0.01
992 2402.642 143.4 0.57 0.00
993 2403.871 191.1 0.55 -0.00
994 2404.690 277.6 0.56 0.01
995 2405.045 213.9 0.57 0.01
996 2405.809 273.1 0.56 0.00
997 2406.164 152.5 0.56 0.01
998 2408.349 355.0 0.56 0.02
999 2410.206 175.2 0.55 0.00
1000 2411.462 168.4 0.56 0.00
1001 2415.094 279.9 0.56 0.01
1002 2419.026 300.4 0.57 0.02
1003 2420.309 191.1 0.56 0.00
1004 2421.402 213.9 0.57 0.00
1005 2423.559 202.5 0.54 0.00
1006 2424.706 125.2 0.56 -0.01
1007 2426.535 216.2 0.58 -0.01
1008 2428.966 234.4 0.58 0.03
1009 2430.194 170.7 0.58 0.02
1010 2430.495 129.7 0.55 0.02
1011 2430.686 127.4 0.58 0.01
1012 2431.450 159.3 0.57 0.02
1013 2432.461 163.8 0.58 0.01
1014 2435.328 125.2 0.57 0.00
1015 2439.451 118.3 0.58 0.01
1016 2440.161 300.4 0.57 -0.00
1017 2441.335 163.8 0.57 -0.01
1018 2442.045 218.5 0.57 0.00
1019 2442.564 191.1 0.57 0.01
1020 2447.561 184.3 0.57 0.00
1021 2448.026 234.4 0.57 -0.01
1022 2451.029 179.8 0.59 0.02
1023 2452.258 191.1 0.57 0.02
1024 2453.487 229.8 0.57 0.00
1025 2456.463 223.0 0.59 0.03
1026 2457.692 168.4 0.56 0.05
1027 2458.566 343.6 0.58 0.04
1028 2460.805 268.5 0.58 0.04
1029 2463.863 125.2 0.56 0.01
1030 2464.874 218.5 0.56 0.02
1031 2465.283 177.5 0.57 0.02
1032 2467.604 170.7 0.57 0.02
1033 2472.356 229.8 0.58 0.01
1034 2474.185 179.8 0.57 0.02
1035 2476.479 377.7 0.56 0.02
1036 2480.247 147.9 0.56 0.02
1037 2480.848 323.1 0.55 0.02
1038 2483.033 368.6 0.56 0.03
1039 2484.862 316.3 0.55 0.02
1040 2486.118 168.4 0.55 0.02
1041 2488.549 370.9 0.54 0.02
1042 2489.477 366.4 0.55 0.02
1043 2490.515 229.8 0.55 0.02
1044 2494.228 116.1 0.54 0.00
1045 2498.215 355.0 0.53 0.01
1046 2500.755 507.4 0.53 0.01
1047 2501.328 229.8 0.53 0.01
1048 2504.468 218.5 0.55 0.01
1049 2507.581 273.1 0.54 0.01
1050 2508.619 132.0 0.53 0.00
1051 2512.579 152.5 0.56 0.02
1052 2514.818 175.2 0.55 0.02
1053 2516.620 202.5 0.54 0.01
1054 2517.740 198.0 0.55 0.01
1055 2518.886 459.7 0.55 -0.01
1056 2519.869 223.0 0.55 -0.01
1057 2521.699 295.8 0.56 -0.00
1058 2526.205 168.4 0.57 0.01
1059 2526.887 261.7 0.57 0.00
1060 2533.359 175.2 0.57 0.01
1061 2540.431 339.1 0.57 0.02
1062 2542.944 179.8 0.57 0.01
1063 2546.657 132.0 0.55 0.01
1064 2549.060 191.1 0.55 0.01
1065 2549.961 141.1 0.56 0.01
1066 2550.153 125.2 0.57 0.01
1067 2552.009 116.1 0.55 0.01
1068 2553.620 236.7 0.56 0.02
1069 2554.249 141.1 0.56 0.02
1070 2554.522 116.1 0.57 0.03
1071 2556.269 241.2 0.56 0.02
1072 2557.553 186.6 0.56 0.01
1073 2560.311 152.5 0.58 0.00
1074 2561.894 109.2 0.58 0.01
1075 2562.741 179.8 0.58 0.02
1076 2567.055 136.5 0.59 0.02
1077 2576.012 97.8 0.58 0.04
1078 2576.940 202.5 0.59 0.00
1079 2598.540 223.0 0.60 0.01
1080 2604.902 136.5 0.58 0.00
1081 2605.121 143.4 0.60 0.00
1082 2608.043 234.4 0.60 0.00
1083 2609.681 218.5 0.59 0.00
1084 2610.446 163.8 0.60 0.01
1085 2610.910 268.5 0.60 0.01
1086 2613.777 147.9 0.58 0.01
1087 2616.399 136.5 0.59 0.01
1088 2624.181 175.2 0.58 -0.01
1089 2625.027 179.8 0.59 0.01
1090 2626.912 136.5 0.57 -0.00
1091 2630.352 191.1 0.58 0.00
1092 2631.799 159.3 0.57 0.01
1093 2635.295 143.4 0.57 0.02
1094 2639.281 159.3 0.58 0.02
1095 2639.828 268.5 0.56 0.02
1096 2640.155 163.8 0.57 0.02
1097 2642.777 113.8 0.56 0.02
1098 2648.347 250.3 0.56 0.01
1099 2649.085 229.8 0.56 0.01
1100 2650.313 295.8 0.56 0.02
1101 2653.617 316.3 0.53 0.02
1102 2654.573 295.8 0.56 0.01
1103 2654.874 159.3 0.56 0.02
1104 2656.348 218.5 0.56 0.02
1105 2656.922 179.8 0.56 0.02
1106 2658.287 229.8 0.56 0.04
1107 2661.291 234.4 0.55 0.03
1108 2663.694 386.8 0.56 0.02
1109 2667.298 309.5 0.56 -0.00
1110 2668.117 261.7 0.57 0.01
1111 2669.210 198.0 0.55 0.00
1112 2669.674 223.0 0.55 0.00
1113 2670.875 213.9 0.54 -0.00
1114 2671.995 229.8 0.55 0.00
1115 2675.791 261.7 0.56 -0.01
1116 2677.565 120.6 0.55 -0.01
1117 2677.975 202.5 0.55 -0.01
1118 2679.067 132.0 0.56 -0.00
1119 2679.723 225.3 0.56 -0.00
1120 2680.487 254.9 0.55 -0.01
1121 2683.191 457.4 0.55 -0.00
1122 2684.419 245.8 0.56 -0.00
1123 2685.047 170.7 0.55 -0.00
1124 2685.375 213.9 0.55 -0.00
1125 2685.594 125.2 0.56 -0.01
1126 2688.324 152.5 0.56 -0.01
1127 2692.748 163.8 0.57 0.01
1128 2696.380 218.5 0.57 0.01
1129 2697.363 414.2 0.56 0.02
1130 2698.073 168.4 0.58 0.02
1131 2699.056 421.0 0.56 0.01
1132 2709.623 120.6 0.58 0.02
1133 2712.846 245.8 0.58 0.02
1134 2714.102 179.8 0.59 0.01
1135 2716.751 268.5 0.56 0.01
1136 2718.007 295.8 0.56 0.01
1137 2721.147 300.4 0.56 0.01
1138 2723.413 163.8 0.55 0.01
1139 2734.363 202.5 0.56 0.00
1140 2736.357 147.9 0.58 -0.01
1141 2742.118 191.1 0.57 -0.01
1142 2743.429 116.1 0.56 0.00
1143 2743.593 75.1 0.55 0.00
1144 2744.003 245.8 0.57 -0.00
1145 2744.576 207.1 0.55 0.01
1146 2750.256 175.2 0.56 0.01
1147 2750.775 157.0 0.56 0.01
1148 2753.969 168.4 0.57 0.01
1149 2754.324 136.5 0.56 0.00
1150 2757.656 245.8 0.56 -0.01
1151 2757.956 207.1 0.56 -0.01
1152 2758.775 136.5 0.56 -0.00
1153 2763.035 141.1 0.56 0.01
1154 2763.691 218.5 0.56 0.01
1155 2764.838 125.2 0.56 0.01
1156 2765.438 136.5 0.56 0.02
1157 2765.903 518.8 0.56 0.03
1158 2766.339 109.2 0.57 0.01
1159 2767.350 186.6 0.57 0.02
1160 2768.005 198.0 0.57 0.03
1161 2771.309 277.6 0.57 0.03
1162 2775.023 175.2 0.57 0.04
1163 2777.808 191.1 0.57 0.04
1164 2779.938 136.5 0.57 0.02
1165 2781.331 182.0 0.58 0.03
1166 2782.532 136.5 0.57 0.02
1167 2784.061 245.8 0.57 0.04
1168 2786.792 88.7 0.55 0.02
1169 2789.468 241.2 0.55 -0.00
1170 2793.482 273.1 0.55 0.01
1171 2797.578 168.4 0.55 0.01
1172 2798.589 88.7 0.56 0.01
1173 2798.916 250.3 0.55 0.01
1174 2801.483 282.2 0.56 0.03
1175 2802.384 261.7 0.57 0.03
1176 2802.930 175.2 0.56 0.03
1177 2805.497 207.1 0.55 0.04
1178 2808.856 136.5 0.55 -0.00
1179 2811.095 152.5 0.54 -0.01
1180 2813.143 179.8 0.55 -0.02
1181 2813.471 186.6 0.56 -0.01
1182 2819.178 218.5 0.56 -0.01
1183 2822.728 125.2 0.55 0.01
1184 2823.492 147.9 0.56 0.01
1185 2825.649 211.6 0.55 0.01
1186 2827.097 234.4 0.55 0.00
1187 2830.428 245.8 0.53 -0.00
1188 2830.783 279.9 0.55 0.01
1189 2831.220 250.3 0.55 0.00
1190 2834.879 136.5 0.54 0.02
1191 2835.616 109.2 0.54 0.01
1192 2838.839 257.1 0.54 0.01
1193 2841.214 307.2 0.54 -0.03
1194 2841.815 202.5 0.56 -0.04
1195 2847.003 172.9 0.54 0.01
1196 2857.407 179.8 0.55 0.01
1197 2859.756 191.1 0.56 0.02
1198 2864.234 207.1 0.56 0.03
1199 2865.271 213.9 0.58 0.03
1200 2872.344 250.3 0.56 0.03
1201 2875.402 120.6 0.55 0.03
1202 2881.956 229.8 0.58 0.04
1203 2882.775 355.0 0.52 -0.00
1204 2883.731 132.0 0.54 0.03
1205 2886.762 175.2 0.53 0.01
1206 2887.171 191.1 0.54 0.01
1207 2888.318 295.8 0.52 -0.00
1208 2893.807 125.2 0.49 -0.01
1209 2896.265 277.6 0.50 -0.00
1210 2899.814 132.0 0.51 -0.02
1211 2900.279 152.5 0.51 0.00
1212 2903.064 245.8 0.51 -0.01
1213 2903.392 245.8 0.52 -0.02
1214 2904.812 289.0 0.51 -0.03
1215 2908.334 198.0 0.50 -0.03
1216 2909.044 229.8 0.51 -0.02
1217 2911.392 168.4 0.51 -0.01
1218 2912.758 191.1 0.52 -0.01
1219 2914.423 179.8 0.53 -0.01
1220 2916.198 257.1 0.53 -0.03
1221 2917.946 163.8 0.53 -0.02
1222 2918.164 157.0 0.51 -0.02
1223 2918.629 245.8 0.51 -0.01
1224 2919.584 218.5 0.52 -0.01
1225 2920.021 159.3 0.54 0.00
1226 2922.643 316.3 0.52 0.00
1227 2924.500 198.0 0.52 -0.02
1228 2925.838 350.4 0.52 -0.02
1229 2930.261 261.7 0.52 -0.02
1230 2931.026 234.4 0.52 -0.02
1231 2937.416 245.8 0.54 -0.01
1232 2940.228 261.7 0.54 -0.02
1233 2941.839 145.6 0.54 -0.00
1234 2943.751 252.6 0.54 -0.00
1235 2951.834 370.9 0.52 0.00
1236 2957.295 289.0 0.52 -0.01
1237 2958.742 136.5 0.50 -0.02
1238 2959.206 191.1 0.51 -0.01
1239 2964.586 377.7 0.48 -0.00
1240 2965.105 316.3 0.49 -0.00
1241 2965.951 86.5 0.51 0.00
1242 2966.470 109.2 0.48 -0.01
1243 2968.272 348.2 0.49 -0.01
1244 2968.818 289.0 0.48 -0.02
1245 2972.505 229.8 0.53 -0.00
1246 2973.351 186.6 0.53 -0.02
1247 2974.334 136.5 0.53 -0.01
1248 2978.976 104.7 0.52 -0.02
1249 2979.987 66.0 0.53 -0.02
1250 2982.909 339.1 0.52 -0.02
1251 2983.591 177.5 0.53 -0.02
1252 2986.322 261.7 0.51 -0.03
1253 2987.633 416.4 0.52 -0.03
1254 2999.293 257.1 0.54 0.00
1255 3000.685 198.0 0.54 0.00
1256 3007.457 257.1 0.51 0.00
1257 3024.169 245.8 0.51 0.00
1258 3026.053 266.2 0.56 0.02
1259 3029.658 168.4 0.54 -0.00
1260 3036.457 257.1 0.54 -0.02
1261 3038.915 198.0 0.52 -0.02
1262 3045.386 398.2 0.50 0.01
1263 3049.236 289.0 0.53 0.00
1264 3050.793 218.5 0.53 0.03
1265 3052.076 209.4 0.53 0.03
1266 3057.155 218.5 0.52 0.02
1267 3057.483 184.3 0.51 0.02
1268 3064.009 261.7 0.50 0.03
1269 3064.583 225.3 0.50 0.04
1270 3065.238 295.8 0.51 0.03
1271 3066.658 116.1 0.49 0.03
1272 3067.122 141.1 0.54 0.02
1273 3071.792 382.3 0.50 0.03
1274 3077.581 241.2 0.51 0.03
1275 3078.810 207.1 0.50 0.02
1276 3085.991 273.1 0.50 0.04
1277 3088.312 311.8 0.49 0.02
1278 3088.858 284.4 0.49 -0.00
1279 3097.897 277.6 0.54 -0.00
1280 3098.552 257.1 0.55 -0.00
1281 3098.935 245.8 0.54 -0.00
1282 3100.355 152.5 0.55 -0.00
1283 3104.232 113.8 0.54 0.01
1284 3106.471 191.1 0.54 0.02
1285 3107.509 147.9 0.54 0.01
1286 3113.134 168.4 0.55 0.04
1287 3113.626 191.1 0.55 0.04
1288 3118.541 136.5 0.55 0.05
1289 3119.060 370.9 0.56 0.05
1290 3120.944 163.8 0.55 0.04
1291 3124.166 186.6 0.54 0.06
1292 3127.443 223.0 0.54 0.06
1293 3132.003 266.2 0.54 0.05
1294 3132.631 432.4 0.54 0.05
1295 3136.454 284.4 0.54 0.03
1296 3141.069 250.3 0.54 0.02
1297 3141.751 193.4 0.55 0.03
1298 3142.188 168.4 0.54 0.02
1299 3143.581 316.3 0.56 0.03
1300 3143.881 248.0 0.56 0.03
1301 3144.127 198.0 0.56 0.03
1302 3147.622 229.8 0.58 0.01
1303 3148.387 97.8 0.58 0.01
1304 3156.415 152.5 0.56 0.00
1305 3161.876 229.8 0.58 0.03
1306 3163.324 147.9 0.57 0.02
1307 3170.888 382.3 0.54 0.01
1308 3174.356 136.5 0.56 0.01
1309 3182.029 398.2 0.56 0.04
1310 3183.476 284.4 0.54 0.05
1311 3184.568 289.0 0.54 0.03
1312 3185.278 152.5 0.55 0.05
1313 3190.603 195.7 0.55 0.04
1314 3198.604 241.2 0.54 0.04
1315 3203.273 191.1 0.55 0.01
1316 3206.195 209.4 0.53 0.00
1317 3212.230 279.9 0.53 -0.00
1318 3218.838 234.4 0.54 -0.02
1319 3221.159 241.2 0.54 -0.01
1320 3222.224 307.2 0.54 -0.00
1321 3224.491 234.4 0.54 0.02
1322 3224.928 200.2 0.55 0.02
1323 3230.990 241.2 0.55 0.02
1324 3232.546 113.8 0.54 0.02
1325 3234.075 245.8 0.52 0.01
1326 3240.110 175.2 0.55 0.02
1327 3241.011 147.9 0.54 0.02
1328 3242.923 245.8 0.53 0.02
1329 3243.496 159.3 0.52 0.01
1330 3246.882 334.5 0.52 0.00
1331 3249.067 207.1 0.54 0.02
1332 3254.992 241.2 0.53 0.00
1333 3262.829 152.5 0.55 0.01
1334 3266.161 334.5 0.57 -0.00
1335 3269.082 343.6 0.55 -0.00
1336 3270.284 307.2 0.54 -0.01
1337 3273.260 355.0 0.53 -0.00
1338 3279.104 143.4 0.54 0.02
1339 3279.377 136.5 0.54 0.02
1340 3282.736 195.7 0.55 0.03
1341 3285.849 120.6 0.54 0.02
1342 3290.163 245.8 0.54 0.03
1343 3291.419 245.8 0.54 0.03
1344 3293.058 245.8 0.56 0.03
1345 3297.809 207.1 0.58 0.02
1346 3306.465 163.8 0.56 0.04
1347 3307.039 300.4 0.55 0.03
1348 3308.541 179.8 0.57 0.01
1349 3312.473 343.6 0.57 0.00
1350 3312.937 309.5 0.56 0.00
1351 3313.183 213.9 0.55 0.00
1352 3313.729 159.3 0.57 0.00
1353 3315.258 191.1 0.57 0.00
1354 3316.050 409.6 0.59 -0.00
1355 3316.815 218.5 0.58 -0.00
1356 3320.992 125.2 0.58 -0.00
1357 3323.259 138.8 0.57 0.02
1358 3323.942 234.4 0.58 0.03
1359 3324.488 311.8 0.57 0.02
1360 3325.990 118.3 0.57 0.03
1361 3328.666 289.0 0.58 0.03
1362 3329.512 191.1 0.58 0.03
1363 3330.987 168.4 0.58 0.04
1364 3332.052 186.6 0.60 0.04
1365 3333.717 132.0 0.56 0.04
1366 3334.045 355.0 0.59 0.04
1367 3335.820 147.9 0.59 0.02
1368 3336.721 245.8 0.58 0.03
1369 3340.599 245.8 0.59 0.04
1370 3342.346 163.8 0.58 0.03
1371 3346.688 207.1 0.58 0.04
1372 3350.921 207.1 0.58 0.02
1373 3356.355 132.0 0.57 0.03
1374 3356.600 186.6 0.58 0.03
1375 3357.501 141.1 0.57 0.01
1376 3360.259 136.5 0.57 0.02
1377 3363.700 264.0 0.57 0.02
1378 3367.059 191.1 0.55 0.01
1379 3368.752 157.0 0.55 0.01
1380 3371.510 163.8 0.55 0.01
1381 3372.220 300.4 0.56 0.01
1382 3373.121 109.2 0.55 0.02
1383 3373.749 132.0 0.53 0.02
1384 3377.845 109.2 0.56 0.03
1385 3378.555 132.0 0.55 0.02
1386 3383.634 186.6 0.57 0.03
1387 3386.474 546.1 0.56 0.02
1388 3388.276 168.4 0.55 0.01
1389 3393.328 311.8 0.54 0.00
1390 3393.683 250.3 0.54 0.00
1391 3394.748 234.4 0.55 0.03
1392 3397.670 245.8 0.54 0.04
1393 3399.472 234.4 0.52 -0.00
1394 3399.963 163.8 0.54 0.01
1395 3401.820 382.3 0.54 0.02
1396 3402.284 279.9 0.54 0.02
1397 3403.540 323.1 0.54 0.00
1398 3405.179 198.0 0.54 0.02
1399 3414.081 179.8 0.53 -0.01
1400 3414.627 245.8 0.53 -0.01
1401 3417.931 125.2 0.55 0.01
1402 3419.433 273.1 0.55 0.00
1403 3419.952 229.8 0.55 0.00
1404 3420.662 229.8 0.55 0.01
1405 3422.764 147.9 0.56 0.01
1406 3424.539 284.4 0.56 0.03
1407 3429.564 136.5 0.56 0.02
1408 3430.929 320.9 0.55 0.01
1409 3434.970 136.5 0.55 0.01
1410 3436.500 202.5 0.55 0.01
1411 3441.388 316.3 0.55 0.02
1412 3444.555 245.8 0.57 0.02
1413 3447.450 229.8 0.55 0.01
1414 3450.754 266.2 0.57 0.04
1415 3455.942 159.3 0.57 0.01
1416 3457.608 147.9 0.56 0.01
1417 3460.966 136.5 0.54 0.03
1418 3471.152 289.0 0.59 0.02
1419 3474.947 295.8 0.58 0.03
1420 3478.115 289.0 0.57 0.01
1421 3479.207 250.3 0.60 0.01
1422 3481.310 289.0 0.58 0.00
1423 3482.047 168.4 0.56 0.00
1424 3484.778 295.8 0.58 0.03
1425 3486.471 218.5 0.58 0.02
1426 3489.420 170.7 0.57 0.00
1427 3491.823 163.8 0.55 -0.00
1428 3492.096 191.1 0.56 -0.00
1429 3495.154 300.4 0.55 0.00
1430 3499.769 202.5 0.56 0.03
1431 3501.462 202.5 0.58 0.04
1432 3502.691 163.8 0.58 0.04
1433 3503.401 143.4 0.56 0.05
1434 3506.268 209.4 0.58 0.02
1435 3508.780 311.8 0.58 0.06
1436 3509.736 218.5 0.59 0.05
1437 3513.122 234.4 0.58 0.05
1438 3515.088 218.5 0.57 0.04
1439 3519.567 218.5 0.58 0.04
1440 3524.400 184.3 0.58 0.04
1441 3524.782 307.2 0.56 0.04
1442 3528.468 355.0 0.57 0.04
1443 3529.288 154.7 0.55 0.02
1444 3529.533 238.9 0.56 0.04
1445 3533.083 218.5 0.52 0.04
1446 3534.886 316.3 0.53 0.04
1447 3536.879 257.1 0.54 -0.00
1448 3547.174 241.2 0.52 0.03
1449 3550.696 50.1 0.50 0.02
1450 3554.355 241.2 0.50 0.03
1451 3556.076 175.2 0.50 0.03
1452 3556.540 186.6 0.50 0.02
1453 3560.745 268.5 0.50 0.03
1454 3561.755 136.5 0.50 0.03
1455 3566.971 261.7 0.51 0.03
1456 3570.493 234.4 0.52 0.03
1457 3570.848 132.0 0.53 0.03
1458 3571.804 120.6 0.51 0.01
1459 3574.180 202.5 0.53 0.03
1460 3576.446 175.2 0.55 0.03
1461 3580.925 186.6 0.55 0.03
1462 3582.945 175.2 0.54 0.04
1463 3599.329 182.0 0.54 0.07
1464 3606.702 241.2 0.54 0.07
1465 3608.122 179.8 0.54 0.05
1466 3609.078 261.7 0.53 0.05
1467 3612.682 136.5 0.55 0.01
1468 3613.037 177.5 0.55 0.01
1469 3614.430 93.3 0.55 0.01
1470 3616.150 109.2 0.56 0.02
1471 3617.324 316.3 0.55 0.03
1472 3619.673 339.1 0.54 0.01
1473 3628.165 195.7 0.56 0.01
1474 3640.125 202.5 0.54 0.04
1475 3647.881 207.1 0.55 0.03
1476 3648.918 234.4 0.55 0.03
1477 3650.284 88.7 0.54 0.02
1478 3657.492 223.0 0.57 0.01
1479 3658.312 234.4 0.57 0.01
1480 3658.585 193.4 0.57 0.01
1481 3658.803 152.5 0.57 0.03
1482 3660.578 241.2 0.56 0.05
1483 3661.097 195.7 0.56 0.04
1484 3664.019 109.2 0.55 0.06
1485 3667.268 175.2 0.57 0.03
1486 3668.661 179.8 0.58 0.03
1487 3672.866 147.9 0.57 0.04
1488 3675.433 109.2 0.56 0.03
1489 3676.061 191.1 0.59 0.04
1490 3677.508 370.9 0.58 0.04
1491 3678.628 175.2 0.57 0.04
1492 3684.062 202.5 0.59 0.01
1493 3684.308 170.7 0.58 0.01
1494 3686.929 191.1 0.57 -0.00
1495 3693.455 257.1 0.58 0.05
1496 3696.268 202.5 0.60 0.06
1497 3705.170 109.2 0.57 0.04
1498 3708.474 175.2 0.58 0.04
1499 3709.129 261.7 0.58 0.04
1500 3712.324 109.2 0.61 0.05
1501 3717.458 109.2 0.58 0.03
1502 3719.014 154.7 0.60 0.03
1503 3719.779 327.7 0.60 0.02
1504 3720.489 102.4 0.58 0.02
1505 3724.558 175.2 0.58 0.01
1506 3725.104 104.7 0.58 0.00
1507 3725.486 147.9 0.57 -0.01
1508 3727.780 147.9 0.57 -0.01
1509 3728.872 109.2 0.58 -0.01
1510 3730.483 61.4 0.57 -0.02
1511 3734.142 225.3 0.55 0.01
1512 3735.699 186.6 0.55 0.01
1513 3738.375 186.6 0.57 0.02
1514 3738.593 152.5 0.57 0.02
1515 3739.112 257.1 0.56 0.03
1516 3740.532 191.1 0.56 0.03
1517 3746.021 147.9 0.57 0.02
1518 3752.137 241.2 0.56 0.01
1519 3754.103 154.7 0.54 0.01
1520 3755.633 125.2 0.54 0.01
1521 3755.960 145.6 0.56 0.01
1522 3763.005 97.8 0.58 0.02
1523 3771.744 234.4 0.58 0.04
1524 3773.136 202.5 0.60 0.03
1525 3774.665 225.3 0.59 0.03
1526 3778.324 207.1 0.60 0.02
1527 3780.482 50.1 0.60 0.02
1528 3780.864 234.4 0.59 0.02
1529 3781.164 136.5 0.58 0.01
1530 3781.547 257.1 0.58 0.02
1531 3782.093 261.7 0.58 0.02
1532 3785.561 168.4 0.58 0.01
1533 3787.800 186.6 0.60 -0.01
1534 3789.165 300.4 0.60 -0.01
1535 3790.066 147.9 0.61 -0.02
1536 3790.967 175.2 0.60 0.00
1537 3794.135 245.8 0.59 0.01
1538 3795.937 207.1 0.58 0.00
1539 3804.839 116.1 0.58 0.02
1540 3806.641 213.9 0.58 0.02
1541 3811.666 213.9 0.58 0.01
1542 3813.769 218.5 0.57 -0.00
1543 3814.451 266.2 0.58 -0.01
1544 3816.062 202.5 0.57 -0.01
1545 3818.820 218.5 0.55 -0.01
1546 3822.425 273.1 0.56 -0.01
1547 3826.493 163.8 0.57 -0.01
1548 3830.071 225.3 0.58 0.00
1549 3837.334 202.5 0.57 0.02
1550 3840.338 136.5 0.57 0.01
1551 3840.993 143.4 0.57 0.02
1552 3841.376 147.9 0.56 0.01
1553 3848.967 191.1 0.53 0.00
1554 3855.466 179.8 0.56 -0.00
1555 3855.821 159.3 0.56 -0.00
1556 3861.774 163.8 0.56 0.01
1557 3864.286 188.9 0.56 0.01
1558 3865.351 284.4 0.57 0.00
1559 3866.989 104.7 0.56 0.01
1560 3867.508 234.4 0.56 0.01
1561 3869.583 198.0 0.56 0.01
1562 3869.966 163.8 0.55 0.01
1563 3872.096 170.7 0.55 0.02
1564 3873.679 202.5 0.54 0.03
1565 3874.690 218.5 0.55 0.03
1566 3876.137 147.9 0.55 0.02
1567 3876.847 175.2 0.54 0.02
1568 3879.605 127.4 0.53 0.02
1569 3880.615 129.7 0.55 0.01
1570 3884.575 163.8 0.56 0.00
1571 3884.984 184.3 0.55 0.00
1572 3886.295 100.1 0.57 -0.00
1573 3887.251 241.2 0.55 -0.01
1574 3891.019 207.1 0.56 0.02
1575 3892.193 159.3 0.55 0.02
1576 3892.603 97.8 0.54 0.02
1577 3895.525 163.8 0.54 0.03
1578 3902.106 261.7 0.56 0.02
1579 3904.864 245.8 0.55 0.01
1580 3906.010 225.3 0.55 0.00
1581 3917.370 136.5 0.55 0.03
1582 3917.862 159.3 0.55 0.02
1583 3922.859 104.7 0.56 0.01
1584 3929.085 132.0 0.54 0.00
1585 3929.576 163.8 0.54 -0.00
1586 3932.143 202.5 0.54 -0.01
1587 3933.727 320.9 0.56 0.01
1588 3934.901 191.1 0.56 0.01
1589 3935.584 273.1 0.54 0.02
1590 3938.642 186.6 0.56 0.01
1591 3939.024 170.7 0.56 0.01
1592 3940.390 327.7 0.55 0.01
1593 3944.895 163.8 0.56 0.01
1594 3950.602 157.0 0.57 0.04
1595 3951.531 612.1 0.55 0.03
1596 3954.425 398.2 0.56 0.03
1597 3955.436 116.1 0.57 0.03
1598 3957.292 487.0 0.57 0.02
1599 3959.368 343.6 0.56 0.02
1600 3960.269 147.9 0.56 0.02
1601 3962.508 154.7 0.57 0.01
1602 3966.058 136.5 0.57 0.02
1603 3967.095 307.2 0.57 0.02
1604 3967.915 857.9 0.57 0.01
1605 3970.481 179.8 0.57 0.01
1606 3970.836 152.5 0.56 0.01
1607 3973.021 448.3 0.58 0.02
1608 3973.731 179.8 0.56 -0.00
1609 3978.346 125.2 0.55 0.00
1610 3982.169 345.9 0.56 0.01
1611 3986.592 129.7 0.56 -0.00
1612 3991.098 168.4 0.57 0.01
1613 3994.703 93.3 0.53 0.04
1614 3997.952 268.5 0.55 0.05
1615 3998.935 141.1 0.54 0.04
1616 4000.382 218.5 0.55 0.03
1617 4001.420 100.1 0.54 0.03
1618 4010.540 273.1 0.54 0.04
1619 4010.786 109.2 0.54 0.03
1620 4012.479 284.4 0.54 0.03
1621 4016.684 245.8 0.54 0.03
1622 4017.449 225.3 0.55 0.03
1623 4018.132 182.0 0.54 0.03
1624 4018.978 252.6 0.55 0.05
1625 4019.415 202.5 0.56 0.04
1626 4025.723 195.7 0.55 0.04
1627 4030.611 152.5 0.55 0.02
1628 4038.147 179.8 0.54 0.03
1629 4040.496 179.8 0.55 0.01
1630 4041.042 152.5 0.54 -0.00
1631 4043.663 179.8 0.55 -0.00
1632 4045.575 152.5 0.56 0.01
1633 4050.353 179.8 0.56 0.01
1634 4051.992 175.2 0.57 0.01
1635 4053.057 207.1 0.55 0.02
1636 4053.303 136.5 0.57 0.01
1637 4053.603 252.6 0.57 0.01
1638 4054.695 234.4 0.58 -0.00
1639 4060.020 229.8 0.57 0.03
1640 4063.379 120.6 0.56 0.02
1641 4064.853 234.4 0.56 0.01
1642 4071.134 163.8 0.57 0.03
1643 4071.571 223.0 0.59 0.03
1644 4074.274 225.3 0.59 0.03
1645 4074.766 163.8 0.58 0.02
1646 4077.196 179.8 0.59 0.00
1647 4085.115 234.4 0.59 -0.01
1648 4088.965 186.6 0.59 -0.01
1649 4089.211 193.4 0.60 -0.01
1650 4089.539 254.9 0.59 -0.01
1651 4089.921 268.5 0.60 -0.01
1652 4090.522 254.9 0.60 -0.02
1653 4091.587 339.1 0.60 -0.02
1654 4097.976 209.4 0.58 0.01
1655 4101.881 132.0 0.59 0.02
1656 4106.988 257.1 0.59 0.02
1657 4108.244 132.0 0.57 0.01
1658 4109.391 163.8 0.59 0.01
1659 4118.538 147.9 0.56 0.01
1660 4118.948 261.7 0.56 -0.00
1661 4120.887 179.8 0.55 0.01
1662 4124.355 393.7 0.56 -0.02
1663 4125.201 234.4 0.56 -0.02
1664 4137.926 120.6 0.57 0.02
1665 4142.568 218.5 0.57 0.00
1666 4149.477 273.1 0.57 0.01
1667 4152.399 116.1 0.56 0.02
1668 4158.106 191.1 0.56 0.01
1669 4158.870 229.8 0.57 0.01
1670 4160.126 238.9 0.56 0.02
1671 4160.399 245.8 0.56 0.02
1672 4162.748 136.5 0.56 0.02
1673 4163.703 273.1 0.56 -0.00
1674 4168.373 421.0 0.55 0.01
1675 4168.810 345.9 0.57 0.01
1676 4171.568 234.4 0.55 0.00
1677 4171.923 254.9 0.55 0.00
1678 4173.916 245.8 0.56 0.00
1679 4176.183 186.6 0.57 -0.00
1680 4177.220 159.3 0.57 -0.00
1681 4177.739 339.1 0.57 0.00
1682 4179.159 147.9 0.57 0.01
1683 4180.524 102.4 0.57 0.00
1684 4184.375 207.1 0.56 0.01
1685 4185.085 261.7 0.56 0.01
1686 4190.246 229.8 0.56 0.02
1687 4191.747 109.2 0.56 0.01
1688 4192.812 425.5 0.55 -0.01
1689 4193.359 191.1 0.57 -0.01
1690 4195.898 125.2 0.57 -0.02
1691 4197.236 202.5 0.53 -0.02
1692 4200.786 132.0 0.57 -0.01
1693 4202.342 202.5 0.55 -0.03
1694 4207.585 191.1 0.54 0.00
1695 4211.381 245.8 0.56 0.00
1696 4213.129 234.4 0.56 0.00
1697 4215.340 152.5 0.54 0.01
1698 4219.191 273.1 0.55 0.01
1699 4219.928 125.2 0.55 0.01
1700 4222.085 421.0 0.54 0.01
1701 4223.915 213.9 0.53 -0.00
1702 4228.147 223.0 0.56 0.01
1703 4229.239 273.1 0.57 0.02
1704 4232.216 261.7 0.56 0.03
1705 4233.827 225.3 0.56 0.03
1706 4239.889 152.5 0.54 0.00
1707 4240.572 163.8 0.54 0.01
1708 4241.855 163.8 0.57 0.01
1709 4242.975 195.7 0.55 0.01
1710 4244.285 191.1 0.56 0.01
1711 4247.999 147.9 0.54 0.03
1712 4251.167 175.2 0.55 0.03
1713 4255.863 125.2 0.56 0.03
1714 4257.065 393.7 0.56 0.04
1715 4260.970 163.8 0.57 0.03
1716 4262.963 132.0 0.57 0.03
1717 4263.564 202.5 0.57 0.04
1718 4270.063 97.8 0.56 0.03
1719 4273.231 284.4 0.56 0.04
1720 4277.163 202.5 0.54 0.05
1721 4290.243 273.1 0.53 0.02
1722 4293.301 207.1 0.52 0.01
1723 4296.168 120.6 0.52 0.01
1724 4296.578 270.8 0.50 0.01
1725 4298.298 175.2 0.52 0.02
1726 4305.589 175.2 0.54 0.03
1727 4306.845 241.2 0.51 0.03
1728 4312.334 179.8 0.52 0.02
1729 4313.289 175.2 0.54 0.02
1730 4315.583 300.4 0.52 0.01
1731 4322.847 304.9 0.54 0.02
1732 4323.174 264.0 0.54 0.02
1733 4324.785 218.5 0.54 0.03
1734 4325.168 218.5 0.54 0.03
1735 4325.850 241.2 0.54 0.02
1736 4326.096 186.6 0.54 0.02
1737 4327.735 141.1 0.55 0.00
1738 4328.936 132.0 0.55 0.01
1739 4333.660 327.7 0.55 -0.01
1740 4334.916 159.3 0.56 -0.00
1741 4337.428 213.9 0.55 0.00
1742 4338.084 268.5 0.54 0.00
1743 4339.913 359.5 0.54 0.00
1744 4340.760 191.1 0.54 0.01
1745 4341.497 225.3 0.54 0.02
1746 4343.299 234.4 0.53 0.02
1747 4343.600 261.7 0.53 0.01
1748 4346.330 136.5 0.52 0.02
1749 4355.096 245.8 0.54 -0.01
1750 4357.444 202.5 0.53 0.01
1751 4358.564 241.2 0.52 0.02
1752 4358.973 261.7 0.51 0.02
1753 4360.858 441.5 0.51 0.03
1754 4363.506 175.2 0.51 0.02
1755 4367.630 179.8 0.51 0.00
1756 4368.258 168.4 0.48 0.01
1757 4368.804 191.1 0.49 0.01
1758 4370.688 218.5 0.50 0.02
1759 4372.244 273.1 0.51 0.00
1760 4373.992 273.1 0.51 0.00
1761 4374.784 152.5 0.50 0.01
1762 4377.651 202.5 0.52 0.01
1763 4380.819 179.8 0.52 -0.00
1764 4382.703 573.4 0.52 -0.01
1765 4385.434 289.0 0.56 -0.00
1766 4386.307 198.0 0.56 -0.00
1767 4388.028 277.6 0.57 0.01
1768 4388.465 97.8 0.56 0.02
1769 4392.506 163.8 0.55 0.03
1770 4399.988 218.5 0.51 0.01
1771 4400.343 238.9 0.52 0.01
1772 4400.807 163.8 0.50 0.01
1773 4404.767 152.5 0.52 0.01
1774 4405.613 370.9 0.52 0.01
1775 4407.743 147.9 0.52 0.01
1776 4411.675 100.1 0.51 0.01
1777 4416.126 202.5 0.51 0.03
1778 4420.850 136.5 0.52 0.02
1779 4421.260 241.2 0.52 0.02
1780 4422.161 136.5 0.53 0.02
1781 4423.363 175.2 0.52 0.02
1782 4424.346 136.5 0.53 0.02
1783 4427.322 168.4 0.53 0.02
1784 4431.063 229.8 0.55 0.04
1785 4436.989 163.8 0.53 0.04
1786 4439.938 186.6 0.54 0.04
1787 4442.668 234.4 0.56 0.03
1788 4446.355 175.2 0.56 0.05
1789 4449.058 355.0 0.56 0.05
1790 4451.652 186.6 0.54 0.04
1791 4458.206 186.6 0.55 -0.00
1792 4465.934 218.5 0.54 0.02
1793 4466.835 234.4 0.54 -0.00
1794 4470.030 202.5 0.54 0.01
1795 4474.781 191.1 0.58 0.00
1796 4480.843 202.5 0.55 0.02
1797 4481.089 182.0 0.55 0.02
1798 4482.563 245.8 0.55 0.02
1799 4482.864 186.6 0.55 0.02
1800 4485.649 268.5 0.55 0.00
1801 4490.810 136.5 0.55 0.00
1802 4494.606 225.3 0.53 -0.00
1803 4497.009 277.6 0.52 -0.01
1804 4498.292 175.2 0.52 -0.01
1805 4502.852 268.5 0.55 -0.01
1806 4503.917 202.5 0.53 0.00
1807 4507.385 257.1 0.50 -0.01
1808 4510.061 175.2 0.54 -0.00
1809 4512.464 377.7 0.53 -0.02
1810 4515.523 152.5 0.56 -0.03
1811 4519.673 245.8 0.51 -0.04
1812 4520.547 152.5 0.51 -0.03
1813 4524.588 143.4 0.52 -0.03
1814 4527.756 289.0 0.54 -0.03
1815 4529.667 175.2 0.53 -0.04
1816 4535.675 277.6 0.57 -0.04
1817 4537.750 332.2 0.57 -0.02
1818 4540.317 327.7 0.57 -0.04
1819 4540.617 229.8 0.57 -0.04
1820 4541.901 125.2 0.57 -0.03
1821 4549.246 261.7 0.58 -0.00
1822 4551.977 268.5 0.58 -0.01
1823 4557.793 191.1 0.58 -0.01
1824 4560.387 213.9 0.57 -0.01
1825 4562.545 195.7 0.57 -0.01
1826 4566.013 143.4 0.54 -0.01
1827 4570.982 163.8 0.56 0.01
1828 4572.348 245.8 0.54 0.01
1829 4573.058 198.0 0.56 0.02
1830 4573.522 125.2 0.56 0.02
1831 4576.826 234.4 0.56 0.02
1832 4577.154 250.3 0.58 0.02
1833 4577.864 132.0 0.57 0.01
1834 4578.683 159.3 0.55 -0.00
1835 4580.403 93.3 0.56 0.00
1836 4582.779 300.4 0.55 0.02
1837 4584.199 289.0 0.56 0.02
1838 4585.946 289.0 0.56 0.02
1839 4586.602 207.1 0.57 0.01
1840 4587.093 245.8 0.55 -0.01
1841 4591.053 320.9 0.55 0.02
1842 4592.773 273.1 0.57 0.03
1843 4593.155 218.5 0.56 0.02
1844 4594.848 136.5 0.55 0.02
1845 4596.787 132.0 0.55 0.02
1846 4597.470 234.4 0.56 0.03
1847 4601.511 136.5 0.55 0.03
1848 4601.948 132.0 0.55 0.03
1849 4606.263 191.1 0.54 0.03
1850 4609.239 143.4 0.53 0.01
1851 4615.274 213.9 0.55 0.02
1852 4615.847 339.1 0.56 0.02
1853 4616.393 202.5 0.56 0.01
1854 4618.059 355.0 0.56 0.01
1855 4621.063 327.7 0.57 0.04
1856 4626.142 179.8 0.53 0.01
1857 4631.385 207.1 0.54 0.01
1858 4635.180 213.9 0.56 -0.00
1859 4642.499 195.7 0.57 -0.01
1860 4642.963 127.4 0.58 -0.01
1861 4647.687 366.4 0.59 -0.01
1862 4648.069 147.9 0.57 -0.01
1863 4648.670 241.2 0.59 -0.03
1864 4650.445 129.7 0.58 -0.04
1865 4654.623 350.4 0.60 -0.02
1866 4657.217 152.5 0.56 -0.02
1867 4662.569 284.4 0.56 -0.02
1868 4664.317 113.8 0.55 -0.02
1869 4665.245 261.7 0.54 0.01
1870 4667.020 245.8 0.55 -0.02
1871 4667.402 170.7 0.55 -0.02
1872 4671.990 309.5 0.52 0.01
1873 4678.188 132.0 0.53 0.06
1874 4683.540 195.7 0.52 0.01
1875 4686.326 370.9 0.53 0.00
1876 4692.006 359.5 0.55 0.00
1877 4692.606 136.5 0.54 -0.00
1878 4694.354 250.3 0.55 0.00
1879 4695.555 141.1 0.54 0.00
1880 4697.221 116.1 0.54 0.01
1881 4697.549 225.3 0.54 0.01
1882 4700.744 198.0 0.54 0.02
1883 4702.191 213.9 0.54 0.02
1884 4705.686 234.4 0.51 0.00
1885 4706.587 245.8 0.51 0.01
1886 4707.598 159.3 0.51 0.01
1887 4708.963 120.6 0.52 0.01
1888 4714.506 234.4 0.56 -0.04
1889 4719.749 136.5 0.56 -0.02
1890 4725.948 120.6 0.55 -0.02
1891 4727.395 136.5 0.54 -0.02
1892 4729.388 186.6 0.53 -0.01
1893 4734.058 300.4 0.54 -0.03
1894 4737.307 223.0 0.53 -0.02
1895 4738.127 159.3 0.53 -0.02
1896 4739.355 250.3 0.53 0.00
1897 4743.315 207.1 0.55 0.02
1898 4744.899 136.5 0.55 0.01
1899 4749.705 191.1 0.57 -0.00
1900 4752.162 202.5 0.55 -0.02
1901 4758.825 448.3 0.56 -0.00
1902 4763.003 245.8 0.55 -0.02
1903 4763.494 236.7 0.55 -0.02
1904 4764.477 218.5 0.54 -0.00
1905 4767.754 191.1 0.55 -0.01
1906 4772.369 136.5 0.56 -0.02
1907 4775.264 70.5 0.57 -0.01
1908 4776.738 143.4 0.57 0.01
1909 4777.066 122.9 0.58 0.01
1910 4777.503 168.4 0.58 0.01
1911 4778.568 207.1 0.57 0.01
1912 4789.327 179.8 0.58 0.03
1913 4799.020 245.8 0.59 0.03
1914 4799.430 314.0 0.59 0.03
1915 4799.921 266.2 0.58 0.02
1916 4801.806 136.5 0.58 0.01
1917 4802.024 143.4 0.59 0.01
1918 4803.990 168.4 0.58 0.01
1919 4807.021 279.9 0.57 0.01
1920 4810.161 257.1 0.57 -0.00
1921 4812.100 136.5 0.57 -0.01
1922 4812.592 284.4 0.58 -0.00
1923 4813.193 152.5 0.58 -0.00
1924 4819.528 245.8 0.59 0.01
1925 4819.828 191.1 0.59 0.01
1926 4825.098 136.5 0.58 0.02
1927 4825.890 132.0 0.57 0.01
1928 4827.856 136.5 0.59 0.01
1929 4829.658 152.5 0.57 0.01
1930 4830.423 484.7 0.57 0.00
1931 4831.188 366.4 0.57 0.02
1932 4834.574 195.7 0.58 0.01
1933 4841.182 300.4 0.56 0.02
1934 4846.152 323.1 0.57 0.00
1935 4847.025 163.8 0.56 -0.00
1936 4850.466 113.8 0.59 0.01
1937 4853.634 320.9 0.60 0.01
1938 4854.180 277.6 0.60 0.01
1939 4858.112 127.4 0.60 0.00
1940 4859.532 179.8 0.60 0.02
1941 4860.624 104.7 0.59 0.01
1942 4863.819 207.1 0.60 0.00
1943 4871.328 229.8 0.58 0.00
1944 4871.656 216.2 0.58 0.00
1945 4873.021 218.5 0.58 0.00
1946 4873.267 184.3 0.59 0.00
1947 4874.196 175.2 0.58 -0.01
1948 4876.435 132.0 0.59 0.01
1949 4877.090 175.2 0.59 0.03
1950 4879.520 159.3 0.57 0.05
1951 4882.196 143.4 0.58 0.03
1952 4882.551 211.6 0.59 0.03
1953 4886.374 109.2 0.59 0.02
1954 4888.231 207.1 0.60 0.03
1955 4888.914 116.1 0.61 0.02
1956 4890.197 370.9 0.59 0.02
1957 4891.727 179.8 0.59 0.01
1958 4892.901 175.2 0.57 -0.00
1959 4901.393 125.2 0.55 0.00
1960 4902.212 213.9 0.53 0.01
1961 4902.595 202.5 0.55 0.02
1962 4906.882 227.6 0.55 0.03
1963 4911.933 163.8 0.53 0.04
1964 4913.353 323.1 0.55 -0.00
1965 4916.685 163.8 0.55 0.01
1966 4923.511 202.5 0.56 0.02
1967 4925.423 186.6 0.55 0.01
1968 4926.106 316.3 0.57 -0.01
1969 4928.591 93.3 0.56 -0.02
1970 4930.884 289.0 0.56 -0.01
1971 4931.567 175.2 0.55 -0.02
1972 4932.332 202.5 0.57 -0.01
1973 4933.533 405.0 0.56 0.00
1974 4934.844 327.7 0.56 0.01
1975 4943.227 277.6 0.56 0.02
1976 4946.831 186.6 0.57 0.00
1977 4951.419 207.1 0.56 0.00
1978 4952.102 234.4 0.57 0.00
1979 4952.921 175.2 0.58 -0.00
1980 4955.733 279.9 0.59 0.01
1981 4957.126 207.1 0.58 0.00
1982 4959.556 152.5 0.57 -0.01
1983 4965.864 234.4 0.56 -0.03
1984 4967.694 248.0 0.56 -0.02
1985 4969.933 289.0 0.56 -0.03
1986 4972.390 245.8 0.55 -0.01
1987 4976.295 179.8 0.54 -0.01
1988 4979.681 218.5 0.54 0.00
1989 4980.145 307.2 0.54 0.01
1990 4981.893 320.9 0.54 0.04
1991 4988.447 170.7 0.52 0.02
1992 5002.892 295.8 0.52 0.00
1993 5003.302 218.5 0.51 0.00
1994 5003.902 207.1 0.52 -0.00
1995 5005.650 125.2 0.54 -0.01
1996 5006.333 147.9 0.54 -0.01
1997 5006.906 152.5 0.52 -0.01
1998 5008.763 229.8 0.55 -0.00
1999 5009.364 268.5 0.54 -0.00
2000 5011.248 273.1 0.54 0.00
