1 2.413 311.8 0.42 0.07
2 9.049 289.0 0.47 0.03
3 10.769 191.1 0.48 -0.01
4 12.872 229.8 0.47 0.02
5 17.159 311.8 0.47 0.02
6 21.610 143.4 0.46 0.03
7 34.007 125.2 0.53 0.01
8 34.963 191.1 0.52 0.03
9 42.772 307.2 0.47 -0.02
10 46.022 289.0 0.51 0.01
11 46.787 147.9 0.48 -0.01
12 49.244 202.5 0.48 -0.04
13 50.664 125.2 0.48 -0.01
14 57.764 266.2 0.48 0.03
15 59.785 311.8 0.48 0.03
16 65.164 257.1 0.44 0.05
17 67.567 241.2 0.44 0.03
18 68.687 234.4 0.45 -0.00
19 71.718 147.9 0.47 0.02
20 82.149 300.4 0.48 0.02
21 88.457 223.0 0.47 0.01
22 89.412 179.8 0.48 -0.01
23 90.286 268.5 0.48 -0.01
24 93.208 195.7 0.50 0.00
25 93.563 216.2 0.50 0.00
26 96.184 295.8 0.51 0.00
27 105.414 191.1 0.52 0.01
28 106.670 152.5 0.52 0.02
29 118.057 257.1 0.50 0.03
30 120.132 229.8 0.47 0.03
31 120.487 284.4 0.49 0.03
32 125.539 132.0 0.48 0.03
33 130.208 195.7 0.51 -0.03
34 137.882 300.4 0.47 0.02
35 138.291 355.0 0.46 0.02
36 141.705 136.5 0.43 0.02
37 142.032 191.1 0.45 0.02
38 142.442 216.2 0.43 -0.01
39 150.033 179.8 0.45 0.01
40 153.692 291.3 0.43 -0.00
41 156.778 273.1 0.42 -0.01
42 160.573 159.3 0.37 -0.06
43 161.092 441.5 0.40 -0.07
44 175.674 170.7 0.47 -0.03
45 175.920 157.0 0.46 -0.01
46 179.852 245.8 0.49 -0.01
47 181.490 113.8 0.25 0.03
48 184.221 289.0 0.41 0.01
49 184.576 207.1 0.46 0.01
50 185.914 97.8 0.45 -0.01
51 186.214 200.2 0.43 -0.01
52 188.208 289.0 0.40 -0.03
53 188.481 193.4 0.41 -0.03
54 204.947 245.8 0.51 -0.06
55 207.923 202.5 0.44 0.04
56 212.456 311.8 0.43 0.03
57 213.330 327.7 0.43 0.04
58 214.531 257.1 0.44 0.01
59 216.115 223.0 0.46 0.02
60 217.153 257.1 0.47 0.01
61 224.990 152.5 0.40 -0.02
62 225.782 218.5 0.37 0.00
63 226.383 366.4 0.38 -0.00
64 228.649 223.0 0.42 0.02
65 229.932 284.4 0.42 -0.01
66 230.779 468.8 0.42 -0.01
67 234.274 304.9 0.42 -0.03
68 235.721 163.8 0.43 -0.04
69 241.647 507.4 0.46 0.02
70 242.357 218.5 0.48 -0.00
71 243.695 264.0 0.45 0.02
72 251.860 170.7 0.22 -0.05
73 252.242 198.0 0.49 -0.05
74 253.471 218.5 0.48 -0.04
75 258.140 311.8 0.46 0.02
76 259.615 175.2 0.44 -0.03
77 260.461 147.9 0.47 -0.03
78 262.373 229.8 0.47 -0.03
79 264.530 195.7 0.50 -0.03
80 272.640 355.0 0.44 0.00
81 282.716 175.2 0.46 0.01
82 283.863 209.4 0.46 0.04
83 284.546 198.0 0.47 0.08
84 285.146 218.5 0.47 0.09
85 287.031 225.3 0.47 0.08
86 297.708 147.9 0.45 0.02
87 299.783 277.6 0.44 0.03
88 300.329 136.5 0.48 0.01
89 302.432 448.3 0.45 0.01
90 304.589 152.5 0.48 -0.01
91 306.473 202.5 0.47 -0.04
92 308.029 154.7 0.48 -0.04
93 322.010 213.9 0.45 0.05
94 322.993 132.0 0.47 -0.01
95 326.461 147.9 0.43 0.03
96 328.182 163.8 0.43 0.01
97 334.954 273.1 0.47 -0.01
98 340.770 273.1 0.48 0.03
99 345.740 273.1 0.52 -0.00
100 348.006 163.8 0.46 -0.02
101 354.970 236.7 0.45 -0.02
102 355.761 168.4 0.42 -0.03
103 357.809 311.8 0.47 -0.02
104 358.328 213.9 0.46 -0.01
105 362.260 261.7 0.46 -0.01
106 363.872 382.3 0.47 0.03
107 372.692 600.7 0.42 0.02
108 375.095 198.0 0.40 0.05
109 376.596 284.4 0.41 0.04
110 377.743 393.7 0.40 0.05
111 388.557 213.9 0.37 -0.03
112 393.964 245.8 0.43 0.04
113 398.333 238.9 0.41 0.01
114 399.616 273.1 0.41 -0.02
115 402.729 163.8 0.52 -0.01
116 403.603 300.4 0.44 -0.02
117 403.930 238.9 0.44 -0.02
118 404.504 241.2 0.42 0.00
119 404.777 213.9 0.45 0.00
120 409.583 141.1 0.24 0.01
121 417.556 261.7 0.46 0.02
122 418.348 266.2 0.49 0.04
123 427.141 225.3 0.51 0.05
124 427.769 159.3 0.41 -0.01
125 430.445 250.3 0.42 0.04
126 431.183 245.8 0.49 0.04
127 435.934 147.9 0.47 0.05
128 439.729 175.2 0.48 0.07
129 440.603 234.4 0.47 0.01
130 444.071 402.8 0.46 0.02
131 449.068 323.1 0.41 0.05
132 450.707 530.2 0.43 0.07
133 456.550 264.0 0.50 0.02
134 457.178 147.9 0.50 0.02
135 463.596 93.3 0.53 0.06
136 463.869 261.7 0.54 0.04
137 469.767 175.2 0.40 0.00
138 473.562 300.4 0.45 0.01
139 476.102 136.5 0.46 -0.00
140 476.703 125.2 0.46 0.00
141 477.413 311.8 0.48 -0.03
142 478.833 141.1 0.47 -0.04
143 480.171 218.5 0.47 -0.04
144 481.918 273.1 0.47 -0.01
145 482.956 193.4 0.48 0.01
146 491.994 327.7 0.48 0.03
147 492.841 202.5 0.46 0.02
148 494.889 120.6 0.46 0.01
149 498.794 409.6 0.46 -0.02
150 509.635 304.9 0.51 0.07
151 510.836 316.3 0.48 0.02
152 512.420 179.8 0.50 0.07
153 514.959 229.8 0.50 0.06
154 516.680 359.5 0.51 0.04
155 520.175 163.8 0.50 0.05
156 520.940 229.8 0.52 0.06
157 524.926 163.8 0.51 0.05
158 525.582 218.5 0.50 0.06
159 525.964 202.5 0.50 0.05
160 531.016 159.3 0.41 0.06
161 536.614 405.0 0.38 0.05
162 546.253 277.6 0.44 0.05
163 548.956 421.0 0.43 0.02
164 550.267 202.5 0.42 0.00
165 557.175 225.3 0.42 0.03
166 561.353 218.5 0.43 -0.04
167 563.238 223.0 0.43 0.02
168 567.415 202.5 0.21 0.02
169 570.419 159.3 0.49 0.01
170 570.993 132.0 0.49 0.01
171 573.368 425.5 0.48 0.04
172 575.771 245.8 0.51 0.04
173 576.427 207.1 0.49 0.02
174 580.987 195.7 0.48 0.05
175 581.724 229.8 0.47 0.06
176 586.667 339.1 0.47 0.04
177 599.337 191.1 0.45 -0.02
178 599.801 218.5 0.43 0.01
179 607.365 366.4 0.42 -0.04
180 609.686 289.0 0.51 -0.01
181 615.257 218.5 0.49 0.01
182 621.346 261.7 0.51 0.05
183 623.886 191.1 0.52 0.04
184 630.166 191.1 0.46 -0.01
185 634.016 257.1 0.44 -0.06
186 638.112 252.6 0.24 -0.00
187 641.143 339.1 0.41 0.04
188 645.813 125.2 0.45 0.02
189 649.964 250.3 0.44 0.01
190 652.530 257.1 0.42 -0.01
191 657.145 218.5 0.40 -0.03
192 657.964 382.3 0.44 -0.07
193 659.466 250.3 0.41 -0.07
194 661.596 261.7 0.42 -0.07
195 669.597 273.1 0.37 -0.06
196 670.007 279.9 0.41 -0.06
197 671.126 191.1 0.41 -0.02
198 674.430 327.7 0.41 -0.02
199 676.096 546.1 0.35 -0.07
200 685.298 245.8 0.42 0.04
201 692.453 234.4 0.33 -0.03
202 694.965 432.4 0.33 -0.01
203 695.620 339.1 0.47 0.01
204 703.321 186.6 0.45 -0.01
205 709.246 186.6 0.35 -0.03
206 714.844 218.5 0.49 -0.04
207 719.104 311.8 0.55 -0.02
208 719.486 243.5 0.54 -0.02
209 722.244 273.1 0.56 -0.01
210 736.853 182.0 0.54 -0.03
211 747.721 327.7 0.46 0.05
212 748.814 179.8 0.48 0.01
213 750.616 359.5 0.48 0.08
214 754.466 93.3 0.45 0.05
215 758.917 295.8 0.51 0.03
216 765.689 227.6 0.48 0.02
217 767.628 97.8 0.55 0.02
218 768.584 375.5 0.54 0.02
219 770.386 261.7 0.44 0.01
220 770.932 250.3 0.49 -0.01
221 772.188 104.7 0.57 -0.00
222 774.618 207.1 0.52 -0.01
223 776.994 377.7 0.41 0.03
224 785.077 202.5 0.52 0.02
225 795.781 218.5 0.54 0.01
226 798.921 175.2 0.55 -0.02
227 806.595 152.5 0.45 0.00
228 810.854 198.0 0.46 0.00
229 814.513 159.3 0.49 0.02
230 815.169 311.8 0.43 0.06
231 816.452 157.0 0.49 -0.01
232 823.443 132.0 0.26 -0.01
233 827.102 277.6 0.43 -0.01
234 827.703 218.5 0.43 -0.01
235 829.723 334.5 0.46 -0.04
236 830.979 464.2 0.42 -0.02
237 835.321 207.1 0.41 -0.06
238 836.495 311.8 0.49 -0.05
239 845.233 257.1 0.52 0.02
240 845.862 175.2 0.41 -0.03
241 847.309 218.5 0.40 -0.01
242 852.770 163.8 0.24 0.03
243 854.409 300.4 0.44 0.01
244 867.761 238.9 0.55 -0.05
245 869.673 284.4 0.53 -0.06
246 877.756 370.9 0.38 -0.05
247 884.910 175.2 0.42 -0.02
248 886.303 245.8 0.44 -0.03
249 894.522 182.0 0.44 0.00
250 897.362 163.8 0.52 -0.00
251 904.762 218.5 0.48 0.04
252 917.514 136.5 0.50 0.02
253 918.852 175.2 0.49 0.02
254 919.726 229.8 0.51 0.00
255 924.559 152.5 0.51 -0.00
256 937.667 623.5 0.47 -0.00
257 941.872 104.7 0.49 0.05
258 942.937 234.4 0.50 0.06
259 946.405 289.0 0.44 -0.00
260 948.070 179.8 0.45 0.01
261 952.740 179.8 0.44 0.02
262 953.614 141.1 0.45 0.04
263 953.805 154.7 0.44 0.04
264 961.778 225.3 0.46 0.02
265 962.434 191.1 0.43 0.04
266 965.792 261.7 0.44 0.04
267 967.130 191.1 0.44 0.03
268 970.790 425.5 0.43 0.01
269 974.148 316.3 0.42 -0.01
270 975.268 198.0 0.42 -0.01
271 977.562 289.0 0.42 -0.01
272 993.099 179.8 0.48 0.01
273 993.399 220.7 0.48 0.01
274 995.994 300.4 0.42 0.05
275 999.298 284.4 0.46 0.04
276 999.980 359.5 0.46 0.02
277 1004.322 300.4 0.42 0.01
278 1005.196 421.0 0.44 0.02
279 1008.664 191.1 0.43 0.02
280 1008.992 273.1 0.48 0.03
281 1013.224 193.4 0.45 -0.01
282 1017.757 261.7 0.46 0.02
283 1023.491 218.5 0.44 0.00
284 1025.430 316.3 0.46 0.00
285 1026.686 261.7 0.45 0.02
286 1029.035 229.8 0.47 0.04
287 1029.335 245.8 0.45 0.03
288 1034.168 370.9 0.42 0.02
289 1040.476 289.0 0.46 -0.00
290 1042.606 382.3 0.37 -0.03
291 1050.607 382.3 0.45 -0.04
292 1052.764 209.4 0.43 -0.05
293 1053.420 245.8 0.42 -0.05
294 1054.812 311.8 0.46 -0.06
295 1057.625 109.2 0.50 -0.01
296 1064.861 311.8 0.51 0.09
297 1067.510 175.2 0.48 0.05
298 1071.578 186.6 0.50 -0.01
299 1072.835 234.4 0.50 -0.01
300 1073.954 284.4 0.49 0.00
301 1075.565 218.5 0.46 0.04
302 1075.893 129.7 0.50 0.04
303 1076.139 81.9 0.50 0.05
304 1079.497 229.8 0.48 0.03
305 1088.945 289.0 0.40 0.01
306 1089.519 250.3 0.43 -0.00
307 1096.974 355.0 0.49 0.02
308 1098.721 182.0 0.50 0.02
309 1103.090 168.4 0.52 0.05
310 1110.682 198.0 0.47 -0.04
311 1121.085 234.4 0.45 -0.02
312 1130.424 120.6 0.48 0.02
313 1132.582 175.2 0.46 0.03
314 1144.269 398.2 0.46 -0.06
315 1146.071 143.4 0.45 -0.02
316 1147.464 143.4 0.46 -0.03
317 1149.921 186.6 0.43 0.04
318 1152.270 245.8 0.44 0.06
319 1155.137 257.1 0.44 0.02
320 1156.147 229.8 0.45 0.03
321 1161.636 229.8 0.46 0.05
322 1168.490 234.4 0.44 0.03
323 1169.172 268.5 0.47 0.05
324 1182.962 218.5 0.45 0.02
325 1183.782 300.4 0.45 0.02
326 1185.693 452.8 0.44 0.02
327 1186.676 300.4 0.46 0.02
328 1190.281 229.8 0.44 0.01
329 1196.889 170.7 0.45 -0.00
330 1200.111 389.1 0.44 0.02
331 1204.234 300.4 0.45 -0.01
332 1207.320 257.1 0.43 -0.05
333 1210.378 355.0 0.40 -0.04
334 1211.962 514.3 0.40 -0.03
335 1214.228 245.8 0.42 -0.01
336 1215.403 446.0 0.41 -0.00
337 1217.123 120.6 0.41 0.00
338 1217.287 97.8 0.40 0.00
339 1221.219 264.0 0.44 -0.05
340 1224.605 659.9 0.49 -0.03
341 1226.790 186.6 0.47 -0.01
342 1229.875 257.1 0.47 -0.00
343 1231.022 207.1 0.48 0.01
344 1232.606 175.2 0.48 0.01
345 1234.572 159.3 0.49 0.03
346 1236.210 273.1 0.49 0.03
347 1236.756 341.3 0.50 0.03
348 1242.682 120.6 0.47 0.06
349 1244.921 238.9 0.50 0.08
350 1246.095 152.5 0.48 0.07
351 1248.799 191.1 0.51 0.04
352 1251.884 264.0 0.49 0.05
353 1257.373 277.6 0.50 0.04
354 1262.042 218.5 0.47 0.04
355 1262.561 175.2 0.45 0.05
356 1263.135 97.8 0.44 0.06
357 1265.647 245.8 0.46 0.09
358 1266.166 257.1 0.47 0.08
359 1266.439 147.9 0.46 0.07
360 1269.934 207.1 0.50 0.11
361 1273.484 202.5 0.44 -0.00
362 1279.764 261.7 0.43 -0.01
363 1288.120 191.1 0.46 0.01
364 1288.585 202.5 0.46 0.00
365 1294.019 195.7 0.51 -0.01
366 1294.537 113.8 0.50 -0.01
367 1299.862 223.0 0.50 -0.04
368 1301.173 109.2 0.52 -0.03
369 1302.566 147.9 0.52 -0.02
370 1312.096 136.5 0.49 -0.02
371 1314.417 250.3 0.47 -0.02
372 1317.175 398.2 0.46 0.03
373 1317.666 218.5 0.46 0.02
374 1320.615 207.1 0.48 -0.01
375 1326.350 261.7 0.47 -0.00
376 1335.552 132.0 0.45 -0.00
377 1337.463 213.9 0.42 0.04
378 1341.314 141.1 0.41 0.02
379 1350.434 355.0 0.48 0.02
380 1360.428 300.4 0.47 0.00
381 1362.121 289.0 0.45 0.00
382 1368.784 218.5 0.51 0.03
383 1370.341 170.7 0.51 0.02
384 1372.580 168.4 0.52 0.01
385 1373.617 63.7 0.54 0.01
386 1375.037 355.0 0.51 -0.00
387 1383.830 93.3 0.49 -0.01
388 1386.151 273.1 0.49 0.02
389 1390.739 175.2 0.44 0.05
390 1400.269 398.2 0.48 0.02
391 1406.577 207.1 0.44 -0.01
392 1407.150 277.6 0.43 -0.03
393 1409.826 207.1 0.45 0.03
394 1412.557 327.7 0.46 0.04
395 1417.554 213.9 0.51 0.05
396 1421.295 191.1 0.54 0.03
397 1422.196 316.3 0.52 0.03
398 1425.910 295.8 0.54 0.01
399 1428.395 202.5 0.53 0.01
400 1428.668 202.5 0.54 0.01
401 1436.669 273.1 0.50 -0.03
402 1437.297 245.8 0.51 -0.03
403 1439.345 218.5 0.48 -0.01
404 1440.218 268.5 0.48 -0.01
405 1441.147 464.2 0.48 -0.04
406 1443.659 163.8 0.50 0.01
407 1445.243 316.3 0.43 -0.04
408 1445.789 120.6 0.46 0.01
409 1446.854 245.8 0.44 0.01
410 1447.264 245.8 0.44 0.01
411 1452.506 175.2 0.51 0.00
412 1455.510 457.4 0.52 0.03
413 1460.862 241.2 0.54 0.04
414 1461.818 234.4 0.52 0.03
415 1468.617 252.6 0.50 0.02
416 1471.867 284.4 0.48 0.02
417 1474.161 213.9 0.49 0.02
418 1478.393 132.0 0.49 0.01
419 1484.128 218.5 0.52 -0.00
420 1484.564 211.6 0.53 -0.00
421 1486.804 225.3 0.52 0.05
422 1492.729 186.6 0.50 -0.01
423 1494.258 245.8 0.50 0.00
424 1495.159 147.9 0.51 0.02
425 1503.406 179.8 0.54 0.03
426 1505.154 191.1 0.54 0.03
427 1505.454 191.1 0.55 0.03
428 1508.512 163.8 0.56 0.04
429 1508.840 204.8 0.58 0.04
430 1510.642 147.9 0.57 0.02
431 1512.035 152.5 0.57 0.01
432 1517.169 195.7 0.52 -0.01
433 1519.763 373.2 0.52 -0.03
434 1520.227 229.8 0.52 -0.03
435 1521.046 207.1 0.52 -0.04
436 1526.835 202.5 0.49 0.03
437 1527.108 216.2 0.51 0.03
438 1530.522 218.5 0.46 0.05
439 1533.252 273.1 0.50 0.03
440 1537.403 152.5 0.49 -0.00
441 1539.178 125.2 0.51 0.02
442 1547.424 163.8 0.55 0.02
443 1547.561 129.7 0.55 0.02
444 1548.762 213.9 0.54 0.02
445 1550.838 179.8 0.56 0.02
446 1554.633 116.1 0.52 0.05
447 1557.364 136.5 0.52 0.02
448 1559.357 252.6 0.52 0.03
449 1561.815 213.9 0.53 0.02
450 1562.388 97.8 0.52 0.03
451 1564.273 316.3 0.54 0.01
452 1567.222 229.8 0.54 0.01
453 1567.522 218.5 0.55 0.02
454 1572.929 109.2 0.55 0.03
455 1573.175 141.1 0.56 0.01
456 1575.441 147.9 0.56 0.01
457 1579.701 241.2 0.56 0.02
458 1583.578 159.3 0.56 0.05
459 1588.221 316.3 0.57 0.06
460 1589.722 311.8 0.52 0.01
461 1592.262 273.1 0.56 -0.04
462 1594.883 182.0 0.54 -0.02
463 1600.345 211.6 0.55 -0.01
464 1600.918 191.1 0.51 -0.02
465 1603.840 154.7 0.57 -0.01
466 1605.041 266.2 0.56 -0.01
467 1608.864 257.1 0.56 -0.01
468 1611.185 343.6 0.56 -0.01
469 1611.759 191.1 0.54 -0.01
470 1612.387 152.5 0.55 -0.00
471 1614.025 284.4 0.54 0.01
472 1614.653 179.8 0.53 0.02
473 1618.340 323.1 0.53 0.01
474 1628.580 175.2 0.56 -0.01
475 1630.382 152.5 0.56 -0.01
476 1631.119 257.1 0.55 -0.01
477 1634.615 175.2 0.55 -0.00
478 1634.970 188.9 0.54 -0.00
479 1645.373 209.4 0.54 0.00
480 1649.306 320.9 0.55 -0.02
481 1651.463 264.0 0.58 0.01
482 1653.183 168.4 0.53 -0.01
483 1656.351 261.7 0.57 0.03
484 1659.245 147.9 0.55 0.02
485 1663.997 147.9 0.55 0.00
486 1666.400 147.9 0.55 0.01
487 1668.775 311.8 0.55 0.02
488 1672.380 218.5 0.52 -0.00
489 1675.220 125.2 0.51 -0.01
490 1685.514 245.8 0.53 -0.01
491 1687.917 159.3 0.56 0.00
492 1688.736 191.1 0.55 0.00
493 1693.761 225.3 0.54 0.03
494 1696.464 202.5 0.54 0.03
495 1697.502 191.1 0.54 0.02
496 1698.594 218.5 0.54 0.03
497 1699.987 179.8 0.53 0.02
498 1700.806 163.8 0.53 0.02
499 1702.390 191.1 0.52 0.02
500 1703.509 257.1 0.51 0.01
501 1706.841 345.9 0.51 -0.01
502 1709.708 147.9 0.50 -0.02
503 1710.090 213.9 0.51 -0.01
504 1711.811 236.7 0.51 0.02
505 1720.822 136.5 0.54 0.02
506 1724.071 202.5 0.54 0.01
507 1724.836 223.0 0.54 0.01
508 1730.679 163.8 0.52 0.04
509 1732.564 234.4 0.52 0.03
510 1734.120 202.5 0.53 0.05
511 1740.537 355.0 0.51 0.02
512 1744.551 163.8 0.53 -0.02
513 1746.244 159.3 0.55 0.02
514 1749.111 182.0 0.52 -0.01
515 1754.518 273.1 0.49 0.02
516 1756.539 198.0 0.49 0.01
517 1757.030 471.0 0.50 0.02
518 1759.788 198.0 0.49 0.03
519 1763.475 234.4 0.49 0.04
520 1764.349 282.2 0.48 0.05
521 1768.417 141.1 0.46 0.02
522 1774.397 186.6 0.48 0.04
523 1778.002 213.9 0.45 0.04
524 1778.685 223.0 0.54 0.05
525 1779.586 245.8 0.53 0.05
526 1782.644 225.3 0.52 0.06
527 1785.566 191.1 0.53 -0.00
528 1788.242 136.5 0.50 0.06
529 1788.761 261.7 0.52 -0.01
530 1789.553 327.7 0.52 0.01
531 1791.409 202.5 0.49 0.01
532 1793.376 591.6 0.49 -0.00
533 1796.980 209.4 0.51 -0.00
534 1798.045 207.1 0.50 -0.01
535 1799.410 245.8 0.50 -0.00
536 1801.131 343.6 0.49 -0.01
537 1801.868 202.5 0.50 0.01
538 1802.223 279.9 0.49 0.01
539 1804.025 370.9 0.49 0.05
540 1806.647 421.0 0.48 0.03
541 1813.555 284.4 0.50 0.03
542 1814.129 168.4 0.48 0.00
543 1815.166 273.1 0.51 0.00
544 1817.515 61.4 0.24 0.02
545 1825.242 241.2 0.45 0.05
546 1838.677 323.1 0.51 0.05
547 1841.517 464.2 0.51 0.07
548 1845.750 273.1 0.51 0.07
549 1850.829 241.2 0.51 0.08
550 1851.648 109.2 0.50 0.07
551 1855.225 323.1 0.48 -0.01
552 1859.267 316.3 0.45 0.03
553 1872.183 295.8 0.47 0.03
554 1872.729 225.3 0.46 0.04
555 1883.242 300.4 0.49 0.02
556 1888.457 213.9 0.48 0.01
557 1889.440 100.1 0.49 0.02
558 1892.062 152.5 0.51 0.02
559 1892.417 145.6 0.49 0.02
560 1894.219 170.7 0.48 0.03
561 1896.567 120.6 0.47 0.03
562 1905.060 327.7 0.48 0.01
563 1907.217 186.6 0.47 0.01
564 1908.500 229.8 0.50 0.05
565 1910.876 261.7 0.48 0.03
566 1911.968 245.8 0.53 0.05
567 1914.535 264.0 0.56 0.04
568 1921.089 229.8 0.50 0.03
569 1923.874 179.8 0.47 0.03
570 1924.147 138.8 0.50 0.03
571 1924.994 147.9 0.49 0.05
572 1931.629 86.5 0.50 0.07
573 1934.551 213.9 0.54 0.09
574 1935.261 163.8 0.55 0.09
575 1936.681 245.8 0.56 0.07
576 1937.336 159.3 0.52 0.06
577 1938.893 143.4 0.45 0.07
578 1941.187 168.4 0.57 0.02
579 1942.142 291.3 0.50 0.02
580 1946.020 104.7 0.61 0.01
581 1947.822 186.6 0.46 0.06
582 1948.587 236.7 0.48 0.06
583 1950.362 120.6 0.59 0.07
584 1950.717 159.3 0.45 0.09
585 1962.049 241.2 0.54 0.10
586 1962.595 136.5 0.55 0.11
587 1963.196 245.8 0.54 0.10
588 1963.906 141.1 0.54 0.11
589 1965.353 289.0 0.54 0.11
590 1968.684 455.1 0.56 0.08
591 1969.149 318.6 0.53 0.08
592 1971.087 159.3 0.54 0.09
593 1972.016 323.1 0.53 0.10
594 1973.381 289.0 0.51 0.09
595 1976.603 218.5 0.52 0.08
596 1977.341 277.6 0.52 0.07
597 1979.580 200.2 0.52 0.05
598 1979.962 254.9 0.51 0.05
599 1982.283 170.7 0.25 0.04
600 1982.775 389.1 0.51 0.03
601 1984.659 195.7 0.51 0.01
602 1986.679 623.5 0.48 0.01
603 1987.772 141.1 0.25 -0.00
604 1989.082 159.3 0.50 0.09
605 1993.615 252.6 0.47 0.10
606 1994.926 175.2 0.48 0.07
607 1999.951 207.1 0.47 0.04
608 2001.070 152.5 0.48 0.03
609 2001.889 229.8 0.47 0.04
610 2009.890 316.3 0.47 -0.02
611 2012.457 273.1 0.48 -0.02
612 2020.704 163.8 0.45 0.02
613 2021.195 245.8 0.46 0.02
614 2024.117 223.0 0.40 0.01
615 2026.247 229.8 0.39 0.03
616 2028.377 471.0 0.40 -0.04
617 2029.496 370.9 0.40 -0.01
618 2032.145 273.1 0.45 -0.01
619 2033.374 191.1 0.42 -0.02
620 2033.893 179.8 0.46 -0.02
621 2034.657 425.5 0.47 -0.01
622 2035.558 125.2 0.47 0.00
623 2036.214 147.9 0.47 0.00
624 2040.173 152.5 0.46 0.01
625 2048.447 254.9 0.46 0.05
626 2049.731 186.6 0.46 0.03
627 2051.096 245.8 0.45 0.03
628 2051.478 198.0 0.48 0.03
629 2054.892 218.5 0.45 0.07
630 2055.328 355.0 0.45 0.07
631 2056.202 273.1 0.44 0.02
632 2062.401 343.6 0.42 -0.04
633 2062.701 241.2 0.40 -0.04
634 2070.675 229.8 0.48 -0.02
635 2073.433 245.8 0.48 -0.03
636 2074.279 323.1 0.46 -0.02
637 2078.648 175.2 0.50 -0.01
638 2078.976 223.0 0.49 -0.01
639 2079.659 300.4 0.47 -0.01
640 2082.144 218.5 0.47 0.00
641 2084.055 168.4 0.43 -0.01
642 2085.011 125.2 0.45 0.01
643 2088.588 202.5 0.37 -0.00
644 2096.288 109.2 0.39 0.06
645 2099.756 343.6 0.39 0.03
646 2108.549 289.0 0.40 0.03
647 2111.416 261.7 0.47 0.04
648 2115.376 136.5 0.50 0.08
649 2118.871 370.9 0.38 0.04
650 2121.301 229.8 0.49 0.01
651 2127.445 179.8 0.48 0.03
652 2128.374 309.5 0.48 0.02
653 2132.552 273.1 0.41 0.02
654 2133.344 234.4 0.47 0.05
655 2137.740 245.8 0.49 0.05
656 2143.092 452.8 0.42 0.02
657 2143.502 323.1 0.42 0.02
658 2148.226 245.8 0.43 0.07
659 2153.551 193.4 0.46 0.09
660 2158.056 236.7 0.42 0.09
661 2158.329 152.5 0.43 0.09
662 2162.234 359.5 0.48 0.08
663 2166.630 279.9 0.43 0.08
664 2167.286 289.0 0.44 0.06
665 2167.668 330.0 0.43 0.06
666 2170.289 136.5 0.45 0.08
667 2173.375 104.7 0.46 0.08
668 2178.809 644.0 0.41 -0.00
669 2188.940 339.1 0.43 0.02
670 2189.923 398.2 0.47 0.07
671 2191.780 202.5 0.47 0.07
672 2194.183 332.2 0.48 0.07
673 2196.504 268.5 0.46 0.05
674 2196.913 289.0 0.46 0.05
675 2199.535 250.3 0.47 0.08
676 2203.003 409.6 0.49 0.03
677 2204.778 398.2 0.47 -0.00
678 2210.403 229.8 0.45 -0.00
679 2215.345 145.6 0.48 0.02
680 2223.428 104.7 0.40 0.01
681 2225.585 632.6 0.42 0.01
682 2227.497 245.8 0.41 -0.00
683 2229.163 257.1 0.45 0.07
684 2231.729 113.8 0.48 0.08
685 2232.303 200.2 0.47 0.07
686 2233.286 179.8 0.47 0.10
687 2233.559 200.2 0.49 0.10
688 2234.706 250.3 0.47 0.08
689 2236.317 277.6 0.46 0.10
690 2238.583 218.5 0.47 0.09
691 2240.113 257.1 0.48 0.09
692 2241.232 257.1 0.47 0.12
693 2243.744 266.2 0.46 0.09
694 2250.134 147.9 0.47 0.10
695 2251.363 136.5 0.47 0.07
696 2253.930 179.8 0.49 0.05
697 2257.289 293.5 0.47 0.08
698 2260.047 218.5 0.49 0.06
699 2261.166 163.8 0.50 0.06
700 2262.286 473.3 0.50 0.06
701 2263.788 229.8 0.50 0.05
702 2272.307 316.3 0.37 0.01
703 2273.372 261.7 0.46 0.05
704 2275.611 393.7 0.47 0.08
705 2276.758 377.7 0.48 0.08
706 2277.769 254.9 0.45 0.07
707 2280.035 225.3 0.47 0.09
708 2282.875 268.5 0.46 0.05
709 2288.145 311.8 0.48 0.06
710 2290.138 186.6 0.48 0.06
711 2292.678 436.9 0.46 0.08
712 2293.852 163.8 0.46 0.07
713 2296.201 175.2 0.45 0.05
714 2297.566 254.9 0.46 0.07
715 2299.259 273.1 0.45 0.02
716 2299.942 234.4 0.44 0.08
717 2300.242 223.0 0.47 0.03
718 2301.689 514.3 0.45 0.02
719 2302.099 316.3 0.46 0.03
720 2303.901 327.7 0.46 0.02
721 2304.666 398.2 0.44 0.04
722 2306.031 179.8 0.44 0.08
723 2308.188 268.5 0.43 0.03
724 2309.553 179.8 0.46 0.00
725 2310.455 316.3 0.45 0.00
726 2312.093 182.0 0.46 0.00
727 2312.830 248.0 0.45 -0.00
728 2313.240 291.3 0.45 0.02
729 2316.544 393.7 0.45 0.01
730 2319.165 339.1 0.45 0.03
731 2324.490 318.6 0.41 -0.01
732 2328.941 434.6 0.45 -0.04
733 2333.611 282.2 0.47 -0.02
734 2333.993 307.2 0.47 -0.04
735 2344.451 168.4 0.43 -0.02
736 2348.111 518.8 0.48 0.01
737 2349.585 179.8 0.48 0.01
738 2350.240 245.8 0.42 -0.03
739 2351.251 218.5 0.44 -0.01
740 2355.784 286.7 0.36 0.03
741 2358.651 386.8 0.40 0.07
742 2359.388 218.5 0.40 0.07
743 2360.016 268.5 0.37 0.05
744 2361.791 355.0 0.37 0.03
745 2362.692 200.2 0.38 0.01
746 2364.085 268.5 0.36 -0.02
747 2364.522 350.4 0.35 -0.02
748 2366.379 616.7 0.40 -0.01
749 2374.898 491.5 0.37 0.09
750 2376.346 842.0 0.46 0.06
751 2377.411 327.7 0.47 0.05
752 2378.503 132.0 0.48 0.02
753 2381.780 218.5 0.40 0.05
754 2382.298 245.8 0.37 0.07
755 2382.790 343.6 0.46 0.01
756 2383.172 370.9 0.46 0.02
757 2384.456 300.4 0.40 0.05
758 2389.125 175.2 0.44 0.01
759 2390.572 261.7 0.38 0.04
760 2393.440 339.1 0.48 0.01
761 2395.815 359.5 0.51 0.00
762 2396.279 109.2 0.51 -0.01
763 2396.908 213.9 0.45 -0.01
764 2401.932 163.8 0.43 0.02
765 2402.697 234.4 0.45 0.04
766 2403.052 234.4 0.45 0.04
767 2405.673 218.5 0.47 -0.00
768 2406.601 179.8 0.49 0.00
769 2416.213 348.2 0.52 -0.00
770 2419.190 250.3 0.53 -0.05
771 2419.490 191.1 0.51 -0.03
772 2419.872 355.0 0.52 -0.05
773 2422.112 250.3 0.51 0.02
774 2424.132 179.8 0.50 0.04
775 2424.788 343.6 0.50 -0.01
776 2426.071 382.3 0.51 0.00
777 2432.352 289.0 0.51 0.07
778 2433.526 386.8 0.50 0.05
779 2437.731 163.8 0.52 0.05
780 2438.468 395.9 0.54 0.05
781 2439.615 257.1 0.53 0.07
782 2441.909 104.7 0.51 0.09
783 2443.793 332.2 0.49 0.07
784 2445.295 300.4 0.52 0.07
785 2447.916 332.2 0.49 0.05
786 2449.418 209.4 0.51 0.06
787 2452.832 227.6 0.41 0.07
788 2454.443 289.0 0.52 0.09
789 2458.320 234.4 0.52 0.07
790 2461.078 163.8 0.53 0.02
791 2463.181 359.5 0.51 0.04
792 2463.945 229.8 0.53 0.04
793 2464.355 209.4 0.51 0.04
794 2466.567 327.7 0.54 0.02
795 2474.377 168.4 0.59 0.05
796 2476.261 252.6 0.50 0.06
797 2479.073 304.9 0.50 -0.01
798 2479.920 163.8 0.49 -0.03
799 2480.602 359.5 0.52 0.03
800 2484.944 414.2 0.46 0.01
801 2488.494 300.4 0.41 0.02
802 2489.122 245.8 0.52 -0.04
803 2489.969 273.1 0.49 -0.05
804 2491.225 295.8 0.44 -0.03
805 2492.126 245.8 0.50 -0.02
806 2497.833 234.4 0.56 -0.04
807 2498.625 236.7 0.54 -0.03
808 2499.034 152.5 0.52 -0.02
809 2499.389 136.5 0.52 -0.01
810 2500.209 191.1 0.52 -0.02
811 2501.820 109.2 0.51 -0.02
812 2502.147 264.0 0.53 -0.03
813 2504.141 284.4 0.50 -0.04
814 2506.271 72.8 0.52 -0.03
815 2506.981 200.2 0.52 -0.05
816 2508.919 273.1 0.51 -0.04
817 2510.094 207.1 0.52 -0.04
818 2510.558 104.7 0.51 -0.05
819 2514.080 207.1 0.45 -0.01
820 2514.818 304.9 0.44 0.04
821 2518.149 136.5 0.41 -0.01
822 2520.934 530.2 0.44 -0.01
823 2522.191 421.0 0.46 -0.03
824 2523.747 245.8 0.43 -0.03
825 2524.020 238.9 0.44 -0.03
826 2525.413 250.3 0.44 -0.03
827 2525.904 261.7 0.44 -0.03
828 2526.560 339.1 0.44 -0.00
829 2527.788 186.6 0.46 -0.03
830 2531.666 213.9 0.48 0.03
831 2537.455 195.7 0.42 0.03
832 2537.837 277.6 0.46 0.04
833 2540.704 245.8 0.46 0.02
834 2547.804 295.8 0.44 0.02
835 2554.085 393.7 0.43 0.05
836 2555.368 86.5 0.49 0.03
837 2555.668 270.8 0.42 0.03
838 2556.925 350.4 0.47 0.05
839 2557.580 225.3 0.48 0.03
840 2559.355 81.9 0.23 0.02
841 2559.792 259.4 0.49 0.02
842 2567.711 168.4 0.47 0.04
843 2571.261 229.8 0.46 -0.01
844 2572.899 382.3 0.44 0.02
845 2575.002 277.6 0.48 0.00
846 2575.848 225.3 0.48 0.01
847 2576.312 323.1 0.47 0.02
848 2577.541 188.9 0.48 0.00
849 2577.814 195.7 0.47 0.01
850 2578.579 147.9 0.47 0.01
851 2580.163 377.7 0.47 -0.00
852 2581.473 223.0 0.49 -0.01
853 2583.685 348.2 0.48 -0.01
854 2585.897 316.3 0.48 0.02
855 2590.075 339.1 0.46 0.03
856 2592.696 268.5 0.46 0.03
857 2593.133 234.4 0.45 0.03
858 2597.420 464.2 0.44 0.03
859 2598.294 414.2 0.49 0.05
860 2601.025 300.4 0.46 0.04
861 2605.066 421.0 0.47 0.02
862 2606.486 241.2 0.46 0.01
863 2612.548 241.2 0.48 0.03
864 2613.231 241.2 0.48 0.02
865 2614.979 213.9 0.52 0.06
866 2615.716 284.4 0.48 0.02
867 2622.679 277.6 0.53 0.04
868 2624.044 225.3 0.47 0.02
869 2628.413 202.5 0.48 0.04
870 2628.741 268.5 0.51 0.01
871 2630.298 350.4 0.48 0.04
872 2631.417 118.3 0.51 0.01
873 2632.045 145.6 0.49 0.00
874 2632.482 143.4 0.50 0.00
875 2634.011 370.9 0.48 -0.00
876 2640.292 141.1 0.47 -0.02
877 2644.087 350.4 0.49 -0.00
878 2644.770 277.6 0.49 -0.01
879 2645.453 295.8 0.48 -0.01
880 2646.163 409.6 0.47 -0.01
881 2647.119 229.8 0.46 -0.01
882 2648.702 223.0 0.46 -0.01
883 2650.887 198.0 0.46 0.00
884 2657.249 191.1 0.47 -0.02
885 2659.707 361.8 0.46 -0.01
886 2663.284 391.4 0.47 -0.00
887 2665.578 147.9 0.47 0.01
888 2665.933 436.9 0.47 0.01
889 2666.452 289.0 0.47 0.01
890 2667.271 147.9 0.47 -0.01
891 2670.001 136.5 0.48 0.02
892 2672.404 191.1 0.46 0.05
893 2674.097 191.1 0.46 0.06
894 2677.183 245.8 0.42 -0.01
895 2684.146 268.5 0.41 0.01
896 2684.692 327.7 0.40 -0.00
897 2687.177 480.1 0.39 -0.04
898 2689.853 207.1 0.45 0.00
899 2691.519 464.2 0.44 0.01
900 2694.605 207.1 0.47 -0.04
901 2698.400 188.9 0.48 0.04
902 2703.015 277.6 0.49 0.05
903 2708.559 163.8 0.26 0.01
904 2709.159 179.8 0.53 0.01
905 2711.071 195.7 0.53 0.01
906 2712.136 323.1 0.53 0.01
907 2714.047 209.4 0.51 0.00
908 2715.358 170.7 0.49 0.03
909 2716.423 234.4 0.49 0.02
910 2719.235 109.2 0.51 -0.03
911 2721.556 207.1 0.47 -0.05
912 2723.304 359.5 0.47 -0.03
913 2727.755 116.1 0.46 0.01
914 2729.257 234.4 0.52 0.01
915 2730.540 97.8 0.52 0.02
916 2739.005 277.6 0.58 0.03
917 2741.763 207.1 0.56 0.03
918 2748.454 97.8 0.53 -0.04
919 2750.884 268.5 0.51 -0.03
920 2751.266 248.0 0.53 -0.03
921 2752.440 273.1 0.53 -0.02
922 2752.741 204.8 0.52 -0.01
923 2754.707 234.4 0.25 -0.01
924 2755.635 191.1 0.51 -0.02
925 2756.209 186.6 0.50 -0.00
926 2757.792 132.0 0.24 0.00
927 2758.175 220.7 0.48 0.00
928 2761.069 455.1 0.50 -0.01
929 2766.913 391.4 0.46 0.00
930 2767.404 147.9 0.25 0.01
931 2770.572 109.2 0.53 0.02
932 2779.037 238.9 0.52 -0.02
933 2782.341 370.9 0.52 -0.02
934 2783.160 348.2 0.51 -0.03
935 2784.799 175.2 0.48 0.02
936 2786.519 300.4 0.49 -0.01
937 2788.922 97.8 0.49 0.01
938 2789.140 118.3 0.49 0.01
939 2791.598 152.5 0.46 0.02
940 2792.718 475.6 0.44 0.01
941 2793.291 359.5 0.44 0.01
942 2795.312 480.1 0.44 0.00
943 2798.862 147.9 0.44 -0.01
944 2799.217 168.4 0.48 -0.01
945 2800.063 245.8 0.44 -0.01
946 2803.504 327.7 0.47 0.02
947 2804.596 273.1 0.47 0.03
948 2806.480 311.8 0.46 0.04
949 2813.034 398.2 0.48 0.00
950 2816.447 377.7 0.49 0.06
951 2817.021 241.2 0.39 -0.00
952 2819.178 223.0 0.26 0.04
953 2820.052 120.6 0.45 0.05
954 2820.379 186.6 0.46 0.05
955 2820.953 457.4 0.39 0.06
956 2825.404 261.7 0.41 0.05
957 2828.462 207.1 0.40 -0.00
958 2829.090 370.9 0.40 -0.01
959 2830.210 120.6 0.47 -0.00
960 2834.988 168.4 0.45 0.01
961 2838.156 218.5 0.46 0.01
962 2838.620 159.3 0.48 0.02
963 2839.139 300.4 0.45 0.01
964 2842.197 284.4 0.46 0.03
965 2842.552 270.8 0.47 0.03
966 2844.382 104.7 0.44 0.01
967 2846.048 377.7 0.43 -0.02
968 2847.085 147.9 0.41 0.02
969 2849.789 480.1 0.39 0.03
970 2859.892 304.9 0.43 0.09
971 2862.295 339.1 0.45 0.11
972 2865.053 163.8 0.43 0.11
973 2866.227 202.5 0.50 0.02
974 2869.286 204.8 0.47 0.04
975 2869.668 191.1 0.52 0.04
976 2870.050 464.2 0.47 0.04
977 2870.460 268.5 0.44 0.04
978 2872.426 671.3 0.42 0.03
979 2874.173 300.4 0.56 0.04
980 2875.621 191.1 0.41 0.05
981 2876.495 273.1 0.43 0.04
982 2877.341 289.0 0.46 0.00
983 2879.826 350.4 0.41 0.05
984 2882.393 300.4 0.40 0.03
985 2885.424 327.7 0.37 -0.02
986 2889.520 170.7 0.38 -0.01
987 2892.605 61.4 0.52 0.03
988 2893.588 120.6 0.24 0.02
989 2894.380 136.5 0.51 0.03
990 2895.609 339.1 0.49 0.02
991 2898.668 229.8 0.51 0.04
992 2908.771 132.0 0.53 0.03
993 2909.071 200.2 0.55 0.03
994 2912.539 293.5 0.54 0.03
995 2914.369 147.9 0.53 0.01
996 2915.270 264.0 0.52 0.02
997 2915.625 77.4 0.24 0.02
998 2922.697 202.5 0.24 -0.02
999 2924.909 300.4 0.50 0.01
1000 2927.285 386.8 0.53 0.02
1001 2928.268 195.7 0.51 0.01
1002 2929.579 170.7 0.49 0.02
1003 2930.261 229.8 0.49 0.04
1004 2936.323 257.1 0.53 0.05
1005 2940.884 257.1 0.53 0.06
1006 2941.921 377.7 0.51 0.07
1007 2942.740 191.1 0.55 0.05
1008 2943.614 455.1 0.51 -0.03
1009 2944.024 175.2 0.54 0.03
1010 2945.007 97.8 0.53 0.02
1011 2946.782 154.7 0.52 0.02
1012 2948.775 223.0 0.51 0.01
1013 2949.431 234.4 0.51 -0.00
1014 2949.922 295.8 0.52 -0.00
1015 2951.752 191.1 0.51 0.00
1016 2953.035 218.5 0.50 0.01
1017 2956.175 86.5 0.26 -0.01
1018 2958.879 339.1 0.53 -0.06
1019 2960.299 234.4 0.55 -0.06
1020 2961.009 223.0 0.54 -0.03
1021 2961.446 229.8 0.53 -0.03
1022 2961.910 293.5 0.54 -0.03
1023 2962.702 300.4 0.54 -0.03
1024 2964.722 225.3 0.56 -0.03
1025 2965.323 97.8 0.55 -0.03
1026 2965.760 179.8 0.55 -0.04
1027 2969.119 266.2 0.51 -0.03
1028 2969.638 120.6 0.54 -0.03
1029 2970.730 252.6 0.52 -0.03
1030 2976.819 382.3 0.51 -0.00
1031 2978.103 166.1 0.50 0.01
1032 2980.424 168.4 0.51 0.00
1033 2981.680 273.1 0.49 0.01
1034 2983.864 127.4 0.52 -0.01
1035 2985.639 266.2 0.50 -0.00
1036 2986.923 195.7 0.51 -0.01
1037 2994.842 316.3 0.46 0.02
1038 2995.197 302.6 0.49 0.02
1039 2995.907 168.4 0.50 0.01
1040 2998.965 261.7 0.50 0.01
1041 3000.876 168.4 0.54 0.01
1042 3002.406 257.1 0.39 0.07
1043 3003.798 298.1 0.39 0.07
1044 3011.389 320.9 0.55 0.03
1045 3013.629 179.8 0.53 0.04
1046 3015.895 120.6 0.53 0.02
1047 3016.769 113.8 0.53 -0.00
1048 3019.063 186.6 0.52 0.04
1049 3022.176 350.4 0.49 -0.01
1050 3023.350 311.8 0.51 -0.04
1051 3023.978 277.6 0.47 0.01
1052 3025.125 202.5 0.50 -0.03
1053 3025.971 141.1 0.46 -0.02
1054 3028.292 334.5 0.41 -0.06
1055 3030.067 634.9 0.42 -0.09
1056 3031.159 359.5 0.42 -0.10
1057 3035.228 355.0 0.38 -0.06
1058 3043.529 514.3 0.42 -0.03
1059 3043.994 309.5 0.42 -0.03
1060 3047.380 186.6 0.45 -0.02
1061 3048.608 266.2 0.51 0.00
1062 3053.305 530.2 0.49 0.00
1063 3059.804 284.4 0.49 -0.01
1064 3061.879 464.2 0.44 -0.04
1065 3062.289 213.9 0.45 -0.03
1066 3066.631 350.4 0.47 0.00
1067 3067.040 295.8 0.47 0.00
1068 3069.170 125.2 0.46 0.01
1069 3071.164 218.5 0.48 0.02
1070 3071.764 234.4 0.49 0.02
1071 3074.495 377.7 0.49 0.05
1072 3076.489 229.8 0.48 0.05
1073 3077.417 202.5 0.46 0.05
1074 3079.028 273.1 0.46 0.02
1075 3083.097 268.5 0.49 0.07
1076 3083.725 311.8 0.43 0.04
1077 3084.817 241.2 0.46 0.06
1078 3086.647 234.4 0.45 0.06
1079 3091.616 147.9 0.47 0.11
1080 3092.982 125.2 0.44 0.11
1081 3104.778 229.8 0.44 0.04
1082 3105.079 202.5 0.47 0.04
1083 3107.072 229.8 0.45 0.04
1084 3109.857 295.8 0.48 0.06
1085 3116.575 186.6 0.42 0.02
1086 3118.159 284.4 0.38 -0.00
1087 3120.835 223.0 0.42 0.01
1088 3121.299 291.3 0.46 0.01
1089 3121.763 391.4 0.46 0.03
1090 3123.565 250.3 0.44 0.03
1091 3127.415 339.1 0.48 0.02
1092 3132.249 277.6 0.44 0.03
1093 3138.256 125.2 0.49 0.02
1094 3140.523 316.3 0.52 0.01
1095 3142.844 147.9 0.52 0.05
1096 3146.776 295.8 0.53 0.05
1097 3148.442 291.3 0.52 0.05
1098 3152.456 377.7 0.51 0.05
1099 3153.002 195.7 0.51 0.06
1100 3153.548 218.5 0.51 0.06
1101 3154.531 143.4 0.25 0.04
1102 3155.651 229.8 0.52 0.05
1103 3156.989 273.1 0.51 0.02
1104 3157.262 109.2 0.51 0.04
1105 3158.245 136.5 0.51 0.02
1106 3161.931 229.8 0.51 0.02
1107 3162.505 161.6 0.51 0.00
1108 3164.225 104.7 0.51 0.01
1109 3165.181 213.9 0.54 0.02
1110 3166.655 277.6 0.52 0.04
1111 3169.632 250.3 0.51 -0.01
1112 3170.123 202.5 0.51 0.05
1113 3172.308 277.6 0.49 0.03
1114 3175.393 409.6 0.48 -0.06
1115 3176.294 229.8 0.48 -0.06
1116 3179.298 332.2 0.48 -0.02
1117 3182.875 245.8 0.46 -0.03
1118 3184.869 202.5 0.46 -0.01
1119 3187.872 284.4 0.45 -0.02
1120 3188.692 725.9 0.46 -0.03
1121 3189.647 136.5 0.45 -0.01
1122 3190.548 268.5 0.47 -0.03
1123 3193.607 223.0 0.46 0.04
1124 3197.648 170.7 0.49 0.05
1125 3198.713 207.1 0.50 0.04
1126 3199.314 364.1 0.52 0.04
1127 3201.963 120.6 0.54 0.02
1128 3202.263 127.4 0.55 0.02
1129 3204.857 316.3 0.55 0.02
1130 3205.321 309.5 0.56 0.02
1131 3209.827 339.1 0.55 0.04
1132 3211.083 257.1 0.53 0.01
1133 3212.612 277.6 0.54 0.03
1134 3214.333 218.5 0.54 0.02
1135 3216.626 193.4 0.54 0.02
1136 3220.913 186.6 0.53 0.04
1137 3222.060 436.9 0.52 0.04
1138 3222.688 229.8 0.51 0.04
1139 3235.905 339.1 0.50 0.07
1140 3238.444 289.0 0.46 0.07
1141 3239.509 414.2 0.47 0.07
1142 3243.960 234.4 0.44 0.03
1143 3244.916 894.3 0.43 0.03
1144 3246.227 323.1 0.55 0.04
1145 3248.220 116.1 0.55 0.03
1146 3248.821 125.2 0.56 0.04
1147 3249.121 86.5 0.56 0.03
1148 3250.514 241.2 0.54 0.04
1149 3251.797 202.5 0.54 0.04
1150 3252.289 93.3 0.25 0.05
1151 3255.020 225.3 0.52 0.05
1152 3256.876 295.8 0.53 0.03
1153 3257.969 229.8 0.55 0.04
1154 3261.546 152.5 0.54 0.05
1155 3261.901 195.7 0.55 0.04
1156 3262.665 159.3 0.55 0.03
1157 3262.938 175.2 0.56 0.04
1158 3263.457 93.3 0.55 0.04
1159 3264.440 88.7 0.55 0.02
1160 3276.592 202.5 0.41 0.01
1161 3277.165 370.9 0.46 0.00
1162 3281.944 289.0 0.45 0.01
1163 3285.057 234.4 0.50 0.07
1164 3286.395 261.7 0.52 0.08
1165 3288.088 584.8 0.47 0.09
1166 3289.972 213.9 0.42 0.09
1167 3292.484 236.7 0.47 0.06
1168 3293.986 218.5 0.46 0.04
1169 3298.328 175.2 0.26 0.07
1170 3300.267 175.2 0.52 0.04
1171 3301.031 295.8 0.44 0.05
1172 3302.560 250.3 0.43 0.04
1173 3303.489 261.7 0.53 0.02
1174 3305.155 282.2 0.52 0.06
1175 3307.831 264.0 0.52 0.05
1176 3308.431 202.5 0.53 0.04
1177 3309.551 295.8 0.55 0.04
1178 3310.807 136.5 0.55 0.05
1179 3320.801 261.7 0.52 0.07
1180 3322.085 245.8 0.51 0.08
1181 3323.286 250.3 0.53 0.06
1182 3327.000 432.4 0.50 0.06
1183 3327.601 175.2 0.48 0.04
1184 3328.092 277.6 0.48 0.04
1185 3334.837 213.9 0.44 0.08
1186 3337.131 343.6 0.45 0.08
1187 3339.998 277.6 0.50 0.07
1188 3342.182 300.4 0.50 0.07
1189 3344.422 125.2 0.49 0.08
1190 3346.497 109.2 0.51 0.05
1191 3346.852 170.7 0.51 0.05
1192 3348.736 245.8 0.50 0.03
1193 3351.658 254.9 0.49 0.05
1194 3360.041 202.5 0.49 0.06
1195 3360.969 132.0 0.47 0.05
1196 3361.324 132.0 0.49 0.05
1197 3362.034 191.1 0.47 0.05
1198 3365.147 398.2 0.51 0.08
1199 3366.704 186.6 0.50 0.06
1200 3368.615 109.2 0.50 0.04
1201 3372.820 471.0 0.51 0.08
1202 3373.995 327.7 0.52 0.09
1203 3382.514 295.8 0.51 0.02
1204 3382.979 175.2 0.50 0.00
1205 3387.539 120.6 0.52 0.02
1206 3388.030 273.1 0.48 0.01
1207 3388.713 141.1 0.52 0.02
1208 3388.959 229.8 0.52 0.02
1209 3389.587 273.1 0.50 0.03
1210 3391.607 293.5 0.49 0.03
1211 3391.908 198.0 0.48 0.03
1212 3393.655 109.2 0.49 0.03
1213 3395.540 179.8 0.48 0.04
1214 3398.298 300.4 0.47 0.04
1215 3402.476 316.3 0.49 0.02
1216 3404.169 211.6 0.47 0.04
1217 3405.916 132.0 0.48 0.02
1218 3407.937 207.1 0.49 0.02
1219 3408.893 382.3 0.45 0.02
1220 3413.234 234.4 0.47 0.04
1221 3413.753 261.7 0.47 0.05
1222 3418.095 277.6 0.48 0.05
1223 3420.525 195.7 0.46 0.04
1224 3421.536 159.3 0.47 0.02
1225 3422.027 323.1 0.47 0.04
1226 3425.932 225.3 0.44 0.07
1227 3426.478 289.0 0.44 0.05
1228 3428.198 245.8 0.43 0.08
1229 3428.499 289.0 0.45 0.05
1230 3431.994 109.2 0.44 0.02
1231 3433.387 234.4 0.43 0.04
1232 3438.711 245.8 0.46 0.00
1233 3439.585 382.3 0.46 0.02
1234 3440.678 223.0 0.47 0.03
1235 3441.033 229.8 0.43 0.03
1236 3443.354 136.5 0.42 0.01
1237 3444.692 282.2 0.48 0.02
1238 3445.839 409.6 0.43 0.03
1239 3447.777 234.4 0.24 0.06
1240 3452.911 555.2 0.41 0.05
1241 3460.175 307.2 0.51 0.05
1242 3461.895 339.1 0.47 0.04
1243 3463.260 154.7 0.45 0.00
1244 3468.776 295.8 0.51 0.03
1245 3474.565 213.9 0.50 0.03
1246 3477.842 245.8 0.46 0.04
1247 3478.361 218.5 0.44 0.03
1248 3481.665 261.7 0.45 0.08
1249 3483.767 207.1 0.44 0.07
1250 3484.805 159.3 0.43 0.08
1251 3492.642 229.8 0.47 -0.01
1252 3494.881 223.0 0.46 0.01
1253 3496.957 234.4 0.44 0.00
1254 3498.213 257.1 0.44 0.01
1255 3500.151 289.0 0.45 -0.01
1256 3503.619 179.8 0.45 0.05
1257 3504.166 170.7 0.45 0.02
1258 3507.388 241.2 0.46 0.02
1259 3507.961 136.5 0.47 0.02
1260 3509.600 273.1 0.46 0.03
1261 3510.118 284.4 0.49 0.05
1262 3512.248 370.9 0.53 0.04
1263 3514.569 186.6 0.54 0.04
1264 3515.771 300.4 0.52 0.06
1265 3516.017 116.1 0.52 0.04
1266 3520.659 245.8 0.55 0.03
1267 3521.888 284.4 0.51 0.03
1268 3522.816 163.8 0.49 0.02
1269 3525.001 229.8 0.52 0.02
1270 3526.175 179.8 0.48 0.05
1271 3526.748 147.9 0.50 0.00
1272 3527.813 339.1 0.52 0.00
1273 3531.855 393.7 0.48 0.02
1274 3532.319 264.0 0.48 0.02
1275 3534.285 147.9 0.50 0.02
1276 3534.749 163.8 0.50 0.01
1277 3535.077 163.8 0.47 0.01
1278 3543.433 250.3 0.53 -0.02
1279 3544.934 75.1 0.26 -0.02
1280 3550.915 332.2 0.52 -0.01
1281 3551.816 179.8 0.52 -0.01
1282 3554.737 116.1 0.26 0.01
1283 3556.021 273.1 0.51 -0.00
1284 3560.172 188.9 0.46 0.01
1285 3560.499 193.4 0.46 -0.04
1286 3563.284 257.1 0.45 0.00
1287 3564.240 268.5 0.45 0.03
1288 3564.650 248.0 0.45 0.03
1289 3565.551 355.0 0.46 0.00
1290 3566.070 268.5 0.46 -0.00
1291 3568.445 170.7 0.45 0.01
1292 3570.657 323.1 0.40 -0.04
1293 3571.640 332.2 0.40 -0.03
1294 3571.941 202.5 0.38 -0.01
1295 3575.436 109.2 0.43 -0.03
1296 3582.153 245.8 0.47 -0.05
1297 3584.365 432.4 0.48 -0.02
1298 3585.785 295.8 0.49 -0.02
1299 3586.086 289.0 0.51 -0.02
1300 3588.297 414.2 0.48 0.02
1301 3589.253 118.3 0.48 -0.01
1302 3591.793 304.9 0.47 -0.01
1303 3592.230 343.6 0.49 -0.02
1304 3593.431 202.5 0.48 -0.04
1305 3594.032 327.7 0.48 -0.03
1306 3595.998 261.7 0.48 -0.04
1307 3598.455 368.6 0.48 -0.02
1308 3600.886 191.1 0.48 -0.02
1309 3603.535 448.3 0.49 -0.02
1310 3604.326 311.8 0.48 0.04
1311 3610.170 459.7 0.41 0.03
1312 3613.365 284.4 0.40 -0.07
1313 3615.741 748.7 0.41 -0.04
1314 3618.253 289.0 0.44 -0.03
1315 3623.223 289.0 0.36 -0.00
1316 3624.015 748.7 0.35 -0.01
1317 3626.527 261.7 0.37 -0.03
1318 3627.018 370.9 0.43 0.00
1319 3636.849 218.5 0.49 -0.01
1320 3639.443 432.4 0.42 0.00
1321 3643.211 295.8 0.48 -0.01
1322 3646.652 202.5 0.44 -0.04
1323 3650.092 234.4 0.51 -0.04
1324 3650.775 257.1 0.49 -0.04
1325 3653.041 207.1 0.44 -0.03
1326 3654.598 398.2 0.45 -0.03
1327 3656.018 393.7 0.42 0.00
1328 3659.622 332.2 0.38 0.09
1329 3668.197 136.5 0.38 0.05
1330 3673.221 300.4 0.43 0.04
1331 3677.372 261.7 0.39 0.01
1332 3679.037 398.2 0.39 0.00
1333 3683.625 168.4 0.44 0.02
1334 3684.936 295.8 0.48 -0.03
1335 3685.809 343.6 0.43 0.00
1336 3688.486 311.8 0.42 -0.02
1337 3689.305 109.2 0.45 0.02
1338 3692.227 191.1 0.41 -0.07
1339 3692.855 295.8 0.43 -0.06
1340 3694.220 273.1 0.51 -0.00
1341 3705.634 127.4 0.48 0.00
1342 3708.174 266.2 0.48 0.02
1343 3708.884 170.7 0.48 0.01
1344 3709.293 295.8 0.49 0.01
1345 3715.028 250.3 0.47 0.01
1346 3718.223 207.1 0.48 -0.02
1347 3720.926 209.4 0.47 0.00
1348 3727.179 120.6 0.49 -0.00
1349 3727.370 154.7 0.50 -0.00
1350 3728.927 122.9 0.48 0.03
1351 3729.091 75.1 0.48 0.03
1352 3734.716 234.4 0.48 0.00
1353 3737.173 207.1 0.50 -0.00
1354 3747.441 250.3 0.52 0.04
1355 3750.909 132.0 0.51 0.06
1356 3751.345 163.8 0.50 0.01
1357 3755.278 182.0 0.25 -0.02
1358 3757.162 207.1 0.51 -0.04
1359 3759.155 191.1 0.50 -0.03
1360 3759.647 159.3 0.48 -0.01
1361 3765.654 241.2 0.54 0.01
1362 3766.200 213.9 0.55 0.01
1363 3767.429 147.9 0.55 0.01
1364 3771.088 170.7 0.55 0.01
1365 3775.949 464.2 0.53 0.01
1366 3779.034 245.8 0.50 0.01
1367 3781.683 359.5 0.51 0.01
1368 3784.032 113.8 0.55 0.01
1369 3784.387 175.2 0.55 0.01
1370 3785.342 141.1 0.55 0.02
1371 3788.646 136.5 0.51 0.05
1372 3799.105 311.8 0.57 -0.03
1373 3803.119 213.9 0.51 0.01
1374 3805.495 175.2 0.49 0.01
1375 3808.034 132.0 0.52 -0.00
1376 3810.164 268.5 0.49 0.00
1377 3810.929 339.1 0.53 0.00
1378 3811.584 163.8 0.50 0.01
1379 3814.943 250.3 0.51 0.01
1380 3817.974 175.2 0.51 -0.02
1381 3818.766 382.3 0.51 -0.02
1382 3819.257 382.3 0.51 -0.02
1383 3822.589 229.8 0.51 -0.06
1384 3824.691 159.3 0.53 -0.03
1385 3831.955 343.6 0.49 0.02
1386 3835.313 223.0 0.48 0.01
1387 3836.406 120.6 0.49 0.01
1388 3842.686 213.9 0.57 0.01
1389 3844.652 273.1 0.53 0.02
1390 3846.373 355.0 0.54 0.03
1391 3848.311 198.0 0.53 0.02
1392 3852.626 179.8 0.54 0.03
1393 3853.937 179.8 0.54 0.03
1394 3858.360 127.4 0.52 0.03
1395 3859.152 163.8 0.53 0.01
1396 3860.436 191.1 0.52 0.00
1397 3861.064 245.8 0.51 0.05
1398 3864.286 273.1 0.52 -0.00
1399 3867.672 339.1 0.53 0.02
1400 3868.955 132.0 0.53 0.01
1401 3871.085 152.5 0.55 0.02
1402 3871.549 170.7 0.55 0.01
1403 3876.273 179.8 0.56 -0.02
1404 3876.929 295.8 0.53 -0.01
1405 3878.431 145.6 0.52 -0.02
1406 3883.401 289.0 0.51 0.02
1407 3884.111 136.5 0.51 0.03
1408 3887.578 132.0 0.53 -0.00
1409 3888.480 264.0 0.52 -0.00
1410 3890.828 218.5 0.53 -0.00
1411 3892.139 339.1 0.52 0.01
1412 3892.958 179.8 0.52 0.02
1413 3895.060 179.8 0.51 0.02
1414 3896.672 257.1 0.50 0.03
1415 3897.764 234.4 0.50 0.04
1416 3900.003 163.8 0.50 0.03
1417 3901.041 109.2 0.51 0.03
1418 3901.423 218.5 0.48 0.03
1419 3903.744 202.5 0.50 0.03
1420 3904.181 252.6 0.52 0.02
1421 3905.492 168.4 0.50 0.04
1422 3906.748 175.2 0.53 0.01
1423 3909.287 279.9 0.52 0.01
1424 3911.854 295.8 0.46 0.04
1425 3914.148 229.8 0.44 0.05
1426 3914.503 229.8 0.50 0.05
1427 3917.725 125.2 0.47 0.02
1428 3918.080 193.4 0.44 0.02
1429 3920.565 393.7 0.47 0.02
1430 3922.176 218.5 0.49 0.03
1431 3927.009 289.0 0.46 0.08
1432 3931.160 273.1 0.47 0.06
1433 3932.061 316.3 0.47 0.05
1434 3932.798 207.1 0.49 0.02
1435 3933.699 339.1 0.49 0.02
1436 3937.577 175.2 0.52 -0.00
1437 3940.007 229.8 0.50 0.06
1438 3941.318 97.8 0.55 -0.00
1439 3941.564 268.5 0.52 0.03
1440 3942.328 70.5 0.51 0.02
1441 3945.905 186.6 0.53 0.01
1442 3947.052 168.4 0.53 -0.00
1443 3950.821 109.2 0.23 -0.02
1444 3951.394 223.0 0.52 -0.05
1445 3953.169 157.0 0.53 -0.04
1446 3954.371 261.7 0.55 -0.00
1447 3955.135 86.5 0.55 -0.01
1448 3955.872 198.0 0.55 0.02
1449 3957.729 518.8 0.53 0.07
1450 3958.357 170.7 0.53 0.08
1451 3960.569 191.1 0.51 0.07
1452 3960.897 163.8 0.51 0.06
1453 3962.563 152.5 0.50 0.07
1454 3963.191 307.2 0.51 0.00
1455 3969.362 218.5 0.51 -0.01
1456 3973.239 382.3 0.50 -0.00
1457 3976.298 145.6 0.47 0.03
1458 3978.400 152.5 0.45 0.01
1459 3991.262 245.8 0.44 0.01
1460 3994.020 261.7 0.46 -0.00
1461 3994.812 157.0 0.46 -0.01
1462 3995.658 223.0 0.46 -0.02
1463 3997.843 284.4 0.47 -0.03
1464 4000.628 339.1 0.48 -0.01
1465 4001.720 179.8 0.46 -0.01
1466 4002.676 127.4 0.46 -0.02
1467 4003.168 327.7 0.46 -0.03
1468 4003.823 93.3 0.46 0.03
1469 4005.980 202.5 0.24 -0.01
1470 4006.308 264.0 0.42 -0.01
1471 4010.322 229.8 0.23 0.07
1472 4016.193 229.8 0.41 0.06
1473 4018.241 225.3 0.49 -0.03
1474 4018.514 245.8 0.48 -0.03
1475 4022.719 300.4 0.44 -0.01
1476 4023.020 238.9 0.43 -0.01
1477 4025.177 343.6 0.41 -0.02
1478 4025.941 213.9 0.43 0.01
1479 4028.563 311.8 0.46 -0.01
1480 4030.802 120.6 0.45 -0.02
1481 4031.485 97.8 0.47 -0.02
1482 4035.990 252.6 0.45 0.01
1483 4037.847 120.6 0.44 0.02
1484 4046.667 398.2 0.45 -0.02
1485 4058.109 366.4 0.41 -0.04
1486 4062.505 116.1 0.50 0.02
1487 4066.055 86.5 0.38 -0.02
1488 4071.707 236.7 0.40 -0.01
1489 4075.011 261.7 0.38 0.00
1490 4079.107 402.8 0.22 0.01
1491 4084.514 202.5 0.41 -0.01
1492 4085.606 191.1 0.22 -0.01
1493 4091.368 289.0 0.43 0.02
1494 4095.956 589.4 0.41 -0.00
1495 4098.686 202.5 0.43 0.03
1496 4099.642 764.6 0.42 0.04
1497 4101.144 104.7 0.40 -0.03
1498 4103.574 245.8 0.39 -0.04
1499 4104.666 293.5 0.41 -0.04
1500 4105.185 309.5 0.41 -0.03
1501 4105.977 534.8 0.41 -0.03
1502 4107.697 81.9 0.44 0.01
1503 4108.954 223.0 0.42 0.02
1504 4110.019 218.5 0.40 -0.03
1505 4120.504 168.4 0.40 0.09
1506 4123.262 311.8 0.39 0.06
1507 4124.081 163.8 0.35 0.07
1508 4132.465 109.2 0.46 0.01
1509 4136.397 245.8 0.46 0.07
1510 4137.243 186.6 0.46 0.05
1511 4138.035 355.0 0.46 0.05
1512 4139.319 464.2 0.46 0.06
1513 4146.009 234.4 0.50 0.05
1514 4149.886 507.4 0.53 0.03
1515 4150.514 152.5 0.54 0.03
1516 4151.033 289.0 0.53 0.04
1517 4155.402 295.8 0.55 0.04
1518 4158.324 225.3 0.53 -0.04
1519 4160.454 229.8 0.53 -0.01
1520 4160.973 277.6 0.52 -0.01
1521 4170.476 170.7 0.52 0.03
1522 4173.561 229.8 0.51 0.04
1523 4174.899 218.5 0.51 0.04
1524 4175.418 120.6 0.52 0.03
1525 4184.074 118.3 0.56 0.06
1526 4187.597 261.7 0.56 0.04
1527 4188.416 113.8 0.24 0.03
1528 4191.474 97.8 0.53 0.02
1529 4192.812 202.5 0.54 0.05
1530 4195.461 175.2 0.50 0.07
1531 4199.748 245.8 0.52 0.05
1532 4201.796 104.7 0.53 0.04
1533 4202.288 109.2 0.52 0.04
1534 4207.285 245.8 0.53 0.04
1535 4211.490 86.5 0.53 0.03
1536 4221.075 136.5 0.49 0.08
1537 4223.642 147.9 0.48 0.02
1538 4227.191 432.4 0.50 0.06
1539 4227.956 245.8 0.41 0.13
1540 4234.209 218.5 0.48 0.01
1541 4236.367 304.9 0.47 0.08
1542 4238.578 136.5 0.46 0.05
1543 4240.981 323.1 0.46 0.01
1544 4243.029 480.1 0.45 -0.02
1545 4243.466 234.4 0.44 -0.01
1546 4246.361 195.7 0.45 0.01
1547 4246.852 382.3 0.45 0.01
1548 4248.491 452.8 0.43 0.00
1549 4250.238 168.4 0.41 0.03
1550 4250.511 318.6 0.40 0.02
1551 4256.000 227.6 0.43 0.04
1552 4256.683 245.8 0.43 0.01
1553 4257.311 166.1 0.42 0.01
1554 4257.556 220.7 0.42 0.01
1555 4259.714 327.7 0.43 -0.01
1556 4261.379 75.1 0.47 0.00
1557 4262.089 257.1 0.47 -0.00
1558 4263.782 273.1 0.46 0.00
1559 4267.715 75.1 0.23 -0.02
1560 4270.582 327.7 0.49 -0.01
1561 4271.592 343.6 0.45 0.00
1562 4274.896 150.2 0.26 0.01
1563 4278.446 339.1 0.46 0.00
1564 4281.668 223.0 0.43 0.01
1565 4287.239 191.1 0.54 0.00
1566 4289.505 175.2 0.54 0.01
1567 4294.120 132.0 0.54 -0.05
1568 4300.838 264.0 0.54 0.05
1569 4303.322 261.7 0.54 0.01
1570 4305.698 366.4 0.54 0.03
1571 4306.736 223.0 0.54 0.04
1572 4308.756 209.4 0.53 0.04
1573 4310.886 218.5 0.52 0.04
1574 4311.733 179.8 0.51 0.03
1575 4317.276 289.0 0.52 0.04
1576 4317.686 179.8 0.51 0.04
1577 4318.259 243.5 0.50 0.02
1578 4318.614 261.7 0.52 0.02
1579 4326.205 223.0 0.57 0.04
1580 4327.107 218.5 0.55 0.05
1581 4330.138 175.2 0.58 0.04
1582 4337.947 202.5 0.54 0.05
1583 4338.712 238.9 0.56 0.04
1584 4339.067 238.9 0.52 0.04
1585 4341.961 198.0 0.46 0.04
1586 4343.217 293.5 0.53 0.02
1587 4344.037 154.7 0.26 0.04
1588 4344.501 159.3 0.53 0.05
1589 4344.911 393.7 0.54 0.04
1590 4345.784 198.0 0.54 0.05
1591 4347.914 257.1 0.52 0.04
1592 4348.460 141.1 0.53 0.02
1593 4355.041 327.7 0.42 0.06
1594 4361.458 277.6 0.41 0.06
1595 4361.813 300.4 0.43 0.05
1596 4368.394 152.5 0.51 0.03
1597 4370.825 316.3 0.47 0.02
1598 4372.081 229.8 0.46 0.00
1599 4372.763 229.8 0.44 0.05
1600 4376.532 186.6 0.50 0.04
1601 4377.487 195.7 0.54 0.01
1602 4381.665 207.1 0.56 0.03
1603 4384.041 152.5 0.53 0.03
1604 4387.372 277.6 0.55 0.03
1605 4388.683 220.7 0.55 0.02
1606 4388.956 216.2 0.53 0.02
1607 4391.687 229.8 0.58 0.02
1608 4393.871 218.5 0.51 -0.01
1609 4403.156 250.3 0.46 0.04
1610 4405.722 191.1 0.40 0.04
1611 4406.296 163.8 0.43 0.03
1612 4408.644 109.2 0.43 0.02
1613 4417.519 195.7 0.52 0.01
1614 4421.506 327.7 0.47 -0.00
1615 4423.881 168.4 0.51 0.04
1616 4424.209 223.0 0.48 0.04
1617 4424.646 250.3 0.45 0.02
1618 4427.732 646.3 0.48 0.07
1619 4429.643 316.3 0.48 0.03
1620 4430.162 202.5 0.47 0.03
1621 4432.183 234.4 0.45 0.03
1622 4435.541 268.5 0.46 0.02
1623 4437.071 355.0 0.49 0.03
1624 4437.835 136.5 0.49 0.03
1625 4438.299 179.8 0.47 0.02
1626 4439.747 250.3 0.51 0.02
1627 4442.532 152.5 0.50 0.04
1628 4444.471 207.1 0.52 0.04
1629 4444.935 132.0 0.45 0.05
1630 4447.829 382.3 0.50 0.06
1631 4449.632 163.8 0.49 0.02
1632 4451.270 261.7 0.46 0.03
1633 4455.639 168.4 0.50 0.06
1634 4459.926 207.1 0.46 0.04
1635 4464.404 120.6 0.49 0.03
1636 4466.452 147.9 0.48 0.01
1637 4468.992 152.5 0.49 0.01
1638 4471.723 207.1 0.53 0.03
1639 4475.737 332.2 0.51 0.04
1640 4476.638 143.4 0.50 0.03
1641 4478.140 195.7 0.50 0.04
1642 4478.986 213.9 0.51 0.02
1643 4481.007 300.4 0.50 0.03
1644 4481.280 147.9 0.53 0.02
1645 4481.772 188.9 0.55 0.03
1646 4483.110 198.0 0.55 0.05
1647 4485.267 218.5 0.55 0.07
1648 4491.984 182.0 0.54 -0.00
1649 4496.053 132.0 0.49 0.01
1650 4498.756 218.5 0.47 0.02
1651 4501.924 191.1 0.47 0.03
1652 4506.730 229.8 0.46 0.06
1653 4512.027 355.0 0.43 0.05
1654 4513.174 300.4 0.44 0.06
1655 4517.161 147.9 0.42 0.07
1656 4518.417 159.3 0.46 0.07
1657 4521.066 179.8 0.51 0.04
1658 4523.988 175.2 0.48 -0.00
1659 4532.316 332.2 0.48 0.05
1660 4532.835 163.8 0.54 0.09
1661 4535.320 245.8 0.54 0.09
1662 4537.641 202.5 0.53 0.05
1663 4538.242 234.4 0.52 0.04
1664 4538.924 125.2 0.51 0.01
1665 4552.086 295.8 0.47 0.09
1666 4562.654 316.3 0.43 0.06
1667 4562.982 275.3 0.45 0.06
1668 4563.801 300.4 0.44 0.07
1669 4566.613 250.3 0.44 0.07
1670 4573.904 207.1 0.43 0.06
1671 4578.246 382.3 0.47 0.04
1672 4582.833 311.8 0.23 0.05
1673 4597.688 425.5 0.46 0.03
1674 4603.368 427.8 0.45 0.02
1675 4604.187 391.4 0.46 0.04
1676 4604.733 480.1 0.46 0.04
1677 4607.109 250.3 0.47 0.06
1678 4609.812 241.2 0.44 0.06
1679 4613.936 241.2 0.47 0.06
1680 4618.633 213.9 0.50 0.07
1681 4622.838 195.7 0.48 0.11
1682 4624.230 361.8 0.47 0.10
1683 4624.940 332.2 0.46 0.11
1684 4625.323 229.8 0.46 0.10
1685 4631.549 179.8 0.41 0.02
1686 4636.382 393.7 0.47 0.02
1687 4636.955 307.2 0.43 0.02
1688 4639.140 93.3 0.47 0.04
1689 4641.352 323.1 0.46 0.05
1690 4642.963 268.5 0.39 -0.01
1691 4645.612 234.4 0.47 0.08
1692 4651.401 316.3 0.48 0.04
1693 4655.524 366.4 0.47 0.05
1694 4656.616 284.4 0.46 0.06
1695 4659.538 257.1 0.48 0.07
1696 4663.088 218.5 0.47 0.06
1697 4663.334 184.3 0.47 0.06
1698 4665.136 202.5 0.46 0.07
1699 4669.641 245.8 0.47 0.05
1700 4670.024 232.1 0.43 0.05
1701 4672.727 332.2 0.47 0.04
1702 4673.300 398.2 0.42 -0.00
1703 4674.284 343.6 0.46 0.06
1704 4675.785 380.0 0.43 0.05
1705 4679.417 279.9 0.43 0.02
1706 4679.663 102.4 0.49 0.01
1707 4680.373 120.6 0.19 0.03
1708 4682.011 295.8 0.41 0.02
1709 4685.288 152.5 0.38 -0.01
1710 4686.735 359.5 0.47 0.05
1711 4692.361 125.2 0.37 0.04
1712 4693.016 370.9 0.43 0.07
1713 4693.726 179.8 0.43 0.06
1714 4695.719 339.1 0.43 0.05
1715 4696.812 475.6 0.37 -0.04
1716 4698.423 170.7 0.45 0.00
1717 4702.682 268.5 0.45 0.07
1718 4704.212 152.5 0.46 0.08
1719 4712.677 218.5 0.43 0.06
1720 4716.281 136.5 0.39 -0.00
1721 4721.988 141.1 0.43 0.03
1722 4725.347 339.1 0.40 0.01
1723 4726.822 628.1 0.40 0.01
1724 4729.825 202.5 0.39 0.06
1725 4734.850 448.3 0.37 0.03
1726 4739.710 300.4 0.39 0.04
1727 4740.693 261.7 0.40 0.03
1728 4745.172 218.5 0.40 -0.01
1729 4745.991 409.6 0.37 -0.00
1730 4746.701 207.1 0.39 0.02
1731 4748.885 175.2 0.38 -0.00
1732 4759.480 245.8 0.44 0.04
1733 4759.945 266.2 0.36 0.04
1734 4761.364 393.7 0.37 0.02
1735 4765.815 409.6 0.35 -0.02
1736 4766.635 289.0 0.41 0.03
1737 4768.000 261.7 0.40 0.02
1738 4774.772 277.6 0.42 0.03
1739 4775.728 339.1 0.41 0.01
1740 4776.165 284.4 0.43 0.04
1741 4779.660 204.8 0.42 -0.00
1742 4780.315 323.1 0.41 -0.00
1743 4781.790 300.4 0.43 -0.00
1744 4784.029 316.3 0.45 0.02
1745 4787.797 257.1 0.44 0.01
1746 4790.009 366.4 0.46 0.02
1747 4792.631 284.4 0.46 0.03
1748 4793.341 370.9 0.45 0.03
1749 4794.433 195.7 0.42 0.01
1750 4799.348 402.8 0.34 0.03
1751 4801.751 229.8 0.45 0.06
1752 4802.843 332.2 0.45 0.05
1753 4804.427 502.9 0.45 0.06
1754 4808.851 195.7 0.34 0.05
1755 4809.260 229.8 0.46 0.05
1756 4813.029 284.4 0.45 0.03
1757 4819.091 334.5 0.44 0.02
1758 4822.149 370.9 0.43 0.04
1759 4830.915 152.5 0.47 0.03
1760 4831.870 289.0 0.46 0.02
1761 4832.253 316.3 0.47 0.02
1762 4833.673 241.2 0.47 0.02
1763 4834.383 405.0 0.46 -0.00
1764 4835.693 191.1 0.35 0.00
1765 4836.867 409.6 0.49 0.02
1766 4837.304 386.8 0.47 0.01
1767 4844.595 218.5 0.23 0.07
1768 4847.817 170.7 0.44 0.05
1769 4848.800 209.4 0.46 0.04
1770 4849.647 295.8 0.46 0.03
1771 4850.357 257.1 0.42 0.02
1772 4850.903 241.2 0.44 0.06
1773 4854.371 218.5 0.42 0.04
1774 4855.491 120.6 0.42 0.01
1775 4856.938 163.8 0.42 0.03
1776 4858.385 218.5 0.46 -0.00
1777 4859.450 291.3 0.46 -0.00
1778 4862.399 163.8 0.48 0.02
1779 4865.212 152.5 0.43 0.02
1780 4869.581 436.9 0.49 0.03
1781 4872.503 157.0 0.48 0.02
1782 4873.267 311.8 0.48 0.01
1783 4875.097 304.9 0.48 0.02
1784 4875.670 120.6 0.48 0.03
1785 4878.619 163.8 0.47 0.03
1786 4878.920 232.1 0.46 0.03
1787 4881.405 234.4 0.49 0.02
1788 4888.340 257.1 0.41 0.03
1789 4889.187 116.1 0.52 0.05
1790 4897.106 289.0 0.36 0.04
1791 4897.488 282.2 0.36 0.04
1792 4899.645 218.5 0.46 0.07
1793 4903.796 195.7 0.46 0.03
1794 4908.793 277.6 0.46 -0.04
1795 4911.087 336.8 0.46 -0.03
1796 4911.797 398.2 0.46 -0.03
1797 4912.261 316.3 0.41 -0.03
1798 4918.678 359.5 0.42 -0.01
1799 4919.825 234.4 0.42 -0.03
1800 4921.218 295.8 0.42 -0.03
1801 4921.928 250.3 0.41 -0.04
1802 4923.757 314.0 0.41 -0.03
1803 4927.171 355.0 0.41 -0.01
1804 4927.935 327.7 0.42 0.04
1805 4931.321 284.4 0.40 0.05
1806 4933.233 141.1 0.44 0.01
1807 4940.769 257.1 0.46 -0.01
1808 4942.326 66.0 0.23 -0.01
1809 4944.428 163.8 0.41 0.01
1810 4947.159 245.8 0.41 -0.01
1811 4948.716 393.7 0.43 0.00
1812 4950.600 382.3 0.40 0.01
1813 4955.788 159.3 0.46 0.02
1814 4956.307 207.1 0.43 0.00
1815 4958.628 245.8 0.47 0.01
1816 4964.253 245.8 0.46 0.00
1817 4965.782 284.4 0.47 -0.00
1818 4969.114 225.3 0.48 -0.04
1819 4969.523 91.0 0.23 -0.04
1820 4977.633 104.7 0.42 0.03
1821 4979.572 530.2 0.46 0.03
1822 4988.966 136.5 0.44 0.04
1823 4989.184 129.7 0.44 0.04
1824 4991.614 355.0 0.43 0.02
1825 4992.488 300.4 0.43 0.03
1826 4993.799 261.7 0.44 0.03
1827 4995.273 136.5 0.42 0.02
1828 4997.895 261.7 0.42 0.02
1829 5000.161 191.1 0.41 0.00
1830 5001.718 225.3 0.43 0.00
1831 5005.623 136.5 0.46 -0.01
1832 5008.817 302.6 0.41 -0.01
1833 5013.023 241.2 0.43 -0.02
1834 5015.344 311.8 0.45 0.02
1835 5018.266 327.7 0.40 0.03
1836 5019.604 289.0 0.44 0.05
1837 5020.532 241.2 0.46 0.02
1838 5021.897 273.1 0.45 0.04
1839 5022.826 186.6 0.45 0.03
1840 5026.949 218.5 0.44 0.07
1841 5038.609 339.1 0.41 0.02
1842 5040.084 277.6 0.40 0.03
1843 5040.357 168.4 0.39 0.02
1844 5040.930 213.9 0.40 0.02
1845 5046.036 118.3 0.42 0.02
1846 5049.969 291.3 0.43 0.07
1847 5051.825 295.8 0.42 0.07
1848 5052.344 168.4 0.41 0.05
1849 5053.164 129.7 0.45 0.08
1850 5053.901 421.0 0.41 0.07
1851 5056.686 147.9 0.41 0.05
1852 5062.530 273.1 0.41 0.02
1853 5066.626 514.3 0.43 0.04
1854 5068.373 421.0 0.44 0.04
1855 5068.728 339.1 0.45 0.04
1856 5069.766 309.5 0.45 0.03
1857 5073.043 316.3 0.43 0.02
1858 5076.156 277.6 0.47 0.06
1859 5076.620 270.8 0.48 0.06
1860 5078.095 229.8 0.46 0.06
1861 5079.241 118.3 0.47 0.05
1862 5084.812 218.5 0.46 0.04
1863 5085.932 152.5 0.46 0.02
1864 5086.560 464.2 0.46 0.04
1865 5088.198 195.7 0.46 0.04
1866 5091.557 252.6 0.45 0.03
1867 5095.953 132.0 0.46 0.00
1868 5096.963 327.7 0.45 -0.00
1869 5097.428 334.5 0.46 -0.00
1870 5098.056 136.5 0.44 0.00
1871 5099.093 284.4 0.44 0.00
1872 5101.879 93.3 0.45 0.02
1873 5103.735 339.1 0.43 0.02
1874 5105.702 261.7 0.40 0.06
1875 5106.466 186.6 0.24 0.01
1876 5111.791 236.7 0.42 0.03
1877 5113.894 273.1 0.43 0.04
1878 5115.532 218.5 0.43 0.04
1879 5115.832 218.5 0.43 0.04
1880 5121.539 132.0 0.44 0.04
1881 5122.331 361.8 0.46 -0.02
1882 5135.357 245.8 0.41 -0.04
1883 5139.862 300.4 0.42 -0.02
1884 5140.299 348.2 0.43 -0.02
1885 5143.194 250.3 0.40 -0.07
1886 5145.050 304.9 0.39 -0.05
1887 5149.392 229.8 0.36 0.02
1888 5160.015 175.2 0.43 -0.02
1889 5160.424 113.8 0.41 -0.02
1890 5168.097 250.3 0.35 -0.02
1891 5168.589 241.2 0.38 -0.00
1892 5180.303 261.7 0.42 -0.00
1893 5182.188 118.3 0.23 -0.07
1894 5187.813 179.8 0.40 -0.02
1895 5190.516 268.5 0.40 0.00
1896 5193.083 307.2 0.37 -0.01
1897 5196.387 339.1 0.38 0.06
1898 5206.245 464.2 0.37 0.03
1899 5211.679 147.9 0.45 -0.00
1900 5217.167 355.0 0.34 0.01
1901 5224.240 452.8 0.36 0.01
1902 5226.534 186.6 0.51 0.02
1903 5230.848 348.2 0.52 0.00
1904 5231.667 234.4 0.52 0.01
1905 5232.568 311.8 0.52 0.00
1906 5238.521 300.4 0.50 0.03
1907 5241.088 175.2 0.50 0.01
1908 5242.808 218.5 0.50 -0.02
1909 5252.366 279.9 0.44 0.06
1910 5260.885 218.5 0.23 -0.02
1911 5263.152 273.1 0.41 -0.05
1912 5267.657 229.8 0.35 -0.04
1913 5269.542 261.7 0.34 -0.07
1914 5272.054 339.1 0.38 -0.06
1915 5272.955 191.1 0.41 -0.10
1916 5273.201 223.0 0.40 -0.09
1917 5278.034 275.3 0.34 -0.00
1918 5278.416 245.8 0.37 -0.07
1919 5278.853 307.2 0.44 -0.07
1920 5284.123 191.1 0.39 -0.01
1921 5285.680 402.8 0.37 -0.02
1922 5286.554 300.4 0.42 0.00
1923 5288.820 273.1 0.47 -0.01
1924 5289.585 398.2 0.38 -0.01
1925 5293.298 248.0 0.46 -0.03
1926 5294.746 179.8 0.45 -0.05
1927 5296.439 186.6 0.51 -0.04
1928 5296.712 220.7 0.52 -0.04
1929 5298.787 191.1 0.49 -0.07
1930 5305.395 234.4 0.46 -0.02
1931 5308.126 120.6 0.51 0.02
1932 5308.344 213.9 0.52 0.02
1933 5310.310 186.6 0.52 -0.04
1934 5312.468 436.9 0.46 0.02
1935 5315.635 152.5 0.44 0.04
1936 5316.099 373.2 0.46 0.05
1937 5317.055 273.1 0.41 0.04
1938 5318.912 273.1 0.40 0.06
1939 5320.742 414.2 0.42 0.08
1940 5329.370 191.1 0.45 0.02
1941 5332.784 421.0 0.45 0.02
1942 5339.884 141.1 0.50 -0.01
1943 5347.639 252.6 0.51 -0.05
1944 5349.059 300.4 0.42 -0.06
1945 5351.707 355.0 0.47 -0.09
1946 5353.810 273.1 0.46 -0.06
1947 5364.023 81.9 0.38 0.01
1948 5364.378 147.9 0.38 0.02
1949 5365.279 557.5 0.44 0.06
1950 5365.716 191.1 0.36 0.05
1951 5371.204 355.0 0.40 0.00
1952 5372.324 261.7 0.46 0.00
1953 5372.897 175.2 0.50 0.04
1954 5375.573 191.1 0.51 0.03
1955 5375.956 300.4 0.50 0.03
1956 5377.949 236.7 0.53 0.05
1957 5378.877 257.1 0.48 0.11
1958 5380.598 382.3 0.48 0.01
1959 5386.086 311.8 0.44 0.08
1960 5387.561 518.8 0.44 0.08
1961 5389.281 361.8 0.45 0.06
1962 5391.329 218.5 0.45 0.05
1963 5393.050 284.4 0.40 0.07
1964 5395.944 289.0 0.44 0.03
1965 5400.204 159.3 0.45 -0.04
1966 5400.586 257.1 0.44 -0.03
1967 5405.693 318.6 0.45 0.00
1968 5411.099 327.7 0.49 0.02
1969 5415.031 475.6 0.45 0.04
1970 5415.741 377.7 0.39 0.01
1971 5416.042 234.4 0.44 0.01
1972 5421.039 172.9 0.48 0.09
1973 5422.677 377.7 0.47 0.10
1974 5425.517 186.6 0.48 0.02
1975 5425.954 307.2 0.50 0.02
1976 5427.210 132.0 0.52 -0.00
1977 5429.176 202.5 0.52 -0.01
1978 5430.815 339.1 0.52 -0.02
1979 5434.720 250.3 0.53 -0.04
1980 5448.428 245.8 0.42 0.05
1981 5448.974 327.7 0.42 0.05
1982 5452.169 273.1 0.45 -0.02
1983 5458.886 1014.9 0.39 0.07
1984 5468.471 209.4 0.45 -0.07
1985 5469.372 314.0 0.51 -0.05
1986 5473.659 186.6 0.58 0.01
1987 5477.673 229.8 0.56 -0.02
1988 5486.766 229.8 0.52 0.04
1989 5487.831 223.0 0.51 0.04
1990 5495.040 207.1 0.57 -0.00
1991 5499.546 234.4 0.51 -0.02
1992 5500.201 405.0 0.54 0.01
1993 5501.020 191.1 0.58 0.01
1994 5501.757 179.8 0.55 0.01
1995 5503.560 252.6 0.57 0.03
1996 5504.952 198.0 0.55 0.03
1997 5507.055 257.1 0.57 -0.03
1998 5507.273 175.2 0.56 -0.03
1999 5508.175 113.8 0.56 -0.03
2000 5508.502 182.0 0.56 -0.03
