1 1.294 289.0 0.56 0.00
2 4.734 175.2 0.57 0.01
3 6.100 170.7 0.56 0.00
4 9.103 218.5 0.57 0.01
5 13.254 202.5 0.57 0.03
6 16.012 229.8 0.54 0.01
7 23.876 198.0 0.55 0.01
8 24.695 202.5 0.56 0.02
9 26.743 229.8 0.55 0.03
10 29.365 159.3 0.55 0.03
11 29.611 132.0 0.55 0.03
12 32.123 97.8 0.55 0.01
13 35.072 152.5 0.54 0.02
14 37.803 163.8 0.56 0.02
15 38.240 191.1 0.55 0.02
16 43.182 311.8 0.54 0.02
17 43.837 163.8 0.53 0.03
18 44.384 218.5 0.54 0.04
19 44.711 232.1 0.54 0.04
20 45.449 327.7 0.54 0.05
21 51.429 223.0 0.58 0.05
22 52.712 132.0 0.56 0.05
23 54.378 218.5 0.58 0.06
24 54.624 163.8 0.59 0.06
25 56.753 186.6 0.58 0.06
26 61.095 250.3 0.59 0.06
27 61.532 241.2 0.60 0.05
28 62.078 75.1 0.59 0.05
29 65.683 202.5 0.59 0.04
30 66.802 250.3 0.58 0.03
31 67.403 327.7 0.59 0.03
32 68.086 245.8 0.59 0.03
33 68.577 245.8 0.60 0.03
34 73.574 218.5 0.52 0.04
35 74.885 311.8 0.50 0.05
36 76.141 136.5 0.58 0.08
37 77.015 125.2 0.56 0.08
38 79.964 295.8 0.57 0.06
39 83.978 191.1 0.55 0.05
40 85.125 179.8 0.56 0.04
41 86.354 223.0 0.55 0.04
42 89.521 245.8 0.55 0.05
43 90.559 361.8 0.55 0.04
44 91.897 207.1 0.53 0.05
45 94.300 109.2 0.54 0.05
46 96.157 202.5 0.53 0.05
47 97.850 179.8 0.51 0.06
48 99.188 147.9 0.51 0.06
49 101.263 245.8 0.52 0.06
50 104.458 298.1 0.48 0.04
51 106.233 125.2 0.55 0.02
52 108.609 279.9 0.50 0.00
53 109.100 279.9 0.53 0.00
54 109.510 248.0 0.52 0.02
55 110.111 147.9 0.53 0.01
56 111.940 104.7 0.53 0.01
57 112.377 200.2 0.51 0.01
58 112.896 207.1 0.52 0.02
59 113.196 179.8 0.53 0.02
60 114.261 225.3 0.54 0.01
61 115.927 186.6 0.54 0.01
62 120.678 202.5 0.56 0.03
63 121.798 132.0 0.56 0.02
64 124.174 213.9 0.57 0.03
65 125.757 202.5 0.56 0.03
66 126.659 141.1 0.57 0.04
67 127.860 257.1 0.56 0.04
68 128.188 216.2 0.57 0.04
69 132.065 241.2 0.54 0.01
70 135.997 125.2 0.53 0.03
71 136.680 245.8 0.54 0.03
72 137.745 264.0 0.55 0.04
73 138.510 316.3 0.54 0.03
74 140.039 366.4 0.55 0.03
75 141.868 195.7 0.56 0.02
76 142.879 327.7 0.57 0.02
77 146.128 143.4 0.56 0.03
78 147.084 332.2 0.57 0.02
79 147.930 241.2 0.57 0.03
80 148.750 252.6 0.55 0.03
81 149.350 141.1 0.56 0.01
82 150.006 175.2 0.56 0.01
83 152.190 186.6 0.56 0.01
84 153.446 120.6 0.57 0.03
85 153.692 120.6 0.56 0.03
86 153.883 136.5 0.55 0.03
87 155.604 200.2 0.54 0.03
88 156.122 177.5 0.56 0.03
89 160.137 257.1 0.56 0.03
90 163.113 261.7 0.57 0.03
91 164.478 361.8 0.56 0.04
92 165.980 218.5 0.53 0.05
93 166.417 218.5 0.57 0.01
94 173.844 136.5 0.56 0.01
95 176.439 125.2 0.57 0.03
96 176.657 268.5 0.57 0.00
97 179.633 284.4 0.56 0.03
98 180.152 161.6 0.56 0.02
99 184.303 218.5 0.57 0.04
100 184.986 254.9 0.56 0.04
101 187.989 243.5 0.56 0.07
102 188.372 168.4 0.57 0.01
103 190.310 191.1 0.52 0.03
104 191.921 163.8 0.53 0.06
105 192.195 225.3 0.55 0.06
106 194.051 191.1 0.54 0.06
107 195.116 168.4 0.54 0.06
108 195.881 202.5 0.55 0.05
109 196.864 355.0 0.54 0.05
110 197.629 159.3 0.54 0.05
111 198.612 300.4 0.54 0.05
112 203.445 566.6 0.55 0.04
113 204.046 518.8 0.55 0.04
114 205.029 339.1 0.54 0.04
115 207.896 289.0 0.56 0.04
116 208.469 200.2 0.55 0.03
117 215.296 229.8 0.53 0.03
118 215.487 97.8 0.54 0.03
119 215.788 175.2 0.55 0.03
120 216.934 132.0 0.55 0.03
121 219.119 163.8 0.55 0.03
122 219.720 366.4 0.54 0.03
123 221.222 213.9 0.53 0.04
124 222.915 186.6 0.53 0.03
125 224.526 234.4 0.56 0.03
126 227.611 223.0 0.55 0.03
127 228.376 195.7 0.56 0.03
128 228.758 202.5 0.55 0.03
129 229.414 238.9 0.54 0.02
130 230.014 163.8 0.55 0.02
131 232.390 163.8 0.56 0.02
132 235.148 159.3 0.56 0.02
133 236.896 66.0 0.57 0.00
134 237.742 218.5 0.57 0.02
135 238.479 163.8 0.56 0.02
136 239.626 211.6 0.55 0.01
137 240.009 191.1 0.56 0.01
138 242.493 245.8 0.55 0.02
139 245.169 300.4 0.55 0.03
140 247.409 218.5 0.56 0.04
141 248.364 136.5 0.55 0.03
142 250.303 339.1 0.55 0.02
143 251.122 136.5 0.54 0.03
144 252.624 327.7 0.53 0.00
145 253.689 116.1 0.54 -0.01
146 256.556 229.8 0.55 -0.01
147 258.304 147.9 0.54 -0.02
148 258.495 102.4 0.54 -0.01
149 264.175 277.6 0.55 0.02
150 265.677 109.2 0.56 0.04
151 265.950 268.5 0.56 0.05
152 270.319 175.2 0.57 0.04
153 277.910 264.0 0.58 0.05
154 278.620 257.1 0.55 0.05
155 278.921 216.2 0.54 0.05
156 279.985 152.5 0.51 0.05
157 281.351 350.4 0.57 0.06
158 281.624 175.2 0.57 0.04
159 282.525 191.1 0.57 0.04
160 284.737 179.8 0.58 0.04
161 289.871 327.7 0.57 0.04
162 290.717 223.0 0.57 0.02
163 295.277 218.5 0.55 0.04
164 298.472 370.9 0.54 0.03
165 299.018 309.5 0.55 0.03
166 299.346 202.5 0.54 0.03
167 299.783 202.5 0.55 0.04
168 301.121 252.6 0.54 0.02
169 303.114 339.1 0.53 0.03
170 309.531 273.1 0.53 0.02
171 309.996 198.0 0.54 0.02
172 310.323 143.4 0.52 0.02
173 310.678 172.9 0.52 0.01
174 311.060 204.8 0.53 0.02
175 312.972 252.6 0.56 0.01
176 315.375 238.9 0.56 0.01
177 315.866 202.5 0.57 0.01
178 316.877 136.5 0.57 0.02
179 317.177 157.0 0.59 0.02
180 317.723 175.2 0.55 0.03
181 326.243 339.1 0.54 0.05
182 327.881 168.4 0.55 0.05
183 329.520 409.6 0.54 0.05
184 331.568 304.9 0.54 0.04
185 333.343 152.5 0.54 0.03
186 333.725 193.4 0.55 0.03
187 335.008 257.1 0.56 0.03
188 336.592 273.1 0.54 0.04
189 337.111 327.7 0.53 0.05
190 337.848 179.8 0.55 0.05
191 338.995 273.1 0.58 0.05
192 339.268 147.9 0.58 0.04
193 340.361 168.4 0.57 0.06
194 342.627 257.1 0.54 0.05
195 344.156 257.1 0.54 0.04
196 346.013 223.0 0.54 0.01
197 346.832 125.2 0.57 0.03
198 349.508 154.7 0.55 0.03
199 349.754 141.1 0.57 0.03
200 350.874 273.1 0.58 0.04
201 351.420 152.5 0.55 0.03
202 351.665 152.5 0.58 0.03
203 353.632 147.9 0.56 0.03
204 355.407 179.8 0.58 0.03
205 356.198 175.2 0.58 0.02
206 357.181 184.3 0.58 0.02
207 358.738 152.5 0.57 0.02
208 359.857 152.5 0.57 0.02
209 363.489 273.1 0.57 0.03
210 368.241 163.8 0.58 0.03
211 370.671 141.1 0.58 0.04
212 371.135 207.1 0.59 0.04
213 372.555 168.4 0.58 0.01
214 373.920 245.8 0.58 0.03
215 375.559 109.2 0.57 0.03
216 377.580 289.0 0.56 0.04
217 379.436 279.9 0.56 0.04
218 379.846 88.7 0.55 0.03
219 382.768 120.6 0.53 0.02
220 386.618 225.3 0.53 0.00
221 388.966 261.7 0.56 0.01
222 389.786 202.5 0.52 -0.02
223 390.059 229.8 0.57 -0.02
224 390.659 414.2 0.52 -0.02
225 393.472 218.5 0.51 0.01
226 398.169 125.2 0.54 0.02
227 399.261 175.2 0.54 0.03
228 403.002 182.0 0.55 0.04
229 403.575 459.7 0.56 0.04
230 410.730 188.9 0.55 0.03
231 413.297 257.1 0.56 0.03
232 417.256 268.5 0.54 0.03
233 417.529 207.1 0.54 0.03
234 419.495 218.5 0.54 0.03
235 420.342 191.1 0.53 0.03
236 422.717 157.0 0.51 0.03
237 431.019 163.8 0.55 0.01
238 432.329 245.8 0.55 0.02
239 434.869 218.5 0.56 -0.00
240 436.207 198.0 0.56 -0.01
241 436.589 150.2 0.55 -0.01
242 438.446 175.2 0.55 -0.02
243 438.746 120.6 0.56 -0.01
244 440.713 175.2 0.55 -0.02
245 442.815 284.4 0.54 -0.01
246 444.972 141.1 0.54 -0.01
247 446.447 327.7 0.50 -0.00
248 447.157 141.1 0.54 0.00
249 448.986 250.3 0.54 0.03
250 450.761 238.9 0.55 0.02
251 451.990 225.3 0.55 0.02
252 455.404 125.2 0.53 0.02
253 456.550 159.3 0.53 0.02
254 459.773 132.0 0.52 0.01
255 460.046 166.1 0.51 0.01
256 462.585 229.8 0.50 0.02
257 463.623 273.1 0.50 0.02
258 467.937 245.8 0.53 0.04
259 468.429 234.4 0.49 0.04
260 471.214 132.0 0.49 0.02
261 473.344 191.1 0.54 0.04
262 475.146 113.8 0.53 0.04
263 477.686 464.2 0.53 0.04
264 478.778 332.2 0.53 0.05
265 479.433 109.2 0.53 0.03
266 486.888 300.4 0.52 0.05
267 488.963 202.5 0.51 0.03
268 489.892 229.8 0.51 0.03
269 493.715 136.5 0.51 0.03
270 495.517 300.4 0.52 0.05
271 497.046 457.4 0.49 0.01
272 500.050 229.8 0.46 0.04
273 500.569 300.4 0.50 0.03
274 502.071 163.8 0.48 0.03
275 504.528 109.2 0.50 0.02
276 505.265 355.0 0.50 0.01
277 510.536 245.8 0.49 0.01
278 514.331 97.8 0.50 -0.00
279 515.314 238.9 0.49 0.02
280 515.724 234.4 0.50 -0.00
281 519.110 300.4 0.48 0.02
282 519.956 304.9 0.48 0.00
283 523.916 245.8 0.50 0.05
284 527.165 159.3 0.51 0.04
285 531.098 273.1 0.55 0.03
286 532.954 238.9 0.53 0.03
287 535.794 120.6 0.53 0.03
288 536.559 261.7 0.52 0.02
289 538.033 295.8 0.51 0.04
290 539.508 141.1 0.51 0.05
291 541.747 261.7 0.50 0.02
292 544.915 104.7 0.50 0.05
293 545.952 284.4 0.50 0.05
294 548.055 159.3 0.47 0.03
295 548.465 323.1 0.47 0.07
296 550.704 202.5 0.50 0.09
297 551.223 355.0 0.47 0.09
298 552.861 245.8 0.48 0.09
299 559.278 382.3 0.42 0.08
300 560.780 261.7 0.50 0.08
301 563.401 218.5 0.47 0.07
302 564.985 250.3 0.47 0.09
303 569.737 186.6 0.46 0.09
304 572.112 327.7 0.48 0.06
305 572.549 398.2 0.49 0.04
306 574.925 229.8 0.47 0.03
307 575.826 332.2 0.54 -0.02
308 576.372 202.5 0.48 0.02
309 579.075 436.9 0.48 0.02
310 583.281 163.8 0.46 0.03
311 584.182 273.1 0.46 0.02
312 584.728 218.5 0.49 0.02
313 585.766 218.5 0.43 -0.01
314 587.704 191.1 0.44 -0.01
315 588.715 273.1 0.46 -0.00
316 590.298 234.4 0.46 0.00
317 591.473 257.1 0.44 0.01
318 591.746 88.7 0.47 0.00
319 593.056 102.4 0.48 0.02
320 594.313 284.4 0.50 0.01
321 595.159 348.2 0.49 0.02
322 596.361 252.6 0.48 0.02
323 598.409 152.5 0.46 0.02
324 602.750 257.1 0.51 0.05
325 603.187 223.0 0.48 0.05
326 607.720 350.4 0.53 0.04
327 612.144 327.7 0.44 0.04
328 616.212 154.7 0.51 0.04
329 618.042 170.7 0.49 0.06
330 622.302 159.3 0.47 -0.01
331 627.709 373.2 0.46 -0.01
332 630.193 393.7 0.50 -0.01
333 632.515 191.1 0.50 0.02
334 633.061 245.8 0.52 0.03
335 637.430 273.1 0.52 0.02
336 645.431 343.6 0.53 0.02
337 646.823 152.5 0.54 0.03
338 647.397 304.9 0.53 0.02
339 647.724 264.0 0.53 0.02
340 648.325 177.5 0.53 0.02
341 649.499 152.5 0.48 0.05
342 649.827 261.7 0.51 0.00
343 650.237 163.8 0.53 0.01
344 650.728 268.5 0.47 0.01
345 652.367 607.6 0.46 -0.02
346 654.906 311.8 0.53 0.03
347 656.708 339.1 0.46 0.03
348 657.336 284.4 0.52 0.03
349 665.610 191.1 0.46 0.01
350 666.976 323.1 0.48 -0.02
351 668.751 257.1 0.50 0.01
352 671.727 191.1 0.50 0.02
353 688.848 261.7 0.50 0.03
354 690.050 229.8 0.48 0.04
355 690.377 223.0 0.48 0.04
356 692.862 261.7 0.52 0.03
357 693.354 202.5 0.51 0.02
358 693.818 163.8 0.50 0.02
359 694.910 159.3 0.49 0.01
360 706.925 159.3 0.53 0.03
361 707.690 195.7 0.53 0.02
362 708.591 186.6 0.52 0.01
363 713.452 195.7 0.52 0.01
364 718.203 216.2 0.51 0.00
365 720.251 289.0 0.51 -0.02
366 721.534 152.5 0.49 0.01
367 726.340 136.5 0.51 0.02
368 727.760 207.1 0.50 0.01
369 729.726 229.8 0.50 0.01
370 742.069 461.9 0.50 0.01
371 742.697 218.5 0.50 0.01
372 743.134 236.7 0.51 0.02
373 746.083 143.4 0.46 0.02
374 752.609 88.7 0.45 0.03
375 755.040 316.3 0.46 0.07
376 756.460 250.3 0.42 0.04
377 760.692 223.0 0.41 0.07
378 765.307 191.1 0.47 0.02
379 766.181 179.8 0.46 0.00
380 767.792 323.1 0.47 -0.05
381 768.174 223.0 0.47 0.00
382 770.495 234.4 0.47 0.01
383 774.182 223.0 0.48 0.02
384 780.790 277.6 0.47 -0.01
385 784.121 168.4 0.50 -0.00
386 785.487 414.2 0.50 -0.00
387 788.982 191.1 0.53 -0.00
388 791.194 200.2 0.55 0.01
389 791.494 220.7 0.55 0.01
390 791.876 225.3 0.56 0.01
391 792.586 284.4 0.55 0.02
392 793.324 264.0 0.54 0.03
393 793.679 179.8 0.54 0.03
394 796.109 241.2 0.53 0.03
395 796.409 143.4 0.53 0.04
396 802.116 241.2 0.56 0.04
397 805.912 261.7 0.56 0.02
398 806.977 289.0 0.56 0.02
399 809.899 304.9 0.57 0.02
400 814.595 252.6 0.59 0.00
401 815.442 113.8 0.56 0.02
402 816.179 136.5 0.59 0.01
403 817.080 175.2 0.57 0.01
404 818.446 136.5 0.57 0.00
405 818.719 179.8 0.57 -0.00
406 820.767 218.5 0.56 -0.00
407 821.395 179.8 0.55 0.01
408 828.768 229.8 0.55 -0.00
409 833.492 143.4 0.57 -0.02
410 836.495 150.2 0.56 -0.01
411 837.861 311.8 0.53 0.03
412 844.933 163.8 0.58 0.03
413 846.572 261.7 0.58 0.04
414 847.145 125.2 0.58 0.03
415 849.766 143.4 0.57 0.06
416 852.087 277.6 0.54 0.02
417 854.026 289.0 0.55 0.00
418 857.167 125.2 0.54 0.02
419 858.423 382.3 0.55 0.03
420 859.351 261.7 0.55 0.02
421 860.416 425.5 0.54 0.01
422 861.099 175.2 0.55 0.01
423 861.945 159.3 0.55 0.01
424 863.065 170.7 0.54 0.01
425 864.157 186.6 0.55 0.01
426 866.478 225.3 0.55 0.01
427 868.745 218.5 0.54 0.01
428 869.209 300.4 0.54 0.02
429 880.350 229.8 0.55 0.00
430 883.408 113.8 0.56 0.01
431 885.484 175.2 0.57 0.03
432 888.596 120.6 0.56 0.02
433 890.317 109.2 0.56 0.02
434 891.436 236.7 0.56 0.03
435 893.184 195.7 0.57 0.03
436 894.659 136.5 0.57 0.02
437 896.133 163.8 0.56 0.01
438 896.952 234.4 0.56 0.04
439 898.645 159.3 0.52 0.05
440 899.110 261.7 0.56 0.04
441 902.714 179.8 0.57 0.03
442 903.615 132.0 0.58 0.03
443 906.728 113.8 0.56 0.02
444 908.394 459.7 0.50 -0.03
445 909.541 202.5 0.56 0.03
446 914.046 218.5 0.51 0.03
447 915.603 179.8 0.54 0.03
448 917.487 284.4 0.53 0.03
449 918.497 291.3 0.55 0.02
450 919.508 261.7 0.56 0.03
451 921.364 245.8 0.54 0.03
452 925.351 179.8 0.56 0.01
453 927.072 234.4 0.51 -0.02
454 927.345 254.9 0.58 -0.02
455 927.727 250.3 0.57 0.02
456 933.297 152.5 0.52 -0.05
457 935.509 170.7 0.49 0.06
458 937.039 229.8 0.55 0.10
459 939.441 97.8 0.53 0.07
460 942.090 229.8 0.53 0.04
461 943.592 213.9 0.52 0.03
462 944.166 377.7 0.53 0.03
463 944.957 211.6 0.53 0.02
464 946.569 409.6 0.52 0.02
465 947.279 125.2 0.52 0.03
466 948.698 300.4 0.56 0.01
467 949.026 223.0 0.52 -0.00
468 955.771 213.9 0.55 0.01
469 958.365 223.0 0.54 0.03
470 960.604 268.5 0.51 0.04
471 961.642 284.4 0.55 0.04
472 961.942 125.2 0.55 0.03
473 972.346 327.7 0.54 -0.01
474 973.793 245.8 0.54 0.00
475 974.094 245.8 0.55 0.00
476 975.268 211.6 0.54 0.01
477 976.742 348.2 0.55 -0.00
478 977.234 195.7 0.56 -0.00
479 980.756 345.9 0.58 0.00
480 982.777 141.1 0.57 -0.00
481 985.726 125.2 0.57 -0.01
482 986.928 366.4 0.56 -0.01
483 987.392 257.1 0.57 -0.01
484 988.157 191.1 0.57 -0.00
485 988.375 159.3 0.57 0.00
486 990.969 218.5 0.59 0.02
487 991.351 141.1 0.59 0.02
488 993.454 218.5 0.59 0.03
489 993.673 113.8 0.58 0.02
490 996.813 257.1 0.58 0.03
491 1000.800 136.5 0.56 0.02
492 1000.963 81.9 0.56 0.02
493 1002.493 207.1 0.56 0.02
494 1003.066 436.9 0.56 0.01
495 1003.694 229.8 0.58 0.01
496 1005.059 213.9 0.57 0.01
497 1005.687 234.4 0.52 -0.01
498 1006.152 273.1 0.57 -0.01
499 1006.452 202.5 0.57 -0.01
500 1007.790 170.7 0.58 -0.01
501 1010.575 159.3 0.55 -0.00
502 1011.121 257.1 0.56 0.00
503 1013.142 152.5 0.57 -0.01
504 1017.238 218.5 0.55 0.00
505 1018.795 229.8 0.58 -0.00
506 1020.433 125.2 0.57 0.02
507 1020.897 307.2 0.58 0.00
508 1023.191 241.2 0.54 0.03
509 1025.021 311.8 0.56 0.04
510 1027.287 152.5 0.54 0.01
511 1028.270 229.8 0.56 -0.02
512 1031.574 207.1 0.56 -0.04
513 1033.486 257.1 0.55 0.00
514 1038.428 136.5 0.53 0.01
515 1038.647 211.6 0.55 0.01
516 1040.613 202.5 0.54 -0.01
517 1041.132 316.3 0.54 -0.01
518 1043.480 179.8 0.56 -0.01
519 1044.599 179.8 0.54 -0.01
520 1046.511 198.0 0.53 -0.01
521 1048.395 355.0 0.56 -0.01
522 1049.651 172.9 0.55 -0.01
523 1050.088 175.2 0.55 -0.00
524 1051.727 261.7 0.55 -0.02
525 1053.010 175.2 0.54 -0.01
526 1055.495 163.8 0.55 -0.01
527 1056.096 175.2 0.55 -0.02
528 1059.673 163.8 0.54 -0.01
529 1061.175 207.1 0.53 -0.01
530 1061.666 168.4 0.54 -0.00
531 1062.321 141.1 0.54 -0.00
532 1063.933 179.8 0.55 -0.00
533 1066.063 348.2 0.54 -0.01
534 1067.401 147.9 0.54 -0.02
535 1072.480 223.0 0.53 -0.01
536 1073.845 163.8 0.52 -0.02
537 1074.555 77.4 0.50 -0.01
538 1075.074 186.6 0.51 -0.02
539 1076.166 186.6 0.51 -0.01
540 1076.412 172.9 0.50 -0.00
541 1079.088 229.8 0.48 -0.01
542 1086.515 355.0 0.51 0.04
543 1088.263 209.4 0.52 0.05
544 1088.754 198.0 0.52 0.05
545 1090.447 398.2 0.50 0.04
546 1091.540 202.5 0.54 0.00
547 1092.031 152.5 0.50 0.02
548 1093.260 436.9 0.53 0.01
549 1098.885 307.2 0.55 0.00
550 1099.895 179.8 0.56 0.01
551 1102.326 218.5 0.57 0.02
552 1104.374 186.6 0.55 0.03
553 1104.838 182.0 0.54 0.02
554 1105.603 268.5 0.56 0.01
555 1108.006 113.8 0.57 0.00
556 1108.169 136.5 0.57 -0.00
557 1109.207 170.7 0.57 0.01
558 1109.999 163.8 0.59 0.01
559 1113.440 207.1 0.55 -0.01
560 1113.904 132.0 0.55 -0.02
561 1125.018 202.5 0.54 -0.03
562 1126.246 289.0 0.53 0.00
563 1128.404 191.1 0.51 0.00
564 1129.796 163.8 0.52 0.01
565 1130.534 191.1 0.53 0.02
566 1130.807 163.8 0.49 0.02
567 1134.957 152.5 0.47 0.02
568 1137.087 257.1 0.43 0.04
569 1138.507 245.8 0.53 0.03
570 1138.917 238.9 0.54 0.03
571 1139.927 261.7 0.47 0.03
572 1141.511 207.1 0.53 0.02
573 1142.412 250.3 0.50 0.01
574 1145.825 109.2 0.54 0.04
575 1146.044 163.8 0.53 0.04
576 1148.911 45.5 0.53 0.03
577 1149.075 86.5 0.55 0.03
578 1149.539 223.0 0.54 0.01
579 1150.822 452.8 0.54 0.03
580 1159.888 261.7 0.53 0.03
581 1163.738 191.1 0.54 0.01
582 1164.012 191.1 0.52 0.01
583 1164.503 195.7 0.51 0.03
584 1166.387 163.8 0.53 0.03
585 1170.565 163.8 0.53 0.00
586 1176.136 257.1 0.55 0.01
587 1177.201 573.4 0.55 0.01
588 1179.331 316.3 0.54 0.00
589 1179.713 261.7 0.53 -0.00
590 1186.185 168.4 0.53 0.04
591 1188.260 416.4 0.52 0.05
592 1189.106 191.1 0.55 0.03
593 1191.018 143.4 0.54 0.03
594 1192.410 159.3 0.55 0.06
595 1193.612 264.0 0.54 0.06
596 1195.223 323.1 0.54 0.07
597 1195.469 179.8 0.54 0.07
598 1203.470 327.7 0.55 0.06
599 1204.671 143.4 0.55 0.05
600 1205.081 245.8 0.57 0.04
601 1205.927 104.7 0.57 0.04
602 1206.828 175.2 0.54 0.05
603 1208.931 191.1 0.58 0.04
604 1210.051 159.3 0.58 0.04
605 1211.716 311.8 0.55 0.03
606 1212.262 182.0 0.57 0.03
607 1215.102 229.8 0.57 0.03
608 1215.512 195.7 0.56 0.03
609 1218.051 234.4 0.56 0.03
610 1219.936 88.7 0.58 0.03
611 1220.372 238.9 0.56 0.04
612 1221.164 268.5 0.55 0.03
613 1223.485 366.4 0.55 0.03
614 1224.660 136.5 0.57 0.02
615 1225.970 339.1 0.57 0.02
616 1227.855 147.9 0.53 0.01
617 1233.534 273.1 0.54 0.07
618 1243.529 191.1 0.44 0.07
619 1244.020 261.7 0.57 0.06
620 1246.696 195.7 0.56 0.06
621 1248.198 179.8 0.44 0.08
622 1248.553 159.3 0.50 0.08
623 1248.799 147.9 0.49 0.06
624 1250.137 405.0 0.48 0.10
625 1252.321 257.1 0.43 0.07
626 1256.144 261.7 0.40 0.08
627 1257.400 348.2 0.45 0.07
628 1258.875 409.6 0.45 0.07
629 1264.036 277.6 0.48 0.03
630 1266.985 209.4 0.45 0.03
631 1272.501 136.5 0.52 0.07
632 1274.194 198.0 0.52 0.07
633 1277.198 186.6 0.52 0.03
634 1280.010 207.1 0.54 0.04
635 1283.178 289.0 0.54 0.04
636 1286.482 168.4 0.53 0.04
637 1287.083 207.1 0.55 0.04
638 1292.681 191.1 0.54 0.04
639 1293.117 377.7 0.53 0.04
640 1295.766 97.8 0.55 0.03
641 1296.367 245.8 0.52 0.04
642 1297.022 157.0 0.55 0.04
643 1297.568 261.7 0.54 0.05
644 1300.982 163.8 0.54 0.03
645 1302.156 207.1 0.56 0.02
646 1307.808 195.7 0.57 0.02
647 1308.901 250.3 0.54 0.04
648 1310.621 186.6 0.56 0.01
649 1312.942 125.2 0.54 0.02
650 1314.171 159.3 0.55 0.00
651 1315.673 350.4 0.55 0.00
652 1319.223 191.1 0.54 0.00
653 1319.496 195.7 0.54 0.00
654 1326.513 245.8 0.53 -0.01
655 1328.780 336.8 0.53 0.01
656 1331.128 175.2 0.51 0.02
657 1336.917 236.7 0.52 0.03
658 1337.955 168.4 0.53 0.03
659 1340.085 66.0 0.52 0.04
660 1341.259 218.5 0.50 0.06
661 1342.024 152.5 0.50 0.01
662 1342.215 195.7 0.50 0.03
663 1343.171 295.8 0.49 0.06
664 1347.622 241.2 0.47 0.05
665 1348.659 245.8 0.47 0.03
666 1349.205 159.3 0.51 -0.00
667 1349.943 241.2 0.48 0.04
668 1350.762 284.4 0.48 0.05
669 1351.444 257.1 0.47 0.05
670 1353.574 268.5 0.50 0.05
671 1354.202 202.5 0.49 0.04
672 1354.503 195.7 0.48 0.04
673 1354.967 243.5 0.49 0.04
674 1356.278 234.4 0.47 0.03
675 1358.408 316.3 0.48 0.01
676 1359.363 350.4 0.48 0.02
677 1360.620 316.3 0.49 0.02
678 1361.138 250.3 0.49 0.01
679 1364.852 182.0 0.48 0.01
680 1365.316 225.3 0.48 0.02
681 1365.808 147.9 0.47 0.02
682 1371.542 252.6 0.50 0.06
683 1373.426 191.1 0.49 0.04
684 1380.062 136.5 0.49 0.10
685 1382.246 491.5 0.46 0.11
686 1385.141 295.8 0.51 0.07
687 1385.905 152.5 0.43 0.09
688 1399.559 136.5 0.45 0.05
689 1403.682 557.5 0.46 0.03
690 1404.720 120.6 0.49 0.03
691 1407.287 191.1 0.46 0.06
692 1409.881 113.8 0.47 0.06
693 1411.901 273.1 0.49 0.07
694 1414.195 391.4 0.49 0.06
695 1416.052 207.1 0.50 0.05
696 1417.281 332.2 0.50 0.04
697 1420.312 175.2 0.50 0.04
698 1423.288 207.1 0.45 0.02
699 1427.111 268.5 0.48 0.09
700 1428.477 218.5 0.48 0.10
701 1428.722 191.1 0.47 0.10
702 1429.077 223.0 0.47 0.10
703 1430.825 546.1 0.48 0.09
704 1432.081 120.6 0.47 0.08
705 1435.576 273.1 0.46 0.08
706 1436.204 152.5 0.45 0.07
707 1438.444 191.1 0.50 0.05
708 1441.611 168.4 0.46 0.00
709 1449.039 261.7 0.51 0.05
710 1450.513 241.2 0.50 0.04
711 1451.742 170.7 0.51 0.06
712 1452.998 546.1 0.53 0.06
713 1453.981 143.4 0.53 0.05
714 1456.111 113.8 0.52 0.04
715 1457.149 179.8 0.52 0.04
716 1458.596 218.5 0.50 0.06
717 1458.951 279.9 0.51 0.06
718 1460.016 125.2 0.49 0.08
719 1460.234 145.6 0.50 0.08
720 1463.265 234.4 0.48 0.06
721 1464.467 91.0 0.48 0.04
722 1468.344 104.7 0.47 0.03
723 1473.696 120.6 0.48 0.00
724 1477.410 343.6 0.49 0.00
725 1477.956 227.6 0.48 0.01
726 1479.977 257.1 0.47 0.01
727 1481.615 300.4 0.47 0.03
728 1482.981 366.4 0.48 0.03
729 1484.373 147.9 0.47 0.01
730 1484.810 257.1 0.46 0.02
731 1485.793 229.8 0.48 -0.01
732 1486.749 152.5 0.47 -0.01
733 1492.620 241.2 0.44 0.03
734 1494.695 125.2 0.46 0.02
735 1496.962 191.1 0.46 0.02
736 1497.317 218.5 0.45 0.02
737 1502.396 350.4 0.44 0.00
738 1504.143 179.8 0.43 0.02
739 1505.099 320.9 0.42 0.01
740 1507.065 279.9 0.43 0.03
741 1510.315 207.1 0.41 0.02
742 1510.724 191.1 0.41 0.02
743 1514.820 311.8 0.43 0.03
744 1515.612 136.5 0.42 0.02
745 1519.735 234.4 0.48 0.05
746 1525.142 191.1 0.46 0.01
747 1527.764 202.5 0.45 -0.01
748 1528.337 186.6 0.44 0.04
749 1533.553 207.1 0.45 0.01
750 1540.379 116.1 0.44 0.01
751 1541.226 366.4 0.45 0.02
752 1543.137 154.7 0.45 0.00
753 1545.404 300.4 0.46 0.02
754 1546.523 163.8 0.46 0.02
755 1547.807 245.8 0.44 0.04
756 1548.899 284.4 0.45 0.03
757 1553.104 261.7 0.45 0.05
758 1557.309 436.9 0.46 0.09
759 1561.351 109.2 0.46 0.04
760 1565.638 218.5 0.51 -0.03
761 1567.003 252.6 0.52 -0.03
762 1568.806 227.6 0.52 -0.02
763 1570.690 238.9 0.50 -0.02
764 1572.874 261.7 0.50 -0.01
765 1574.540 464.2 0.50 0.00
766 1578.172 282.2 0.52 0.02
767 1579.073 168.4 0.53 0.02
768 1584.944 234.4 0.52 0.01
769 1585.736 163.8 0.51 0.00
770 1590.924 491.5 0.51 0.04
771 1593.327 97.8 0.50 0.04
772 1593.846 147.9 0.50 0.05
773 1595.020 218.5 0.49 0.05
774 1601.300 141.1 0.50 0.01
775 1601.655 147.9 0.51 0.01
776 1601.929 182.0 0.49 0.01
777 1603.567 147.9 0.48 0.00
778 1607.663 198.0 0.51 0.01
779 1609.083 116.1 0.52 0.00
780 1610.202 147.9 0.51 -0.01
781 1614.025 241.2 0.52 -0.01
782 1617.684 261.7 0.50 -0.01
783 1618.859 159.3 0.52 -0.01
784 1619.487 191.1 0.55 -0.01
785 1620.634 355.0 0.50 -0.01
786 1622.272 257.1 0.56 0.06
787 1624.975 289.0 0.55 0.01
788 1626.259 377.7 0.53 0.02
789 1629.153 327.7 0.55 -0.01
790 1631.037 502.9 0.54 -0.01
791 1634.970 273.1 0.50 0.01
792 1635.434 266.2 0.51 0.01
793 1640.267 202.5 0.53 0.01
794 1640.540 216.2 0.53 0.01
795 1640.895 209.4 0.51 0.01
796 1642.288 300.4 0.51 0.01
797 1643.790 225.3 0.50 0.01
798 1644.035 163.8 0.50 0.01
799 1645.974 213.9 0.51 0.01
800 1646.329 268.5 0.50 0.01
801 1648.077 202.5 0.50 0.01
802 1649.743 318.6 0.48 0.00
803 1653.347 236.7 0.49 -0.00
804 1656.050 295.8 0.47 -0.01
805 1656.433 220.7 0.50 -0.01
806 1657.907 366.4 0.49 -0.02
807 1659.245 223.0 0.49 -0.01
808 1660.583 179.8 0.48 0.02
809 1661.812 284.4 0.48 -0.00
810 1662.877 175.2 0.46 -0.00
811 1663.123 218.5 0.46 -0.00
812 1665.990 229.8 0.48 0.01
813 1669.540 229.8 0.48 0.02
814 1671.970 229.8 0.49 0.01
815 1678.305 179.8 0.47 0.01
816 1681.582 241.2 0.43 0.06
817 1682.101 309.5 0.42 0.06
818 1682.975 300.4 0.41 0.06
819 1685.350 432.4 0.41 0.07
820 1690.102 359.5 0.42 0.05
821 1696.710 191.1 0.42 0.07
822 1697.447 382.3 0.44 0.07
823 1698.348 382.3 0.47 0.06
824 1699.168 202.5 0.46 0.04
825 1700.041 175.2 0.49 0.05
826 1705.066 191.1 0.44 0.05
827 1706.431 311.8 0.49 -0.00
828 1708.015 218.5 0.46 0.04
829 1708.643 261.7 0.46 0.03
830 1711.619 241.2 0.46 0.02
831 1713.613 200.2 0.48 0.03
832 1714.432 366.4 0.48 0.02
833 1715.770 284.4 0.46 0.01
834 1716.644 250.3 0.45 0.00
835 1717.135 104.7 0.49 0.01
836 1719.293 218.5 0.50 0.03
837 1720.139 238.9 0.50 0.04
838 1720.494 179.8 0.48 0.02
839 1721.177 170.7 0.50 0.04
840 1722.187 234.4 0.50 0.04
841 1722.487 77.4 0.50 0.03
842 1724.508 191.1 0.46 0.04
843 1728.386 207.1 0.52 0.05
844 1729.751 327.7 0.46 0.03
845 1732.072 289.0 0.45 0.02
846 1733.601 300.4 0.49 0.02
847 1735.294 250.3 0.49 0.02
848 1735.595 236.7 0.51 0.02
849 1737.124 284.4 0.51 0.02
850 1743.241 229.8 0.52 0.03
851 1745.725 120.6 0.52 0.05
852 1746.463 136.5 0.52 0.07
853 1746.763 204.8 0.51 0.07
854 1747.473 289.0 0.50 0.08
855 1749.876 147.9 0.49 0.06
856 1755.310 250.3 0.49 0.04
857 1763.284 186.6 0.55 0.03
858 1766.560 186.6 0.51 0.05
859 1767.817 257.1 0.53 0.05
860 1768.417 339.1 0.53 0.04
861 1768.718 264.0 0.54 0.04
862 1769.073 307.2 0.54 0.04
863 1769.646 357.3 0.42 0.03
864 1772.431 277.6 0.54 -0.00
865 1774.698 136.5 0.53 0.01
866 1775.135 61.4 0.54 -0.02
867 1782.426 252.6 0.49 -0.00
868 1783.654 257.1 0.49 0.02
869 1787.286 218.5 0.47 -0.01
870 1793.703 202.5 0.47 0.06
871 1799.683 350.4 0.43 0.05
872 1801.431 316.3 0.43 0.04
873 1801.759 295.8 0.46 0.04
874 1805.636 61.4 0.43 0.03
875 1806.592 339.1 0.44 -0.00
876 1807.439 355.0 0.44 -0.01
877 1808.394 175.2 0.50 -0.02
878 1808.722 152.5 0.52 -0.01
879 1815.712 213.9 0.50 -0.07
880 1818.279 170.7 0.50 -0.06
881 1819.317 218.5 0.48 0.02
882 1821.365 132.0 0.48 0.01
883 1824.614 382.3 0.47 0.08
884 1828.683 241.2 0.48 0.09
885 1830.676 147.9 0.53 0.08
886 1834.745 184.3 0.50 0.08
887 1835.264 202.5 0.50 0.06
888 1838.240 250.3 0.51 0.04
889 1842.473 257.1 0.52 0.05
890 1847.880 300.4 0.51 0.04
891 1848.863 202.5 0.52 0.04
892 1849.136 120.6 0.53 0.04
893 1851.484 273.1 0.56 0.04
894 1851.948 300.4 0.57 0.03
895 1852.249 225.3 0.56 0.02
896 1853.805 136.5 0.53 -0.01
897 1854.297 218.5 0.52 -0.02
898 1855.252 186.6 0.56 -0.01
899 1856.399 179.8 0.55 -0.02
900 1858.857 268.5 0.54 -0.01
901 1860.386 72.8 0.52 -0.02
902 1861.478 496.1 0.55 -0.01
903 1862.106 229.8 0.55 0.00
904 1867.213 168.4 0.38 -0.00
905 1869.370 127.4 0.40 0.04
906 1869.889 218.5 0.53 0.00
907 1873.766 191.1 0.52 -0.08
908 1876.879 223.0 0.50 -0.01
909 1879.037 191.1 0.55 -0.01
910 1879.446 245.8 0.55 -0.02
911 1880.183 141.1 0.54 -0.00
912 1881.358 152.5 0.52 0.02
913 1882.832 209.4 0.49 0.03
914 1886.737 252.6 0.48 0.02
915 1889.550 195.7 0.47 0.07
916 1892.390 343.6 0.49 0.04
917 1894.055 93.3 0.48 0.02
918 1897.359 223.0 0.44 0.01
919 1910.057 268.5 0.51 -0.02
920 1910.385 209.4 0.51 -0.04
921 1913.115 202.5 0.52 -0.02
922 1913.416 264.0 0.52 -0.02
923 1914.918 250.3 0.52 -0.01
924 1917.293 198.0 0.52 0.01
925 1918.385 252.6 0.52 0.00
926 1920.433 304.9 0.53 0.02
927 1923.574 191.1 0.53 0.02
928 1924.338 159.3 0.53 0.02
929 1925.676 218.5 0.53 0.03
930 1926.659 163.8 0.53 0.02
931 1927.233 284.4 0.53 0.04
932 1930.564 113.8 0.52 0.03
933 1930.837 195.7 0.52 0.03
934 1934.988 234.4 0.53 -0.02
935 1935.534 273.1 0.53 -0.04
936 1935.998 136.5 0.52 -0.05
937 1939.139 88.7 0.52 -0.04
938 1939.739 289.0 0.54 -0.03
939 1942.170 245.8 0.52 0.00
940 1945.146 459.7 0.56 -0.04
941 1946.839 218.5 0.53 -0.05
942 1947.959 218.5 0.54 -0.05
943 1949.078 159.3 0.55 -0.04
944 1949.324 195.7 0.54 -0.03
945 1950.607 141.1 0.56 -0.03
946 1955.932 273.1 0.53 -0.01
947 1956.642 191.1 0.54 -0.01
948 1957.871 273.1 0.52 -0.01
949 1959.864 311.8 0.51 -0.02
950 1960.629 245.8 0.53 -0.01
951 1965.708 136.5 0.52 0.01
952 1966.090 109.2 0.53 0.02
953 1966.281 179.8 0.52 0.02
954 1966.718 163.8 0.51 0.02
955 1967.592 234.4 0.51 0.03
956 1968.138 320.9 0.52 0.03
957 1968.602 207.1 0.50 0.00
958 1969.176 273.1 0.51 0.03
959 1971.224 198.0 0.48 -0.02
960 1972.617 284.4 0.53 0.02
961 1977.504 163.8 0.46 -0.00
962 1979.197 238.9 0.47 0.04
963 1983.976 284.4 0.54 -0.00
964 1984.768 307.2 0.52 0.02
965 1987.471 300.4 0.52 0.01
966 1989.601 109.2 0.54 0.04
967 1995.172 245.8 0.47 0.02
968 1996.046 257.1 0.52 0.01
969 1996.838 311.8 0.48 0.01
970 1998.367 327.7 0.46 -0.00
971 1999.295 436.9 0.47 0.01
972 2001.343 147.9 0.53 -0.00
973 2003.036 213.9 0.45 -0.01
974 2004.511 229.8 0.57 -0.00
975 2005.030 289.0 0.47 -0.00
976 2005.821 284.4 0.43 -0.02
977 2006.204 261.7 0.48 0.00
978 2007.869 234.4 0.47 -0.01
979 2010.354 218.5 0.43 -0.02
980 2010.846 257.1 0.49 -0.00
981 2012.430 320.9 0.48 0.01
982 2012.921 109.2 0.53 0.02
983 2017.044 273.1 0.51 0.06
984 2019.584 136.5 0.54 0.05
985 2025.318 104.7 0.56 0.02
986 2025.510 223.0 0.56 0.03
987 2029.797 163.8 0.57 0.03
988 2030.671 191.1 0.58 0.03
989 2032.719 304.9 0.57 0.03
990 2033.319 143.4 0.57 0.02
991 2033.783 273.1 0.56 0.02
992 2046.754 120.6 0.56 0.05
993 2049.976 289.0 0.56 0.05
994 2052.215 163.8 0.55 0.04
995 2052.461 198.0 0.55 0.06
996 2053.881 202.5 0.54 0.04
997 2056.038 104.7 0.52 0.01
998 2060.025 109.2 0.52 0.01
999 2060.353 191.1 0.52 0.03
1000 2061.937 109.2 0.52 0.02
1001 2063.439 147.9 0.52 0.02
1002 2063.739 38.7 0.52 0.03
1003 2063.985 257.1 0.52 0.04
1004 2065.186 109.2 0.53 0.03
1005 2065.814 252.6 0.53 0.03
1006 2066.633 316.3 0.53 0.04
1007 2067.589 202.5 0.52 0.03
1008 2067.862 300.4 0.54 0.03
1009 2068.272 421.0 0.54 0.02
1010 2069.419 218.5 0.53 0.03
1011 2070.374 202.5 0.53 0.02
1012 2071.467 159.3 0.54 0.01
1013 2073.351 223.0 0.54 0.01
1014 2074.334 238.9 0.54 0.00
1015 2075.563 191.1 0.54 -0.01
1016 2076.436 152.5 0.53 -0.01
1017 2078.211 170.7 0.52 -0.01
1018 2082.062 163.8 0.49 -0.04
1019 2084.301 209.4 0.49 -0.02
1020 2090.691 179.8 0.50 -0.01
1021 2092.138 202.5 0.51 -0.03
1022 2094.295 257.1 0.52 -0.01
1023 2095.333 132.0 0.53 -0.00
1024 2098.719 202.5 0.51 0.01
1025 2101.750 195.7 0.49 -0.01
1026 2103.443 375.5 0.48 -0.01
1027 2106.228 195.7 0.47 -0.00
1028 2106.801 136.5 0.47 0.00
1029 2109.396 284.4 0.46 -0.01
1030 2110.652 113.8 0.47 0.00
1031 2110.870 175.2 0.47 -0.00
1032 2111.553 366.4 0.47 -0.00
1033 2112.154 234.4 0.48 0.01
1034 2112.427 168.4 0.47 0.00
1035 2114.311 223.0 0.48 0.02
1036 2114.993 268.5 0.49 0.02
1037 2118.871 125.2 0.48 0.02
1038 2125.643 202.5 0.49 0.02
1039 2131.241 234.4 0.48 0.02
1040 2132.552 223.0 0.48 0.03
1041 2137.112 202.5 0.47 0.03
1042 2139.023 213.9 0.50 0.03
1043 2142.819 150.2 0.49 0.02
1044 2144.512 191.1 0.49 0.03
1045 2144.840 150.2 0.48 0.03
1046 2145.495 261.7 0.49 0.04
1047 2145.741 200.2 0.47 0.04
1048 2149.837 186.6 0.49 0.01
1049 2150.738 163.8 0.48 -0.01
1050 2151.093 238.9 0.48 -0.01
1051 2151.939 116.1 0.47 -0.02
1052 2152.977 350.4 0.48 -0.01
1053 2163.982 218.5 0.51 -0.00
1054 2164.473 179.8 0.55 -0.02
1055 2166.385 132.0 0.54 -0.04
1056 2167.750 100.1 0.53 -0.04
1057 2168.815 202.5 0.54 -0.04
1058 2169.661 398.2 0.51 0.03
1059 2171.027 291.3 0.51 0.03
1060 2175.778 245.8 0.53 0.02
1061 2176.270 86.5 0.52 0.02
1062 2177.772 343.6 0.50 0.04
1063 2178.372 257.1 0.51 0.04
1064 2181.376 136.5 0.49 0.03
1065 2182.332 72.8 0.53 0.02
1066 2183.561 104.7 0.50 0.01
1067 2183.888 125.2 0.51 0.01
1068 2189.404 163.8 0.53 0.03
1069 2192.381 218.5 0.52 0.03
1070 2192.599 157.0 0.51 0.03
1071 2193.637 147.9 0.53 0.03
1072 2194.592 245.8 0.53 0.04
1073 2198.115 120.6 0.54 0.05
1074 2198.907 234.4 0.55 0.06
1075 2200.381 163.8 0.51 0.08
1076 2207.235 218.5 0.51 0.06
1077 2207.536 261.7 0.54 0.07
1078 2208.191 289.0 0.50 0.07
1079 2212.560 143.4 0.48 0.09
1080 2213.407 184.3 0.56 0.07
1081 2214.444 179.8 0.57 0.06
1082 2215.974 284.4 0.45 0.08
1083 2216.684 186.6 0.50 0.03
1084 2222.473 113.8 0.47 0.02
1085 2222.691 175.2 0.48 0.01
1086 2223.756 163.8 0.49 0.03
1087 2226.650 229.8 0.49 0.02
1088 2231.456 136.5 0.46 -0.02
1089 2231.811 241.2 0.51 0.01
1090 2233.259 132.0 0.51 -0.00
1091 2235.880 250.3 0.45 -0.02
1092 2236.727 154.7 0.44 -0.02
1093 2237.546 304.9 0.46 -0.01
1094 2243.144 147.9 0.51 -0.02
1095 2243.499 202.5 0.52 -0.02
1096 2244.099 207.1 0.51 0.01
1097 2244.919 218.5 0.52 0.04
1098 2246.065 50.1 0.51 0.01
1099 2246.775 264.0 0.51 0.02
1100 2247.922 191.1 0.51 0.01
1101 2250.189 127.4 0.50 0.03
1102 2251.527 245.8 0.50 0.03
1103 2253.274 102.4 0.49 0.04
1104 2255.159 366.4 0.47 0.04
1105 2260.920 218.5 0.52 -0.04
1106 2267.884 257.1 0.42 -0.03
1107 2268.512 350.4 0.41 -0.06
1108 2269.276 316.3 0.39 -0.03
1109 2270.041 382.3 0.38 -0.01
1110 2275.994 207.1 0.48 0.05
1111 2277.277 284.4 0.52 0.04
1112 2277.687 355.0 0.51 0.05
1113 2281.209 225.3 0.54 0.03
1114 2283.257 125.2 0.55 0.04
1115 2285.059 175.2 0.56 0.02
1116 2286.124 179.8 0.57 0.04
1117 2292.896 257.1 0.56 0.00
1118 2304.420 320.9 0.60 0.06
1119 2305.348 168.4 0.59 0.06
1120 2306.468 186.6 0.59 0.06
1121 2307.942 163.8 0.60 0.05
1122 2309.581 213.9 0.58 0.05
1123 2311.820 213.9 0.58 0.04
1124 2313.021 562.1 0.59 0.06
1125 2314.933 382.3 0.56 0.05
1126 2315.670 147.9 0.57 0.07
1127 2316.244 229.8 0.56 0.07
1128 2316.844 202.5 0.59 0.07
1129 2320.012 202.5 0.56 0.09
1130 2321.295 268.5 0.56 0.11
1131 2324.791 250.3 0.52 0.11
1132 2326.566 104.7 0.55 0.11
1133 2326.893 245.8 0.55 0.11
1134 2328.095 191.1 0.53 0.12
1135 2330.143 132.0 0.55 0.06
1136 2331.808 382.3 0.55 0.06
1137 2334.239 366.4 0.54 0.06
1138 2336.860 225.3 0.52 0.04
1139 2339.290 159.3 0.50 0.03
1140 2340.383 179.8 0.51 0.03
1141 2344.124 268.5 0.49 0.02
1142 2348.766 147.9 0.52 0.01
1143 2349.257 141.1 0.51 0.06
1144 2349.967 179.8 0.52 0.01
1145 2350.705 364.1 0.51 0.04
1146 2352.998 300.4 0.52 0.06
1147 2353.435 198.0 0.51 0.05
1148 2354.118 261.7 0.52 0.05
1149 2355.347 241.2 0.51 0.05
1150 2357.804 386.8 0.51 0.03
1151 2359.907 300.4 0.50 0.00
1152 2360.262 136.5 0.50 0.02
1153 2360.590 323.1 0.51 -0.00
1154 2364.331 159.3 0.50 0.05
1155 2369.601 147.9 0.47 0.01
1156 2370.748 273.1 0.46 0.03
1157 2373.260 163.8 0.51 0.04
1158 2373.997 223.0 0.51 0.01
1159 2374.434 186.6 0.51 0.05
1160 2376.537 300.4 0.50 0.02
1161 2378.394 213.9 0.50 0.04
1162 2379.814 304.9 0.50 0.04
1163 2382.435 452.8 0.48 0.05
1164 2383.746 163.8 0.48 0.05
1165 2386.394 175.2 0.50 0.04
1166 2387.487 186.6 0.48 0.02
1167 2388.169 152.5 0.48 0.02
1168 2391.037 257.1 0.49 0.02
1169 2392.320 154.7 0.51 0.00
1170 2394.668 366.4 0.52 0.01
1171 2395.952 143.4 0.51 0.01
1172 2398.437 213.9 0.49 0.01
1173 2399.502 234.4 0.49 -0.00
1174 2399.939 275.3 0.48 -0.00
1175 2401.468 332.2 0.49 -0.01
1176 2403.297 207.1 0.48 0.03
1177 2408.404 332.2 0.48 0.02
1178 2410.970 147.9 0.46 0.02
1179 2411.462 109.2 0.47 0.03
1180 2416.049 250.3 0.45 0.04
1181 2417.142 218.5 0.45 0.06
1182 2417.469 198.0 0.45 0.06
1183 2418.425 136.5 0.46 0.06
1184 2419.436 191.1 0.45 0.05
1185 2419.763 232.1 0.46 0.05
1186 2420.855 327.7 0.46 0.03
1187 2421.975 245.8 0.45 0.05
1188 2422.767 257.1 0.45 0.02
1189 2423.532 257.1 0.47 0.00
1190 2424.296 157.0 0.46 0.03
1191 2429.894 284.4 0.46 0.04
1192 2430.304 143.4 0.47 0.03
1193 2432.461 157.0 0.48 0.05
1194 2438.141 213.9 0.50 0.01
1195 2438.496 323.1 0.47 0.01
1196 2439.151 311.8 0.49 0.00
1197 2439.451 127.4 0.48 0.00
1198 2444.394 289.0 0.48 0.01
1199 2447.998 284.4 0.47 -0.01
1200 2450.674 300.4 0.50 -0.03
1201 2453.105 218.5 0.52 -0.02
1202 2455.644 191.1 0.52 0.04
1203 2457.392 382.3 0.51 0.06
1204 2460.122 179.8 0.50 0.08
1205 2462.280 191.1 0.43 0.02
1206 2463.863 359.5 0.44 0.05
1207 2464.573 223.0 0.45 0.06
1208 2469.543 311.8 0.46 0.04
1209 2471.373 225.3 0.46 0.03
1210 2474.322 211.6 0.51 0.02
1211 2479.428 425.5 0.48 -0.01
1212 2485.490 355.0 0.49 -0.01
1213 2487.675 332.2 0.45 -0.02
1214 2488.030 307.2 0.44 -0.02
1215 2492.044 179.8 0.43 -0.01
1216 2493.164 316.3 0.46 -0.03
1217 2493.655 295.8 0.47 -0.03
1218 2496.713 248.0 0.53 -0.00
1219 2497.669 229.8 0.50 -0.01
1220 2498.843 86.5 0.55 0.01
1221 2501.055 355.0 0.54 0.02
1222 2502.775 168.4 0.55 0.03
1223 2504.660 573.4 0.54 0.03
1224 2505.943 218.5 0.51 0.02
1225 2506.735 163.8 0.55 0.03
1226 2508.892 202.5 0.49 0.01
1227 2513.562 61.4 0.54 0.00
1228 2513.807 179.8 0.54 -0.00
1229 2515.773 223.0 0.52 0.02
1230 2517.931 218.5 0.52 0.04
1231 2522.081 355.0 0.52 0.07
1232 2523.856 225.3 0.50 0.06
1233 2525.331 327.7 0.50 0.06
1234 2526.423 213.9 0.51 0.03
1235 2528.744 179.8 0.51 0.03
1236 2529.727 198.0 0.52 0.03
1237 2530.246 163.8 0.54 0.01
1238 2531.338 191.1 0.53 0.01
1239 2532.130 175.2 0.52 0.02
1240 2535.707 127.4 0.50 -0.00
1241 2536.226 284.4 0.48 0.01
1242 2536.554 202.5 0.48 0.00
1243 2536.909 257.1 0.47 0.02
1244 2537.564 284.4 0.48 0.01
1245 2537.865 234.4 0.48 0.01
1246 2539.394 234.4 0.47 0.01
1247 2540.131 386.8 0.47 0.01
1248 2544.719 259.4 0.52 0.04
1249 2548.514 261.7 0.48 0.05
1250 2554.604 273.1 0.46 0.03
1251 2562.140 370.9 0.47 -0.02
1252 2563.069 125.2 0.47 -0.02
1253 2563.314 207.1 0.47 -0.02
1254 2565.881 498.3 0.49 -0.02
1255 2566.973 186.6 0.47 -0.03
1256 2568.666 250.3 0.47 -0.01
1257 2574.155 250.3 0.45 0.00
1258 2577.159 72.8 0.49 0.03
1259 2580.163 136.5 0.51 0.04
1260 2580.709 125.2 0.52 0.02
1261 2581.118 179.8 0.52 0.04
1262 2581.337 163.8 0.52 0.04
1263 2581.746 132.0 0.49 0.05
1264 2582.292 152.5 0.53 0.02
1265 2582.484 136.5 0.53 0.02
1266 2582.702 241.2 0.53 0.03
1267 2583.931 168.4 0.52 0.03
1268 2584.668 136.5 0.52 0.04
1269 2586.662 152.5 0.52 0.01
1270 2590.812 225.3 0.51 -0.01
1271 2594.253 289.0 0.53 0.02
1272 2596.547 168.4 0.52 0.00
1273 2597.311 218.5 0.55 0.00
1274 2598.403 132.0 0.54 0.04
1275 2598.786 257.1 0.54 0.04
1276 2599.223 213.9 0.54 0.03
1277 2601.161 327.7 0.53 0.02
1278 2602.991 229.8 0.52 0.02
1279 2603.728 100.1 0.52 0.03
1280 2605.012 229.8 0.51 0.01
1281 2605.585 323.1 0.51 0.01
1282 2606.459 175.2 0.51 0.02
1283 2608.835 207.1 0.50 0.01
1284 2609.326 168.4 0.50 0.01
1285 2610.664 491.5 0.49 0.02
1286 2613.586 375.5 0.50 0.01
1287 2617.218 257.1 0.46 0.06
1288 2620.849 409.6 0.46 0.06
1289 2625.628 186.6 0.46 0.02
1290 2629.806 327.7 0.45 0.01
1291 2638.599 284.4 0.48 -0.00
1292 2641.848 234.4 0.47 0.01
1293 2644.907 273.1 0.48 0.02
1294 2653.972 273.1 0.46 -0.00
1295 2657.877 291.3 0.47 0.01
1296 2662.383 202.5 0.49 0.01
1297 2671.640 136.5 0.52 -0.02
1298 2674.616 282.2 0.53 -0.01
1299 2675.654 66.0 0.49 -0.01
1300 2680.624 125.2 0.43 0.04
1301 2681.033 109.2 0.55 0.03
1302 2682.672 382.3 0.44 0.07
1303 2684.228 311.8 0.54 0.03
1304 2685.839 157.0 0.52 0.03
1305 2696.980 311.8 0.51 -0.00
1306 2697.308 154.7 0.52 -0.01
1307 2697.690 125.2 0.54 0.00
1308 2700.339 141.1 0.51 -0.00
1309 2700.913 127.4 0.50 -0.02
1310 2701.486 141.1 0.52 -0.03
1311 2702.387 414.2 0.51 -0.03
1312 2703.452 300.4 0.52 -0.03
1313 2705.719 464.2 0.51 0.04
1314 2706.865 109.2 0.47 0.02
1315 2707.548 252.6 0.50 0.03
1316 2709.323 234.4 0.49 0.01
1317 2712.873 223.0 0.50 0.02
1318 2716.259 284.4 0.47 0.03
1319 2720.082 350.4 0.46 0.02
1320 2722.403 136.5 0.45 0.03
1321 2723.195 223.0 0.50 -0.00
1322 2725.325 225.3 0.47 0.01
1323 2725.844 398.2 0.48 -0.01
1324 2726.799 207.1 0.48 -0.03
1325 2727.782 339.1 0.47 -0.04
1326 2731.005 480.1 0.46 -0.04
1327 2735.210 393.7 0.44 0.05
1328 2736.521 370.9 0.46 0.06
1329 2742.719 236.7 0.49 0.06
1330 2744.794 268.5 0.51 0.07
1331 2745.286 136.5 0.42 0.08
1332 2746.160 311.8 0.50 0.08
1333 2747.034 320.9 0.40 0.09
1334 2748.863 163.8 0.49 0.07
1335 2750.201 241.2 0.46 0.07
1336 2751.266 223.0 0.48 0.03
1337 2752.003 443.7 0.47 0.03
1338 2758.830 295.8 0.39 0.02
1339 2760.960 163.8 0.47 0.01
1340 2761.424 268.5 0.42 0.02
1341 2761.725 220.7 0.41 0.02
1342 2762.953 355.0 0.43 0.05
1343 2763.308 120.6 0.41 0.06
1344 2766.612 245.8 0.49 0.02
1345 2770.927 289.0 0.51 0.02
1346 2772.784 159.3 0.50 0.00
1347 2773.494 186.6 0.48 0.02
1348 2775.296 191.1 0.50 0.01
1349 2775.651 109.2 0.48 0.02
1350 2777.754 628.1 0.48 0.02
1351 2779.228 257.1 0.46 0.03
1352 2779.829 132.0 0.47 0.04
1353 2781.058 229.8 0.47 0.04
1354 2782.996 307.2 0.50 0.01
1355 2784.143 304.9 0.54 -0.02
1356 2785.154 264.0 0.53 -0.00
1357 2786.246 327.7 0.46 0.04
1358 2786.683 232.1 0.53 0.04
1359 2788.895 125.2 0.53 0.04
1360 2789.277 152.5 0.53 0.04
1361 2790.506 191.1 0.47 0.07
1362 2790.970 125.2 0.53 0.04
1363 2792.090 179.8 0.51 0.04
1364 2792.827 152.5 0.47 0.07
1365 2801.510 289.0 0.46 0.05
1366 2813.853 202.5 0.42 -0.01
1367 2814.918 284.4 0.40 -0.05
1368 2818.167 432.4 0.43 -0.05
1369 2819.151 245.8 0.43 -0.04
1370 2819.915 268.5 0.46 -0.00
1371 2822.427 268.5 0.44 -0.01
1372 2824.311 257.1 0.42 -0.02
1373 2828.326 218.5 0.41 0.00
1374 2829.582 398.2 0.49 -0.03
1375 2832.995 414.2 0.50 -0.00
1376 2849.952 273.1 0.51 -0.04
1377 2850.280 238.9 0.50 -0.04
1378 2850.854 307.2 0.51 -0.05
1379 2851.536 366.4 0.51 -0.05
1380 2861.203 202.5 0.50 0.04
1381 2862.978 147.9 0.51 0.04
1382 2865.927 120.6 0.46 0.04
1383 2866.200 182.0 0.51 0.04
1384 2867.511 409.6 0.52 0.04
1385 2868.548 175.2 0.52 0.03
1386 2869.367 159.3 0.50 0.04
1387 2869.695 220.7 0.49 0.04
1388 2871.989 218.5 0.50 0.06
1389 2872.699 377.7 0.50 0.05
1390 2873.163 268.5 0.51 0.06
1391 2874.283 147.9 0.50 0.06
1392 2876.849 218.5 0.50 0.07
1393 2878.843 125.2 0.49 0.05
1394 2879.662 268.5 0.49 0.07
1395 2879.935 154.7 0.48 0.05
1396 2880.618 195.7 0.52 0.02
1397 2882.693 218.5 0.52 0.03
1398 2883.348 234.4 0.51 0.04
1399 2886.380 191.1 0.51 0.05
1400 2886.980 377.7 0.51 0.05
1401 2892.005 152.5 0.51 0.02
1402 2892.469 163.8 0.51 0.02
1403 2893.452 339.1 0.51 0.02
1404 2897.138 261.7 0.51 0.04
1405 2897.848 213.9 0.47 0.01
1406 2899.077 91.0 0.52 0.03
1407 2900.415 284.4 0.55 0.02
1408 2901.125 261.7 0.43 0.01
1409 2902.654 191.1 0.39 0.01
1410 2904.757 241.2 0.46 0.01
1411 2905.221 223.0 0.47 0.00
1412 2905.958 152.5 0.44 0.00
1413 2908.908 147.9 0.51 0.04
1414 2911.365 241.2 0.50 0.05
1415 2916.854 191.1 0.51 0.05
1416 2917.181 273.1 0.50 0.05
1417 2917.509 218.5 0.47 0.04
1418 2920.786 163.8 0.51 0.03
1419 2921.223 284.4 0.51 0.03
1420 2922.834 143.4 0.52 0.03
1421 2923.817 136.5 0.52 0.01
1422 2925.728 264.0 0.48 0.02
1423 2927.258 257.1 0.47 0.03
1424 2927.886 218.5 0.51 0.02
1425 2930.343 182.0 0.49 0.03
1426 2930.534 195.7 0.49 0.03
1427 2932.664 300.4 0.51 0.00
1428 2934.357 202.5 0.49 0.01
1429 2935.586 241.2 0.52 0.01
1430 2939.764 120.6 0.44 0.05
1431 2942.194 234.4 0.43 0.07
1432 2946.536 261.7 0.44 0.01
1433 2950.386 277.6 0.47 0.03
1434 2956.285 273.1 0.47 0.04
1435 2957.595 109.2 0.48 0.03
1436 2957.786 109.2 0.47 0.03
1437 2959.534 213.9 0.49 0.03
1438 2962.784 218.5 0.53 0.03
1439 2965.815 316.3 0.51 0.03
1440 2968.163 195.7 0.51 0.03
1441 2969.392 311.8 0.52 0.01
1442 2969.774 257.1 0.51 0.01
1443 2970.293 195.7 0.53 0.02
1444 2971.467 104.7 0.52 0.02
1445 2971.713 229.8 0.51 -0.00
1446 2972.013 234.4 0.54 0.02
1447 2972.314 88.7 0.52 0.02
1448 2973.488 182.0 0.52 -0.03
1449 2974.607 218.5 0.52 -0.01
1450 2975.181 257.1 0.51 0.04
1451 2975.454 170.7 0.50 0.03
1452 2975.809 316.3 0.49 0.04
1453 2976.082 202.5 0.49 0.04
1454 2978.485 218.5 0.47 0.04
1455 2979.604 273.1 0.46 0.02
1456 2980.615 257.1 0.47 0.02
1457 2985.557 550.7 0.46 0.01
1458 2987.605 355.0 0.45 0.03
1459 2992.439 163.8 0.51 0.02
1460 2996.972 229.8 0.52 0.03
1461 2999.757 339.1 0.52 0.04
1462 3000.494 245.8 0.51 0.03
1463 3001.532 327.7 0.52 0.04
1464 3002.296 218.5 0.52 0.05
1465 3003.880 227.6 0.51 0.05
1466 3005.000 143.4 0.51 0.04
1467 3005.846 218.5 0.50 0.04
1468 3006.338 245.8 0.49 0.04
1469 3007.457 179.8 0.51 0.01
1470 3008.003 300.4 0.48 0.02
1471 3008.440 273.1 0.50 0.02
1472 3008.850 141.1 0.48 0.00
1473 3009.806 343.6 0.48 -0.01
1474 3010.652 405.0 0.48 -0.02
1475 3012.017 152.5 0.48 -0.02
1476 3013.929 223.0 0.48 -0.01
1477 3014.420 195.7 0.48 -0.01
1478 3014.912 86.5 0.47 -0.01
1479 3018.353 261.7 0.53 0.00
1480 3021.329 268.5 0.50 -0.00
1481 3021.657 254.9 0.49 -0.01
1482 3024.387 343.6 0.47 -0.04
1483 3029.248 273.1 0.43 -0.04
1484 3030.723 120.6 0.53 0.02
1485 3032.416 207.1 0.52 0.05
1486 3036.075 132.0 0.55 0.03
1487 3039.843 229.8 0.54 0.05
1488 3043.038 229.8 0.51 0.08
1489 3046.506 88.7 0.54 0.05
1490 3051.203 207.1 0.57 0.04
1491 3051.448 159.3 0.56 0.04
1492 3051.994 154.7 0.56 0.05
1493 3053.769 268.5 0.54 0.04
1494 3058.685 179.8 0.54 0.01
1495 3060.815 277.6 0.53 0.01
1496 3062.999 268.5 0.53 0.00
1497 3064.146 163.8 0.54 0.02
1498 3065.539 97.8 0.55 0.01
1499 3065.757 138.8 0.54 0.01
1500 3066.112 186.6 0.54 0.03
1501 3067.805 198.0 0.55 0.04
1502 3070.590 147.9 0.57 0.03
1503 3078.318 211.6 0.58 0.04
1504 3081.595 370.9 0.58 0.04
1505 3082.796 218.5 0.54 0.02
1506 3084.954 245.8 0.54 0.01
1507 3086.128 343.6 0.54 0.00
1508 3088.258 198.0 0.55 -0.00
1509 3090.579 202.5 0.50 -0.01
1510 3094.839 289.0 0.49 -0.00
1511 3095.357 186.6 0.50 -0.00
1512 3099.426 170.7 0.49 0.04
1513 3100.409 179.8 0.50 0.06
1514 3102.129 218.5 0.47 0.05
1515 3104.451 147.9 0.50 0.08
1516 3111.332 147.9 0.53 0.02
1517 3112.178 109.2 0.55 0.03
1518 3113.107 191.1 0.52 0.01
1519 3115.728 257.1 0.56 0.02
1520 3117.312 218.5 0.55 0.03
1521 3118.677 159.3 0.56 0.04
1522 3120.125 238.9 0.53 0.04
1523 3121.654 175.2 0.56 0.03
1524 3128.617 289.0 0.45 0.05
1525 3128.890 191.1 0.56 0.01
1526 3130.474 191.1 0.56 -0.01
1527 3132.194 300.4 0.56 0.00
1528 3134.242 432.4 0.56 -0.00
1529 3134.897 163.8 0.55 0.00
1530 3136.754 186.6 0.54 -0.00
1531 3137.137 166.1 0.54 -0.00
1532 3137.929 748.7 0.54 -0.00
1533 3138.584 537.0 0.53 -0.00
1534 3143.008 179.8 0.54 0.03
1535 3144.509 125.2 0.54 0.03
1536 3144.783 118.3 0.54 0.03
1537 3152.210 241.2 0.57 0.04
1538 3152.592 207.1 0.57 0.04
1539 3155.377 141.1 0.56 0.02
1540 3156.115 120.6 0.57 0.03
1541 3157.234 273.1 0.57 0.04
1542 3159.200 218.5 0.56 0.02
1543 3164.061 268.5 0.54 0.03
1544 3164.853 109.2 0.53 0.00
1545 3168.184 273.1 0.56 -0.01
1546 3169.304 207.1 0.55 0.01
1547 3172.253 104.7 0.57 0.00
1548 3181.892 234.4 0.58 0.04
1549 3183.176 198.0 0.56 0.01
1550 3183.640 232.1 0.60 0.01
1551 3185.087 143.4 0.56 -0.01
1552 3185.442 177.5 0.56 -0.01
1553 3188.173 273.1 0.54 0.01
1554 3188.937 245.8 0.55 0.02
1555 3191.231 175.2 0.55 0.03
1556 3192.105 213.9 0.56 0.04
1557 3193.334 143.4 0.55 0.02
1558 3195.518 213.9 0.54 0.03
1559 3196.802 348.2 0.56 0.03
1560 3197.075 220.7 0.56 0.02
1561 3197.703 234.4 0.57 -0.00
1562 3199.068 241.2 0.55 0.02
1563 3200.242 207.1 0.57 -0.01
1564 3201.307 152.5 0.55 0.01
1565 3201.826 152.5 0.55 -0.01
1566 3202.208 186.6 0.55 -0.00
1567 3203.628 136.5 0.55 0.01
1568 3205.212 252.6 0.55 -0.01
1569 3206.577 186.6 0.56 -0.00
1570 3208.899 318.6 0.55 -0.00
1571 3211.930 355.0 0.54 0.01
1572 3213.868 191.1 0.55 -0.01
1573 3214.769 120.6 0.55 0.02
1574 3219.439 195.7 0.53 0.01
1575 3225.856 229.8 0.53 -0.00
1576 3226.266 104.7 0.54 -0.00
1577 3227.795 179.8 0.53 -0.01
1578 3228.204 147.9 0.51 -0.01
1579 3228.805 159.3 0.52 -0.00
1580 3233.556 186.6 0.54 -0.01
1581 3234.867 279.9 0.54 -0.01
1582 3235.168 261.7 0.55 -0.00
1583 3235.550 198.0 0.55 -0.00
1584 3240.847 307.2 0.53 -0.01
1585 3241.284 204.8 0.54 -0.01
1586 3243.087 136.5 0.53 -0.01
1587 3243.960 250.3 0.54 0.00
1588 3246.227 195.7 0.54 -0.01
1589 3247.210 223.0 0.54 -0.01
1590 3248.903 311.8 0.54 0.00
1591 3250.295 343.6 0.53 -0.00
1592 3255.293 175.2 0.51 0.01
1593 3255.675 245.8 0.52 0.00
1594 3256.358 175.2 0.53 -0.00
1595 3257.040 241.2 0.52 -0.01
1596 3257.641 207.1 0.53 -0.01
1597 3261.983 293.5 0.53 -0.00
1598 3262.638 382.3 0.54 -0.00
1599 3266.488 268.5 0.53 0.03
1600 3266.925 325.4 0.52 0.04
1601 3267.308 277.6 0.52 0.04
1602 3267.908 229.8 0.51 0.05
1603 3271.103 213.9 0.49 0.00
1604 3272.878 136.5 0.51 -0.01
1605 3273.124 213.9 0.50 -0.00
1606 3273.452 327.7 0.51 -0.01
1607 3273.779 195.7 0.50 -0.00
1608 3274.353 355.0 0.50 0.00
1609 3275.035 311.8 0.49 -0.00
1610 3279.268 291.3 0.50 0.00
1611 3280.906 273.1 0.51 0.00
1612 3281.425 234.4 0.52 0.00
1613 3281.999 284.4 0.50 -0.00
1614 3282.708 370.9 0.52 0.01
1615 3285.357 284.4 0.56 0.04
1616 3286.258 259.4 0.56 0.04
1617 3287.214 175.2 0.55 0.05
1618 3288.689 225.3 0.54 0.03
1619 3289.207 207.1 0.52 0.04
1620 3296.662 229.8 0.43 0.10
1621 3298.601 147.9 0.47 0.06
1622 3300.704 257.1 0.50 0.03
1623 3301.168 298.1 0.48 0.03
1624 3303.516 186.6 0.51 0.06
1625 3303.871 223.0 0.50 0.03
1626 3305.673 116.1 0.49 0.02
1627 3305.946 179.8 0.49 0.01
1628 3306.520 186.6 0.50 0.00
1629 3307.831 273.1 0.47 0.00
1630 3308.240 252.6 0.47 0.01
1631 3309.851 316.3 0.47 0.02
1632 3310.425 223.0 0.49 0.06
1633 3313.811 293.5 0.48 0.02
1634 3314.985 170.7 0.50 0.01
1635 3319.491 289.0 0.49 0.02
1636 3322.685 152.5 0.50 0.03
1637 3322.877 159.3 0.48 0.03
1638 3323.395 202.5 0.49 0.03
1639 3332.734 323.1 0.49 0.02
1640 3332.980 104.7 0.51 0.04
1641 3337.486 273.1 0.50 0.05
1642 3338.032 136.5 0.52 -0.01
1643 3338.933 152.5 0.50 0.06
1644 3340.489 132.0 0.48 -0.02
1645 3342.756 191.1 0.51 -0.01
1646 3343.548 250.3 0.51 0.02
1647 3346.961 175.2 0.53 0.04
1648 3347.207 152.5 0.51 0.02
1649 3347.453 257.1 0.51 0.03
1650 3348.026 120.6 0.52 -0.01
1651 3348.654 355.0 0.51 0.02
1652 3349.118 132.0 0.52 -0.02
1653 3349.473 245.8 0.55 -0.02
1654 3351.931 186.6 0.49 -0.02
1655 3355.126 289.0 0.49 -0.02
1656 3355.399 261.7 0.50 -0.02
1657 3355.945 202.5 0.50 -0.02
1658 3356.464 245.8 0.48 0.01
1659 3358.785 179.8 0.49 -0.05
1660 3362.690 257.1 0.50 -0.01
1661 3364.601 261.7 0.51 -0.03
1662 3365.639 234.4 0.50 -0.01
1663 3367.031 147.9 0.50 -0.02
1664 3367.769 132.0 0.49 -0.01
1665 3373.476 168.4 0.48 -0.01
1666 3375.360 159.3 0.49 0.00
1667 3376.452 300.4 0.44 0.01
1668 3377.135 327.7 0.45 0.01
1669 3377.435 179.8 0.48 0.02
1670 3380.139 241.2 0.46 0.01
1671 3381.040 191.1 0.48 0.02
1672 3382.296 316.3 0.49 0.02
1673 3387.266 184.3 0.51 0.04
1674 3390.979 179.8 0.49 0.01
1675 3394.229 147.9 0.46 0.02
1676 3397.861 382.3 0.49 0.02
1677 3398.571 441.5 0.49 0.01
1678 3401.247 289.0 0.49 0.02
1679 3401.602 245.8 0.49 0.01
1680 3403.295 159.3 0.50 0.02
1681 3404.169 261.7 0.50 0.03
1682 3407.445 159.3 0.50 0.04
1683 3408.019 202.5 0.49 0.02
1684 3413.371 179.8 0.47 0.02
1685 3413.917 218.5 0.48 0.02
1686 3414.299 261.7 0.46 0.01
1687 3420.935 152.5 0.49 -0.01
1688 3422.082 207.1 0.49 -0.00
1689 3423.474 234.4 0.48 0.00
1690 3431.803 234.4 0.50 0.01
1691 3433.578 191.1 0.48 -0.00
1692 3434.206 202.5 0.48 -0.00
1693 3435.407 307.2 0.47 -0.01
1694 3438.247 191.1 0.46 -0.02
1695 3439.039 218.5 0.47 -0.01
1696 3440.241 179.8 0.50 -0.00
1697 3441.743 332.2 0.49 -0.00
1698 3444.746 163.8 0.50 -0.01
1699 3446.412 339.1 0.51 -0.00
1700 3447.231 223.0 0.53 0.01
1701 3448.023 273.1 0.48 0.00
1702 3448.487 268.5 0.52 0.02
1703 3448.842 343.6 0.50 0.02
1704 3449.825 289.0 0.51 0.02
1705 3450.235 332.2 0.53 0.02
1706 3450.972 163.8 0.53 0.03
1707 3451.901 163.8 0.49 0.02
1708 3452.638 168.4 0.56 0.04
1709 3452.993 289.0 0.54 0.04
1710 3456.242 207.1 0.54 0.03
1711 3457.498 238.9 0.51 0.03
1712 3458.345 163.8 0.55 0.02
1713 3460.065 198.0 0.53 0.02
1714 3460.557 152.5 0.53 0.02
1715 3464.380 61.4 0.52 0.00
1716 3466.537 223.0 0.50 -0.00
1717 3467.056 277.6 0.52 0.01
1718 3471.589 291.3 0.49 0.00
1719 3474.101 277.6 0.49 -0.01
1720 3475.275 186.6 0.50 -0.01
1721 3476.176 300.4 0.51 -0.01
1722 3477.241 132.0 0.50 -0.01
1723 3478.688 86.5 0.51 -0.02
1724 3481.692 143.4 0.53 -0.03
1725 3482.675 179.8 0.54 -0.03
1726 3484.669 163.8 0.52 -0.02
1727 3488.683 218.5 0.50 -0.01
1728 3488.928 154.7 0.50 -0.01
1729 3490.621 125.2 0.49 0.00
1730 3491.495 152.5 0.51 0.01
1731 3491.987 143.4 0.50 0.01
1732 3492.533 157.0 0.49 0.02
1733 3496.247 163.8 0.52 0.03
1734 3497.912 61.4 0.51 0.03
1735 3501.462 179.8 0.49 0.01
1736 3503.729 147.9 0.49 0.02
1737 3505.231 202.5 0.48 0.02
1738 3505.531 202.5 0.47 0.01
1739 3506.896 159.3 0.47 0.01
1740 3508.262 207.1 0.47 0.01
1741 3512.549 289.0 0.46 0.03
1742 3513.259 268.5 0.47 0.01
1743 3513.750 316.3 0.48 0.03
1744 3516.317 289.0 0.47 0.02
1745 3524.454 120.6 0.48 0.03
1746 3525.574 207.1 0.47 0.00
1747 3527.922 261.7 0.50 0.04
1748 3530.899 311.8 0.50 0.04
1749 3531.718 273.1 0.47 0.04
1750 3533.930 289.0 0.47 0.04
1751 3536.196 109.2 0.48 0.03
1752 3536.879 223.0 0.47 0.03
1753 3539.391 207.1 0.46 0.01
1754 3540.238 218.5 0.46 0.01
1755 3540.511 163.8 0.46 0.01
1756 3544.033 141.1 0.45 0.03
1757 3545.453 537.0 0.47 0.03
1758 3548.593 273.1 0.44 0.05
1759 3551.133 448.3 0.45 0.00
1760 3555.912 245.8 0.43 -0.01
1761 3558.397 241.2 0.42 -0.00
1762 3559.079 179.8 0.43 -0.01
1763 3563.858 202.5 0.40 -0.01
1764 3564.431 218.5 0.41 0.02
1765 3571.640 202.5 0.40 0.00
1766 3572.023 325.4 0.39 0.00
1767 3573.634 218.5 0.41 0.01
1768 3577.620 191.1 0.43 0.02
1769 3579.232 370.9 0.41 0.02
1770 3579.778 109.2 0.39 0.02
1771 3580.979 202.5 0.44 0.01
1772 3581.798 518.8 0.41 0.01
1773 3585.103 223.0 0.38 -0.04
1774 3588.106 229.8 0.39 0.00
1775 3593.431 309.5 0.43 0.01
1776 3594.141 220.7 0.44 0.01
1777 3596.189 300.4 0.44 -0.01
1778 3597.937 273.1 0.42 -0.00
1779 3598.592 191.1 0.46 0.02
1780 3605.309 175.2 0.49 -0.02
1781 3607.112 207.1 0.51 -0.01
1782 3607.521 284.4 0.50 -0.00
1783 3608.286 268.5 0.51 -0.00
1784 3610.388 213.9 0.50 0.02
1785 3610.962 229.8 0.51 0.00
1786 3612.846 179.8 0.51 0.03
1787 3615.959 136.5 0.52 0.01
1788 3618.307 179.8 0.49 -0.02
1789 3622.567 125.2 0.49 0.01
1790 3623.004 200.2 0.46 0.01
1791 3624.533 257.1 0.46 0.03
1792 3626.445 109.2 0.50 0.04
1793 3630.513 334.5 0.48 0.04
1794 3633.108 97.8 0.50 0.01
1795 3638.733 163.8 0.53 -0.01
1796 3639.088 147.9 0.54 -0.02
1797 3640.016 195.7 0.53 -0.02
1798 3641.627 186.6 0.55 -0.04
1799 3642.337 448.3 0.55 -0.02
1800 3644.085 241.2 0.53 0.01
1801 3646.843 147.9 0.50 0.00
1802 3649.737 97.8 0.49 0.05
1803 3651.622 223.0 0.54 0.01
1804 3652.550 104.7 0.55 0.05
1805 3655.253 370.9 0.49 0.01
1806 3657.411 195.7 0.49 0.05
1807 3658.175 159.3 0.49 0.04
1808 3660.687 152.5 0.50 0.04
1809 3661.807 136.5 0.51 0.03
1810 3662.735 366.4 0.48 0.03
1811 3663.391 147.9 0.50 0.01
1812 3665.739 141.1 0.50 0.01
1813 3670.299 132.0 0.57 0.03
1814 3671.583 425.5 0.47 0.02
1815 3672.020 309.5 0.48 0.02
1816 3674.395 202.5 0.49 0.01
1817 3675.215 202.5 0.50 0.01
1818 3675.542 202.5 0.54 0.01
1819 3677.344 252.6 0.53 0.01
1820 3677.972 141.1 0.54 0.02
1821 3678.409 120.6 0.52 0.01
1822 3681.604 136.5 0.55 -0.02
1823 3682.915 186.6 0.55 -0.05
1824 3683.898 257.1 0.52 -0.06
1825 3684.417 343.6 0.54 -0.02
1826 3685.127 238.9 0.52 -0.04
1827 3685.373 100.1 0.55 -0.02
1828 3688.759 382.3 0.53 0.00
1829 3690.725 136.5 0.52 0.02
1830 3691.380 218.5 0.53 0.05
1831 3695.667 152.5 0.52 0.05
1832 3708.447 179.8 0.54 0.04
1833 3711.177 147.9 0.55 0.04
1834 3711.669 316.3 0.55 0.04
1835 3715.110 195.7 0.55 0.03
1836 3715.383 154.7 0.54 0.03
1837 3716.311 343.6 0.55 0.03
1838 3720.953 163.8 0.53 0.04
1839 3721.308 191.1 0.54 0.04
1840 3728.708 159.3 0.52 0.04
1841 3729.364 195.7 0.52 0.04
1842 3732.804 175.2 0.52 0.03
1843 3733.023 168.4 0.51 0.03
1844 3735.043 218.5 0.52 0.04
1845 3736.573 207.1 0.52 0.02
1846 3744.300 250.3 0.51 0.02
1847 3745.939 218.5 0.51 0.02
1848 3746.266 127.4 0.50 0.02
1849 3746.949 229.8 0.51 0.02
1850 3749.707 195.7 0.52 -0.03
1851 3752.219 113.8 0.52 -0.03
1852 3753.748 202.5 0.54 -0.00
1853 3755.305 241.2 0.53 0.00
1854 3762.951 229.8 0.50 0.02
1855 3764.862 143.4 0.49 0.01
1856 3766.009 268.5 0.50 0.02
1857 3767.238 179.8 0.52 0.04
1858 3769.095 141.1 0.55 0.05
1859 3772.918 398.2 0.53 0.06
1860 3775.457 175.2 0.54 0.06
1861 3778.243 168.4 0.52 0.06
1862 3783.677 113.8 0.53 0.03
1863 3785.151 409.6 0.54 0.04
1864 3787.199 109.2 0.53 0.01
1865 3788.401 334.5 0.53 0.01
1866 3788.865 266.2 0.54 0.01
1867 3794.763 223.0 0.53 -0.01
1868 3797.193 284.4 0.52 0.01
1869 3797.985 202.5 0.51 -0.03
1870 3798.422 264.0 0.53 -0.03
1871 3802.709 266.2 0.51 0.03
1872 3804.839 207.1 0.50 0.02
1873 3805.932 202.5 0.50 0.03
1874 3808.799 332.2 0.50 0.05
1875 3812.813 257.1 0.49 0.04
1876 3813.332 209.4 0.49 0.05
1877 3816.062 339.1 0.50 0.05
1878 3816.745 116.1 0.49 0.04
1879 3817.701 191.1 0.49 0.05
1880 3818.356 218.5 0.48 0.06
1881 3820.377 320.9 0.48 0.05
1882 3826.685 152.5 0.49 -0.01
1883 3828.023 355.0 0.47 0.01
1884 3828.541 293.5 0.46 0.01
1885 3835.313 223.0 0.48 0.00
1886 3836.023 311.8 0.47 0.01
1887 3839.355 248.0 0.50 -0.02
1888 3839.683 213.9 0.51 -0.02
1889 3841.184 289.0 0.49 -0.03
1890 3844.980 218.5 0.49 -0.06
1891 3850.141 213.9 0.52 -0.03
1892 3850.906 475.6 0.52 -0.02
1893 3856.503 86.5 0.51 -0.00
1894 3858.005 213.9 0.47 0.03
1895 3860.900 364.1 0.46 0.02
1896 3862.784 229.8 0.50 0.04
1897 3863.685 327.7 0.52 0.04
1898 3864.586 152.5 0.52 0.04
1899 3866.279 191.1 0.54 0.04
1900 3867.290 241.2 0.54 0.00
1901 3869.256 147.9 0.51 -0.01
1902 3869.993 291.3 0.50 -0.02
1903 3871.140 300.4 0.50 0.01
1904 3871.495 191.1 0.50 -0.00
1905 3873.925 175.2 0.48 0.01
1906 3874.826 104.7 0.50 0.02
1907 3876.028 273.1 0.50 0.02
1908 3881.134 284.4 0.45 -0.02
1909 3883.810 323.1 0.47 -0.02
1910 3884.902 257.1 0.50 -0.01
1911 3885.148 202.5 0.48 -0.01
1912 3885.804 179.8 0.47 0.01
1913 3890.964 113.8 0.46 -0.02
1914 3898.829 186.6 0.48 0.01
1915 3899.156 207.1 0.48 0.01
1916 3900.413 182.0 0.51 0.03
1917 3901.341 61.4 0.51 0.02
1918 3901.942 295.8 0.51 0.01
1919 3904.208 229.8 0.50 0.04
1920 3906.338 218.5 0.47 0.03
1921 3906.666 307.2 0.47 0.03
1922 3907.157 332.2 0.47 0.01
1923 3908.850 120.6 0.45 0.00
1924 3910.188 277.6 0.47 0.00
1925 3911.008 136.5 0.46 -0.02
1926 3913.957 257.1 0.44 -0.02
1927 3915.158 207.1 0.46 0.01
1928 3916.851 175.2 0.43 -0.00
1929 3918.517 120.6 0.55 0.02
1930 3919.227 209.4 0.53 0.01
1931 3920.019 223.0 0.42 -0.00
1932 3920.674 245.8 0.43 0.00
1933 3924.060 241.2 0.53 -0.01
1934 3924.661 295.8 0.58 0.04
1935 3926.190 359.5 0.55 -0.01
1936 3932.525 300.4 0.49 0.04
1937 3933.263 191.1 0.48 0.06
1938 3936.949 284.4 0.49 0.01
1939 3938.287 304.9 0.46 0.01
1940 3938.997 132.0 0.47 -0.00
1941 3939.352 327.7 0.47 0.01
1942 3941.291 175.2 0.51 0.02
1943 3942.492 159.3 0.48 0.02
1944 3942.683 104.7 0.51 0.02
1945 3943.885 355.0 0.49 0.03
1946 3944.513 268.5 0.49 0.02
1947 3945.551 279.9 0.51 0.02
1948 3946.206 136.5 0.51 0.02
1949 3947.735 127.4 0.51 0.02
1950 3948.663 125.2 0.51 0.02
1951 3948.991 245.8 0.51 0.02
1952 3950.930 443.7 0.51 0.03
1953 3954.807 234.4 0.49 0.03
1954 3955.490 218.5 0.48 0.03
1955 3961.634 191.1 0.44 0.04
1956 3961.907 211.6 0.45 0.04
1957 3962.644 273.1 0.44 0.01
1958 3964.201 311.8 0.45 -0.00
1959 3965.157 389.1 0.46 -0.01
1960 3966.167 234.4 0.46 -0.01
1961 3966.713 355.0 0.45 -0.01
1962 3967.942 273.1 0.46 -0.01
1963 3971.738 223.0 0.48 0.03
1964 3972.366 245.8 0.46 0.03
1965 3973.431 179.8 0.45 0.02
1966 3976.407 141.1 0.47 0.02
1967 3977.882 186.6 0.46 0.02
1968 3978.919 427.8 0.48 0.02
1969 3980.967 218.5 0.47 0.02
1970 3981.268 277.6 0.49 0.03
1971 3983.561 179.8 0.46 0.00
1972 3991.917 127.4 0.48 0.02
1973 3992.545 261.7 0.49 0.03
1974 3995.658 332.2 0.50 0.03
1975 3996.505 355.0 0.48 0.02
1976 3998.935 195.7 0.48 0.02
1977 4004.178 236.7 0.46 0.04
1978 4004.588 195.7 0.47 0.04
1979 4009.557 179.8 0.45 -0.00
1980 4013.408 393.7 0.44 0.00
1981 4015.483 77.4 0.45 0.00
1982 4016.876 234.4 0.46 0.00
1983 4018.186 261.7 0.45 0.05
1984 4018.869 277.6 0.45 0.04
1985 4023.893 261.7 0.44 0.02
1986 4027.662 241.2 0.50 0.07
1987 4028.317 273.1 0.46 0.06
1988 4031.976 186.6 0.50 0.01
1989 4032.550 261.7 0.51 0.02
1990 4034.379 136.5 0.48 0.02
1991 4035.417 202.5 0.48 0.05
1992 4039.349 250.3 0.49 0.05
1993 4039.840 273.1 0.47 0.03
1994 4042.435 209.4 0.49 0.04
1995 4045.821 132.0 0.49 -0.01
1996 4047.896 229.8 0.46 -0.03
1997 4049.398 109.2 0.46 -0.02
1998 4050.408 234.4 0.45 -0.04
1999 4052.647 141.1 0.44 -0.04
2000 4056.497 175.2 0.44 -0.02
