1 1.567 236.7 0.46 -0.00
2 3.724 175.2 0.47 0.01
3 7.847 229.8 0.51 0.01
4 8.940 277.6 0.51 0.01
5 9.349 136.5 0.51 0.01
6 11.752 268.5 0.50 0.02
7 12.762 245.8 0.49 0.02
8 15.575 136.5 0.46 0.01
9 19.616 202.5 0.44 0.05
10 20.873 175.2 0.44 0.06
11 31.085 300.4 0.44 -0.01
12 31.659 268.5 0.45 -0.01
13 36.465 316.3 0.45 0.04
14 38.158 213.9 0.52 0.06
15 38.758 234.4 0.47 0.05
16 41.844 241.2 0.42 0.06
17 45.367 257.1 0.55 0.03
18 50.883 366.4 0.50 0.05
19 60.604 316.3 0.52 0.06
20 61.641 229.8 0.49 0.05
21 62.761 257.1 0.48 0.07
22 65.874 213.9 0.49 0.01
23 68.987 382.3 0.52 -0.02
24 69.615 147.9 0.52 -0.03
25 72.864 191.1 0.51 -0.00
26 73.492 202.5 0.54 0.01
27 74.530 159.3 0.54 0.01
28 75.704 218.5 0.54 0.00
29 89.057 88.7 0.55 0.01
30 89.194 97.8 0.56 0.01
31 92.279 179.8 0.56 0.02
32 92.689 152.5 0.56 0.01
33 97.167 311.8 0.55 0.01
34 98.888 175.2 0.54 0.01
35 99.543 175.2 0.55 0.01
36 102.793 175.2 0.54 0.02
37 105.523 127.4 0.55 0.01
38 109.346 218.5 0.53 0.01
39 113.114 343.6 0.52 0.01
40 119.422 334.5 0.48 0.00
41 122.672 129.7 0.45 -0.01
42 122.836 136.5 0.46 -0.01
43 124.556 300.4 0.46 0.03
44 125.730 141.1 0.47 0.01
45 126.549 159.3 0.45 -0.04
46 126.850 261.7 0.46 0.07
47 128.270 327.7 0.45 0.04
48 135.970 348.2 0.46 0.06
49 142.469 268.5 0.46 0.06
50 143.124 289.0 0.46 0.07
51 148.094 370.9 0.45 0.07
52 151.753 202.5 0.48 0.02
53 154.675 202.5 0.52 -0.01
54 155.221 241.2 0.51 -0.00
55 156.068 195.7 0.51 0.01
56 157.379 218.5 0.51 0.01
57 159.618 245.8 0.49 -0.00
58 161.010 202.5 0.50 0.00
59 163.277 293.5 0.49 0.03
60 166.144 175.2 0.49 0.02
61 168.602 141.1 0.48 0.03
62 170.977 202.5 0.49 0.05
63 175.374 97.8 0.49 0.04
64 175.811 213.9 0.48 0.05
65 179.005 191.1 0.47 0.03
66 180.343 245.8 0.47 0.04
67 182.364 152.5 0.49 0.05
68 183.921 366.4 0.46 0.06
69 195.526 132.0 0.45 0.03
70 196.564 195.7 0.45 0.03
71 196.891 216.2 0.45 0.03
72 198.420 268.5 0.47 0.04
73 203.882 261.7 0.46 0.04
74 204.783 127.4 0.44 0.03
75 205.247 159.3 0.46 0.03
76 209.070 241.2 0.47 0.04
77 209.534 218.5 0.49 0.05
78 210.927 229.8 0.49 0.04
79 211.910 289.0 0.50 0.03
80 214.286 289.0 0.50 0.03
81 217.044 159.3 0.49 0.04
82 219.447 120.6 0.49 0.04
83 220.812 116.1 0.49 0.00
84 226.410 202.5 0.49 0.03
85 228.157 245.8 0.48 0.03
86 229.140 289.0 0.48 0.05
87 229.414 213.9 0.47 0.05
88 232.663 370.9 0.49 0.07
89 235.039 198.0 0.49 0.09
90 235.639 229.8 0.48 0.07
91 237.141 257.1 0.47 0.06
92 243.012 327.7 0.46 0.09
93 243.913 284.4 0.44 0.09
94 246.589 163.8 0.44 0.08
95 247.627 147.9 0.44 0.08
96 247.791 75.1 0.44 0.08
97 251.204 268.5 0.48 0.07
98 252.652 334.5 0.47 0.07
99 253.416 393.7 0.49 0.05
100 255.519 186.6 0.49 0.05
101 256.420 182.0 0.50 0.05
102 259.123 464.2 0.52 0.08
103 261.690 218.5 0.50 0.08
104 265.841 213.9 0.48 0.09
105 269.145 136.5 0.46 0.07
106 272.067 327.7 0.47 0.08
107 276.408 229.8 0.48 0.05
108 277.774 355.0 0.49 0.04
109 278.566 223.0 0.49 0.05
110 280.368 163.8 0.47 0.06
111 283.672 375.5 0.46 0.05
112 285.065 245.8 0.46 0.05
113 285.583 252.6 0.45 0.06
114 289.434 361.8 0.46 0.06
115 292.000 307.2 0.46 -0.00
116 293.284 157.0 0.46 0.01
117 294.977 311.8 0.45 -0.00
118 295.250 243.5 0.45 -0.00
119 295.632 177.5 0.45 0.01
120 297.161 355.0 0.46 0.02
121 297.762 147.9 0.46 0.01
122 298.964 250.3 0.47 0.01
123 300.274 332.2 0.47 0.02
124 301.394 245.8 0.47 0.03
125 302.486 273.1 0.47 0.03
126 306.063 141.1 0.48 0.02
127 308.139 355.0 0.50 -0.00
128 309.996 218.5 0.49 -0.01
129 310.269 198.0 0.50 0.01
130 316.167 202.5 0.52 0.07
131 321.191 163.8 0.49 0.01
132 323.267 366.4 0.44 0.01
133 325.806 273.1 0.46 -0.01
134 326.598 191.1 0.47 -0.01
135 328.892 202.5 0.45 0.01
136 329.738 191.1 0.49 0.00
137 330.148 232.1 0.41 0.00
138 330.967 234.4 0.48 0.01
139 335.964 202.5 0.48 0.01
140 344.457 209.4 0.43 0.01
141 345.030 218.5 0.43 0.01
142 352.075 289.0 0.49 0.01
143 353.522 339.1 0.45 0.01
144 360.294 291.3 0.44 0.06
145 362.397 104.7 0.50 0.05
146 363.872 300.4 0.49 0.06
147 364.363 348.2 0.48 0.06
148 365.182 218.5 0.49 0.06
149 368.541 284.4 0.49 0.07
150 368.869 264.0 0.49 0.07
151 369.251 261.7 0.50 0.07
152 369.934 300.4 0.49 0.07
153 371.217 191.1 0.51 0.05
154 372.473 186.6 0.48 0.05
155 373.538 207.1 0.47 0.04
156 374.876 304.9 0.50 0.04
157 375.832 152.5 0.48 0.05
158 376.706 236.7 0.49 0.04
159 379.546 97.8 0.51 0.07
160 384.051 104.7 0.47 0.08
161 391.014 234.4 0.48 0.05
162 393.144 268.5 0.49 0.06
163 398.851 125.2 0.52 0.05
164 399.616 261.7 0.51 0.05
165 401.391 191.1 0.49 0.06
166 401.937 195.7 0.50 0.05
167 405.405 218.5 0.50 0.08
168 406.170 213.9 0.51 0.08
169 406.579 207.1 0.50 0.08
170 410.648 213.9 0.47 0.00
171 411.249 300.4 0.48 0.00
172 413.051 289.0 0.46 -0.01
173 413.433 302.6 0.47 -0.01
174 414.252 234.4 0.47 0.01
175 414.580 248.0 0.48 0.01
176 417.529 195.7 0.47 -0.01
177 418.540 261.7 0.47 -0.01
178 424.110 191.1 0.44 0.04
179 432.138 229.8 0.43 0.05
180 434.787 234.4 0.44 0.09
181 440.003 284.4 0.47 0.04
182 448.768 223.0 0.48 0.01
183 449.587 113.8 0.45 0.01
184 453.929 223.0 0.48 0.01
185 456.277 277.6 0.50 0.00
186 457.424 213.9 0.51 0.01
187 457.807 377.7 0.50 0.01
188 462.612 163.8 0.51 0.03
189 466.108 127.4 0.50 0.01
190 470.859 195.7 0.51 0.00
191 471.187 136.5 0.52 0.00
192 472.143 191.1 0.51 -0.00
193 473.672 496.1 0.50 0.00
194 474.354 97.8 0.48 0.01
195 476.648 143.4 0.48 -0.01
196 476.894 157.0 0.49 -0.01
197 478.150 207.1 0.47 0.00
198 482.601 366.4 0.49 0.05
199 483.229 366.4 0.49 0.05
200 485.441 289.0 0.49 0.04
201 491.503 307.2 0.46 0.06
202 491.994 175.2 0.47 0.05
203 492.677 218.5 0.49 0.01
204 493.578 414.2 0.48 0.05
205 494.179 141.1 0.49 0.05
206 494.752 163.8 0.49 0.04
207 496.992 393.7 0.50 0.01
208 497.592 309.5 0.50 0.00
209 498.248 307.2 0.50 -0.00
210 502.289 332.2 0.49 0.01
211 504.091 147.9 0.49 0.02
212 506.576 304.9 0.50 0.01
213 508.324 218.5 0.49 0.02
214 508.870 295.8 0.49 0.04
215 520.530 273.1 0.50 -0.01
216 521.923 202.5 0.46 0.00
217 523.315 132.0 0.49 -0.00
218 524.790 218.5 0.48 -0.00
219 527.957 182.0 0.46 0.06
220 530.005 202.5 0.47 0.03
221 533.173 343.6 0.48 0.03
222 534.647 359.5 0.52 0.01
223 537.105 452.8 0.47 -0.01
224 538.033 261.7 0.46 0.00
225 538.580 464.2 0.49 -0.02
226 540.081 125.2 0.48 0.01
227 541.065 120.6 0.52 -0.02
228 541.338 207.1 0.51 -0.01
229 544.150 366.4 0.54 -0.00
230 547.673 163.8 0.53 0.01
231 548.355 273.1 0.54 0.01
232 548.656 202.5 0.55 0.01
233 550.240 273.1 0.54 0.01
234 552.779 202.5 0.56 0.00
235 555.182 273.1 0.55 -0.00
236 559.770 168.4 0.48 0.02
237 564.521 268.5 0.57 0.02
238 565.804 120.6 0.55 0.02
239 567.661 163.8 0.55 0.03
240 569.245 125.2 0.56 0.02
241 569.737 234.4 0.57 0.02
242 573.969 234.4 0.56 0.01
243 576.591 102.4 0.56 0.01
244 582.598 125.2 0.54 0.04
245 584.264 300.4 0.54 0.03
246 585.329 207.1 0.52 0.05
247 586.284 182.0 0.53 0.05
248 593.329 289.0 0.54 0.02
249 596.142 307.2 0.50 0.02
250 598.436 125.2 0.51 0.02
251 602.177 179.8 0.53 0.01
252 604.662 213.9 0.52 0.01
253 605.645 207.1 0.50 0.03
254 609.085 186.6 0.49 0.02
255 610.860 273.1 0.50 0.01
256 611.407 323.1 0.49 0.02
257 612.280 277.6 0.50 0.02
258 612.745 250.3 0.49 0.02
259 613.837 234.4 0.51 0.01
260 614.683 234.4 0.49 -0.01
261 615.584 273.1 0.50 -0.01
262 618.588 113.8 0.51 0.01
263 621.810 163.8 0.52 0.01
264 625.142 207.1 0.53 0.03
265 627.627 147.9 0.55 0.07
266 629.047 207.1 0.53 0.06
267 629.647 104.7 0.51 0.06
268 632.269 393.7 0.54 0.07
269 634.863 147.9 0.54 0.07
270 637.757 191.1 0.52 0.03
271 640.707 389.1 0.48 0.01
272 643.000 218.5 0.48 0.01
273 644.120 343.6 0.47 -0.00
274 654.797 125.2 0.52 0.01
275 658.210 202.5 0.57 0.01
276 658.674 195.7 0.49 0.04
277 663.890 229.8 0.59 0.03
278 665.146 191.1 0.57 -0.00
279 668.450 218.5 0.57 0.01
280 678.335 311.8 0.53 0.05
281 683.851 448.3 0.54 0.06
282 686.855 191.1 0.55 0.05
283 690.350 250.3 0.55 0.05
284 691.197 145.6 0.57 0.04
285 691.934 120.6 0.56 0.05
286 694.064 120.6 0.54 0.04
287 696.139 125.2 0.57 0.03
288 696.658 195.7 0.56 0.04
289 698.160 234.4 0.56 0.03
290 698.487 198.0 0.56 0.03
291 700.426 195.7 0.58 0.02
292 702.037 159.3 0.59 0.02
293 707.062 284.4 0.57 0.03
294 712.305 273.1 0.59 0.03
295 712.714 213.9 0.58 0.04
296 713.752 175.2 0.57 0.06
297 714.407 202.5 0.59 0.04
298 714.626 161.6 0.57 0.04
299 716.264 163.8 0.55 0.06
300 722.108 452.8 0.54 -0.01
301 731.310 218.5 0.53 0.00
302 735.406 209.4 0.52 -0.01
303 735.870 264.0 0.55 -0.01
304 744.363 245.8 0.54 -0.04
305 746.056 179.8 0.55 -0.01
306 750.834 245.8 0.52 0.00
307 752.445 250.3 0.47 0.03
308 753.920 277.6 0.47 0.01
309 756.678 273.1 0.45 0.05
310 761.184 163.8 0.44 -0.02
311 762.167 241.2 0.43 -0.01
312 762.795 163.8 0.52 0.04
313 763.150 163.8 0.47 0.04
314 765.307 218.5 0.50 0.04
315 765.580 177.5 0.46 0.04
316 765.771 129.7 0.46 0.01
317 767.519 295.8 0.47 0.01
318 768.338 261.7 0.48 0.03
319 770.823 264.0 0.49 0.03
320 774.209 241.2 0.49 0.01
321 777.786 323.1 0.50 0.03
322 778.469 207.1 0.47 0.04
323 779.069 198.0 0.44 0.01
324 781.500 257.1 0.52 0.04
325 786.278 316.3 0.42 0.01
326 787.535 289.0 0.42 0.01
327 787.999 66.0 0.43 0.01
328 790.839 175.2 0.42 0.02
329 792.723 245.8 0.45 0.03
330 797.993 279.9 0.48 0.02
331 799.167 152.5 0.49 -0.01
332 799.877 191.1 0.48 0.02
333 800.696 254.9 0.50 0.03
334 801.188 168.4 0.50 0.02
335 801.761 475.6 0.51 0.04
336 803.591 168.4 0.54 0.01
337 804.601 179.8 0.53 0.01
338 809.189 213.9 0.52 0.02
339 814.841 207.1 0.53 0.01
340 817.299 163.8 0.52 0.00
341 817.818 186.6 0.51 0.00
342 818.746 168.4 0.51 -0.00
343 819.156 298.1 0.49 -0.00
344 821.559 229.8 0.50 0.00
345 824.835 234.4 0.50 -0.03
346 834.202 209.4 0.54 0.04
347 835.267 289.0 0.51 0.05
348 836.905 198.0 0.51 0.04
349 837.205 245.8 0.50 0.04
350 841.274 132.0 0.49 0.06
351 843.349 154.7 0.48 0.05
352 845.179 229.8 0.47 0.04
353 846.653 168.4 0.48 0.03
354 847.172 218.5 0.45 0.04
355 857.876 273.1 0.50 0.00
356 859.215 273.1 0.52 -0.00
357 860.006 234.4 0.51 -0.02
358 861.781 229.8 0.53 -0.01
359 864.567 284.4 0.52 0.00
360 864.922 202.5 0.54 0.00
361 865.741 170.7 0.57 0.00
362 867.106 141.1 0.59 0.02
363 869.837 216.2 0.59 0.03
364 874.233 168.4 0.59 0.03
365 875.790 132.0 0.59 0.02
366 877.264 327.7 0.58 0.03
367 878.520 191.1 0.55 0.02
368 879.203 136.5 0.55 0.03
369 880.923 245.8 0.57 0.03
370 884.801 132.0 0.52 0.01
371 888.651 195.7 0.58 0.02
372 889.661 141.1 0.53 0.01
373 891.081 218.5 0.58 0.03
374 895.997 191.1 0.57 0.02
375 896.352 295.8 0.56 0.02
376 896.816 245.8 0.57 0.03
377 898.536 257.1 0.57 0.03
378 906.319 345.9 0.60 0.01
379 906.865 375.5 0.59 0.00
380 907.329 254.9 0.60 -0.00
381 908.285 245.8 0.58 0.00
382 909.377 277.6 0.57 0.00
383 911.698 261.7 0.56 0.01
384 912.135 277.6 0.55 0.01
385 919.371 179.8 0.53 0.02
386 920.054 191.1 0.55 0.01
387 920.545 252.6 0.54 0.03
388 922.866 147.9 0.55 0.02
389 923.740 163.8 0.54 0.03
390 932.014 218.5 0.55 0.04
391 933.652 223.0 0.56 0.07
392 935.864 179.8 0.56 0.06
393 939.633 218.5 0.57 0.05
394 940.643 245.8 0.58 0.03
395 941.626 109.2 0.57 0.03
396 942.145 311.8 0.57 0.03
397 943.319 168.4 0.58 0.02
398 944.247 236.7 0.57 0.02
399 945.531 243.5 0.58 0.02
400 951.456 175.2 0.58 0.03
401 952.084 227.6 0.59 0.03
402 952.303 120.6 0.59 0.04
403 953.177 104.7 0.59 0.03
404 954.242 234.4 0.58 0.03
405 955.143 61.4 0.57 0.02
406 956.290 245.8 0.58 0.02
407 957.273 277.6 0.58 0.03
408 958.556 229.8 0.57 0.03
409 959.020 218.5 0.58 0.03
410 959.430 218.5 0.57 0.04
411 961.396 202.5 0.56 0.02
412 962.324 289.0 0.54 0.01
413 962.652 179.8 0.55 0.01
414 964.919 141.1 0.57 0.02
415 966.011 163.8 0.56 0.01
416 966.639 163.8 0.56 0.01
417 969.834 375.5 0.56 0.02
418 972.046 393.7 0.56 0.01
419 973.438 125.2 0.55 0.01
420 973.903 234.4 0.55 0.01
421 974.967 152.5 0.55 0.02
422 978.162 245.8 0.55 0.03
423 979.446 163.8 0.55 0.03
424 980.347 284.4 0.56 0.03
425 981.275 261.7 0.56 0.03
426 982.914 184.3 0.54 0.04
427 984.115 213.9 0.57 0.04
428 984.525 186.6 0.56 0.04
429 987.447 143.4 0.56 0.05
430 988.785 223.0 0.57 0.05
431 989.112 182.0 0.56 0.06
432 989.549 116.1 0.56 0.06
433 990.723 129.7 0.55 0.06
434 994.383 213.9 0.56 0.04
435 995.611 234.4 0.56 0.06
436 996.403 289.0 0.56 0.04
437 997.714 159.3 0.55 0.05
438 997.932 175.2 0.55 0.05
439 1003.639 343.6 0.55 0.03
440 1005.551 273.1 0.54 0.03
441 1006.343 268.5 0.55 0.03
442 1006.725 257.1 0.54 0.03
443 1007.107 120.6 0.55 0.03
444 1014.125 245.8 0.56 0.04
445 1014.344 163.8 0.56 0.04
446 1018.112 61.4 0.53 0.00
447 1019.013 202.5 0.53 0.00
448 1021.034 229.8 0.52 -0.00
449 1021.716 234.4 0.53 0.03
450 1023.300 198.0 0.54 0.03
451 1024.420 284.4 0.54 0.03
452 1027.096 261.7 0.55 0.01
453 1027.888 266.2 0.55 0.01
454 1029.608 147.9 0.56 0.01
455 1031.137 289.0 0.55 0.03
456 1032.994 257.1 0.56 0.03
457 1033.595 207.1 0.56 0.02
458 1034.605 195.7 0.56 0.01
459 1035.916 163.8 0.56 0.01
460 1036.216 204.8 0.57 0.01
461 1037.991 120.6 0.57 0.02
462 1040.176 195.7 0.56 0.01
463 1041.350 163.8 0.55 0.01
464 1043.289 491.5 0.56 0.01
465 1045.200 218.5 0.56 0.01
466 1046.811 152.5 0.55 0.02
467 1047.330 250.3 0.55 0.01
468 1048.422 229.8 0.56 0.05
469 1052.546 202.5 0.54 0.01
470 1054.239 268.5 0.55 -0.01
471 1054.566 234.4 0.54 -0.01
472 1054.894 170.7 0.54 0.02
473 1055.549 113.8 0.55 0.02
474 1056.833 168.4 0.52 0.02
475 1059.946 350.4 0.52 0.01
476 1060.792 227.6 0.51 0.02
477 1061.093 213.9 0.49 0.02
478 1064.697 136.5 0.50 0.01
479 1071.770 261.7 0.51 0.02
480 1072.179 125.2 0.52 0.02
481 1074.773 218.5 0.55 0.04
482 1075.347 311.8 0.54 0.04
483 1076.029 229.8 0.53 0.03
484 1077.941 257.1 0.55 0.03
485 1079.415 175.2 0.54 0.01
486 1080.535 268.5 0.55 0.02
487 1080.945 102.4 0.56 0.02
488 1086.433 127.4 0.55 0.05
489 1090.966 207.1 0.53 0.02
490 1092.905 223.0 0.54 0.00
491 1095.799 218.5 0.52 0.00
492 1096.974 284.4 0.52 -0.01
493 1097.738 191.1 0.52 -0.01
494 1099.868 147.9 0.52 -0.01
495 1100.578 213.9 0.53 -0.02
496 1102.244 377.7 0.53 -0.03
497 1106.831 273.1 0.53 -0.00
498 1108.907 327.7 0.52 -0.00
499 1109.207 245.8 0.53 -0.00
500 1109.972 207.1 0.53 -0.00
501 1111.009 273.1 0.53 -0.01
502 1112.620 125.2 0.52 -0.01
503 1113.139 191.1 0.53 -0.01
504 1114.150 245.8 0.53 -0.00
505 1115.051 147.9 0.53 0.00
506 1115.897 398.2 0.53 0.01
507 1117.399 336.8 0.54 0.01
508 1118.027 343.6 0.53 0.01
509 1120.594 175.2 0.54 0.01
510 1124.035 218.5 0.54 -0.01
511 1126.547 323.1 0.52 0.03
512 1130.479 193.4 0.51 0.05
513 1130.943 259.4 0.54 0.00
514 1134.275 229.8 0.53 0.04
515 1136.213 175.2 0.53 0.02
516 1139.026 209.4 0.54 0.03
517 1140.528 257.1 0.52 0.03
518 1141.074 159.3 0.53 0.03
519 1141.456 323.1 0.53 0.03
520 1143.723 234.4 0.53 0.01
521 1144.842 355.0 0.49 0.04
522 1145.825 289.0 0.48 0.03
523 1146.999 316.3 0.48 0.03
524 1153.498 207.1 0.46 0.01
525 1154.946 252.6 0.46 0.03
526 1156.256 109.2 0.47 0.02
527 1158.741 182.0 0.45 0.01
528 1161.663 327.7 0.44 0.03
529 1164.312 213.9 0.46 0.02
530 1164.721 200.2 0.46 0.02
531 1165.268 300.4 0.49 -0.00
532 1165.623 307.2 0.45 -0.00
533 1167.124 184.3 0.47 0.03
534 1168.490 311.8 0.46 0.02
535 1169.091 300.4 0.49 0.02
536 1171.494 175.2 0.50 0.01
537 1172.832 327.7 0.48 -0.00
538 1173.432 327.7 0.51 -0.00
539 1174.688 218.5 0.49 0.01
540 1180.286 202.5 0.52 0.00
541 1182.580 195.7 0.55 0.02
542 1185.447 323.1 0.52 0.02
543 1185.966 225.3 0.54 -0.01
544 1188.424 168.4 0.54 -0.02
545 1188.970 163.8 0.53 0.02
546 1190.199 147.9 0.52 0.00
547 1190.963 202.5 0.53 0.00
548 1191.537 218.5 0.54 0.00
549 1191.782 175.2 0.55 -0.01
550 1193.312 154.7 0.55 -0.02
551 1194.049 257.1 0.55 -0.03
552 1195.223 284.4 0.55 -0.03
553 1195.769 316.3 0.54 -0.03
554 1197.216 132.0 0.53 -0.02
555 1199.920 202.5 0.54 -0.01
556 1203.633 182.0 0.53 -0.00
557 1206.610 132.0 0.55 0.00
558 1207.238 289.0 0.56 -0.00
559 1208.958 264.0 0.56 0.00
560 1209.586 191.1 0.56 0.01
561 1210.242 327.7 0.56 0.02
562 1211.334 241.2 0.57 -0.00
563 1213.327 170.7 0.55 -0.00
564 1214.228 154.7 0.57 -0.01
565 1216.741 295.8 0.56 -0.02
566 1218.324 250.3 0.56 -0.02
567 1224.086 120.6 0.54 -0.01
568 1224.414 175.2 0.53 -0.01
569 1225.424 213.9 0.54 -0.00
570 1227.308 245.8 0.53 -0.00
571 1231.432 295.8 0.52 0.02
572 1233.807 284.4 0.55 -0.00
573 1235.965 245.8 0.52 0.03
574 1237.030 245.8 0.52 0.02
575 1238.149 175.2 0.55 0.01
576 1238.531 154.7 0.52 0.01
577 1238.695 166.1 0.51 0.02
578 1239.159 175.2 0.53 0.01
579 1239.569 182.0 0.53 0.01
580 1246.232 250.3 0.55 0.02
581 1246.696 398.2 0.55 0.03
582 1247.515 279.9 0.54 0.02
583 1247.925 273.1 0.53 0.01
584 1249.017 125.2 0.55 0.02
585 1250.246 168.4 0.55 0.03
586 1252.076 284.4 0.58 0.02
587 1253.277 195.7 0.58 0.02
588 1259.175 241.2 0.58 -0.00
589 1262.561 398.2 0.58 -0.00
590 1269.579 147.9 0.56 0.02
591 1270.508 273.1 0.58 0.03
592 1272.911 159.3 0.58 0.02
593 1283.697 241.2 0.51 0.01
594 1286.700 202.5 0.56 0.01
595 1287.165 198.0 0.53 0.00
596 1293.254 343.6 0.50 0.02
597 1293.800 323.1 0.50 0.02
598 1298.196 143.4 0.50 0.06
599 1298.551 143.4 0.50 0.06
600 1301.255 273.1 0.53 0.05
601 1302.702 311.8 0.52 0.06
602 1303.057 202.5 0.54 0.06
603 1303.603 327.7 0.51 -0.00
604 1304.614 207.1 0.50 0.05
605 1305.187 229.8 0.49 0.06
606 1305.515 179.8 0.50 0.03
607 1306.962 295.8 0.49 0.06
608 1307.235 132.0 0.49 0.06
609 1307.453 245.8 0.49 0.04
610 1308.682 257.1 0.47 0.06
611 1309.556 327.7 0.46 0.06
612 1309.802 125.2 0.45 0.05
613 1314.990 234.4 0.51 -0.01
614 1316.246 300.4 0.47 0.01
615 1318.321 152.5 0.49 0.00
616 1323.100 229.8 0.47 0.02
617 1326.650 279.9 0.50 0.02
618 1327.032 273.1 0.49 0.02
619 1327.578 125.2 0.51 0.01
620 1328.753 273.1 0.48 0.01
621 1338.037 257.1 0.55 0.05
622 1338.774 273.1 0.50 0.03
623 1343.908 175.2 0.53 0.02
624 1346.529 109.2 0.53 0.01
625 1347.267 175.2 0.51 0.03
626 1347.758 152.5 0.53 0.01
627 1353.465 141.1 0.52 0.04
628 1354.312 136.5 0.53 0.05
629 1355.213 113.8 0.54 0.04
630 1356.332 207.1 0.53 0.05
631 1361.056 300.4 0.53 0.07
632 1363.050 195.7 0.55 0.05
633 1365.753 213.9 0.54 0.06
634 1367.119 120.6 0.54 0.07
635 1369.549 234.4 0.51 0.02
636 1370.122 218.5 0.51 0.01
637 1372.116 163.8 0.51 -0.01
638 1372.880 295.8 0.50 -0.02
639 1377.413 311.8 0.48 0.01
640 1378.205 168.4 0.48 0.00
641 1378.533 264.0 0.48 0.00
642 1378.942 325.4 0.50 0.01
643 1388.937 147.9 0.49 0.08
644 1392.486 175.2 0.51 0.08
645 1394.043 163.8 0.53 0.06
646 1394.999 468.8 0.52 0.04
647 1397.238 179.8 0.52 0.03
648 1397.511 218.5 0.53 0.03
649 1399.067 289.0 0.52 0.04
650 1400.351 223.0 0.53 0.04
651 1401.443 273.1 0.53 0.04
652 1404.774 186.6 0.49 0.00
653 1405.730 234.4 0.53 0.01
654 1409.089 234.4 0.47 0.02
655 1415.206 127.4 0.51 0.00
656 1415.806 257.1 0.49 0.00
657 1417.499 238.9 0.49 0.01
658 1418.892 366.4 0.48 -0.01
659 1421.322 234.4 0.50 -0.02
660 1422.688 245.8 0.50 -0.04
661 1426.101 257.1 0.51 -0.00
662 1427.384 213.9 0.50 -0.01
663 1429.432 157.0 0.49 0.01
664 1429.869 207.1 0.50 0.01
665 1432.327 300.4 0.47 0.01
666 1432.736 286.7 0.44 0.01
667 1433.938 304.9 0.49 0.01
668 1434.293 241.2 0.46 0.01
669 1437.925 343.6 0.46 -0.00
670 1439.536 234.4 0.45 0.00
671 1440.628 129.7 0.48 -0.00
672 1445.734 163.8 0.46 0.02
673 1450.513 245.8 0.41 0.03
674 1457.449 386.8 0.48 0.01
675 1457.886 359.5 0.45 0.01
676 1459.005 163.8 0.47 -0.00
677 1459.988 409.6 0.45 -0.01
678 1460.398 341.3 0.48 -0.01
679 1466.242 172.9 0.48 0.00
680 1468.235 147.9 0.48 0.02
681 1472.522 245.8 0.52 0.03
682 1473.123 207.1 0.53 0.03
683 1476.072 300.4 0.55 0.03
684 1478.584 147.9 0.55 -0.01
685 1479.677 277.6 0.54 -0.03
686 1480.059 175.2 0.54 0.00
687 1481.970 141.1 0.54 0.03
688 1483.827 136.5 0.55 0.04
689 1484.319 389.1 0.54 0.03
690 1485.684 405.0 0.53 0.03
691 1489.971 250.3 0.51 -0.00
692 1493.248 300.4 0.53 -0.02
693 1497.262 455.1 0.52 -0.03
694 1498.081 209.4 0.53 -0.02
695 1500.211 191.1 0.50 -0.02
696 1501.986 377.7 0.50 -0.01
697 1505.481 163.8 0.50 -0.01
698 1509.359 261.7 0.52 -0.04
699 1509.605 159.3 0.52 -0.04
700 1510.642 229.8 0.52 -0.05
701 1510.997 116.1 0.52 0.01
702 1511.817 109.2 0.51 -0.03
703 1512.144 195.7 0.53 0.00
704 1514.547 370.9 0.51 -0.02
705 1516.568 229.8 0.54 -0.00
706 1517.305 198.0 0.55 0.00
707 1518.070 93.3 0.50 -0.03
708 1525.306 207.1 0.57 0.01
709 1526.972 159.3 0.54 0.04
710 1533.034 268.5 0.56 0.05
711 1535.519 154.7 0.57 0.05
712 1539.533 132.0 0.56 0.05
713 1539.915 172.9 0.56 0.05
714 1549.227 284.4 0.55 0.04
715 1552.422 125.2 0.55 0.02
716 1552.886 207.1 0.56 0.02
717 1557.446 170.7 0.54 0.05
718 1559.876 327.7 0.56 0.04
719 1561.651 136.5 0.55 0.05
720 1563.044 284.4 0.57 0.05
721 1563.836 132.0 0.56 0.04
722 1564.136 179.8 0.56 0.04
723 1564.764 163.8 0.53 0.04
724 1568.369 327.7 0.55 0.04
725 1575.277 279.9 0.51 0.05
726 1575.769 191.1 0.49 0.08
727 1579.810 179.8 0.48 0.04
728 1590.624 289.0 0.48 0.08
729 1591.743 109.2 0.50 0.06
730 1595.348 218.5 0.55 -0.02
731 1596.440 261.7 0.55 -0.01
732 1596.740 241.2 0.54 -0.01
733 1606.680 218.5 0.54 0.03
734 1610.339 113.8 0.55 0.02
735 1613.370 175.2 0.52 0.04
736 1620.606 191.1 0.54 0.05
737 1621.207 163.8 0.53 0.07
738 1621.699 147.9 0.53 0.06
739 1625.521 229.8 0.56 0.03
740 1626.996 198.0 0.56 0.03
741 1627.569 257.1 0.56 0.03
742 1628.662 120.6 0.53 0.08
743 1631.037 209.4 0.52 0.07
744 1631.365 182.0 0.52 0.07
745 1633.195 245.8 0.53 0.04
746 1634.041 116.1 0.50 0.06
747 1635.461 168.4 0.53 0.04
748 1636.553 207.1 0.52 0.06
749 1637.700 202.5 0.54 0.05
750 1638.874 229.8 0.54 0.03
751 1639.448 113.8 0.54 0.03
752 1640.731 136.5 0.55 0.01
753 1643.544 334.5 0.55 0.02
754 1644.363 568.9 0.55 0.03
755 1645.565 147.9 0.55 0.02
756 1647.367 170.7 0.55 0.02
757 1648.869 163.8 0.56 0.02
758 1649.988 198.0 0.57 0.04
759 1650.726 179.8 0.56 0.05
760 1651.709 234.4 0.59 0.02
761 1653.948 491.5 0.57 0.02
762 1655.122 163.8 0.59 0.01
763 1655.887 168.4 0.58 0.02
764 1656.433 284.4 0.56 0.01
765 1659.218 202.5 0.60 0.04
766 1659.901 207.1 0.58 0.04
767 1663.696 136.5 0.58 0.02
768 1666.072 218.5 0.56 0.03
769 1666.454 204.8 0.56 0.03
770 1666.755 179.8 0.56 0.03
771 1673.199 207.1 0.58 0.04
772 1675.657 152.5 0.57 0.04
773 1676.831 225.3 0.58 0.04
774 1677.431 191.1 0.58 0.04
775 1681.910 168.4 0.57 0.04
776 1682.183 175.2 0.58 0.01
777 1684.040 218.5 0.56 0.03
778 1684.941 175.2 0.55 0.04
779 1687.398 234.4 0.56 0.00
780 1687.644 191.1 0.56 0.00
781 1688.327 209.4 0.56 0.01
782 1690.320 170.7 0.55 -0.00
783 1692.450 147.9 0.55 0.00
784 1694.225 332.2 0.56 -0.00
785 1695.345 154.7 0.56 0.00
786 1695.973 405.0 0.57 0.01
787 1697.693 195.7 0.57 -0.00
788 1699.768 136.5 0.57 0.00
789 1702.444 132.0 0.56 0.01
790 1702.663 227.6 0.57 0.01
791 1704.301 213.9 0.57 0.03
792 1704.793 191.1 0.57 0.02
793 1705.557 366.4 0.56 0.02
794 1706.458 202.5 0.56 0.03
795 1708.479 109.2 0.55 0.03
796 1709.107 229.8 0.55 0.04
797 1710.473 202.5 0.55 -0.01
798 1711.319 316.3 0.54 -0.00
799 1716.425 136.5 0.50 0.00
800 1718.528 289.0 0.52 0.03
801 1721.614 207.1 0.55 0.03
802 1723.197 179.8 0.55 0.02
803 1724.781 202.5 0.55 0.01
804 1725.245 120.6 0.55 0.02
805 1732.727 207.1 0.53 0.05
806 1735.731 159.3 0.56 0.05
807 1736.086 234.4 0.54 0.05
808 1742.531 261.7 0.54 0.04
809 1748.238 191.1 0.55 0.02
810 1749.221 136.5 0.56 0.02
811 1753.890 152.5 0.56 0.04
812 1754.163 159.3 0.57 0.04
813 1755.119 143.4 0.57 0.04
814 1758.669 175.2 0.58 0.05
815 1759.051 182.0 0.57 0.05
816 1760.061 245.8 0.57 0.02
817 1763.092 120.6 0.55 0.01
818 1765.632 129.7 0.54 0.01
819 1768.417 273.1 0.56 0.02
820 1773.469 179.8 0.57 0.03
821 1774.534 198.0 0.56 0.03
822 1776.090 343.6 0.56 0.02
823 1778.248 186.6 0.57 0.04
824 1782.535 245.8 0.57 0.07
825 1784.064 250.3 0.55 0.06
826 1784.310 207.1 0.57 0.04
827 1787.095 186.6 0.55 0.05
828 1788.023 377.7 0.56 0.04
829 1791.846 257.1 0.54 0.02
830 1795.970 482.4 0.55 0.01
831 1796.734 147.9 0.53 0.00
832 1797.226 245.8 0.53 -0.00
833 1799.629 207.1 0.53 -0.01
834 1804.489 250.3 0.52 0.00
835 1808.531 191.1 0.52 -0.00
836 1809.077 343.6 0.52 -0.01
837 1810.797 132.0 0.53 -0.00
838 1811.644 159.3 0.52 0.00
839 1815.194 284.4 0.53 0.03
840 1821.201 136.5 0.55 0.03
841 1824.614 200.2 0.56 0.03
842 1829.011 250.3 0.55 0.03
843 1830.294 191.1 0.55 0.02
844 1831.741 61.4 0.56 0.01
845 1832.779 398.2 0.54 0.02
846 1836.902 234.4 0.53 0.00
847 1839.251 179.8 0.55 -0.03
848 1839.578 159.3 0.54 -0.03
849 1840.698 179.8 0.52 -0.03
850 1846.323 179.8 0.58 -0.01
851 1851.238 207.1 0.56 -0.02
852 1864.755 245.8 0.54 0.03
853 1864.974 191.1 0.54 0.03
854 1869.698 179.8 0.54 0.00
855 1870.899 218.5 0.53 0.00
856 1871.500 93.3 0.54 -0.00
857 1871.691 218.5 0.55 0.01
858 1872.265 159.3 0.55 0.00
859 1874.313 241.2 0.55 0.01
860 1878.054 132.0 0.53 0.01
861 1879.173 198.0 0.54 0.01
862 1879.801 234.4 0.56 0.02
863 1881.303 179.8 0.55 0.02
864 1882.122 289.0 0.55 0.02
865 1882.969 316.3 0.54 0.02
866 1884.771 59.2 0.55 0.00
867 1885.426 175.2 0.54 0.02
868 1885.972 147.9 0.54 0.03
869 1887.584 332.2 0.53 0.03
870 1892.226 191.1 0.52 0.01
871 1895.175 316.3 0.50 0.02
872 1896.158 218.5 0.51 0.01
873 1896.950 405.0 0.50 0.01
874 1897.824 202.5 0.49 -0.00
875 1898.834 198.0 0.50 -0.00
876 1899.762 179.8 0.50 0.01
877 1902.083 245.8 0.50 0.01
878 1902.684 241.2 0.50 0.01
879 1903.121 227.6 0.51 0.01
880 1909.101 382.3 0.50 0.01
881 1911.559 213.9 0.51 0.01
882 1915.382 186.6 0.49 0.02
883 1915.819 275.3 0.49 0.02
884 1918.932 289.0 0.49 0.01
885 1920.461 223.0 0.50 0.00
886 1921.116 170.7 0.50 0.00
887 1924.420 163.8 0.52 0.03
888 1925.349 136.5 0.51 0.02
889 1927.124 147.9 0.50 0.03
890 1928.161 241.2 0.52 0.04
891 1928.789 191.1 0.51 0.04
892 1931.493 234.4 0.52 0.05
893 1932.257 218.5 0.53 0.05
894 1934.141 186.6 0.52 0.04
895 1935.398 132.0 0.53 0.05
896 1940.913 241.2 0.54 0.04
897 1943.781 339.1 0.54 0.05
898 1945.119 207.1 0.53 0.05
899 1948.641 168.4 0.54 0.05
900 1956.069 295.8 0.49 0.05
901 1959.455 202.5 0.52 0.04
902 1961.885 361.8 0.51 0.05
903 1962.404 327.7 0.51 0.02
904 1962.841 261.7 0.51 0.04
905 1967.073 136.5 0.50 0.02
906 1970.678 218.5 0.50 0.00
907 1971.825 245.8 0.50 -0.00
908 1974.801 191.1 0.50 -0.01
909 1976.958 163.8 0.49 0.01
910 1978.733 323.1 0.50 0.02
911 1985.833 284.4 0.49 0.01
912 1988.454 339.1 0.53 -0.01
913 1991.021 191.1 0.50 0.04
914 1995.827 311.8 0.53 -0.00
915 1997.466 300.4 0.53 -0.00
916 2000.142 366.4 0.54 -0.02
917 2000.442 152.5 0.54 -0.02
918 2001.234 343.6 0.55 -0.01
919 2003.173 373.2 0.52 0.00
920 2006.313 186.6 0.53 0.00
921 2008.115 161.6 0.53 0.02
922 2009.863 175.2 0.54 0.04
923 2012.320 200.2 0.53 0.03
924 2014.041 218.5 0.52 -0.01
925 2015.433 245.8 0.52 0.00
926 2016.253 573.4 0.53 0.01
927 2016.744 152.5 0.53 0.01
928 2017.836 218.5 0.53 0.01
929 2021.004 218.5 0.51 0.01
930 2024.172 209.4 0.53 0.02
931 2024.854 207.1 0.53 0.01
932 2025.510 202.5 0.53 0.01
933 2027.366 172.9 0.54 0.01
934 2028.131 125.2 0.54 0.02
935 2028.268 125.2 0.54 0.02
936 2028.923 300.4 0.54 0.03
937 2030.862 198.0 0.55 0.03
938 2032.009 104.7 0.54 0.03
939 2035.094 175.2 0.57 -0.00
940 2036.815 223.0 0.58 0.03
941 2037.552 175.2 0.59 0.04
942 2042.494 284.4 0.53 -0.04
943 2045.116 432.4 0.54 -0.03
944 2045.935 261.7 0.57 -0.02
945 2049.321 125.2 0.57 -0.02
946 2050.304 198.0 0.55 -0.04
947 2050.632 157.0 0.55 -0.04
948 2058.496 218.5 0.55 -0.03
949 2060.435 355.0 0.55 0.01
950 2061.800 218.5 0.57 0.00
951 2062.019 113.8 0.55 0.00
952 2063.439 241.2 0.57 0.01
953 2065.377 248.0 0.55 0.01
954 2065.705 147.9 0.57 0.02
955 2068.326 61.4 0.56 0.03
956 2069.446 159.3 0.56 0.02
957 2072.122 209.4 0.56 0.04
958 2072.504 202.5 0.55 0.04
959 2075.180 163.8 0.54 0.04
960 2082.417 273.1 0.53 0.05
961 2084.601 377.7 0.52 0.06
962 2087.141 147.9 0.51 0.03
963 2088.124 273.1 0.52 -0.01
964 2092.274 257.1 0.51 -0.05
965 2093.530 109.2 0.49 -0.00
966 2094.732 430.1 0.48 0.02
967 2096.534 284.4 0.49 -0.03
968 2101.750 202.5 0.57 0.02
969 2103.880 223.0 0.58 0.02
970 2105.136 234.4 0.58 0.03
971 2108.030 202.5 0.57 0.02
972 2108.931 261.7 0.55 0.02
973 2112.263 191.1 0.53 0.05
974 2113.546 182.0 0.54 0.03
975 2114.884 175.2 0.53 0.02
976 2115.212 223.0 0.53 0.02
977 2115.731 152.5 0.53 0.01
978 2117.915 191.1 0.51 0.02
979 2118.898 327.7 0.53 0.03
980 2125.097 207.1 0.50 0.04
981 2127.882 436.9 0.51 0.03
982 2128.237 218.5 0.51 0.04
983 2129.739 316.3 0.51 0.02
984 2130.531 136.5 0.52 0.01
985 2130.722 109.2 0.52 0.00
986 2132.579 202.5 0.51 -0.01
987 2133.917 202.5 0.49 -0.02
988 2136.102 295.8 0.48 -0.03
989 2137.358 159.3 0.48 -0.04
990 2140.607 229.8 0.51 -0.02
991 2145.604 238.9 0.55 -0.01
992 2148.035 157.0 0.56 0.01
993 2151.776 223.0 0.57 0.04
994 2153.250 229.8 0.56 0.04
995 2153.551 236.7 0.56 0.04
996 2157.292 223.0 0.57 0.04
997 2158.438 261.7 0.56 0.04
998 2158.793 202.5 0.57 0.03
999 2159.558 147.9 0.56 0.03
1000 2162.343 277.6 0.57 0.01
1001 2163.654 91.0 0.57 0.02
1002 2163.900 213.9 0.56 0.02
1003 2169.525 245.8 0.54 0.01
1004 2170.563 143.4 0.55 0.01
1005 2172.665 191.1 0.52 0.03
1006 2175.014 213.9 0.53 0.01
1007 2183.697 141.1 0.54 0.06
1008 2185.144 179.8 0.57 0.06
1009 2186.755 184.3 0.56 0.06
1010 2188.257 186.6 0.51 0.05
1011 2188.749 175.2 0.52 0.05
1012 2189.322 75.1 0.47 0.05
1013 2190.223 284.4 0.48 0.07
1014 2192.108 152.5 0.50 0.07
1015 2195.876 191.1 0.50 0.04
1016 2199.289 268.5 0.52 0.01
1017 2199.726 273.1 0.50 0.04
1018 2200.709 268.5 0.51 0.01
1019 2201.091 152.5 0.52 -0.02
1020 2203.194 273.1 0.52 0.05
1021 2206.635 300.4 0.48 0.08
1022 2206.935 152.5 0.50 0.07
1023 2213.926 414.2 0.44 0.09
1024 2214.881 175.2 0.50 0.04
1025 2220.179 304.9 0.48 0.05
1026 2221.708 232.1 0.54 0.04
1027 2222.582 116.1 0.54 0.05
1028 2223.128 289.0 0.53 0.06
1029 2224.029 300.4 0.50 0.06
1030 2229.135 241.2 0.50 0.08
1031 2230.774 195.7 0.51 0.07
1032 2231.211 216.2 0.51 0.07
1033 2232.740 202.5 0.49 0.06
1034 2234.324 257.1 0.52 0.08
1035 2237.846 202.5 0.53 0.07
1036 2241.505 223.0 0.51 0.05
1037 2244.891 120.6 0.52 0.05
1038 2247.540 241.2 0.51 0.02
1039 2249.315 234.4 0.53 0.03
1040 2254.694 327.7 0.55 0.08
1041 2257.125 218.5 0.55 0.06
1042 2259.992 268.5 0.55 0.03
1043 2262.013 152.5 0.54 0.03
1044 2262.668 350.4 0.56 0.05
1045 2263.706 132.0 0.57 0.04
1046 2264.743 175.2 0.57 0.03
1047 2269.058 191.1 0.57 0.05
1048 2269.276 163.8 0.56 0.05
1049 2272.935 223.0 0.55 0.05
1050 2279.516 186.6 0.57 0.04
1051 2279.871 289.0 0.56 0.04
1052 2280.226 191.1 0.54 0.04
1053 2280.527 141.1 0.55 0.04
1054 2281.155 323.1 0.53 0.03
1055 2282.247 120.6 0.54 0.05
1056 2285.278 245.8 0.54 0.03
1057 2290.357 316.3 0.51 0.05
1058 2290.794 179.8 0.49 0.06
1059 2291.668 257.1 0.50 0.02
1060 2294.371 300.4 0.53 0.04
1061 2294.890 207.1 0.52 0.03
1062 2296.255 268.5 0.52 0.03
1063 2298.959 273.1 0.51 0.03
1064 2301.662 120.6 0.52 0.01
1065 2302.071 250.3 0.54 0.01
1066 2302.563 293.5 0.50 0.00
1067 2303.218 286.7 0.50 0.04
1068 2304.884 300.4 0.49 0.00
1069 2308.434 314.0 0.47 0.03
1070 2309.335 261.7 0.48 0.03
1071 2309.827 332.2 0.49 0.02
1072 2310.455 125.2 0.47 0.02
1073 2311.683 163.8 0.47 0.02
1074 2313.213 425.5 0.46 0.01
1075 2315.042 234.4 0.46 0.01
1076 2316.271 355.0 0.47 0.02
1077 2317.991 218.5 0.47 0.03
1078 2320.258 170.7 0.50 0.07
1079 2320.804 284.4 0.50 0.08
1080 2322.825 179.8 0.52 0.06
1081 2324.026 136.5 0.52 0.06
1082 2324.326 157.0 0.51 0.06
1083 2327.303 179.8 0.52 0.06
1084 2327.931 163.8 0.52 0.06
1085 2331.071 218.5 0.53 0.05
1086 2331.508 86.5 0.53 0.05
1087 2332.518 202.5 0.53 0.05
1088 2333.256 191.1 0.54 0.06
1089 2333.993 175.2 0.54 0.05
1090 2335.085 343.6 0.56 0.06
1091 2337.406 339.1 0.55 0.07
1092 2338.335 191.1 0.56 0.06
1093 2339.591 245.8 0.55 0.07
1094 2342.076 163.8 0.52 0.07
1095 2345.516 163.8 0.52 0.08
1096 2351.770 245.8 0.50 0.06
1097 2352.916 229.8 0.49 0.06
1098 2353.654 304.9 0.50 0.06
1099 2354.555 179.8 0.51 0.05
1100 2358.869 213.9 0.50 0.03
1101 2360.235 118.3 0.52 0.03
1102 2360.917 136.5 0.51 0.02
1103 2361.737 116.1 0.52 0.02
1104 2362.610 159.3 0.51 0.01
1105 2363.211 136.5 0.52 0.02
1106 2364.904 223.0 0.53 0.02
1107 2366.597 152.5 0.53 0.02
1108 2368.591 284.4 0.52 0.01
1109 2370.447 168.4 0.52 0.01
1110 2371.239 202.5 0.50 0.02
1111 2372.277 295.8 0.54 0.02
1112 2375.363 125.2 0.52 0.02
1113 2378.148 355.0 0.52 -0.00
1114 2381.343 441.5 0.52 0.07
1115 2382.135 273.1 0.51 0.03
1116 2388.169 507.4 0.50 0.05
1117 2389.180 159.3 0.50 0.05
1118 2390.217 261.7 0.50 0.05
1119 2393.549 311.8 0.48 0.04
1120 2394.614 241.2 0.48 0.03
1121 2397.153 261.7 0.49 0.02
1122 2397.672 195.7 0.49 0.03
1123 2404.854 120.6 0.51 0.02
1124 2406.465 245.8 0.53 0.03
1125 2411.407 284.4 0.51 0.02
1126 2413.100 289.0 0.50 0.02
1127 2414.602 721.4 0.50 0.01
1128 2415.831 414.2 0.51 0.02
1129 2416.705 261.7 0.51 0.01
1130 2422.521 191.1 0.50 0.01
1131 2426.972 202.5 0.50 0.00
1132 2427.682 147.9 0.51 0.02
1133 2430.850 350.4 0.50 0.02
1134 2431.805 125.2 0.49 0.01
1135 2435.874 152.5 0.50 0.02
1136 2436.611 238.9 0.48 0.01
1137 2437.977 163.8 0.47 0.01
1138 2438.659 229.8 0.48 0.01
1139 2439.997 179.8 0.48 0.02
1140 2441.800 91.0 0.47 0.02
1141 2442.127 284.4 0.46 0.02
1142 2442.919 261.7 0.47 0.02
1143 2443.220 141.1 0.47 0.02
1144 2444.012 350.4 0.47 0.02
1145 2444.612 234.4 0.46 0.03
1146 2447.780 268.5 0.47 0.02
1147 2450.729 261.7 0.49 -0.01
1148 2453.323 175.2 0.50 0.01
1149 2453.733 120.6 0.50 0.01
1150 2455.235 147.9 0.50 0.02
1151 2458.047 195.7 0.52 0.01
1152 2459.877 132.0 0.50 0.00
1153 2461.734 152.5 0.49 0.00
1154 2463.017 175.2 0.50 0.01
1155 2466.540 584.8 0.51 0.01
1156 2469.243 245.8 0.52 -0.01
1157 2469.926 261.7 0.53 -0.02
1158 2472.055 250.3 0.51 -0.02
1159 2473.994 202.5 0.51 0.00
1160 2474.677 245.8 0.51 0.02
1161 2476.370 147.9 0.52 0.02
1162 2477.626 300.4 0.49 0.04
1163 2480.193 264.0 0.50 0.03
1164 2480.439 118.3 0.49 0.04
1165 2482.432 279.9 0.50 0.02
1166 2484.262 459.7 0.50 0.01
1167 2490.078 207.1 0.48 -0.00
1168 2492.972 113.8 0.47 0.02
1169 2494.638 316.3 0.49 0.01
1170 2495.184 250.3 0.47 -0.01
1171 2496.113 113.8 0.46 -0.01
1172 2496.413 316.3 0.48 0.02
1173 2497.205 191.1 0.47 -0.01
1174 2500.181 289.0 0.46 -0.00
1175 2504.578 213.9 0.48 0.01
1176 2505.042 218.5 0.49 0.01
1177 2507.718 218.5 0.48 0.01
1178 2511.022 170.7 0.48 0.01
1179 2512.579 250.3 0.48 0.03
1180 2513.644 179.8 0.48 0.02
1181 2517.821 154.7 0.46 0.03
1182 2520.497 227.6 0.44 0.01
1183 2521.808 289.0 0.44 -0.01
1184 2522.764 132.0 0.43 -0.03
1185 2524.703 725.9 0.45 -0.01
1186 2526.723 168.4 0.47 -0.01
1187 2528.963 273.1 0.48 0.02
1188 2531.256 152.5 0.47 0.02
1189 2531.802 252.6 0.47 0.04
1190 2534.287 168.4 0.46 0.03
1191 2536.117 257.1 0.46 0.03
1192 2536.663 172.9 0.49 0.01
1193 2536.881 202.5 0.46 0.02
1194 2537.837 223.0 0.46 0.01
1195 2545.319 132.0 0.49 0.02
1196 2545.975 252.6 0.49 0.02
1197 2547.777 229.8 0.49 0.03
1198 2549.279 304.9 0.50 0.03
1199 2551.627 323.1 0.51 0.03
1200 2552.610 207.1 0.51 0.02
1201 2555.150 159.3 0.51 0.01
1202 2557.361 432.4 0.51 0.01
1203 2557.908 330.0 0.51 0.01
1204 2558.809 261.7 0.50 0.01
1205 2560.365 170.7 0.50 0.01
1206 2563.779 179.8 0.49 -0.02
1207 2564.106 327.7 0.49 -0.02
1208 2564.489 213.9 0.49 -0.02
1209 2565.690 264.0 0.49 -0.03
1210 2566.018 198.0 0.49 -0.01
1211 2567.601 186.6 0.49 -0.02
1212 2568.912 179.8 0.50 0.01
1213 2570.796 309.5 0.47 0.01
1214 2572.025 257.1 0.48 0.02
1215 2573.117 223.0 0.47 0.02
1216 2577.923 88.7 0.46 0.01
1217 2582.593 179.8 0.47 -0.00
1218 2583.439 163.8 0.47 -0.02
1219 2586.962 113.8 0.45 0.03
1220 2587.863 175.2 0.46 0.04
1221 2588.054 93.3 0.46 0.03
1222 2589.037 234.4 0.46 0.05
1223 2591.386 245.8 0.47 0.02
1224 2593.761 289.0 0.47 -0.03
1225 2596.847 93.3 0.55 -0.01
1226 2597.502 250.3 0.48 0.01
1227 2599.168 125.2 0.48 -0.02
1228 2603.073 241.2 0.54 -0.03
1229 2604.657 261.7 0.47 -0.04
1230 2606.377 198.0 0.50 -0.05
1231 2608.288 202.5 0.47 -0.01
1232 2609.626 300.4 0.46 -0.00
1233 2610.582 202.5 0.52 -0.05
1234 2612.303 159.3 0.51 -0.04
1235 2619.075 350.4 0.47 -0.08
1236 2619.539 355.0 0.49 -0.06
1237 2619.839 147.9 0.47 -0.07
1238 2621.478 261.7 0.47 -0.06
1239 2622.297 327.7 0.48 -0.04
1240 2622.816 179.8 0.47 -0.04
1241 2624.509 218.5 0.45 -0.03
1242 2625.956 332.2 0.42 -0.02
1243 2634.284 370.9 0.46 0.01
1244 2636.059 213.9 0.49 0.01
1245 2637.780 141.1 0.48 -0.01
1246 2639.309 218.5 0.48 -0.00
1247 2639.910 389.1 0.47 0.02
1248 2642.722 327.7 0.48 0.03
1249 2644.361 277.6 0.47 0.00
1250 2644.989 300.4 0.48 0.00
1251 2645.535 172.9 0.49 -0.01
1252 2647.064 207.1 0.47 -0.01
1253 2650.231 245.8 0.50 0.02
1254 2650.532 179.8 0.49 0.01
1255 2652.580 125.2 0.49 0.01
1256 2654.928 311.8 0.51 0.02
1257 2656.703 327.7 0.54 0.02
1258 2657.550 218.5 0.55 0.02
1259 2658.970 207.1 0.54 0.01
1260 2662.574 261.7 0.55 0.01
1261 2663.421 245.8 0.54 0.01
1262 2665.359 393.7 0.55 0.02
1263 2667.817 191.1 0.54 0.01
1264 2668.035 116.1 0.53 0.00
1265 2668.363 132.0 0.55 0.01
1266 2669.455 268.5 0.54 -0.02
1267 2670.411 218.5 0.55 -0.02
1268 2671.203 364.1 0.54 -0.02
1269 2671.913 316.3 0.55 -0.02
1270 2672.869 705.4 0.53 -0.03
1271 2674.507 300.4 0.54 -0.02
1272 2679.941 339.1 0.52 0.03
1273 2684.174 198.0 0.49 0.03
1274 2685.348 277.6 0.49 0.02
1275 2686.659 191.1 0.48 0.02
1276 2689.171 152.5 0.46 0.02
1277 2692.202 316.3 0.46 0.01
1278 2693.786 147.9 0.45 0.01
1279 2696.762 257.1 0.45 -0.00
1280 2707.084 93.3 0.48 -0.03
1281 2710.224 218.5 0.46 0.00
1282 2710.770 109.2 0.46 -0.00
1283 2710.961 175.2 0.47 0.00
1284 2711.945 191.1 0.45 0.01
1285 2713.255 125.2 0.44 0.00
1286 2721.120 261.7 0.43 0.05
1287 2726.717 234.4 0.41 0.01
1288 2730.322 343.6 0.44 0.01
1289 2736.766 393.7 0.38 0.04
1290 2745.832 225.3 0.44 0.01
1291 2748.699 261.7 0.48 0.00
1292 2751.348 273.1 0.51 0.05
1293 2751.812 252.6 0.52 0.05
1294 2752.905 163.8 0.48 -0.01
1295 2753.150 202.5 0.55 0.01
1296 2757.547 147.9 0.48 -0.04
1297 2758.065 97.8 0.50 0.02
1298 2761.370 109.2 0.48 0.01
1299 2761.670 366.4 0.49 0.04
1300 2763.527 316.3 0.45 -0.03
1301 2766.421 355.0 0.45 0.02
1302 2769.452 359.5 0.43 0.00
1303 2770.736 163.8 0.43 0.03
1304 2771.091 191.1 0.45 0.02
1305 2771.992 93.3 0.44 0.04
1306 2773.412 327.7 0.43 0.01
1307 2776.197 261.7 0.44 0.01
1308 2777.644 147.9 0.45 0.03
1309 2778.191 179.8 0.45 0.02
1310 2781.959 213.9 0.48 0.02
1311 2782.887 223.0 0.48 0.01
1312 2783.433 154.7 0.47 0.01
1313 2787.202 273.1 0.48 -0.01
1314 2789.086 141.1 0.52 0.04
1315 2790.943 179.8 0.52 0.03
1316 2791.516 152.5 0.47 0.03
1317 2791.817 145.6 0.52 0.03
1318 2793.127 175.2 0.51 0.03
1319 2794.138 218.5 0.52 0.01
1320 2795.694 223.0 0.46 0.05
1321 2796.268 327.7 0.51 0.04
1322 2799.189 132.0 0.52 0.04
1323 2800.937 198.0 0.51 0.06
1324 2806.808 152.5 0.50 0.12
1325 2809.402 111.5 0.50 0.11
1326 2809.948 125.2 0.48 0.10
1327 2820.215 186.6 0.53 0.06
1328 2823.875 273.1 0.47 0.04
1329 2824.530 343.6 0.52 0.07
1330 2826.824 334.5 0.53 0.07
1331 2827.588 207.1 0.53 0.07
1332 2829.445 132.0 0.51 0.08
1333 2833.787 386.8 0.54 0.09
1334 2834.743 147.9 0.54 0.09
1335 2835.098 191.1 0.54 0.09
1336 2836.108 147.9 0.53 0.10
1337 2836.927 245.8 0.56 0.10
1338 2839.112 245.8 0.57 0.10
1339 2847.140 273.1 0.45 0.05
1340 2849.242 191.1 0.47 0.05
1341 2852.683 202.5 0.53 0.08
1342 2853.311 143.4 0.50 0.05
1343 2854.540 132.0 0.53 0.11
1344 2855.933 152.5 0.52 0.06
1345 2858.581 207.1 0.50 0.10
1346 2863.060 120.6 0.54 0.09
1347 2864.234 191.1 0.52 0.07
1348 2864.780 223.0 0.51 0.06
1349 2865.654 159.3 0.49 0.04
1350 2873.818 323.1 0.45 -0.03
1351 2877.232 229.8 0.44 -0.02
1352 2881.710 323.1 0.46 -0.03
1353 2887.089 245.8 0.44 0.02
1354 2887.390 261.7 0.44 -0.00
1355 2888.537 241.2 0.42 -0.02
1356 2888.892 125.2 0.42 -0.02
1357 2890.312 334.5 0.43 -0.00
1358 2892.605 186.6 0.44 0.04
1359 2894.899 355.0 0.43 0.01
1360 2898.586 273.1 0.43 0.01
1361 2899.978 261.7 0.43 0.01
1362 2902.982 186.6 0.41 0.02
1363 2904.702 207.1 0.42 -0.00
1364 2905.986 218.5 0.42 -0.01
1365 2909.317 245.8 0.46 -0.01
1366 2910.054 355.0 0.41 0.02
1367 2914.041 304.9 0.44 0.01
1368 2916.280 382.3 0.44 -0.02
1369 2918.574 311.8 0.49 0.00
1370 2920.431 289.0 0.48 -0.01
1371 2920.841 289.0 0.45 -0.01
1372 2923.244 261.7 0.43 -0.01
1373 2925.619 304.9 0.46 0.02
1374 2929.060 355.0 0.51 0.08
1375 2930.097 191.1 0.52 0.06
1376 2930.644 218.5 0.52 0.05
1377 2931.408 136.5 0.52 0.07
1378 2934.576 295.8 0.50 0.07
1379 2936.269 268.5 0.51 0.09
1380 2939.709 339.1 0.47 0.05
1381 2939.955 216.2 0.47 0.05
1382 2943.014 202.5 0.46 0.04
1383 2945.826 234.4 0.47 0.02
1384 2947.683 195.7 0.46 0.02
1385 2951.369 218.5 0.46 -0.02
1386 2952.052 339.1 0.45 0.00
1387 2960.299 207.1 0.47 0.08
1388 2961.418 163.8 0.46 0.06
1389 2963.111 191.1 0.44 0.04
1390 2968.955 234.4 0.45 0.11
1391 2973.488 175.2 0.46 0.10
1392 2974.334 229.8 0.40 0.12
1393 2977.666 386.8 0.46 0.07
1394 2980.888 245.8 0.47 0.05
1395 2996.453 195.7 0.48 -0.01
1396 2998.610 234.4 0.48 -0.01
1397 2999.320 213.9 0.47 0.01
1398 3000.385 175.2 0.48 0.02
1399 3001.941 261.7 0.46 0.01
1400 3002.761 245.8 0.45 0.03
1401 3003.634 448.3 0.47 0.07
1402 3004.180 202.5 0.47 0.06
1403 3004.809 279.9 0.48 0.07
1404 3007.457 125.2 0.46 0.05
1405 3007.648 152.5 0.45 0.04
1406 3009.014 104.7 0.43 0.00
1407 3009.423 398.2 0.43 -0.01
1408 3010.243 273.1 0.46 -0.02
1409 3013.847 179.8 0.47 -0.03
1410 3014.666 284.4 0.49 -0.01
1411 3018.817 207.1 0.47 0.04
1412 3019.308 284.4 0.46 0.04
1413 3020.838 261.7 0.45 0.02
1414 3022.612 147.9 0.45 0.02
1415 3024.660 295.8 0.46 0.02
1416 3025.807 279.9 0.46 0.03
1417 3028.975 229.8 0.46 0.04
1418 3033.371 168.4 0.44 0.05
1419 3033.699 179.8 0.45 0.04
1420 3034.245 311.8 0.44 0.06
1421 3035.774 257.1 0.46 0.05
1422 3038.150 229.8 0.44 0.04
1423 3042.164 361.8 0.47 0.01
1424 3046.151 284.4 0.40 -0.02
1425 3049.209 209.4 0.40 -0.03
1426 3049.673 311.8 0.40 -0.02
1427 3057.046 191.1 0.40 0.02
1428 3061.661 116.1 0.41 -0.01
1429 3065.211 175.2 0.41 -0.00
1430 3070.345 468.8 0.40 0.02
1431 3070.863 213.9 0.41 0.00
1432 3075.970 398.2 0.42 -0.00
1433 3078.673 491.5 0.45 -0.00
1434 3080.557 175.2 0.45 -0.01
1435 3087.056 202.5 0.47 -0.01
1436 3089.705 191.1 0.51 -0.01
1437 3091.453 191.1 0.48 -0.02
1438 3095.385 125.2 0.48 0.01
1439 3095.740 152.5 0.53 0.02
1440 3098.088 207.1 0.50 -0.01
1441 3099.808 147.9 0.52 0.02
1442 3100.191 202.5 0.51 0.02
1443 3100.983 175.2 0.52 0.01
1444 3103.386 289.0 0.46 0.03
1445 3104.123 159.3 0.47 0.03
1446 3105.051 361.8 0.47 0.05
1447 3105.543 348.2 0.46 0.05
1448 3106.253 234.4 0.47 0.06
1449 3107.099 339.1 0.46 0.06
1450 3111.851 147.9 0.49 0.06
1451 3122.091 179.8 0.44 -0.02
1452 3122.855 147.9 0.45 -0.03
1453 3124.739 229.8 0.44 -0.03
1454 3127.989 175.2 0.48 -0.01
1455 3129.682 250.3 0.45 -0.02
1456 3132.904 202.5 0.48 0.01
1457 3133.641 600.7 0.44 0.01
1458 3139.321 218.5 0.45 0.01
1459 3140.878 261.7 0.43 0.00
1460 3144.291 389.1 0.39 0.03
1461 3158.381 218.5 0.52 0.02
1462 3160.893 152.5 0.53 0.05
1463 3164.088 277.6 0.52 0.03
1464 3169.031 241.2 0.51 0.01
1465 3172.226 250.3 0.50 0.01
1466 3177.277 243.5 0.50 -0.02
1467 3177.851 175.2 0.50 -0.01
1468 3178.998 202.5 0.50 -0.02
1469 3183.940 268.5 0.51 0.01
1470 3185.743 245.8 0.52 0.03
1471 3190.794 277.6 0.53 0.04
1472 3193.798 207.1 0.53 0.04
1473 3197.129 179.8 0.53 0.04
1474 3199.860 234.4 0.53 0.03
1475 3201.444 147.9 0.54 0.03
1476 3202.727 168.4 0.56 0.02
1477 3203.137 141.1 0.54 0.03
1478 3203.710 202.5 0.55 0.02
1479 3205.212 186.6 0.53 0.05
1480 3205.431 175.2 0.55 0.02
1481 3207.533 218.5 0.55 0.02
1482 3211.738 186.6 0.55 0.02
1483 3211.984 136.5 0.56 0.01
1484 3213.268 234.4 0.51 0.00
1485 3214.742 218.5 0.55 0.02
1486 3217.773 234.4 0.54 0.04
1487 3218.674 152.5 0.55 0.02
1488 3219.494 129.7 0.54 0.01
1489 3222.224 295.8 0.54 0.03
1490 3224.928 234.4 0.53 0.03
1491 3225.255 295.8 0.53 0.03
1492 3227.085 311.8 0.54 0.02
1493 3227.849 241.2 0.53 0.01
1494 3228.669 250.3 0.52 0.01
1495 3229.133 88.7 0.52 0.01
1496 3229.324 118.3 0.51 0.00
1497 3230.771 264.0 0.52 0.00
1498 3233.174 309.5 0.53 0.00
1499 3233.584 355.0 0.54 0.01
1500 3235.796 132.0 0.54 0.02
1501 3237.379 125.2 0.54 0.02
1502 3239.537 159.3 0.56 0.02
1503 3240.137 125.2 0.56 0.01
1504 3240.738 175.2 0.56 0.01
1505 3242.022 213.9 0.56 0.02
1506 3242.868 273.1 0.54 0.07
1507 3243.660 136.5 0.55 0.01
1508 3244.206 225.3 0.54 0.02
1509 3245.544 163.8 0.55 0.01
1510 3246.664 295.8 0.48 0.05
1511 3248.848 223.0 0.55 0.01
1512 3251.442 152.5 0.54 0.01
1513 3253.327 202.5 0.52 0.02
1514 3254.364 154.7 0.53 0.02
1515 3255.648 366.4 0.51 0.02
1516 3256.358 132.0 0.52 0.03
1517 3256.876 241.2 0.52 0.03
1518 3257.723 136.5 0.53 0.03
1519 3258.078 159.3 0.52 0.03
1520 3260.672 245.8 0.53 0.03
1521 3261.682 218.5 0.54 0.03
1522 3262.392 207.1 0.54 0.04
1523 3266.406 202.5 0.54 0.02
1524 3268.864 159.3 0.53 0.01
1525 3269.847 355.0 0.54 0.02
1526 3273.807 186.6 0.56 0.04
1527 3275.363 154.7 0.55 0.02
1528 3277.384 186.6 0.54 0.04
1529 3278.503 250.3 0.54 0.02
1530 3281.725 245.8 0.54 0.03
1531 3283.200 186.6 0.54 0.02
1532 3284.292 300.4 0.55 0.02
1533 3284.784 218.5 0.53 0.03
1534 3285.412 284.4 0.53 0.03
1535 3286.204 191.1 0.53 0.03
1536 3287.159 113.8 0.53 0.04
1537 3289.153 507.4 0.55 0.02
1538 3290.081 245.8 0.54 0.03
1539 3292.539 316.3 0.55 0.03
1540 3298.246 179.8 0.53 0.03
1541 3302.697 182.0 0.52 0.03
1542 3304.690 245.8 0.51 0.03
1543 3309.332 191.1 0.54 0.03
1544 3311.544 207.1 0.50 0.02
1545 3312.555 241.2 0.53 0.02
1546 3312.882 132.0 0.50 0.01
1547 3313.674 284.4 0.51 0.02
1548 3314.439 223.0 0.50 0.01
1549 3315.012 257.1 0.52 0.01
1550 3317.169 289.0 0.52 0.00
1551 3318.043 307.2 0.53 -0.00
1552 3318.671 152.5 0.52 -0.01
1553 3326.208 93.3 0.52 0.00
1554 3328.584 179.8 0.53 0.00
1555 3329.949 170.7 0.52 -0.00
1556 3330.632 136.5 0.52 0.01
1557 3331.314 245.8 0.51 0.01
1558 3335.301 218.5 0.50 0.02
1559 3336.066 229.8 0.51 0.03
1560 3338.551 323.1 0.50 0.04
1561 3339.588 238.9 0.50 0.01
1562 3340.517 300.4 0.50 0.03
1563 3343.848 284.4 0.51 0.02
1564 3344.913 234.4 0.50 0.03
1565 3345.241 241.2 0.50 0.03
1566 3345.869 207.1 0.50 0.02
1567 3346.169 241.2 0.49 0.02
1568 3346.934 218.5 0.50 0.02
1569 3348.135 273.1 0.50 0.01
1570 3349.337 300.4 0.50 0.01
1571 3350.948 218.5 0.48 0.01
1572 3352.013 109.2 0.50 0.03
1573 3352.941 311.8 0.48 0.02
1574 3355.044 316.3 0.48 0.02
1575 3357.256 213.9 0.48 0.02
1576 3363.209 125.2 0.50 0.02
1577 3363.591 248.0 0.50 0.02
1578 3366.649 245.8 0.51 0.01
1579 3367.933 284.4 0.50 0.01
1580 3370.636 223.0 0.51 0.01
1581 3371.100 277.6 0.52 0.01
1582 3374.404 284.4 0.54 0.03
1583 3375.387 143.4 0.52 0.05
1584 3378.773 152.5 0.52 0.07
1585 3379.319 320.9 0.52 0.05
1586 3380.576 207.1 0.51 0.07
1587 3381.559 370.9 0.51 0.07
1588 3390.706 245.8 0.56 -0.03
1589 3391.416 234.4 0.53 -0.04
1590 3392.290 113.8 0.57 -0.02
1591 3393.628 198.0 0.57 -0.01
1592 3396.659 213.9 0.54 0.01
1593 3397.560 236.7 0.54 0.00
1594 3399.554 245.8 0.56 0.03
1595 3400.974 202.5 0.56 0.03
1596 3401.383 345.9 0.54 0.03
1597 3411.596 311.8 0.54 0.01
1598 3412.115 229.8 0.55 0.01
1599 3415.009 261.7 0.55 0.02
1600 3416.429 152.5 0.55 0.01
1601 3417.057 245.8 0.55 -0.00
1602 3417.631 277.6 0.56 0.00
1603 3426.369 229.8 0.56 0.06
1604 3426.697 284.4 0.58 0.06
1605 3429.154 393.7 0.56 0.07
1606 3431.011 227.6 0.54 0.08
1607 3432.076 166.1 0.53 0.02
1608 3434.042 366.4 0.54 0.02
1609 3434.670 327.7 0.55 0.03
1610 3436.090 163.8 0.56 0.02
1611 3438.930 320.9 0.55 0.04
1612 3440.377 136.5 0.55 0.01
1613 3441.142 186.6 0.55 0.02
1614 3445.047 184.3 0.55 0.03
1615 3445.347 218.5 0.55 0.02
1616 3447.613 125.2 0.55 0.02
1617 3448.487 170.7 0.54 0.03
1618 3448.897 157.0 0.55 0.02
1619 3451.901 268.5 0.54 0.04
1620 3453.949 273.1 0.53 0.05
1621 3460.748 207.1 0.56 0.03
1622 3461.567 229.8 0.55 0.03
1623 3463.724 273.1 0.57 0.05
1624 3464.953 184.3 0.57 0.04
1625 3466.673 163.8 0.58 0.01
1626 3474.401 163.8 0.58 0.02
1627 3475.193 245.8 0.58 0.02
1628 3476.640 163.8 0.58 0.02
1629 3480.846 320.9 0.57 0.01
1630 3481.638 191.1 0.55 0.02
1631 3482.948 355.0 0.57 0.01
1632 3484.286 257.1 0.53 0.00
1633 3484.778 323.1 0.53 0.00
1634 3485.242 175.2 0.52 0.00
1635 3485.624 273.1 0.54 0.00
1636 3487.508 191.1 0.54 0.01
1637 3489.283 323.1 0.54 0.02
1638 3489.911 195.7 0.52 0.02
1639 3493.871 327.7 0.53 0.01
1640 3496.028 268.5 0.54 0.01
1641 3498.185 191.1 0.56 0.02
1642 3498.458 163.8 0.51 0.02
1643 3502.636 436.9 0.52 0.04
1644 3503.019 307.2 0.54 0.04
1645 3504.029 261.7 0.54 0.03
1646 3505.176 241.2 0.54 0.04
1647 3507.470 191.1 0.55 0.01
1648 3508.070 416.4 0.53 0.01
1649 3510.610 207.1 0.52 0.03
1650 3511.347 295.8 0.53 0.03
1651 3515.061 241.2 0.52 0.03
1652 3516.918 245.8 0.52 0.04
1653 3518.119 250.3 0.51 0.03
1654 3521.942 136.5 0.52 0.04
1655 3523.772 163.8 0.55 0.04
1656 3525.956 229.8 0.54 0.02
1657 3526.857 179.8 0.55 0.02
1658 3527.759 452.8 0.52 0.03
1659 3529.097 245.8 0.52 0.04
1660 3532.209 223.0 0.55 0.03
1661 3532.865 273.1 0.54 0.03
1662 3533.438 159.3 0.54 0.03
1663 3534.804 261.7 0.52 0.04
1664 3542.968 223.0 0.51 0.04
1665 3548.976 682.7 0.52 0.01
1666 3554.901 382.3 0.46 0.03
1667 3558.533 307.2 0.55 0.01
1668 3560.581 218.5 0.55 -0.00
1669 3561.155 175.2 0.55 -0.00
1670 3566.234 163.8 0.53 -0.00
1671 3571.231 152.5 0.52 0.00
1672 3571.558 227.6 0.52 0.00
1673 3574.426 141.1 0.52 0.00
1674 3576.392 132.0 0.52 0.01
1675 3577.156 163.8 0.50 0.03
1676 3580.460 409.6 0.54 0.04
1677 3583.328 250.3 0.51 0.02
1678 3584.283 147.9 0.49 0.05
1679 3584.720 152.5 0.49 0.03
1680 3586.604 268.5 0.52 0.01
1681 3594.523 207.1 0.51 0.01
1682 3595.943 179.8 0.49 -0.03
1683 3597.172 218.5 0.53 -0.01
1684 3598.483 159.3 0.52 0.02
1685 3600.367 229.8 0.52 0.02
1686 3600.695 311.8 0.53 0.01
1687 3603.289 289.0 0.50 0.06
1688 3604.326 179.8 0.49 0.08
1689 3604.545 143.4 0.50 0.07
1690 3608.286 236.7 0.50 0.05
1691 3608.586 202.5 0.47 0.05
1692 3614.894 207.1 0.53 0.02
1693 3616.205 154.7 0.54 0.03
1694 3626.144 102.4 0.56 0.02
1695 3626.336 127.4 0.57 0.02
1696 3630.022 257.1 0.56 0.02
1697 3635.729 207.1 0.53 0.01
1698 3636.221 273.1 0.54 0.00
1699 3639.661 191.1 0.52 0.03
1700 3640.317 218.5 0.51 0.03
1701 3646.051 147.9 0.53 0.02
1702 3648.618 136.5 0.54 0.03
1703 3650.393 125.2 0.51 0.03
1704 3652.250 198.0 0.53 0.03
1705 3653.943 223.0 0.52 0.04
1706 3654.625 207.1 0.54 0.04
1707 3655.772 250.3 0.55 0.03
1708 3659.923 163.8 0.53 0.03
1709 3660.769 147.9 0.55 0.00
1710 3661.780 250.3 0.54 0.03
1711 3665.876 245.8 0.48 -0.00
1712 3668.333 191.1 0.53 -0.01
1713 3669.125 241.2 0.52 -0.01
1714 3670.682 132.0 0.54 -0.00
1715 3672.375 202.5 0.54 -0.01
1716 3672.702 207.1 0.54 -0.01
1717 3676.689 268.5 0.54 0.01
1718 3677.972 125.2 0.56 0.01
1719 3681.058 163.8 0.57 0.01
1720 3682.833 136.5 0.56 0.01
1721 3684.663 170.7 0.55 0.02
1722 3685.236 261.7 0.54 -0.02
1723 3685.728 275.3 0.57 -0.02
1724 3686.328 229.8 0.56 -0.01
1725 3690.534 179.8 0.54 -0.01
1726 3692.281 175.2 0.54 -0.01
1727 3695.831 273.1 0.54 0.02
1728 3698.726 172.9 0.52 0.01
1729 3699.162 202.5 0.53 0.01
1730 3699.845 234.4 0.52 0.01
1731 3709.211 202.5 0.54 -0.03
1732 3710.194 136.5 0.54 -0.03
1733 3713.280 202.5 0.53 -0.01
1734 3713.990 207.1 0.53 0.00
1735 3716.884 109.2 0.54 0.00
1736 3718.468 207.1 0.53 -0.01
1737 3723.520 163.8 0.49 -0.00
1738 3725.131 257.1 0.50 0.05
1739 3726.688 116.1 0.49 0.04
1740 3728.080 213.9 0.50 0.03
1741 3730.237 218.5 0.51 0.00
1742 3735.890 175.2 0.53 0.02
1743 3737.993 398.2 0.54 0.01
1744 3738.429 323.1 0.53 0.01
1745 3738.703 223.0 0.53 0.00
1746 3739.822 136.5 0.53 0.01
1747 3740.341 120.6 0.51 0.00
1748 3746.512 104.7 0.53 0.02
1749 3747.577 175.2 0.54 0.03
1750 3747.987 129.7 0.54 0.04
1751 3752.028 191.1 0.57 0.04
1752 3753.858 175.2 0.54 0.05
1753 3756.834 245.8 0.57 -0.00
1754 3758.773 261.7 0.56 -0.02
1755 3759.483 175.2 0.55 -0.02
1756 3759.865 141.1 0.56 -0.02
1757 3760.848 113.8 0.55 -0.03
1758 3760.985 50.1 0.56 -0.01
1759 3761.231 191.1 0.55 -0.03
1760 3762.377 229.8 0.55 -0.03
1761 3762.705 300.4 0.54 -0.02
1762 3764.180 223.0 0.53 -0.02
1763 3765.654 355.0 0.52 -0.01
1764 3766.228 88.7 0.52 -0.01
1765 3767.129 163.8 0.51 0.01
1766 3770.160 234.4 0.51 0.01
1767 3771.798 300.4 0.50 0.02
1768 3773.792 245.8 0.52 0.00
1769 3775.457 179.8 0.52 0.01
1770 3775.840 186.6 0.52 0.01
1771 3778.324 223.0 0.52 0.00
1772 3778.734 298.1 0.51 0.00
1773 3779.226 257.1 0.51 0.01
1774 3779.471 159.3 0.52 0.01
1775 3782.939 261.7 0.51 0.01
1776 3784.905 202.5 0.49 -0.01
1777 3785.479 141.1 0.50 -0.00
1778 3787.773 191.1 0.52 -0.00
1779 3790.476 66.0 0.55 -0.01
1780 3796.483 109.2 0.55 0.00
1781 3799.050 250.3 0.49 0.04
1782 3801.289 163.8 0.48 0.05
1783 3806.751 234.4 0.51 0.03
1784 3809.072 289.0 0.50 0.02
1785 3809.864 152.5 0.54 -0.00
1786 3811.147 241.2 0.53 -0.00
1787 3813.004 425.5 0.55 -0.01
1788 3814.205 152.5 0.53 -0.02
1789 3815.134 213.9 0.55 -0.01
1790 3819.530 132.0 0.50 0.00
1791 3822.179 241.2 0.49 0.03
1792 3825.456 223.0 0.53 0.04
1793 3829.415 207.1 0.54 0.05
1794 3830.589 175.2 0.54 0.03
1795 3831.709 161.6 0.53 0.05
1796 3837.798 136.5 0.55 0.05
1797 3839.164 127.4 0.53 0.03
1798 3842.468 218.5 0.53 0.03
1799 3842.796 232.1 0.53 0.03
1800 3845.908 218.5 0.50 0.01
1801 3848.066 229.8 0.55 0.01
1802 3853.964 229.8 0.52 0.02
1803 3857.923 132.0 0.53 0.02
1804 3858.360 293.5 0.53 0.03
1805 3867.727 525.7 0.49 0.02
1806 3868.546 304.9 0.46 0.01
1807 3869.119 273.1 0.48 0.02
1808 3869.993 191.1 0.45 0.03
1809 3871.222 289.0 0.46 0.01
1810 3872.341 245.8 0.50 -0.02
1811 3873.352 152.5 0.46 -0.00
1812 3879.578 300.4 0.48 -0.03
1813 3880.888 284.4 0.50 0.00
1814 3886.732 229.8 0.49 0.04
1815 3890.227 175.2 0.48 0.05
1816 3895.306 323.1 0.44 0.03
1817 3902.433 86.5 0.45 0.02
1818 3905.574 179.8 0.50 -0.01
1819 3908.850 147.9 0.46 0.03
1820 3911.062 600.7 0.45 0.05
1821 3912.591 218.5 0.47 0.05
1822 3917.479 147.9 0.42 0.02
1823 3921.794 200.2 0.47 0.05
1824 3923.159 264.0 0.48 0.03
1825 3924.251 295.8 0.49 0.01
1826 3928.402 300.4 0.52 0.03
1827 3930.887 186.6 0.53 0.03
1828 3933.508 273.1 0.55 0.01
1829 3933.972 191.1 0.52 0.04
1830 3936.266 355.0 0.54 0.07
1831 3937.386 284.4 0.56 0.01
1832 3938.888 257.1 0.57 0.03
1833 3943.011 175.2 0.55 -0.01
1834 3943.393 284.4 0.55 -0.02
1835 3946.998 436.9 0.56 0.03
1836 3948.008 273.1 0.52 0.02
1837 3948.281 147.9 0.54 0.02
1838 3949.783 125.2 0.57 0.03
1839 3950.302 416.4 0.53 0.04
1840 3960.569 218.5 0.55 0.02
1841 3960.897 311.8 0.53 0.02
1842 3966.140 327.7 0.56 0.03
1843 3967.587 218.5 0.55 0.03
1844 3972.229 409.6 0.55 0.00
1845 3972.748 147.9 0.52 0.00
1846 3973.813 116.1 0.58 -0.00
1847 3974.113 234.4 0.59 -0.00
1848 3975.424 93.3 0.50 -0.03
1849 3976.298 136.5 0.58 -0.01
1850 3977.936 186.6 0.57 0.00
1851 3978.837 202.5 0.57 -0.00
1852 3979.056 109.2 0.55 -0.01
1853 3980.175 175.2 0.56 -0.00
1854 3983.971 191.1 0.54 -0.02
1855 3985.036 207.1 0.54 -0.02
1856 3985.719 213.9 0.54 -0.01
1857 3987.412 163.8 0.55 -0.00
1858 3987.849 279.9 0.53 -0.01
1859 3990.415 257.1 0.55 0.03
1860 3993.364 97.8 0.58 0.03
1861 3994.402 284.4 0.54 0.03
1862 3994.839 264.0 0.49 0.03
1863 3995.385 327.7 0.51 -0.02
1864 4008.001 229.8 0.56 0.03
1865 4009.994 213.9 0.49 0.02
1866 4012.397 191.1 0.60 0.02
1867 4018.132 218.5 0.54 0.01
1868 4021.709 132.0 0.54 0.03
1869 4022.200 120.6 0.57 0.01
1870 4022.528 147.9 0.58 0.01
1871 4022.828 234.4 0.58 0.00
1872 4025.914 261.7 0.61 -0.01
1873 4026.515 125.2 0.60 -0.00
1874 4027.771 186.6 0.57 0.02
1875 4033.478 136.5 0.60 0.01
1876 4035.362 393.7 0.60 0.01
1877 4036.946 229.8 0.59 0.00
1878 4039.622 195.7 0.60 0.02
1879 4040.960 136.5 0.60 0.03
1880 4041.779 132.0 0.60 0.04
1881 4042.025 193.4 0.60 0.04
1882 4043.008 268.5 0.61 0.04
1883 4045.520 179.8 0.61 0.03
1884 4045.793 179.8 0.59 0.03
1885 4050.708 191.1 0.59 0.02
1886 4051.500 88.7 0.59 0.04
1887 4051.692 113.8 0.59 0.02
1888 4053.685 168.4 0.58 0.02
1889 4054.258 198.0 0.58 0.02
1890 4056.224 127.4 0.59 0.02
1891 4057.344 136.5 0.58 0.03
1892 4057.644 120.6 0.59 0.02
1893 4058.518 213.9 0.58 0.03
1894 4059.010 229.8 0.59 0.02
1895 4060.184 257.1 0.59 0.03
1896 4060.785 405.0 0.59 0.03
1897 4066.164 132.0 0.57 0.05
1898 4067.912 141.1 0.56 0.04
1899 4068.294 277.6 0.56 0.05
1900 4074.547 207.1 0.56 0.03
1901 4076.459 186.6 0.57 0.02
1902 4080.664 147.9 0.55 0.05
1903 4081.183 261.7 0.55 0.05
1904 4082.330 191.1 0.56 0.04
1905 4084.378 223.0 0.53 0.05
1906 4086.972 207.1 0.56 0.04
1907 4091.259 284.4 0.54 0.03
1908 4091.723 116.1 0.56 0.02
1909 4100.871 175.2 0.56 0.02
1910 4103.547 125.2 0.55 0.02
1911 4104.120 152.5 0.54 0.02
1912 4106.469 250.3 0.55 0.03
1913 4106.960 175.2 0.56 0.04
1914 4107.452 170.7 0.54 0.03
1915 4109.090 343.6 0.53 0.03
1916 4110.264 229.8 0.56 0.06
1917 4115.671 225.3 0.51 0.05
1918 4117.009 284.4 0.51 0.11
1919 4118.647 311.8 0.51 0.10
1920 4118.921 163.8 0.52 0.08
1921 4121.870 266.2 0.49 0.08
1922 4126.266 175.2 0.50 0.06
1923 4127.276 147.9 0.51 0.06
1924 4129.133 175.2 0.48 0.05
1925 4130.089 234.4 0.48 0.06
1926 4130.471 234.4 0.46 0.04
1927 4130.744 195.7 0.45 0.05
1928 4131.045 245.8 0.45 0.05
1929 4131.290 213.9 0.45 0.03
1930 4133.038 136.5 0.45 0.05
1931 4135.086 218.5 0.43 0.06
1932 4137.134 311.8 0.44 0.08
1933 4140.111 229.8 0.45 0.01
1934 4143.005 186.6 0.47 0.02
1935 4146.937 259.4 0.51 0.04
1936 4149.094 132.0 0.50 0.02
1937 4149.668 207.1 0.52 0.05
1938 4152.044 218.5 0.53 0.05
1939 4153.928 175.2 0.55 0.05
1940 4155.430 436.9 0.54 0.06
1941 4158.078 261.7 0.56 0.07
1942 4159.826 241.2 0.58 0.04
1943 4160.481 147.9 0.54 0.05
1944 4167.253 284.4 0.53 0.04
1945 4172.906 323.1 0.56 0.04
1946 4173.916 245.8 0.56 0.03
1947 4175.172 125.2 0.53 0.01
1948 4176.319 218.5 0.52 0.01
1949 4177.111 191.1 0.55 0.04
1950 4179.050 245.8 0.52 0.02
1951 4180.934 300.4 0.53 0.04
1952 4183.228 136.5 0.51 0.02
1953 4186.586 120.6 0.55 0.03
1954 4187.679 441.5 0.53 0.04
1955 4190.409 273.1 0.54 0.03
1956 4191.065 268.5 0.53 0.01
1957 4192.294 132.0 0.53 0.01
1958 4193.058 102.4 0.52 0.01
1959 4193.440 273.1 0.52 0.02
1960 4196.171 327.7 0.51 0.03
1961 4198.574 289.0 0.49 0.06
1962 4201.660 350.4 0.50 0.07
1963 4202.943 273.1 0.50 0.06
1964 4203.953 225.3 0.51 0.07
1965 4206.247 257.1 0.53 0.06
1966 4208.186 257.1 0.52 0.03
1967 4214.275 175.2 0.53 0.04
1968 4215.013 284.4 0.53 0.05
1969 4215.532 316.3 0.51 0.06
1970 4220.638 250.3 0.49 0.02
1971 4225.553 207.1 0.49 0.02
1972 4226.727 159.3 0.49 0.02
1973 4227.983 191.1 0.49 0.01
1974 4230.141 273.1 0.49 0.03
1975 4233.854 191.1 0.49 0.03
1976 4243.357 179.8 0.50 0.06
1977 4247.071 339.1 0.45 0.04
1978 4249.583 195.7 0.53 0.04
1979 4255.918 245.8 0.49 0.05
1980 4259.058 175.2 0.50 0.04
1981 4261.407 268.5 0.48 0.07
1982 4267.742 327.7 0.43 0.07
1983 4272.384 213.9 0.46 0.06
1984 4277.654 163.8 0.41 0.02
1985 4279.757 175.2 0.44 -0.02
1986 4281.177 191.1 0.45 -0.01
1987 4282.952 350.4 0.47 0.01
1988 4284.945 261.7 0.50 0.01
1989 4287.020 416.4 0.48 0.03
1990 4288.741 393.7 0.47 0.03
1991 4290.707 350.4 0.47 0.04
1992 4291.062 316.3 0.47 0.04
1993 4294.393 250.3 0.46 0.03
1994 4295.431 257.1 0.46 0.03
1995 4297.561 261.7 0.46 0.06
1996 4300.619 223.0 0.47 0.09
1997 4301.793 289.0 0.47 0.08
1998 4302.694 268.5 0.47 0.07
1999 4304.251 152.5 0.48 0.08
2000 4309.002 229.8 0.46 0.03
