1 19.589 198.0 0.44 0.01
2 20.354 304.9 0.47 0.00
3 21.064 211.6 0.49 -0.00
4 22.675 245.8 0.46 0.00
5 23.084 266.2 0.44 0.00
6 23.385 216.2 0.44 0.00
7 23.603 211.6 0.44 0.00
8 23.876 238.9 0.43 -0.00
9 24.914 141.1 0.45 0.02
10 25.078 134.3 0.44 0.02
11 27.972 191.1 0.39 0.07
12 31.823 136.5 0.48 0.01
13 32.532 245.8 0.51 0.04
14 36.164 432.4 0.37 0.06
15 39.741 300.4 0.39 0.06
16 40.042 159.3 0.39 -0.01
17 43.209 227.6 0.36 0.07
18 47.278 273.1 0.37 -0.03
19 48.889 218.5 0.36 0.02
20 52.221 487.0 0.37 0.06
21 56.753 311.8 0.36 0.00
22 59.757 737.3 0.43 0.00
23 62.679 448.3 0.30 0.00
24 68.687 655.4 0.31 0.00
25 72.755 218.5 0.46 -0.00
26 74.394 873.8 0.27 -0.00
27 75.158 737.3 0.34 -0.00
28 76.360 300.4 0.48 -0.00
29 79.118 386.8 0.48 -0.00
30 80.756 282.2 0.46 -0.00
31 83.023 637.2 0.40 -0.00
32 84.688 163.8 0.48 0.00
33 90.231 223.0 0.39 -0.04
34 96.730 725.9 0.35 -0.03
35 97.741 502.9 0.34 -0.02
36 100.608 448.3 0.42 0.03
37 102.356 152.5 0.44 -0.02
38 106.807 311.8 0.39 -0.04
39 110.193 93.3 0.21 0.01
40 110.630 257.1 0.40 0.01
41 111.831 491.5 0.31 0.07
42 113.797 141.1 0.34 0.00
43 114.753 184.3 0.40 0.01
44 115.135 314.0 0.41 0.01
45 117.565 282.2 0.37 -0.00
46 119.258 803.3 0.44 0.00
47 119.723 86.5 0.44 -0.00
48 121.143 350.4 0.44 0.00
49 122.590 382.3 0.42 0.01
50 125.184 530.2 0.34 0.00
51 129.744 873.8 0.42 -0.00
52 134.632 234.4 0.50 -0.01
53 135.369 266.2 0.35 -0.00
54 135.697 320.9 0.36 -0.00
55 140.530 113.8 0.41 -0.00
56 140.749 161.6 0.41 -0.00
57 141.459 107.0 0.33 0.00
58 143.124 518.8 0.36 -0.04
59 143.862 264.0 0.45 0.01
60 148.204 207.1 0.44 0.01
61 149.268 109.2 0.29 -0.02
62 149.951 229.8 0.44 -0.04
63 152.300 125.2 0.41 -0.01
64 155.276 455.1 0.41 -0.01
65 157.488 109.2 0.43 0.02
66 157.788 175.2 0.43 0.01
67 163.168 132.0 0.42 0.03
68 164.533 295.8 0.41 -0.00
69 166.199 814.6 0.44 0.00
70 166.854 375.5 0.44 0.00
71 171.496 355.0 0.38 0.01
72 176.138 368.6 0.39 -0.00
73 176.521 318.6 0.39 -0.00
74 177.449 223.0 0.38 0.00
75 177.831 307.2 0.39 0.00
76 181.709 261.7 0.39 -0.00
77 185.777 273.1 0.28 -0.00
78 186.706 359.5 0.35 -0.03
79 189.600 452.8 0.36 0.05
80 190.474 398.2 0.36 0.03
81 194.652 241.2 0.46 -0.00
82 200.878 398.2 0.40 0.03
83 202.325 104.7 0.46 0.01
84 203.882 546.1 0.37 0.05
85 211.528 136.5 0.20 0.02
86 214.286 163.8 0.34 0.00
87 214.968 261.7 0.50 0.00
88 219.283 491.5 0.47 0.00
89 220.266 113.8 0.39 -0.00
90 220.785 468.8 0.23 -0.00
91 221.631 266.2 0.42 -0.01
92 221.822 93.3 0.42 0.00
93 222.123 780.5 0.47 0.00
94 225.918 293.5 0.39 -0.00
95 226.301 395.9 0.18 0.00
96 231.926 218.5 0.47 -0.00
97 233.974 537.0 0.25 -0.00
98 235.011 737.3 0.40 -0.00
99 235.694 573.4 0.41 -0.00
100 236.322 600.7 0.39 -0.00
101 237.442 753.2 0.34 -0.00
102 238.070 541.6 0.40 -0.00
103 240.910 343.6 0.32 -0.00
104 243.094 370.9 0.42 -0.00
105 245.497 436.9 0.45 -0.01
106 245.907 327.7 0.45 -0.01
107 250.631 202.5 0.33 0.01
108 259.779 339.1 0.35 -0.00
109 264.967 304.9 0.29 0.01
110 267.315 186.6 0.26 0.01
111 267.943 234.4 0.25 0.01
112 271.766 405.0 0.27 0.02
113 278.811 355.0 0.44 0.00
114 279.330 382.3 0.26 0.00
115 281.242 436.9 0.38 0.00
116 286.457 789.6 0.40 0.00
117 286.976 393.7 0.40 0.00
118 289.215 343.6 0.47 -0.00
119 290.034 1103.6 0.46 0.00
120 291.372 327.7 0.48 -0.00
121 292.055 562.1 0.46 -0.00
122 294.622 475.6 0.48 -0.00
123 297.161 229.8 0.50 -0.00
124 298.363 218.5 0.48 -0.00
125 299.837 284.4 0.46 0.00
126 300.384 179.8 0.48 0.00
127 300.766 97.8 0.44 0.01
128 300.984 213.9 0.50 0.01
129 304.780 443.7 0.45 -0.00
130 305.326 491.5 0.46 -0.00
131 307.565 573.4 0.45 -0.00
132 309.613 147.9 0.46 0.01
133 311.170 336.8 0.46 0.00
134 311.470 229.8 0.46 0.00
135 311.716 113.8 0.55 0.02
136 315.402 157.0 0.52 0.01
137 319.362 154.7 0.52 0.00
138 329.028 355.0 0.40 -0.03
139 330.503 223.0 0.44 0.12
140 331.486 109.2 0.52 0.02
141 332.769 136.5 0.52 0.02
142 333.179 213.9 0.49 0.04
143 336.538 154.7 0.46 0.01
144 336.865 264.0 0.46 0.01
145 337.302 496.1 0.46 -0.00
146 338.067 245.8 0.35 -0.00
147 339.023 311.8 0.51 0.05
148 343.719 175.2 0.52 0.03
149 344.402 268.5 0.52 0.04
150 344.784 229.8 0.52 0.03
151 345.030 159.3 0.52 0.02
152 346.259 213.9 0.53 0.03
153 347.296 86.5 0.54 0.02
154 347.979 170.7 0.52 0.04
155 350.300 261.7 0.53 0.05
156 352.403 236.7 0.52 0.05
157 353.113 229.8 0.51 0.05
158 354.451 393.7 0.51 0.05
159 356.526 136.5 0.49 0.02
160 361.796 245.8 0.55 0.04
161 364.227 266.2 0.42 0.04
162 367.831 218.5 0.52 -0.01
163 368.323 234.4 0.52 -0.01
164 369.169 370.9 0.51 -0.00
165 373.320 334.5 0.50 0.01
166 374.412 464.2 0.51 0.00
167 375.204 725.9 0.47 0.05
168 376.870 573.4 0.46 0.00
169 377.607 452.8 0.47 0.00
170 381.266 1324.4 0.26 0.00
171 381.976 573.4 0.44 0.00
172 383.696 300.4 0.45 0.00
173 388.857 532.5 0.43 0.00
174 389.431 443.7 0.43 0.00
175 391.287 366.4 0.43 0.00
176 393.527 191.1 0.44 -0.00
177 394.482 300.4 0.42 -0.00
178 396.012 382.3 0.42 -0.00
179 398.906 261.7 0.44 -0.00
180 400.599 327.7 0.47 -0.00
181 401.500 163.8 0.46 -0.00
182 403.821 327.7 0.44 -0.00
183 404.886 644.0 0.46 -0.00
184 408.846 211.6 0.47 0.04
185 409.310 141.1 0.45 0.01
186 409.501 109.2 0.43 0.01
187 411.494 202.5 0.46 0.03
188 413.488 116.1 0.42 0.01
189 417.201 132.0 0.41 0.02
190 418.321 266.2 0.39 0.01
191 420.997 250.3 0.41 0.03
192 425.885 116.1 0.39 0.03
193 426.868 332.2 0.44 0.05
194 427.414 241.2 0.48 0.04
195 436.999 304.9 0.43 0.03
196 438.310 125.2 0.47 0.02
197 439.402 264.0 0.45 0.01
198 440.358 238.9 0.45 0.01
199 444.645 234.4 0.48 0.01
200 446.010 132.0 0.45 -0.01
201 446.857 409.6 0.50 0.00
202 447.430 389.1 0.47 0.00
203 448.113 191.1 0.44 0.00
204 448.768 464.2 0.50 0.00
205 450.789 382.3 0.48 0.00
206 451.417 286.7 0.38 -0.00
207 452.209 293.5 0.52 -0.00
208 452.782 273.1 0.38 -0.00
209 454.339 386.8 0.50 0.00
210 455.376 853.3 0.40 0.00
211 459.172 468.8 0.48 -0.00
212 460.728 355.0 0.45 -0.00
213 462.831 273.1 0.39 -0.00
214 465.015 375.5 0.37 -0.00
215 465.370 241.2 0.47 0.00
216 467.637 343.6 0.48 -0.00
217 471.569 61.4 0.44 0.01
218 480.471 207.1 0.39 -0.00
219 482.191 163.8 0.41 0.03
220 485.632 359.5 0.37 0.05
221 485.987 361.8 0.42 0.09
222 497.538 136.5 0.33 -0.02
223 501.033 300.4 0.36 0.04
224 507.450 213.9 0.34 0.02
225 507.668 193.4 0.28 0.02
226 508.078 291.3 0.35 0.01
227 508.761 523.4 0.30 0.00
228 509.908 97.8 0.35 0.01
229 510.372 316.3 0.35 0.01
230 511.956 728.2 0.27 0.00
231 512.529 489.2 0.33 0.00
232 513.457 409.6 0.33 0.05
233 514.959 293.5 0.28 -0.00
234 515.451 443.7 0.31 -0.00
235 516.079 502.9 0.30 -0.00
236 518.591 737.3 0.30 0.01
237 519.547 887.5 0.31 0.01
238 521.267 710.0 0.28 0.00
239 522.414 289.0 0.27 -0.00
240 522.769 309.5 0.27 -0.00
241 523.288 352.7 0.31 0.01
242 523.643 213.9 0.29 0.01
243 524.435 184.3 0.29 -0.00
244 526.210 88.7 0.29 0.02
245 527.793 389.1 0.27 -0.00
246 528.804 252.6 0.31 0.03
247 533.992 355.0 0.39 0.00
248 536.368 530.2 0.42 0.00
249 537.733 414.2 0.43 0.00
250 540.573 694.0 0.23 -0.00
251 542.867 637.2 0.44 0.00
252 543.631 141.1 0.43 0.00
253 546.744 698.6 0.39 0.00
254 547.372 527.9 0.40 0.00
255 551.550 487.0 0.37 0.00
256 552.151 207.1 0.22 -0.00
257 554.964 345.9 0.32 -0.01
258 555.728 348.2 0.35 0.01
259 556.684 584.8 0.39 -0.00
260 559.196 698.6 0.39 -0.00
261 561.790 229.8 0.35 0.01
262 562.446 546.1 0.41 0.00
263 563.074 405.0 0.45 0.00
264 564.548 168.4 0.42 -0.00
265 565.750 91.0 0.41 0.00
266 565.914 179.8 0.40 0.01
267 567.443 311.8 0.44 -0.01
268 567.743 186.6 0.41 0.01
269 570.474 518.8 0.42 -0.00
270 571.102 491.5 0.40 -0.00
271 573.805 409.6 0.35 -0.01
272 574.188 300.4 0.29 -0.01
273 578.120 311.8 0.37 0.01
274 579.185 791.9 0.24 0.02
275 580.550 502.9 0.23 0.02
276 583.199 311.8 0.22 0.02
277 593.575 184.3 0.46 -0.01
278 594.340 261.7 0.37 0.01
279 595.459 125.2 0.43 0.02
280 595.623 111.5 0.43 0.02
281 599.938 179.8 0.36 0.01
282 602.723 343.6 0.30 0.00
283 605.071 200.2 0.32 0.00
284 606.164 309.5 0.27 0.00
285 606.792 1044.5 0.37 0.00
286 610.505 1993.4 0.41 -0.00
287 612.362 273.1 0.46 0.00
288 612.908 593.9 0.44 0.00
289 614.547 716.8 0.33 0.00
290 615.311 671.3 0.48 0.00
291 618.015 409.6 0.48 0.00
292 619.435 600.7 0.48 0.00
293 619.872 125.2 0.47 0.01
294 621.128 464.2 0.49 -0.00
295 625.360 273.1 0.46 -0.00
296 625.934 179.8 0.47 -0.01
297 626.425 163.8 0.47 0.01
298 627.545 191.1 0.21 -0.00
299 628.337 600.7 0.45 -0.00
300 628.774 277.6 0.46 -0.00
301 628.992 93.3 0.45 0.01
302 630.057 245.8 0.44 -0.00
303 630.849 250.3 0.45 -0.00
304 631.668 427.8 0.45 0.00
305 632.160 295.8 0.47 0.00
306 634.317 218.5 0.20 0.00
307 634.617 327.7 0.48 -0.00
308 637.484 307.2 0.46 -0.00
309 638.877 170.7 0.43 0.01
310 639.205 273.1 0.47 0.03
311 640.106 120.6 0.45 0.01
312 640.324 229.8 0.45 0.02
313 644.611 273.1 0.45 0.03
314 646.851 284.4 0.43 0.05
315 649.226 250.3 0.46 0.03
316 650.237 377.7 0.45 0.03
317 650.755 120.6 0.43 0.01
318 654.496 316.3 0.48 0.02
319 655.343 289.0 0.43 -0.00
320 661.405 398.2 0.45 0.05
321 666.593 355.0 0.47 0.07
322 667.877 86.5 0.47 0.00
323 668.041 136.5 0.46 0.01
324 669.297 334.5 0.46 0.00
325 670.280 300.4 0.22 0.00
326 676.915 302.6 0.47 0.00
327 677.461 238.9 0.47 0.00
328 677.680 93.3 0.46 0.01
329 678.199 316.3 0.49 0.02
330 680.274 304.9 0.42 0.00
331 680.547 125.2 0.42 0.00
332 680.875 341.3 0.42 0.00
333 681.557 170.7 0.44 0.00
334 681.885 457.4 0.47 0.00
335 685.216 225.3 0.49 0.00
336 685.626 275.3 0.30 0.00
337 686.281 143.4 0.29 0.01
338 687.729 596.2 0.21 0.00
339 690.159 202.5 0.23 0.00
340 694.419 359.5 0.24 -0.00
341 694.856 380.0 0.24 -0.00
342 699.061 491.5 0.48 0.00
343 700.836 450.6 0.46 0.00
344 701.437 589.4 0.46 0.00
345 703.293 250.3 0.36 0.00
346 703.894 257.1 0.46 0.00
347 706.106 163.8 0.49 0.02
348 706.625 436.9 0.51 0.00
349 707.362 261.7 0.48 0.01
350 711.813 382.3 0.49 -0.00
351 712.468 273.1 0.48 0.00
352 713.506 191.1 0.47 0.00
353 716.237 355.0 0.47 -0.00
354 716.646 334.5 0.45 -0.00
355 720.906 364.1 0.47 -0.00
356 722.135 257.1 0.47 -0.00
357 723.227 355.0 0.44 0.06
358 723.473 245.8 0.44 0.06
359 724.183 311.8 0.44 0.04
360 724.838 118.3 0.45 0.00
361 725.166 97.8 0.45 -0.01
362 725.303 109.2 0.45 -0.02
363 725.494 104.7 0.45 0.00
364 727.815 311.8 0.41 -0.00
365 729.180 304.9 0.43 -0.00
366 729.481 154.7 0.43 -0.01
367 732.184 343.6 0.44 -0.04
368 733.549 261.7 0.44 -0.04
369 739.721 414.2 0.40 -0.02
370 744.035 234.4 0.39 -0.02
371 746.438 284.4 0.41 0.00
372 747.421 102.4 0.40 0.00
373 750.916 163.8 0.44 0.01
374 751.353 170.7 0.42 0.04
375 753.811 241.2 0.42 0.04
376 754.193 421.0 0.42 0.03
377 755.067 132.0 0.43 0.01
378 757.688 475.6 0.43 0.00
379 758.835 491.5 0.40 0.00
380 759.299 418.7 0.42 0.00
381 761.074 901.1 0.41 0.00
382 761.866 589.4 0.36 0.00
383 762.549 343.6 0.40 -0.01
384 762.849 132.0 0.37 0.01
385 763.750 398.2 0.34 0.00
386 775.492 573.4 0.33 -0.00
387 777.595 778.2 0.40 0.00
388 778.114 484.7 0.39 0.00
389 779.998 327.7 0.41 0.00
390 780.517 286.7 0.39 0.00
391 781.008 436.9 0.43 -0.00
392 782.756 1392.6 0.44 -0.00
393 784.067 1105.9 0.42 -0.00
394 788.053 1285.7 0.37 -0.00
395 789.501 436.9 0.44 0.00
396 789.965 279.9 0.45 0.00
397 790.402 141.1 0.45 -0.00
398 791.494 254.9 0.40 0.00
399 791.822 289.0 0.47 0.00
400 793.924 418.7 0.46 -0.02
401 796.791 120.6 0.47 0.01
402 797.256 243.5 0.42 0.01
403 800.177 250.3 0.45 0.06
404 803.318 179.8 0.45 -0.01
405 807.933 432.4 0.40 0.07
406 811.073 229.8 0.40 -0.02
407 816.097 452.8 0.44 0.11
408 817.271 163.8 0.37 0.01
409 819.347 339.1 0.34 0.07
410 824.453 682.7 0.42 0.00
411 825.409 332.2 0.40 0.02
412 827.047 432.4 0.38 0.00
413 827.539 336.8 0.38 0.00
414 827.866 268.5 0.39 0.01
415 828.358 398.2 0.37 -0.00
416 828.849 409.6 0.37 0.00
417 832.099 318.6 0.34 -0.00
418 835.021 393.7 0.20 0.00
419 843.650 600.7 0.32 -0.00
420 846.326 398.2 0.27 0.00
421 849.466 409.6 0.34 -0.00
422 850.668 316.3 0.31 0.00
423 852.361 616.7 0.30 -0.00
424 854.217 546.1 0.38 -0.00
425 855.883 223.0 0.37 0.00
426 856.757 475.6 0.29 0.00
427 861.126 436.9 0.40 -0.00
428 861.508 316.3 0.39 -0.00
429 861.781 243.5 0.35 -0.00
430 862.300 505.2 0.33 0.00
431 863.065 616.7 0.36 -0.00
432 863.911 207.1 0.39 -0.00
433 864.157 220.7 0.39 -0.00
434 864.649 455.1 0.29 0.00
435 865.277 389.1 0.37 0.00
436 866.041 566.6 0.36 0.00
437 866.642 532.5 0.33 0.00
438 871.120 202.5 0.35 0.00
439 872.240 245.8 0.36 0.00
440 875.189 546.1 0.33 -0.00
441 875.817 450.6 0.33 -0.00
442 880.159 91.0 0.34 0.01
443 880.459 382.3 0.34 0.06
444 880.787 81.9 0.32 0.02
445 881.688 327.7 0.31 -0.00
446 885.129 289.0 0.31 -0.01
447 886.548 359.5 0.29 0.03
448 888.296 300.4 0.29 -0.02
449 892.419 464.2 0.28 0.02
450 894.112 250.3 0.25 0.01
451 901.649 459.7 0.24 -0.02
452 903.451 234.4 0.32 -0.01
453 905.254 261.7 0.32 -0.01
454 910.933 546.1 0.34 0.07
455 915.494 125.2 0.31 0.01
456 915.930 491.5 0.36 0.04
457 918.197 320.9 0.27 0.00
458 919.235 418.7 0.46 0.00
459 922.320 409.6 0.27 0.00
460 924.805 207.1 0.50 0.00
461 927.044 300.4 0.42 0.00
462 928.137 377.7 0.33 0.00
463 928.628 348.2 0.19 -0.00
464 929.693 254.9 0.47 0.01
465 930.785 213.9 0.26 0.01
466 931.386 518.8 0.23 0.00
467 932.069 780.5 0.50 0.00
468 933.543 562.1 0.30 -0.00
469 937.912 257.1 0.48 0.00
470 939.168 480.1 0.47 0.00
471 943.210 327.7 0.45 0.00
472 943.674 334.5 0.49 0.00
473 945.558 350.4 0.51 -0.00
474 945.995 248.0 0.48 -0.00
475 952.849 311.8 0.56 -0.00
476 955.580 59.2 0.51 -0.01
477 958.747 218.5 0.37 0.04
478 962.215 218.5 0.41 0.01
479 962.925 300.4 0.39 0.16
480 970.844 459.7 0.43 0.07
481 988.211 612.1 0.41 0.00
482 990.450 382.3 0.40 0.00
483 992.553 719.1 0.46 -0.00
484 995.284 218.5 0.50 -0.00
485 995.830 409.6 0.48 0.00
486 998.424 273.1 0.46 -0.00
487 998.970 491.5 0.29 -0.00
488 1000.936 293.5 0.38 -0.00
489 1004.431 741.8 0.36 0.00
490 1005.223 546.1 0.35 0.00
491 1008.282 273.1 0.39 0.00
492 1010.084 530.2 0.35 0.00
493 1017.894 682.7 0.39 -0.00
494 1021.280 530.2 0.35 0.02
495 1024.065 314.0 0.41 -0.00
496 1024.420 286.7 0.42 0.00
497 1025.785 748.7 0.34 0.00
498 1028.270 86.5 0.39 0.01
499 1028.489 216.2 0.40 0.01
500 1031.410 382.3 0.47 -0.00
501 1033.213 293.5 0.32 0.01
502 1033.895 102.4 0.44 0.00
503 1038.046 327.7 0.47 0.02
504 1041.323 129.7 0.43 0.01
505 1044.299 300.4 0.38 0.06
506 1047.412 355.0 0.43 0.13
507 1050.115 93.3 0.38 0.02
508 1058.089 168.4 0.47 0.01
509 1059.509 400.5 0.45 0.03
510 1062.649 218.5 0.37 -0.04
511 1063.223 257.1 0.39 0.01
512 1064.315 282.2 0.38 0.00
513 1066.363 109.2 0.39 0.04
514 1067.783 316.3 0.39 0.07
515 1069.858 441.5 0.35 -0.00
516 1072.125 93.3 0.37 0.01
517 1079.306 125.2 0.39 0.01
518 1081.163 391.4 0.43 -0.00
519 1082.010 562.1 0.39 0.00
520 1084.931 277.6 0.31 -0.00
521 1085.833 375.5 0.45 -0.00
522 1088.236 791.9 0.41 0.00
523 1095.472 562.1 0.39 -0.00
524 1096.373 737.3 0.33 -0.00
525 1097.110 202.5 0.42 0.00
526 1097.656 355.0 0.44 -0.00
527 1098.175 562.1 0.34 0.00
528 1098.967 491.5 0.44 0.00
529 1106.859 489.2 0.41 0.00
530 1108.442 421.0 0.44 -0.00
531 1110.327 145.6 0.43 -0.00
532 1110.600 268.5 0.43 0.00
533 1115.706 436.9 0.41 0.00
534 1117.153 304.9 0.38 0.02
535 1117.508 202.5 0.39 0.02
536 1118.546 295.8 0.41 -0.01
537 1119.201 207.1 0.42 -0.02
538 1120.375 370.9 0.40 -0.02
539 1120.949 261.7 0.41 -0.02
540 1121.167 168.4 0.41 0.00
541 1122.560 327.7 0.34 -0.01
542 1124.417 113.8 0.23 0.02
543 1125.837 284.4 0.39 0.00
544 1133.264 842.0 0.33 0.04
545 1137.224 304.9 0.40 0.04
546 1139.381 125.2 0.41 0.03
547 1142.057 323.1 0.41 0.00
548 1144.078 857.9 0.41 0.00
549 1145.825 304.9 0.41 0.00
550 1146.153 209.4 0.42 0.00
551 1146.535 375.5 0.41 -0.01
552 1147.300 632.6 0.41 -0.00
553 1148.665 300.4 0.41 0.01
554 1149.484 487.0 0.43 0.00
555 1152.679 332.2 0.39 -0.00
556 1156.065 600.7 0.41 -0.00
557 1156.584 395.9 0.38 0.00
558 1159.069 796.4 0.43 -0.00
559 1159.588 266.2 0.44 -0.00
560 1160.789 218.5 0.43 -0.00
561 1162.728 764.6 0.45 -0.00
562 1163.411 213.9 0.37 0.01
563 1164.012 245.8 0.45 -0.00
564 1166.087 327.7 0.43 0.00
565 1168.435 257.1 0.19 0.00
566 1168.763 200.2 0.45 0.01
567 1168.981 132.0 0.44 0.01
568 1172.859 163.8 0.45 -0.00
569 1175.644 184.3 0.44 0.00
570 1175.808 61.4 0.45 0.02
571 1176.463 300.4 0.46 -0.00
572 1176.982 357.3 0.36 0.01
573 1180.396 316.3 0.47 -0.00
574 1181.624 300.4 0.42 -0.00
575 1182.416 102.4 0.48 0.01
576 1189.953 102.4 0.49 0.00
577 1192.574 220.7 0.49 -0.00
578 1193.667 300.4 0.49 0.09
579 1198.281 291.3 0.48 0.07
580 1202.732 100.1 0.50 0.02
581 1203.524 236.7 0.51 0.03
582 1209.231 136.5 0.46 0.00
583 1213.764 195.7 0.42 0.01
584 1215.430 273.1 0.45 0.01
585 1219.990 389.1 0.44 0.06
586 1223.731 339.1 0.43 -0.01
587 1224.933 118.3 0.43 0.01
588 1225.097 168.4 0.43 0.02
589 1225.260 72.8 0.41 0.01
590 1225.779 382.3 0.42 0.00
591 1227.554 334.5 0.42 0.00
592 1228.182 512.0 0.38 0.00
593 1231.568 238.9 0.38 0.00
594 1231.923 425.5 0.40 0.01
595 1232.797 195.7 0.37 -0.01
596 1235.145 238.9 0.46 0.01
597 1237.002 662.2 0.48 0.00
598 1242.354 655.4 0.45 0.00
599 1243.037 525.7 0.45 0.00
600 1244.593 464.2 0.41 0.00
601 1246.587 339.1 0.42 0.00
602 1247.024 332.2 0.44 0.00
603 1251.174 573.4 0.40 0.00
604 1254.369 744.1 0.36 0.00
605 1256.062 584.8 0.37 0.00
606 1261.524 145.6 0.40 0.01
607 1261.742 220.7 0.42 0.01
608 1261.988 200.2 0.42 0.00
609 1262.397 291.3 0.47 -0.00
610 1265.155 644.0 0.53 -0.00
611 1265.865 213.9 0.47 0.01
612 1267.913 339.1 0.44 0.05
613 1272.419 311.8 0.54 -0.00
614 1273.484 405.0 0.42 -0.00
615 1273.866 147.9 0.43 -0.00
616 1280.229 104.7 0.29 -0.01
617 1280.993 546.1 0.26 -0.06
618 1292.626 389.1 0.46 0.01
619 1296.067 198.0 0.48 -0.01
620 1298.934 304.9 0.47 -0.01
621 1299.862 279.9 0.47 -0.02
622 1300.627 207.1 0.47 -0.02
623 1300.954 213.9 0.48 -0.01
624 1301.173 152.5 0.48 -0.01
625 1303.603 414.2 0.44 -0.01
626 1304.614 104.7 0.49 -0.01
627 1306.743 355.0 0.42 0.00
628 1307.180 307.2 0.24 -0.00
629 1307.399 152.5 0.43 0.00
630 1307.617 170.7 0.43 -0.00
631 1310.758 345.9 0.42 0.00
632 1311.904 211.6 0.26 0.01
633 1313.379 705.4 0.45 -0.00
634 1318.349 553.0 0.44 -0.00
635 1319.141 605.3 0.44 -0.00
636 1319.550 202.5 0.48 0.00
637 1325.421 355.0 0.43 0.00
638 1325.858 307.2 0.48 0.00
639 1326.322 573.4 0.41 -0.00
640 1328.753 327.7 0.43 0.00
641 1329.927 973.9 0.48 0.00
642 1331.074 416.4 0.44 0.00
643 1331.647 518.8 0.38 -0.00
644 1332.166 801.0 0.47 -0.00
645 1336.098 430.1 0.44 0.00
646 1346.666 382.3 0.44 -0.00
647 1347.731 682.7 0.46 0.00
648 1350.134 193.4 0.46 -0.00
649 1352.455 327.7 0.46 -0.04
650 1354.011 257.1 0.44 0.00
651 1357.725 132.0 0.47 -0.02
652 1362.367 327.7 0.43 0.02
653 1366.518 316.3 0.40 -0.05
654 1369.303 175.2 0.39 -0.02
655 1370.996 491.5 0.40 0.05
656 1373.945 213.9 0.39 0.02
657 1378.478 327.7 0.44 0.04
658 1378.833 273.1 0.44 0.04
659 1380.635 202.5 0.43 -0.00
660 1383.066 393.7 0.47 -0.00
661 1384.431 129.7 0.48 0.01
662 1385.414 327.7 0.47 0.00
663 1385.824 273.1 0.51 -0.00
664 1388.008 341.3 0.48 -0.00
665 1388.773 200.2 0.48 0.00
666 1389.592 300.4 0.48 0.00
667 1390.275 277.6 0.47 0.01
668 1390.793 491.5 0.49 -0.00
669 1394.316 163.8 0.47 -0.00
670 1395.818 202.5 0.44 -0.00
671 1396.337 195.7 0.48 -0.01
672 1397.757 698.6 0.48 0.00
673 1399.996 382.3 0.48 0.00
674 1400.515 432.4 0.48 0.01
675 1402.289 694.0 0.48 0.00
676 1402.836 273.1 0.48 0.00
677 1405.184 289.0 0.48 0.00
678 1405.512 234.4 0.48 0.00
679 1405.894 318.6 0.38 0.00
680 1407.669 191.1 0.46 0.00
681 1408.952 223.0 0.48 -0.00
682 1409.389 270.8 0.48 -0.00
683 1409.772 282.2 0.46 0.01
684 1410.427 257.1 0.49 -0.00
685 1415.342 300.4 0.50 0.00
686 1417.008 300.4 0.48 -0.00
687 1418.592 273.1 0.49 0.00
688 1419.738 480.1 0.50 -0.00
689 1420.640 409.6 0.50 -0.02
690 1421.213 370.9 0.50 0.00
691 1422.988 409.6 0.49 -0.01
692 1423.889 136.5 0.48 -0.01
693 1424.681 307.2 0.48 -0.00
694 1425.254 279.9 0.47 0.00
695 1425.719 154.7 0.49 -0.02
696 1430.661 441.5 0.50 -0.00
697 1432.928 737.3 0.43 -0.00
698 1433.665 628.1 0.41 -0.00
699 1434.266 377.7 0.41 0.00
700 1436.532 355.0 0.42 0.01
701 1437.979 152.5 0.44 -0.01
702 1438.689 289.0 0.44 -0.00
703 1442.540 86.5 0.44 -0.01
704 1444.861 241.2 0.43 0.01
705 1445.379 475.6 0.41 0.03
706 1448.219 113.8 0.45 -0.00
707 1448.520 243.5 0.45 -0.00
708 1451.141 261.7 0.38 -0.00
709 1454.227 97.8 0.41 0.02
710 1456.411 243.5 0.38 0.03
711 1460.589 366.4 0.37 0.01
712 1461.900 393.7 0.39 -0.00
713 1463.429 266.2 0.39 -0.00
714 1463.975 261.7 0.41 0.00
715 1464.303 291.3 0.42 0.00
716 1467.689 207.1 0.44 -0.01
717 1468.481 261.7 0.48 0.00
718 1469.109 436.9 0.50 -0.00
719 1470.010 275.3 0.49 0.01
720 1473.533 480.1 0.47 0.02
721 1474.243 129.7 0.46 0.01
722 1474.980 318.6 0.43 0.00
723 1475.908 175.2 0.45 -0.00
724 1476.700 339.1 0.43 0.00
725 1479.813 725.9 0.30 0.00
726 1480.441 568.9 0.42 0.00
727 1482.161 393.7 0.42 0.00
728 1482.516 163.8 0.44 -0.00
729 1483.800 182.0 0.40 -0.01
730 1488.606 402.8 0.47 -0.00
731 1489.971 314.0 0.49 -0.01
732 1490.982 361.8 0.45 -0.00
733 1492.292 229.8 0.46 0.00
734 1494.832 339.1 0.48 -0.00
735 1496.771 118.3 0.47 -0.00
736 1496.989 193.4 0.48 -0.00
737 1497.453 175.2 0.48 -0.00
738 1498.109 282.2 0.49 0.00
739 1501.549 284.4 0.46 0.00
740 1504.744 616.7 0.43 0.00
741 1506.437 113.8 0.44 0.04
742 1506.874 182.0 0.40 -0.00
743 1507.174 264.0 0.44 -0.00
744 1512.445 714.5 0.40 -0.00
745 1513.073 350.4 0.38 -0.00
746 1513.400 193.4 0.39 0.01
747 1514.602 355.0 0.37 0.00
748 1516.322 152.5 0.35 -0.01
749 1517.005 261.7 0.40 0.00
750 1518.561 220.7 0.33 -0.01
751 1519.025 152.5 0.39 -0.01
752 1519.681 452.8 0.41 -0.00
753 1523.476 366.4 0.35 0.07
754 1526.480 179.8 0.33 0.07
755 1528.064 186.6 0.31 0.00
756 1528.419 248.0 0.34 0.00
757 1529.894 304.9 0.37 0.07
758 1530.767 202.5 0.36 0.08
759 1540.325 509.7 0.39 0.05
760 1544.666 109.2 0.44 0.03
761 1545.977 491.5 0.43 0.05
762 1547.069 343.6 0.40 0.00
763 1547.616 157.0 0.38 0.01
764 1547.807 150.2 0.38 0.01
765 1547.998 143.4 0.37 0.01
766 1548.298 254.9 0.38 0.00
767 1552.121 755.5 0.40 0.00
768 1553.295 600.7 0.41 0.00
769 1561.624 600.7 0.47 0.00
770 1562.470 723.6 0.34 0.00
771 1564.737 202.5 0.23 0.00
772 1567.304 355.0 0.45 -0.00
773 1569.352 628.1 0.31 -0.00
774 1569.898 345.9 0.41 -0.00
775 1570.362 384.6 0.39 -0.00
776 1571.673 748.7 0.37 0.00
777 1572.547 589.4 0.44 -0.00
778 1573.502 393.7 0.35 -0.00
779 1580.984 316.3 0.41 0.00
780 1581.203 188.9 0.39 0.00
781 1582.978 550.7 0.40 0.01
782 1586.118 316.3 0.43 -0.00
783 1586.719 218.5 0.47 -0.01
784 1587.729 213.9 0.47 -0.00
785 1591.279 386.8 0.48 -0.00
786 1598.543 446.0 0.50 -0.00
787 1599.935 336.8 0.47 0.00
788 1601.519 273.1 0.45 0.02
789 1602.557 553.0 0.43 0.00
790 1609.001 432.4 0.49 -0.02
791 1610.175 218.5 0.47 0.01
792 1610.831 316.3 0.51 0.03
793 1614.544 655.4 0.30 0.02
794 1617.630 159.3 0.24 -0.00
795 1618.121 225.3 0.48 -0.00
796 1619.651 88.7 0.53 -0.01
797 1623.637 289.0 0.54 0.00
798 1624.156 382.3 0.51 0.00
799 1630.409 304.9 0.45 0.01
800 1631.939 127.4 0.41 0.02
801 1635.652 172.9 0.47 0.00
802 1636.116 227.6 0.46 0.00
803 1636.526 259.4 0.47 -0.00
804 1638.519 179.8 0.45 0.01
805 1639.994 452.8 0.44 -0.00
806 1640.813 382.3 0.45 -0.00
807 1642.069 382.3 0.46 0.00
808 1644.909 386.8 0.45 0.00
809 1645.155 66.0 0.45 0.01
810 1647.995 341.3 0.48 0.00
811 1652.500 229.8 0.43 0.00
812 1653.292 370.9 0.41 -0.00
813 1654.876 232.1 0.40 -0.00
814 1655.941 157.0 0.44 0.01
815 1657.935 86.5 0.43 0.00
816 1658.208 229.8 0.43 0.00
817 1658.972 132.0 0.42 0.01
818 1660.092 550.7 0.42 0.00
819 1660.884 170.7 0.42 -0.00
820 1661.402 229.8 0.42 -0.00
821 1661.703 229.8 0.43 0.00
822 1662.112 198.0 0.43 0.01
823 1662.549 248.0 0.43 0.03
824 1663.177 163.8 0.42 -0.01
825 1663.396 168.4 0.41 -0.00
826 1664.461 382.3 0.44 0.01
827 1667.110 355.0 0.45 0.02
828 1668.256 198.0 0.45 0.01
829 1668.966 448.3 0.46 0.02
830 1669.895 345.9 0.43 0.00
831 1670.605 327.7 0.41 0.00
832 1671.724 391.4 0.42 0.02
833 1672.052 179.8 0.44 0.00
834 1673.090 282.2 0.41 0.01
835 1673.417 207.1 0.40 0.01
836 1677.213 218.5 0.42 0.01
837 1678.797 273.1 0.42 0.02
838 1679.316 277.6 0.41 0.02
839 1680.217 170.7 0.41 0.00
840 1682.429 147.9 0.41 0.01
841 1686.961 405.0 0.42 -0.01
842 1688.491 125.2 0.40 -0.02
843 1688.928 163.8 0.40 -0.05
844 1689.228 377.7 0.39 0.00
845 1690.020 245.8 0.39 -0.04
846 1692.423 184.3 0.39 -0.00
847 1699.850 198.0 0.45 -0.00
848 1700.123 170.7 0.47 -0.00
849 1706.568 505.2 0.41 -0.00
850 1709.353 229.8 0.22 0.00
851 1711.073 125.2 0.50 0.01
852 1711.401 275.3 0.51 0.01
853 1713.094 59.2 0.49 0.00
854 1713.285 202.5 0.50 0.00
855 1714.705 393.7 0.52 -0.00
856 1715.633 245.8 0.51 0.00
857 1716.043 245.8 0.51 0.00
858 1716.835 452.8 0.53 0.00
859 1717.408 343.6 0.52 0.00
860 1717.763 250.3 0.51 -0.00
861 1718.146 245.8 0.51 0.00
862 1719.921 325.4 0.48 0.00
863 1722.651 523.4 0.46 -0.00
864 1723.006 116.1 0.53 -0.01
865 1726.829 245.8 0.43 -0.01
866 1727.293 314.0 0.45 -0.01
867 1727.840 339.1 0.44 -0.06
868 1731.198 464.2 0.39 -0.00
869 1731.744 327.7 0.45 -0.00
870 1733.219 473.3 0.40 -0.00
871 1734.229 330.0 0.39 -0.00
872 1736.687 432.4 0.29 -0.00
873 1737.725 960.3 0.38 -0.00
874 1738.407 295.8 0.37 -0.00
875 1740.401 129.7 0.51 0.00
876 1741.384 113.8 0.30 -0.01
877 1747.036 113.8 0.44 0.00
878 1747.282 218.5 0.44 -0.00
879 1748.074 332.2 0.41 -0.03
880 1749.412 446.0 0.44 -0.00
881 1751.733 218.5 0.38 -0.00
882 1752.033 232.1 0.40 -0.00
883 1752.525 459.7 0.41 0.07
884 1757.249 120.6 0.36 0.02
885 1758.396 152.5 0.40 0.02
886 1759.106 327.7 0.38 -0.02
887 1760.089 147.9 0.37 -0.01
888 1760.717 277.6 0.34 -0.05
889 1762.956 361.8 0.43 -0.05
890 1763.475 507.4 0.39 -0.07
891 1765.332 261.7 0.40 -0.04
892 1765.741 229.8 0.40 -0.07
893 1766.506 345.9 0.40 -0.01
894 1767.134 425.5 0.41 -0.01
895 1769.728 245.8 0.39 -0.06
896 1770.656 502.9 0.39 -0.00
897 1771.612 300.4 0.39 0.02
898 1772.486 518.8 0.34 -0.02
899 1774.152 377.7 0.38 -0.02
900 1776.664 562.1 0.38 0.00
901 1777.428 336.8 0.38 0.00
902 1779.968 621.2 0.34 0.00
903 1780.596 530.2 0.40 0.03
904 1784.719 195.7 0.33 0.01
905 1785.511 213.9 0.40 0.01
906 1789.361 179.8 0.34 0.01
907 1792.338 573.4 0.43 0.00
908 1793.703 327.7 0.45 0.00
909 1794.577 612.1 0.48 0.00
910 1797.827 493.8 0.41 0.00
911 1798.946 355.0 0.46 -0.00
912 1803.452 632.6 0.41 -0.00
913 1807.439 163.8 0.49 -0.00
914 1807.875 211.6 0.40 -0.00
915 1810.005 518.8 0.40 0.00
916 1811.152 225.3 0.52 -0.00
917 1813.719 1288.0 0.27 -0.00
918 1818.006 223.0 0.49 -0.00
919 1819.344 327.7 0.49 -0.00
920 1819.945 416.4 0.48 -0.00
921 1825.734 373.2 0.45 0.05
922 1827.181 364.1 0.43 -0.02
923 1833.380 425.5 0.50 0.05
924 1840.643 373.2 0.44 -0.00
925 1842.992 273.1 0.45 0.06
926 1843.456 186.6 0.39 0.01
927 1845.313 382.3 0.46 0.05
928 1845.668 252.6 0.47 0.06
929 1847.443 1165.1 0.36 0.02
930 1848.262 136.5 0.46 -0.00
931 1855.935 213.9 0.45 0.01
932 1858.147 273.1 0.23 0.00
933 1859.321 223.0 0.35 0.00
934 1859.622 252.6 0.35 0.01
935 1860.386 769.1 0.33 0.00
936 1864.919 102.4 0.44 -0.00
937 1865.929 348.2 0.32 -0.00
938 1868.332 289.0 0.24 0.00
939 1874.804 823.8 0.22 0.00
940 1877.617 605.3 0.39 0.00
941 1879.228 282.2 0.41 0.00
942 1880.784 612.1 0.39 -0.00
943 1883.215 380.0 0.41 0.00
944 1885.454 259.4 0.37 -0.00
945 1887.119 61.4 0.45 -0.00
946 1887.365 191.1 0.35 -0.00
947 1888.949 273.1 0.43 0.00
948 1893.045 589.4 0.35 0.06
949 1894.820 425.5 0.35 0.06
950 1895.776 241.2 0.41 -0.00
951 1899.462 175.2 0.48 0.00
952 1908.255 152.5 0.51 0.01
953 1908.555 198.0 0.50 -0.00
954 1911.532 125.2 0.30 0.01
955 1912.979 264.0 0.45 0.00
956 1915.327 352.7 0.44 -0.00
957 1919.642 291.3 0.49 -0.01
958 1920.488 245.8 0.48 -0.00
959 1921.853 316.3 0.49 -0.00
960 1922.263 320.9 0.47 -0.00
961 1928.544 432.4 0.49 0.03
962 1935.780 398.2 0.46 0.00
963 1936.162 343.6 0.45 0.00
964 1938.947 150.2 0.40 -0.00
965 1940.477 364.1 0.43 0.00
966 1941.596 268.5 0.40 0.01
967 1941.897 125.2 0.42 0.01
968 1942.142 257.1 0.43 0.00
969 1943.562 184.3 0.44 0.00
970 1943.863 300.4 0.44 0.00
971 1944.218 277.6 0.42 0.01
972 1945.774 352.7 0.42 0.01
973 1949.187 409.6 0.37 0.00
974 1953.529 694.0 0.42 -0.00
975 1960.656 355.0 0.47 -0.00
976 1962.458 300.4 0.43 -0.00
977 1963.523 446.0 0.37 -0.00
978 1964.151 457.4 0.30 -0.00
979 1965.408 421.0 0.47 -0.00
980 1965.926 491.5 0.30 0.00
981 1966.937 207.1 0.46 0.00
982 1969.340 523.4 0.30 0.00
983 1971.197 573.4 0.44 0.00
984 1971.907 659.9 0.29 0.00
985 1974.856 273.1 0.45 -0.00
986 1976.794 584.8 0.42 -0.00
987 1977.696 211.6 0.46 0.01
988 1978.515 245.8 0.45 -0.00
989 1980.017 120.6 0.43 0.01
990 1983.730 366.4 0.40 0.04
991 1991.349 141.1 0.37 0.03
992 1993.124 154.7 0.39 0.00
993 1994.435 213.9 0.39 0.07
994 1996.974 282.2 0.37 0.00
995 1997.438 323.1 0.39 0.00
996 2001.289 375.5 0.39 -0.01
997 2002.790 359.5 0.36 -0.00
998 2003.773 584.8 0.34 0.05
999 2004.838 179.8 0.40 -0.00
1000 2005.057 179.8 0.40 -0.00
1001 2010.218 186.6 0.42 -0.01
1002 2011.283 596.2 0.32 0.00
1003 2012.266 332.2 0.39 -0.03
1004 2014.041 113.8 0.38 -0.01
1005 2019.584 578.0 0.44 -0.00
1006 2020.076 489.2 0.31 -0.00
1007 2022.479 320.9 0.32 -0.00
1008 2022.752 198.0 0.32 -0.00
1009 2023.680 168.4 0.47 0.00
1010 2024.663 152.5 0.44 -0.00
1011 2026.929 259.4 0.47 0.00
1012 2027.667 211.6 0.45 0.00
1013 2028.240 129.7 0.48 -0.00
1014 2029.196 120.6 0.48 -0.00
1015 2029.797 175.2 0.49 -0.00
1016 2030.889 191.1 0.48 0.00
1017 2031.599 430.1 0.49 -0.00
1018 2032.009 293.5 0.49 -0.00
1019 2032.746 525.7 0.50 -0.00
1020 2034.138 355.0 0.50 -0.02
1021 2034.657 334.5 0.49 -0.02
1022 2034.876 186.6 0.49 -0.01
1023 2035.476 145.6 0.49 -0.01
1024 2036.569 191.1 0.50 -0.01
1025 2037.470 141.1 0.47 0.00
1026 2037.688 241.2 0.47 0.01
1027 2039.136 355.0 0.50 -0.00
1028 2040.282 300.4 0.49 0.00
1029 2040.829 207.1 0.48 -0.00
1030 2041.648 229.8 0.49 0.00
1031 2042.303 245.8 0.48 -0.00
1032 2043.013 320.9 0.49 0.00
1033 2043.450 382.3 0.48 -0.00
1034 2043.860 184.3 0.47 0.00
1035 2045.662 234.4 0.50 -0.00
1036 2046.973 97.8 0.49 0.01
1037 2047.136 168.4 0.48 0.01
1038 2048.229 113.8 0.50 0.00
1039 2049.485 507.4 0.50 -0.00
1040 2050.741 261.7 0.47 0.00
1041 2052.243 113.8 0.46 0.01
1042 2052.762 575.7 0.46 0.00
1043 2053.444 264.0 0.46 0.01
1044 2054.182 213.9 0.47 0.00
1045 2054.673 229.8 0.46 0.01
1046 2057.076 293.5 0.44 -0.00
1047 2058.278 659.9 0.44 -0.00
1048 2058.960 370.9 0.40 0.01
1049 2060.080 113.8 0.43 0.01
1050 2061.691 336.8 0.43 0.00
1051 2062.701 77.4 0.47 0.00
1052 2062.920 172.9 0.46 0.00
1053 2063.165 264.0 0.46 0.00
1054 2064.039 211.6 0.42 -0.00
1055 2065.814 357.3 0.42 0.02
1056 2067.480 355.0 0.46 0.06
1057 2073.679 398.2 0.47 0.00
1058 2082.772 389.1 0.38 -0.00
1059 2083.154 211.6 0.40 -0.00
1060 2084.492 398.2 0.43 0.01
1061 2085.284 304.9 0.38 -0.01
1062 2085.775 411.9 0.38 -0.00
1063 2086.977 182.0 0.39 -0.00
1064 2087.550 125.2 0.42 0.00
1065 2088.888 218.5 0.41 -0.01
1066 2089.189 355.0 0.42 -0.00
1067 2089.516 300.4 0.41 -0.00
1068 2090.336 414.2 0.41 0.00
1069 2096.589 136.5 0.37 -0.00
1070 2099.756 382.3 0.42 0.00
1071 2105.573 395.9 0.35 -0.00
1072 2105.928 252.6 0.36 0.00
1073 2106.692 289.0 0.41 -0.00
1074 2108.658 298.1 0.40 -0.00
1075 2109.614 250.3 0.41 0.00
1076 2111.635 254.9 0.42 0.00
1077 2113.792 546.1 0.40 -0.00
1078 2116.495 448.3 0.41 0.00
1079 2120.264 669.0 0.42 0.03
1080 2121.001 507.4 0.42 0.00
1081 2122.721 557.5 0.43 0.03
1082 2123.540 352.7 0.43 -0.01
1083 2124.633 436.9 0.42 -0.00
1084 2125.588 382.3 0.45 0.00
1085 2126.189 402.8 0.41 0.00
1086 2134.436 170.7 0.30 0.01
1087 2135.255 430.1 0.35 0.00
1088 2135.610 320.9 0.49 0.00
1089 2135.938 289.0 0.36 -0.01
1090 2136.784 195.7 0.30 -0.01
1091 2139.870 409.6 0.33 -0.03
1092 2140.334 375.5 0.50 -0.03
1093 2141.809 147.9 0.50 -0.00
1094 2146.369 175.2 0.51 -0.00
1095 2146.915 418.7 0.42 0.00
1096 2147.407 282.2 0.51 0.00
1097 2151.776 66.0 0.49 0.03
1098 2153.223 125.2 0.46 0.02
1099 2155.762 320.9 0.50 -0.01
1100 2159.394 161.6 0.46 0.00
1101 2162.261 163.8 0.43 0.03
1102 2164.145 152.5 0.45 0.01
1103 2166.958 725.9 0.50 0.00
1104 2167.968 143.4 0.51 0.01
1105 2168.624 500.6 0.53 -0.00
1106 2170.945 136.5 0.52 -0.00
1107 2172.747 182.0 0.51 -0.01
1108 2173.184 136.5 0.48 -0.01
1109 2173.703 334.5 0.47 0.00
1110 2175.341 147.9 0.50 0.00
1111 2175.669 425.5 0.42 0.00
1112 2177.744 300.4 0.47 0.00
1113 2178.236 152.5 0.48 0.00
1114 2178.481 241.2 0.48 -0.01
1115 2180.502 97.8 0.48 0.00
1116 2181.594 136.5 0.50 0.00
1117 2182.141 589.4 0.46 0.00
1118 2183.096 273.1 0.47 0.01
1119 2184.298 436.9 0.46 0.00
1120 2184.817 218.5 0.50 -0.00
1121 2188.093 218.5 0.43 0.00
1122 2188.312 70.5 0.46 -0.01
1123 2189.158 591.6 0.47 -0.00
1124 2193.855 546.1 0.42 -0.04
1125 2196.067 571.2 0.42 0.00
1126 2196.559 370.9 0.45 -0.00
1127 2196.995 357.3 0.44 -0.00
1128 2197.542 368.6 0.42 0.00
1129 2199.071 436.9 0.36 -0.00
1130 2201.173 484.7 0.39 -0.00
1131 2201.474 252.6 0.38 -0.00
1132 2202.320 530.2 0.34 -0.00
1133 2202.894 509.7 0.38 -0.00
1134 2206.143 405.0 0.43 -0.01
1135 2207.099 168.4 0.40 -0.00
1136 2211.058 359.5 0.32 0.00
1137 2211.577 172.9 0.47 0.00
1138 2211.959 491.5 0.48 0.00
1139 2216.875 248.0 0.46 -0.00
1140 2217.885 75.1 0.48 0.01
1141 2218.076 186.6 0.48 0.01
1142 2222.964 277.6 0.52 0.01
1143 2225.749 578.0 0.52 -0.00
1144 2226.350 147.9 0.51 0.01
1145 2226.978 261.7 0.45 0.00
1146 2227.279 223.0 0.51 -0.00
1147 2228.152 327.7 0.45 0.01
1148 2228.753 191.1 0.47 0.00
1149 2230.637 343.6 0.52 0.02
1150 2231.675 245.8 0.47 0.00
1151 2235.634 366.4 0.46 -0.01
1152 2237.273 393.7 0.46 0.01
1153 2239.375 118.3 0.46 0.02
1154 2239.648 172.9 0.46 0.01
1155 2240.440 211.6 0.24 0.01
1156 2241.232 336.8 0.46 0.02
1157 2242.024 282.2 0.46 0.00
1158 2242.270 166.1 0.48 -0.00
1159 2243.253 546.1 0.47 -0.00
1160 2243.663 327.7 0.46 -0.00
1161 2243.854 122.9 0.47 0.01
1162 2244.482 398.2 0.47 0.00
1163 2245.055 145.6 0.47 0.00
1164 2245.574 311.8 0.49 0.01
1165 2249.233 236.7 0.50 -0.02
1166 2251.527 195.7 0.49 0.00
1167 2253.302 273.1 0.48 -0.01
1168 2254.257 268.5 0.47 -0.01
1169 2257.889 316.3 0.46 0.01
1170 2258.326 207.1 0.44 0.01
1171 2262.449 245.8 0.49 -0.00
1172 2262.996 234.4 0.22 -0.00
1173 2264.252 145.6 0.39 0.00
1174 2264.552 405.0 0.39 -0.00
1175 2266.382 343.6 0.39 0.00
1176 2267.692 464.2 0.39 -0.00
1177 2270.341 430.1 0.37 -0.00
1178 2270.805 345.9 0.38 -0.00
1179 2271.351 671.3 0.38 -0.00
1180 2273.154 803.3 0.36 -0.00
1181 2273.864 653.1 0.36 -0.00
1182 2274.519 327.7 0.42 0.00
1183 2275.775 967.1 0.38 -0.00
1184 2277.905 343.6 0.45 -0.00
1185 2278.369 430.1 0.45 -0.00
1186 2279.025 655.4 0.41 0.00
1187 2281.919 480.1 0.34 -0.00
1188 2283.667 102.4 0.48 -0.00
1189 2283.831 143.4 0.47 -0.01
1190 2284.623 757.8 0.33 0.00
1191 2286.452 327.7 0.35 0.00
1192 2289.592 427.8 0.46 0.00
1193 2290.821 757.8 0.40 -0.00
1194 2293.443 232.1 0.37 0.00
1195 2293.907 264.0 0.46 -0.01
1196 2294.453 355.0 0.34 -0.00
1197 2296.228 213.9 0.43 -0.01
1198 2298.003 339.1 0.39 -0.00
1199 2316.025 202.5 0.46 -0.01
1200 2316.216 154.7 0.45 -0.01
1201 2316.899 136.5 0.47 -0.02
1202 2320.640 232.1 0.42 0.00
1203 2322.906 421.0 0.49 0.06
1204 2323.398 366.4 0.46 0.06
1205 2323.889 289.0 0.39 0.00
1206 2324.982 273.1 0.41 -0.00
1207 2329.542 209.4 0.45 -0.00
1208 2330.853 191.1 0.42 0.00
1209 2335.003 254.9 0.45 -0.00
1210 2335.331 514.3 0.44 0.00
1211 2335.959 393.7 0.47 0.00
1212 2337.570 573.4 0.46 -0.00
1213 2338.307 600.7 0.45 0.01
1214 2339.072 562.1 0.46 0.00
1215 2341.202 516.6 0.46 0.00
1216 2342.076 129.7 0.44 0.00
1217 2342.321 163.8 0.45 0.00
1218 2342.704 209.4 0.43 -0.00
1219 2342.950 209.4 0.43 0.01
1220 2344.369 168.4 0.45 0.00
1221 2344.998 277.6 0.42 0.00
1222 2345.380 330.0 0.44 -0.01
1223 2348.274 496.1 0.42 0.00
1224 2348.684 373.2 0.42 0.00
1225 2349.094 350.4 0.41 -0.00
1226 2349.804 132.0 0.41 0.01
1227 2351.142 546.1 0.42 0.00
1228 2353.463 1065.0 0.34 -0.00
1229 2355.183 332.2 0.40 0.01
1230 2355.538 311.8 0.40 0.01
1231 2358.897 209.4 0.42 -0.01
1232 2359.770 223.0 0.43 0.01
1233 2360.863 311.8 0.45 0.00
1234 2364.167 223.0 0.47 0.00
1235 2368.126 191.1 0.42 0.01
1236 2368.563 279.9 0.37 0.01
1237 2369.683 125.2 0.44 0.00
1238 2369.847 125.2 0.45 0.00
1239 2370.748 223.0 0.49 0.01
1240 2376.127 846.5 0.40 -0.00
1241 2378.749 309.5 0.44 0.01
1242 2384.428 416.4 0.41 0.00
1243 2385.002 459.7 0.35 0.00
1244 2385.439 425.5 0.42 0.00
1245 2386.231 386.8 0.43 0.01
1246 2394.040 521.1 0.24 0.00
1247 2398.054 539.3 0.39 -0.00
1248 2407.038 332.2 0.43 0.00
1249 2407.530 459.7 0.21 0.00
1250 2407.885 186.6 0.22 0.00
1251 2409.086 225.3 0.46 0.01
1252 2409.632 414.2 0.20 0.00
1253 2412.363 223.0 0.27 0.01
1254 2412.663 261.7 0.27 -0.00
1255 2412.991 293.5 0.18 -0.01
1256 2414.384 316.3 0.45 0.00
1257 2415.695 1128.7 0.24 0.00
1258 2418.261 268.5 0.46 0.00
1259 2418.562 152.5 0.23 -0.00
1260 2419.108 191.1 0.22 0.00
1261 2419.954 229.8 0.23 -0.00
1262 2422.822 218.5 0.49 -0.00
1263 2424.078 343.6 0.27 0.00
1264 2424.569 202.5 0.49 0.00
1265 2425.552 823.8 0.46 -0.00
1266 2428.802 393.7 0.41 0.00
1267 2430.194 546.1 0.39 -0.00
1268 2432.843 229.8 0.44 -0.00
1269 2433.307 298.1 0.43 -0.00
1270 2434.400 491.5 0.38 0.00
1271 2435.710 273.1 0.41 0.00
1272 2437.949 191.1 0.40 -0.00
1273 2439.342 639.4 0.37 0.00
1274 2443.711 589.4 0.34 0.00
1275 2444.312 559.8 0.37 0.00
1276 2444.885 780.5 0.30 0.00
1277 2447.316 268.5 0.35 0.00
1278 2448.162 382.3 0.36 0.00
1279 2454.006 159.3 0.35 0.02
1280 2472.383 350.4 0.39 -0.00
1281 2472.765 300.4 0.41 -0.00
1282 2473.858 409.6 0.37 -0.00
1283 2475.878 175.2 0.36 0.01
1284 2477.053 120.6 0.40 0.01
1285 2478.800 377.7 0.35 0.05
1286 2480.411 223.0 0.34 0.03
1287 2480.684 209.4 0.35 0.03
1288 2484.972 386.8 0.35 -0.00
1289 2486.173 273.1 0.33 0.00
1290 2486.528 213.9 0.36 0.00
1291 2486.992 125.2 0.33 0.01
1292 2488.276 163.8 0.34 0.02
1293 2490.269 147.9 0.40 0.02
1294 2492.918 482.4 0.30 0.00
1295 2495.157 382.3 0.30 0.00
1296 2500.127 682.7 0.38 -0.00
1297 2502.748 739.6 0.41 -0.00
1298 2508.319 546.1 0.40 -0.00
1299 2508.838 195.7 0.39 0.00
1300 2509.193 350.4 0.34 0.02
1301 2510.367 361.8 0.33 0.00
1302 2511.159 659.9 0.37 0.00
1303 2511.677 191.1 0.50 -0.00
1304 2512.469 710.0 0.39 0.00
1305 2513.316 791.9 0.38 -0.00
1306 2514.435 223.0 0.32 0.00
1307 2514.708 295.8 0.36 -0.00
1308 2524.102 421.0 0.42 0.04
1309 2525.904 216.2 0.43 -0.00
1310 2526.614 143.4 0.41 0.00
1311 2527.379 107.0 0.40 0.00
1312 2527.543 100.1 0.39 0.00
1313 2527.706 109.2 0.39 0.01
1314 2527.952 216.2 0.43 0.00
1315 2529.017 534.8 0.38 -0.00
1316 2532.567 179.8 0.48 0.00
1317 2536.718 198.0 0.45 0.04
1318 2538.820 452.8 0.48 0.06
1319 2540.131 136.5 0.44 0.02
1320 2540.268 136.5 0.43 0.02
1321 2541.906 163.8 0.51 0.01
1322 2543.025 132.0 0.50 0.00
1323 2544.691 211.6 0.52 0.01
1324 2548.460 168.4 0.47 0.04
1325 2549.961 393.7 0.45 0.01
1326 2550.781 211.6 0.45 -0.00
1327 2551.026 191.1 0.45 0.01
1328 2551.217 266.2 0.45 0.00
1329 2551.627 234.4 0.46 -0.00
1330 2553.347 200.2 0.45 0.01
1331 2555.450 416.4 0.43 0.00
1332 2557.280 393.7 0.50 0.00
1333 2558.563 318.6 0.34 -0.00
1334 2562.086 109.2 0.36 0.01
1335 2567.028 120.6 0.50 -0.00
1336 2570.114 81.9 0.40 0.02
1337 2570.196 61.4 0.39 0.02
1338 2573.309 477.9 0.39 -0.00
1339 2580.354 223.0 0.45 -0.00
1340 2585.351 168.4 0.38 0.00
1341 2587.945 500.6 0.40 -0.00
1342 2589.392 436.9 0.40 0.00
1343 2596.055 70.5 0.44 0.00
1344 2596.246 245.8 0.43 -0.01
1345 2597.448 191.1 0.48 0.00
1346 2602.882 357.3 0.34 0.00
1347 2608.070 320.9 0.41 0.00
1348 2608.288 88.7 0.41 -0.00
1349 2610.992 136.5 0.38 0.02
1350 2611.374 170.7 0.39 0.02
1351 2611.756 264.0 0.39 0.01
1352 2612.384 120.6 0.34 0.02
1353 2612.821 179.8 0.39 -0.00
1354 2613.204 316.3 0.38 0.01
1355 2613.777 489.2 0.29 -0.00
1356 2615.224 587.1 0.41 0.00
1357 2617.382 907.9 0.33 0.01
1358 2621.559 639.4 0.40 -0.00
1359 2623.444 163.8 0.38 0.00
1360 2624.945 243.5 0.38 0.00
1361 2625.546 355.0 0.37 0.00
1362 2625.874 266.2 0.35 0.00
1363 2626.884 541.6 0.39 -0.00
1364 2627.949 512.0 0.39 -0.00
1365 2628.332 368.6 0.35 -0.00
1366 2628.577 182.0 0.35 -0.01
1367 2630.079 238.9 0.32 0.01
1368 2630.407 177.5 0.34 0.01
1369 2630.980 270.8 0.33 -0.00
1370 2631.554 402.8 0.33 0.01
1371 2632.864 141.1 0.38 -0.00
1372 2636.742 120.6 0.38 0.02
1373 2637.698 195.7 0.39 0.05
1374 2638.544 300.4 0.40 0.07
1375 2639.964 345.9 0.40 0.01
1376 2643.596 195.7 0.36 -0.01
1377 2650.805 359.5 0.40 0.00
1378 2653.781 857.9 0.38 -0.00
1379 2657.795 791.9 0.44 0.00
1380 2660.035 191.1 0.42 0.00
1381 2661.072 421.0 0.32 -0.00
1382 2662.192 209.4 0.32 0.00
1383 2662.383 186.6 0.32 0.00
1384 2662.984 382.3 0.41 0.00
1385 2664.950 698.6 0.43 0.00
1386 2665.605 589.4 0.37 0.00
1387 2667.244 644.0 0.32 0.00
1388 2668.008 562.1 0.44 0.00
1389 2668.827 452.8 0.34 -0.00
1390 2670.602 147.9 0.20 0.00
1391 2671.531 407.3 0.27 -0.00
1392 2674.780 764.6 0.40 0.00
1393 2678.630 666.7 0.39 -0.00
1394 2685.648 152.5 0.19 0.00
1395 2686.031 327.7 0.27 0.01
1396 2686.577 571.2 0.40 0.02
1397 2688.324 634.9 0.40 0.00
1398 2688.980 307.2 0.28 0.01
1399 2690.236 341.3 0.37 0.00
1400 2691.492 245.8 0.36 0.00
1401 2691.765 154.7 0.36 0.01
1402 2692.065 223.0 0.40 0.01
1403 2693.048 198.0 0.37 0.00
1404 2693.294 150.2 0.20 0.00
1405 2694.359 279.9 0.38 0.01
1406 2695.178 330.0 0.36 -0.00
1407 2701.076 421.0 0.33 0.03
1408 2701.595 318.6 0.34 0.03
1409 2702.223 323.1 0.33 0.03
1410 2703.753 125.2 0.36 0.02
1411 2709.132 382.3 0.31 0.04
1412 2709.842 175.2 0.32 0.00
1413 2710.060 175.2 0.31 -0.00
1414 2710.716 382.3 0.31 0.00
1415 2711.480 471.0 0.29 0.01
1416 2717.242 475.6 0.40 -0.00
1417 2717.952 546.1 0.28 0.00
1418 2718.689 885.2 0.43 -0.00
1419 2720.191 409.6 0.41 -0.00
1420 2721.092 218.5 0.43 -0.00
1421 2730.131 236.7 0.37 0.00
1422 2730.540 168.4 0.36 0.01
1423 2735.920 225.3 0.38 0.00
1424 2738.077 546.1 0.33 0.02
1425 2738.760 291.3 0.36 0.00
1426 2739.033 236.7 0.37 0.00
1427 2740.043 409.6 0.38 -0.00
1428 2741.736 1135.5 0.34 -0.00
1429 2742.637 179.8 0.19 0.00
1430 2744.112 350.4 0.37 0.01
1431 2745.122 1194.7 0.38 -0.00
1432 2747.771 289.0 0.34 0.03
1433 2749.600 229.8 0.39 -0.00
1434 2751.867 464.2 0.38 -0.00
1435 2752.276 320.9 0.34 -0.00
1436 2752.905 195.7 0.37 0.00
1437 2753.178 264.0 0.37 0.00
1438 2753.669 578.0 0.29 0.00
1439 2754.461 414.2 0.30 -0.00
1440 2755.936 694.0 0.24 0.00
1441 2758.994 218.5 0.20 0.00
1442 2765.356 364.1 0.36 0.01
1443 2765.875 343.6 0.36 0.01
1444 2773.248 555.2 0.34 0.05
1445 2774.095 152.5 0.23 -0.01
1446 2774.313 163.8 0.23 -0.01
1447 2775.760 238.9 0.35 0.01
1448 2781.385 480.1 0.34 -0.00
1449 2781.686 238.9 0.34 0.00
1450 2790.287 705.4 0.30 0.00
1451 2790.806 359.5 0.35 0.00
1452 2792.663 343.6 0.34 0.00
1453 2793.073 186.6 0.35 0.01
1454 2793.591 514.3 0.34 0.02
1455 2796.868 273.1 0.36 0.01
1456 2797.141 250.3 0.36 0.00
1457 2800.364 450.6 0.36 0.00
1458 2803.777 179.8 0.35 0.01
1459 2807.163 425.5 0.37 0.00
1460 2808.009 487.0 0.37 -0.01
1461 2810.385 311.8 0.38 0.00
1462 2810.931 502.9 0.38 0.00
1463 2812.542 257.1 0.37 0.00
1464 2812.843 325.4 0.38 0.00
1465 2813.170 250.3 0.37 0.00
1466 2813.416 238.9 0.37 0.00
1467 2813.744 302.6 0.38 0.00
1468 2814.181 448.3 0.37 0.00
1469 2815.683 250.3 0.38 0.00
1470 2817.949 644.0 0.39 0.00
1471 2819.014 507.4 0.38 0.00
1472 2821.280 939.8 0.38 0.00
1473 2822.263 789.6 0.37 0.00
1474 2824.011 113.8 0.36 -0.00
1475 2829.363 364.1 0.35 0.01
1476 2830.292 218.5 0.33 0.01
1477 2830.537 159.3 0.34 0.01
1478 2830.756 200.2 0.33 0.00
1479 2832.176 266.2 0.33 0.01
1480 2833.050 163.8 0.33 -0.00
1481 2834.005 307.2 0.34 -0.00
1482 2835.808 238.9 0.35 -0.00
1483 2836.436 619.0 0.35 0.00
1484 2837.856 266.2 0.35 0.01
1485 2838.211 279.9 0.35 0.01
1486 2838.866 327.7 0.34 0.00
1487 2841.870 88.7 0.35 0.00
1488 2844.628 184.3 0.37 -0.00
1489 2846.348 359.5 0.38 0.00
1490 2848.041 425.5 0.38 0.00
1491 2848.642 487.0 0.32 0.00
1492 2850.635 518.8 0.37 0.00
1493 2850.990 314.0 0.38 0.00
1494 2853.011 300.4 0.40 -0.00
1495 2853.557 355.0 0.41 -0.00
1496 2854.595 323.1 0.42 0.00
1497 2854.950 275.3 0.42 0.00
1498 2855.496 380.0 0.45 0.01
1499 2855.987 273.1 0.38 -0.00
1500 2858.390 168.4 0.45 0.00
1501 2858.800 514.3 0.44 -0.00
1502 2859.783 88.7 0.37 -0.00
1503 2861.094 562.1 0.43 -0.00
1504 2867.948 218.5 0.42 0.01
1505 2869.695 257.1 0.42 -0.01
1506 2872.535 373.2 0.46 0.00
1507 2873.491 345.9 0.44 0.02
1508 2875.484 398.2 0.44 0.01
1509 2876.413 241.2 0.43 -0.00
1510 2877.259 193.4 0.43 -0.01
1511 2883.540 327.7 0.37 0.01
1512 2887.608 491.5 0.39 0.00
1513 2888.154 202.5 0.24 -0.00
1514 2891.131 298.1 0.41 0.00
1515 2894.298 168.4 0.52 0.00
1516 2896.374 332.2 0.37 0.00
1517 2897.357 377.7 0.38 0.00
1518 2898.995 589.4 0.25 0.00
1519 2900.279 282.2 0.37 -0.00
1520 2900.552 234.4 0.38 -0.00
1521 2901.234 512.0 0.35 0.00
1522 2902.163 100.1 0.37 0.00
1523 2906.150 691.8 0.35 0.00
1524 2906.996 425.5 0.32 0.00
1525 2907.378 316.3 0.31 -0.00
1526 2912.867 725.9 0.35 -0.00
1527 2915.461 200.2 0.32 -0.01
1528 2917.973 566.6 0.33 -0.00
1529 2920.950 339.1 0.33 0.00
1530 2927.367 209.4 0.39 0.00
1531 2936.951 163.8 0.38 -0.00
1532 2943.860 147.9 0.47 0.02
1533 2944.652 343.6 0.50 0.05
1534 2945.881 81.9 0.51 0.01
1535 2946.127 300.4 0.47 0.03
1536 2946.755 216.2 0.51 0.04
1537 2949.294 402.8 0.53 0.00
1538 2949.704 368.6 0.48 0.00
1539 2950.523 191.1 0.25 0.00
1540 2950.878 273.1 0.45 0.00
1541 2951.588 409.6 0.43 0.00
1542 2953.117 125.2 0.42 0.01
1543 2953.636 182.0 0.24 0.01
1544 2954.073 314.0 0.42 0.00
1545 2954.810 436.9 0.40 0.00
1546 2959.479 682.7 0.39 0.00
1547 2961.418 439.2 0.31 0.00
1548 2963.084 202.5 0.39 0.00
1549 2964.285 300.4 0.41 0.00
1550 2965.897 355.0 0.38 -0.00
1551 2966.743 830.6 0.43 -0.00
1552 2967.262 509.7 0.43 -0.00
1553 2967.562 218.5 0.42 -0.00
1554 2968.108 129.7 0.44 0.01
1555 2968.300 150.2 0.44 0.01
1556 2968.436 143.4 0.44 0.01
1557 2969.501 86.5 0.45 0.02
1558 2969.692 134.3 0.45 0.02
1559 2969.965 245.8 0.44 0.01
1560 2974.034 311.8 0.44 0.00
1561 2974.635 489.2 0.46 0.03
1562 2976.055 293.5 0.48 0.00
1563 2978.485 295.8 0.22 -0.00
1564 2981.161 573.4 0.40 -0.00
1565 2981.734 395.9 0.40 -0.00
1566 2982.089 266.2 0.40 -0.00
1567 2982.854 225.3 0.41 0.01
1568 2984.055 293.5 0.41 0.00
1569 2984.492 300.4 0.38 0.00
1570 2985.503 484.7 0.48 0.00
1571 2988.752 384.6 0.44 0.00
1572 2991.647 687.2 0.46 0.00
1573 2996.425 455.1 0.43 0.04
1574 2999.320 366.4 0.42 0.00
1575 3001.914 416.4 0.48 -0.00
1576 3004.836 457.4 0.37 0.00
1577 3008.003 571.2 0.40 0.06
1578 3008.686 421.0 0.46 0.06
1579 3013.792 300.4 0.40 -0.00
1580 3015.677 425.5 0.42 0.00
1581 3017.943 152.5 0.44 0.02
1582 3018.161 141.1 0.43 0.02
1583 3020.783 234.4 0.40 0.00
1584 3021.793 163.8 0.40 0.02
1585 3023.104 234.4 0.40 -0.01
1586 3025.343 186.6 0.40 -0.01
1587 3026.108 373.2 0.41 0.01
1588 3027.937 318.6 0.40 -0.01
1589 3029.139 175.2 0.41 -0.01
1590 3032.224 355.0 0.44 0.00
1591 3032.661 136.5 0.45 0.02
1592 3033.289 245.8 0.44 0.05
1593 3039.297 97.8 0.40 -0.01
1594 3039.488 97.8 0.41 -0.01
1595 3041.372 309.5 0.40 0.00
1596 3042.191 136.5 0.40 0.01
1597 3047.380 732.7 0.39 0.00
1598 3050.083 191.1 0.24 0.00
1599 3051.257 289.0 0.34 0.00
1600 3052.213 464.2 0.33 0.00
1601 3053.223 882.9 0.33 -0.00
1602 3054.179 798.7 0.32 -0.00
1603 3056.937 2539.5 0.34 0.00
1604 3061.716 1385.8 0.37 0.00
1605 3063.600 168.4 0.40 -0.00
1606 3063.927 277.6 0.40 -0.00
1607 3064.992 443.7 0.41 -0.00
1608 3067.477 245.8 0.38 0.00
1609 3067.996 464.2 0.38 0.00
1610 3069.198 498.3 0.36 -0.00
1611 3069.798 286.7 0.26 0.00
1612 3070.973 600.7 0.28 0.00
1613 3073.485 295.8 0.37 0.01
1614 3077.035 179.8 0.39 -0.00
1615 3078.973 97.8 0.40 -0.00
1616 3079.219 172.9 0.40 -0.00
1617 3080.230 125.2 0.41 0.00
1618 3080.421 172.9 0.42 0.00
1619 3081.677 355.0 0.42 0.00
1620 3081.895 211.6 0.42 0.00
1621 3086.892 273.1 0.39 -0.00
1622 3088.558 773.7 0.45 -0.00
1623 3090.060 191.1 0.42 0.01
1624 3093.255 518.8 0.42 -0.00
1625 3100.218 502.9 0.38 0.08
1626 3101.884 97.8 0.42 -0.01
1627 3102.867 393.7 0.37 0.00
1628 3106.854 250.3 0.37 0.01
1629 3107.891 580.3 0.42 0.00
1630 3108.956 491.5 0.42 0.00
1631 3112.178 395.9 0.34 0.00
1632 3112.752 571.2 0.38 0.03
1633 3115.155 475.6 0.33 0.00
1634 3115.537 659.9 0.39 0.00
1635 3116.465 113.8 0.40 0.00
1636 3116.629 113.8 0.39 0.00
1637 3116.848 143.4 0.40 0.01
1638 3120.316 172.9 0.38 0.02
1639 3121.572 225.3 0.48 -0.03
1640 3122.364 325.4 0.47 -0.01
1641 3124.739 343.6 0.38 0.00
1642 3131.511 675.8 0.36 -0.00
1643 3134.379 534.8 0.43 -0.00
1644 3135.744 580.3 0.25 -0.00
1645 3146.803 218.5 0.24 -0.00
1646 3147.131 355.0 0.23 -0.00
1647 3148.633 345.9 0.37 -0.00
1648 3149.343 104.7 0.37 0.00
1649 3150.763 81.9 0.37 0.01
1650 3152.237 109.2 0.37 0.01
1651 3152.401 77.4 0.38 0.00
1652 3154.777 691.8 0.40 0.00
1653 3159.883 195.7 0.36 0.01
1654 3160.402 468.8 0.42 0.01
1655 3163.460 202.5 0.42 -0.00
1656 3165.153 236.7 0.42 0.00
1657 3166.491 323.1 0.44 0.06
1658 3168.348 147.9 0.37 -0.01
1659 3170.997 464.2 0.41 0.04
1660 3172.745 302.6 0.45 0.04
1661 3176.322 152.5 0.39 0.01
1662 3178.943 452.8 0.45 0.07
1663 3184.077 266.2 0.44 -0.00
1664 3184.951 316.3 0.40 0.05
1665 3186.480 311.8 0.43 0.01
1666 3188.446 245.8 0.45 0.01
1667 3188.910 300.4 0.45 0.01
1668 3190.030 318.6 0.43 0.00
1669 3192.487 207.1 0.45 0.01
1670 3193.143 97.8 0.47 0.01
1671 3193.361 152.5 0.47 0.01
1672 3193.580 179.8 0.48 0.02
1673 3194.317 295.8 0.49 -0.00
1674 3194.808 213.9 0.24 -0.00
1675 3195.191 236.7 0.50 0.01
1676 3197.894 157.0 0.51 0.00
1677 3202.181 316.3 0.52 0.00
1678 3203.219 86.5 0.48 0.00
1679 3203.492 134.3 0.50 0.00
1680 3205.130 116.1 0.50 0.00
1681 3205.376 122.9 0.47 0.00
1682 3211.028 257.1 0.48 0.00
1683 3218.237 172.9 0.49 0.00
1684 3218.456 186.6 0.48 0.00
1685 3219.029 179.8 0.49 -0.00
1686 3219.685 191.1 0.43 0.00
1687 3222.770 500.6 0.50 0.00
1688 3223.071 104.7 0.52 0.01
1689 3227.631 141.1 0.49 0.00
1690 3227.795 147.9 0.49 0.01
1691 3228.041 136.5 0.51 0.01
1692 3228.832 186.6 0.29 0.00
1693 3229.242 355.0 0.24 0.00
1694 3233.338 159.3 0.48 0.02
1695 3233.802 136.5 0.48 0.00
1696 3233.993 163.8 0.47 0.02
1697 3234.567 211.6 0.48 0.00
1698 3234.976 496.1 0.49 -0.00
1699 3235.468 132.0 0.48 0.01
1700 3235.714 163.8 0.48 0.01
1701 3236.642 725.9 0.46 -0.00
1702 3238.444 359.5 0.43 -0.00
1703 3244.479 566.6 0.42 0.00
1704 3246.118 207.1 0.43 0.01
1705 3253.436 143.4 0.48 0.02
1706 3255.402 86.5 0.51 0.00
1707 3255.620 234.4 0.51 0.04
1708 3256.003 421.0 0.44 0.03
1709 3256.849 220.7 0.56 0.00
1710 3258.979 227.6 0.51 0.00
1711 3260.426 104.7 0.52 0.01
1712 3261.819 129.7 0.52 0.01
1713 3263.512 316.3 0.52 0.01
1714 3264.222 361.8 0.52 0.03
1715 3265.696 207.1 0.51 0.03
1716 3266.925 500.6 0.50 0.00
1717 3267.772 234.4 0.48 0.00
1718 3269.820 229.8 0.50 0.03
1719 3272.223 152.5 0.44 0.01
1720 3273.670 154.7 0.48 0.01
1721 3274.435 136.5 0.48 0.01
1722 3275.172 159.3 0.51 0.00
1723 3275.581 282.2 0.48 0.00
1724 3276.264 145.6 0.52 -0.00
1725 3276.564 311.8 0.53 0.00
1726 3278.640 227.6 0.50 0.01
1727 3278.913 241.2 0.51 -0.00
1728 3280.360 421.0 0.47 -0.00
1729 3281.097 223.0 0.46 0.01
1730 3281.971 125.2 0.46 0.00
1731 3282.217 172.9 0.47 0.00
1732 3284.729 191.1 0.46 -0.01
1733 3285.931 307.2 0.49 0.00
1734 3288.634 534.8 0.43 0.00
1735 3289.399 366.4 0.49 -0.00
1736 3289.945 211.6 0.50 0.00
1737 3290.627 293.5 0.36 0.00
1738 3294.368 550.7 0.49 -0.00
1739 3295.406 336.8 0.47 0.00
1740 3295.925 252.6 0.48 0.00
1741 3297.754 468.8 0.40 0.00
1742 3298.737 380.0 0.32 0.00
1743 3301.932 398.2 0.41 0.01
1744 3303.735 261.7 0.41 -0.01
1745 3307.066 491.5 0.39 -0.00
1746 3308.786 184.3 0.36 0.00
1747 3309.551 318.6 0.42 -0.00
1748 3313.401 136.5 0.31 0.02
1749 3314.002 1021.7 0.38 -0.00
1750 3314.657 257.1 0.32 -0.00
1751 3315.367 136.5 0.36 0.01
1752 3315.640 386.8 0.36 -0.00
1753 3316.432 380.0 0.34 0.00
1754 3317.006 154.7 0.32 0.01
1755 3320.064 284.4 0.40 0.04
1756 3320.938 580.3 0.29 0.02
1757 3321.620 480.1 0.30 0.00
1758 3322.740 355.0 0.30 0.00
1759 3324.679 603.0 0.32 -0.01
1760 3330.632 659.9 0.31 0.03
1761 3333.253 355.0 0.33 0.05
1762 3340.380 377.7 0.30 -0.00
1763 3344.067 311.8 0.33 0.00
1764 3345.568 523.4 0.29 0.00
1765 3346.115 318.6 0.31 0.00
1766 3347.480 307.2 0.47 0.00
1767 3348.026 498.3 0.35 0.00
1768 3349.937 593.9 0.32 0.00
1769 3353.351 471.0 0.28 0.05
1770 3354.825 163.8 0.45 -0.01
1771 3356.546 266.2 0.27 0.00
1772 3358.048 345.9 0.23 0.02
1773 3358.676 207.1 0.24 0.01
1774 3359.003 191.1 0.37 0.01
1775 3361.898 409.6 0.28 0.00
1776 3363.864 1162.8 0.29 0.00
1777 3367.168 368.6 0.32 -0.00
1778 3367.987 398.2 0.48 0.00
1779 3373.066 159.3 0.48 -0.00
1780 3374.623 168.4 0.47 0.01
1781 3375.770 327.7 0.47 0.00
1782 3376.316 250.3 0.47 0.01
1783 3377.108 245.8 0.46 -0.00
1784 3380.248 389.1 0.51 -0.00
1785 3382.924 229.8 0.47 0.01
1786 3384.180 644.0 0.50 -0.00
1787 3385.136 143.4 0.51 0.01
1788 3386.092 341.3 0.51 -0.00
1789 3386.610 245.8 0.49 -0.00
1790 3388.713 355.0 0.51 0.04
1791 3390.133 364.1 0.52 0.00
1792 3392.454 409.6 0.50 -0.00
1793 3392.864 409.6 0.51 -0.00
1794 3393.355 257.1 0.51 -0.00
1795 3394.038 157.0 0.50 0.01
1796 3394.884 227.6 0.49 0.01
1797 3398.571 216.2 0.36 0.00
1798 3398.953 350.4 0.52 -0.00
1799 3399.499 75.1 0.51 -0.00
1800 3399.991 348.2 0.52 -0.00
1801 3403.786 104.7 0.47 -0.01
1802 3404.059 229.8 0.49 -0.01
1803 3405.233 147.9 0.50 0.01
1804 3405.725 191.1 0.52 0.01
1805 3406.326 175.2 0.43 0.02
1806 3410.394 207.1 0.49 0.01
1807 3410.886 257.1 0.48 0.01
1808 3413.398 264.0 0.42 0.03
1809 3414.245 252.6 0.50 0.05
1810 3417.822 159.3 0.48 0.03
1811 3420.252 104.7 0.50 0.00
1812 3423.775 327.7 0.46 -0.01
1813 3427.652 147.9 0.51 0.01
1814 3428.499 113.8 0.38 0.00
1815 3436.636 778.2 0.41 0.00
1816 3437.510 475.6 0.45 0.00
1817 3438.220 277.6 0.41 -0.01
1818 3438.493 202.5 0.41 -0.01
1819 3440.951 525.7 0.40 -0.00
1820 3441.661 386.8 0.36 -0.00
1821 3442.097 443.7 0.44 0.00
1822 3444.582 753.2 0.45 -0.00
1823 3445.374 746.4 0.43 -0.00
1824 3447.177 603.0 0.40 0.00
1825 3449.470 163.8 0.40 -0.00
1826 3450.699 835.1 0.41 -0.00
1827 3452.392 238.9 0.40 0.01
1828 3453.211 300.4 0.41 0.00
1829 3453.594 113.8 0.39 0.01
1830 3453.785 127.4 0.40 0.00
1831 3455.095 366.4 0.40 -0.00
1832 3455.423 179.8 0.41 0.01
1833 3458.427 213.9 0.41 0.01
1834 3459.219 120.6 0.40 0.01
1835 3459.492 195.7 0.40 0.01
1836 3461.130 45.5 0.39 0.00
1837 3462.932 359.5 0.41 0.06
1838 3463.315 236.7 0.37 0.06
1839 3464.516 186.6 0.35 0.00
1840 3469.213 300.4 0.37 -0.00
1841 3470.797 238.9 0.43 -0.00
1842 3472.108 102.4 0.44 0.01
1843 3473.637 345.9 0.38 0.00
1844 3476.067 191.1 0.40 0.00
1845 3476.886 268.5 0.41 0.01
1846 3483.030 163.8 0.41 -0.02
1847 3485.269 359.5 0.42 0.00
1848 3487.891 125.2 0.40 0.00
1849 3489.884 152.5 0.40 0.01
1850 3490.649 364.1 0.41 0.00
1851 3491.359 234.4 0.43 0.00
1852 3492.943 218.5 0.40 0.01
1853 3493.352 198.0 0.40 0.01
1854 3494.035 682.7 0.38 0.00
1855 3494.554 416.4 0.23 0.00
1856 3496.165 787.3 0.44 -0.00
1857 3501.489 163.8 0.42 0.01
1858 3503.019 343.6 0.39 0.04
1859 3519.321 152.5 0.42 0.01
1860 3519.567 186.6 0.42 0.01
1861 3520.358 195.7 0.45 -0.01
1862 3520.604 216.2 0.45 -0.01
1863 3521.260 261.7 0.37 -0.01
1864 3522.106 302.6 0.31 -0.01
1865 3525.629 628.1 0.38 -0.00
1866 3532.373 632.6 0.35 0.01
1867 3532.865 450.6 0.48 -0.00
1868 3535.514 659.9 0.47 -0.00
1869 3536.852 104.7 0.43 0.00
1870 3538.190 398.2 0.49 0.00
1871 3539.910 202.5 0.35 -0.00
1872 3540.620 116.1 0.34 -0.01
1873 3541.794 327.7 0.46 0.00
1874 3542.313 464.2 0.35 0.00
1875 3542.804 375.5 0.37 -0.00
1876 3544.443 407.3 0.52 0.00
1877 3544.962 364.1 0.33 0.00
1878 3546.600 339.1 0.32 0.00
1879 3547.747 273.1 0.36 -0.00
1880 3548.402 491.5 0.36 -0.00
1881 3554.437 905.7 0.30 -0.00
1882 3556.567 250.3 0.29 -0.01
1883 3573.879 530.2 0.44 0.07
1884 3574.835 261.7 0.46 0.05
1885 3576.938 295.8 0.46 0.05
1886 3581.034 159.3 0.46 0.01
1887 3584.911 257.1 0.43 0.07
1888 3586.058 366.4 0.44 0.07
1889 3590.127 227.6 0.43 0.02
1890 3596.025 343.6 0.45 0.00
1891 3597.554 207.1 0.45 -0.00
1892 3597.827 145.6 0.45 -0.00
1893 3601.623 994.4 0.30 0.00
1894 3603.835 327.7 0.35 -0.00
1895 3604.299 355.0 0.29 -0.00
1896 3604.709 384.6 0.46 -0.00
1897 3605.337 514.3 0.44 0.00
1898 3606.047 409.6 0.35 -0.00
1899 3606.484 452.8 0.43 -0.00
1900 3610.252 760.0 0.29 -0.00
1901 3613.201 436.9 0.44 -0.00
1902 3616.642 550.7 0.44 -0.00
1903 3621.885 229.8 0.46 -0.00
1904 3622.267 355.0 0.44 0.06
1905 3624.506 475.6 0.35 -0.00
1906 3625.216 584.8 0.25 -0.00
1907 3632.452 191.1 0.38 0.00
1908 3634.664 125.2 0.33 -0.00
1909 3634.937 193.4 0.33 -0.00
1910 3635.401 191.1 0.33 -0.02
1911 3636.002 113.8 0.35 0.02
1912 3636.139 125.2 0.35 -0.00
1913 3641.382 764.6 0.40 0.06
1914 3644.686 97.8 0.43 0.02
1915 3645.532 132.0 0.41 0.00
1916 3646.870 425.5 0.43 0.00
1917 3658.284 291.3 0.40 0.00
1918 3661.124 327.7 0.39 -0.06
1919 3664.210 250.3 0.46 -0.09
1920 3664.893 213.9 0.43 -0.11
1921 3666.149 141.1 0.44 0.00
1922 3672.402 268.5 0.48 -0.00
1923 3672.866 423.3 0.43 -0.00
1924 3673.822 373.2 0.39 0.00
1925 3674.231 264.0 0.39 0.00
1926 3674.614 446.0 0.36 0.00
1927 3676.443 616.7 0.41 0.00
1928 3678.300 193.4 0.36 -0.00
1929 3680.239 238.9 0.30 0.00
1930 3681.686 102.4 0.48 0.01
1931 3687.448 393.7 0.31 -0.00
1932 3692.472 357.3 0.47 0.00
1933 3697.688 227.6 0.33 -0.00
1934 3697.906 159.3 0.33 -0.00
1935 3698.207 248.0 0.48 -0.01
1936 3699.299 163.8 0.24 0.00
1937 3702.849 273.1 0.29 -0.00
1938 3711.997 241.2 0.40 0.00
1939 3712.898 421.0 0.35 -0.00
1940 3714.645 409.6 0.43 -0.05
1941 3715.028 188.9 0.37 -0.01
1942 3717.349 364.1 0.31 -0.06
1943 3721.226 507.4 0.43 -0.00
1944 3723.192 273.1 0.43 -0.01
1945 3723.438 136.5 0.44 -0.01
1946 3723.930 414.2 0.44 -0.02
1947 3730.046 273.1 0.46 0.03
1948 3736.600 191.1 0.45 -0.05
1949 3738.020 191.1 0.46 -0.04
1950 3741.379 136.5 0.41 -0.03
1951 3744.655 452.8 0.49 -0.06
1952 3746.239 245.8 0.47 -0.04
1953 3752.902 209.4 0.43 -0.01
1954 3753.148 147.9 0.45 -0.01
1955 3754.622 386.8 0.43 -0.10
1956 3757.489 323.1 0.45 -0.02
1957 3761.640 355.0 0.40 0.00
1958 3762.869 414.2 0.36 -0.00
1959 3764.507 776.0 0.32 -0.00
1960 3769.368 234.4 0.40 0.00
1961 3769.641 159.3 0.40 0.00
1962 3771.498 152.5 0.24 0.00
1963 3774.065 464.2 0.33 -0.00
1964 3775.239 250.3 0.25 -0.01
1965 3775.567 318.6 0.24 -0.01
1966 3776.167 521.1 0.33 -0.00
1967 3776.686 421.0 0.34 -0.00
1968 3788.209 320.9 0.28 -0.05
1969 3794.572 475.6 0.25 0.03
1970 3798.340 93.3 0.34 0.00
1971 3799.105 382.3 0.26 0.05
1972 3800.825 327.7 0.30 -0.02
1973 3812.021 491.5 0.30 0.04
1974 3814.560 496.1 0.28 0.06
1975 3821.769 382.3 0.22 0.04
1976 3828.514 539.3 0.30 0.05
1977 3829.115 498.3 0.41 0.05
1978 3831.818 234.4 0.21 -0.00
1979 3832.610 534.8 0.42 -0.00
1980 3834.030 202.5 0.41 0.00
1981 3835.341 819.2 0.33 -0.00
1982 3836.242 270.8 0.41 -0.00
1983 3837.716 507.4 0.34 0.00
1984 3846.318 680.4 0.37 -0.00
1985 3847.492 971.7 0.35 0.00
1986 3848.257 712.2 0.37 0.00
1987 3851.424 1158.3 0.32 -0.00
1988 3852.271 837.4 0.38 -0.00
1989 3856.640 1210.6 0.33 -0.04
1990 3857.623 227.6 0.37 0.00
1991 3859.371 175.2 0.32 -0.01
1992 3860.873 514.3 0.32 -0.00
1993 3865.460 241.2 0.32 -0.00
1994 3867.317 523.4 0.37 0.03
1995 3876.710 464.2 0.28 0.00
1996 3877.912 157.0 0.48 0.01
1997 3878.158 186.6 0.48 0.01
1998 3880.806 220.7 0.27 0.01
1999 3881.134 264.0 0.43 0.00
2000 3882.472 300.4 0.41 0.00
