1 4.980 97.8 0.54 0.03
2 6.018 234.4 0.52 0.04
3 7.629 88.7 0.52 0.03
4 11.233 261.7 0.54 0.03
5 12.681 257.1 0.53 0.00
6 14.264 211.6 0.53 0.00
7 18.087 311.8 0.53 -0.00
8 18.470 218.5 0.52 -0.00
9 19.562 409.6 0.52 -0.01
10 23.767 175.2 0.55 -0.00
11 24.395 284.4 0.54 -0.01
12 25.351 147.9 0.54 -0.02
13 26.552 207.1 0.54 -0.00
14 26.825 241.2 0.54 -0.00
15 35.782 207.1 0.55 0.01
16 36.055 172.9 0.54 0.01
17 37.885 113.8 0.55 0.02
18 47.633 152.5 0.53 0.02
19 48.179 343.6 0.54 -0.00
20 51.347 218.5 0.53 -0.01
21 53.531 229.8 0.53 -0.00
22 54.569 175.2 0.52 0.01
23 57.054 300.4 0.54 0.03
24 59.648 234.4 0.52 0.03
25 61.068 245.8 0.53 0.04
26 62.188 327.7 0.52 0.03
27 63.471 207.1 0.52 0.01
28 64.700 202.5 0.53 0.03
29 66.775 132.0 0.53 0.02
30 67.977 268.5 0.52 0.01
31 70.079 184.3 0.53 0.01
32 75.486 170.7 0.51 0.02
33 77.807 186.6 0.51 0.03
34 78.845 179.8 0.54 0.02
35 79.445 218.5 0.51 0.03
36 82.422 145.6 0.53 0.03
37 82.886 191.1 0.53 0.02
38 84.934 245.8 0.53 0.02
39 90.313 327.7 0.51 -0.00
40 90.832 393.7 0.52 0.00
41 93.536 350.4 0.51 0.02
42 95.884 202.5 0.51 0.03
43 100.881 202.5 0.56 0.04
44 108.308 245.8 0.54 0.03
45 109.483 116.1 0.54 0.03
46 110.220 261.7 0.54 0.01
47 111.176 316.3 0.55 0.04
48 112.432 207.1 0.53 0.04
49 113.114 175.2 0.54 0.05
50 114.097 370.9 0.54 0.06
51 115.108 218.5 0.55 0.05
52 119.286 225.3 0.55 0.01
53 125.621 229.8 0.56 0.01
54 131.983 261.7 0.54 0.02
55 132.256 182.0 0.56 0.01
56 132.857 241.2 0.55 0.01
57 134.632 213.9 0.56 0.01
58 139.602 307.2 0.56 0.02
59 146.046 168.4 0.55 0.02
60 147.275 163.8 0.55 0.02
61 147.521 198.0 0.55 0.02
62 149.815 159.3 0.56 0.02
63 150.224 136.5 0.57 0.01
64 150.825 159.3 0.56 0.01
65 152.764 147.9 0.57 0.01
66 153.255 120.6 0.57 0.01
67 154.375 223.0 0.57 0.02
68 155.412 284.4 0.57 0.01
69 157.160 147.9 0.54 0.01
70 159.372 464.2 0.57 -0.01
71 162.676 316.3 0.57 -0.01
72 163.140 254.9 0.57 -0.01
73 163.577 213.9 0.56 -0.01
74 164.096 136.5 0.55 -0.01
75 164.396 170.7 0.55 -0.01
76 168.711 202.5 0.57 -0.01
77 169.530 202.5 0.56 -0.01
78 171.578 252.6 0.55 -0.00
79 175.428 300.4 0.56 0.00
80 176.985 195.7 0.55 -0.00
81 177.258 195.7 0.57 -0.00
82 180.890 252.6 0.56 0.01
83 181.845 179.8 0.55 0.00
84 185.887 229.8 0.56 -0.00
85 191.921 125.2 0.57 0.01
86 192.222 136.5 0.59 0.01
87 194.270 168.4 0.56 0.02
88 194.843 195.7 0.61 -0.00
89 200.387 273.1 0.58 -0.01
90 204.646 152.5 0.57 -0.01
91 205.493 257.1 0.55 -0.02
92 208.087 218.5 0.58 -0.01
93 209.289 104.7 0.58 -0.01
94 212.784 245.8 0.56 -0.01
95 213.466 191.1 0.56 0.00
96 214.449 163.8 0.56 0.01
97 217.590 311.8 0.57 -0.00
98 220.375 136.5 0.55 0.01
99 223.788 273.1 0.56 0.02
100 225.727 213.9 0.59 0.01
101 228.212 141.1 0.58 0.01
102 229.687 163.8 0.60 0.02
103 230.915 163.8 0.60 0.01
104 231.735 355.0 0.61 0.02
105 232.335 91.0 0.61 0.02
106 234.684 229.8 0.62 0.01
107 235.667 163.8 0.59 0.02
108 236.104 198.0 0.61 0.02
109 236.349 188.9 0.62 0.02
110 241.319 175.2 0.57 0.02
111 245.825 213.9 0.55 0.01
112 247.190 163.8 0.57 0.01
113 249.102 234.4 0.56 0.00
114 250.522 143.4 0.54 -0.01
115 255.109 261.7 0.52 0.02
116 258.850 234.4 0.53 0.01
117 260.734 186.6 0.56 0.02
118 261.635 343.6 0.51 0.02
119 262.973 218.5 0.54 0.01
120 263.247 175.2 0.50 0.01
121 263.465 97.8 0.50 0.00
122 263.629 120.6 0.51 0.01
123 266.878 268.5 0.52 0.00
124 268.653 261.7 0.54 0.00
125 270.374 141.1 0.54 0.02
126 273.022 120.6 0.55 0.02
127 275.835 191.1 0.56 -0.01
128 277.364 163.8 0.57 -0.03
129 278.101 223.0 0.56 -0.02
130 281.733 327.7 0.57 -0.02
131 282.662 125.2 0.59 0.00
132 283.781 277.6 0.56 0.00
133 284.655 343.6 0.58 0.01
134 285.583 257.1 0.58 -0.00
135 287.358 307.2 0.59 -0.00
136 291.263 88.7 0.55 -0.02
137 291.645 175.2 0.57 -0.02
138 292.547 327.7 0.57 -0.01
139 301.285 257.1 0.55 0.02
140 302.077 120.6 0.55 0.01
141 302.459 195.7 0.55 0.01
142 305.654 141.1 0.54 0.02
143 307.511 202.5 0.54 0.02
144 307.948 152.5 0.55 0.01
145 308.139 136.5 0.55 0.02
146 308.548 218.5 0.55 0.01
147 310.651 179.8 0.55 -0.00
148 312.125 100.1 0.57 0.00
149 313.300 191.1 0.56 -0.00
150 313.573 289.0 0.57 -0.01
151 314.064 245.8 0.56 -0.01
152 316.167 229.8 0.55 -0.02
153 320.727 339.1 0.54 -0.00
154 323.977 229.8 0.53 -0.00
155 324.823 159.3 0.54 0.01
156 325.751 254.9 0.55 0.02
157 326.598 279.9 0.56 0.04
158 328.482 147.9 0.52 0.02
159 329.684 257.1 0.58 -0.01
160 330.039 257.1 0.54 0.01
161 330.749 257.1 0.59 0.01
162 333.124 261.7 0.59 0.01
163 335.172 300.4 0.58 0.00
164 337.630 91.0 0.58 0.00
165 338.367 236.7 0.59 0.00
166 340.879 186.6 0.58 0.01
167 342.190 152.5 0.58 0.00
168 346.259 175.2 0.59 -0.01
169 346.832 316.3 0.57 -0.01
170 347.515 179.8 0.58 -0.01
171 348.225 339.1 0.60 -0.01
172 351.420 268.5 0.59 -0.01
173 353.495 327.7 0.59 -0.00
174 354.560 198.0 0.54 -0.02
175 363.926 350.4 0.58 0.01
176 366.630 168.4 0.58 0.00
177 367.012 202.5 0.56 0.00
178 367.858 163.8 0.57 -0.00
179 371.845 218.5 0.56 0.01
180 372.091 218.5 0.56 0.00
181 376.706 198.0 0.55 0.01
182 377.115 218.5 0.56 0.01
183 378.481 382.3 0.55 0.02
184 379.027 195.7 0.56 0.02
185 379.218 202.5 0.56 0.02
186 382.304 480.1 0.55 0.05
187 383.942 191.1 0.57 0.03
188 384.707 207.1 0.55 0.05
189 389.185 159.3 0.58 0.03
190 396.476 125.2 0.56 0.02
191 397.650 236.7 0.56 0.03
192 399.343 163.8 0.56 0.03
193 406.115 229.8 0.56 0.04
194 408.354 229.8 0.54 0.04
195 413.078 202.5 0.57 0.02
196 414.116 125.2 0.57 0.03
197 418.403 202.5 0.56 0.03
198 421.052 141.1 0.56 0.01
199 422.171 273.1 0.57 0.03
200 422.799 323.1 0.58 0.02
201 429.025 195.7 0.58 -0.00
202 432.357 257.1 0.57 0.02
203 432.903 327.7 0.56 0.03
204 438.555 218.5 0.55 0.03
205 445.437 218.5 0.56 0.01
206 447.239 120.6 0.55 0.02
207 447.403 175.2 0.55 0.02
208 448.276 245.8 0.55 0.03
209 450.024 284.4 0.55 0.04
210 450.543 120.6 0.56 0.02
211 451.034 120.6 0.56 0.02
212 452.099 218.5 0.57 0.04
213 452.700 277.6 0.55 0.05
214 458.353 93.3 0.56 0.02
215 458.653 100.1 0.55 0.02
216 459.663 186.6 0.55 0.05
217 462.558 289.0 0.55 0.04
218 463.295 229.8 0.56 0.04
219 464.415 370.9 0.54 0.05
220 467.091 245.8 0.52 0.03
221 475.010 405.0 0.57 0.01
222 480.963 343.6 0.57 0.01
223 482.055 147.9 0.58 0.01
224 486.479 207.1 0.58 0.01
225 487.352 152.5 0.55 0.02
226 490.192 245.8 0.54 0.03
227 492.814 179.8 0.54 0.04
228 494.042 132.0 0.54 0.04
229 494.343 289.0 0.53 0.05
230 495.462 109.2 0.53 0.03
231 496.609 191.1 0.53 0.04
232 498.084 257.1 0.53 0.04
233 499.285 350.4 0.53 0.04
234 500.350 91.0 0.56 0.04
235 502.562 293.5 0.55 0.04
236 504.747 141.1 0.55 0.04
237 506.849 273.1 0.54 0.04
238 509.471 223.0 0.55 0.01
239 513.021 229.8 0.57 0.02
240 518.782 284.4 0.58 0.02
241 519.956 218.5 0.58 0.02
242 521.021 159.3 0.57 0.02
243 522.687 311.8 0.58 0.02
244 524.271 125.2 0.57 0.03
245 527.193 218.5 0.57 0.03
246 528.012 218.5 0.57 0.02
247 528.858 191.1 0.56 0.03
248 529.487 186.6 0.57 0.02
249 530.251 273.1 0.55 0.03
250 530.961 186.6 0.57 0.03
251 533.610 229.8 0.57 0.02
252 543.167 191.1 0.58 0.02
253 545.324 202.5 0.56 0.01
254 545.761 223.0 0.57 0.01
255 546.662 152.5 0.57 0.01
256 546.854 166.1 0.56 0.01
257 548.383 157.0 0.55 0.01
258 549.120 213.9 0.54 0.02
259 549.502 220.7 0.54 0.02
260 557.066 97.8 0.55 0.03
261 557.831 113.8 0.55 0.02
262 562.418 91.0 0.56 0.03
263 562.691 91.0 0.55 0.03
264 562.964 111.5 0.56 0.03
265 563.866 261.7 0.56 0.02
266 564.494 147.9 0.55 0.02
267 565.641 147.9 0.55 0.02
268 568.508 277.6 0.56 0.04
269 570.938 152.5 0.58 0.03
270 571.511 234.4 0.56 0.03
271 572.140 284.4 0.58 0.03
272 574.952 136.5 0.57 0.03
273 576.481 159.3 0.57 0.02
274 583.526 229.8 0.55 0.00
275 585.329 300.4 0.55 0.01
276 587.431 184.3 0.54 0.01
277 592.947 163.8 0.55 0.01
278 597.207 202.5 0.55 0.01
279 597.972 154.7 0.55 0.01
280 598.190 59.2 0.55 0.01
281 598.654 252.6 0.54 0.02
282 604.143 147.9 0.56 0.05
283 605.017 104.7 0.57 0.05
284 605.208 141.1 0.58 0.03
285 605.754 132.0 0.56 0.02
286 609.222 234.4 0.56 0.02
287 611.325 132.0 0.55 0.03
288 611.816 229.8 0.55 0.03
289 612.881 175.2 0.54 0.02
290 616.786 132.0 0.56 0.01
291 620.336 120.6 0.56 0.04
292 621.401 141.1 0.55 0.03
293 622.056 195.7 0.56 0.04
294 622.302 234.4 0.55 0.03
295 622.739 334.5 0.56 0.03
296 625.333 175.2 0.55 0.02
297 629.402 273.1 0.57 0.04
298 633.689 163.8 0.55 -0.00
299 634.044 191.1 0.57 -0.01
300 640.379 186.6 0.56 0.00
301 648.789 143.4 0.54 -0.00
302 650.646 113.8 0.52 -0.00
303 653.404 261.7 0.53 0.00
304 659.111 175.2 0.53 0.00
305 660.777 120.6 0.55 0.00
306 661.323 132.0 0.54 -0.01
307 662.470 116.1 0.53 -0.02
308 663.344 225.3 0.55 -0.02
309 666.866 218.5 0.54 -0.01
310 671.590 234.4 0.55 -0.00
311 677.543 238.9 0.54 -0.00
312 679.100 141.1 0.54 0.01
313 680.356 125.2 0.53 0.02
314 680.765 170.7 0.54 0.02
315 684.179 59.2 0.54 0.01
316 684.889 191.1 0.53 0.02
317 685.954 211.6 0.54 0.03
318 691.087 202.5 0.54 0.03
319 691.633 207.1 0.54 0.03
320 692.152 202.5 0.53 0.02
321 692.562 264.0 0.53 0.02
322 696.521 132.0 0.53 0.02
323 697.177 366.4 0.52 0.03
324 700.071 229.8 0.52 0.05
325 702.966 277.6 0.52 0.04
326 704.113 436.9 0.52 0.05
327 706.898 125.2 0.51 0.04
328 710.393 229.8 0.51 0.02
329 713.069 300.4 0.52 0.01
330 715.035 202.5 0.52 0.02
331 720.715 218.5 0.54 0.02
332 722.353 202.5 0.54 0.01
333 725.903 218.5 0.53 0.01
334 727.569 213.9 0.52 0.00
335 727.924 332.2 0.53 0.01
336 729.562 311.8 0.53 0.00
337 730.163 348.2 0.54 0.00
338 730.545 284.4 0.53 0.01
339 732.703 421.0 0.55 -0.01
340 734.123 179.8 0.56 -0.02
341 737.372 261.7 0.57 -0.02
342 744.308 370.9 0.55 0.01
343 745.974 141.1 0.53 0.02
344 746.738 311.8 0.55 0.02
345 748.704 316.3 0.54 0.03
346 753.237 132.0 0.55 0.01
347 754.767 213.9 0.54 0.01
348 756.924 261.7 0.54 0.02
349 759.436 152.5 0.57 0.01
350 761.539 339.1 0.56 0.00
351 767.246 245.8 0.55 0.03
352 769.239 132.0 0.58 0.03
353 773.963 245.8 0.56 0.03
354 776.530 179.8 0.56 0.05
355 780.599 175.2 0.56 0.04
356 781.227 182.0 0.57 0.04
357 782.920 163.8 0.58 0.01
358 783.903 159.3 0.57 0.02
359 786.224 257.1 0.59 0.01
360 786.825 202.5 0.57 0.01
361 790.183 289.0 0.57 0.01
362 792.504 268.5 0.58 0.00
363 795.453 175.2 0.57 -0.01
364 795.754 207.1 0.58 -0.00
365 796.737 268.5 0.58 0.01
366 798.293 289.0 0.59 0.01
367 801.871 316.3 0.58 0.03
368 803.318 402.8 0.58 0.03
369 804.820 195.7 0.57 0.01
370 805.338 366.4 0.58 0.02
371 805.994 59.2 0.57 0.01
372 808.779 218.5 0.57 0.02
373 809.134 191.1 0.57 0.01
374 809.434 147.9 0.58 -0.00
375 811.564 339.1 0.56 0.02
376 815.032 245.8 0.57 0.04
377 819.101 273.1 0.56 0.01
378 821.586 175.2 0.58 0.00
379 823.716 207.1 0.57 0.01
380 824.289 316.3 0.59 0.00
381 824.644 273.1 0.58 0.02
382 825.955 170.7 0.59 -0.00
383 831.689 300.4 0.57 0.03
384 833.492 245.8 0.58 0.03
385 834.748 132.0 0.57 0.02
386 835.075 179.8 0.59 0.02
387 835.922 191.1 0.58 0.02
388 837.697 195.7 0.58 0.01
389 839.772 218.5 0.57 0.01
390 843.377 257.1 0.56 0.00
391 843.704 202.5 0.56 0.00
392 844.687 154.7 0.55 0.02
393 845.206 277.6 0.55 0.01
394 849.111 218.5 0.54 0.00
395 852.033 409.6 0.53 -0.01
396 853.589 141.1 0.54 -0.00
397 854.245 250.3 0.55 0.02
398 856.839 207.1 0.54 0.03
399 859.979 141.1 0.57 0.05
400 862.682 421.0 0.54 0.04
401 863.174 147.9 0.54 0.04
402 863.584 179.8 0.54 0.04
403 864.457 218.5 0.54 0.04
404 869.045 125.2 0.51 0.01
405 871.994 250.3 0.52 0.00
406 873.387 120.6 0.55 -0.00
407 874.315 234.4 0.55 -0.00
408 875.817 143.4 0.54 -0.01
409 876.281 295.8 0.56 -0.01
410 877.210 250.3 0.55 -0.03
411 882.234 234.4 0.54 0.02
412 884.364 77.4 0.55 0.04
413 884.582 70.5 0.55 0.02
414 892.201 168.4 0.57 0.00
415 892.938 136.5 0.57 0.01
416 893.894 277.6 0.55 0.03
417 894.822 163.8 0.56 0.00
418 895.123 257.1 0.54 0.01
419 895.669 175.2 0.54 0.01
420 897.471 170.7 0.58 -0.00
421 898.181 168.4 0.57 -0.00
422 901.130 191.1 0.59 -0.00
423 901.895 198.0 0.58 -0.01
424 907.711 132.0 0.57 -0.01
425 910.114 147.9 0.58 -0.02
426 911.616 202.5 0.58 -0.02
427 912.736 191.1 0.59 -0.01
428 916.122 257.1 0.59 0.00
429 919.289 177.5 0.57 0.01
430 924.532 168.4 0.58 0.01
431 924.751 154.7 0.56 0.01
432 927.235 191.1 0.56 0.01
433 928.655 261.7 0.57 0.02
434 929.038 186.6 0.58 0.02
435 930.430 159.3 0.57 0.00
436 936.165 289.0 0.57 0.01
437 937.557 273.1 0.58 0.01
438 938.076 334.5 0.59 0.02
439 942.199 368.6 0.58 0.02
440 945.968 245.8 0.58 0.01
441 947.005 304.9 0.58 0.01
442 947.360 125.2 0.57 0.00
443 951.757 113.8 0.58 0.00
444 953.231 191.1 0.57 0.01
445 956.180 195.7 0.57 -0.01
446 960.986 191.1 0.60 -0.01
447 962.461 179.8 0.58 -0.00
448 963.362 227.6 0.57 -0.00
449 964.345 213.9 0.60 0.00
450 964.591 163.8 0.58 0.01
451 965.110 195.7 0.58 0.01
452 966.584 257.1 0.60 0.00
453 968.632 141.1 0.60 0.01
454 972.209 141.1 0.60 0.01
455 977.917 304.9 0.59 0.02
456 979.855 147.9 0.60 0.02
457 981.111 257.1 0.59 0.02
458 981.548 236.7 0.59 0.02
459 982.804 109.2 0.59 0.02
460 988.703 191.1 0.60 0.02
461 989.577 147.9 0.58 0.01
462 991.625 279.9 0.57 0.00
463 994.219 163.8 0.57 0.00
464 1004.841 182.0 0.56 -0.01
465 1005.414 116.1 0.57 -0.01
466 1005.906 159.3 0.58 -0.00
467 1006.780 289.0 0.58 0.01
468 1008.555 245.8 0.56 0.01
469 1009.155 147.9 0.57 0.01
470 1012.405 261.7 0.57 0.03
471 1016.419 157.0 0.57 0.03
472 1016.637 170.7 0.58 0.03
473 1018.549 234.4 0.55 0.02
474 1018.877 248.0 0.55 0.02
475 1019.778 273.1 0.57 0.02
476 1022.973 170.7 0.58 0.02
477 1028.789 289.0 0.56 0.02
478 1029.444 229.8 0.56 0.03
479 1029.936 223.0 0.56 0.01
480 1030.946 97.8 0.56 0.03
481 1032.994 307.2 0.56 0.00
482 1046.948 284.4 0.58 -0.01
483 1047.658 136.5 0.57 -0.01
484 1052.355 257.1 0.57 -0.01
485 1052.928 129.7 0.57 -0.03
486 1053.529 277.6 0.57 -0.02
487 1054.157 163.8 0.57 -0.02
488 1054.867 141.1 0.57 -0.02
489 1058.171 175.2 0.57 -0.03
490 1062.540 213.9 0.56 -0.01
491 1067.264 136.5 0.54 0.02
492 1068.684 409.6 0.54 0.04
493 1070.104 202.5 0.53 0.02
494 1075.511 289.0 0.54 0.05
495 1081.709 191.1 0.56 0.04
496 1085.942 291.3 0.53 0.04
497 1093.970 245.8 0.52 0.00
498 1095.390 245.8 0.53 0.01
499 1097.656 116.1 0.52 0.01
500 1098.312 186.6 0.52 0.01
501 1100.687 136.5 0.53 0.03
502 1102.599 159.3 0.55 0.02
503 1103.473 136.5 0.54 0.03
504 1104.210 382.3 0.55 0.02
505 1105.166 152.5 0.52 0.03
506 1106.258 179.8 0.53 0.01
507 1107.978 382.3 0.53 0.01
508 1109.562 350.4 0.54 0.00
509 1110.518 175.2 0.55 0.02
510 1111.255 218.5 0.55 0.00
511 1114.395 125.2 0.53 0.02
512 1116.116 129.7 0.52 0.02
513 1117.290 213.9 0.52 0.02
514 1117.699 207.1 0.52 0.03
515 1118.191 132.0 0.52 0.03
516 1118.764 257.1 0.53 0.04
517 1120.867 207.1 0.52 0.04
518 1121.413 132.0 0.52 0.03
519 1125.045 182.0 0.53 0.00
520 1126.055 159.3 0.53 0.02
521 1127.038 343.6 0.55 0.02
522 1129.168 191.1 0.54 0.02
523 1129.578 198.0 0.56 0.03
524 1129.933 175.2 0.56 0.04
525 1130.998 120.6 0.55 0.04
526 1138.425 175.2 0.56 0.03
527 1139.927 405.0 0.55 0.05
528 1140.774 207.1 0.56 0.05
529 1141.702 109.2 0.57 0.04
530 1143.887 104.7 0.56 0.02
531 1144.132 159.3 0.56 0.02
532 1148.174 316.3 0.56 0.02
533 1149.430 234.4 0.55 0.00
534 1151.095 125.2 0.53 0.01
535 1151.314 198.0 0.54 0.01
536 1155.383 113.8 0.54 0.01
537 1156.693 295.8 0.55 0.01
538 1158.632 179.8 0.54 0.00
539 1164.421 275.3 0.54 0.02
540 1164.831 104.7 0.54 0.02
541 1165.786 273.1 0.52 0.01
542 1167.534 195.7 0.52 0.01
543 1170.210 409.6 0.51 0.01
544 1173.050 229.8 0.52 0.03
545 1174.060 459.7 0.52 0.03
546 1180.641 163.8 0.54 0.00
547 1181.979 300.4 0.55 -0.00
548 1182.389 232.1 0.55 -0.00
549 1183.536 323.1 0.55 0.01
550 1186.266 223.0 0.54 0.00
551 1187.905 218.5 0.56 0.01
552 1188.260 355.0 0.56 0.01
553 1190.062 452.8 0.55 0.02
554 1190.991 113.8 0.56 0.01
555 1193.093 202.5 0.57 0.02
556 1194.704 370.9 0.58 0.03
557 1195.605 159.3 0.58 0.02
558 1196.343 125.2 0.58 0.01
559 1199.019 202.5 0.58 0.01
560 1204.698 229.8 0.60 0.01
561 1205.026 186.6 0.59 0.00
562 1206.555 223.0 0.59 0.02
563 1210.296 343.6 0.59 0.02
564 1211.252 523.4 0.61 0.02
565 1211.962 154.7 0.59 0.02
566 1212.180 175.2 0.58 0.02
567 1212.836 218.5 0.58 0.02
568 1215.075 186.6 0.59 0.02
569 1216.495 366.4 0.60 0.02
570 1217.150 120.6 0.59 0.01
571 1219.198 175.2 0.59 0.02
572 1222.857 168.4 0.59 -0.01
573 1224.769 304.9 0.58 0.01
574 1230.257 120.6 0.59 0.01
575 1230.831 241.2 0.59 0.01
576 1237.548 241.2 0.60 -0.00
577 1238.531 245.8 0.59 0.00
578 1240.743 207.1 0.59 0.03
579 1242.464 147.9 0.58 0.02
580 1242.764 95.6 0.61 0.01
581 1244.184 430.1 0.61 0.02
582 1244.867 147.9 0.60 0.01
583 1245.686 179.8 0.60 0.02
584 1251.338 268.5 0.59 0.00
585 1252.567 250.3 0.60 -0.01
586 1252.922 209.4 0.57 -0.01
587 1258.274 97.8 0.59 0.02
588 1258.902 136.5 0.59 0.01
589 1260.814 382.3 0.57 0.02
590 1261.141 289.0 0.58 0.02
591 1261.769 234.4 0.58 0.02
592 1263.927 120.6 0.60 -0.00
593 1264.609 168.4 0.58 -0.00
594 1265.592 163.8 0.57 0.01
595 1267.968 168.4 0.57 0.00
596 1268.787 229.8 0.56 -0.00
597 1269.852 136.5 0.56 0.01
598 1271.627 163.8 0.55 0.02
599 1273.921 191.1 0.57 0.03
600 1275.040 88.7 0.56 0.02
601 1275.505 218.5 0.57 0.01
602 1277.416 141.1 0.58 0.01
603 1277.935 225.3 0.58 0.00
604 1278.454 207.1 0.57 0.00
605 1279.956 295.8 0.58 0.00
606 1280.229 220.7 0.58 0.00
607 1280.502 172.9 0.58 0.00
608 1284.243 295.8 0.59 0.01
609 1285.362 257.1 0.57 0.00
610 1286.045 245.8 0.58 0.02
611 1289.486 195.7 0.59 0.01
612 1290.551 141.1 0.59 0.01
613 1292.407 163.8 0.60 0.01
614 1293.036 191.1 0.60 0.00
615 1293.391 327.7 0.57 0.02
616 1297.650 195.7 0.58 0.01
617 1298.988 250.3 0.58 -0.00
618 1304.313 143.4 0.56 0.01
619 1304.941 159.3 0.57 0.00
620 1307.699 300.4 0.59 0.02
621 1308.710 202.5 0.57 0.01
622 1312.806 170.7 0.54 0.03
623 1314.744 198.0 0.57 0.01
624 1315.864 238.9 0.54 0.02
625 1319.468 147.9 0.55 0.01
626 1320.015 213.9 0.54 0.01
627 1321.598 207.1 0.56 0.00
628 1322.991 168.4 0.53 0.00
629 1328.944 75.1 0.59 0.00
630 1330.664 159.3 0.58 -0.01
631 1332.330 147.9 0.58 -0.00
632 1332.821 175.2 0.58 -0.01
633 1334.542 229.8 0.59 -0.00
634 1337.081 355.0 0.61 -0.01
635 1339.102 175.2 0.59 0.00
636 1342.078 175.2 0.59 0.01
637 1345.956 195.7 0.59 0.01
638 1346.202 182.0 0.57 0.01
639 1346.993 229.8 0.59 0.01
640 1348.796 207.1 0.59 0.00
641 1350.079 186.6 0.59 0.01
642 1350.625 218.5 0.59 0.01
643 1351.035 441.5 0.59 0.00
644 1352.455 234.4 0.59 0.01
645 1353.219 97.8 0.58 0.01
646 1358.954 152.5 0.57 0.02
647 1361.111 229.8 0.58 0.01
648 1365.043 273.1 0.57 -0.03
649 1365.480 316.3 0.56 -0.03
650 1365.808 168.4 0.56 -0.03
651 1367.583 191.1 0.57 -0.02
652 1368.730 227.6 0.57 -0.02
653 1369.876 159.3 0.58 -0.02
654 1370.204 200.2 0.58 -0.02
655 1374.218 218.5 0.57 -0.04
656 1375.311 202.5 0.59 -0.02
657 1376.539 104.7 0.59 -0.02
658 1377.113 163.8 0.57 -0.01
659 1378.205 113.8 0.59 -0.01
660 1378.751 152.5 0.59 -0.02
661 1381.045 147.9 0.58 -0.01
662 1382.547 273.1 0.56 -0.02
663 1383.311 152.5 0.58 -0.00
664 1385.687 152.5 0.57 -0.01
665 1387.653 147.9 0.59 0.00
666 1388.281 186.6 0.59 0.00
667 1390.275 705.4 0.58 0.01
668 1394.207 289.0 0.58 0.02
669 1397.210 334.5 0.59 -0.01
670 1398.903 59.2 0.60 0.01
671 1401.088 300.4 0.58 0.01
672 1401.443 175.2 0.59 0.00
673 1402.071 350.4 0.59 0.01
674 1405.785 168.4 0.59 0.00
675 1411.656 195.7 0.54 0.00
676 1413.840 202.5 0.56 0.01
677 1416.134 184.3 0.57 0.03
678 1418.346 207.1 0.57 0.03
679 1418.974 191.1 0.57 0.01
680 1421.623 300.4 0.57 0.04
681 1427.630 250.3 0.57 0.01
682 1432.245 175.2 0.58 0.00
683 1434.511 218.5 0.57 0.01
684 1434.866 175.2 0.57 0.01
685 1438.362 225.3 0.58 0.00
686 1438.799 159.3 0.57 0.01
687 1440.027 159.3 0.57 0.01
688 1443.550 393.7 0.57 0.03
689 1444.123 218.5 0.56 0.03
690 1444.724 257.1 0.56 0.04
691 1450.049 182.0 0.58 0.03
692 1451.742 182.0 0.57 0.00
693 1452.015 175.2 0.55 0.00
694 1453.954 179.8 0.58 0.00
695 1454.391 175.2 0.58 -0.01
696 1455.783 116.1 0.58 -0.01
697 1458.186 193.4 0.57 -0.00
698 1458.487 257.1 0.56 0.00
699 1458.951 191.1 0.58 -0.01
700 1459.333 225.3 0.58 -0.01
701 1460.862 86.5 0.57 -0.01
702 1466.733 382.3 0.58 0.02
703 1473.942 218.5 0.57 0.00
704 1474.707 179.8 0.56 0.00
705 1475.990 145.6 0.56 0.01
706 1476.400 211.6 0.57 0.00
707 1482.107 207.1 0.59 0.02
708 1482.571 241.2 0.59 0.02
709 1483.445 218.5 0.58 0.02
710 1484.974 109.2 0.57 -0.01
711 1486.039 191.1 0.58 -0.01
712 1489.452 141.1 0.56 -0.01
713 1491.719 81.9 0.56 -0.02
714 1496.825 366.4 0.55 -0.01
715 1498.655 207.1 0.54 0.00
716 1498.982 200.2 0.55 0.00
717 1501.795 202.5 0.55 0.02
718 1506.164 218.5 0.55 0.02
719 1508.949 175.2 0.54 0.02
720 1509.468 163.8 0.56 0.02
721 1512.363 366.4 0.57 0.02
722 1513.646 132.0 0.56 0.01
723 1517.524 159.3 0.58 0.02
724 1520.336 168.4 0.57 0.01
725 1523.067 257.1 0.57 0.02
726 1523.722 229.8 0.57 0.02
727 1524.623 393.7 0.58 0.01
728 1533.498 289.0 0.56 -0.00
729 1534.481 163.8 0.57 -0.01
730 1535.737 202.5 0.56 -0.02
731 1540.188 213.9 0.57 -0.01
732 1540.625 400.5 0.56 -0.01
733 1544.284 261.7 0.57 -0.03
734 1545.131 252.6 0.58 -0.01
735 1545.595 241.2 0.58 -0.01
736 1547.424 202.5 0.57 0.00
737 1547.916 195.7 0.57 0.00
738 1548.626 163.8 0.56 -0.00
739 1549.636 257.1 0.57 -0.00
740 1550.756 152.5 0.56 -0.01
741 1551.903 195.7 0.57 -0.01
742 1554.087 213.9 0.58 -0.01
743 1554.906 77.4 0.57 -0.01
744 1556.681 143.4 0.58 -0.01
745 1560.095 152.5 0.56 -0.01
746 1561.433 147.9 0.56 -0.01
747 1562.580 339.1 0.57 -0.00
748 1563.617 218.5 0.56 -0.00
749 1563.945 179.8 0.57 -0.00
750 1564.573 191.1 0.58 0.00
751 1566.211 202.5 0.56 -0.00
752 1567.276 245.8 0.56 -0.01
753 1570.826 207.1 0.56 0.00
754 1573.202 125.2 0.59 0.00
755 1575.441 163.8 0.61 -0.01
756 1578.745 191.1 0.61 0.00
757 1582.131 186.6 0.59 -0.00
758 1586.883 273.1 0.59 -0.01
759 1588.576 207.1 0.59 -0.02
760 1593.163 218.5 0.60 -0.01
761 1594.610 163.8 0.59 -0.02
762 1599.007 154.7 0.58 -0.01
763 1601.273 191.1 0.60 0.00
764 1601.710 120.6 0.58 -0.00
765 1606.680 359.5 0.60 0.01
766 1607.444 116.1 0.58 0.01
767 1609.329 179.8 0.60 -0.00
768 1613.288 143.4 0.58 -0.01
769 1613.780 159.3 0.59 0.00
770 1614.954 289.0 0.57 -0.01
771 1619.651 191.1 0.57 0.01
772 1621.453 202.5 0.57 0.00
773 1623.938 125.2 0.57 -0.01
774 1624.893 245.8 0.57 -0.00
775 1627.133 316.3 0.55 0.01
776 1627.815 109.2 0.57 0.01
777 1633.850 147.9 0.58 0.02
778 1635.407 191.1 0.57 0.01
779 1637.127 152.5 0.57 0.00
780 1646.466 370.9 0.61 0.02
781 1647.230 261.7 0.59 0.01
782 1647.749 229.8 0.60 0.01
783 1648.459 393.7 0.57 0.02
784 1655.477 147.9 0.58 0.01
785 1655.805 175.2 0.58 0.02
786 1660.256 307.2 0.57 0.01
787 1661.211 213.9 0.58 0.02
788 1661.512 186.6 0.57 0.02
789 1664.324 234.4 0.59 0.02
790 1664.761 152.5 0.57 0.02
791 1665.717 120.6 0.60 0.01
792 1666.263 234.4 0.59 0.02
793 1668.338 175.2 0.60 0.00
794 1670.932 209.4 0.59 0.00
795 1671.697 234.4 0.57 -0.02
796 1673.090 213.9 0.58 -0.02
797 1678.251 152.5 0.59 -0.01
798 1679.234 191.1 0.57 -0.02
799 1682.838 311.8 0.56 -0.00
800 1683.712 147.9 0.57 0.01
801 1684.040 216.2 0.58 0.01
802 1685.623 179.8 0.58 -0.00
803 1687.726 122.9 0.58 0.01
804 1687.945 111.5 0.57 0.01
805 1689.638 175.2 0.59 0.01
806 1690.511 132.0 0.61 0.01
807 1691.658 163.8 0.58 0.00
808 1692.860 186.6 0.60 -0.00
809 1693.242 402.8 0.60 -0.01
810 1693.870 168.4 0.61 -0.00
811 1696.082 172.9 0.58 0.01
812 1700.096 307.2 0.57 0.01
813 1702.472 229.8 0.57 0.01
814 1703.291 152.5 0.57 0.01
815 1705.994 120.6 0.56 0.00
816 1710.691 186.6 0.58 0.00
817 1712.876 172.9 0.57 0.01
818 1714.596 218.5 0.58 0.00
819 1717.354 152.5 0.57 0.01
820 1718.091 175.2 0.57 0.01
821 1720.057 300.4 0.58 0.02
822 1721.286 268.5 0.57 0.02
823 1724.754 223.0 0.58 0.02
824 1725.300 170.7 0.58 0.02
825 1730.106 213.9 0.55 0.01
826 1733.110 225.3 0.56 0.01
827 1734.830 186.6 0.57 0.02
828 1737.670 104.7 0.56 0.01
829 1738.216 191.1 0.55 0.00
830 1744.251 184.3 0.57 0.01
831 1745.070 195.7 0.54 0.01
832 1750.968 147.9 0.54 -0.00
833 1753.262 202.5 0.56 0.00
834 1755.255 202.5 0.56 0.01
835 1755.993 191.1 0.57 0.01
836 1756.621 291.3 0.55 0.01
837 1758.942 382.3 0.55 0.01
838 1760.171 75.1 0.57 0.00
839 1764.567 191.1 0.55 0.01
840 1765.250 202.5 0.56 0.01
841 1766.560 209.4 0.57 0.01
842 1769.482 136.5 0.57 0.01
843 1771.530 159.3 0.58 0.00
844 1772.759 179.8 0.58 0.01
845 1778.958 77.4 0.58 0.00
846 1781.224 370.9 0.58 0.01
847 1781.989 125.2 0.58 0.01
848 1782.890 261.7 0.59 0.01
849 1785.293 257.1 0.57 0.02
850 1788.843 163.8 0.56 0.01
851 1790.399 120.6 0.54 0.00
852 1790.863 191.1 0.56 0.01
853 1791.573 186.6 0.55 0.01
854 1794.195 257.1 0.56 -0.02
855 1795.615 136.5 0.55 -0.01
856 1798.537 207.1 0.56 -0.03
857 1799.711 218.5 0.55 -0.01
858 1801.841 245.8 0.55 0.00
859 1806.865 132.0 0.55 0.01
860 1809.760 202.5 0.54 0.02
861 1811.152 339.1 0.54 0.03
862 1813.746 143.4 0.57 0.02
863 1814.757 213.9 0.58 0.03
864 1815.139 254.9 0.56 0.03
865 1822.703 261.7 0.58 0.01
866 1823.140 125.2 0.59 0.02
867 1827.072 120.6 0.58 0.02
868 1832.670 147.9 0.56 0.00
869 1834.063 186.6 0.57 -0.01
870 1837.885 300.4 0.56 -0.01
871 1843.156 136.5 0.58 0.01
872 1843.674 213.9 0.56 0.03
873 1847.170 284.4 0.56 0.02
874 1847.552 223.0 0.58 0.02
875 1847.825 186.6 0.57 0.02
876 1848.317 218.5 0.55 0.02
877 1849.054 163.8 0.56 0.02
878 1851.047 202.5 0.56 0.02
879 1852.576 195.7 0.57 0.02
880 1853.204 184.3 0.56 0.02
881 1853.696 266.2 0.56 0.00
882 1856.372 277.6 0.56 0.03
883 1857.628 218.5 0.56 0.02
884 1862.325 257.1 0.56 0.01
885 1865.383 134.3 0.57 0.01
886 1866.257 152.5 0.58 0.00
887 1866.912 159.3 0.57 0.01
888 1868.223 295.8 0.57 0.03
889 1869.070 141.1 0.58 0.01
890 1870.189 284.4 0.57 0.03
891 1871.555 97.8 0.56 0.02
892 1873.029 88.7 0.55 0.01
893 1873.357 177.5 0.57 0.01
894 1875.896 179.8 0.56 0.02
895 1877.180 427.8 0.55 0.03
896 1878.327 300.4 0.55 0.03
897 1879.419 97.8 0.54 0.01
898 1881.494 229.8 0.54 0.04
899 1883.624 416.4 0.53 0.03
900 1885.126 245.8 0.57 0.04
901 1886.819 186.6 0.54 0.03
902 1888.949 136.5 0.55 0.02
903 1893.236 234.4 0.58 0.01
904 1893.700 268.5 0.57 0.01
905 1896.567 159.3 0.56 0.02
906 1899.134 120.6 0.56 0.02
907 1900.937 261.7 0.56 0.05
908 1901.319 302.6 0.57 0.05
909 1901.728 323.1 0.57 0.05
910 1902.275 191.1 0.57 0.04
911 1910.139 125.2 0.59 0.02
912 1913.225 316.3 0.58 0.02
913 1914.344 257.1 0.58 0.02
914 1916.747 168.4 0.55 -0.00
915 1922.045 218.5 0.58 0.02
916 1923.437 261.7 0.57 0.02
917 1926.004 147.9 0.58 0.05
918 1927.014 132.0 0.60 0.03
919 1929.172 120.6 0.58 0.02
920 1929.554 61.4 0.54 0.03
921 1930.947 252.6 0.57 0.02
922 1933.705 168.4 0.56 0.03
923 1937.309 245.8 0.55 0.02
924 1941.924 327.7 0.53 0.00
925 1942.497 218.5 0.54 0.00
926 1942.880 300.4 0.54 0.00
927 1944.627 136.5 0.53 0.01
928 1946.894 227.6 0.52 0.01
929 1949.925 204.8 0.51 0.02
930 1950.717 300.4 0.51 0.02
931 1951.590 170.7 0.50 0.01
932 1955.932 373.2 0.49 0.03
933 1957.024 168.4 0.48 0.01
934 1960.547 152.5 0.48 -0.01
935 1961.803 207.1 0.48 0.01
936 1965.653 380.0 0.49 -0.02
937 1967.237 125.2 0.50 -0.02
938 1969.312 311.8 0.49 -0.01
939 1969.722 311.8 0.49 -0.01
940 1974.391 284.4 0.53 0.00
941 1976.166 141.1 0.52 -0.01
942 1977.914 202.5 0.55 -0.03
943 1979.689 361.8 0.55 -0.03
944 1984.031 129.7 0.54 0.00
945 1984.304 184.3 0.55 0.00
946 1986.707 202.5 0.51 -0.01
947 1989.383 327.7 0.51 0.01
948 1992.687 229.8 0.50 0.04
949 1993.861 241.2 0.55 0.03
950 1996.155 464.2 0.53 0.02
951 1997.220 125.2 0.54 0.02
952 1997.766 120.6 0.56 0.01
953 1999.241 238.9 0.54 0.02
954 2002.736 573.4 0.56 0.01
955 2005.849 175.2 0.56 -0.01
956 2006.176 350.4 0.56 0.00
957 2007.706 316.3 0.57 -0.01
958 2009.153 195.7 0.56 -0.01
959 2013.577 50.1 0.57 -0.00
960 2014.614 202.5 0.57 -0.01
961 2015.870 261.7 0.56 -0.01
962 2017.864 179.8 0.56 -0.02
963 2019.666 355.0 0.57 -0.02
964 2022.588 120.6 0.56 -0.01
965 2025.783 200.2 0.56 -0.01
966 2033.101 104.7 0.57 0.00
967 2033.811 147.9 0.57 -0.01
968 2035.422 218.5 0.58 -0.02
969 2038.426 179.8 0.55 0.02
970 2042.030 257.1 0.52 0.03
971 2044.515 175.2 0.54 0.04
972 2048.474 195.7 0.52 0.04
973 2050.058 175.2 0.52 0.04
974 2053.499 179.8 0.52 0.01
975 2057.131 311.8 0.55 -0.00
976 2063.411 132.0 0.54 -0.01
977 2066.333 175.2 0.52 0.02
978 2071.631 257.1 0.53 -0.01
979 2072.586 273.1 0.53 -0.01
980 2072.969 204.8 0.53 -0.01
981 2078.157 304.9 0.58 0.02
982 2079.058 147.9 0.58 0.01
983 2080.396 213.9 0.58 0.02
984 2083.755 289.0 0.57 0.03
985 2089.626 202.5 0.56 0.01
986 2091.073 168.4 0.56 -0.00
987 2091.319 182.0 0.57 -0.00
988 2094.705 61.4 0.57 0.02
989 2094.950 95.6 0.57 0.02
990 2102.132 163.8 0.58 0.01
991 2102.405 236.7 0.57 -0.00
992 2105.818 207.1 0.56 0.00
993 2106.146 159.3 0.58 -0.00
994 2106.720 245.8 0.54 0.01
995 2111.962 163.8 0.56 0.05
996 2115.212 147.9 0.54 0.05
997 2116.987 202.5 0.53 0.04
998 2118.461 179.8 0.53 0.05
999 2119.472 350.4 0.54 0.02
1000 2121.001 136.5 0.54 0.02
1001 2122.202 179.8 0.55 0.01
1002 2124.414 245.8 0.53 0.03
1003 2124.906 207.1 0.54 0.01
1004 2125.561 195.7 0.54 0.01
1005 2127.691 229.8 0.55 0.00
1006 2128.783 207.1 0.55 0.01
1007 2132.361 159.3 0.55 0.03
1008 2135.146 245.8 0.55 0.02
1009 2137.740 316.3 0.55 0.02
1010 2140.416 104.7 0.55 0.01
1011 2146.150 207.1 0.56 0.02
1012 2147.543 179.8 0.55 0.02
1013 2149.482 257.1 0.55 0.03
1014 2151.175 241.2 0.55 0.02
1015 2153.551 104.7 0.55 0.02
1016 2153.824 172.9 0.55 0.02
1017 2156.363 91.0 0.53 0.00
1018 2159.667 175.2 0.54 -0.00
1019 2161.196 191.1 0.54 -0.00
1020 2165.647 175.2 0.55 0.01
1021 2166.521 116.1 0.53 -0.01
1022 2167.368 136.5 0.54 -0.01
1023 2170.590 152.5 0.53 0.01
1024 2171.081 213.9 0.54 0.01
1025 2171.764 163.8 0.53 0.02
1026 2173.129 175.2 0.53 0.01
1027 2173.676 304.9 0.55 0.01
1028 2175.724 77.4 0.54 0.02
1029 2176.324 309.5 0.54 0.02
1030 2177.062 295.8 0.55 0.01
1031 2177.772 300.4 0.55 0.02
1032 2178.536 170.7 0.54 0.01
1033 2179.956 184.3 0.54 0.01
1034 2184.298 304.9 0.55 0.01
1035 2185.745 179.8 0.56 0.01
1036 2186.346 229.8 0.57 0.01
1037 2190.060 175.2 0.59 0.04
1038 2190.824 250.3 0.57 0.02
1039 2194.947 152.5 0.59 0.02
1040 2195.357 202.5 0.59 0.03
1041 2198.798 261.7 0.59 0.03
1042 2202.648 61.4 0.58 0.02
1043 2203.522 223.0 0.58 0.01
1044 2204.314 136.5 0.58 0.02
1045 2204.996 125.2 0.57 0.00
1046 2208.328 229.8 0.59 -0.01
1047 2208.737 332.2 0.60 -0.01
1048 2215.728 277.6 0.61 -0.00
1049 2218.349 218.5 0.59 0.01
1050 2218.923 186.6 0.59 -0.00
1051 2219.387 93.3 0.57 0.01
1052 2221.653 241.2 0.58 0.01
1053 2222.090 229.8 0.57 -0.01
1054 2232.358 277.6 0.56 0.00
1055 2233.122 147.9 0.55 0.00
1056 2233.777 186.6 0.54 -0.02
1057 2236.071 218.5 0.54 -0.01
1058 2237.054 147.9 0.52 -0.01
1059 2237.600 159.3 0.54 -0.01
1060 2242.379 179.8 0.54 0.00
1061 2243.717 332.2 0.56 0.01
1062 2245.956 147.9 0.56 0.02
1063 2248.086 218.5 0.57 0.04
1064 2249.288 284.4 0.56 0.04
1065 2249.670 218.5 0.56 0.06
1066 2255.022 132.0 0.51 0.04
1067 2256.797 295.8 0.54 0.04
1068 2257.452 170.7 0.54 0.02
1069 2258.654 109.2 0.55 0.02
1070 2259.855 175.2 0.53 0.05
1071 2260.920 175.2 0.56 0.06
1072 2261.466 136.5 0.52 0.06
1073 2264.852 182.0 0.52 0.05
1074 2266.819 113.8 0.53 0.06
1075 2267.337 152.5 0.52 0.05
1076 2268.457 132.0 0.53 0.04
1077 2270.123 327.7 0.53 0.04
1078 2273.782 261.7 0.51 0.04
1079 2276.949 268.5 0.52 0.04
1080 2277.987 125.2 0.52 0.04
1081 2282.138 213.9 0.51 0.04
1082 2282.684 77.4 0.53 0.02
1083 2287.189 202.5 0.54 0.02
1084 2287.462 202.5 0.53 0.02
1085 2292.951 163.8 0.55 0.01
1086 2293.279 175.2 0.55 0.01
1087 2293.934 195.7 0.56 0.02
1088 2294.398 213.9 0.55 0.01
1089 2300.297 284.4 0.52 0.02
1090 2304.474 234.4 0.53 0.01
1091 2306.249 273.1 0.52 0.03
1092 2306.686 191.1 0.52 0.03
1093 2309.444 382.3 0.53 0.05
1094 2310.154 159.3 0.53 0.05
1095 2313.841 175.2 0.51 0.03
1096 2319.575 125.2 0.52 0.04
1097 2320.995 273.1 0.52 0.04
1098 2321.323 179.8 0.51 0.04
1099 2321.705 147.9 0.52 0.05
1100 2328.095 120.6 0.54 -0.02
1101 2328.340 141.1 0.54 0.00
1102 2329.242 159.3 0.55 0.00
1103 2329.897 257.1 0.52 0.01
1104 2332.027 300.4 0.55 0.00
1105 2338.362 273.1 0.52 -0.00
1106 2338.881 405.0 0.53 0.01
1107 2339.372 125.2 0.53 0.01
1108 2339.864 261.7 0.52 0.01
1109 2343.031 284.4 0.52 0.00
1110 2345.325 257.1 0.52 0.01
1111 2347.046 268.5 0.51 0.02
1112 2348.438 257.1 0.51 0.03
1113 2349.421 289.0 0.51 0.02
1114 2350.432 120.6 0.50 0.02
1115 2351.469 448.3 0.51 0.03
1116 2353.818 77.4 0.50 0.03
1117 2354.473 225.3 0.50 0.03
1118 2361.928 191.1 0.53 0.05
1119 2362.665 93.3 0.54 0.07
1120 2364.877 343.6 0.55 0.03
1121 2365.559 257.1 0.55 0.01
1122 2367.116 229.8 0.55 0.01
1123 2369.792 355.0 0.58 0.03
1124 2373.588 198.0 0.59 0.03
1125 2375.909 277.6 0.59 0.03
1126 2380.196 132.0 0.54 0.02
1127 2383.036 250.3 0.54 0.01
1128 2383.281 209.4 0.54 0.01
1129 2390.818 284.4 0.53 0.00
1130 2391.665 284.4 0.54 0.01
1131 2392.211 268.5 0.52 0.01
1132 2392.511 241.2 0.52 0.01
1133 2393.631 218.5 0.54 -0.01
1134 2396.198 370.9 0.55 0.04
1135 2398.792 175.2 0.56 0.05
1136 2401.522 163.8 0.55 0.04
1137 2402.669 136.5 0.55 0.00
1138 2404.854 136.5 0.55 0.02
1139 2405.100 198.0 0.53 0.04
1140 2407.366 120.6 0.54 0.03
1141 2408.731 125.2 0.53 0.04
1142 2410.260 229.8 0.54 0.04
1143 2411.353 136.5 0.55 0.02
1144 2412.827 284.4 0.57 0.03
1145 2414.957 216.2 0.56 0.05
1146 2416.869 245.8 0.55 0.04
1147 2419.681 81.9 0.54 0.02
1148 2420.555 152.5 0.53 0.02
1149 2420.801 200.2 0.54 0.02
1150 2424.651 202.5 0.52 0.01
1151 2429.047 191.1 0.52 0.01
1152 2429.430 295.8 0.52 0.01
1153 2430.167 163.8 0.52 0.01
1154 2431.669 152.5 0.53 0.01
1155 2437.349 163.8 0.55 0.02
1156 2441.445 179.8 0.57 0.02
1157 2441.882 125.2 0.57 0.02
1158 2443.465 109.2 0.57 0.02
1159 2445.568 172.9 0.57 0.00
1160 2450.483 218.5 0.57 -0.00
1161 2452.313 186.6 0.54 0.01
1162 2453.077 163.8 0.57 0.01
1163 2453.378 238.9 0.58 0.01
1164 2454.088 120.6 0.57 0.01
1165 2456.054 136.5 0.54 0.00
1166 2456.791 229.8 0.54 -0.00
1167 2458.566 339.1 0.52 -0.02
1168 2463.863 257.1 0.54 -0.01
1169 2465.720 223.0 0.55 -0.01
1170 2466.895 241.2 0.55 -0.02
1171 2467.796 343.6 0.56 -0.02
1172 2468.233 357.3 0.56 -0.02
1173 2469.243 273.1 0.57 0.00
1174 2469.871 245.8 0.56 -0.00
1175 2472.957 198.0 0.58 0.01
1176 2473.940 211.6 0.57 0.01
1177 2478.418 141.1 0.57 0.02
1178 2478.828 218.5 0.57 0.02
1179 2485.763 147.9 0.56 0.00
1180 2489.040 147.9 0.57 -0.01
1181 2490.706 152.5 0.56 -0.01
1182 2492.317 277.6 0.56 -0.00
1183 2495.539 186.6 0.56 -0.02
1184 2495.976 175.2 0.55 -0.02
1185 2501.246 243.5 0.54 0.02
1186 2503.786 218.5 0.53 -0.02
1187 2505.752 136.5 0.54 0.01
1188 2507.090 257.1 0.54 -0.00
1189 2511.404 172.9 0.55 0.01
1190 2514.217 186.6 0.55 0.02
1191 2516.456 141.1 0.56 0.01
1192 2517.603 361.8 0.56 0.01
1193 2520.989 279.9 0.55 0.01
1194 2521.808 179.8 0.54 0.00
1195 2523.119 350.4 0.54 0.00
1196 2525.577 234.4 0.54 -0.00
1197 2527.051 223.0 0.53 -0.01
1198 2527.925 179.8 0.56 -0.02
1199 2529.154 159.3 0.55 -0.03
1200 2529.946 175.2 0.53 -0.02
1201 2532.349 147.9 0.55 -0.01
1202 2534.397 152.5 0.57 -0.01
1203 2538.028 316.3 0.58 0.00
1204 2539.530 261.7 0.57 -0.02
1205 2539.831 207.1 0.58 -0.02
1206 2546.848 259.4 0.57 -0.04
1207 2556.406 113.8 0.61 0.01
1208 2557.170 213.9 0.61 -0.00
1209 2557.908 218.5 0.60 0.01
1210 2563.041 218.5 0.58 -0.01
1211 2563.587 175.2 0.59 -0.01
1212 2567.137 277.6 0.58 -0.02
1213 2570.032 70.5 0.57 -0.01
1214 2571.042 186.6 0.57 -0.03
1215 2573.281 191.1 0.55 -0.02
1216 2574.100 350.4 0.55 -0.01
1217 2578.142 179.8 0.58 0.00
1218 2578.633 195.7 0.58 0.01
1219 2581.091 436.9 0.58 -0.00
1220 2581.610 307.2 0.58 -0.00
1221 2585.624 175.2 0.58 0.00
1222 2587.918 175.2 0.57 0.01
1223 2592.860 218.5 0.56 0.01
1224 2593.707 234.4 0.56 0.01
1225 2596.492 202.5 0.56 -0.00
1226 2597.557 229.8 0.59 0.01
1227 2609.572 168.4 0.56 -0.01
1228 2615.170 211.6 0.56 -0.01
1229 2615.934 175.2 0.56 -0.01
1230 2618.993 179.8 0.57 -0.01
1231 2621.068 316.3 0.57 -0.00
1232 2629.751 211.6 0.56 -0.01
1233 2630.625 350.4 0.58 0.00
1234 2631.008 248.0 0.56 0.00
1235 2632.701 147.9 0.57 -0.01
1236 2634.121 234.4 0.57 -0.01
1237 2635.568 300.4 0.58 -0.03
1238 2637.152 113.8 0.57 -0.01
1239 2637.916 284.4 0.56 -0.01
1240 2638.899 152.5 0.56 -0.01
1241 2642.476 120.6 0.56 -0.02
1242 2646.190 261.7 0.54 -0.03
1243 2649.194 245.8 0.54 -0.03
1244 2651.269 72.8 0.57 0.01
1245 2652.088 213.9 0.57 -0.01
1246 2653.918 370.9 0.57 -0.00
1247 2659.407 175.2 0.57 -0.01
1248 2661.100 93.3 0.55 -0.01
1249 2662.683 145.6 0.56 0.00
1250 2668.199 175.2 0.56 0.00
1251 2669.701 250.3 0.56 0.00
1252 2675.900 163.8 0.52 -0.00
1253 2676.309 191.1 0.54 -0.00
1254 2679.013 223.0 0.54 -0.00
1255 2680.269 152.5 0.55 -0.01
1256 2682.617 223.0 0.54 0.00
1257 2684.993 147.9 0.54 -0.02
1258 2687.915 300.4 0.54 -0.03
1259 2690.427 179.8 0.53 -0.03
1260 2692.748 168.4 0.52 -0.03
1261 2694.223 223.0 0.54 -0.03
1262 2694.496 136.5 0.53 -0.02
1263 2695.124 143.4 0.53 -0.03
1264 2695.260 70.5 0.55 -0.02
1265 2696.025 141.1 0.52 -0.02
1266 2696.380 195.7 0.53 -0.02
1267 2696.762 125.2 0.53 -0.02
1268 2697.226 120.6 0.52 -0.02
1269 2697.991 327.7 0.53 -0.02
1270 2700.558 120.6 0.54 -0.03
1271 2700.776 229.8 0.54 -0.03
1272 2703.671 234.4 0.54 -0.03
1273 2706.292 229.8 0.54 -0.03
1274 2711.316 257.1 0.53 -0.03
1275 2711.808 120.6 0.53 -0.02
1276 2714.184 252.6 0.54 -0.03
1277 2714.566 184.3 0.53 -0.03
1278 2715.249 291.3 0.53 -0.02
1279 2715.713 202.5 0.53 -0.02
1280 2718.143 273.1 0.53 -0.01
1281 2722.621 141.1 0.53 -0.01
1282 2728.301 136.5 0.52 0.00
1283 2728.547 170.7 0.54 -0.00
1284 2728.711 43.2 0.53 -0.02
1285 2731.387 218.5 0.54 -0.02
1286 2731.988 191.1 0.53 -0.02
1287 2732.698 284.4 0.55 -0.01
1288 2733.053 261.7 0.53 -0.01
1289 2736.794 245.8 0.54 -0.02
1290 2738.186 311.8 0.54 0.00
1291 2738.432 147.9 0.56 -0.00
1292 2739.388 207.1 0.55 0.00
1293 2740.753 398.2 0.55 0.01
1294 2741.436 245.8 0.55 0.01
1295 2742.337 332.2 0.56 0.01
1296 2743.429 143.4 0.56 0.00
1297 2744.385 573.4 0.56 0.01
1298 2746.078 298.1 0.54 0.00
1299 2748.590 223.0 0.53 -0.01
1300 2753.178 136.5 0.51 -0.02
1301 2756.017 207.1 0.53 -0.02
1302 2756.291 207.1 0.53 -0.02
1303 2757.001 245.8 0.53 -0.02
1304 2757.301 177.5 0.54 -0.02
1305 2757.847 225.3 0.54 -0.01
1306 2760.414 245.8 0.53 -0.00
1307 2761.834 277.6 0.53 -0.02
1308 2765.493 268.5 0.51 -0.01
1309 2766.940 245.8 0.52 -0.02
1310 2767.732 152.5 0.52 -0.02
1311 2768.415 254.9 0.52 -0.02
1312 2769.835 195.7 0.52 -0.02
1313 2775.733 245.8 0.54 -0.03
1314 2776.388 191.1 0.53 -0.02
1315 2777.590 289.0 0.48 -0.03
1316 2778.900 370.9 0.50 -0.05
1317 2780.730 311.8 0.52 -0.02
1318 2781.003 179.8 0.50 -0.03
1319 2783.133 163.8 0.52 -0.04
1320 2788.321 136.5 0.54 -0.00
1321 2789.004 339.1 0.55 -0.02
1322 2792.554 241.2 0.53 -0.03
1323 2796.377 109.2 0.54 -0.02
1324 2797.305 136.5 0.54 -0.03
1325 2801.319 152.5 0.53 0.00
1326 2802.002 261.7 0.52 -0.00
1327 2802.357 229.8 0.54 -0.01
1328 2803.367 97.8 0.53 -0.02
1329 2806.535 175.2 0.53 -0.03
1330 2811.232 202.5 0.55 -0.02
1331 2817.048 236.7 0.56 -0.02
1332 2817.457 257.1 0.54 -0.02
1333 2818.441 218.5 0.55 -0.01
1334 2819.314 179.8 0.55 -0.01
1335 2822.072 382.3 0.55 -0.00
1336 2822.673 202.5 0.56 -0.02
1337 2824.120 245.8 0.55 0.00
1338 2829.909 175.2 0.55 0.00
1339 2830.210 216.2 0.56 0.00
1340 2832.777 159.3 0.55 0.02
1341 2833.732 202.5 0.55 0.02
1342 2836.599 195.7 0.59 -0.00
1343 2837.309 120.6 0.59 0.01
1344 2839.958 163.8 0.59 0.02
1345 2841.378 223.0 0.58 0.03
1346 2842.088 311.8 0.57 0.03
1347 2845.693 125.2 0.54 -0.01
1348 2851.072 234.4 0.54 -0.04
1349 2852.328 152.5 0.55 -0.04
1350 2852.628 168.4 0.54 -0.03
1351 2864.179 241.2 0.55 -0.01
1352 2873.300 355.0 0.57 -0.02
1353 2878.024 300.4 0.56 -0.02
1354 2881.847 147.9 0.57 0.00
1355 2883.676 207.1 0.58 0.02
1356 2884.468 223.0 0.57 0.02
1357 2885.096 191.1 0.59 0.03
1358 2885.560 147.9 0.58 0.02
1359 2889.329 159.3 0.58 0.01
1360 2893.889 245.8 0.59 -0.01
1361 2894.135 177.5 0.59 -0.01
1362 2895.090 452.8 0.59 -0.00
1363 2896.729 141.1 0.59 0.01
1364 2898.504 311.8 0.61 0.02
1365 2899.760 163.8 0.59 0.01
1366 2900.415 289.0 0.58 0.02
1367 2904.156 268.5 0.59 0.02
1368 2906.341 152.5 0.58 0.02
1369 2908.853 159.3 0.59 0.01
1370 2910.874 241.2 0.58 0.00
1371 2917.482 234.4 0.58 0.01
1372 2920.841 284.4 0.58 0.00
1373 2923.271 163.8 0.58 -0.00
1374 2925.182 191.1 0.58 -0.00
1375 2930.371 109.2 0.58 0.02
1376 2931.490 159.3 0.57 0.02
1377 2934.712 257.1 0.58 0.02
1378 2935.805 261.7 0.58 0.03
1379 2936.323 141.1 0.57 0.03
1380 2941.839 159.3 0.58 0.02
1381 2945.635 295.8 0.56 0.01
1382 2946.154 304.9 0.56 0.00
1383 2946.509 273.1 0.56 0.00
1384 2947.792 175.2 0.56 0.00
1385 2950.905 277.6 0.56 -0.02
1386 2955.220 191.1 0.58 -0.01
1387 2960.381 284.4 0.54 -0.01
1388 2963.166 223.0 0.55 -0.01
1389 2965.023 179.8 0.55 -0.02
1390 2965.569 163.8 0.55 -0.01
1391 2966.798 229.8 0.55 0.01
1392 2970.675 229.8 0.54 -0.00
1393 2974.307 195.7 0.55 0.00
1394 2979.168 132.0 0.56 0.01
1395 2979.495 136.5 0.56 0.01
1396 2981.024 163.8 0.56 0.01
1397 2983.018 273.1 0.56 0.02
1398 2983.291 168.4 0.57 0.01
1399 2983.864 182.0 0.55 0.01
1400 2985.120 152.5 0.56 0.01
1401 2990.309 245.8 0.57 -0.01
1402 2993.012 191.1 0.56 -0.00
1403 2995.333 120.6 0.54 -0.01
1404 2996.589 141.1 0.55 -0.01
1405 2997.163 179.8 0.55 0.00
1406 2999.648 284.4 0.56 0.02
1407 3001.177 163.8 0.57 0.02
1408 3001.477 245.8 0.56 0.02
1409 3003.634 163.8 0.58 0.02
1410 3004.454 218.5 0.57 0.00
1411 3006.010 152.5 0.58 0.01
1412 3006.802 245.8 0.58 0.01
1413 3008.577 202.5 0.57 0.01
1414 3009.423 191.1 0.57 -0.00
1415 3014.202 141.1 0.56 0.00
1416 3018.298 136.5 0.56 -0.00
1417 3018.762 245.8 0.57 -0.01
1418 3019.008 88.7 0.56 -0.01
1419 3019.636 120.6 0.58 -0.01
1420 3021.548 141.1 0.57 0.00
1421 3023.486 88.7 0.58 -0.01
1422 3027.063 202.5 0.57 -0.02
1423 3030.832 207.1 0.57 -0.00
1424 3032.907 218.5 0.57 -0.00
1425 3034.081 213.9 0.57 0.00
1426 3035.146 163.8 0.56 -0.00
1427 3035.774 339.1 0.57 0.00
1428 3038.013 339.1 0.57 0.00
1429 3038.368 207.1 0.56 0.00
1430 3040.335 186.6 0.57 -0.00
1431 3041.754 175.2 0.55 -0.01
1432 3041.946 141.1 0.56 -0.01
1433 3044.267 366.4 0.55 -0.00
1434 3045.441 186.6 0.56 0.01
1435 3046.724 168.4 0.57 0.01
1436 3047.325 141.1 0.55 0.00
1437 3047.625 195.7 0.57 0.00
1438 3048.718 323.1 0.57 0.00
1439 3049.564 218.5 0.57 -0.01
1440 3050.520 277.6 0.58 0.00
1441 3051.011 159.3 0.56 -0.01
1442 3052.431 218.5 0.56 -0.01
1443 3056.145 514.3 0.57 -0.02
1444 3057.620 516.6 0.58 -0.00
1445 3059.094 261.7 0.56 -0.01
1446 3060.077 207.1 0.56 0.00
1447 3060.323 198.0 0.57 0.00
1448 3060.651 113.8 0.57 0.01
1449 3064.201 496.1 0.58 0.01
1450 3066.057 179.8 0.57 0.00
1451 3069.061 152.5 0.58 0.01
1452 3071.628 316.3 0.57 0.03
1453 3072.993 218.5 0.59 0.03
1454 3075.533 229.8 0.55 0.04
1455 3075.942 125.2 0.55 0.02
1456 3076.325 355.0 0.55 0.01
1457 3077.362 186.6 0.54 0.03
1458 3079.083 250.3 0.56 0.02
1459 3079.356 202.5 0.55 0.02
1460 3079.875 191.1 0.55 0.01
1461 3082.769 147.9 0.55 0.02
1462 3083.807 277.6 0.54 0.03
1463 3087.793 136.5 0.54 0.01
1464 3089.841 152.5 0.55 0.01
1465 3093.746 120.6 0.54 0.03
1466 3095.467 163.8 0.55 0.02
1467 3096.723 229.8 0.54 0.04
1468 3097.105 161.6 0.54 0.04
1469 3097.870 218.5 0.53 0.03
1470 3100.300 266.2 0.53 0.04
1471 3101.283 175.2 0.53 0.01
1472 3108.519 152.5 0.53 0.02
1473 3108.874 193.4 0.51 0.02
1474 3111.714 229.8 0.53 0.00
1475 3113.626 273.1 0.53 -0.01
1476 3114.663 191.1 0.54 -0.02
1477 3115.182 202.5 0.53 -0.02
1478 3116.029 141.1 0.54 -0.02
1479 3116.493 304.9 0.54 -0.02
1480 3118.759 136.5 0.56 -0.03
1481 3119.142 250.3 0.54 -0.01
1482 3123.156 179.8 0.57 -0.03
1483 3123.811 120.6 0.56 -0.02
1484 3125.613 232.1 0.55 -0.02
1485 3133.286 213.9 0.55 -0.01
1486 3134.543 136.5 0.54 -0.00
1487 3135.198 268.5 0.55 0.00
1488 3138.720 191.1 0.55 -0.02
1489 3139.403 116.1 0.55 -0.02
1490 3139.758 179.8 0.55 0.00
1491 3140.195 136.5 0.54 -0.01
1492 3140.687 120.6 0.56 -0.02
1493 3147.459 366.4 0.53 -0.01
1494 3148.032 179.8 0.53 -0.01
1495 3149.233 366.4 0.55 -0.01
1496 3154.012 289.0 0.52 -0.01
1497 3156.907 225.3 0.55 -0.02
1498 3157.535 332.2 0.54 -0.01
1499 3158.190 295.8 0.54 -0.01
1500 3159.064 273.1 0.53 -0.01
1501 3161.003 229.8 0.53 -0.01
1502 3162.150 234.4 0.52 0.00
1503 3162.750 241.2 0.53 0.01
1504 3165.181 366.4 0.52 -0.00
1505 3166.764 154.7 0.54 -0.04
1506 3169.440 163.8 0.52 -0.05
1507 3175.694 223.0 0.52 -0.02
1508 3180.609 229.8 0.54 -0.01
1509 3182.493 218.5 0.53 -0.02
1510 3183.148 350.4 0.53 -0.00
1511 3184.323 245.8 0.54 -0.01
1512 3186.125 182.0 0.52 -0.00
1513 3186.480 72.8 0.53 0.00
1514 3188.664 216.2 0.53 0.01
1515 3190.903 100.1 0.52 0.01
1516 3191.613 207.1 0.50 0.00
1517 3192.842 245.8 0.52 0.01
1518 3193.361 307.2 0.50 0.01
1519 3193.798 325.4 0.52 -0.02
1520 3197.839 154.7 0.52 0.01
1521 3200.788 698.6 0.53 -0.01
1522 3201.990 163.8 0.54 -0.01
1523 3202.946 186.6 0.52 -0.00
1524 3204.338 459.7 0.52 -0.03
1525 3207.724 207.1 0.50 -0.03
1526 3209.991 323.1 0.50 -0.02
1527 3210.673 213.9 0.51 -0.01
1528 3211.356 125.2 0.51 -0.01
1529 3211.657 125.2 0.51 -0.01
1530 3213.513 182.0 0.52 -0.00
1531 3215.370 218.5 0.49 -0.01
1532 3216.517 234.4 0.49 -0.01
1533 3220.094 195.7 0.49 -0.02
1534 3220.913 132.0 0.49 -0.01
1535 3227.139 223.0 0.58 0.00
1536 3230.990 129.7 0.59 -0.02
1537 3235.604 241.2 0.60 -0.02
1538 3236.314 241.2 0.58 -0.02
1539 3237.980 147.9 0.59 -0.02
1540 3239.974 175.2 0.58 -0.02
1541 3244.943 195.7 0.59 -0.03
1542 3245.298 161.6 0.59 -0.03
1543 3246.227 168.4 0.58 -0.02
1544 3249.258 202.5 0.58 0.01
1545 3251.033 97.8 0.57 0.02
1546 3252.207 316.3 0.60 0.02
1547 3256.139 202.5 0.60 0.01
1548 3259.907 289.0 0.58 -0.00
1549 3261.027 243.5 0.57 -0.01
1550 3261.300 223.0 0.58 -0.01
1551 3265.423 147.9 0.56 0.01
1552 3265.888 343.6 0.56 0.00
1553 3271.294 136.5 0.57 -0.01
1554 3273.834 213.9 0.61 -0.02
1555 3278.749 152.5 0.61 -0.05
1556 3280.579 245.8 0.57 -0.03
1557 3282.244 182.0 0.57 -0.06
1558 3283.828 141.1 0.55 -0.04
1559 3286.258 229.8 0.56 -0.07
1560 3287.351 136.5 0.58 -0.02
1561 3287.706 163.8 0.58 -0.04
1562 3289.781 234.4 0.59 -0.04
1563 3290.545 191.1 0.57 -0.05
1564 3291.720 229.8 0.58 -0.04
1565 3293.959 136.5 0.58 -0.02
1566 3298.219 307.2 0.58 -0.02
1567 3300.431 257.1 0.58 -0.02
1568 3302.888 152.5 0.58 -0.02
1569 3304.554 213.9 0.58 -0.00
1570 3307.093 409.6 0.55 -0.02
1571 3310.316 273.1 0.55 -0.00
1572 3311.845 213.9 0.55 -0.01
1573 3314.876 386.8 0.54 -0.00
1574 3315.613 136.5 0.53 0.02
1575 3316.214 425.5 0.52 0.01
1576 3318.098 223.0 0.52 -0.01
1577 3318.453 216.2 0.52 -0.01
1578 3318.890 113.8 0.51 -0.00
1579 3319.900 163.8 0.53 0.00
1580 3321.429 168.4 0.53 -0.00
1581 3323.286 152.5 0.52 -0.00
1582 3324.733 209.4 0.54 -0.00
1583 3325.252 291.3 0.55 -0.00
1584 3327.628 193.4 0.57 -0.03
1585 3328.502 141.1 0.56 -0.02
1586 3328.748 188.9 0.57 -0.02
1587 3331.314 348.2 0.58 -0.04
1588 3332.953 218.5 0.57 -0.03
1589 3334.045 257.1 0.58 -0.03
1590 3334.537 218.5 0.59 -0.03
1591 3334.782 191.1 0.58 -0.02
1592 3337.950 163.8 0.57 -0.02
1593 3339.889 273.1 0.56 -0.03
1594 3342.155 207.1 0.55 -0.01
1595 3344.585 229.8 0.58 -0.01
1596 3346.224 245.8 0.58 0.01
1597 3349.910 229.8 0.57 -0.00
1598 3350.948 202.5 0.58 -0.01
1599 3354.716 273.1 0.57 -0.00
1600 3355.590 179.8 0.59 -0.01
1601 3355.863 186.6 0.56 -0.01
1602 3361.625 127.4 0.56 0.01
1603 3364.765 152.5 0.56 -0.01
1604 3368.998 207.1 0.57 0.00
1605 3369.434 175.2 0.58 0.01
1606 3371.209 166.1 0.58 0.01
1607 3374.049 234.4 0.59 -0.00
1608 3374.677 264.0 0.59 0.00
1609 3378.418 289.0 0.59 -0.01
1610 3383.579 163.8 0.58 0.01
1611 3385.873 366.4 0.60 0.04
1612 3386.556 93.3 0.59 0.02
1613 3387.211 175.2 0.60 0.04
1614 3388.495 370.9 0.59 0.02
1615 3389.532 175.2 0.58 0.01
1616 3391.116 147.9 0.56 0.01
1617 3392.536 218.5 0.58 0.00
1618 3394.720 136.5 0.55 -0.00
1619 3398.571 207.1 0.59 0.01
1620 3400.400 207.1 0.59 0.01
1621 3401.247 120.6 0.60 0.01
1622 3402.175 218.5 0.59 -0.01
1623 3403.377 136.5 0.60 -0.01
1624 3403.595 163.8 0.59 -0.01
1625 3407.691 191.1 0.58 -0.00
1626 3409.958 277.6 0.59 -0.01
1627 3410.722 202.5 0.58 -0.00
1628 3411.951 116.1 0.57 0.00
1629 3413.207 229.8 0.58 -0.00
1630 3414.982 241.2 0.58 -0.00
1631 3415.282 227.6 0.58 -0.00
1632 3417.467 350.4 0.58 0.00
1633 3418.505 250.3 0.58 0.01
1634 3419.215 245.8 0.58 0.00
1635 3419.843 257.1 0.58 0.00
1636 3421.208 207.1 0.58 0.00
1637 3421.699 361.8 0.57 -0.01
1638 3424.785 175.2 0.60 -0.01
1639 3425.249 141.1 0.60 -0.01
1640 3426.505 202.5 0.60 -0.02
1641 3427.488 163.8 0.59 -0.02
1642 3431.557 261.7 0.58 -0.01
1643 3433.987 152.5 0.58 -0.01
1644 3434.534 268.5 0.56 -0.02
1645 3437.756 81.9 0.56 -0.00
1646 3439.230 175.2 0.56 -0.00
1647 3440.650 186.6 0.56 -0.00
1648 3443.763 245.8 0.56 -0.00
1649 3445.320 238.9 0.57 0.01
1650 3446.603 225.3 0.57 -0.01
1651 3447.723 163.8 0.57 -0.02
1652 3448.760 293.5 0.57 0.01
1653 3449.061 252.6 0.56 0.01
1654 3449.771 109.2 0.56 -0.02
1655 3453.157 218.5 0.57 -0.00
1656 3454.331 191.1 0.56 -0.00
1657 3464.516 339.1 0.57 0.01
1658 3469.022 327.7 0.55 -0.01
1659 3471.043 175.2 0.57 0.01
1660 3475.057 207.1 0.56 -0.00
1661 3476.968 229.8 0.54 0.01
1662 3479.207 179.8 0.55 0.01
1663 3482.948 186.6 0.57 -0.01
1664 3483.494 209.4 0.55 0.00
1665 3484.751 245.8 0.55 0.02
1666 3486.908 109.2 0.55 0.02
1667 3493.024 159.3 0.55 -0.01
1668 3495.728 316.3 0.54 -0.01
1669 3500.124 213.9 0.55 -0.00
1670 3501.626 159.3 0.54 0.01
1671 3503.565 207.1 0.55 0.01
1672 3505.312 141.1 0.56 0.01
1673 3505.722 245.8 0.56 -0.00
1674 3509.545 202.5 0.56 0.00
1675 3512.603 327.7 0.55 0.00
1676 3516.017 136.5 0.55 0.01
1677 3518.447 168.4 0.56 0.02
1678 3519.403 191.1 0.56 0.01
1679 3520.358 198.0 0.56 0.01
1680 3521.041 191.1 0.58 0.01
1681 3522.707 268.5 0.57 0.00
1682 3525.902 241.2 0.55 -0.00
1683 3526.830 295.8 0.56 -0.02
1684 3527.840 97.8 0.55 -0.00
1685 3528.441 257.1 0.55 -0.01
1686 3528.823 186.6 0.56 -0.01
1687 3529.206 186.6 0.56 -0.01
1688 3533.220 289.0 0.56 0.00
1689 3537.261 213.9 0.55 0.01
1690 3539.227 225.3 0.55 0.02
1691 3539.528 143.4 0.55 0.02
1692 3541.057 207.1 0.55 0.01
1693 3541.658 202.5 0.55 0.01
1694 3544.989 125.2 0.54 0.01
1695 3546.272 293.5 0.53 0.01
1696 3549.030 229.8 0.56 0.05
1697 3551.297 234.4 0.56 0.04
1698 3552.717 163.8 0.54 0.05
1699 3555.420 113.8 0.55 0.05
1700 3559.325 213.9 0.54 0.01
1701 3560.390 127.4 0.52 0.03
1702 3563.257 168.4 0.54 0.03
1703 3564.841 195.7 0.55 0.04
1704 3565.196 311.8 0.54 0.04
1705 3567.271 163.8 0.55 0.04
1706 3567.681 202.5 0.55 0.04
1707 3568.555 168.4 0.54 0.04
1708 3569.210 289.0 0.54 0.05
1709 3571.449 332.2 0.53 0.03
1710 3577.047 136.5 0.53 0.03
1711 3579.122 163.8 0.53 0.01
1712 3583.055 209.4 0.54 0.04
1713 3583.710 245.8 0.54 0.04
1714 3584.092 213.9 0.55 0.04
1715 3586.714 261.7 0.55 0.03
1716 3588.215 179.8 0.54 0.05
1717 3591.629 245.8 0.57 0.03
1718 3593.540 136.5 0.56 0.04
1719 3595.370 350.4 0.57 0.04
1720 3599.193 147.9 0.58 0.01
1721 3600.121 163.8 0.59 0.00
1722 3604.326 120.6 0.58 0.02
1723 3608.095 191.1 0.58 0.01
1724 3609.624 234.4 0.58 0.00
1725 3611.481 234.4 0.57 -0.00
1726 3611.890 132.0 0.58 0.00
1727 3616.997 141.1 0.57 0.04
1728 3618.307 218.5 0.55 0.03
1729 3621.393 304.9 0.58 0.05
1730 3622.294 179.8 0.58 0.05
1731 3623.168 211.6 0.57 0.04
1732 3624.178 241.2 0.57 0.01
1733 3626.199 175.2 0.55 0.00
1734 3628.848 229.8 0.54 0.00
1735 3632.971 370.9 0.54 -0.01
1736 3633.408 300.4 0.56 0.01
1737 3636.193 300.4 0.55 0.03
1738 3637.422 152.5 0.55 0.02
1739 3638.241 279.9 0.53 0.03
1740 3641.327 277.6 0.55 -0.03
1741 3641.573 202.5 0.56 -0.03
1742 3644.686 245.8 0.56 0.01
1743 3645.068 191.1 0.56 0.01
1744 3650.857 213.9 0.53 0.01
1745 3653.478 234.4 0.53 0.00
1746 3654.543 218.5 0.53 0.00
1747 3655.008 136.5 0.51 0.01
1748 3655.690 125.2 0.51 -0.00
1749 3656.182 116.1 0.50 -0.00
1750 3657.574 238.9 0.51 0.01
1751 3658.667 229.8 0.51 0.01
1752 3660.469 202.5 0.56 0.00
1753 3661.124 284.4 0.53 -0.01
1754 3662.244 229.8 0.56 -0.01
1755 3663.636 186.6 0.55 -0.02
1756 3670.245 300.4 0.58 -0.00
1757 3671.337 109.2 0.56 -0.00
1758 3680.567 191.1 0.58 -0.00
1759 3680.949 279.9 0.56 -0.00
1760 3687.639 179.8 0.56 0.01
1761 3692.063 389.1 0.54 0.01
1762 3693.373 257.1 0.55 0.02
1763 3694.821 202.5 0.55 0.02
1764 3695.258 279.9 0.55 0.03
1765 3699.108 261.7 0.57 0.03
1766 3702.357 163.8 0.57 -0.02
1767 3703.805 191.1 0.58 -0.02
1768 3705.716 436.9 0.57 0.05
1769 3706.945 116.1 0.56 -0.00
1770 3707.300 252.6 0.55 -0.01
1771 3718.523 175.2 0.55 0.03
1772 3719.615 120.6 0.56 0.02
1773 3721.226 202.5 0.56 0.03
1774 3722.701 332.2 0.54 0.04
1775 3723.001 270.8 0.55 0.04
1776 3723.438 186.6 0.54 0.02
1777 3724.940 132.0 0.54 0.02
1778 3725.923 152.5 0.55 0.02
1779 3726.715 245.8 0.54 0.01
1780 3727.206 170.7 0.55 0.00
1781 3730.183 229.8 0.56 -0.00
1782 3731.903 191.1 0.56 -0.00
1783 3737.665 273.1 0.57 0.01
1784 3738.047 259.4 0.57 0.01
1785 3739.112 186.6 0.55 0.01
1786 3740.204 359.5 0.56 0.02
1787 3741.187 261.7 0.55 0.02
1788 3747.987 229.8 0.58 -0.01
1789 3748.669 175.2 0.56 -0.01
1790 3751.482 229.8 0.57 -0.02
1791 3754.213 147.9 0.57 -0.03
1792 3759.974 157.0 0.58 0.02
1793 3761.804 113.8 0.60 0.02
1794 3762.896 125.2 0.59 0.02
1795 3768.412 168.4 0.59 0.01
1796 3768.986 261.7 0.59 0.01
1797 3769.450 179.8 0.57 0.01
1798 3770.105 147.9 0.59 0.01
1799 3771.525 273.1 0.58 0.00
1800 3773.464 202.5 0.59 -0.00
1801 3775.266 245.8 0.58 -0.01
1802 3776.167 125.2 0.59 -0.01
1803 3776.877 432.4 0.59 -0.01
1804 3777.451 186.6 0.57 -0.01
1805 3780.291 370.9 0.63 -0.00
1806 3788.974 147.9 0.57 -0.00
1807 3790.886 316.3 0.56 0.01
1808 3792.660 243.5 0.54 0.04
1809 3796.483 168.4 0.56 0.02
1810 3797.876 157.0 0.57 -0.00
1811 3799.514 175.2 0.55 0.04
1812 3800.962 127.4 0.55 0.00
1813 3801.562 132.0 0.55 0.01
1814 3802.245 425.5 0.55 0.04
1815 3803.638 120.6 0.56 0.03
1816 3804.894 218.5 0.57 0.04
1817 3805.932 304.9 0.58 0.04
1818 3807.379 170.7 0.58 0.03
1819 3808.526 175.2 0.59 0.02
1820 3810.410 223.0 0.59 0.01
1821 3813.932 402.8 0.59 0.02
1822 3814.369 430.1 0.59 0.02
1823 3818.957 163.8 0.56 0.00
1824 3820.732 175.2 0.57 0.02
1825 3822.425 261.7 0.57 0.02
1826 3830.098 350.4 0.55 0.01
1827 3831.163 300.4 0.57 -0.00
1828 3832.364 241.2 0.56 0.01
1829 3834.522 229.8 0.57 0.00
1830 3836.624 245.8 0.57 0.00
1831 3839.874 241.2 0.57 -0.00
1832 3841.075 257.1 0.57 0.01
1833 3848.120 416.4 0.58 0.01
1834 3851.697 141.1 0.62 0.00
1835 3857.323 179.8 0.57 0.01
1836 3859.671 198.0 0.58 0.02
1837 3859.999 218.5 0.60 0.02
1838 3860.627 261.7 0.59 0.02
1839 3864.914 218.5 0.59 0.02
1840 3865.433 184.3 0.57 0.01
1841 3870.048 152.5 0.59 -0.00
1842 3871.659 175.2 0.59 0.00
1843 3874.963 202.5 0.59 -0.00
1844 3875.400 277.6 0.59 -0.00
1845 3878.513 223.0 0.58 -0.02
1846 3880.588 152.5 0.57 -0.01
1847 3885.967 261.7 0.58 -0.01
1848 3886.623 179.8 0.56 -0.02
1849 3887.770 218.5 0.57 -0.02
1850 3893.777 191.1 0.58 0.00
1851 3894.979 127.4 0.58 0.01
1852 3897.218 191.1 0.57 0.01
1853 3902.706 229.8 0.57 0.02
1854 3904.263 432.4 0.58 0.01
1855 3906.092 147.9 0.57 0.01
1856 3909.642 163.8 0.58 0.00
1857 3915.377 398.2 0.57 0.01
1858 3919.336 109.2 0.55 0.01
1859 3923.432 168.4 0.58 0.01
1860 3924.716 147.9 0.57 0.00
1861 3925.808 245.8 0.58 0.01
1862 3926.299 279.9 0.57 0.01
1863 3928.812 175.2 0.59 0.01
1864 3929.276 245.8 0.58 0.00
1865 3932.006 163.8 0.59 0.02
1866 3932.389 184.3 0.58 0.02
1867 3932.908 191.1 0.59 0.01
1868 3938.369 289.0 0.56 0.02
1869 3941.618 143.4 0.57 0.00
1870 3942.492 207.1 0.57 0.01
1871 3943.393 132.0 0.55 0.01
1872 3944.950 163.8 0.56 0.01
1873 3946.889 234.4 0.57 0.00
1874 3951.749 132.0 0.59 0.01
1875 3952.732 132.0 0.58 0.02
1876 3956.746 163.8 0.58 0.01
1877 3958.658 257.1 0.58 0.00
1878 3959.395 257.1 0.56 0.01
1879 3960.132 136.5 0.57 0.00
1880 3963.546 191.1 0.58 -0.01
1881 3964.665 109.2 0.58 0.00
1882 3968.843 179.8 0.56 0.01
1883 3970.127 343.6 0.54 0.00
1884 3970.673 207.1 0.55 -0.01
1885 3974.113 163.8 0.54 -0.00
1886 3980.175 186.6 0.56 0.03
1887 3985.609 200.2 0.56 0.01
1888 3986.347 179.8 0.55 0.01
1889 3987.685 273.1 0.55 0.00
1890 3988.258 273.1 0.55 0.00
1891 3988.640 218.5 0.55 0.00
1892 3991.917 218.5 0.57 0.00
1893 3993.091 163.8 0.57 0.01
1894 3993.446 436.9 0.57 0.00
1895 3994.320 143.4 0.56 0.00
1896 3994.566 145.6 0.57 0.00
1897 3996.505 102.4 0.55 -0.01
1898 3996.969 147.9 0.57 -0.00
1899 4000.382 175.2 0.54 0.01
1900 4000.928 250.3 0.56 -0.01
1901 4004.506 125.2 0.54 0.02
1902 4006.117 257.1 0.55 0.02
1903 4008.247 191.1 0.55 0.01
1904 4011.523 152.5 0.57 0.01
1905 4012.588 213.9 0.56 0.01
1906 4012.889 241.2 0.58 0.02
1907 4014.145 168.4 0.56 0.02
1908 4014.882 245.8 0.57 0.02
1909 4015.701 245.8 0.56 0.02
1910 4016.166 191.1 0.56 0.02
1911 4016.493 202.5 0.56 0.02
1912 4017.585 207.1 0.56 0.01
1913 4022.801 370.9 0.56 0.01
1914 4023.511 159.3 0.56 0.00
1915 4023.702 152.5 0.57 0.00
1916 4024.166 268.5 0.57 -0.01
1917 4024.603 213.9 0.57 -0.01
1918 4025.341 218.5 0.57 -0.01
1919 4026.051 186.6 0.56 -0.01
1920 4028.590 152.5 0.57 -0.02
1921 4032.358 264.0 0.55 -0.02
1922 4034.051 159.3 0.54 -0.00
1923 4036.045 223.0 0.54 0.01
1924 4037.137 163.8 0.55 0.01
1925 4039.431 241.2 0.55 0.00
1926 4040.823 314.0 0.55 -0.00
1927 4044.018 425.5 0.55 0.02
1928 4044.947 202.5 0.54 -0.01
1929 4045.329 161.6 0.55 -0.01
1930 4049.370 436.9 0.56 0.02
1931 4053.466 261.7 0.55 -0.01
1932 4058.163 245.8 0.56 -0.01
1933 4061.058 168.4 0.55 -0.01
1934 4062.341 316.3 0.56 -0.01
1935 4063.898 120.6 0.54 -0.00
1936 4070.260 316.3 0.52 0.00
1937 4074.711 118.3 0.53 0.01
1938 4077.906 132.0 0.52 0.02
1939 4078.452 125.2 0.54 0.02
1940 4079.053 304.9 0.54 0.02
1941 4081.620 409.6 0.52 0.02
1942 4083.231 421.0 0.54 0.00
1943 4093.553 152.5 0.53 0.01
1944 4094.071 198.0 0.54 0.01
1945 4094.345 152.5 0.53 0.01
1946 4099.751 207.1 0.54 -0.01
1947 4101.990 382.3 0.52 0.02
1948 4103.219 339.1 0.54 0.00
1949 4110.810 273.1 0.56 0.05
1950 4111.793 175.2 0.58 0.03
1951 4112.285 175.2 0.56 0.04
1952 4112.831 163.8 0.57 0.03
1953 4114.606 207.1 0.57 0.02
1954 4117.528 136.5 0.56 0.02
1955 4119.658 168.4 0.56 0.02
1956 4123.017 136.5 0.55 0.02
1957 4126.566 179.8 0.54 -0.01
1958 4130.307 268.5 0.54 -0.01
1959 4135.796 141.1 0.55 0.03
1960 4144.288 152.5 0.54 0.02
1961 4144.698 234.4 0.54 0.04
1962 4145.271 289.0 0.53 0.03
1963 4146.336 234.4 0.53 0.04
1964 4147.511 175.2 0.53 0.02
1965 4149.504 350.4 0.54 0.00
1966 4150.705 300.4 0.55 0.01
1967 4153.491 234.4 0.54 0.01
1968 4154.173 136.5 0.55 0.01
1969 4156.085 261.7 0.56 0.01
1970 4161.601 93.3 0.53 0.03
1971 4161.901 127.4 0.54 0.03
1972 4165.205 195.7 0.55 0.02
1973 4169.547 191.1 0.54 0.04
1974 4170.093 245.8 0.55 0.03
1975 4170.476 409.6 0.53 0.04
1976 4173.834 120.6 0.54 0.02
1977 4176.210 191.1 0.54 0.01
1978 4176.947 311.8 0.54 0.00
1979 4181.234 223.0 0.55 0.00
1980 4182.299 257.1 0.56 0.04
1981 4186.477 136.5 0.55 0.05
1982 4187.023 277.6 0.55 0.06
1983 4188.580 225.3 0.54 0.05
1984 4189.617 159.3 0.54 0.05
1985 4192.949 70.5 0.51 0.04
1986 4196.280 238.9 0.54 0.03
1987 4210.289 179.8 0.54 0.02
1988 4211.244 198.0 0.55 0.03
1989 4211.927 273.1 0.53 0.03
1990 4212.883 266.2 0.52 0.01
1991 4214.330 218.5 0.54 0.04
1992 4216.160 97.8 0.50 0.01
1993 4216.378 138.8 0.51 0.01
1994 4216.760 193.4 0.53 0.03
1995 4218.699 234.4 0.53 0.00
1996 4226.645 261.7 0.56 0.01
1997 4229.321 241.2 0.54 0.02
1998 4231.561 125.2 0.55 0.02
1999 4232.625 229.8 0.53 0.04
2000 4233.254 86.5 0.54 0.02
