1 5.663 184.3 0.54 0.03
2 8.748 198.0 0.51 0.06
3 13.773 179.8 0.49 0.03
4 15.084 191.1 0.47 0.07
5 17.787 152.5 0.51 0.07
6 18.879 182.0 0.49 0.07
7 24.231 175.2 0.51 0.06
8 26.197 300.4 0.50 0.03
9 29.665 163.8 0.47 0.02
10 30.867 459.7 0.46 0.00
11 37.011 186.6 0.52 0.03
12 41.516 125.2 0.48 0.04
13 42.308 113.8 0.55 -0.01
14 49.108 191.1 0.54 0.01
15 50.364 234.4 0.46 0.01
16 56.262 436.9 0.45 0.05
17 61.614 284.4 0.50 0.02
18 63.252 113.8 0.50 0.01
19 63.498 182.0 0.54 0.01
20 72.701 186.6 0.51 0.03
21 73.329 339.1 0.52 0.02
22 75.704 182.0 0.53 0.03
23 78.845 300.4 0.54 0.02
24 79.445 136.5 0.53 0.03
25 80.210 182.0 0.54 0.03
26 81.958 320.9 0.53 0.03
27 83.623 229.8 0.54 0.03
28 87.255 261.7 0.54 0.02
29 89.003 152.5 0.54 0.01
30 91.406 234.4 0.53 0.03
31 92.471 257.1 0.53 0.03
32 98.751 170.7 0.56 0.02
33 102.274 264.0 0.55 0.06
34 103.503 195.7 0.54 0.04
35 104.786 186.6 0.55 0.03
36 105.632 175.2 0.54 0.05
37 106.725 179.8 0.54 0.06
38 107.599 402.8 0.53 0.08
39 111.640 229.8 0.54 0.03
40 111.940 229.8 0.55 0.03
41 113.743 309.5 0.53 0.03
42 114.070 282.2 0.55 0.03
43 115.872 157.0 0.55 0.04
44 122.180 134.3 0.51 0.04
45 122.918 97.8 0.55 0.05
46 127.942 175.2 0.48 0.01
47 129.171 309.5 0.55 0.03
48 129.662 213.9 0.54 0.03
49 132.038 175.2 0.53 0.01
50 133.540 168.4 0.48 0.01
51 134.823 273.1 0.38 0.06
52 137.854 257.1 0.46 -0.02
53 139.711 245.8 0.43 0.03
54 150.306 152.5 0.46 -0.01
55 150.852 311.8 0.47 0.01
56 153.528 245.8 0.51 0.03
57 154.539 304.9 0.52 0.03
58 155.631 307.2 0.52 0.03
59 156.914 159.3 0.49 0.04
60 157.078 132.0 0.24 0.04
61 159.208 163.8 0.51 0.02
62 162.103 213.9 0.51 0.03
63 163.058 86.5 0.26 0.02
64 165.379 179.8 0.53 0.02
65 166.963 250.3 0.54 0.03
66 170.650 163.8 0.52 0.04
67 171.551 182.0 0.49 0.04
68 172.916 218.5 0.51 0.03
69 176.357 261.7 0.52 0.01
70 183.839 238.9 0.53 -0.02
71 187.170 268.5 0.55 0.01
72 189.273 132.0 0.55 0.01
73 193.505 223.0 0.48 -0.03
74 194.898 170.7 0.50 0.01
75 195.226 198.0 0.52 0.02
76 198.912 170.7 0.53 0.01
77 199.813 125.2 0.51 0.01
78 201.533 327.7 0.50 -0.02
79 203.363 168.4 0.54 -0.02
80 204.728 284.4 0.52 0.01
81 205.329 163.8 0.26 0.01
82 206.094 175.2 0.51 0.01
83 207.322 202.5 0.51 0.01
84 213.193 459.7 0.48 0.00
85 213.821 279.9 0.47 0.00
86 214.231 266.2 0.47 0.00
87 214.914 61.4 0.50 -0.01
88 216.907 295.8 0.47 -0.01
89 220.239 179.8 0.47 0.02
90 221.549 264.0 0.48 0.03
91 226.383 179.8 0.50 0.02
92 226.847 227.6 0.50 0.02
93 227.475 186.6 0.48 0.05
94 231.216 179.8 0.50 0.00
95 232.909 261.7 0.47 0.01
96 238.834 266.2 0.38 0.02
97 239.326 136.5 0.40 0.03
98 242.193 147.9 0.45 0.02
99 243.449 304.9 0.44 0.02
100 248.201 223.0 0.45 0.02
101 250.604 229.8 0.45 -0.01
102 251.641 268.5 0.45 -0.02
103 253.744 289.0 0.49 0.04
104 256.038 300.4 0.46 0.01
105 257.567 252.6 0.45 -0.01
106 261.963 316.3 0.47 0.07
107 263.301 141.1 0.46 0.07
108 264.284 218.5 0.46 0.06
109 266.441 370.9 0.42 0.05
110 271.411 245.8 0.42 0.04
111 275.944 191.1 0.45 0.03
112 276.627 261.7 0.44 0.03
113 279.194 261.7 0.48 0.01
114 280.695 382.3 0.47 0.01
115 282.634 141.1 0.50 0.04
116 283.535 168.4 0.48 0.05
117 288.177 414.2 0.47 0.01
118 289.761 245.8 0.44 0.08
119 292.547 421.0 0.43 -0.01
120 293.803 409.6 0.42 -0.03
121 300.029 234.4 0.41 -0.00
122 301.257 234.4 0.42 -0.02
123 301.694 355.0 0.41 -0.01
124 305.599 261.7 0.53 0.05
125 308.166 163.8 0.56 0.02
126 308.931 229.8 0.57 0.01
127 309.968 218.5 0.58 0.00
128 312.426 163.8 0.58 0.01
129 312.726 284.4 0.49 0.00
130 318.051 241.2 0.55 0.02
131 318.816 179.8 0.53 0.00
132 324.714 159.3 0.50 0.02
133 327.991 77.4 0.51 0.00
134 329.547 284.4 0.56 -0.04
135 332.469 109.2 0.58 -0.05
136 337.220 245.8 0.49 -0.07
137 337.766 250.3 0.61 0.01
138 339.459 277.6 0.53 0.03
139 344.156 113.8 0.53 -0.00
140 346.860 97.8 0.55 0.01
141 350.983 218.5 0.44 0.03
142 351.420 88.7 0.56 0.01
143 352.130 175.2 0.52 0.01
144 353.004 202.5 0.47 0.02
145 357.127 241.2 0.49 0.01
146 359.612 320.9 0.49 0.03
147 362.315 284.4 0.48 0.05
148 364.117 241.2 0.49 0.04
149 367.749 311.8 0.51 0.03
150 369.633 234.4 0.49 0.02
151 373.620 175.2 0.52 -0.01
152 375.368 136.5 0.50 -0.01
153 376.269 295.8 0.51 -0.01
154 376.542 141.1 0.49 -0.00
155 376.733 207.1 0.49 -0.02
156 379.300 152.5 0.51 -0.04
157 379.791 179.8 0.51 -0.05
158 380.556 284.4 0.50 -0.05
159 381.102 304.9 0.50 -0.04
160 384.488 127.4 0.54 -0.02
161 386.454 234.4 0.53 0.03
162 386.864 132.0 0.53 0.01
163 390.359 175.2 0.52 0.01
164 395.820 125.2 0.54 0.02
165 397.841 241.2 0.53 0.04
166 398.387 229.8 0.52 0.03
167 402.592 300.4 0.47 0.01
168 403.139 152.5 0.50 -0.02
169 404.422 202.5 0.48 -0.03
170 406.634 252.6 0.50 -0.02
171 410.866 97.8 0.49 -0.01
172 412.368 316.3 0.52 -0.01
173 415.208 191.1 0.52 0.03
174 415.590 243.5 0.51 0.03
175 423.291 436.9 0.48 0.01
176 427.087 355.0 0.50 -0.03
177 427.851 179.8 0.51 -0.03
178 429.544 311.8 0.52 -0.04
179 431.729 277.6 0.52 -0.03
180 434.842 245.8 0.50 -0.03
181 437.299 229.8 0.48 -0.01
182 438.528 530.2 0.45 -0.01
183 440.330 409.6 0.43 0.03
184 442.406 530.2 0.42 0.04
185 446.502 195.7 0.44 0.01
186 453.055 229.8 0.51 0.01
187 455.158 229.8 0.52 0.02
188 459.363 129.7 0.52 0.03
189 466.381 295.8 0.52 0.06
190 469.740 113.8 0.53 0.07
191 471.569 279.9 0.54 0.10
192 472.689 229.8 0.54 0.05
193 475.010 245.8 0.53 0.02
194 476.785 421.0 0.51 -0.01
195 477.522 257.1 0.51 -0.01
196 481.154 491.5 0.48 -0.02
197 483.912 393.7 0.49 -0.01
198 484.813 202.5 0.41 -0.07
199 485.687 300.4 0.40 -0.08
200 487.707 464.2 0.40 -0.03
201 489.673 163.8 0.41 -0.07
202 490.984 323.1 0.42 -0.03
203 491.585 304.9 0.43 -0.03
204 493.797 323.1 0.43 -0.04
205 503.217 245.8 0.52 -0.02
206 505.975 175.2 0.52 -0.00
207 506.631 273.1 0.54 -0.00
208 509.689 238.9 0.48 0.01
209 511.109 118.3 0.53 -0.01
210 511.273 125.2 0.53 -0.01
211 518.345 261.7 0.40 0.02
212 519.438 350.4 0.41 0.02
213 520.066 323.1 0.45 0.03
214 523.370 109.2 0.45 0.03
215 523.725 109.2 0.45 0.03
216 525.281 152.5 0.52 0.02
217 531.753 273.1 0.50 0.01
218 535.767 241.2 0.51 0.02
219 539.126 168.4 0.51 0.01
220 541.911 218.5 0.52 0.02
221 544.532 304.9 0.48 0.02
222 545.188 241.2 0.51 0.03
223 547.345 186.6 0.51 0.03
224 553.025 202.5 0.48 0.01
225 560.125 327.7 0.50 0.01
226 560.561 241.2 0.50 -0.01
227 561.954 104.7 0.50 0.01
228 562.609 370.9 0.50 0.02
229 564.739 147.9 0.52 0.02
230 566.269 225.3 0.53 0.05
231 566.842 113.8 0.53 0.01
232 578.720 234.4 0.47 -0.00
233 579.048 241.2 0.50 -0.00
234 579.813 266.2 0.47 0.02
235 580.659 186.6 0.44 -0.01
236 583.363 147.9 0.50 0.09
237 584.182 323.1 0.46 0.06
238 585.984 182.0 0.50 0.06
239 587.076 257.1 0.52 0.07
240 589.233 136.5 0.53 0.07
241 589.561 109.2 0.51 0.07
242 592.374 218.5 0.51 0.08
243 592.865 136.5 0.52 0.07
244 597.071 257.1 0.50 0.05
245 598.054 152.5 0.50 0.05
246 601.330 170.7 0.49 0.01
247 603.460 223.0 0.48 -0.01
248 607.884 225.3 0.45 0.01
249 611.707 179.8 0.51 -0.01
250 614.629 245.8 0.50 -0.01
251 614.984 245.8 0.49 -0.01
252 619.380 175.2 0.45 -0.02
253 621.756 182.0 0.43 0.01
254 625.114 136.5 0.47 0.02
255 625.934 452.8 0.45 0.04
256 629.374 291.3 0.47 0.05
257 630.658 170.7 0.47 0.04
258 634.781 377.7 0.48 0.04
259 636.365 273.1 0.49 0.05
260 636.638 207.1 0.49 0.05
261 640.761 578.0 0.48 0.01
262 641.744 120.6 0.54 -0.00
263 643.355 223.0 0.48 -0.00
264 644.611 109.2 0.51 -0.02
265 647.069 147.9 0.48 0.03
266 650.919 191.1 0.49 0.02
267 653.213 72.8 0.47 0.03
268 654.524 316.3 0.50 0.03
269 657.254 120.6 0.51 0.01
270 657.664 257.1 0.50 0.01
271 660.750 259.4 0.50 0.03
272 661.268 195.7 0.49 0.03
273 661.542 257.1 0.50 0.03
274 663.863 293.5 0.47 0.02
275 665.228 309.5 0.50 0.04
276 666.129 186.6 0.48 0.03
277 668.122 163.8 0.48 0.04
278 674.266 147.9 0.48 0.02
279 676.369 175.2 0.47 0.01
280 678.035 207.1 0.49 0.01
281 681.148 234.4 0.47 0.01
282 684.397 218.5 0.49 0.02
283 684.780 184.3 0.49 0.02
284 685.298 339.1 0.50 0.02
285 687.483 370.9 0.51 -0.00
286 690.268 125.2 0.50 0.02
287 692.535 218.5 0.53 0.02
288 699.252 195.7 0.45 0.03
289 701.873 195.7 0.51 -0.00
290 702.884 218.5 0.50 -0.01
291 706.925 327.7 0.50 -0.00
292 711.540 534.8 0.50 -0.01
293 717.001 202.5 0.51 -0.02
294 720.415 170.7 0.51 0.00
295 724.456 273.1 0.51 0.02
296 725.794 163.8 0.50 0.01
297 727.487 425.5 0.50 0.02
298 732.157 159.3 0.48 0.01
299 732.621 300.4 0.50 0.02
300 734.287 179.8 0.50 0.03
301 736.335 191.1 0.50 0.05
302 738.355 218.5 0.51 0.00
303 740.349 229.8 0.52 -0.00
304 750.234 207.1 0.48 0.02
305 753.101 273.1 0.48 0.02
306 753.920 311.8 0.42 0.05
307 756.186 213.9 0.43 0.04
308 761.402 382.3 0.51 0.01
309 763.450 218.5 0.50 -0.00
310 766.263 229.8 0.52 0.00
311 767.874 252.6 0.48 0.02
312 770.877 191.1 0.49 -0.01
313 771.342 307.2 0.48 0.00
314 774.618 241.2 0.48 -0.01
315 776.475 229.8 0.46 0.04
316 779.616 273.1 0.47 0.04
317 785.459 179.8 0.55 0.08
318 787.671 168.4 0.52 0.06
319 789.309 175.2 0.49 0.06
320 790.948 152.5 0.51 0.04
321 792.450 184.3 0.54 0.05
322 793.569 191.1 0.50 0.06
323 798.730 300.4 0.52 0.04
324 802.553 213.9 0.49 0.02
325 803.727 339.1 0.47 0.02
326 805.775 300.4 0.44 0.01
327 811.073 316.3 0.43 0.01
328 811.837 241.2 0.43 0.02
329 813.175 120.6 0.45 0.03
330 813.776 191.1 0.46 0.03
331 820.439 195.7 0.46 0.02
332 821.968 229.8 0.43 0.00
333 823.470 284.4 0.45 -0.00
334 827.730 311.8 0.45 -0.00
335 828.194 257.1 0.44 -0.00
336 829.177 184.3 0.45 0.01
337 830.379 163.8 0.46 0.01
338 832.891 195.7 0.52 -0.05
339 834.502 202.5 0.53 -0.05
340 834.912 279.9 0.52 -0.04
341 835.785 223.0 0.51 -0.04
342 836.850 386.8 0.52 -0.02
343 839.963 147.9 0.53 0.02
344 842.912 170.7 0.53 0.02
345 843.841 163.8 0.53 0.02
346 847.773 88.7 0.25 -0.00
347 848.374 229.8 0.56 0.00
348 851.842 120.6 0.25 -0.00
349 852.989 316.3 0.56 -0.00
350 854.927 116.1 0.55 -0.01
351 855.610 284.4 0.55 -0.00
352 856.593 170.7 0.53 -0.02
353 857.303 218.5 0.56 0.04
354 858.586 109.2 0.57 0.00
355 859.160 104.7 0.55 0.03
356 862.846 289.0 0.52 0.01
357 863.802 277.6 0.53 0.02
358 866.232 261.7 0.52 0.04
359 870.765 284.4 0.50 0.03
360 873.414 218.5 0.47 0.05
361 873.632 159.3 0.49 0.04
362 874.179 168.4 0.49 0.04
363 879.722 289.0 0.47 0.01
364 880.869 257.1 0.48 0.00
365 881.688 257.1 0.48 -0.00
366 885.047 168.4 0.51 -0.02
367 889.061 289.0 0.47 0.04
368 889.798 257.1 0.47 0.05
369 895.887 143.4 0.52 0.02
370 896.570 304.9 0.56 0.04
371 897.963 141.1 0.51 0.02
372 898.318 134.3 0.50 0.02
373 900.393 209.4 0.53 0.02
374 901.513 225.3 0.53 0.01
375 902.195 100.1 0.54 0.01
376 905.090 163.8 0.54 -0.00
377 910.851 213.9 0.56 0.03
378 911.561 175.2 0.52 0.01
379 911.780 182.0 0.56 0.02
380 913.527 455.1 0.58 0.02
381 918.033 300.4 0.55 0.02
382 918.497 289.0 0.56 0.03
383 918.934 229.8 0.55 0.05
384 920.982 213.9 0.58 0.01
385 922.293 159.3 0.56 0.02
386 927.672 179.8 0.58 0.05
387 927.973 193.4 0.58 0.05
388 929.911 207.1 0.58 0.06
389 934.690 207.1 0.57 0.05
390 936.356 129.7 0.56 -0.01
391 938.213 77.4 0.26 0.01
392 938.895 257.1 0.53 -0.03
393 939.469 361.8 0.53 -0.06
394 944.493 136.5 0.55 0.02
395 945.504 218.5 0.52 -0.01
396 946.896 323.1 0.53 -0.01
397 948.644 273.1 0.53 0.03
398 949.436 245.8 0.53 0.04
399 950.528 136.5 0.54 0.02
400 953.286 257.1 0.54 0.03
401 958.420 154.7 0.61 0.04
402 963.471 163.8 0.58 0.04
403 965.328 202.5 0.44 0.07
404 967.049 339.1 0.49 0.06
405 969.097 195.7 0.47 0.03
406 969.643 339.1 0.59 0.03
407 970.216 245.8 0.48 0.06
408 971.527 213.9 0.50 0.05
409 974.804 175.2 0.53 0.01
410 975.623 241.2 0.26 0.01
411 976.797 163.8 0.57 0.01
412 978.900 191.1 0.53 -0.00
413 979.582 152.5 0.59 0.05
414 979.855 225.3 0.51 0.01
415 980.429 218.5 0.57 0.04
416 983.023 202.5 0.59 0.02
417 984.033 116.1 0.57 0.05
418 985.235 184.3 0.58 0.04
419 993.836 175.2 0.58 0.04
420 995.584 218.5 0.56 0.05
421 997.441 157.0 0.57 0.02
422 1001.810 209.4 0.53 0.03
423 1002.793 213.9 0.52 0.02
424 1003.803 257.1 0.54 0.03
425 1004.841 168.4 0.54 0.02
426 1005.169 182.0 0.53 0.02
427 1007.380 223.0 0.54 0.04
428 1007.735 195.7 0.51 0.04
429 1010.466 277.6 0.50 0.08
430 1010.848 109.2 0.49 0.06
431 1013.606 266.2 0.47 0.07
432 1015.136 343.6 0.41 0.04
433 1018.412 459.7 0.39 0.02
434 1018.986 364.1 0.41 0.02
435 1021.498 250.3 0.54 0.02
436 1025.294 229.8 0.51 0.00
437 1028.161 202.5 0.54 0.03
438 1028.762 311.8 0.53 0.02
439 1034.687 218.5 0.55 0.02
440 1036.380 252.6 0.56 0.02
441 1036.790 238.9 0.56 0.02
442 1037.991 370.9 0.54 0.03
443 1038.920 175.2 0.55 0.03
444 1041.623 195.7 0.53 0.04
445 1042.005 163.8 0.53 0.04
446 1042.825 289.0 0.52 0.04
447 1043.808 284.4 0.51 0.03
448 1047.412 207.1 0.48 0.03
449 1048.422 245.8 0.49 0.02
450 1055.959 448.3 0.47 0.00
451 1057.297 159.3 0.47 -0.01
452 1058.034 113.8 0.46 0.00
453 1059.837 152.5 0.51 0.00
454 1061.257 245.8 0.51 0.00
455 1062.294 195.7 0.53 -0.01
456 1064.779 266.2 0.56 0.01
457 1067.155 191.1 0.54 -0.01
458 1067.482 191.1 0.54 -0.01
459 1067.756 191.1 0.54 -0.00
460 1072.234 88.7 0.58 0.02
461 1073.217 186.6 0.58 0.01
462 1074.555 334.5 0.57 0.02
463 1077.914 304.9 0.53 0.03
464 1079.279 109.2 0.54 0.03
465 1080.999 218.5 0.54 0.04
466 1081.409 259.4 0.55 0.04
467 1083.976 323.1 0.55 0.04
468 1085.641 355.0 0.53 0.04
469 1087.444 104.7 0.56 0.03
470 1089.137 175.2 0.57 0.04
471 1089.655 152.5 0.57 0.04
472 1090.311 198.0 0.57 0.04
473 1094.434 223.0 0.55 0.04
474 1095.554 245.8 0.48 0.05
475 1096.073 191.1 0.56 0.02
476 1099.076 234.4 0.53 -0.02
477 1099.349 213.9 0.53 -0.02
478 1099.814 343.6 0.51 -0.03
479 1103.828 316.3 0.54 -0.01
480 1108.852 170.7 0.47 0.03
481 1109.671 147.9 0.49 0.02
482 1115.897 125.2 0.47 0.01
483 1116.170 152.5 0.46 0.01
484 1116.771 257.1 0.49 0.00
485 1119.993 350.4 0.50 -0.02
486 1122.260 277.6 0.46 -0.02
487 1124.608 207.1 0.50 -0.02
488 1125.864 273.1 0.50 -0.01
489 1126.301 245.8 0.49 -0.01
490 1130.179 229.8 0.50 0.01
491 1134.193 480.1 0.51 -0.00
492 1140.610 218.5 0.52 -0.02
493 1142.985 273.1 0.52 0.02
494 1143.641 311.8 0.52 0.03
495 1144.050 284.4 0.50 0.03
496 1146.754 245.8 0.46 0.02
497 1148.583 202.5 0.50 0.00
498 1152.597 323.1 0.54 0.00
499 1154.918 268.5 0.52 0.03
500 1163.547 355.0 0.49 -0.00
501 1165.049 348.2 0.48 -0.01
502 1176.900 218.5 0.52 0.04
503 1177.474 334.5 0.49 0.02
504 1178.348 213.9 0.49 0.01
505 1185.147 202.5 0.47 0.02
506 1185.802 273.1 0.47 0.01
507 1187.222 113.8 0.47 0.04
508 1187.495 236.7 0.46 0.04
509 1188.833 300.4 0.44 0.05
510 1189.980 273.1 0.45 0.03
511 1190.526 316.3 0.44 0.03
512 1191.455 179.8 0.43 0.01
513 1191.919 268.5 0.45 -0.00
514 1193.748 234.4 0.47 -0.02
515 1196.070 202.5 0.47 -0.01
516 1199.920 316.3 0.45 0.02
517 1200.466 207.1 0.44 0.01
518 1205.845 332.2 0.43 0.02
519 1211.116 343.6 0.41 0.01
520 1213.409 186.6 0.43 -0.01
521 1214.119 605.3 0.45 0.00
522 1214.720 284.4 0.46 0.02
523 1216.304 143.4 0.46 0.02
524 1217.150 282.2 0.47 0.03
525 1217.860 370.9 0.47 0.02
526 1219.062 409.6 0.48 0.01
527 1222.147 316.3 0.49 0.03
528 1224.960 257.1 0.49 0.02
529 1226.025 245.8 0.48 0.03
530 1226.380 202.5 0.48 0.03
531 1230.421 175.2 0.46 0.03
532 1231.650 327.7 0.46 0.03
533 1232.633 398.2 0.48 0.03
534 1233.944 234.4 0.48 0.02
535 1234.545 289.0 0.47 0.02
536 1237.330 229.8 0.48 0.02
537 1238.804 163.8 0.46 0.01
538 1245.822 229.8 0.50 0.03
539 1247.488 207.1 0.51 0.03
540 1252.676 225.3 0.49 0.05
541 1255.680 441.5 0.49 0.03
542 1261.769 405.0 0.48 0.06
543 1263.162 289.0 0.45 0.06
544 1265.565 234.4 0.45 0.02
545 1267.476 129.7 0.45 0.04
546 1268.651 284.4 0.45 0.00
547 1273.675 191.1 0.44 -0.04
548 1275.068 223.0 0.44 -0.03
549 1275.450 304.9 0.46 -0.03
550 1276.324 323.1 0.45 -0.04
551 1278.645 141.1 0.48 -0.04
552 1284.543 179.8 0.48 -0.00
553 1287.219 191.1 0.49 0.05
554 1287.574 136.5 0.48 0.05
555 1287.929 245.8 0.49 0.06
556 1289.786 186.6 0.46 0.06
557 1290.851 257.1 0.47 0.04
558 1293.117 125.2 0.49 0.04
559 1295.329 163.8 0.46 0.04
560 1298.306 250.3 0.44 0.00
561 1304.149 311.8 0.44 0.01
562 1304.559 257.1 0.43 -0.03
563 1308.655 202.5 0.42 -0.04
564 1315.372 252.6 0.43 0.01
565 1325.012 300.4 0.43 0.03
566 1326.459 398.2 0.47 0.04
567 1326.814 229.8 0.47 0.03
568 1328.097 316.3 0.44 0.04
569 1329.872 186.6 0.48 0.03
570 1331.866 202.5 0.51 -0.00
571 1336.344 154.7 0.48 0.03
572 1336.863 268.5 0.51 0.01
573 1338.610 289.0 0.49 0.01
574 1340.467 355.0 0.50 0.04
575 1343.471 136.5 0.48 0.03
576 1345.847 218.5 0.47 0.05
577 1347.430 416.4 0.44 0.04
578 1351.390 327.7 0.45 -0.02
579 1353.001 168.4 0.44 -0.01
580 1356.960 273.1 0.43 -0.02
581 1357.943 118.3 0.43 -0.02
582 1360.155 311.8 0.43 -0.01
583 1364.716 273.1 0.44 -0.01
584 1371.433 377.7 0.41 0.02
585 1372.061 261.7 0.41 0.03
586 1373.044 175.2 0.45 0.05
587 1374.300 359.5 0.41 0.03
588 1381.700 289.0 0.41 0.04
589 1389.401 257.1 0.43 0.07
590 1391.012 289.0 0.43 0.04
591 1391.449 179.8 0.48 0.04
592 1395.763 245.8 0.47 -0.01
593 1396.473 125.2 0.47 -0.02
594 1397.456 218.5 0.44 -0.03
595 1401.798 382.3 0.46 -0.01
596 1402.672 152.5 0.47 0.00
597 1408.024 284.4 0.49 0.00
598 1409.280 229.8 0.51 0.01
599 1410.618 213.9 0.52 0.02
600 1414.796 264.0 0.50 0.03
601 1416.325 136.5 0.50 0.03
602 1416.571 273.1 0.52 0.04
603 1417.417 168.4 0.51 0.04
604 1419.329 152.5 0.49 0.05
605 1419.793 38.7 0.50 0.06
606 1421.049 141.1 0.50 0.07
607 1422.879 132.0 0.49 0.06
608 1423.124 300.4 0.50 0.05
609 1424.080 202.5 0.50 0.06
610 1425.172 261.7 0.49 0.06
611 1427.739 191.1 0.51 0.03
612 1432.791 102.4 0.51 0.07
613 1435.467 136.5 0.53 0.06
614 1436.368 436.9 0.53 0.05
615 1437.160 289.0 0.53 0.05
616 1441.911 191.1 0.51 -0.01
617 1442.266 311.8 0.50 -0.02
618 1442.731 116.1 0.50 -0.02
619 1443.195 261.7 0.52 -0.04
620 1445.625 159.3 0.52 -0.00
621 1452.042 405.0 0.50 0.00
622 1456.002 223.0 0.49 0.08
623 1456.247 147.9 0.50 0.08
624 1457.504 141.1 0.52 0.05
625 1458.377 234.4 0.50 0.04
626 1459.224 234.4 0.48 0.04
627 1466.733 238.9 0.48 0.06
628 1468.754 218.5 0.49 0.03
629 1470.147 152.5 0.49 0.05
630 1471.840 159.3 0.52 0.05
631 1472.986 257.1 0.50 0.05
632 1474.270 157.0 0.51 0.05
633 1475.280 300.4 0.52 0.05
634 1483.663 273.1 0.48 0.06
635 1484.155 163.8 0.46 0.05
636 1486.995 152.5 0.48 0.04
637 1487.404 234.4 0.49 0.04
638 1488.005 241.2 0.50 0.05
639 1489.316 168.4 0.50 0.06
640 1490.299 223.0 0.52 0.06
641 1490.736 109.2 0.50 0.06
642 1491.091 191.1 0.51 0.06
643 1491.719 152.5 0.50 0.04
644 1499.010 245.8 0.46 0.02
645 1499.556 295.8 0.47 0.03
646 1501.058 327.7 0.45 0.02
647 1502.259 97.8 0.46 0.02
648 1503.270 125.2 0.45 0.01
649 1505.318 113.8 0.47 0.02
650 1505.946 507.4 0.48 0.03
651 1515.366 175.2 0.48 0.01
652 1516.049 175.2 0.46 0.01
653 1518.507 195.7 0.50 0.01
654 1521.428 327.7 0.45 0.01
655 1524.214 147.9 0.48 0.02
656 1525.934 175.2 0.53 0.03
657 1528.528 273.1 0.47 0.02
658 1531.095 198.0 0.47 0.04
659 1536.829 480.1 0.45 0.04
660 1538.086 223.0 0.45 0.04
661 1538.386 245.8 0.45 0.05
662 1542.700 300.4 0.45 0.04
663 1554.196 277.6 0.48 0.02
664 1557.173 147.9 0.50 0.02
665 1561.242 284.4 0.47 0.01
666 1564.846 218.5 0.48 -0.00
667 1566.457 273.1 0.49 -0.01
668 1567.495 323.1 0.50 -0.00
669 1568.096 382.3 0.48 0.03
670 1568.587 132.0 0.50 -0.00
671 1573.475 245.8 0.47 0.02
672 1573.803 279.9 0.47 0.02
673 1575.086 202.5 0.44 0.05
674 1585.736 234.4 0.43 0.04
675 1586.418 136.5 0.44 0.03
676 1588.494 241.2 0.51 0.00
677 1589.886 213.9 0.46 0.02
678 1591.443 382.3 0.43 0.03
679 1592.071 168.4 0.50 0.07
680 1592.863 186.6 0.43 0.01
681 1593.545 304.9 0.43 0.06
682 1594.201 241.2 0.43 0.03
683 1598.160 409.6 0.45 0.02
684 1599.280 355.0 0.42 0.01
685 1605.806 225.3 0.43 0.06
686 1606.407 432.4 0.51 0.06
687 1608.591 168.4 0.49 0.06
688 1610.366 398.2 0.50 0.05
689 1613.261 327.7 0.39 0.04
690 1617.603 218.5 0.36 0.02
691 1618.012 286.7 0.38 0.02
692 1619.732 223.0 0.40 0.05
693 1621.835 264.0 0.45 0.01
694 1622.163 309.5 0.41 0.00
695 1623.473 425.5 0.45 0.02
696 1625.303 143.4 0.46 0.01
697 1628.088 147.9 0.50 0.01
698 1628.989 366.4 0.49 0.01
699 1629.645 207.1 0.43 -0.00
700 1637.181 234.4 0.42 0.04
701 1637.755 229.8 0.44 0.02
702 1651.736 213.9 0.37 0.00
703 1655.586 382.3 0.38 0.09
704 1659.655 464.2 0.39 0.06
705 1665.772 425.5 0.39 -0.01
706 1668.093 207.1 0.41 0.02
707 1675.738 425.5 0.44 -0.00
708 1677.513 336.8 0.43 0.04
709 1678.005 316.3 0.43 0.04
710 1679.343 202.5 0.47 0.04
711 1681.527 163.8 0.47 0.04
712 1681.964 252.6 0.51 0.04
713 1683.357 186.6 0.53 0.02
714 1685.487 229.8 0.52 0.02
715 1686.497 202.5 0.52 0.03
716 1688.081 191.1 0.52 0.03
717 1692.095 279.9 0.50 0.06
718 1696.683 213.9 0.51 -0.00
719 1697.802 209.4 0.50 -0.04
720 1698.376 143.4 0.51 -0.04
721 1700.751 264.0 0.53 0.00
722 1701.680 147.9 0.52 0.02
723 1702.062 179.8 0.51 -0.03
724 1703.755 241.2 0.51 -0.02
725 1706.540 277.6 0.50 0.03
726 1706.841 207.1 0.42 -0.08
727 1708.288 241.2 0.48 0.00
728 1709.626 218.5 0.48 0.02
729 1710.909 202.5 0.47 0.02
730 1712.193 339.1 0.47 0.01
731 1713.231 284.4 0.48 0.02
732 1715.743 284.4 0.52 0.05
733 1723.471 218.5 0.49 0.04
734 1729.778 250.3 0.52 0.03
735 1730.051 236.7 0.52 0.03
736 1733.601 168.4 0.51 0.07
737 1735.185 191.1 0.50 0.07
738 1737.588 245.8 0.44 0.07
739 1742.203 355.0 0.50 0.09
740 1743.322 207.1 0.52 0.09
741 1755.092 273.1 0.50 0.04
742 1758.532 393.7 0.47 0.08
743 1759.324 175.2 0.49 0.09
744 1760.253 209.4 0.51 0.08
745 1769.646 436.9 0.53 0.05
746 1771.940 207.1 0.53 0.03
747 1772.650 218.5 0.51 0.07
748 1773.769 289.0 0.53 0.01
749 1775.299 436.9 0.50 0.05
750 1775.708 143.4 0.49 0.07
751 1776.800 409.6 0.45 0.07
752 1777.456 257.1 0.42 0.02
753 1780.241 118.3 0.52 -0.02
754 1782.262 163.8 0.50 -0.00
755 1783.682 277.6 0.51 0.00
756 1786.959 257.1 0.49 0.04
757 1789.170 279.9 0.49 0.01
758 1799.083 241.2 0.54 0.06
759 1801.158 186.6 0.53 0.06
760 1802.660 175.2 0.52 0.06
761 1806.838 218.5 0.54 0.03
762 1807.084 113.8 0.50 0.05
763 1812.108 141.1 0.50 -0.02
764 1817.433 241.2 0.46 0.03
765 1818.634 284.4 0.48 0.04
766 1819.617 132.0 0.49 0.06
767 1821.638 109.2 0.50 0.03
768 1823.194 218.5 0.51 0.02
769 1823.795 191.1 0.54 0.04
770 1835.947 234.4 0.52 -0.00
771 1845.941 154.7 0.50 0.07
772 1846.705 234.4 0.49 0.06
773 1847.006 213.9 0.51 0.06
774 1847.279 163.8 0.50 0.07
775 1848.180 191.1 0.49 0.07
776 1853.095 421.0 0.49 0.00
777 1854.133 223.0 0.50 0.03
778 1855.089 284.4 0.50 -0.00
779 1864.182 382.3 0.51 0.02
780 1865.356 227.6 0.50 0.01
781 1869.206 284.4 0.48 0.00
782 1870.025 573.4 0.50 0.01
783 1871.172 209.4 0.46 0.00
784 1872.128 273.1 0.47 0.03
785 1872.510 252.6 0.46 0.03
786 1873.575 163.8 0.46 0.01
787 1876.006 193.4 0.49 0.01
788 1876.743 225.3 0.50 0.02
789 1880.129 300.4 0.48 0.02
790 1880.893 175.2 0.50 0.03
791 1884.880 200.2 0.49 0.03
792 1885.536 229.8 0.49 0.00
793 1888.922 63.7 0.48 0.01
794 1890.778 168.4 0.47 -0.03
795 1892.854 132.0 0.55 0.01
796 1895.557 257.1 0.53 0.01
797 1897.032 166.1 0.52 0.02
798 1900.909 120.6 0.51 0.01
799 1901.947 398.2 0.52 0.03
800 1904.131 223.0 0.51 0.00
801 1904.869 382.3 0.52 -0.01
802 1906.698 295.8 0.54 0.02
803 1907.272 120.6 0.49 0.02
804 1911.641 141.1 0.53 0.03
805 1913.306 257.1 0.53 0.01
806 1919.860 245.8 0.52 0.04
807 1920.625 141.1 0.51 0.00
808 1923.164 175.2 0.48 0.02
809 1925.649 245.8 0.51 -0.00
810 1926.496 157.0 0.51 0.00
811 1928.271 268.5 0.55 -0.02
812 1929.008 213.9 0.54 -0.02
813 1931.165 132.0 0.54 -0.05
814 1932.148 421.0 0.53 -0.07
815 1938.046 273.1 0.52 -0.08
816 1940.067 218.5 0.48 -0.01
817 1941.432 223.0 0.50 -0.09
818 1942.770 179.8 0.45 -0.05
819 1943.207 245.8 0.48 -0.07
820 1946.703 284.4 0.43 -0.07
821 1947.631 393.7 0.44 0.02
822 1949.379 370.9 0.41 -0.00
823 1957.134 218.5 0.45 0.01
824 1959.619 250.3 0.44 0.01
825 1960.274 136.5 0.45 -0.01
826 1963.087 584.8 0.44 -0.02
827 1967.401 448.3 0.37 -0.04
828 1968.821 295.8 0.40 -0.03
829 1969.995 279.9 0.38 -0.03
830 1973.545 191.1 0.42 -0.07
831 1974.774 191.1 0.43 -0.06
832 1975.238 238.9 0.42 -0.06
833 1976.576 316.3 0.40 -0.04
834 1977.887 295.8 0.41 -0.03
835 1978.351 229.8 0.40 -0.05
836 1980.454 229.8 0.40 -0.01
837 1982.447 159.3 0.42 0.00
838 1986.625 125.2 0.44 0.02
839 1988.646 191.1 0.45 0.03
840 1990.857 273.1 0.45 0.01
841 1991.595 339.1 0.45 0.02
842 1991.922 264.0 0.42 0.02
843 1996.291 327.7 0.48 -0.01
844 1997.029 268.5 0.48 -0.01
845 1997.793 273.1 0.47 -0.01
846 1998.886 359.5 0.47 -0.04
847 2000.224 202.5 0.22 -0.03
848 2003.446 436.9 0.44 0.01
849 2005.767 459.7 0.46 0.03
850 2006.368 211.6 0.43 -0.01
851 2006.613 211.6 0.45 -0.01
852 2009.153 132.0 0.48 0.01
853 2010.682 223.0 0.46 -0.01
854 2011.010 355.0 0.45 0.00
855 2016.717 136.5 0.45 -0.00
856 2017.782 273.1 0.44 -0.02
857 2019.611 316.3 0.47 -0.04
858 2022.124 304.9 0.43 -0.03
859 2024.499 127.4 0.42 -0.02
860 2025.892 284.4 0.41 -0.03
861 2027.476 277.6 0.43 -0.03
862 2030.288 207.1 0.23 -0.01
863 2033.756 304.9 0.43 -0.02
864 2034.138 325.4 0.44 -0.02
865 2038.207 179.8 0.45 -0.02
866 2038.972 304.9 0.44 -0.02
867 2039.955 202.5 0.46 0.00
868 2048.447 252.6 0.47 -0.00
869 2049.758 152.5 0.43 -0.01
870 2050.386 152.5 0.48 0.00
871 2052.215 245.8 0.49 -0.01
872 2052.844 254.9 0.49 -0.01
873 2061.527 304.9 0.49 0.03
874 2063.275 147.9 0.51 0.05
875 2064.940 405.0 0.49 0.05
876 2066.879 195.7 0.50 0.03
877 2070.320 141.1 0.51 0.04
878 2071.658 491.5 0.51 0.04
879 2077.474 195.7 0.54 0.04
880 2077.966 316.3 0.54 0.03
881 2079.522 359.5 0.52 0.02
882 2081.625 223.0 0.52 0.02
883 2081.952 188.9 0.51 0.02
884 2084.301 179.8 0.50 0.02
885 2085.693 234.4 0.51 0.01
886 2087.660 229.8 0.49 0.03
887 2088.397 152.5 0.49 0.01
888 2088.834 225.3 0.49 -0.00
889 2089.407 414.2 0.49 0.02
890 2091.209 218.5 0.48 -0.00
891 2092.629 273.1 0.47 0.01
892 2094.595 364.1 0.46 0.02
893 2096.507 284.4 0.45 0.01
894 2099.756 409.6 0.44 -0.00
895 2102.105 245.8 0.43 0.02
896 2103.415 250.3 0.43 -0.01
897 2104.426 355.0 0.43 0.02
898 2109.396 405.0 0.44 0.04
899 2111.553 343.6 0.46 0.04
900 2113.737 143.4 0.47 0.04
901 2114.720 109.2 0.45 0.04
902 2115.949 191.1 0.49 0.04
903 2121.056 207.1 0.50 0.00
904 2124.360 132.0 0.50 0.00
905 2124.578 159.3 0.51 0.00
906 2126.408 163.8 0.50 -0.00
907 2127.718 245.8 0.51 0.01
908 2131.541 97.8 0.48 0.02
909 2131.760 218.5 0.48 0.03
910 2133.589 264.0 0.46 0.04
911 2134.245 191.1 0.51 0.01
912 2136.921 436.9 0.52 0.03
913 2142.191 327.7 0.51 0.05
914 2143.447 204.8 0.51 0.06
915 2145.659 109.2 0.48 0.05
916 2147.871 175.2 0.51 0.03
917 2150.001 318.6 0.47 0.01
918 2154.370 179.8 0.47 0.05
919 2164.009 284.4 0.45 0.01
920 2166.002 316.3 0.49 0.03
921 2166.576 279.9 0.49 0.03
922 2168.487 163.8 0.47 -0.02
923 2175.177 339.1 0.45 0.04
924 2175.860 234.4 0.45 0.06
925 2178.017 191.1 0.47 0.06
926 2178.372 229.8 0.47 0.03
927 2180.093 223.0 0.49 0.02
928 2180.775 136.5 0.50 0.01
929 2187.001 179.8 0.48 0.04
930 2187.875 229.8 0.49 0.05
931 2188.803 163.8 0.47 0.01
932 2189.513 207.1 0.47 0.05
933 2189.896 257.1 0.48 0.01
934 2191.425 207.1 0.47 0.03
935 2191.725 125.2 0.49 -0.01
936 2192.845 250.3 0.48 0.03
937 2193.172 209.4 0.48 0.03
938 2195.357 300.4 0.47 0.05
939 2195.903 300.4 0.47 0.06
940 2196.176 218.5 0.47 0.06
941 2196.640 175.2 0.47 0.05
942 2197.487 154.7 0.47 0.05
943 2198.142 304.9 0.48 0.05
944 2200.955 186.6 0.50 0.04
945 2201.856 241.2 0.49 0.05
946 2203.904 209.4 0.50 0.03
947 2205.734 359.5 0.49 0.05
948 2207.017 316.3 0.52 0.04
949 2210.895 266.2 0.50 0.04
950 2212.424 77.4 0.50 0.03
951 2213.270 132.0 0.49 0.02
952 2214.444 398.2 0.46 -0.02
953 2215.318 136.5 0.43 0.01
954 2217.339 284.4 0.45 0.03
955 2217.776 182.0 0.44 0.03
956 2219.851 600.7 0.46 0.05
957 2221.298 234.4 0.47 0.04
958 2221.681 323.1 0.44 0.04
959 2225.394 211.6 0.49 0.03
960 2225.886 314.0 0.49 0.03
961 2228.262 152.5 0.48 0.01
962 2229.108 309.5 0.47 0.01
963 2229.600 364.1 0.45 0.01
964 2231.293 273.1 0.44 -0.00
965 2231.784 186.6 0.45 0.01
966 2236.372 241.2 0.43 -0.00
967 2236.672 227.6 0.41 -0.00
968 2243.581 179.8 0.24 0.01
969 2246.038 191.1 0.46 0.06
970 2251.909 282.2 0.50 -0.04
971 2258.736 93.3 0.50 0.04
972 2261.958 245.8 0.50 -0.00
973 2264.143 327.7 0.47 -0.03
974 2267.228 268.5 0.44 0.04
975 2276.349 250.3 0.51 0.01
976 2280.281 202.5 0.52 0.02
977 2281.209 234.4 0.51 0.02
978 2281.591 350.4 0.53 0.03
979 2283.121 289.0 0.51 0.02
980 2284.431 391.4 0.51 0.02
981 2285.879 125.2 0.51 0.02
982 2286.206 289.0 0.50 0.01
983 2286.834 234.4 0.50 0.01
984 2287.517 323.1 0.50 0.01
985 2287.927 452.8 0.51 0.01
986 2292.159 152.5 0.52 0.02
987 2294.234 191.1 0.50 0.03
988 2297.757 170.7 0.51 -0.00
989 2298.931 459.7 0.51 0.01
990 2301.443 175.2 0.53 0.01
991 2302.263 364.1 0.52 0.02
992 2302.590 248.0 0.53 0.02
993 2303.710 361.8 0.51 0.02
994 2306.850 261.7 0.53 0.01
995 2307.342 120.6 0.52 0.01
996 2307.724 243.5 0.53 0.01
997 2308.871 323.1 0.53 0.00
998 2309.799 252.6 0.54 0.01
999 2310.400 268.5 0.52 0.00
1000 2312.257 191.1 0.53 -0.01
1001 2313.731 195.7 0.52 -0.02
1002 2317.527 370.9 0.50 0.02
1003 2320.394 293.5 0.50 -0.00
1004 2321.377 234.4 0.51 0.00
1005 2324.900 147.9 0.46 -0.02
1006 2326.647 316.3 0.47 -0.03
1007 2329.624 120.6 0.48 0.02
1008 2330.033 373.2 0.49 0.02
1009 2330.962 175.2 0.48 0.01
1010 2332.218 370.9 0.47 0.02
1011 2332.846 484.7 0.49 0.02
1012 2333.911 179.8 0.49 0.02
1013 2336.205 229.8 0.49 0.02
1014 2336.642 257.1 0.50 0.02
1015 2337.079 225.3 0.51 0.02
1016 2339.782 163.8 0.47 0.04
1017 2342.622 223.0 0.53 0.02
1018 2344.124 136.5 0.49 0.02
1019 2345.189 332.2 0.41 0.02
1020 2346.691 273.1 0.48 0.03
1021 2348.056 191.1 0.46 0.00
1022 2351.578 737.3 0.44 0.02
1023 2354.555 277.6 0.48 0.03
1024 2356.057 182.0 0.48 0.03
1025 2356.303 243.5 0.47 0.03
1026 2358.733 257.1 0.48 0.03
1027 2361.436 261.7 0.48 0.04
1028 2363.402 154.7 0.47 0.02
1029 2373.506 191.1 0.49 0.05
1030 2377.820 125.2 0.49 0.05
1031 2379.677 273.1 0.50 0.03
1032 2381.315 264.0 0.51 0.03
1033 2381.780 168.4 0.51 0.04
1034 2382.326 323.1 0.51 0.04
1035 2384.783 284.4 0.51 0.06
1036 2385.166 218.5 0.52 0.05
1037 2386.749 198.0 0.52 0.05
1038 2387.705 218.5 0.51 0.03
1039 2389.125 132.0 0.50 0.02
1040 2389.753 359.5 0.49 0.02
1041 2390.518 234.4 0.48 0.02
1042 2391.610 273.1 0.48 0.01
1043 2392.757 102.4 0.43 0.04
1044 2393.358 327.7 0.48 0.04
1045 2397.699 261.7 0.39 0.02
1046 2401.877 370.9 0.45 0.03
1047 2405.373 268.5 0.45 -0.01
1048 2407.229 350.4 0.45 0.04
1049 2411.489 277.6 0.44 0.07
1050 2411.953 298.1 0.44 0.07
1051 2415.066 241.2 0.46 0.06
1052 2416.104 213.9 0.48 0.03
1053 2417.060 234.4 0.45 0.07
1054 2417.906 300.4 0.49 0.02
1055 2418.616 409.6 0.50 0.01
1056 2421.129 163.8 0.49 0.01
1057 2422.030 245.8 0.49 -0.03
1058 2422.330 118.3 0.49 -0.03
1059 2427.955 127.4 0.45 -0.01
1060 2432.679 400.5 0.44 -0.01
1061 2438.414 436.9 0.41 0.00
1062 2442.073 136.5 0.46 0.02
1063 2443.247 366.4 0.48 -0.01
1064 2446.305 213.9 0.50 0.02
1065 2447.425 179.8 0.51 0.01
1066 2448.353 97.8 0.52 0.02
1067 2448.599 159.3 0.52 0.03
1068 2449.828 168.4 0.46 0.04
1069 2451.521 125.2 0.50 0.04
1070 2454.443 480.1 0.48 0.07
1071 2455.153 250.3 0.48 0.07
1072 2455.562 120.6 0.47 0.08
1073 2459.604 252.6 0.51 0.08
1074 2467.249 295.8 0.52 0.04
1075 2468.151 163.8 0.51 0.05
1076 2471.045 250.3 0.52 0.06
1077 2474.895 186.6 0.50 0.06
1078 2477.763 202.5 0.48 0.08
1079 2478.636 402.8 0.48 0.06
1080 2485.518 207.1 0.49 -0.01
1081 2486.173 179.8 0.47 0.05
1082 2488.112 109.2 0.48 -0.01
1083 2488.822 63.7 0.49 0.00
1084 2489.013 109.2 0.49 0.00
1085 2489.313 332.2 0.50 0.00
1086 2489.859 152.5 0.49 -0.01
1087 2493.136 332.2 0.47 0.00
1088 2497.560 257.1 0.51 0.07
1089 2498.270 393.7 0.51 0.00
1090 2499.198 207.1 0.51 -0.01
1091 2500.099 289.0 0.50 -0.02
1092 2501.274 300.4 0.48 -0.03
1093 2506.380 1049.0 0.45 0.04
1094 2509.657 350.4 0.44 0.03
1095 2511.213 147.9 0.42 0.04
1096 2511.486 218.5 0.43 0.02
1097 2512.660 289.0 0.43 0.02
1098 2513.125 218.5 0.45 0.01
1099 2513.370 147.9 0.44 0.03
1100 2513.944 452.8 0.43 0.01
1101 2514.927 327.7 0.44 0.02
1102 2515.746 284.4 0.43 0.02
1103 2516.265 207.1 0.44 -0.03
1104 2517.958 147.9 0.46 0.01
1105 2522.191 398.2 0.46 0.03
1106 2524.894 393.7 0.50 0.03
1107 2527.625 179.8 0.50 -0.03
1108 2529.782 245.8 0.47 0.04
1109 2531.966 507.4 0.46 0.02
1110 2532.512 418.7 0.44 0.02
1111 2534.424 311.8 0.45 0.04
1112 2535.270 261.7 0.44 0.04
1113 2535.625 261.7 0.44 0.04
1114 2537.018 109.2 0.48 0.03
1115 2540.431 300.4 0.45 0.02
1116 2541.278 120.6 0.49 0.02
1117 2544.336 191.1 0.45 0.02
1118 2551.518 191.1 0.48 -0.05
1119 2551.955 273.1 0.46 -0.05
1120 2552.255 273.1 0.51 -0.06
1121 2554.713 284.4 0.46 -0.03
1122 2557.307 409.6 0.49 0.01
1123 2557.990 202.5 0.46 0.01
1124 2559.710 257.1 0.50 0.01
1125 2560.092 318.6 0.50 0.01
1126 2565.827 218.5 0.52 -0.00
1127 2569.923 125.2 0.51 -0.01
1128 2570.469 218.5 0.53 0.04
1129 2574.647 136.5 0.49 0.04
1130 2575.111 398.2 0.51 0.02
1131 2578.033 207.1 0.48 0.01
1132 2580.927 136.5 0.49 -0.03
1133 2581.228 225.3 0.45 -0.03
1134 2581.828 284.4 0.43 -0.02
1135 2583.931 238.9 0.47 0.04
1136 2587.153 207.1 0.45 0.04
1137 2589.856 284.4 0.46 0.05
1138 2590.321 316.3 0.46 0.05
1139 2590.758 398.2 0.42 0.01
1140 2592.724 432.4 0.41 0.01
1141 2594.744 409.6 0.45 0.05
1142 2597.202 175.2 0.43 0.05
1143 2597.612 436.9 0.45 -0.02
1144 2600.806 163.8 0.45 -0.01
1145 2603.319 202.5 0.48 -0.01
1146 2609.299 170.7 0.43 -0.02
1147 2610.746 132.0 0.54 -0.02
1148 2611.156 163.8 0.44 -0.01
1149 2613.067 421.0 0.46 -0.02
1150 2613.941 163.8 0.57 0.02
1151 2617.327 163.8 0.57 0.06
1152 2617.737 207.1 0.48 0.01
1153 2618.911 136.5 0.53 0.05
1154 2619.839 195.7 0.49 0.05
1155 2621.805 252.6 0.53 0.07
1156 2622.624 366.4 0.53 0.07
1157 2623.826 361.8 0.54 0.08
1158 2629.424 195.7 0.56 -0.01
1159 2630.188 191.1 0.53 -0.01
1160 2630.516 132.0 0.56 0.01
1161 2633.520 241.2 0.54 0.02
1162 2635.404 295.8 0.55 0.00
1163 2636.414 175.2 0.54 -0.01
1164 2640.893 120.6 0.54 0.01
1165 2641.985 150.2 0.53 0.00
1166 2644.279 195.7 0.53 0.00
1167 2644.934 147.9 0.52 0.01
1168 2645.371 116.1 0.53 0.01
1169 2647.228 257.1 0.51 0.00
1170 2647.828 225.3 0.50 0.00
1171 2651.843 211.6 0.50 0.01
1172 2653.863 207.1 0.52 -0.02
1173 2655.665 332.2 0.49 -0.00
1174 2658.096 163.8 0.47 0.01
1175 2658.915 289.0 0.48 0.02
1176 2660.690 207.1 0.50 0.01
1177 2661.400 147.9 0.26 0.03
1178 2661.700 209.4 0.49 0.03
1179 2664.240 202.5 0.53 0.04
1180 2665.305 125.2 0.47 0.03
1181 2670.711 323.1 0.47 -0.01
1182 2671.449 316.3 0.47 0.01
1183 2672.541 318.6 0.47 -0.01
1184 2673.033 209.4 0.47 -0.01
1185 2677.620 323.1 0.48 0.01
1186 2679.996 332.2 0.57 0.02
1187 2682.262 88.7 0.55 0.06
1188 2683.791 432.4 0.53 0.04
1189 2685.457 143.4 0.55 0.04
1190 2687.369 141.1 0.54 0.00
1191 2691.164 300.4 0.53 -0.01
1192 2691.628 125.2 0.54 0.01
1193 2695.424 225.3 0.55 0.04
1194 2698.100 234.4 0.54 0.05
1195 2699.110 152.5 0.54 0.00
1196 2702.060 348.2 0.53 0.00
1197 2703.452 432.4 0.53 0.01
1198 2706.374 218.5 0.53 0.02
1199 2710.033 145.6 0.53 0.04
1200 2717.679 311.8 0.53 0.02
1201 2723.086 427.8 0.48 0.04
1202 2724.424 279.9 0.50 0.04
1203 2726.281 270.8 0.50 0.05
1204 2727.782 168.4 0.50 0.05
1205 2733.462 491.5 0.46 0.01
1206 2734.554 366.4 0.46 0.00
1207 2736.903 300.4 0.46 0.01
1208 2737.340 307.2 0.46 0.01
1209 2738.732 97.8 0.43 -0.02
1210 2739.606 81.9 0.54 0.03
1211 2740.316 245.8 0.48 -0.03
1212 2741.163 289.0 0.50 -0.01
1213 2743.784 132.0 0.52 0.03
1214 2744.576 229.8 0.48 0.01
1215 2747.935 168.4 0.45 0.04
1216 2748.481 245.8 0.46 0.04
1217 2752.604 355.0 0.45 0.07
1218 2753.806 300.4 0.45 0.06
1219 2754.488 245.8 0.48 0.03
1220 2756.646 261.7 0.50 0.05
1221 2759.349 245.8 0.51 0.04
1222 2760.605 191.1 0.52 0.05
1223 2761.588 113.8 0.52 0.04
1224 2763.909 159.3 0.54 0.04
1225 2764.537 136.5 0.55 0.03
1226 2766.558 209.4 0.55 0.03
1227 2770.162 268.5 0.50 0.05
1228 2774.122 141.1 0.53 0.01
1229 2777.262 300.4 0.51 0.02
1230 2777.781 86.5 0.50 0.02
1231 2778.272 191.1 0.50 0.02
1232 2779.392 377.7 0.52 0.01
1233 2781.495 218.5 0.51 -0.01
1234 2788.349 293.5 0.49 0.02
1235 2792.581 241.2 0.51 0.06
1236 2800.882 229.8 0.45 0.01
1237 2801.565 366.4 0.51 0.01
1238 2803.586 257.1 0.50 0.03
1239 2804.541 163.8 0.49 0.01
1240 2806.644 264.0 0.53 0.07
1241 2808.965 104.7 0.53 0.05
1242 2810.549 163.8 0.53 0.03
1243 2813.525 291.3 0.52 0.03
1244 2816.174 127.4 0.25 0.04
1245 2816.884 343.6 0.51 0.04
1246 2817.403 302.6 0.53 0.04
1247 2819.806 163.8 0.49 0.05
1248 2824.421 229.8 0.50 0.03
1249 2826.796 202.5 0.51 -0.01
1250 2828.326 202.5 0.51 -0.01
1251 2829.909 252.6 0.51 0.01
1252 2830.401 191.1 0.51 0.02
1253 2830.974 304.9 0.52 0.02
1254 2837.965 393.7 0.49 0.02
1255 2839.276 316.3 0.52 0.04
1256 2839.740 405.0 0.50 0.04
1257 2840.859 370.9 0.48 0.03
1258 2841.460 154.7 0.48 0.04
1259 2844.109 116.1 0.51 0.04
1260 2844.436 147.9 0.52 0.01
1261 2845.092 257.1 0.49 0.03
1262 2850.280 159.3 0.49 0.02
1263 2852.410 277.6 0.50 0.02
1264 2855.796 250.3 0.53 0.02
1265 2856.124 202.5 0.52 0.01
1266 2857.899 370.9 0.55 0.01
1267 2859.428 223.0 0.54 0.01
1268 2860.820 186.6 0.53 0.00
1269 2864.534 316.3 0.54 0.00
1270 2866.118 273.1 0.53 -0.00
1271 2873.136 104.7 0.49 -0.02
1272 2874.638 241.2 0.50 -0.02
1273 2878.051 241.2 0.47 0.01
1274 2883.048 163.8 0.46 -0.03
1275 2885.041 163.8 0.49 0.01
1276 2886.844 261.7 0.48 0.03
1277 2890.639 207.1 0.49 0.05
1278 2891.595 279.9 0.49 0.04
1279 2892.387 311.8 0.48 0.04
1280 2894.845 152.5 0.48 0.02
1281 2897.056 50.1 0.46 -0.01
1282 2899.814 393.7 0.48 -0.01
1283 2900.743 163.8 0.50 -0.02
1284 2908.034 159.3 0.49 0.02
1285 2909.290 320.9 0.46 0.06
1286 2909.563 93.3 0.49 0.04
1287 2910.710 202.5 0.47 0.02
1288 2914.615 202.5 0.45 0.02
1289 2915.379 311.8 0.48 0.03
1290 2915.789 163.8 0.49 0.03
1291 2923.762 202.5 0.51 0.00
1292 2925.373 179.8 0.49 0.00
1293 2928.596 179.8 0.47 -0.01
1294 2929.060 207.1 0.48 0.01
1295 2931.927 293.5 0.50 -0.00
1296 2933.784 168.4 0.50 0.01
1297 2934.248 273.1 0.51 0.02
1298 2935.095 323.1 0.51 0.02
1299 2935.559 261.7 0.23 0.02
1300 2935.805 211.6 0.50 0.00
1301 2937.361 284.4 0.51 0.02
1302 2945.143 179.8 0.55 -0.00
1303 2947.164 213.9 0.54 -0.01
1304 2949.704 209.4 0.54 0.00
1305 2949.977 211.6 0.54 -0.00
1306 2951.042 191.1 0.54 0.01
1307 2952.107 229.8 0.53 0.01
1308 2954.264 209.4 0.53 0.02
1309 2955.001 245.8 0.55 0.03
1310 2955.957 250.3 0.54 0.02
1311 2957.568 136.5 0.53 0.02
1312 2958.469 141.1 0.52 0.00
1313 2960.763 170.7 0.50 -0.01
1314 2962.975 198.0 0.52 -0.01
1315 2963.494 125.2 0.51 0.01
1316 2963.849 125.2 0.51 0.01
1317 2966.252 143.4 0.52 0.02
1318 2967.917 113.8 0.51 0.03
1319 2968.491 211.6 0.51 0.04
1320 2969.993 179.8 0.50 0.04
1321 2970.511 309.5 0.48 0.04
1322 2975.208 207.1 0.49 0.08
1323 2976.437 218.5 0.46 0.04
1324 2978.512 125.2 0.50 0.06
1325 2979.140 213.9 0.48 0.05
1326 2982.636 234.4 0.50 0.01
1327 2983.509 143.4 0.48 0.01
1328 2984.765 234.4 0.52 0.03
1329 2985.667 234.4 0.52 0.03
1330 2986.950 343.6 0.50 0.03
1331 2991.456 261.7 0.53 0.03
1332 2996.316 159.3 0.53 0.07
1333 3001.559 245.8 0.52 0.05
1334 3002.296 179.8 0.51 0.05
1335 3005.710 163.8 0.50 0.05
1336 3006.010 159.3 0.50 0.01
1337 3010.761 120.6 0.50 0.06
1338 3012.482 264.0 0.50 0.01
1339 3016.250 168.4 0.50 0.01
1340 3018.489 343.6 0.49 0.00
1341 3025.753 179.8 0.45 0.01
1342 3027.036 163.8 0.48 0.03
1343 3029.521 77.4 0.25 0.03
1344 3033.235 273.1 0.45 0.01
1345 3034.163 172.9 0.44 0.01
1346 3035.774 168.4 0.45 0.03
1347 3036.266 209.4 0.47 0.04
1348 3036.675 202.5 0.43 0.04
1349 3036.948 339.1 0.44 0.06
1350 3039.351 382.3 0.44 0.07
1351 3040.198 229.8 0.49 0.05
1352 3047.270 100.1 0.51 0.01
1353 3048.527 370.9 0.50 0.02
1354 3051.421 229.8 0.49 0.00
1355 3052.814 316.3 0.48 0.02
1356 3053.251 275.3 0.48 0.02
1357 3055.899 295.8 0.48 0.04
1358 3056.855 366.4 0.47 0.03
1359 3060.432 179.8 0.48 0.05
1360 3062.153 241.2 0.48 0.05
1361 3065.948 191.1 0.47 0.05
1362 3067.395 109.2 0.46 0.06
1363 3068.023 382.3 0.45 0.04
1364 3069.962 132.0 0.45 0.01
1365 3073.075 229.8 0.43 0.02
1366 3084.462 366.4 0.34 -0.03
1367 3087.357 386.8 0.43 0.02
1368 3088.312 323.1 0.41 0.02
1369 3091.152 147.9 0.46 0.02
1370 3093.009 202.5 0.42 0.01
1371 3100.901 289.0 0.46 -0.00
1372 3105.352 202.5 0.46 0.03
1373 3110.076 191.1 0.43 0.04
1374 3114.991 234.4 0.46 0.01
1375 3116.274 289.0 0.47 0.01
1376 3129.818 207.1 0.49 0.01
1377 3136.618 339.1 0.49 -0.02
1378 3150.927 273.1 0.42 0.01
1379 3153.876 339.1 0.43 0.00
1380 3155.023 257.1 0.44 0.03
1381 3166.519 355.0 0.47 0.01
1382 3168.485 195.7 0.49 -0.00
1383 3176.240 175.2 0.51 0.00
1384 3177.086 234.4 0.52 0.01
1385 3182.875 546.1 0.51 0.00
1386 3186.343 250.3 0.50 -0.00
1387 3189.292 191.1 0.50 -0.00
1388 3192.433 223.0 0.49 0.05
1389 3194.563 261.7 0.43 0.02
1390 3199.696 361.8 0.46 0.01
1391 3200.270 245.8 0.45 0.00
1392 3203.355 175.2 0.24 0.00
1393 3204.857 234.4 0.47 -0.00
1394 3205.758 241.2 0.44 0.01
1395 3206.769 152.5 0.47 0.02
1396 3207.124 311.8 0.47 0.02
1397 3212.175 136.5 0.50 0.05
1398 3214.742 152.5 0.48 0.06
1399 3217.555 300.4 0.49 0.07
1400 3221.405 163.8 0.50 0.04
1401 3221.678 252.6 0.50 0.04
1402 3222.306 163.8 0.48 0.03
1403 3224.955 198.0 0.49 0.01
1404 3227.139 234.4 0.48 0.01
1405 3233.693 218.5 0.47 -0.06
1406 3234.976 191.1 0.52 -0.02
1407 3235.987 257.1 0.52 -0.01
1408 3245.353 163.8 0.50 0.02
1409 3245.872 286.7 0.51 0.02
1410 3247.619 207.1 0.53 0.03
1411 3247.838 179.8 0.52 0.03
1412 3250.596 261.7 0.52 0.01
1413 3251.115 213.9 0.52 0.00
1414 3252.180 218.5 0.52 -0.00
1415 3257.095 207.1 0.49 -0.04
1416 3258.078 229.8 0.49 -0.02
1417 3259.744 311.8 0.46 0.01
1418 3261.955 241.2 0.48 0.01
1419 3266.898 286.7 0.42 0.03
1420 3268.236 245.8 0.40 0.05
1421 3270.612 225.3 0.40 0.08
1422 3271.868 284.4 0.41 0.11
1423 3272.414 491.5 0.41 0.12
1424 3275.445 198.0 0.49 0.04
1425 3277.657 289.0 0.46 0.04
1426 3278.094 273.1 0.46 0.03
1427 3279.022 393.7 0.44 0.03
1428 3280.906 491.5 0.48 -0.02
1429 3282.299 475.6 0.48 -0.02
1430 3282.982 273.1 0.49 -0.01
1431 3285.658 382.3 0.46 -0.01
1432 3291.665 198.0 0.52 0.02
1433 3294.013 355.0 0.52 0.03
1434 3295.215 191.1 0.52 0.04
1435 3299.966 120.6 0.54 0.03
1436 3300.867 127.4 0.55 0.04
1437 3302.424 261.7 0.50 0.05
1438 3305.455 229.8 0.52 0.02
1439 3306.465 207.1 0.50 0.02
1440 3306.957 261.7 0.49 0.02
1441 3308.268 448.3 0.52 0.02
1442 3309.606 213.9 0.51 0.03
1443 3311.107 241.2 0.52 0.01
1444 3316.268 179.8 0.51 0.04
1445 3318.753 132.0 0.53 0.06
1446 3319.736 300.4 0.52 0.02
1447 3320.501 163.8 0.50 0.04
1448 3327.437 207.1 0.49 0.02
1449 3329.430 207.1 0.48 0.03
1450 3331.642 207.1 0.48 0.03
1451 3333.444 261.7 0.46 0.05
1452 3335.465 223.0 0.46 0.03
1453 3336.776 120.6 0.47 0.02
1454 3338.824 152.5 0.46 0.03
1455 3342.974 254.9 0.46 0.02
1456 3344.940 191.1 0.48 0.05
1457 3348.163 132.0 0.52 0.01
1458 3350.538 141.1 0.52 0.02
1459 3351.221 273.1 0.50 0.02
1460 3352.996 213.9 0.54 0.02
1461 3359.549 229.8 0.40 -0.01
1462 3360.724 393.7 0.50 -0.03
1463 3370.199 175.2 0.48 0.01
1464 3371.510 147.9 0.50 0.01
1465 3372.957 355.0 0.48 0.04
1466 3375.469 136.5 0.47 0.03
1467 3381.094 152.5 0.46 0.04
1468 3382.542 218.5 0.46 0.07
1469 3384.699 207.1 0.46 0.02
1470 3388.467 218.5 0.46 -0.01
1471 3389.532 109.2 0.46 0.00
1472 3389.860 213.9 0.47 0.00
1473 3391.061 132.0 0.45 0.06
1474 3392.891 475.6 0.43 0.05
1475 3394.393 202.5 0.45 0.06
1476 3396.004 179.8 0.44 0.05
1477 3401.301 191.1 0.48 0.02
1478 3402.011 241.2 0.49 0.02
1479 3404.360 154.7 0.49 0.02
1480 3407.910 195.7 0.49 0.01
1481 3410.313 163.8 0.47 0.01
1482 3413.371 163.8 0.48 -0.02
1483 3420.662 207.1 0.39 -0.03
1484 3425.004 132.0 0.43 0.05
1485 3426.096 323.1 0.44 0.02
1486 3429.455 327.7 0.43 0.02
1487 3430.465 250.3 0.42 0.03
1488 3434.970 355.0 0.41 0.02
1489 3436.308 289.0 0.40 0.03
1490 3442.316 289.0 0.38 -0.01
1491 3442.698 241.2 0.38 -0.01
1492 3443.299 304.9 0.37 -0.01
1493 3443.572 236.7 0.38 -0.01
1494 3443.872 229.8 0.41 -0.02
1495 3448.897 245.8 0.40 -0.01
1496 3450.508 136.5 0.43 -0.01
1497 3454.276 327.7 0.38 -0.00
1498 3455.095 327.7 0.38 -0.01
1499 3456.870 370.9 0.37 -0.00
1500 3458.072 355.0 0.39 0.01
1501 3458.454 147.9 0.39 0.06
1502 3459.246 382.3 0.40 0.01
1503 3460.639 366.4 0.40 -0.01
1504 3464.025 355.0 0.36 0.01
1505 3464.462 232.1 0.39 0.01
1506 3465.663 382.3 0.39 0.02
1507 3466.619 277.6 0.40 0.01
1508 3469.022 273.1 0.43 -0.03
1509 3471.261 289.0 0.40 -0.01
1510 3473.609 186.6 0.38 0.01
1511 3475.193 213.9 0.38 0.01
1512 3480.381 355.0 0.41 -0.00
1513 3480.655 238.9 0.42 -0.00
1514 3481.528 355.0 0.43 0.02
1515 3484.177 241.2 0.43 0.01
1516 3484.559 254.9 0.42 0.01
1517 3487.181 514.3 0.41 0.01
1518 3488.082 384.6 0.44 0.01
1519 3494.390 229.8 0.41 0.06
1520 3496.984 316.3 0.40 0.06
1521 3498.923 304.9 0.41 0.05
1522 3502.227 300.4 0.43 0.05
1523 3503.073 289.0 0.44 0.06
1524 3504.138 191.1 0.44 0.05
1525 3507.852 295.8 0.44 0.06
1526 3511.320 300.4 0.45 0.05
1527 3512.003 250.3 0.45 0.03
1528 3519.976 421.0 0.42 0.03
1529 3525.656 186.6 0.41 0.02
1530 3526.038 234.4 0.43 0.02
1531 3526.339 270.8 0.46 0.02
1532 3527.977 261.7 0.52 0.02
1533 3528.305 234.4 0.52 0.02
1534 3529.506 257.1 0.49 0.02
1535 3530.025 179.8 0.51 0.03
1536 3530.598 191.1 0.51 0.02
1537 3531.418 227.6 0.50 0.03
1538 3541.057 195.7 0.48 0.04
1539 3541.685 213.9 0.47 0.05
1540 3543.897 238.9 0.46 0.08
1541 3546.354 405.0 0.47 -0.01
1542 3551.215 350.4 0.43 0.01
1543 3553.563 273.1 0.44 -0.03
1544 3557.086 252.6 0.47 -0.01
1545 3564.322 163.8 0.41 -0.01
1546 3566.452 409.6 0.41 0.00
1547 3566.998 355.0 0.41 0.00
1548 3569.592 273.1 0.40 0.04
1549 3576.528 261.7 0.40 -0.01
1550 3577.047 245.8 0.45 0.04
1551 3580.324 229.8 0.42 0.00
1552 3585.812 304.9 0.40 0.04
1553 3586.987 409.6 0.39 0.04
1554 3593.677 234.4 0.39 0.01
1555 3595.588 327.7 0.37 0.04
1556 3597.199 475.6 0.38 0.01
1557 3600.831 459.7 0.40 0.03
1558 3601.350 268.5 0.40 0.05
1559 3604.272 573.4 0.37 0.00
1560 3605.937 202.5 0.36 -0.04
1561 3608.177 300.4 0.38 -0.03
1562 3608.969 277.6 0.39 -0.01
1563 3610.170 421.0 0.40 0.01
1564 3616.287 289.0 0.44 -0.02
1565 3623.496 398.2 0.47 0.03
1566 3626.609 198.0 0.45 0.06
1567 3634.118 279.9 0.42 -0.00
1568 3636.029 366.4 0.41 0.01
1569 3636.548 304.9 0.40 0.01
1570 3642.856 530.2 0.41 0.00
1571 3644.740 236.7 0.41 -0.01
1572 3644.931 157.0 0.41 0.01
1573 3647.307 184.3 0.42 0.02
1574 3648.099 125.2 0.42 0.04
1575 3649.901 370.9 0.42 0.05
1576 3651.321 327.7 0.42 0.07
1577 3655.281 141.1 0.43 0.05
1578 3658.175 207.1 0.43 0.08
1579 3659.213 261.7 0.43 0.08
1580 3663.718 300.4 0.47 0.04
1581 3664.920 168.4 0.45 0.01
1582 3665.439 279.9 0.44 0.02
1583 3670.682 284.4 0.46 0.03
1584 3671.282 245.8 0.48 0.01
1585 3672.921 304.9 0.47 0.03
1586 3676.744 191.1 0.46 -0.02
1587 3677.699 136.5 0.46 -0.01
1588 3680.730 207.1 0.46 -0.03
1589 3683.516 273.1 0.44 -0.00
1590 3688.868 191.1 0.45 -0.02
1591 3690.452 291.3 0.46 -0.01
1592 3692.008 295.8 0.46 -0.02
1593 3695.203 289.0 0.42 0.04
1594 3696.323 284.4 0.45 0.04
1595 3699.381 316.3 0.42 0.06
1596 3701.893 125.2 0.44 0.04
1597 3702.193 207.1 0.44 0.04
1598 3703.805 229.8 0.45 0.04
1599 3708.966 491.5 0.42 0.01
1600 3710.058 168.4 0.41 0.04
1601 3710.932 229.8 0.39 0.02
1602 3711.205 250.3 0.39 0.02
1603 3711.969 366.4 0.39 0.03
1604 3712.788 229.8 0.39 0.03
1605 3714.591 366.4 0.38 0.05
1606 3716.666 229.8 0.38 0.03
1607 3717.513 425.5 0.39 0.02
1608 3719.888 393.7 0.41 0.02
1609 3721.909 227.6 0.42 0.02
1610 3728.080 291.3 0.38 -0.01
1611 3731.220 223.0 0.38 0.00
1612 3736.272 252.6 0.41 0.01
1613 3737.173 152.5 0.42 0.03
1614 3738.020 277.6 0.42 0.03
1615 3740.805 250.3 0.40 0.04
1616 3746.458 175.2 0.37 -0.01
1617 3750.117 191.1 0.40 0.02
1618 3761.449 125.2 0.44 0.04
1619 3762.432 264.0 0.44 0.02
1620 3763.934 168.4 0.44 -0.00
1621 3769.914 250.3 0.43 -0.02
1622 3775.102 120.6 0.41 -0.03
1623 3776.249 202.5 0.48 -0.01
1624 3776.932 250.3 0.37 -0.03
1625 3778.024 245.8 0.47 -0.00
1626 3784.496 163.8 0.45 -0.00
1627 3785.069 300.4 0.46 0.01
1628 3785.533 159.3 0.47 0.01
1629 3786.298 289.0 0.46 0.01
1630 3788.073 223.0 0.24 0.02
1631 3790.176 277.6 0.47 0.03
1632 3791.241 284.4 0.48 0.05
1633 3792.688 120.6 0.48 0.05
1634 3795.118 125.2 0.23 0.01
1635 3799.023 175.2 0.47 0.02
1636 3799.596 138.8 0.46 0.02
1637 3800.852 425.5 0.48 0.01
1638 3802.491 327.7 0.46 0.01
1639 3803.174 234.4 0.44 0.01
1640 3803.665 289.0 0.46 0.02
1641 3807.870 284.4 0.45 -0.04
1642 3808.553 141.1 0.45 -0.04
1643 3809.236 182.0 0.45 -0.05
1644 3809.973 343.6 0.45 -0.04
1645 3810.273 218.5 0.46 -0.04
1646 3814.260 163.8 0.43 0.03
1647 3815.653 393.7 0.42 0.05
1648 3817.591 191.1 0.41 0.01
1649 3818.738 791.9 0.40 0.02
1650 3826.493 252.6 0.40 0.03
1651 3827.040 75.1 0.44 0.04
1652 3828.077 355.0 0.44 0.03
1653 3832.692 573.4 0.42 0.04
1654 3834.576 125.2 0.42 0.07
1655 3841.075 218.5 0.43 0.02
1656 3841.785 464.2 0.41 0.05
1657 3842.331 245.8 0.43 0.03
1658 3843.505 327.7 0.42 0.03
1659 3844.215 341.3 0.42 0.02
1660 3848.284 361.8 0.42 -0.02
1661 3850.414 218.5 0.43 0.01
1662 3852.271 325.4 0.45 0.01
1663 3852.762 386.8 0.43 0.01
1664 3854.237 295.8 0.43 0.02
1665 3856.940 339.1 0.44 0.01
1666 3859.671 252.6 0.42 0.01
1667 3863.057 398.2 0.40 0.01
1668 3866.853 211.6 0.39 0.01
1669 3867.126 198.0 0.38 0.02
1670 3867.918 234.4 0.39 0.01
1671 3872.287 257.1 0.37 -0.03
1672 3874.444 421.0 0.40 -0.00
1673 3884.192 382.3 0.41 0.07
1674 3893.231 268.5 0.45 -0.00
1675 3905.191 191.1 0.40 -0.00
1676 3907.048 250.3 0.42 0.01
1677 3907.813 316.3 0.44 0.02
1678 3909.041 284.4 0.45 0.02
1679 3912.236 393.7 0.44 0.04
1680 3913.137 261.7 0.44 0.04
1681 3915.650 468.8 0.43 0.04
1682 3916.742 311.8 0.42 0.01
1683 3917.042 257.1 0.43 0.01
1684 3920.538 191.1 0.42 0.01
1685 3921.575 136.5 0.42 0.01
1686 3924.825 377.7 0.44 -0.00
1687 3925.480 257.1 0.44 0.01
1688 3926.682 628.1 0.43 0.02
1689 3930.450 229.8 0.43 0.04
1690 3932.962 318.6 0.42 -0.00
1691 3933.754 355.0 0.43 -0.01
1692 3934.218 443.7 0.43 -0.01
1693 3936.512 375.5 0.43 0.03
1694 3940.990 168.4 0.42 0.02
1695 3944.731 234.4 0.41 0.02
1696 3949.128 339.1 0.46 -0.03
1697 3951.585 234.4 0.44 -0.03
1698 3952.978 209.4 0.44 -0.01
1699 3955.654 289.0 0.42 -0.01
1700 3959.695 234.4 0.44 0.01
1701 3960.405 152.5 0.47 0.02
1702 3961.853 218.5 0.45 0.01
1703 3962.808 279.9 0.49 0.02
1704 3964.146 202.5 0.44 -0.00
1705 3968.160 136.5 0.48 0.02
1706 3968.379 170.7 0.42 0.01
1707 3969.253 207.1 0.48 0.02
1708 3970.536 257.1 0.47 0.02
1709 3970.973 284.4 0.44 0.02
1710 3976.762 175.2 0.47 0.02
1711 3978.018 284.4 0.45 -0.01
1712 3984.080 191.1 0.43 -0.04
1713 3985.801 323.1 0.44 -0.05
1714 3988.122 241.2 0.42 -0.06
1715 3993.064 234.4 0.43 -0.02
1716 3993.610 195.7 0.40 -0.04
1717 3994.511 241.2 0.41 -0.04
1718 3995.030 109.2 0.42 -0.04
1719 3997.269 350.4 0.45 -0.01
1720 4000.492 293.5 0.45 0.00
1721 4003.823 179.8 0.42 0.02
1722 4004.287 218.5 0.43 0.02
1723 4010.103 175.2 0.44 -0.03
1724 4017.067 147.9 0.50 -0.03
1725 4020.453 204.8 0.48 -0.06
1726 4020.808 225.3 0.49 -0.07
1727 4023.566 163.8 0.46 -0.02
1728 4026.378 218.5 0.50 0.01
1729 4026.761 204.8 0.50 0.01
1730 4031.375 141.1 0.50 0.04
1731 4031.758 188.9 0.50 0.04
1732 4037.246 382.3 0.46 0.01
1733 4040.223 257.1 0.44 -0.01
1734 4045.193 175.2 0.47 -0.04
1735 4047.896 234.4 0.42 0.01
1736 4049.971 213.9 0.44 -0.04
1737 4056.033 213.9 0.46 -0.03
1738 4057.726 213.9 0.48 -0.01
1739 4062.560 163.8 0.47 0.01
1740 4062.778 136.5 0.53 -0.00
1741 4067.475 250.3 0.47 0.01
1742 4074.411 311.8 0.51 -0.04
1743 4077.278 295.8 0.56 -0.02
1744 4080.118 257.1 0.38 0.02
1745 4081.538 179.8 0.41 0.02
1746 4084.159 277.6 0.52 -0.03
1747 4086.344 91.0 0.50 -0.04
1748 4089.511 414.2 0.51 -0.04
1749 4091.040 234.4 0.51 -0.01
1750 4093.798 113.8 0.51 -0.02
1751 4095.737 168.4 0.50 -0.03
1752 4098.768 172.9 0.50 -0.03
1753 4102.373 179.8 0.49 0.01
1754 4106.878 175.2 0.48 0.04
1755 4113.295 241.2 0.48 0.02
1756 4117.801 355.0 0.46 -0.02
1757 4119.849 113.8 0.52 0.00
1758 4120.286 195.7 0.51 0.01
1759 4120.914 218.5 0.51 0.00
1760 4121.405 202.5 0.51 -0.01
1761 4123.126 163.8 0.53 -0.01
1762 4125.092 323.1 0.52 -0.01
1763 4126.020 186.6 0.51 -0.03
1764 4127.468 213.9 0.51 -0.04
1765 4128.860 109.2 0.53 -0.03
1766 4131.372 184.3 0.52 -0.03
1767 4136.888 202.5 0.54 -0.01
1768 4137.216 188.9 0.54 -0.01
1769 4139.319 175.2 0.54 0.01
1770 4144.889 186.6 0.52 -0.01
1771 4145.217 179.8 0.51 -0.01
1772 4148.494 213.9 0.55 -0.01
1773 4149.204 132.0 0.53 -0.00
1774 4154.447 261.7 0.54 -0.01
1775 4157.751 339.1 0.51 -0.01
1776 4158.897 304.9 0.52 -0.02
1777 4160.126 168.4 0.51 -0.01
1778 4160.399 257.1 0.52 -0.02
1779 4160.864 61.4 0.51 -0.03
1780 4165.533 191.1 0.51 -0.01
1781 4165.915 159.3 0.52 -0.00
1782 4167.854 291.3 0.50 0.01
1783 4168.810 182.0 0.52 -0.01
1784 4170.421 195.7 0.51 0.00
1785 4174.298 175.2 0.50 -0.02
1786 4179.296 546.1 0.50 -0.02
1787 4181.862 104.7 0.50 -0.03
1788 4182.982 343.6 0.53 -0.01
1789 4184.020 207.1 0.52 -0.02
1790 4186.477 175.2 0.52 -0.02
1791 4187.651 252.6 0.49 0.01
1792 4190.491 223.0 0.52 0.03
1793 4192.048 97.8 0.54 0.01
1794 4192.403 264.0 0.54 0.03
1795 4192.812 213.9 0.55 0.01
1796 4194.505 218.5 0.56 -0.01
1797 4198.301 350.4 0.56 -0.02
1798 4200.240 223.0 0.55 -0.01
1799 4204.718 191.1 0.50 0.01
1800 4208.432 248.0 0.49 -0.03
1801 4208.869 168.4 0.50 0.04
1802 4209.469 147.9 0.50 0.07
1803 4214.903 125.2 0.51 0.02
1804 4215.941 234.4 0.47 0.02
1805 4218.098 191.1 0.49 0.01
1806 4221.102 152.5 0.25 0.04
1807 4223.205 236.7 0.50 0.03
1808 4225.608 234.4 0.51 0.00
1809 4230.113 152.5 0.51 0.05
1810 4235.930 179.8 0.54 0.04
1811 4238.633 207.1 0.54 0.01
1812 4244.859 245.8 0.51 0.03
1813 4250.948 257.1 0.46 0.05
1814 4253.843 229.8 0.26 0.03
1815 4257.092 104.7 0.54 0.03
1816 4257.748 175.2 0.52 0.03
1817 4259.168 350.4 0.54 0.03
1818 4259.796 188.9 0.54 0.04
1819 4261.270 266.2 0.54 0.04
1820 4262.226 236.7 0.54 0.05
1821 4262.636 202.5 0.56 0.05
1822 4265.148 236.7 0.57 0.06
1823 4271.210 207.1 0.56 0.04
1824 4271.974 109.2 0.56 0.04
1825 4275.988 238.9 0.56 0.04
1826 4277.982 250.3 0.55 0.04
1827 4280.303 509.7 0.54 0.07
1828 4281.614 209.4 0.50 0.04
1829 4282.105 245.8 0.51 0.05
1830 4285.027 218.5 0.55 0.07
1831 4285.491 257.1 0.53 0.05
1832 4286.119 332.2 0.55 0.07
1833 4286.747 223.0 0.55 0.04
1834 4287.703 93.3 0.55 0.07
1835 4288.413 300.4 0.55 0.07
1836 4289.178 241.2 0.56 0.05
1837 4293.410 147.9 0.56 0.01
1838 4294.393 86.5 0.56 0.03
1839 4295.485 218.5 0.56 0.02
1840 4299.472 229.8 0.57 0.10
1841 4301.247 175.2 0.57 0.02
1842 4302.640 202.5 0.56 0.05
1843 4302.886 207.1 0.53 0.11
1844 4307.473 163.8 0.52 0.11
1845 4318.833 118.3 0.52 0.07
1846 4322.601 238.9 0.51 0.08
1847 4323.120 277.6 0.50 0.06
1848 4324.485 207.1 0.51 0.05
1849 4324.840 261.7 0.50 0.05
1850 4327.025 261.7 0.49 0.05
1851 4328.909 245.8 0.49 0.03
1852 4332.213 261.7 0.50 -0.00
1853 4333.606 232.1 0.53 0.02
1854 4334.998 195.7 0.53 0.03
1855 4335.544 332.2 0.53 0.03
1856 4338.848 229.8 0.53 0.05
1857 4339.613 177.5 0.51 0.07
1858 4340.214 159.3 0.51 0.04
1859 4341.142 241.2 0.50 0.04
1860 4343.217 175.2 0.49 0.02
1861 4345.484 273.1 0.51 0.02
1862 4347.641 398.2 0.51 0.03
1863 4348.870 159.3 0.51 0.05
1864 4351.846 348.2 0.48 0.06
1865 4354.167 213.9 0.45 0.02
1866 4354.877 546.1 0.44 0.06
1867 4356.762 425.5 0.46 0.03
1868 4359.165 175.2 0.45 0.03
1869 4364.052 257.1 0.47 0.07
1870 4365.445 186.6 0.47 0.07
1871 4367.165 245.8 0.46 0.10
1872 4368.667 245.8 0.46 0.10
1873 4369.104 254.9 0.44 0.11
1874 4371.289 136.5 0.46 0.09
1875 4377.023 241.2 0.45 0.03
1876 4377.569 191.1 0.48 0.02
1877 4380.327 191.1 0.49 -0.01
1878 4380.628 202.5 0.49 -0.01
1879 4381.665 441.5 0.50 -0.03
1880 4383.331 207.1 0.51 -0.03
1881 4383.986 241.2 0.50 -0.02
1882 4385.597 207.1 0.52 -0.02
1883 4388.410 141.1 0.52 0.00
1884 4390.376 136.5 0.50 0.02
1885 4391.905 277.6 0.52 0.01
1886 4392.342 311.8 0.49 0.01
1887 4393.216 213.9 0.49 0.04
1888 4401.299 168.4 0.51 0.05
1889 4401.736 141.1 0.48 0.04
1890 4404.958 295.8 0.45 0.01
1891 4405.832 191.1 0.51 0.06
1892 4407.634 277.6 0.46 -0.00
1893 4409.791 218.5 0.46 0.07
1894 4419.267 261.7 0.47 0.03
1895 4420.468 284.4 0.51 0.04
1896 4423.444 386.8 0.50 0.03
1897 4424.946 241.2 0.49 0.03
1898 4425.738 261.7 0.49 0.03
1899 4426.448 163.8 0.24 0.00
1900 4426.885 289.0 0.49 0.03
1901 4428.196 125.2 0.24 0.02
1902 4432.073 195.7 0.48 0.08
1903 4437.125 152.5 0.48 0.12
1904 4440.538 223.0 0.51 0.08
1905 4440.866 216.2 0.50 0.08
1906 4441.303 218.5 0.51 0.06
1907 4442.368 300.4 0.48 0.09
1908 4444.389 273.1 0.50 0.02
1909 4444.989 284.4 0.48 0.01
1910 4451.188 125.2 0.47 0.04
1911 4451.352 138.8 0.47 0.04
1912 4451.816 93.3 0.47 0.02
1913 4452.226 223.0 0.47 0.02
1914 4452.990 179.8 0.48 0.04
1915 4453.263 248.0 0.47 0.04
1916 4457.905 245.8 0.47 0.05
1917 4458.315 273.1 0.47 0.05
1918 4460.063 320.9 0.48 0.04
1919 4460.609 368.6 0.46 0.04
1920 4465.469 257.1 0.46 0.03
1921 4465.879 318.6 0.45 0.03
1922 4466.371 332.2 0.47 0.05
1923 4471.340 136.5 0.43 0.01
1924 4472.951 245.8 0.43 -0.01
1925 4475.218 234.4 0.45 0.00
1926 4478.522 257.1 0.48 0.06
1927 4478.904 163.8 0.49 0.04
1928 4480.461 291.3 0.49 0.02
1929 4482.509 273.1 0.50 0.01
1930 4483.847 207.1 0.46 0.04
1931 4485.403 218.5 0.47 0.06
1932 4490.182 284.4 0.47 0.02
1933 4494.742 327.7 0.42 0.01
1934 4499.029 202.5 0.43 -0.01
1935 4501.432 195.7 0.44 -0.02
1936 4502.497 284.4 0.43 -0.01
1937 4503.999 218.5 0.43 0.00
1938 4505.283 104.7 0.44 0.01
1939 4506.266 268.5 0.42 0.01
1940 4511.700 104.7 0.46 0.02
1941 4520.547 172.9 0.54 0.01
1942 4522.568 195.7 0.52 0.01
1943 4524.015 386.8 0.53 0.03
1944 4525.435 175.2 0.51 0.05
1945 4529.340 229.8 0.25 0.05
1946 4535.566 191.1 0.49 0.07
1947 4544.686 307.2 0.49 0.08
1948 4552.496 250.3 0.49 0.02
1949 4552.878 229.8 0.52 0.02
1950 4557.220 311.8 0.50 0.05
1951 4562.353 202.5 0.49 0.01
1952 4564.893 284.4 0.50 -0.01
1953 4567.433 482.4 0.50 -0.01
1954 4567.979 318.6 0.52 -0.01
1955 4570.518 229.8 0.51 0.01
1956 4570.846 143.4 0.50 0.01
1957 4572.239 398.2 0.52 -0.02
1958 4573.822 361.8 0.51 -0.02
1959 4577.481 257.1 0.52 0.05
1960 4581.168 195.7 0.51 0.04
1961 4582.670 198.0 0.51 0.04
1962 4583.107 339.1 0.50 0.04
1963 4584.499 129.7 0.51 0.03
1964 4586.547 393.7 0.51 0.03
1965 4588.841 229.8 0.49 0.06
1966 4589.141 264.0 0.49 0.06
1967 4590.479 355.0 0.47 0.06
1968 4591.954 207.1 0.49 0.06
1969 4593.947 186.6 0.48 0.06
1970 4597.060 179.8 0.47 0.06
1971 4597.415 152.5 0.48 0.06
1972 4597.743 120.6 0.46 0.03
1973 4600.911 209.4 0.47 -0.01
1974 4602.467 282.2 0.48 0.00
1975 4603.832 229.8 0.51 -0.01
1976 4604.515 273.1 0.51 -0.00
1977 4605.116 120.6 0.52 -0.00
1978 4605.389 289.0 0.49 -0.00
1979 4606.235 273.1 0.51 0.02
1980 4608.065 218.5 0.53 0.03
1981 4611.069 223.0 0.53 0.02
1982 4614.291 273.1 0.52 0.00
1983 4617.049 218.5 0.52 -0.01
1984 4621.800 152.5 0.53 -0.01
1985 4623.630 284.4 0.52 0.02
1986 4625.022 136.5 0.46 -0.00
1987 4631.849 225.3 0.50 0.03
1988 4635.126 311.8 0.45 0.04
1989 4636.655 191.1 0.49 0.04
1990 4639.522 116.1 0.49 0.04
1991 4641.597 295.8 0.48 0.04
1992 4643.372 141.1 0.46 0.01
1993 4643.536 132.0 0.48 0.01
1994 4652.001 273.1 0.45 0.02
1995 4653.121 261.7 0.44 0.02
1996 4656.370 116.1 0.45 0.06
1997 4656.561 129.7 0.45 0.06
1998 4662.514 393.7 0.46 0.07
1999 4666.392 273.1 0.45 0.02
2000 4672.454 273.1 0.42 0.03
