1 1.321 66.0 0.57 -0.00
2 3.178 191.1 0.59 -0.01
3 6.154 202.5 0.59 -0.00
4 9.704 100.1 0.56 0.03
5 14.264 202.5 0.55 0.04
6 14.647 188.9 0.54 0.04
7 15.411 261.7 0.55 0.04
8 16.886 104.7 0.55 0.03
9 17.350 257.1 0.54 0.04
10 23.194 361.8 0.53 0.05
11 28.191 273.1 0.56 0.04
12 29.283 207.1 0.58 0.05
13 30.621 316.3 0.57 0.04
14 30.949 186.6 0.58 0.04
15 31.276 218.5 0.58 0.03
16 32.259 61.4 0.58 0.02
17 33.925 163.8 0.61 0.03
18 34.608 136.5 0.61 0.02
19 36.383 225.3 0.60 0.02
20 36.983 186.6 0.61 0.02
21 39.769 147.9 0.59 0.02
22 40.288 273.1 0.59 0.03
23 40.697 300.4 0.59 0.02
24 43.455 243.5 0.59 0.02
25 43.619 104.7 0.59 0.02
26 44.165 250.3 0.58 0.03
27 44.438 223.0 0.59 0.03
28 46.650 109.2 0.58 0.02
29 47.415 223.0 0.58 0.02
30 50.664 268.5 0.57 0.02
31 51.238 147.9 0.57 0.02
32 51.866 289.0 0.57 0.02
33 52.548 250.3 0.57 0.02
34 57.081 213.9 0.56 0.04
35 63.553 229.8 0.57 0.04
36 65.164 120.6 0.57 0.03
37 68.413 195.7 0.55 0.03
38 69.724 113.8 0.56 0.03
39 72.373 136.5 0.57 0.02
40 74.803 136.5 0.57 0.03
41 76.524 195.7 0.56 0.03
42 79.090 218.5 0.57 0.03
43 79.609 261.7 0.58 0.04
44 81.521 163.8 0.58 0.02
45 82.476 191.1 0.57 0.01
46 83.760 218.5 0.58 0.01
47 84.716 152.5 0.57 -0.00
48 86.381 195.7 0.55 0.02
49 87.119 179.8 0.56 0.01
50 88.538 225.3 0.57 -0.00
51 91.023 132.0 0.52 0.03
52 91.324 125.2 0.54 0.03
53 92.143 245.8 0.53 0.02
54 92.525 232.1 0.53 0.02
55 92.935 216.2 0.53 0.03
56 95.283 273.1 0.53 0.03
57 97.768 141.1 0.55 0.02
58 100.772 225.3 0.54 0.02
59 102.356 261.7 0.55 0.03
60 103.093 136.5 0.54 0.03
61 104.294 186.6 0.53 0.04
62 110.793 207.1 0.54 0.04
63 111.449 179.8 0.56 0.05
64 119.504 97.8 0.51 0.07
65 122.644 163.8 0.55 0.07
66 124.419 125.2 0.54 0.07
67 128.515 300.4 0.58 0.04
68 134.632 136.5 0.55 0.03
69 134.932 113.8 0.56 0.01
70 137.008 202.5 0.55 0.02
71 137.936 175.2 0.56 0.01
72 138.837 159.3 0.55 0.01
73 139.220 136.5 0.56 0.01
74 140.640 339.1 0.55 0.02
75 141.623 113.8 0.56 0.03
76 142.196 345.9 0.57 0.03
77 142.660 195.7 0.56 0.04
78 143.479 229.8 0.58 0.03
79 144.299 198.0 0.58 0.02
80 147.767 446.0 0.59 0.03
81 150.825 359.5 0.59 0.05
82 151.262 264.0 0.57 0.05
83 154.621 170.7 0.57 0.04
84 155.139 279.9 0.59 0.04
85 155.795 343.6 0.61 0.04
86 157.542 125.2 0.58 0.03
87 159.044 202.5 0.58 0.04
88 160.792 109.2 0.59 0.04
89 161.147 163.8 0.59 0.03
90 162.075 343.6 0.59 0.04
91 164.369 152.5 0.57 0.04
92 168.001 163.8 0.58 0.05
93 169.830 136.5 0.59 0.05
94 174.636 245.8 0.57 0.04
95 177.394 257.1 0.58 0.05
96 178.623 179.8 0.58 0.06
97 179.060 191.1 0.58 0.05
98 180.589 218.5 0.56 0.05
99 181.081 191.1 0.56 0.05
100 187.498 159.3 0.60 0.04
101 190.857 152.5 0.60 0.02
102 191.375 132.0 0.57 0.02
103 194.871 225.3 0.59 0.04
104 196.919 229.8 0.58 0.05
105 204.564 284.4 0.56 0.03
106 205.629 195.7 0.58 0.03
107 206.312 179.8 0.59 0.02
108 207.759 250.3 0.56 0.01
109 208.387 218.5 0.57 0.01
110 208.688 191.1 0.58 0.01
111 209.753 179.8 0.59 0.02
112 212.238 152.5 0.58 0.01
113 212.483 179.8 0.58 0.01
114 214.668 102.4 0.58 0.02
115 215.323 295.8 0.58 0.03
116 217.644 175.2 0.58 0.03
117 219.255 141.1 0.57 0.03
118 219.501 245.8 0.57 0.04
119 220.020 238.9 0.56 0.04
120 221.249 316.3 0.57 0.03
121 221.713 300.4 0.57 0.03
122 222.013 213.9 0.57 0.03
123 223.706 252.6 0.57 0.03
124 224.061 179.8 0.57 0.03
125 227.775 289.0 0.56 0.03
126 228.294 245.8 0.56 0.03
127 235.994 475.6 0.59 0.01
128 237.332 200.2 0.57 0.00
129 238.370 163.8 0.59 0.01
130 238.971 184.3 0.58 0.01
131 241.128 136.5 0.57 0.01
132 245.688 327.7 0.56 0.03
133 246.562 355.0 0.56 0.03
134 250.412 275.3 0.56 0.01
135 252.215 295.8 0.55 0.02
136 252.925 355.0 0.55 0.02
137 254.781 186.6 0.54 0.00
138 256.338 300.4 0.54 0.00
139 256.857 218.5 0.52 0.00
140 257.922 147.9 0.53 0.00
141 258.714 163.8 0.54 0.00
142 260.953 245.8 0.53 0.00
143 262.646 257.1 0.53 0.00
144 264.366 229.8 0.53 0.01
145 266.059 273.1 0.55 0.04
146 266.824 159.3 0.55 0.05
147 268.107 177.5 0.52 0.04
148 268.571 175.2 0.54 0.02
149 271.220 211.6 0.57 0.00
150 271.793 245.8 0.55 0.01
151 273.432 154.7 0.56 0.01
152 273.760 370.9 0.58 0.03
153 277.856 245.8 0.58 0.03
154 279.221 152.5 0.56 0.01
155 280.668 311.8 0.56 0.02
156 281.078 218.5 0.56 0.01
157 283.071 284.4 0.56 0.00
158 289.898 229.8 0.55 -0.00
159 291.427 382.3 0.55 -0.00
160 292.956 175.2 0.54 -0.01
161 295.305 234.4 0.55 -0.01
162 296.834 207.1 0.54 -0.01
163 298.772 175.2 0.55 0.00
164 301.203 147.9 0.54 -0.00
165 302.486 207.1 0.55 0.01
166 302.814 359.5 0.55 -0.00
167 307.319 152.5 0.55 0.01
168 308.330 257.1 0.56 0.01
169 308.931 355.0 0.55 0.02
170 311.415 136.5 0.55 0.01
171 312.753 273.1 0.57 0.00
172 313.491 202.5 0.56 0.01
173 317.177 261.7 0.54 -0.00
174 319.580 184.3 0.59 -0.02
175 320.672 104.7 0.59 -0.01
176 321.492 211.6 0.57 -0.00
177 323.075 245.8 0.60 -0.00
178 326.735 163.8 0.58 0.00
179 328.073 157.0 0.59 0.01
180 330.394 125.2 0.56 0.01
181 335.746 207.1 0.59 -0.00
182 336.019 179.8 0.58 -0.00
183 340.879 186.6 0.55 -0.02
184 341.562 147.9 0.56 0.00
185 342.709 268.5 0.57 -0.02
186 343.282 252.6 0.58 -0.01
187 345.003 261.7 0.57 0.00
188 347.515 132.0 0.57 0.01
189 348.198 452.8 0.58 0.01
190 349.590 284.4 0.58 0.01
191 351.829 289.0 0.57 0.01
192 352.785 168.4 0.57 0.01
193 354.478 191.1 0.58 0.00
194 358.519 218.5 0.55 0.02
195 359.011 257.1 0.56 0.01
196 361.059 245.8 0.56 0.01
197 363.462 273.1 0.56 0.02
198 365.483 120.6 0.56 0.03
199 367.258 245.8 0.56 0.03
200 367.695 307.2 0.56 0.03
201 368.295 289.0 0.56 0.02
202 371.463 295.8 0.57 0.01
203 371.927 175.2 0.55 0.01
204 377.088 348.2 0.55 -0.00
205 382.822 77.4 0.54 0.00
206 384.898 241.2 0.55 0.02
207 385.307 213.9 0.55 0.02
208 388.147 234.4 0.53 0.04
209 388.721 257.1 0.52 0.03
210 389.895 355.0 0.54 0.07
211 394.592 245.8 0.53 0.05
212 395.465 268.5 0.52 0.06
213 397.568 127.4 0.53 0.05
214 402.074 229.8 0.52 0.01
215 404.613 147.9 0.52 -0.01
216 405.378 179.8 0.51 0.01
217 407.125 202.5 0.51 0.00
218 413.024 154.7 0.49 0.02
219 413.652 218.5 0.50 0.02
220 417.611 163.8 0.51 0.03
221 419.004 202.5 0.49 0.04
222 421.434 143.4 0.52 0.04
223 422.281 300.4 0.53 0.04
224 422.963 257.1 0.55 0.05
225 425.967 163.8 0.52 0.06
226 426.622 245.8 0.56 0.06
227 427.441 191.1 0.54 0.04
228 428.725 109.2 0.58 0.02
229 430.145 309.5 0.60 0.03
230 438.883 120.6 0.59 0.02
231 442.324 152.5 0.60 0.02
232 444.454 245.8 0.57 0.02
233 444.754 232.1 0.57 0.02
234 445.327 127.4 0.57 0.02
235 445.792 145.6 0.57 0.02
236 448.331 191.1 0.56 0.01
237 448.741 113.8 0.55 0.01
238 450.434 202.5 0.56 0.00
239 451.253 147.9 0.57 0.01
240 452.236 207.1 0.56 0.01
241 452.837 104.7 0.54 0.01
242 454.038 116.1 0.57 0.01
243 455.130 163.8 0.56 0.01
244 457.069 147.9 0.60 0.02
245 457.506 318.6 0.58 0.02
246 459.281 245.8 0.60 0.03
247 460.373 421.0 0.58 0.02
248 461.930 223.0 0.60 0.02
249 462.421 191.1 0.60 0.01
250 467.391 289.0 0.60 0.02
251 469.303 223.0 0.59 0.03
252 470.149 191.1 0.58 0.01
253 471.433 273.1 0.59 0.02
254 472.306 109.2 0.56 0.01
255 475.010 191.1 0.58 0.01
256 475.774 273.1 0.57 0.01
257 483.529 104.7 0.56 0.01
258 484.949 546.1 0.55 0.01
259 486.260 229.8 0.54 0.01
260 488.308 332.2 0.54 0.02
261 489.810 218.5 0.53 0.02
262 490.138 245.8 0.53 0.03
263 490.957 229.8 0.54 0.03
264 494.015 147.9 0.55 0.02
265 494.616 236.7 0.55 0.03
266 497.347 218.5 0.56 0.03
267 498.248 120.6 0.58 0.01
268 499.449 241.2 0.56 0.02
269 505.047 234.4 0.58 0.03
270 506.112 250.3 0.56 0.04
271 511.246 241.2 0.58 0.04
272 513.949 202.5 0.56 0.04
273 514.741 179.8 0.57 0.03
274 518.291 186.6 0.58 0.01
275 519.383 284.4 0.59 0.01
276 522.824 432.4 0.59 0.03
277 531.726 191.1 0.60 -0.00
278 535.712 295.8 0.59 -0.03
279 536.996 120.6 0.58 -0.01
280 539.972 191.1 0.58 -0.01
281 540.518 191.1 0.57 -0.01
282 541.010 229.8 0.57 -0.01
283 546.362 257.1 0.57 -0.00
284 549.912 113.8 0.55 0.01
285 550.731 191.1 0.57 0.00
286 554.417 152.5 0.58 -0.01
287 555.100 163.8 0.58 -0.01
288 558.268 120.6 0.58 0.02
289 561.545 163.8 0.57 0.04
290 565.968 218.5 0.56 0.03
291 570.064 159.3 0.55 0.04
292 570.610 195.7 0.54 0.04
293 572.959 88.7 0.56 0.05
294 574.242 152.5 0.56 0.03
295 582.380 241.2 0.58 0.04
296 582.926 186.6 0.58 0.02
297 586.994 136.5 0.56 0.01
298 587.158 129.7 0.56 0.01
299 588.387 179.8 0.57 0.01
300 588.660 248.0 0.57 0.01
301 590.599 136.5 0.58 0.03
302 595.350 229.8 0.58 0.00
303 595.705 284.4 0.58 0.00
304 599.719 163.8 0.59 0.03
305 601.549 102.4 0.57 0.02
306 603.105 289.0 0.59 0.02
307 604.416 261.7 0.58 0.04
308 605.727 168.4 0.58 0.01
309 607.529 245.8 0.57 0.03
310 610.096 163.8 0.56 0.02
311 612.089 273.1 0.54 0.03
312 612.444 195.7 0.54 0.04
313 612.963 207.1 0.55 0.03
314 613.755 343.6 0.56 0.05
315 614.984 109.2 0.54 0.03
316 616.950 159.3 0.54 0.04
317 617.824 129.7 0.54 0.04
318 620.308 159.3 0.56 0.02
319 622.466 218.5 0.54 0.01
320 623.995 168.4 0.57 0.02
321 625.524 361.8 0.57 0.02
322 628.309 154.7 0.57 0.02
323 629.210 104.7 0.57 0.02
324 629.538 172.9 0.56 0.02
325 630.740 213.9 0.57 0.01
326 631.177 234.4 0.57 0.01
327 631.695 300.4 0.57 0.01
328 632.269 311.8 0.57 0.01
329 633.443 223.0 0.56 0.02
330 634.453 86.5 0.58 0.01
331 638.003 332.2 0.58 0.05
332 640.133 261.7 0.57 0.05
333 643.410 250.3 0.57 0.04
334 644.229 409.6 0.55 0.04
335 644.557 279.9 0.55 0.04
336 646.414 234.4 0.55 0.04
337 647.096 86.5 0.56 0.04
338 651.575 223.0 0.54 0.03
339 651.930 243.5 0.55 0.03
340 659.466 125.2 0.56 0.02
341 660.258 366.4 0.55 0.02
342 663.125 120.6 0.56 0.01
343 668.805 316.3 0.53 0.02
344 669.624 154.7 0.55 0.03
345 669.843 120.6 0.56 0.03
346 670.444 425.5 0.55 0.03
347 679.974 327.7 0.54 0.01
348 682.923 179.8 0.55 0.01
349 688.439 195.7 0.56 0.01
350 688.821 195.7 0.55 0.01
351 689.585 163.8 0.55 0.01
352 689.804 213.9 0.54 0.01
353 690.487 186.6 0.55 0.00
354 691.633 277.6 0.56 -0.00
355 693.545 257.1 0.56 0.02
356 696.713 191.1 0.55 0.02
357 698.296 245.8 0.56 0.02
358 700.563 370.9 0.56 0.02
359 701.273 132.0 0.56 0.02
360 704.167 241.2 0.56 0.02
361 705.505 207.1 0.56 0.00
362 708.291 377.7 0.56 0.00
363 708.946 223.0 0.55 -0.00
364 709.219 136.5 0.56 0.01
365 710.748 163.8 0.56 0.01
366 711.322 213.9 0.56 0.01
367 715.418 152.5 0.56 0.02
368 717.247 311.8 0.55 0.02
369 720.305 172.9 0.58 0.01
370 722.900 218.5 0.58 0.01
371 723.937 175.2 0.59 0.02
372 727.241 152.5 0.57 0.02
373 729.071 179.8 0.57 0.02
374 731.201 97.8 0.58 0.03
375 737.318 120.6 0.55 0.03
376 737.536 120.6 0.57 0.05
377 739.584 377.7 0.57 0.05
378 742.151 186.6 0.57 0.02
379 743.434 234.4 0.58 0.03
380 744.800 182.0 0.58 0.03
381 745.182 257.1 0.59 0.02
382 748.158 250.3 0.58 0.02
383 749.797 304.9 0.57 0.02
384 750.370 273.1 0.57 0.01
385 754.302 257.1 0.57 0.03
386 755.285 86.5 0.56 0.01
387 755.395 86.5 0.56 0.01
388 755.941 273.1 0.58 0.02
389 756.378 141.1 0.57 0.02
390 762.658 245.8 0.57 0.00
391 765.525 316.3 0.55 0.02
392 765.853 289.0 0.56 0.02
393 766.263 257.1 0.56 0.01
394 766.918 241.2 0.56 -0.00
395 767.409 132.0 0.55 -0.00
396 767.846 245.8 0.55 0.00
397 771.478 163.8 0.56 -0.01
398 772.570 213.9 0.56 -0.01
399 774.946 257.1 0.55 -0.01
400 775.274 229.8 0.55 -0.01
401 777.595 268.5 0.56 -0.00
402 781.145 241.2 0.56 0.00
403 783.903 284.4 0.56 0.00
404 785.760 147.9 0.56 0.00
405 788.381 286.7 0.55 0.01
406 789.801 343.6 0.54 -0.00
407 794.443 191.1 0.56 0.04
408 796.491 261.7 0.56 0.03
409 797.201 182.0 0.57 0.02
410 797.638 254.9 0.56 0.03
411 798.375 198.0 0.56 0.02
412 800.997 175.2 0.53 0.02
413 801.352 168.4 0.55 0.02
414 806.349 359.5 0.54 0.02
415 821.586 234.4 0.53 0.02
416 822.023 330.0 0.54 0.02
417 825.272 373.2 0.54 0.02
418 831.444 373.2 0.57 0.02
419 836.359 268.5 0.56 0.02
420 837.642 507.4 0.55 0.01
421 840.291 195.7 0.54 0.01
422 842.202 170.7 0.53 -0.00
423 844.169 223.0 0.54 -0.02
424 846.653 191.1 0.54 -0.01
425 848.565 136.5 0.54 -0.02
426 852.743 125.2 0.54 0.01
427 853.617 132.0 0.55 -0.01
428 854.081 218.5 0.57 -0.01
429 855.665 261.7 0.57 -0.01
430 856.156 300.4 0.56 0.01
431 856.538 213.9 0.56 -0.01
432 859.515 77.4 0.57 0.00
433 862.846 213.9 0.55 0.01
434 867.980 132.0 0.55 0.01
435 872.021 273.1 0.56 0.01
436 874.015 273.1 0.57 0.02
437 877.182 184.3 0.56 0.03
438 877.865 195.7 0.56 0.03
439 880.732 250.3 0.55 0.01
440 881.033 218.5 0.55 0.01
441 885.292 273.1 0.53 0.02
442 888.187 229.8 0.54 0.05
443 892.856 125.2 0.56 0.04
444 893.047 186.6 0.54 0.04
445 894.713 245.8 0.54 0.04
446 895.805 254.9 0.53 0.04
447 897.498 163.8 0.53 0.03
448 898.563 132.0 0.54 0.02
449 899.519 179.8 0.56 0.02
450 902.332 257.1 0.54 0.02
451 905.226 207.1 0.55 0.01
452 909.677 300.4 0.58 0.01
453 910.223 159.3 0.59 0.03
454 910.633 223.0 0.59 0.02
455 913.719 218.5 0.62 0.02
456 915.958 163.8 0.62 0.02
457 916.613 184.3 0.61 0.02
458 919.753 163.8 0.60 0.02
459 920.491 136.5 0.61 0.02
460 920.982 172.9 0.60 0.03
461 923.658 170.7 0.60 0.04
462 925.105 120.6 0.60 0.03
463 925.706 170.7 0.61 0.03
464 927.536 159.3 0.61 0.02
465 928.218 175.2 0.59 0.04
466 929.420 191.1 0.61 0.01
467 930.813 125.2 0.60 0.01
468 931.741 355.0 0.61 0.01
469 933.680 163.8 0.59 0.05
470 935.509 268.5 0.58 0.06
471 936.356 250.3 0.58 0.05
472 936.875 218.5 0.59 0.06
473 940.943 209.4 0.59 0.02
474 941.981 163.8 0.60 0.01
475 946.295 307.2 0.58 0.01
476 946.760 264.0 0.59 0.03
477 949.818 163.8 0.59 0.03
478 951.402 241.2 0.59 0.03
479 952.767 132.0 0.58 0.02
480 961.096 393.7 0.58 0.04
481 961.669 179.8 0.59 0.02
482 962.079 172.9 0.58 0.02
483 963.417 198.0 0.58 0.03
484 964.318 289.0 0.58 0.03
485 967.567 261.7 0.57 0.04
486 969.342 245.8 0.57 0.01
487 975.213 120.6 0.59 0.04
488 979.255 88.7 0.56 0.04
489 980.975 207.1 0.58 0.04
490 981.903 163.8 0.57 0.05
491 984.798 218.5 0.58 0.04
492 987.419 113.8 0.58 0.03
493 988.539 257.1 0.57 0.05
494 989.577 332.2 0.58 0.03
495 991.734 334.5 0.57 0.03
496 992.553 198.0 0.56 0.03
497 994.055 355.0 0.56 0.02
498 996.567 218.5 0.56 0.01
499 999.052 218.5 0.57 0.01
500 1003.366 159.3 0.58 0.01
501 1004.022 157.0 0.58 0.01
502 1004.295 264.0 0.57 0.03
503 1009.183 175.2 0.58 0.02
504 1012.023 163.8 0.59 0.01
505 1012.405 355.0 0.58 0.03
506 1013.770 257.1 0.60 0.03
507 1014.153 300.4 0.59 0.02
508 1015.491 316.3 0.59 0.02
509 1016.173 289.0 0.59 0.02
510 1020.706 218.5 0.58 0.01
511 1022.126 332.2 0.56 0.02
512 1024.584 202.5 0.56 0.02
513 1025.021 147.9 0.55 0.03
514 1026.686 163.8 0.58 0.03
515 1027.205 88.7 0.54 0.02
516 1028.188 218.5 0.54 0.04
517 1029.772 132.0 0.56 0.04
518 1030.892 207.1 0.56 0.03
519 1031.574 129.7 0.57 0.03
520 1035.861 147.9 0.55 0.01
521 1038.892 125.2 0.53 0.02
522 1039.220 147.9 0.53 0.02
523 1039.411 120.6 0.51 0.01
524 1041.978 277.6 0.55 0.00
525 1045.309 257.1 0.53 0.03
526 1046.893 207.1 0.53 0.03
527 1047.494 211.6 0.53 0.04
528 1049.815 191.1 0.53 0.04
529 1052.628 491.5 0.54 0.03
530 1053.146 261.7 0.52 0.03
531 1054.812 163.8 0.52 0.01
532 1060.082 229.8 0.52 0.02
533 1066.281 350.4 0.52 0.02
534 1068.930 261.7 0.53 0.02
535 1072.534 273.1 0.55 0.02
536 1074.582 257.1 0.54 0.03
537 1077.395 120.6 0.54 0.02
538 1079.552 227.6 0.57 0.04
539 1080.399 120.6 0.58 0.02
540 1081.764 168.4 0.56 0.05
541 1084.249 109.2 0.57 0.05
542 1089.683 234.4 0.58 0.03
543 1090.502 370.9 0.57 0.04
544 1091.622 152.5 0.57 0.03
545 1092.741 186.6 0.58 0.03
546 1095.008 163.8 0.58 0.02
547 1095.526 163.8 0.60 0.03
548 1095.799 241.2 0.58 0.02
549 1097.192 279.9 0.59 0.01
550 1097.957 207.1 0.59 0.02
551 1102.626 223.0 0.60 0.00
552 1103.555 300.4 0.60 0.00
553 1106.258 218.5 0.59 0.00
554 1107.459 202.5 0.60 0.01
555 1108.688 277.6 0.58 0.01
556 1109.780 389.1 0.60 0.01
557 1112.020 134.3 0.58 0.00
558 1113.412 213.9 0.61 0.00
559 1116.034 266.2 0.59 0.01
560 1116.908 132.0 0.60 -0.00
561 1119.201 250.3 0.59 0.01
562 1119.447 159.3 0.58 0.01
563 1120.430 129.7 0.58 0.01
564 1121.932 229.8 0.58 0.01
565 1122.751 163.8 0.59 0.03
566 1123.843 152.5 0.58 0.01
567 1126.055 191.1 0.58 0.01
568 1131.025 163.8 0.57 0.01
569 1132.063 163.8 0.57 0.01
570 1134.657 339.1 0.57 0.01
571 1137.770 113.8 0.56 0.02
572 1138.589 268.5 0.57 0.03
573 1139.026 159.3 0.59 0.03
574 1141.292 179.8 0.57 0.02
575 1144.160 143.4 0.59 0.02
576 1144.678 186.6 0.58 0.02
577 1146.726 245.8 0.59 0.02
578 1149.648 159.3 0.59 0.01
579 1150.003 125.2 0.58 0.01
580 1152.488 141.1 0.57 0.01
581 1152.707 154.7 0.58 0.01
582 1157.076 113.8 0.57 -0.01
583 1157.431 175.2 0.58 -0.01
584 1159.369 698.6 0.57 -0.00
585 1160.735 327.7 0.57 0.01
586 1162.646 179.8 0.59 0.01
587 1164.257 147.9 0.61 -0.01
588 1165.158 229.8 0.57 0.01
589 1165.431 182.0 0.58 0.01
590 1167.316 300.4 0.59 0.00
591 1167.862 175.2 0.62 0.00
592 1169.719 223.0 0.59 -0.01
593 1170.784 273.1 0.60 -0.03
594 1172.313 163.8 0.61 -0.03
595 1174.798 136.5 0.61 -0.03
596 1175.535 270.8 0.60 0.00
597 1175.945 213.9 0.60 -0.01
598 1179.412 218.5 0.60 0.01
599 1180.832 207.1 0.59 0.01
600 1181.870 261.7 0.59 0.00
601 1186.540 234.4 0.58 -0.01
602 1192.219 236.7 0.56 0.00
603 1193.339 120.6 0.54 0.01
604 1193.858 152.5 0.56 -0.00
605 1196.807 163.8 0.56 0.00
606 1198.500 191.1 0.56 0.00
607 1199.647 261.7 0.56 -0.00
608 1200.794 273.1 0.56 0.00
609 1202.159 304.9 0.56 0.02
610 1202.623 143.4 0.55 0.00
611 1203.907 202.5 0.56 0.02
612 1204.262 175.2 0.56 0.02
613 1204.944 207.1 0.56 0.01
614 1208.822 175.2 0.55 0.03
615 1212.535 284.4 0.55 0.03
616 1214.857 125.2 0.55 0.03
617 1215.648 113.8 0.55 0.02
618 1216.222 421.0 0.55 0.02
619 1222.612 129.7 0.57 0.02
620 1222.857 136.5 0.56 0.02
621 1223.076 147.9 0.56 0.02
622 1225.643 245.8 0.57 0.03
623 1226.953 191.1 0.56 0.03
624 1228.974 245.8 0.58 0.04
625 1229.384 159.3 0.57 0.04
626 1235.582 589.4 0.57 0.00
627 1236.210 168.4 0.54 -0.00
628 1238.586 113.8 0.57 -0.02
629 1241.371 245.8 0.57 0.00
630 1242.409 179.8 0.57 0.02
631 1250.464 163.8 0.58 0.01
632 1251.147 207.1 0.57 0.01
633 1251.502 200.2 0.58 0.01
634 1255.789 141.1 0.57 0.02
635 1258.520 163.8 0.57 0.01
636 1262.179 202.5 0.58 0.02
637 1265.756 238.9 0.57 0.01
638 1267.121 182.0 0.58 0.01
639 1270.043 132.0 0.58 0.01
640 1271.381 250.3 0.58 0.02
641 1272.255 209.4 0.58 0.02
642 1273.293 159.3 0.58 0.02
643 1273.675 145.6 0.59 0.02
644 1274.494 229.8 0.58 0.01
645 1274.849 223.0 0.58 0.01
646 1275.204 218.5 0.59 0.01
647 1275.969 159.3 0.58 0.01
648 1276.542 125.2 0.57 0.01
649 1276.815 334.5 0.58 0.02
650 1278.181 605.3 0.58 0.02
651 1281.048 264.0 0.60 0.03
652 1282.714 202.5 0.58 0.03
653 1286.837 241.2 0.58 0.04
654 1287.547 229.8 0.58 0.04
655 1288.230 202.5 0.57 0.04
656 1288.721 261.7 0.57 0.04
657 1291.752 207.1 0.58 0.03
658 1292.954 245.8 0.58 0.03
659 1295.630 141.1 0.58 0.02
660 1297.213 398.2 0.58 0.03
661 1300.108 109.2 0.58 0.02
662 1304.641 359.5 0.57 0.03
663 1306.498 125.2 0.58 0.01
664 1312.341 141.1 0.58 0.01
665 1312.915 136.5 0.58 0.02
666 1313.898 191.1 0.59 0.01
667 1314.198 245.8 0.58 0.01
668 1315.045 234.4 0.59 0.02
669 1317.175 273.1 0.59 0.01
670 1317.775 202.5 0.58 0.01
671 1320.451 86.5 0.57 0.01
672 1322.581 132.0 0.58 -0.00
673 1322.827 186.6 0.58 -0.00
674 1323.510 218.5 0.58 0.00
675 1324.083 268.5 0.60 0.01
676 1324.984 152.5 0.58 0.00
677 1325.722 229.8 0.60 0.01
678 1326.322 366.4 0.57 0.01
679 1327.251 175.2 0.59 0.01
680 1328.288 223.0 0.58 0.00
681 1328.889 277.6 0.59 0.00
682 1329.408 159.3 0.60 0.00
683 1332.849 300.4 0.60 0.04
684 1333.531 218.5 0.60 0.04
685 1336.344 109.2 0.58 0.05
686 1336.672 129.7 0.58 0.05
687 1340.795 175.2 0.59 0.01
688 1341.805 425.5 0.59 0.01
689 1342.433 229.8 0.58 -0.01
690 1343.826 257.1 0.57 -0.02
691 1345.737 147.9 0.57 0.00
692 1348.140 238.9 0.57 0.01
693 1349.833 382.3 0.59 -0.00
694 1351.554 163.8 0.57 0.01
695 1360.183 245.8 0.56 0.02
696 1360.565 286.7 0.56 0.02
697 1362.886 234.4 0.55 0.03
698 1364.006 198.0 0.55 0.02
699 1364.825 198.0 0.55 0.04
700 1365.180 218.5 0.55 0.01
701 1365.699 152.5 0.54 0.03
702 1367.637 163.8 0.54 0.02
703 1370.941 97.8 0.54 0.03
704 1373.317 257.1 0.55 0.02
705 1373.891 93.3 0.55 0.02
706 1374.710 147.9 0.56 0.01
707 1376.485 234.4 0.57 0.03
708 1380.171 284.4 0.58 0.07
709 1384.185 179.8 0.58 0.07
710 1385.250 179.8 0.58 0.08
711 1385.551 172.9 0.56 0.08
712 1386.315 257.1 0.57 0.06
713 1387.162 273.1 0.57 0.07
714 1388.964 534.8 0.56 0.06
715 1390.001 152.5 0.54 0.02
716 1390.438 200.2 0.56 0.02
717 1391.640 311.8 0.54 0.02
718 1394.097 273.1 0.55 0.03
719 1394.807 147.9 0.55 0.02
720 1397.101 179.8 0.55 0.02
721 1397.620 261.7 0.55 0.02
722 1402.781 339.1 0.56 0.02
723 1404.884 257.1 0.56 0.02
724 1405.375 284.4 0.57 0.02
725 1406.631 125.2 0.55 0.03
726 1407.314 320.9 0.54 0.02
727 1408.843 245.8 0.54 0.01
728 1409.253 293.5 0.54 0.01
729 1410.017 175.2 0.53 0.02
730 1410.618 179.8 0.54 0.00
731 1410.918 207.1 0.54 0.00
732 1415.315 234.4 0.54 -0.01
733 1415.779 261.7 0.53 -0.00
734 1416.434 125.2 0.52 -0.00
735 1421.104 284.4 0.53 0.00
736 1423.288 191.1 0.53 0.00
737 1424.189 147.9 0.52 0.00
738 1430.443 218.5 0.53 0.01
739 1435.003 241.2 0.55 0.03
740 1435.412 364.1 0.53 0.03
741 1436.204 120.6 0.54 0.02
742 1436.751 225.3 0.53 0.02
743 1437.624 152.5 0.54 0.03
744 1445.297 295.8 0.54 -0.00
745 1450.977 245.8 0.55 0.03
746 1451.360 191.1 0.55 0.03
747 1451.551 113.8 0.54 0.02
748 1459.115 229.8 0.59 0.04
749 1464.139 175.2 0.59 0.03
750 1466.624 311.8 0.57 0.01
751 1467.061 200.2 0.59 0.00
752 1468.099 261.7 0.54 -0.01
753 1469.164 241.2 0.55 -0.00
754 1470.283 218.5 0.56 0.00
755 1471.648 202.5 0.56 -0.01
756 1474.625 213.9 0.55 0.01
757 1477.055 241.2 0.54 -0.00
758 1480.004 213.9 0.54 -0.01
759 1481.998 191.1 0.54 -0.01
760 1483.172 191.1 0.55 -0.02
761 1485.875 304.9 0.54 -0.01
762 1486.476 102.4 0.54 -0.02
763 1487.022 116.1 0.56 -0.01
764 1488.224 443.7 0.56 -0.02
765 1488.824 191.1 0.55 -0.01
766 1489.289 191.1 0.55 -0.02
767 1494.968 88.7 0.54 -0.01
768 1499.529 109.2 0.56 -0.03
769 1499.829 163.8 0.57 -0.02
770 1500.593 273.1 0.57 0.00
771 1505.318 245.8 0.57 0.01
772 1508.895 234.4 0.55 -0.00
773 1509.140 200.2 0.56 -0.00
774 1509.468 191.1 0.55 0.01
775 1511.598 241.2 0.54 -0.01
776 1512.772 327.7 0.54 -0.03
777 1515.175 120.6 0.55 -0.00
778 1516.186 118.3 0.54 0.01
779 1518.479 170.7 0.56 0.02
780 1521.865 147.9 0.53 0.01
781 1528.856 198.0 0.53 -0.01
782 1529.730 268.5 0.53 0.01
783 1533.334 223.0 0.55 0.02
784 1534.508 186.6 0.54 0.02
785 1535.191 207.1 0.56 0.01
786 1535.655 202.5 0.55 0.01
787 1537.321 186.6 0.56 0.00
788 1540.352 104.7 0.57 0.01
789 1543.683 311.8 0.58 0.02
790 1544.721 163.8 0.59 0.02
791 1547.834 109.2 0.58 0.02
792 1551.930 202.5 0.59 0.03
793 1553.459 120.6 0.59 0.02
794 1557.583 163.8 0.60 0.04
795 1559.002 132.0 0.59 0.02
796 1559.248 172.9 0.60 0.02
797 1559.576 202.5 0.60 0.04
798 1560.422 261.7 0.60 0.05
799 1560.996 120.6 0.57 0.04
800 1561.324 459.7 0.60 0.05
801 1561.870 273.1 0.59 0.05
802 1565.174 163.8 0.59 0.02
803 1566.812 198.0 0.60 0.03
804 1570.635 141.1 0.59 0.01
805 1572.983 179.8 0.59 0.01
806 1573.420 257.1 0.58 0.02
807 1579.182 236.7 0.60 0.02
808 1580.329 116.1 0.58 0.03
809 1581.858 191.1 0.59 0.00
810 1582.077 191.1 0.60 0.02
811 1583.387 175.2 0.61 0.03
812 1584.343 163.8 0.59 0.01
813 1585.708 218.5 0.60 0.02
814 1587.593 163.8 0.59 0.01
815 1591.989 245.8 0.58 0.00
816 1594.638 125.2 0.58 0.02
817 1597.559 125.2 0.57 0.00
818 1603.185 327.7 0.55 0.02
819 1603.703 113.8 0.55 0.01
820 1605.861 202.5 0.56 0.01
821 1614.189 316.3 0.57 0.03
822 1618.476 179.8 0.58 0.04
823 1618.695 202.5 0.57 0.01
824 1620.142 186.6 0.56 0.03
825 1621.043 223.0 0.56 0.03
826 1625.003 421.0 0.55 -0.00
827 1625.467 311.8 0.54 -0.00
828 1626.341 163.8 0.56 0.00
829 1626.750 252.6 0.56 0.00
830 1627.078 241.2 0.56 -0.02
831 1627.269 136.5 0.55 0.00
832 1628.088 245.8 0.57 -0.00
833 1630.082 152.5 0.55 -0.00
834 1630.519 152.5 0.55 0.01
835 1631.392 125.2 0.56 -0.00
836 1632.348 207.1 0.56 0.01
837 1634.369 136.5 0.56 0.01
838 1634.697 198.0 0.59 -0.01
839 1641.387 163.8 0.56 -0.01
840 1643.653 147.9 0.60 0.02
841 1644.937 213.9 0.59 0.02
842 1645.319 257.1 0.59 -0.00
843 1646.056 179.8 0.59 0.01
844 1647.094 120.6 0.58 0.01
845 1647.531 50.1 0.61 0.01
846 1650.480 207.1 0.60 0.04
847 1654.002 125.2 0.61 0.02
848 1655.695 245.8 0.61 0.03
849 1656.569 352.7 0.59 0.03
850 1660.556 113.8 0.59 0.03
851 1661.512 350.4 0.58 0.03
852 1664.188 284.4 0.61 0.01
853 1664.870 195.7 0.58 0.01
854 1665.608 184.3 0.59 0.03
855 1666.536 161.6 0.61 0.02
856 1667.847 93.3 0.57 0.03
857 1669.376 343.6 0.59 0.03
858 1670.332 97.8 0.59 0.03
859 1676.858 163.8 0.58 0.03
860 1677.076 129.7 0.58 0.03
861 1677.404 154.7 0.59 0.04
862 1678.933 284.4 0.56 0.02
863 1679.753 163.8 0.57 0.02
864 1680.326 109.2 0.55 0.01
865 1680.599 191.1 0.56 0.03
866 1684.886 257.1 0.54 0.03
867 1687.890 213.9 0.55 0.03
868 1689.610 289.0 0.57 0.02
869 1690.894 179.8 0.56 0.03
870 1691.740 257.1 0.56 0.04
871 1692.122 323.1 0.57 0.01
872 1697.556 275.3 0.55 0.02
873 1698.157 136.5 0.55 0.02
874 1699.796 273.1 0.56 0.02
875 1700.506 186.6 0.56 0.02
876 1707.796 209.4 0.54 0.02
877 1709.489 218.5 0.55 0.01
878 1710.718 179.8 0.56 0.02
879 1711.264 129.7 0.55 0.01
880 1711.865 159.3 0.55 0.01
881 1713.231 245.8 0.55 0.02
882 1715.470 186.6 0.54 0.01
883 1716.671 100.1 0.54 0.01
884 1717.927 300.4 0.53 0.00
885 1718.282 348.2 0.54 0.00
886 1719.402 268.5 0.53 -0.01
887 1724.645 179.8 0.53 -0.01
888 1726.775 202.5 0.54 -0.04
889 1727.293 175.2 0.54 -0.02
890 1728.577 191.1 0.52 -0.01
891 1731.007 355.0 0.53 -0.00
892 1732.673 295.8 0.52 -0.00
893 1735.786 223.0 0.55 -0.03
894 1738.216 421.0 0.56 -0.02
895 1738.571 186.6 0.55 -0.02
896 1740.373 223.0 0.53 -0.02
897 1740.646 236.7 0.54 -0.02
898 1746.026 109.2 0.52 -0.02
899 1747.227 273.1 0.53 -0.02
900 1749.193 125.2 0.52 -0.01
901 1749.658 248.0 0.51 -0.01
902 1750.095 245.8 0.52 -0.01
903 1753.235 512.0 0.51 0.01
904 1753.836 395.9 0.53 0.01
905 1755.802 200.2 0.53 0.00
906 1758.095 229.8 0.54 0.01
907 1758.696 159.3 0.53 0.00
908 1759.843 284.4 0.54 0.01
909 1760.580 266.2 0.54 0.00
910 1760.908 245.8 0.53 0.00
911 1764.813 343.6 0.53 0.02
912 1767.107 207.1 0.55 0.01
913 1768.062 163.8 0.57 0.00
914 1770.329 289.0 0.55 -0.00
915 1771.803 241.2 0.55 0.00
916 1774.042 320.9 0.56 0.00
917 1774.725 245.8 0.57 0.01
918 1777.128 436.9 0.57 0.01
919 1779.203 261.7 0.56 0.00
920 1780.296 229.8 0.57 -0.00
921 1781.115 191.1 0.56 -0.00
922 1781.661 257.1 0.56 -0.00
923 1782.589 234.4 0.55 0.00
924 1782.944 191.1 0.56 0.00
925 1788.351 163.8 0.57 0.04
926 1795.806 175.2 0.57 0.02
927 1796.707 213.9 0.59 0.03
928 1799.247 125.2 0.59 0.02
929 1800.257 182.0 0.59 0.01
930 1802.278 300.4 0.60 0.02
931 1805.336 141.1 0.59 0.02
932 1805.909 152.5 0.59 0.03
933 1807.138 136.5 0.57 0.03
934 1808.067 97.8 0.57 0.01
935 1814.866 191.1 0.57 0.02
936 1815.084 168.4 0.57 0.01
937 1817.078 50.1 0.57 0.02
938 1818.907 152.5 0.58 0.01
939 1819.235 191.1 0.58 0.01
940 1821.911 202.5 0.57 0.02
941 1822.239 207.1 0.57 0.01
942 1826.417 179.8 0.58 0.04
943 1827.727 261.7 0.58 0.03
944 1832.315 213.9 0.58 0.02
945 1836.356 343.6 0.57 0.04
946 1839.169 168.4 0.57 0.05
947 1840.070 125.2 0.57 0.03
948 1840.835 289.0 0.58 0.03
949 1842.664 327.7 0.57 0.03
950 1847.170 191.1 0.58 0.03
951 1847.525 264.0 0.58 0.02
952 1850.337 163.8 0.58 0.02
953 1853.095 141.1 0.58 0.01
954 1853.833 170.7 0.58 0.02
955 1854.979 104.7 0.57 0.02
956 1856.317 136.5 0.59 0.03
957 1858.038 332.2 0.60 0.02
958 1861.205 191.1 0.60 0.02
959 1862.434 97.8 0.61 0.00
960 1862.625 159.3 0.62 -0.01
961 1863.772 398.2 0.61 0.00
962 1864.291 207.1 0.59 0.01
963 1864.946 182.0 0.60 -0.01
964 1865.684 129.7 0.60 -0.02
965 1867.786 163.8 0.59 0.02
966 1868.278 229.8 0.60 0.01
967 1869.315 163.8 0.60 0.01
968 1871.118 282.2 0.60 0.00
969 1871.828 236.7 0.60 0.01
970 1876.961 152.5 0.59 0.00
971 1877.453 213.9 0.59 0.00
972 1877.726 236.7 0.59 -0.01
973 1880.211 207.1 0.59 -0.01
974 1882.805 225.3 0.59 0.00
975 1885.891 152.5 0.59 -0.01
976 1891.707 136.5 0.57 0.02
977 1894.519 163.8 0.57 0.02
978 1895.011 163.8 0.59 0.03
979 1895.557 163.8 0.57 0.02
980 1895.857 157.0 0.59 0.02
981 1897.933 116.1 0.59 0.02
982 1900.472 289.0 0.59 0.03
983 1900.855 234.4 0.58 0.03
984 1902.711 163.8 0.58 0.02
985 1908.555 175.2 0.56 0.02
986 1910.221 232.1 0.57 0.01
987 1911.095 132.0 0.58 0.02
988 1915.709 195.7 0.58 0.02
989 1919.232 257.1 0.58 0.03
990 1920.133 207.1 0.57 0.03
991 1921.389 50.1 0.58 0.02
992 1922.345 186.6 0.57 0.03
993 1923.028 175.2 0.57 0.03
994 1923.765 125.2 0.55 0.02
995 1925.021 245.8 0.56 0.03
996 1927.342 152.5 0.56 0.02
997 1929.527 279.9 0.57 0.05
998 1932.831 159.3 0.58 0.03
999 1933.158 113.8 0.58 0.02
1000 1934.551 218.5 0.59 0.02
1001 1935.479 191.1 0.58 0.02
1002 1937.336 213.9 0.57 0.01
1003 1940.422 202.5 0.58 0.01
1004 1940.968 366.4 0.58 0.03
1005 1942.033 120.6 0.58 0.02
1006 1943.671 109.2 0.57 0.02
1007 1944.300 170.7 0.58 0.01
1008 1944.873 343.6 0.58 0.01
1009 1947.030 300.4 0.58 -0.00
1010 1948.041 195.7 0.57 -0.01
1011 1950.662 502.9 0.57 -0.00
1012 1952.300 195.7 0.57 0.00
1013 1953.857 179.8 0.58 0.00
1014 1956.342 229.8 0.59 -0.01
1015 1961.830 175.2 0.57 -0.02
1016 1970.951 355.0 0.58 0.01
1017 1973.955 109.2 0.57 0.02
1018 1974.473 136.5 0.57 0.01
1019 1976.276 136.5 0.56 0.01
1020 1978.624 213.9 0.55 0.02
1021 1980.781 147.9 0.56 0.01
1022 1981.000 191.1 0.56 0.03
1023 1984.877 175.2 0.59 0.05
1024 1985.314 195.7 0.59 0.05
1025 1985.669 195.7 0.58 0.05
1026 1986.816 207.1 0.59 0.04
1027 1991.813 293.5 0.58 0.04
1028 1993.697 175.2 0.55 0.04
1029 1993.943 182.0 0.56 0.04
1030 1996.346 159.3 0.58 0.05
1031 1996.865 277.6 0.56 0.04
1032 1997.930 125.2 0.57 0.04
1033 1999.049 195.7 0.57 0.05
1034 1999.322 175.2 0.57 0.05
1035 1999.650 147.9 0.57 0.04
1036 1999.896 147.9 0.56 0.04
1037 2000.251 138.8 0.56 0.04
1038 2001.070 327.7 0.56 0.04
1039 2004.429 243.5 0.56 0.02
1040 2007.514 202.5 0.57 0.04
1041 2008.962 309.5 0.56 0.04
1042 2015.379 282.2 0.58 0.01
1043 2016.935 168.4 0.59 0.01
1044 2018.164 175.2 0.58 0.02
1045 2019.011 273.1 0.59 0.03
1046 2019.284 232.1 0.58 0.03
1047 2019.939 209.4 0.59 0.02
1048 2022.205 234.4 0.57 0.03
1049 2022.697 275.3 0.58 0.03
1050 2024.144 534.8 0.58 0.03
1051 2024.636 398.2 0.58 0.03
1052 2025.318 120.6 0.58 0.02
1053 2026.056 127.4 0.58 0.02
1054 2028.459 245.8 0.55 0.03
1055 2028.896 225.3 0.56 0.03
1056 2031.790 154.7 0.56 0.03
1057 2032.090 154.7 0.55 0.03
1058 2032.418 223.0 0.56 0.03
1059 2037.142 127.4 0.55 0.00
1060 2038.753 252.6 0.54 0.01
1061 2049.048 191.1 0.54 0.01
1062 2050.959 136.5 0.54 0.01
1063 2054.455 268.5 0.54 0.02
1064 2056.858 120.6 0.54 0.02
1065 2057.704 277.6 0.53 0.04
1066 2062.237 241.2 0.53 0.03
1067 2064.558 152.5 0.52 0.02
1068 2065.514 218.5 0.53 0.03
1069 2073.132 163.8 0.53 0.02
1070 2074.115 163.8 0.56 0.00
1071 2075.890 284.4 0.51 0.03
1072 2079.686 245.8 0.51 0.03
1073 2080.396 339.1 0.53 0.02
1074 2081.597 125.2 0.53 0.03
1075 2083.864 245.8 0.53 0.04
1076 2084.219 223.0 0.54 0.05
1077 2085.038 161.6 0.53 0.05
1078 2088.042 273.1 0.53 0.06
1079 2089.407 116.1 0.53 0.05
1080 2099.756 191.1 0.54 0.04
1081 2101.996 159.3 0.54 -0.01
1082 2103.306 186.6 0.54 -0.01
1083 2104.480 175.2 0.55 0.02
1084 2105.218 234.4 0.54 0.00
1085 2108.194 175.2 0.54 0.01
1086 2111.635 163.8 0.55 -0.01
1087 2112.918 432.4 0.54 -0.01
1088 2114.857 366.4 0.53 -0.01
1089 2115.239 136.5 0.54 -0.01
1090 2116.359 273.1 0.54 -0.00
1091 2117.724 152.5 0.53 -0.01
1092 2121.056 229.8 0.54 -0.01
1093 2121.356 245.8 0.54 -0.02
1094 2122.312 175.2 0.52 -0.01
1095 2122.776 109.2 0.54 -0.02
1096 2126.763 207.1 0.52 -0.01
1097 2129.056 195.7 0.52 -0.02
1098 2130.285 147.9 0.52 -0.01
1099 2138.259 116.1 0.52 -0.02
1100 2142.710 273.1 0.51 -0.02
1101 2143.857 316.3 0.51 -0.01
1102 2144.539 163.8 0.49 -0.01
1103 2145.522 186.6 0.50 -0.00
1104 2147.407 163.8 0.50 0.00
1105 2148.526 175.2 0.50 0.00
1106 2148.990 136.5 0.50 -0.01
1107 2150.874 104.7 0.49 0.00
1108 2163.545 289.0 0.52 0.00
1109 2164.064 336.8 0.52 0.00
1110 2165.210 257.1 0.52 -0.00
1111 2166.685 261.7 0.52 0.01
1112 2167.313 245.8 0.52 0.01
1113 2170.672 382.3 0.52 -0.02
1114 2174.549 147.9 0.48 -0.02
1115 2175.860 207.1 0.50 -0.01
1116 2177.417 377.7 0.49 -0.02
1117 2180.939 116.1 0.48 -0.02
1118 2182.031 159.3 0.52 -0.01
1119 2182.851 386.8 0.51 -0.02
1120 2183.861 291.3 0.51 -0.01
1121 2185.909 229.8 0.53 0.00
1122 2189.431 152.5 0.53 -0.02
1123 2191.015 268.5 0.54 0.01
1124 2191.916 198.0 0.54 0.01
1125 2192.408 229.8 0.52 -0.02
1126 2194.429 261.7 0.53 0.00
1127 2196.859 273.1 0.53 0.01
1128 2197.405 177.5 0.52 -0.00
1129 2201.911 234.4 0.54 -0.00
1130 2204.368 191.1 0.51 -0.03
1131 2209.884 125.2 0.53 -0.01
1132 2210.458 207.1 0.54 -0.00
1133 2211.222 198.0 0.52 -0.00
1134 2214.554 257.1 0.53 0.01
1135 2217.585 432.4 0.53 0.01
1136 2218.841 179.8 0.52 0.01
1137 2221.462 132.0 0.54 0.01
1138 2222.063 218.5 0.54 0.00
1139 2227.688 147.9 0.53 -0.01
1140 2228.234 202.5 0.55 -0.01
1141 2231.811 109.2 0.55 -0.00
1142 2232.003 122.9 0.54 -0.00
1143 2234.979 163.8 0.56 -0.01
1144 2237.819 207.1 0.54 -0.00
1145 2238.092 163.8 0.55 -0.01
1146 2239.375 300.4 0.55 -0.00
1147 2241.778 127.4 0.53 -0.00
1148 2242.106 198.0 0.53 -0.00
1149 2243.908 202.5 0.52 -0.00
1150 2246.229 261.7 0.53 -0.02
1151 2246.939 184.3 0.53 -0.01
1152 2247.376 191.1 0.52 -0.02
1153 2247.731 261.7 0.52 -0.02
1154 2251.418 202.5 0.53 -0.01
1155 2252.646 152.5 0.54 -0.01
1156 2253.903 234.4 0.54 -0.01
1157 2256.114 218.5 0.54 -0.01
1158 2259.473 113.8 0.54 -0.00
1159 2260.183 179.8 0.54 -0.02
1160 2271.515 113.8 0.50 -0.01
1161 2272.198 86.5 0.50 -0.00
1162 2272.389 120.6 0.50 -0.00
1163 2273.946 143.4 0.52 0.01
1164 2276.458 236.7 0.52 0.01
1165 2277.687 170.7 0.52 0.01
1166 2281.865 304.9 0.51 -0.00
1167 2283.776 448.3 0.51 -0.01
1168 2288.036 202.5 0.49 -0.04
1169 2288.418 195.7 0.48 -0.04
1170 2293.169 168.4 0.51 -0.00
1171 2296.992 175.2 0.51 -0.00
1172 2297.402 209.4 0.52 -0.00
1173 2298.658 468.8 0.53 -0.01
1174 2299.068 325.4 0.54 -0.01
1175 2301.525 300.4 0.52 -0.00
1176 2302.126 323.1 0.53 0.00
1177 2306.659 152.5 0.52 -0.00
1178 2309.089 132.0 0.50 0.00
1179 2309.745 268.5 0.51 0.00
1180 2314.933 218.5 0.54 0.00
1181 2317.281 273.1 0.53 0.01
1182 2319.029 218.5 0.54 0.02
1183 2321.186 143.4 0.54 0.02
1184 2321.814 327.7 0.53 0.02
1185 2325.255 284.4 0.51 0.03
1186 2330.061 195.7 0.50 -0.02
1187 2335.331 152.5 0.55 -0.04
1188 2340.465 159.3 0.58 -0.03
1189 2340.792 125.2 0.58 -0.03
1190 2340.983 125.2 0.58 -0.02
1191 2342.158 311.8 0.58 -0.03
1192 2343.113 250.3 0.59 -0.03
1193 2344.998 284.4 0.58 -0.02
1194 2351.305 223.0 0.58 -0.02
1195 2352.971 202.5 0.57 -0.01
1196 2356.685 186.6 0.61 -0.00
1197 2358.269 398.2 0.60 -0.01
1198 2359.006 191.1 0.61 -0.01
1199 2360.835 414.2 0.58 0.00
1200 2362.310 100.1 0.60 -0.01
1201 2362.610 175.2 0.59 -0.01
1202 2364.112 159.3 0.60 -0.01
1203 2365.587 257.1 0.59 -0.02
1204 2366.160 152.5 0.60 -0.01
1205 2368.372 207.1 0.60 -0.01
1206 2369.655 191.1 0.61 -0.01
1207 2372.741 277.6 0.60 -0.01
1208 2374.025 234.4 0.59 -0.01
1209 2381.943 327.7 0.58 -0.00
1210 2382.735 136.5 0.58 -0.00
1211 2386.367 109.2 0.56 0.01
1212 2390.026 163.8 0.58 0.01
1213 2392.812 223.0 0.56 0.01
1214 2394.778 300.4 0.56 0.02
1215 2397.181 252.6 0.56 0.02
1216 2397.508 102.4 0.56 0.01
1217 2397.781 229.8 0.56 0.00
1218 2398.628 195.7 0.55 0.01
1219 2398.983 195.7 0.56 0.01
1220 2400.375 175.2 0.55 0.01
1221 2401.604 355.0 0.54 0.01
1222 2403.898 175.2 0.55 -0.01
1223 2406.246 179.8 0.53 -0.00
1224 2410.069 154.7 0.55 0.01
1225 2410.588 273.1 0.56 0.02
1226 2411.025 191.1 0.55 0.02
1227 2412.773 295.8 0.54 0.02
1228 2413.565 86.5 0.55 0.01
1229 2414.548 300.4 0.55 0.02
1230 2416.213 163.8 0.56 0.01
1231 2416.705 86.5 0.56 0.01
1232 2419.053 179.8 0.57 0.02
1233 2419.408 179.8 0.56 0.02
1234 2421.975 120.6 0.56 0.02
1235 2423.859 250.3 0.54 0.04
1236 2425.689 295.8 0.54 0.04
1237 2428.037 186.6 0.55 0.02
1238 2428.501 191.1 0.56 0.00
1239 2429.211 261.7 0.55 -0.01
1240 2434.809 236.7 0.54 -0.01
1241 2435.110 168.4 0.55 -0.01
1242 2435.546 191.1 0.55 -0.01
1243 2436.803 170.7 0.53 -0.02
1244 2437.786 257.1 0.54 -0.00
1245 2439.943 213.9 0.55 -0.00
1246 2442.455 141.1 0.55 0.00
1247 2443.302 168.4 0.54 0.00
1248 2443.875 213.9 0.55 -0.00
1249 2444.476 273.1 0.54 0.02
1250 2447.698 279.9 0.55 0.02
1251 2452.832 277.6 0.53 0.02
1252 2455.398 179.8 0.54 0.01
1253 2457.255 195.7 0.55 0.02
1254 2458.757 163.8 0.55 0.02
1255 2462.007 184.3 0.57 -0.00
1256 2469.079 318.6 0.59 0.02
1257 2471.509 175.2 0.57 0.02
1258 2475.196 163.8 0.55 0.04
1259 2477.408 191.1 0.54 0.03
1260 2478.145 175.2 0.54 0.02
1261 2478.937 175.2 0.53 0.03
1262 2480.821 159.3 0.55 0.03
1263 2485.163 136.5 0.54 0.02
1264 2488.112 245.8 0.54 0.03
1265 2488.467 218.5 0.54 0.04
1266 2489.259 273.1 0.54 0.02
1267 2489.887 109.2 0.55 0.03
1268 2493.355 191.1 0.55 0.05
1269 2493.955 223.0 0.55 0.06
1270 2495.212 88.7 0.55 0.03
1271 2498.352 104.7 0.57 0.03
1272 2498.488 86.5 0.55 0.02
1273 2501.301 234.4 0.56 0.02
1274 2502.721 175.2 0.56 0.01
1275 2508.810 245.8 0.54 0.03
1276 2510.749 339.1 0.54 0.02
1277 2512.087 143.4 0.54 0.02
1278 2512.879 229.8 0.53 0.03
1279 2517.521 245.8 0.55 0.03
1280 2521.262 289.0 0.53 0.02
1281 2522.109 159.3 0.53 0.02
1282 2523.283 261.7 0.53 0.01
1283 2525.549 277.6 0.53 0.02
1284 2528.881 163.8 0.54 0.01
1285 2535.571 191.1 0.56 0.03
1286 2537.346 109.2 0.56 0.02
1287 2544.746 202.5 0.57 0.03
1288 2549.033 507.4 0.57 0.02
1289 2552.501 327.7 0.59 0.03
1290 2556.297 218.5 0.56 0.02
1291 2562.004 218.5 0.58 -0.00
1292 2563.069 304.9 0.59 -0.00
1293 2563.369 223.0 0.59 -0.00
1294 2564.489 261.7 0.59 -0.01
1295 2567.001 273.1 0.56 0.01
1296 2567.683 229.8 0.59 -0.01
1297 2568.639 191.1 0.58 0.01
1298 2569.513 316.3 0.55 0.02
1299 2569.923 254.9 0.56 0.02
1300 2570.933 152.5 0.55 0.02
1301 2572.080 218.5 0.56 0.03
1302 2572.407 307.2 0.55 0.03
1303 2574.319 245.8 0.56 0.02
1304 2574.947 104.7 0.56 0.03
1305 2575.712 238.9 0.55 0.04
1306 2577.978 211.6 0.57 0.01
1307 2579.726 168.4 0.56 0.04
1308 2580.709 152.5 0.59 0.02
1309 2581.173 355.0 0.59 0.05
1310 2581.719 241.2 0.56 0.04
1311 2587.481 125.2 0.56 0.01
1312 2588.218 229.8 0.54 0.04
1313 2588.436 170.7 0.52 0.04
1314 2592.259 213.9 0.54 0.00
1315 2596.519 120.6 0.54 0.01
1316 2598.485 116.1 0.54 -0.00
1317 2599.004 279.9 0.55 0.02
1318 2608.998 218.5 0.57 0.01
1319 2609.736 218.5 0.58 0.03
1320 2610.418 116.1 0.58 0.01
1321 2614.105 339.1 0.58 -0.00
1322 2614.733 132.0 0.58 0.01
1323 2615.361 343.6 0.59 0.00
1324 2616.180 179.8 0.58 -0.00
1325 2618.201 261.7 0.58 0.02
1326 2619.511 97.8 0.57 0.04
1327 2620.440 136.5 0.56 0.04
1328 2620.713 229.8 0.57 0.04
1329 2622.242 147.9 0.56 0.05
1330 2622.925 229.8 0.55 0.06
1331 2623.171 163.8 0.56 0.05
1332 2624.236 163.8 0.56 0.05
1333 2624.836 175.2 0.56 0.06
1334 2625.246 132.0 0.54 0.06
1335 2627.813 300.4 0.56 0.06
1336 2629.588 728.2 0.55 0.03
1337 2636.250 141.1 0.57 0.04
1338 2637.206 307.2 0.57 0.04
1339 2638.080 218.5 0.56 0.04
1340 2639.527 234.4 0.56 0.02
1341 2644.524 186.6 0.54 0.03
1342 2645.098 207.1 0.54 0.03
1343 2646.600 159.3 0.54 0.01
1344 2647.009 268.5 0.54 0.01
1345 2649.494 241.2 0.55 -0.00
1346 2650.341 213.9 0.53 -0.00
1347 2651.296 186.6 0.55 -0.01
1348 2651.542 252.6 0.54 -0.01
1349 2653.481 289.0 0.53 -0.01
1350 2660.799 191.1 0.56 -0.00
1351 2666.315 284.4 0.55 0.03
1352 2669.674 261.7 0.55 0.01
1353 2671.421 195.7 0.55 0.01
1354 2675.026 245.8 0.54 0.01
1355 2681.361 175.2 0.56 0.00
1356 2681.962 207.1 0.57 -0.00
1357 2683.901 273.1 0.56 0.00
1358 2685.266 152.5 0.55 0.00
1359 2686.331 268.5 0.56 0.00
1360 2687.150 168.4 0.57 0.01
1361 2688.433 202.5 0.57 0.02
1362 2692.065 218.5 0.55 0.02
1363 2693.922 289.0 0.57 0.01
1364 2694.851 109.2 0.55 0.02
1365 2698.974 163.8 0.55 0.01
1366 2699.302 184.3 0.57 0.01
1367 2701.486 350.4 0.56 0.00
1368 2704.217 129.7 0.55 0.02
1369 2707.958 182.0 0.57 -0.01
1370 2710.388 152.5 0.57 -0.01
1371 2710.770 186.6 0.56 -0.01
1372 2712.108 234.4 0.56 -0.00
1373 2713.993 316.3 0.57 0.00
1374 2714.348 295.8 0.59 0.00
1375 2714.703 323.1 0.57 0.00
1376 2716.396 250.3 0.60 0.00
1377 2717.133 132.0 0.59 0.01
1378 2718.198 159.3 0.59 -0.01
1379 2718.444 225.3 0.60 -0.02
1380 2719.454 250.3 0.60 -0.01
1381 2723.741 163.8 0.59 0.02
1382 2726.089 241.2 0.56 0.02
1383 2726.554 109.2 0.55 0.03
1384 2729.393 191.1 0.56 0.04
1385 2729.639 238.9 0.56 0.04
1386 2736.903 168.4 0.57 0.01
1387 2737.558 175.2 0.58 0.02
1388 2739.770 323.1 0.58 -0.00
1389 2743.784 223.0 0.57 0.01
1390 2746.351 109.2 0.57 0.01
1391 2748.235 170.7 0.56 0.00
1392 2749.655 273.1 0.56 -0.00
1393 2751.567 318.6 0.55 -0.01
1394 2754.024 245.8 0.55 0.01
1395 2754.352 241.2 0.55 0.01
1396 2757.956 225.3 0.55 0.01
1397 2758.912 152.5 0.56 0.03
1398 2759.130 202.5 0.53 0.03
1399 2759.485 186.6 0.56 0.04
1400 2761.834 289.0 0.54 0.05
1401 2763.691 191.1 0.53 0.05
1402 2765.684 97.8 0.53 0.05
1403 2771.091 175.2 0.55 0.04
1404 2776.798 97.8 0.57 0.01
1405 2778.382 300.4 0.57 0.03
1406 2779.092 75.1 0.56 0.03
1407 2779.337 284.4 0.57 0.03
1408 2783.051 152.5 0.55 0.03
1409 2783.570 229.8 0.54 0.03
1410 2785.673 120.6 0.55 0.04
1411 2789.605 168.4 0.56 0.03
1412 2792.881 218.5 0.55 0.03
1413 2794.902 327.7 0.56 0.03
1414 2797.059 147.9 0.56 0.02
1415 2803.695 304.9 0.55 0.03
1416 2807.136 277.6 0.55 0.01
1417 2807.736 70.5 0.55 0.01
1418 2810.467 289.0 0.54 0.01
1419 2811.778 195.7 0.58 0.03
1420 2813.170 323.1 0.59 0.03
1421 2821.745 229.8 0.55 -0.00
1422 2825.868 207.1 0.56 -0.00
1423 2827.042 250.3 0.56 -0.01
1424 2833.159 257.1 0.55 0.00
1425 2834.415 307.2 0.54 0.02
1426 2835.562 311.8 0.54 0.01
1427 2837.173 289.0 0.52 0.02
1428 2839.385 229.8 0.51 0.03
1429 2839.876 229.8 0.52 0.05
1430 2842.143 141.1 0.52 0.08
1431 2844.163 223.0 0.53 0.07
1432 2844.382 152.5 0.52 0.08
1433 2845.938 175.2 0.52 0.07
1434 2846.921 250.3 0.54 0.06
1435 2848.833 179.8 0.53 0.06
1436 2851.290 311.8 0.54 0.06
1437 2852.929 234.4 0.54 0.07
1438 2853.338 88.7 0.55 0.03
1439 2855.796 273.1 0.54 0.03
1440 2856.643 152.5 0.53 0.00
1441 2858.172 152.5 0.52 0.01
1442 2858.991 191.1 0.52 0.00
1443 2859.264 223.0 0.53 0.01
1444 2859.810 238.9 0.52 -0.00
1445 2868.712 170.7 0.51 0.00
1446 2869.586 81.9 0.50 0.01
1447 2874.911 332.2 0.52 0.01
1448 2875.320 304.9 0.51 0.01
1449 2876.385 186.6 0.52 0.01
1450 2878.215 257.1 0.53 0.01
1451 2880.236 200.2 0.53 0.01
1452 2881.983 152.5 0.54 0.01
1453 2883.676 132.0 0.56 -0.00
1454 2887.526 168.4 0.54 -0.02
1455 2891.486 245.8 0.53 0.01
1456 2892.524 628.1 0.54 0.01
1457 2896.838 175.2 0.53 -0.01
1458 2898.968 427.8 0.53 -0.01
1459 2899.514 316.3 0.52 -0.01
1460 2900.470 234.4 0.52 -0.01
1461 2900.716 152.5 0.53 -0.01
1462 2906.505 234.4 0.55 -0.03
1463 2907.897 97.8 0.53 -0.02
1464 2908.198 125.2 0.55 -0.02
1465 2913.987 152.5 0.52 0.00
1466 2915.215 202.5 0.52 -0.00
1467 2919.776 257.1 0.52 0.02
1468 2920.731 152.5 0.51 0.01
1469 2925.128 218.5 0.52 0.01
1470 2926.903 152.5 0.53 0.00
1471 2928.486 327.7 0.54 0.00
1472 2930.835 218.5 0.53 0.03
1473 2932.036 170.7 0.53 0.02
1474 2933.402 245.8 0.55 0.01
1475 2933.811 177.5 0.55 0.01
1476 2935.832 436.9 0.55 0.03
1477 2936.214 250.3 0.56 0.02
1478 2937.306 175.2 0.57 0.01
1479 2938.563 261.7 0.54 0.02
1480 2940.529 152.5 0.60 0.01
1481 2943.997 277.6 0.58 0.05
1482 2951.178 175.2 0.56 0.04
1483 2951.779 300.4 0.57 0.04
1484 2956.913 250.3 0.55 0.00
1485 2959.780 143.4 0.54 0.01
1486 2960.108 229.8 0.53 0.03
1487 2960.353 77.4 0.54 0.02
1488 2963.057 393.7 0.55 0.01
1489 2964.367 241.2 0.55 0.01
1490 2966.033 120.6 0.52 0.01
1491 2969.228 179.8 0.53 0.01
1492 2973.160 145.6 0.52 0.05
1493 2973.379 163.8 0.53 0.05
1494 2978.458 168.4 0.53 0.01
1495 2980.069 257.1 0.53 0.01
1496 2980.861 211.6 0.53 0.01
1497 2982.281 261.7 0.54 0.01
1498 2987.196 163.8 0.54 0.00
1499 2989.763 277.6 0.54 -0.00
1500 2990.118 218.5 0.55 0.01
1501 2996.289 132.0 0.54 0.03
1502 2997.108 152.5 0.53 0.03
1503 2998.992 116.1 0.53 0.03
1504 2999.620 382.3 0.53 0.02
1505 3006.802 311.8 0.54 0.01
1506 3007.293 291.3 0.54 0.01
1507 3011.772 257.1 0.55 -0.01
1508 3012.072 213.9 0.52 0.01
1509 3012.973 273.1 0.52 0.00
1510 3016.660 136.5 0.52 -0.01
1511 3017.533 339.1 0.52 -0.01
1512 3018.216 143.4 0.51 -0.01
1513 3021.329 136.5 0.53 -0.01
1514 3022.995 191.1 0.53 -0.00
1515 3033.016 202.5 0.55 -0.02
1516 3033.672 152.5 0.58 -0.01
1517 3036.129 229.8 0.58 -0.00
1518 3038.259 336.8 0.59 0.04
1519 3041.017 136.5 0.58 0.03
1520 3044.267 261.7 0.57 0.03
1521 3044.485 179.8 0.56 0.03
1522 3046.560 229.8 0.57 0.01
1523 3046.915 223.0 0.58 0.01
1524 3048.144 295.8 0.57 0.01
1525 3049.974 120.6 0.58 0.02
1526 3052.513 311.8 0.57 0.03
1527 3058.193 125.2 0.58 0.02
1528 3058.712 120.6 0.58 0.03
1529 3065.402 250.3 0.57 0.04
1530 3066.576 152.5 0.56 0.03
1531 3067.423 257.1 0.56 0.03
1532 3069.744 202.5 0.57 0.03
1533 3071.082 109.2 0.56 0.03
1534 3071.355 184.3 0.56 0.03
1535 3075.424 289.0 0.55 0.02
1536 3075.724 241.2 0.57 0.02
1537 3078.127 159.3 0.57 0.01
1538 3079.083 186.6 0.58 -0.00
1539 3080.530 225.3 0.56 -0.01
1540 3081.540 116.1 0.55 0.02
1541 3083.561 152.5 0.56 0.02
1542 3085.691 195.7 0.54 0.04
1543 3086.182 163.8 0.53 0.04
1544 3088.531 202.5 0.55 0.03
1545 3089.459 273.1 0.55 0.03
1546 3090.770 257.1 0.55 0.03
1547 3091.589 207.1 0.55 0.03
1548 3099.372 279.9 0.56 -0.00
1549 3100.000 268.5 0.55 -0.00
1550 3101.228 182.0 0.55 -0.00
1551 3101.966 136.5 0.55 -0.00
1552 3102.730 88.7 0.55 -0.00
1553 3103.413 159.3 0.55 -0.00
1554 3109.857 127.4 0.55 -0.00
1555 3111.195 327.7 0.55 0.01
1556 3112.670 195.7 0.56 0.00
1557 3114.772 218.5 0.56 0.01
1558 3117.612 118.3 0.55 0.02
1559 3120.589 170.7 0.53 0.01
1560 3121.490 487.0 0.53 0.01
1561 3121.900 343.6 0.54 0.01
1562 3122.364 323.1 0.54 0.01
1563 3126.924 475.6 0.52 -0.01
1564 3127.607 132.0 0.53 -0.00
1565 3127.770 125.2 0.53 -0.00
1566 3129.108 163.8 0.52 -0.01
1567 3130.528 116.1 0.55 -0.01
1568 3130.829 150.2 0.53 -0.01
1569 3132.058 163.8 0.54 -0.01
1570 3136.236 218.5 0.55 -0.01
1571 3137.874 168.4 0.54 -0.01
1572 3140.714 143.4 0.53 -0.00
1573 3141.697 382.3 0.54 -0.00
1574 3143.144 268.5 0.52 0.00
1575 3145.957 398.2 0.52 -0.01
1576 3147.841 252.6 0.54 -0.02
1577 3149.042 234.4 0.53 -0.01
1578 3151.090 170.7 0.56 -0.01
1579 3155.924 377.7 0.55 -0.00
1580 3162.095 125.2 0.57 -0.01
1581 3163.761 147.9 0.57 -0.02
1582 3164.826 168.4 0.57 -0.02
1583 3174.137 170.7 0.55 0.01
1584 3177.359 163.8 0.53 0.01
1585 3177.878 327.7 0.52 0.00
1586 3188.419 175.2 0.54 -0.00
1587 3192.433 213.9 0.57 -0.02
1588 3194.781 125.2 0.56 -0.01
1589 3196.638 207.1 0.55 -0.01
1590 3199.778 218.5 0.57 0.01
1591 3205.130 191.1 0.56 0.01
1592 3205.622 175.2 0.56 0.01
1593 3205.949 268.5 0.56 0.01
1594 3208.352 186.6 0.57 0.01
1595 3209.062 202.5 0.56 0.03
1596 3209.417 359.5 0.56 0.03
1597 3209.964 97.8 0.56 0.02
1598 3210.783 257.1 0.56 0.03
1599 3211.602 245.8 0.57 0.04
1600 3212.066 93.3 0.57 0.05
1601 3212.749 234.4 0.57 0.03
1602 3214.114 136.5 0.58 0.03
1603 3223.644 257.1 0.56 0.01
1604 3224.873 261.7 0.56 0.02
1605 3225.719 245.8 0.55 0.02
1606 3226.730 159.3 0.57 0.03
1607 3231.973 132.0 0.55 0.03
1608 3232.928 229.8 0.57 0.01
1609 3234.703 241.2 0.56 0.00
1610 3236.424 186.6 0.57 0.02
1611 3237.188 316.3 0.58 0.01
1612 3237.898 211.6 0.57 0.02
1613 3240.410 154.7 0.58 0.01
1614 3243.196 252.6 0.56 0.01
1615 3244.506 191.1 0.57 0.00
1616 3249.749 186.6 0.56 -0.00
1617 3251.852 207.1 0.57 -0.00
1618 3254.091 191.1 0.56 -0.01
1619 3254.938 168.4 0.58 0.00
1620 3255.238 182.0 0.58 0.00
1621 3257.204 175.2 0.59 -0.01
1622 3260.699 145.6 0.55 -0.02
1623 3261.819 229.8 0.55 -0.01
1624 3262.310 291.3 0.53 -0.01
1625 3264.003 179.8 0.54 -0.01
1626 3267.280 136.5 0.56 -0.00
1627 3268.318 179.8 0.57 0.00
1628 3271.895 207.1 0.59 0.03
1629 3277.466 127.4 0.54 0.01
1630 3278.831 316.3 0.59 0.06
1631 3282.272 252.6 0.53 0.05
1632 3285.931 207.1 0.56 0.03
1633 3286.340 179.8 0.57 0.03
1634 3288.579 141.1 0.58 0.03
1635 3289.481 202.5 0.58 0.03
1636 3290.709 113.8 0.59 0.02
1637 3291.692 316.3 0.59 0.02
1638 3292.539 273.1 0.59 0.02
1639 3293.358 147.9 0.59 0.01
1640 3294.259 207.1 0.60 0.03
1641 3295.870 207.1 0.59 0.03
1642 3298.492 191.1 0.60 0.03
1643 3300.649 134.3 0.58 0.03
1644 3306.329 236.7 0.59 0.02
1645 3307.858 175.2 0.58 0.03
1646 3308.131 182.0 0.58 0.03
1647 3311.217 132.0 0.57 0.03
1648 3314.220 191.1 0.56 0.02
1649 3316.460 75.1 0.56 0.02
1650 3319.299 182.0 0.53 0.02
1651 3324.051 136.5 0.54 -0.00
1652 3330.004 202.5 0.57 0.02
1653 3331.260 218.5 0.57 0.04
1654 3331.833 125.2 0.57 0.02
1655 3333.526 120.6 0.57 0.02
1656 3333.772 195.7 0.59 0.02
1657 3334.591 284.4 0.59 0.03
1658 3338.141 218.5 0.58 0.03
1659 3339.397 159.3 0.57 0.02
1660 3339.889 238.9 0.56 0.01
1661 3342.455 147.9 0.58 0.02
1662 3344.067 198.0 0.58 0.01
1663 3344.831 284.4 0.57 0.01
1664 3345.568 425.5 0.58 0.02
1665 3346.470 238.9 0.57 0.02
1666 3347.971 229.8 0.57 0.01
1667 3348.463 186.6 0.59 0.02
1668 3349.528 207.1 0.59 0.01
1669 3349.910 175.2 0.58 0.01
1670 3353.351 234.4 0.58 0.00
1671 3353.870 154.7 0.57 -0.00
1672 3354.662 311.8 0.57 0.00
1673 3355.290 168.4 0.57 0.00
1674 3356.901 195.7 0.58 -0.00
1675 3357.583 234.4 0.58 -0.00
1676 3358.512 425.5 0.58 0.00
1677 3364.656 202.5 0.55 0.00
1678 3365.939 277.6 0.56 -0.00
1679 3367.141 132.0 0.55 0.01
1680 3370.417 159.3 0.57 0.01
1681 3371.947 175.2 0.56 -0.01
1682 3372.875 179.8 0.56 -0.00
1683 3375.660 300.4 0.58 0.01
1684 3376.889 147.9 0.55 -0.01
1685 3378.309 229.8 0.55 -0.01
1686 3380.931 261.7 0.55 -0.01
1687 3382.542 307.2 0.57 0.02
1688 3384.917 163.8 0.54 -0.00
1689 3386.610 175.2 0.55 0.01
1690 3388.986 229.8 0.54 0.01
1691 3395.185 311.8 0.56 -0.01
1692 3398.489 289.0 0.57 0.01
1693 3399.554 268.5 0.58 0.01
1694 3400.018 195.7 0.57 0.00
1695 3401.492 136.5 0.57 -0.00
1696 3402.694 163.8 0.58 -0.00
1697 3403.759 386.8 0.57 0.00
1698 3404.169 191.1 0.57 -0.00
1699 3406.899 191.1 0.57 -0.00
1700 3409.275 186.6 0.56 -0.01
1701 3412.524 147.9 0.55 -0.00
1702 3415.037 202.5 0.55 -0.00
1703 3415.828 141.1 0.55 -0.00
1704 3416.293 284.4 0.53 -0.00
1705 3418.778 154.7 0.54 -0.01
1706 3436.418 261.7 0.55 0.00
1707 3439.148 245.8 0.56 -0.00
1708 3441.551 327.7 0.57 0.01
1709 3441.988 175.2 0.58 -0.00
1710 3447.067 136.5 0.58 0.02
1711 3447.422 168.4 0.58 0.03
1712 3453.239 147.9 0.56 0.03
1713 3453.402 109.2 0.57 0.02
1714 3454.112 295.8 0.56 0.04
1715 3455.287 147.9 0.56 0.02
1716 3455.669 159.3 0.57 0.01
1717 3456.625 143.4 0.57 0.01
1718 3458.290 202.5 0.56 0.01
1719 3458.645 191.1 0.56 0.01
1720 3460.120 229.8 0.56 0.01
1721 3460.475 377.7 0.55 0.00
1722 3461.868 398.2 0.55 0.01
1723 3465.554 245.8 0.56 0.01
1724 3465.882 163.8 0.56 0.01
1725 3468.803 168.4 0.56 0.01
1726 3470.606 366.4 0.58 -0.00
1727 3470.988 238.9 0.57 -0.00
1728 3472.108 339.1 0.58 0.00
1729 3472.736 229.8 0.56 0.00
1730 3473.664 195.7 0.56 -0.00
1731 3474.210 327.7 0.57 0.00
1732 3474.865 209.4 0.57 0.01
1733 3475.466 273.1 0.56 0.00
1734 3476.832 163.8 0.57 0.01
1735 3477.733 143.4 0.58 0.01
1736 3480.245 109.2 0.57 0.02
1737 3482.156 152.5 0.57 0.01
1738 3484.368 66.0 0.58 0.00
1739 3484.696 159.3 0.55 0.03
1740 3486.962 191.1 0.56 0.01
1741 3489.256 154.7 0.56 0.02
1742 3492.615 452.8 0.57 0.04
1743 3494.308 147.9 0.57 0.04
1744 3496.110 507.4 0.56 0.02
1745 3496.574 132.0 0.56 0.02
1746 3499.332 168.4 0.56 0.03
1747 3499.933 175.2 0.56 0.03
1748 3500.343 202.5 0.56 0.03
1749 3501.380 218.5 0.55 0.04
1750 3503.401 234.4 0.56 0.02
1751 3504.275 261.7 0.56 0.01
1752 3505.777 213.9 0.56 0.01
1753 3509.354 245.8 0.55 0.01
1754 3510.391 234.4 0.56 0.01
1755 3513.723 370.9 0.57 0.02
1756 3514.105 318.6 0.55 0.02
1757 3516.699 175.2 0.55 0.02
1758 3517.027 147.9 0.54 0.02
1759 3517.792 348.2 0.56 0.02
1760 3522.570 241.2 0.56 0.02
1761 3523.963 109.2 0.56 0.01
1762 3525.219 186.6 0.56 0.01
1763 3527.349 245.8 0.56 0.03
1764 3528.141 163.8 0.55 0.02
1765 3528.550 170.7 0.56 0.03
1766 3529.561 147.9 0.56 0.01
1767 3530.407 234.4 0.56 0.00
1768 3531.909 218.5 0.55 0.01
1769 3532.319 218.5 0.56 0.03
1770 3532.537 104.7 0.56 0.02
1771 3532.892 168.4 0.57 0.02
1772 3535.814 91.0 0.56 0.04
1773 3539.145 175.2 0.55 0.02
1774 3541.985 343.6 0.56 0.02
1775 3545.644 261.7 0.55 0.03
1776 3549.303 147.9 0.56 0.01
1777 3553.946 257.1 0.54 -0.01
1778 3556.512 191.1 0.54 0.01
1779 3557.386 300.4 0.54 0.02
1780 3561.591 252.6 0.53 -0.01
1781 3562.247 179.8 0.53 -0.01
1782 3564.623 257.1 0.54 0.01
1783 3565.961 191.1 0.53 0.01
1784 3568.009 207.1 0.53 0.02
1785 3571.449 311.8 0.54 0.00
1786 3575.354 441.5 0.57 0.02
1787 3579.587 300.4 0.55 0.04
1788 3580.078 109.2 0.56 0.02
1789 3580.815 218.5 0.55 0.03
1790 3581.307 207.1 0.55 0.04
1791 3581.635 77.4 0.54 0.04
1792 3582.071 234.4 0.56 0.04
1793 3584.474 218.5 0.57 0.04
1794 3592.557 250.3 0.56 0.01
1795 3595.151 304.9 0.55 0.00
1796 3595.916 370.9 0.56 0.01
1797 3598.046 261.7 0.55 0.00
1798 3600.121 325.4 0.55 0.00
1799 3601.186 152.5 0.55 0.01
1800 3601.869 168.4 0.54 0.00
1801 3603.862 261.7 0.54 0.01
1802 3605.801 136.5 0.57 0.01
1803 3607.002 361.8 0.56 0.01
1804 3607.576 225.3 0.55 0.01
1805 3608.368 125.2 0.54 0.01
1806 3611.262 273.1 0.56 0.01
1807 3613.884 268.5 0.57 0.01
1808 3615.249 261.7 0.56 0.01
1809 3617.188 184.3 0.56 0.00
1810 3617.679 289.0 0.56 0.00
1811 3618.034 241.2 0.57 0.00
1812 3618.307 211.6 0.56 0.00
1813 3619.673 261.7 0.56 0.01
1814 3620.765 172.9 0.56 0.01
1815 3622.895 218.5 0.56 0.02
1816 3625.516 182.0 0.54 0.02
1817 3627.919 234.4 0.55 0.03
1818 3628.138 179.8 0.55 0.03
1819 3629.230 66.0 0.56 0.03
1820 3629.449 127.4 0.55 0.03
1821 3629.831 209.4 0.55 0.03
1822 3630.513 179.8 0.54 0.03
1823 3630.978 248.0 0.57 0.03
1824 3632.179 120.6 0.55 0.02
1825 3634.036 157.0 0.52 0.03
1826 3638.077 136.5 0.56 0.04
1827 3638.351 163.8 0.56 0.04
1828 3639.006 175.2 0.56 0.04
1829 3643.511 97.8 0.56 0.04
1830 3644.276 229.8 0.57 0.04
1831 3645.259 273.1 0.57 0.05
1832 3646.269 168.4 0.56 0.04
1833 3646.597 277.6 0.55 0.04
1834 3648.481 152.5 0.55 0.04
1835 3648.782 191.1 0.56 0.03
1836 3651.430 234.4 0.55 0.04
1837 3657.056 300.4 0.54 0.04
1838 3659.104 154.7 0.53 0.03
1839 3659.650 311.8 0.56 0.03
1840 3660.059 223.0 0.55 0.03
1841 3660.633 311.8 0.55 0.02
1842 3662.845 163.8 0.54 0.02
1843 3663.336 261.7 0.54 0.02
1844 3663.937 273.1 0.53 0.03
1845 3665.002 202.5 0.52 0.04
1846 3665.493 136.5 0.54 0.04
1847 3667.869 295.8 0.54 0.04
1848 3668.169 202.5 0.54 0.04
1849 3669.589 179.8 0.55 0.04
1850 3671.965 218.5 0.55 0.04
1851 3673.440 273.1 0.56 0.04
1852 3673.849 245.8 0.57 0.04
1853 3674.122 172.9 0.57 0.02
1854 3674.832 179.8 0.57 0.02
1855 3675.788 186.6 0.57 0.01
1856 3676.443 277.6 0.58 0.01
1857 3676.744 264.0 0.58 0.01
1858 3677.563 234.4 0.57 0.00
1859 3679.119 225.3 0.58 -0.00
1860 3680.266 179.8 0.58 -0.01
1861 3682.587 227.6 0.57 -0.01
1862 3683.434 147.9 0.56 -0.01
1863 3686.984 211.6 0.57 -0.01
1864 3688.622 339.1 0.56 -0.02
1865 3689.004 250.3 0.58 -0.02
1866 3691.271 245.8 0.57 -0.00
1867 3692.336 159.3 0.55 -0.02
1868 3692.855 207.1 0.57 -0.01
1869 3693.155 127.4 0.56 0.00
1870 3693.537 234.4 0.55 -0.01
1871 3697.060 236.7 0.55 -0.01
1872 3697.415 147.9 0.57 -0.01
1873 3699.053 268.5 0.56 -0.01
1874 3701.729 284.4 0.56 -0.00
1875 3704.405 132.0 0.56 -0.01
1876 3704.596 113.8 0.55 -0.01
1877 3705.989 218.5 0.55 -0.00
1878 3712.324 186.6 0.52 0.00
1879 3713.471 191.1 0.54 0.01
1880 3717.021 257.1 0.55 0.02
1881 3718.523 136.5 0.53 0.02
1882 3722.755 175.2 0.56 0.01
1883 3723.493 184.3 0.56 0.01
1884 3724.093 125.2 0.57 0.01
1885 3727.753 147.9 0.56 0.01
1886 3730.292 191.1 0.56 0.01
1887 3731.002 257.1 0.55 -0.00
1888 3731.603 147.9 0.55 0.01
1889 3735.180 136.5 0.56 0.02
1890 3737.692 195.7 0.55 0.01
1891 3739.057 136.5 0.57 0.02
1892 3741.351 163.8 0.55 0.01
1893 3745.147 102.4 0.56 0.01
1894 3746.048 163.8 0.55 0.01
1895 3750.991 191.1 0.54 0.01
1896 3753.830 318.6 0.53 -0.00
1897 3755.851 209.4 0.53 -0.01
1898 3756.315 218.5 0.51 0.00
1899 3756.588 152.5 0.53 -0.01
1900 3757.599 257.1 0.53 -0.01
1901 3758.036 132.0 0.53 -0.00
1902 3759.701 355.0 0.52 -0.00
1903 3760.275 257.1 0.53 -0.01
1904 3760.876 159.3 0.54 0.01
1905 3761.531 195.7 0.53 0.00
1906 3765.163 168.4 0.51 0.02
1907 3766.528 268.5 0.54 0.03
1908 3767.893 273.1 0.52 0.03
1909 3771.471 245.8 0.57 0.03
1910 3772.481 175.2 0.57 0.03
1911 3775.102 289.0 0.56 -0.00
1912 3776.768 132.0 0.56 -0.01
1913 3777.096 145.6 0.56 -0.01
1914 3777.533 232.1 0.56 -0.00
1915 3780.045 170.7 0.57 0.00
1916 3780.482 100.1 0.56 0.01
1917 3787.035 213.9 0.56 0.00
1918 3787.636 229.8 0.55 0.01
1919 3788.128 129.7 0.57 0.01
1920 3788.919 273.1 0.56 0.01
1921 3790.367 109.2 0.56 0.01
1922 3790.886 300.4 0.56 0.01
1923 3797.903 157.0 0.57 0.02
1924 3798.641 534.8 0.57 0.04
1925 3800.334 316.3 0.58 0.03
1926 3804.102 125.2 0.58 0.02
1927 3805.030 152.5 0.58 0.02
1928 3806.969 125.2 0.56 0.03
1929 3807.133 113.8 0.59 0.02
1930 3808.007 113.8 0.58 0.02
1931 3808.799 202.5 0.56 0.02
1932 3809.072 168.4 0.56 0.02
1933 3810.819 202.5 0.55 0.03
1934 3812.239 175.2 0.55 0.03
1935 3817.510 261.7 0.56 0.03
1936 3822.752 229.8 0.56 0.02
1937 3823.435 120.6 0.54 0.04
1938 3823.681 277.6 0.54 0.04
1939 3826.357 307.2 0.54 0.03
1940 3827.067 179.8 0.55 0.02
1941 3827.750 245.8 0.54 0.05
1942 3829.088 257.1 0.55 0.03
1943 3833.921 202.5 0.54 0.05
1944 3834.440 175.2 0.54 0.05
1945 3837.553 261.7 0.53 0.02
1946 3838.263 125.2 0.53 0.01
1947 3841.266 77.4 0.53 0.02
1948 3842.058 179.8 0.56 0.01
1949 3847.110 202.5 0.55 0.01
1950 3852.407 300.4 0.53 0.01
1951 3852.899 259.4 0.53 0.01
1952 3853.882 120.6 0.53 0.01
1953 3858.251 168.4 0.53 0.01
1954 3860.135 273.1 0.55 0.04
1955 3864.750 147.9 0.56 0.04
1956 3870.484 223.0 0.55 0.02
1957 3872.341 168.4 0.56 0.00
1958 3872.505 61.4 0.58 -0.00
1959 3873.488 518.8 0.57 0.01
1960 3874.116 218.5 0.55 0.01
1961 3878.649 125.2 0.57 0.01
1962 3880.451 241.2 0.56 0.00
1963 3884.083 147.9 0.55 0.01
1964 3885.421 207.1 0.56 0.02
1965 3886.868 323.1 0.55 0.03
1966 3889.463 179.8 0.56 0.04
1967 3890.964 537.0 0.56 0.05
1968 3892.521 191.1 0.56 0.04
1969 3893.313 245.8 0.57 0.03
1970 3894.951 355.0 0.59 0.02
1971 3895.334 245.8 0.59 0.03
1972 3895.880 207.1 0.58 0.04
1973 3896.617 125.2 0.60 0.01
1974 3897.545 289.0 0.59 0.01
1975 3900.959 120.6 0.60 0.01
1976 3901.368 195.7 0.60 0.01
1977 3901.778 248.0 0.60 0.01
1978 3904.891 327.7 0.58 0.02
1979 3905.273 277.6 0.60 0.02
1980 3905.737 218.5 0.61 0.00
1981 3906.912 195.7 0.60 0.01
1982 3909.997 59.2 0.60 0.00
1983 3910.762 336.8 0.60 0.01
1984 3914.639 170.7 0.58 0.00
1985 3917.916 234.4 0.58 0.01
1986 3918.763 152.5 0.58 0.01
1987 3919.664 218.5 0.56 0.01
1988 3924.224 209.4 0.58 0.01
1989 3926.354 161.6 0.56 -0.00
1990 3927.255 398.2 0.58 0.03
1991 3930.122 191.1 0.58 0.02
1992 3933.972 229.8 0.57 0.03
1993 3934.464 218.5 0.57 0.03
1994 3935.556 120.6 0.56 0.04
1995 3937.195 104.7 0.57 0.02
1996 3938.669 168.4 0.57 0.03
1997 3939.133 113.8 0.55 0.02
1998 3941.673 125.2 0.56 0.03
1999 3942.356 202.5 0.56 0.05
2000 3943.584 191.1 0.56 0.05
