1 2.304 311.8 0.51 -0.02
2 4.789 175.2 0.53 -0.03
3 5.936 159.3 0.52 -0.02
4 8.639 223.0 0.51 -0.01
5 9.677 361.8 0.51 0.00
6 13.145 186.6 0.52 0.01
7 16.695 279.9 0.51 0.00
8 19.261 186.6 0.52 -0.01
9 22.484 195.7 0.49 0.00
10 22.784 195.7 0.51 0.00
11 24.368 327.7 0.51 -0.00
12 28.327 300.4 0.49 -0.00
13 29.611 229.8 0.52 -0.01
14 31.140 213.9 0.50 -0.00
15 32.614 163.8 0.53 0.00
16 32.887 198.0 0.51 0.00
17 33.188 195.7 0.51 0.01
18 35.045 218.5 0.53 0.01
19 42.691 234.4 0.56 0.00
20 44.411 213.9 0.56 0.00
21 46.650 273.1 0.56 0.03
22 55.252 261.7 0.54 -0.00
23 55.716 248.0 0.54 -0.00
24 56.317 425.5 0.54 -0.00
25 57.573 120.6 0.54 0.01
26 61.396 104.7 0.53 -0.01
27 62.761 273.1 0.54 0.01
28 63.089 202.5 0.53 -0.00
29 63.389 182.0 0.53 0.01
30 63.935 261.7 0.53 0.01
31 64.591 168.4 0.54 -0.00
32 66.284 238.9 0.53 -0.01
33 67.048 229.8 0.53 0.01
34 69.833 127.4 0.56 0.02
35 72.646 136.5 0.56 0.04
36 74.312 398.2 0.54 0.04
37 75.459 207.1 0.55 0.04
38 76.633 104.7 0.54 0.05
39 77.206 261.7 0.54 0.06
40 79.773 202.5 0.53 0.05
41 80.073 207.1 0.53 0.05
42 80.510 323.1 0.54 0.04
43 87.965 191.1 0.51 0.00
44 89.740 327.7 0.50 0.02
45 90.068 229.8 0.50 0.01
46 93.481 147.9 0.50 0.01
47 93.754 168.4 0.49 0.01
48 95.174 366.4 0.50 -0.00
49 95.584 270.8 0.48 -0.00
50 96.894 223.0 0.50 0.00
51 98.423 136.5 0.50 0.01
52 99.325 234.4 0.50 0.01
53 100.089 104.7 0.49 0.02
54 100.826 218.5 0.49 0.02
55 104.322 191.1 0.50 0.01
56 106.506 236.7 0.52 -0.00
57 107.244 268.5 0.51 -0.02
58 109.537 273.1 0.51 -0.00
59 110.903 273.1 0.54 0.00
60 112.541 273.1 0.48 -0.00
61 112.923 300.4 0.52 -0.00
62 117.429 320.9 0.49 0.02
63 120.897 125.2 0.52 0.02
64 121.225 125.2 0.51 0.02
65 121.580 236.7 0.51 0.03
66 121.989 282.2 0.51 0.04
67 123.409 132.0 0.51 0.02
68 125.293 234.4 0.51 0.02
69 126.385 370.9 0.51 0.01
70 127.532 127.4 0.52 0.01
71 128.870 468.8 0.49 0.03
72 129.526 234.4 0.50 0.00
73 129.963 132.0 0.49 0.01
74 130.809 141.1 0.50 0.00
75 131.437 307.2 0.50 0.01
76 134.851 175.2 0.49 0.00
77 135.806 159.3 0.49 0.01
78 136.325 152.5 0.50 0.02
79 137.281 316.3 0.49 0.00
80 141.350 241.2 0.50 0.03
81 142.688 141.1 0.51 0.02
82 143.124 216.2 0.48 0.02
83 144.299 218.5 0.47 0.05
84 147.139 366.4 0.48 0.02
85 148.367 323.1 0.46 0.04
86 149.050 370.9 0.51 0.02
87 155.549 400.5 0.50 0.03
88 160.765 250.3 0.54 0.01
89 161.802 104.7 0.54 0.04
90 164.506 207.1 0.54 0.01
91 165.325 179.8 0.55 0.03
92 167.864 402.8 0.55 0.03
93 169.093 393.7 0.54 0.03
94 169.776 229.8 0.55 0.03
95 172.179 109.2 0.53 0.04
96 172.752 448.3 0.54 0.04
97 173.135 250.3 0.54 0.05
98 173.544 334.5 0.53 0.05
99 176.466 339.1 0.52 0.05
100 176.903 264.0 0.53 0.05
101 177.667 234.4 0.52 0.05
102 180.780 284.4 0.53 0.03
103 182.665 202.5 0.51 0.01
104 183.866 202.5 0.52 0.02
105 185.887 295.8 0.50 -0.01
106 188.262 257.1 0.52 -0.01
107 191.648 475.6 0.51 -0.03
108 193.041 236.7 0.52 -0.02
109 198.830 318.6 0.54 0.02
110 199.649 261.7 0.53 0.03
111 199.950 234.4 0.55 0.03
112 200.550 261.7 0.56 0.05
113 203.418 218.5 0.56 0.04
114 209.917 152.5 0.59 0.03
115 211.255 109.2 0.60 0.04
116 211.664 118.3 0.61 0.02
117 211.965 343.6 0.60 0.03
118 214.723 279.9 0.59 0.02
119 216.224 182.0 0.59 0.05
120 217.836 136.5 0.60 0.05
121 219.365 186.6 0.59 0.04
122 220.484 207.1 0.57 0.05
123 220.703 118.3 0.58 0.04
124 224.444 234.4 0.54 0.06
125 227.311 289.0 0.55 0.06
126 228.321 300.4 0.58 0.05
127 235.121 241.2 0.56 0.03
128 237.524 225.3 0.55 -0.00
129 239.107 143.4 0.55 0.04
130 239.735 147.9 0.56 0.01
131 241.183 163.8 0.54 0.06
132 242.138 245.8 0.54 0.03
133 244.924 229.8 0.53 0.01
134 245.579 113.8 0.53 0.05
135 245.852 327.7 0.52 0.03
136 248.201 159.3 0.51 0.03
137 250.139 332.2 0.60 0.05
138 259.806 152.5 0.56 0.06
139 262.673 202.5 0.59 0.02
140 263.383 234.4 0.59 0.05
141 265.049 284.4 0.57 0.05
142 266.387 370.9 0.57 0.05
143 271.930 163.8 0.57 0.02
144 273.186 147.9 0.56 0.02
145 274.879 207.1 0.54 0.02
146 276.545 202.5 0.47 -0.01
147 283.535 402.8 0.50 0.07
148 284.000 320.9 0.51 0.07
149 284.464 120.6 0.53 0.05
150 287.058 147.9 0.51 0.04
151 287.276 141.1 0.52 0.04
152 288.451 229.8 0.53 0.03
153 291.372 241.2 0.52 0.01
154 292.765 202.5 0.51 0.03
155 293.967 163.8 0.53 0.02
156 294.321 175.2 0.52 0.02
157 297.571 273.1 0.53 0.02
158 297.953 232.1 0.54 0.02
159 298.991 186.6 0.53 0.03
160 299.428 97.8 0.52 0.02
161 306.828 136.5 0.56 0.02
162 307.593 300.4 0.55 0.02
163 308.166 179.8 0.55 0.04
164 308.439 159.3 0.56 0.04
165 310.187 218.5 0.56 0.04
166 314.337 179.8 0.57 0.05
167 314.747 289.0 0.57 0.05
168 322.475 125.2 0.54 0.05
169 326.161 234.4 0.54 0.05
170 326.980 343.6 0.56 0.03
171 329.356 202.5 0.55 0.05
172 335.582 152.5 0.53 0.04
173 338.340 300.4 0.54 0.03
174 341.507 191.1 0.53 0.01
175 346.395 195.7 0.55 0.01
176 350.437 382.3 0.56 0.01
177 352.730 284.4 0.56 0.01
178 353.277 125.2 0.54 0.00
179 356.362 159.3 0.54 0.02
180 360.759 257.1 0.49 0.02
181 361.824 273.1 0.50 0.03
182 362.397 125.2 0.50 0.02
183 368.896 223.0 0.52 0.03
184 377.143 257.1 0.51 -0.01
185 379.873 238.9 0.50 -0.02
186 383.805 179.8 0.50 -0.03
187 385.171 261.7 0.51 -0.03
188 386.645 257.1 0.52 -0.03
189 388.966 289.0 0.51 -0.02
190 390.441 163.8 0.49 -0.02
191 392.544 327.7 0.50 -0.00
192 399.616 202.5 0.49 0.04
193 400.189 97.8 0.51 0.03
194 400.981 213.9 0.52 0.01
195 406.333 284.4 0.51 -0.00
196 412.286 261.7 0.51 -0.00
197 413.897 311.8 0.51 0.00
198 414.498 311.8 0.50 0.00
199 415.754 311.8 0.49 0.00
200 416.164 163.8 0.48 0.00
201 417.529 300.4 0.50 0.00
202 418.621 311.8 0.50 -0.01
203 419.359 293.5 0.51 -0.01
204 419.932 261.7 0.51 -0.02
205 421.652 245.8 0.51 0.02
206 422.444 175.2 0.50 0.01
207 424.847 218.5 0.54 0.04
208 425.748 316.3 0.54 0.04
209 426.267 289.0 0.54 0.05
210 431.483 234.4 0.56 0.04
211 434.132 141.1 0.59 0.03
212 436.098 245.8 0.56 0.03
213 437.190 218.5 0.56 0.05
214 440.439 316.3 0.54 0.04
215 447.239 289.0 0.53 0.03
216 450.953 207.1 0.53 0.01
217 451.526 241.2 0.52 0.01
218 456.414 245.8 0.53 0.01
219 460.264 186.6 0.55 0.01
220 461.247 179.8 0.55 -0.00
221 462.749 177.5 0.53 0.02
222 463.049 229.8 0.54 0.02
223 471.023 202.5 0.52 0.02
224 471.460 136.5 0.59 0.05
225 471.869 191.1 0.53 0.06
226 474.627 273.1 0.51 0.04
227 481.918 202.5 0.55 0.07
228 482.546 141.1 0.55 0.07
229 483.529 289.0 0.58 0.05
230 484.895 163.8 0.56 0.04
231 486.588 147.9 0.59 0.04
232 487.270 207.1 0.55 0.04
233 489.865 88.7 0.58 0.05
234 493.005 241.2 0.60 0.05
235 496.063 250.3 0.57 0.03
236 497.538 223.0 0.62 0.03
237 501.033 147.9 0.63 0.03
238 501.743 264.0 0.57 0.05
239 502.371 141.1 0.62 0.02
240 504.119 195.7 0.62 0.02
241 505.238 218.5 0.61 0.02
242 506.795 159.3 0.59 0.01
243 507.641 355.0 0.60 0.01
244 508.652 195.7 0.59 0.01
245 508.897 152.5 0.61 0.02
246 513.676 179.8 0.59 0.06
247 514.604 147.9 0.59 0.06
248 516.516 241.2 0.58 0.05
249 516.844 170.7 0.57 0.04
250 518.646 343.6 0.58 0.02
251 520.940 355.0 0.59 0.02
252 521.486 261.7 0.58 -0.01
253 525.391 120.6 0.56 -0.01
254 526.210 236.7 0.56 -0.02
255 529.459 225.3 0.54 -0.01
256 530.087 229.8 0.56 0.01
257 534.101 129.7 0.58 -0.01
258 534.374 213.9 0.57 0.01
259 535.030 141.1 0.60 0.03
260 535.876 147.9 0.61 0.01
261 538.771 147.9 0.57 0.02
262 540.546 202.5 0.58 0.03
263 542.867 316.3 0.58 0.06
264 543.386 157.0 0.58 0.01
265 544.205 245.8 0.57 0.04
266 545.079 179.8 0.58 0.03
267 547.209 191.1 0.58 0.06
268 551.359 163.8 0.57 0.06
269 554.390 209.4 0.57 0.07
270 556.547 147.9 0.57 0.07
271 562.091 136.5 0.57 0.05
272 563.838 218.5 0.57 0.04
273 564.603 129.7 0.57 0.05
274 565.286 186.6 0.57 0.04
275 567.388 273.1 0.55 0.04
276 568.125 218.5 0.56 0.04
277 570.993 168.4 0.54 0.06
278 576.481 202.5 0.53 0.06
279 578.311 223.0 0.56 0.07
280 579.895 136.5 0.55 0.06
281 580.632 93.3 0.55 0.05
282 582.407 195.7 0.57 0.05
283 586.230 147.9 0.58 0.08
284 587.049 147.9 0.57 0.07
285 588.469 125.2 0.58 0.06
286 588.851 339.1 0.58 0.06
287 595.432 163.8 0.54 0.01
288 596.961 261.7 0.54 -0.00
289 604.389 186.6 0.56 0.03
290 604.935 168.4 0.56 0.04
291 608.348 207.1 0.52 0.08
292 610.806 234.4 0.53 0.07
293 612.581 289.0 0.52 0.06
294 619.872 213.9 0.57 0.05
295 625.961 223.0 0.55 0.04
296 627.900 339.1 0.53 0.02
297 629.292 327.7 0.55 0.03
298 631.559 179.8 0.56 0.02
299 636.474 300.4 0.55 0.04
300 638.631 359.5 0.54 0.03
301 639.887 386.8 0.54 0.03
302 642.536 195.7 0.54 0.02
303 642.836 209.4 0.53 0.02
304 645.048 207.1 0.52 0.03
305 648.407 391.4 0.52 0.06
306 648.789 304.9 0.52 0.07
307 650.127 350.4 0.53 0.07
308 650.701 229.8 0.54 0.07
309 651.438 195.7 0.56 0.05
310 654.688 179.8 0.52 0.05
311 657.582 207.1 0.52 0.02
312 658.183 179.8 0.54 0.02
313 658.456 186.6 0.52 0.04
314 659.548 323.1 0.55 0.01
315 660.176 218.5 0.53 0.02
316 661.678 147.9 0.52 0.01
317 662.607 218.5 0.52 0.02
318 663.945 327.7 0.52 0.02
319 664.491 109.2 0.52 0.02
320 665.993 179.8 0.52 0.02
321 667.276 136.5 0.53 0.01
322 668.396 284.4 0.53 0.01
323 669.925 277.6 0.52 0.02
324 670.362 373.2 0.53 0.02
325 673.365 250.3 0.53 0.03
326 673.939 252.6 0.53 0.03
327 676.451 136.5 0.54 0.03
328 683.059 238.9 0.54 -0.00
329 683.988 327.7 0.55 -0.02
330 684.670 163.8 0.54 -0.03
331 685.216 314.0 0.56 -0.03
332 688.848 234.4 0.54 -0.00
333 689.422 191.1 0.54 0.02
334 693.108 382.3 0.57 0.03
335 694.719 339.1 0.55 0.02
336 695.893 191.1 0.57 0.04
337 697.777 273.1 0.59 0.04
338 699.880 179.8 0.54 0.05
339 704.003 268.5 0.59 0.05
340 705.888 175.2 0.58 0.05
341 707.553 120.6 0.59 0.04
342 708.919 218.5 0.57 0.06
343 712.332 163.8 0.58 0.05
344 713.943 132.0 0.58 0.04
345 714.325 152.5 0.57 0.04
346 714.516 136.5 0.57 0.05
347 715.909 109.2 0.59 0.04
348 716.319 141.1 0.59 0.03
349 719.186 172.9 0.58 0.03
350 719.814 284.4 0.57 0.03
351 723.828 186.6 0.55 0.06
352 725.876 229.8 0.54 0.05
353 726.449 159.3 0.53 0.05
354 729.426 120.6 0.54 0.04
355 729.754 70.5 0.53 0.03
356 729.945 207.1 0.54 0.04
357 731.501 530.2 0.54 0.05
358 734.232 59.2 0.55 0.03
359 736.662 202.5 0.54 0.04
360 737.236 291.3 0.56 0.03
361 738.765 289.0 0.56 0.02
362 739.092 229.8 0.54 0.02
363 739.639 195.7 0.57 0.02
364 742.424 245.8 0.57 0.04
365 743.407 218.5 0.57 0.04
366 746.301 218.5 0.59 0.04
367 747.831 223.0 0.58 0.04
368 750.124 136.5 0.58 0.04
369 750.397 97.8 0.58 0.03
370 751.735 163.8 0.58 0.04
371 752.090 179.8 0.58 0.05
372 754.084 229.8 0.56 0.03
373 756.896 229.8 0.56 0.05
374 759.873 179.8 0.59 0.06
375 763.996 120.6 0.54 0.01
376 764.242 127.4 0.54 0.01
377 766.317 186.6 0.54 0.02
378 771.860 234.4 0.54 0.03
379 772.434 186.6 0.53 0.03
380 781.309 132.0 0.57 0.07
381 782.128 104.7 0.57 0.07
382 783.029 163.8 0.57 0.06
383 791.412 229.8 0.54 0.05
384 794.006 277.6 0.55 0.03
385 794.607 414.2 0.55 0.03
386 795.754 136.5 0.55 0.02
387 796.628 202.5 0.56 0.03
388 800.096 125.2 0.58 0.02
389 800.451 172.9 0.58 0.02
390 801.352 480.1 0.59 0.02
391 802.225 248.0 0.59 0.02
392 807.714 261.7 0.53 0.04
393 812.138 223.0 0.56 0.04
394 813.257 125.2 0.55 0.04
395 813.776 311.8 0.56 0.05
396 814.159 298.1 0.55 0.05
397 815.906 109.2 0.54 0.02
398 816.807 159.3 0.53 0.03
399 819.893 311.8 0.53 0.02
400 820.275 229.8 0.53 0.02
401 820.685 286.7 0.53 0.03
402 822.405 175.2 0.52 0.03
403 823.170 218.5 0.52 0.03
404 825.463 261.7 0.52 0.03
405 825.873 254.9 0.52 0.03
406 827.648 311.8 0.52 0.03
407 831.881 120.6 0.49 0.01
408 833.956 198.0 0.49 -0.01
409 834.993 355.0 0.51 -0.00
410 835.185 150.2 0.52 0.00
411 839.799 487.0 0.51 -0.00
412 841.629 257.1 0.52 -0.01
413 842.721 163.8 0.51 0.02
414 845.780 327.7 0.51 0.01
415 846.435 323.1 0.51 0.01
416 847.555 355.0 0.50 0.02
417 850.231 266.2 0.49 0.03
418 851.842 132.0 0.51 0.02
419 852.251 343.6 0.51 0.02
420 856.347 261.7 0.52 -0.01
421 859.324 163.8 0.53 -0.02
422 860.443 229.8 0.52 -0.01
423 861.481 289.0 0.52 -0.00
424 863.556 132.0 0.52 0.00
425 873.441 257.1 0.52 0.02
426 873.987 295.8 0.53 0.01
427 875.435 316.3 0.53 0.02
428 875.790 207.1 0.53 0.01
429 878.875 191.1 0.54 0.01
430 881.005 238.9 0.54 0.02
431 883.354 125.2 0.51 0.01
432 885.265 179.8 0.50 0.01
433 885.538 168.4 0.50 -0.00
434 889.306 147.9 0.50 0.01
435 889.498 102.4 0.51 0.01
436 889.798 152.5 0.52 -0.00
437 890.262 191.1 0.50 0.00
438 890.972 273.1 0.51 -0.00
439 891.791 241.2 0.51 -0.00
440 897.116 220.7 0.51 -0.03
441 897.990 152.5 0.52 -0.02
442 899.519 152.5 0.52 -0.02
443 901.048 300.4 0.53 -0.00
444 903.997 191.1 0.54 -0.01
445 904.871 402.8 0.54 -0.00
446 905.909 195.7 0.52 0.00
447 908.012 343.6 0.55 -0.01
448 908.503 195.7 0.52 -0.02
449 909.076 163.8 0.54 -0.01
450 912.162 207.1 0.53 0.00
451 915.849 195.7 0.53 0.01
452 916.340 229.8 0.53 0.01
453 918.852 141.1 0.55 -0.01
454 920.436 300.4 0.54 -0.01
455 923.849 175.2 0.55 -0.01
456 926.061 202.5 0.54 -0.00
457 926.771 273.1 0.54 -0.00
458 928.437 163.8 0.56 0.01
459 929.966 195.7 0.56 0.01
460 930.321 195.7 0.56 0.01
461 934.335 163.8 0.56 0.02
462 934.554 143.4 0.55 0.02
463 936.602 152.5 0.56 0.02
464 937.830 295.8 0.56 0.02
465 938.213 302.6 0.54 0.02
466 938.540 325.4 0.55 0.03
467 939.933 238.9 0.54 0.02
468 941.435 202.5 0.55 0.02
469 946.432 159.3 0.57 0.03
470 948.999 132.0 0.54 0.01
471 950.419 273.1 0.56 0.02
472 951.456 152.5 0.55 0.01
473 952.330 136.5 0.54 0.02
474 954.105 191.1 0.53 0.01
475 956.890 218.5 0.54 0.01
476 957.846 163.8 0.52 0.00
477 958.310 152.5 0.53 0.01
478 958.720 172.9 0.52 0.01
479 958.993 172.9 0.52 -0.00
480 960.631 284.4 0.51 0.02
481 962.051 198.0 0.52 0.02
482 966.120 398.2 0.53 0.03
483 968.277 202.5 0.55 0.04
484 968.960 229.8 0.53 0.03
485 971.145 186.6 0.54 0.02
486 971.418 213.9 0.55 0.02
487 972.073 366.4 0.54 0.01
488 974.886 229.8 0.54 0.01
489 975.186 195.7 0.54 0.01
490 976.469 109.2 0.53 0.01
491 984.279 175.2 0.52 0.02
492 984.852 207.1 0.52 0.01
493 986.518 300.4 0.51 0.03
494 986.900 238.9 0.51 0.03
495 987.938 179.8 0.51 0.02
496 988.785 225.3 0.51 0.02
497 990.996 207.1 0.52 0.02
498 991.898 355.0 0.53 0.04
499 995.666 250.3 0.53 0.02
500 998.069 182.0 0.53 0.03
501 999.462 186.6 0.56 0.02
502 999.817 179.8 0.56 0.02
503 1000.199 188.9 0.54 0.02
504 1001.155 154.7 0.54 0.01
505 1004.049 86.5 0.53 -0.01
506 1005.442 168.4 0.54 -0.00
507 1013.415 175.2 0.56 0.01
508 1013.852 163.8 0.55 -0.01
509 1014.972 250.3 0.57 0.00
510 1016.829 289.0 0.57 -0.02
511 1019.313 213.9 0.57 -0.02
512 1022.891 170.7 0.56 0.00
513 1023.136 179.8 0.54 0.01
514 1023.710 359.5 0.56 0.02
515 1025.376 464.2 0.56 0.02
516 1027.697 257.1 0.56 0.03
517 1027.970 93.3 0.55 0.03
518 1028.489 279.9 0.56 0.04
519 1030.018 241.2 0.54 0.04
520 1031.547 229.8 0.55 0.04
521 1032.530 125.2 0.55 0.03
522 1035.616 238.9 0.54 0.03
523 1038.729 147.9 0.56 0.02
524 1047.767 698.6 0.56 0.02
525 1056.997 279.9 0.57 0.04
526 1059.345 175.2 0.56 0.04
527 1059.864 129.7 0.54 0.04
528 1064.424 261.7 0.58 0.03
529 1066.281 213.9 0.59 0.03
530 1069.421 409.6 0.57 0.02
531 1070.759 184.3 0.55 0.02
532 1072.589 323.1 0.56 0.05
533 1073.353 229.8 0.54 0.01
534 1073.708 277.6 0.53 0.01
535 1076.221 334.5 0.54 0.05
536 1077.531 175.2 0.54 0.03
537 1084.249 393.7 0.56 0.04
538 1089.792 268.5 0.52 0.03
539 1090.311 97.8 0.56 0.04
540 1094.106 487.0 0.51 0.03
541 1100.496 234.4 0.52 0.04
542 1101.206 225.3 0.53 0.06
543 1102.872 152.5 0.54 0.05
544 1104.346 152.5 0.52 0.05
545 1107.842 327.7 0.51 0.06
546 1109.043 195.7 0.54 0.07
547 1109.234 145.6 0.53 0.07
548 1111.637 207.1 0.56 0.05
549 1113.658 207.1 0.55 0.04
550 1115.788 327.7 0.53 0.03
551 1116.880 154.7 0.53 0.04
552 1117.508 436.9 0.52 0.04
553 1118.382 175.2 0.52 0.03
554 1121.249 191.1 0.53 0.04
555 1121.522 152.5 0.53 0.04
556 1126.547 104.7 0.53 0.04
557 1127.011 229.8 0.53 0.04
558 1128.977 207.1 0.53 0.03
559 1130.561 320.9 0.53 0.03
560 1133.237 179.8 0.55 0.03
561 1133.565 172.9 0.54 0.03
562 1133.783 143.4 0.54 0.03
563 1136.459 136.5 0.54 0.04
564 1137.715 300.4 0.56 0.04
565 1141.129 279.9 0.57 0.06
566 1142.794 323.1 0.57 0.08
567 1144.678 118.3 0.57 0.05
568 1145.033 172.9 0.57 0.05
569 1145.552 202.5 0.56 0.03
570 1146.399 218.5 0.58 0.05
571 1148.747 245.8 0.54 0.05
572 1151.014 93.3 0.56 0.03
573 1151.587 218.5 0.55 0.03
574 1152.079 168.4 0.54 0.03
575 1153.498 184.3 0.55 0.04
576 1154.318 311.8 0.54 0.04
577 1162.537 136.5 0.54 0.07
578 1163.711 284.4 0.55 0.07
579 1165.104 168.4 0.54 0.06
580 1166.305 234.4 0.54 0.06
581 1166.688 229.8 0.54 0.06
582 1169.637 623.5 0.53 0.05
583 1172.531 264.0 0.54 0.05
584 1175.644 225.3 0.53 0.05
585 1176.108 268.5 0.54 0.07
586 1180.669 168.4 0.53 0.07
587 1182.280 273.1 0.53 0.07
588 1183.836 311.8 0.55 0.04
589 1185.748 179.8 0.55 0.01
590 1186.348 436.9 0.57 0.03
591 1187.031 257.1 0.55 0.04
592 1190.007 163.8 0.57 0.05
593 1195.469 179.8 0.55 0.03
594 1197.517 191.1 0.54 0.02
595 1199.811 523.4 0.56 0.01
596 1204.617 223.0 0.49 -0.04
597 1208.521 152.5 0.50 0.01
598 1209.095 191.1 0.50 0.01
599 1210.187 234.4 0.54 0.01
600 1210.706 179.8 0.54 0.01
601 1212.645 229.8 0.53 0.02
602 1213.300 261.7 0.52 0.02
603 1213.792 163.8 0.52 0.02
604 1220.209 377.7 0.55 0.03
605 1220.509 141.1 0.56 0.01
606 1224.141 179.8 0.52 0.03
607 1226.107 170.7 0.52 0.03
608 1228.974 191.1 0.53 0.01
609 1240.170 186.6 0.53 0.02
610 1240.962 257.1 0.53 0.02
611 1242.928 159.3 0.52 0.00
612 1244.675 277.6 0.54 0.02
613 1245.276 125.2 0.54 0.02
614 1246.778 261.7 0.53 0.03
615 1249.946 370.9 0.52 0.02
616 1250.683 323.1 0.54 0.02
617 1258.274 218.5 0.55 -0.01
618 1259.011 163.8 0.53 -0.02
619 1260.158 311.8 0.53 -0.03
620 1260.650 157.0 0.52 -0.02
621 1262.916 186.6 0.51 -0.03
622 1269.524 382.3 0.52 0.02
623 1271.600 186.6 0.52 0.02
624 1273.265 250.3 0.53 0.04
625 1274.085 175.2 0.53 0.03
626 1275.204 202.5 0.52 0.02
627 1276.624 202.5 0.52 0.02
628 1278.153 250.3 0.52 0.01
629 1280.939 236.7 0.51 -0.01
630 1282.796 120.6 0.51 0.04
631 1284.434 163.8 0.50 0.03
632 1288.120 129.7 0.50 -0.05
633 1295.548 179.8 0.54 0.02
634 1296.449 316.3 0.56 0.03
635 1297.787 136.5 0.56 0.02
636 1299.453 191.1 0.59 0.01
637 1301.118 179.8 0.58 0.02
638 1302.238 289.0 0.57 0.01
639 1303.276 132.0 0.56 -0.00
640 1308.273 241.2 0.56 0.01
641 1308.600 234.4 0.56 0.01
642 1312.478 261.7 0.56 0.01
643 1314.307 311.8 0.56 -0.02
644 1316.301 125.2 0.56 -0.01
645 1317.338 257.1 0.58 -0.02
646 1317.693 245.8 0.57 -0.03
647 1322.936 195.7 0.58 -0.01
648 1333.504 163.8 0.57 -0.00
649 1334.869 152.5 0.57 -0.01
650 1337.136 163.8 0.57 -0.00
651 1342.160 289.0 0.55 -0.00
652 1344.263 147.9 0.56 0.01
653 1345.655 152.5 0.55 0.00
654 1347.430 355.0 0.54 0.00
655 1348.523 284.4 0.53 -0.00
656 1349.861 370.9 0.55 0.01
657 1352.209 207.1 0.55 -0.01
658 1352.509 186.6 0.55 0.01
659 1355.595 211.6 0.56 0.00
660 1357.261 195.7 0.56 -0.00
661 1358.408 136.5 0.58 0.01
662 1360.101 191.1 0.57 -0.00
663 1360.428 229.8 0.57 -0.00
664 1363.296 234.4 0.59 0.01
665 1363.596 132.0 0.58 0.01
666 1364.115 300.4 0.58 0.02
667 1366.627 109.2 0.58 0.02
668 1366.927 295.8 0.56 0.02
669 1371.296 202.5 0.57 0.01
670 1372.935 191.1 0.57 0.01
671 1375.201 245.8 0.57 0.01
672 1378.150 202.5 0.56 0.01
673 1379.133 202.5 0.57 0.00
674 1379.707 168.4 0.57 -0.00
675 1380.553 175.2 0.57 0.00
676 1381.236 120.6 0.56 0.00
677 1383.448 195.7 0.57 0.02
678 1383.694 191.1 0.56 0.01
679 1387.517 229.8 0.57 0.03
680 1389.210 202.5 0.56 0.03
681 1390.903 159.3 0.55 0.03
682 1391.394 168.4 0.56 0.00
683 1391.722 273.1 0.55 0.03
684 1393.169 136.5 0.56 0.02
685 1393.661 141.1 0.55 0.03
686 1395.162 125.2 0.54 0.02
687 1399.313 213.9 0.58 0.01
688 1399.914 107.0 0.57 0.01
689 1402.044 159.3 0.58 0.00
690 1402.699 207.1 0.56 0.01
691 1403.054 275.3 0.56 0.01
692 1405.839 186.6 0.56 0.01
693 1406.249 213.9 0.56 0.01
694 1407.478 125.2 0.54 -0.01
695 1410.127 207.1 0.55 0.02
696 1412.229 125.2 0.57 0.02
697 1412.748 163.8 0.57 0.02
698 1413.103 259.4 0.56 0.02
699 1414.277 339.1 0.55 0.02
700 1414.987 163.8 0.54 0.01
701 1415.642 300.4 0.55 0.01
702 1415.943 204.8 0.55 0.01
703 1416.243 198.0 0.56 0.01
704 1417.117 179.8 0.55 0.02
705 1418.428 152.5 0.56 0.02
706 1418.919 152.5 0.55 0.01
707 1421.431 234.4 0.57 0.04
708 1422.251 229.8 0.57 0.04
709 1424.654 127.4 0.57 0.03
710 1427.494 179.8 0.57 0.02
711 1428.122 109.2 0.57 0.01
712 1429.350 168.4 0.56 0.01
713 1429.869 186.6 0.57 0.01
714 1431.835 229.8 0.56 0.00
715 1432.272 300.4 0.56 0.00
716 1433.228 213.9 0.56 -0.00
717 1433.638 566.6 0.56 0.00
718 1436.751 459.7 0.56 -0.01
719 1437.925 355.0 0.56 -0.01
720 1438.252 245.8 0.55 -0.00
721 1439.945 223.0 0.55 0.00
722 1441.338 218.5 0.55 0.01
723 1442.294 245.8 0.55 0.00
724 1443.905 343.6 0.56 0.02
725 1444.697 250.3 0.57 0.01
726 1445.243 147.9 0.55 0.01
727 1449.120 191.1 0.57 0.01
728 1449.694 207.1 0.58 0.02
729 1450.486 202.5 0.57 0.01
730 1452.889 202.5 0.59 0.03
731 1454.008 195.7 0.59 0.04
732 1454.773 170.7 0.59 0.03
733 1457.203 175.2 0.58 0.04
734 1458.350 202.5 0.58 0.04
735 1460.780 184.3 0.57 0.04
736 1463.456 250.3 0.57 0.04
737 1466.460 202.5 0.58 0.04
738 1468.426 218.5 0.58 0.04
739 1468.863 198.0 0.58 0.04
740 1469.327 125.2 0.57 0.01
741 1469.764 152.5 0.57 0.03
742 1471.157 191.1 0.57 0.04
743 1471.457 225.3 0.58 0.04
744 1473.833 143.4 0.56 0.03
745 1475.690 175.2 0.58 0.02
746 1479.731 229.8 0.56 0.01
747 1481.178 125.2 0.56 0.01
748 1481.370 125.2 0.56 0.01
749 1485.684 389.1 0.56 0.01
750 1487.841 141.1 0.56 0.01
751 1488.988 284.4 0.56 0.00
752 1492.101 132.0 0.57 0.02
753 1495.815 213.9 0.56 0.04
754 1497.562 241.2 0.54 0.03
755 1499.447 179.8 0.55 0.03
756 1503.024 343.6 0.55 0.03
757 1504.116 238.9 0.55 0.03
758 1506.164 191.1 0.55 0.03
759 1511.134 304.9 0.55 0.02
760 1511.407 120.6 0.54 0.02
761 1511.653 191.1 0.54 0.02
762 1513.045 202.5 0.54 0.02
763 1513.428 289.0 0.54 0.02
764 1514.629 147.9 0.52 0.01
765 1519.408 175.2 0.55 0.00
766 1522.767 291.3 0.55 0.01
767 1523.449 327.7 0.54 0.02
768 1524.896 257.1 0.56 0.01
769 1525.661 284.4 0.56 0.02
770 1525.961 143.4 0.55 0.01
771 1528.692 273.1 0.55 0.01
772 1529.211 125.2 0.56 0.01
773 1531.259 241.2 0.57 0.03
774 1532.105 300.4 0.57 0.03
775 1533.771 268.5 0.56 0.02
776 1535.218 311.8 0.56 0.01
777 1536.338 147.9 0.56 0.01
778 1549.609 364.1 0.59 0.03
779 1550.073 311.8 0.58 0.01
780 1551.930 245.8 0.58 0.00
781 1552.340 109.2 0.58 0.02
782 1553.896 284.4 0.58 0.04
783 1554.470 191.1 0.54 0.01
784 1554.988 186.6 0.56 0.02
785 1557.528 366.4 0.57 0.02
786 1560.559 202.5 0.56 0.00
787 1561.351 170.7 0.57 0.00
788 1561.733 304.9 0.56 0.03
789 1567.331 218.5 0.57 0.03
790 1568.150 104.7 0.55 0.02
791 1568.942 218.5 0.56 0.03
792 1572.355 143.4 0.55 0.02
793 1573.721 300.4 0.56 0.01
794 1574.130 300.4 0.56 0.02
795 1574.840 218.5 0.55 0.01
796 1576.069 120.6 0.56 0.02
797 1579.510 136.5 0.55 0.02
798 1580.465 323.1 0.56 0.02
799 1580.739 152.5 0.54 0.02
800 1583.196 109.2 0.54 0.03
801 1584.015 284.4 0.56 0.02
802 1586.446 257.1 0.54 0.04
803 1586.883 191.1 0.54 0.03
804 1591.470 195.7 0.56 0.03
805 1594.283 234.4 0.54 0.02
806 1594.993 245.8 0.54 0.04
807 1595.675 241.2 0.53 0.02
808 1597.423 236.7 0.54 0.02
809 1599.198 534.8 0.53 0.04
810 1599.689 411.9 0.53 0.04
811 1606.352 163.8 0.52 0.01
812 1607.363 207.1 0.52 -0.02
813 1609.793 186.6 0.57 0.05
814 1610.175 234.4 0.56 0.05
815 1614.435 163.8 0.53 0.05
816 1614.872 218.5 0.57 0.05
817 1623.665 157.0 0.55 0.02
818 1627.651 304.9 0.53 0.02
819 1631.037 202.5 0.53 0.00
820 1631.420 195.7 0.53 0.00
821 1631.884 202.5 0.54 0.01
822 1633.113 218.5 0.53 0.01
823 1634.751 163.8 0.53 -0.00
824 1635.024 225.3 0.53 -0.02
825 1635.434 257.1 0.57 -0.01
826 1635.625 109.2 0.54 -0.00
827 1638.601 245.8 0.57 0.04
828 1641.441 127.4 0.56 0.02
829 1641.714 234.4 0.54 0.02
830 1643.872 191.1 0.55 0.02
831 1644.527 307.2 0.55 0.03
832 1648.049 47.8 0.54 0.03
833 1648.295 168.4 0.55 0.03
834 1649.715 175.2 0.53 0.04
835 1651.900 300.4 0.56 0.03
836 1652.855 273.1 0.54 0.03
837 1655.258 268.5 0.52 0.04
838 1655.750 289.0 0.54 0.03
839 1658.699 343.6 0.54 0.04
840 1661.075 207.1 0.54 0.04
841 1661.484 277.6 0.55 0.03
842 1664.898 163.8 0.54 0.03
843 1665.799 304.9 0.55 0.02
844 1667.492 261.7 0.55 0.01
845 1669.321 355.0 0.57 0.02
846 1670.714 163.8 0.57 0.02
847 1671.342 147.9 0.56 0.03
848 1672.243 195.7 0.57 0.02
849 1672.653 177.5 0.56 0.03
850 1674.346 218.5 0.54 0.03
851 1676.257 382.3 0.55 0.02
852 1680.135 213.9 0.56 0.02
853 1682.920 163.8 0.55 0.02
854 1684.559 261.7 0.55 0.02
855 1684.941 252.6 0.55 0.01
856 1685.214 86.5 0.55 0.01
857 1685.897 218.5 0.54 -0.02
858 1688.818 261.7 0.55 -0.01
859 1689.064 88.7 0.56 -0.02
860 1690.320 241.2 0.54 -0.02
861 1691.549 316.3 0.54 -0.04
862 1694.853 223.0 0.56 0.00
863 1695.700 116.1 0.56 0.01
864 1695.945 179.8 0.56 0.00
865 1696.847 125.2 0.56 0.01
866 1698.075 229.8 0.55 0.02
867 1699.058 273.1 0.56 0.02
868 1700.369 393.7 0.56 0.02
869 1700.970 143.4 0.58 0.02
870 1701.816 398.2 0.56 0.02
871 1703.810 238.9 0.56 0.01
872 1704.574 175.2 0.56 0.01
873 1707.223 136.5 0.55 0.01
874 1710.500 186.6 0.58 0.01
875 1710.882 152.5 0.57 0.02
876 1711.319 136.5 0.58 0.02
877 1712.166 398.2 0.59 0.03
878 1712.684 191.1 0.58 0.03
879 1719.675 218.5 0.57 0.01
880 1720.713 147.9 0.58 0.01
881 1723.798 141.1 0.58 0.02
882 1724.071 168.4 0.57 0.02
883 1725.082 186.6 0.57 0.02
884 1725.519 168.4 0.57 0.03
885 1726.638 147.9 0.56 0.01
886 1731.198 191.1 0.56 0.00
887 1732.318 127.4 0.56 -0.00
888 1733.383 234.4 0.56 -0.00
889 1734.803 223.0 0.57 -0.00
890 1736.305 116.1 0.55 -0.00
891 1737.697 175.2 0.55 -0.00
892 1740.619 163.8 0.56 0.00
893 1741.629 245.8 0.56 0.02
894 1742.749 93.3 0.57 0.02
895 1743.541 229.8 0.56 0.03
896 1745.207 311.8 0.55 0.03
897 1746.708 179.8 0.56 0.02
898 1748.265 284.4 0.54 0.01
899 1749.685 277.6 0.54 0.01
900 1751.706 241.2 0.55 0.01
901 1752.279 311.8 0.55 0.01
902 1753.426 320.9 0.55 0.01
903 1757.030 202.5 0.55 0.01
904 1757.740 229.8 0.54 0.02
905 1759.351 546.1 0.55 0.03
906 1759.816 116.1 0.54 0.04
907 1759.980 91.0 0.54 0.03
908 1760.771 125.2 0.55 0.03
909 1767.625 250.3 0.54 0.04
910 1768.226 323.1 0.55 0.04
911 1769.264 218.5 0.54 0.04
912 1771.639 191.1 0.54 0.05
913 1773.059 304.9 0.55 0.04
914 1773.469 168.4 0.54 0.03
915 1776.937 93.3 0.56 0.02
916 1777.101 125.2 0.57 0.02
917 1779.750 257.1 0.56 0.03
918 1780.896 88.7 0.53 0.02
919 1781.197 186.6 0.56 0.03
920 1782.398 268.5 0.56 0.03
921 1785.702 236.7 0.55 0.04
922 1791.246 218.5 0.53 0.02
923 1791.573 218.5 0.53 0.02
924 1793.184 207.1 0.54 0.03
925 1793.922 132.0 0.54 0.03
926 1797.062 364.1 0.54 0.03
927 1798.973 250.3 0.56 0.03
928 1799.247 143.4 0.56 0.03
929 1800.748 179.8 0.57 0.02
930 1802.004 191.1 0.57 0.01
931 1804.189 284.4 0.57 0.02
932 1805.036 202.5 0.57 0.02
933 1806.100 218.5 0.56 0.01
934 1808.804 113.8 0.58 0.02
935 1809.295 202.5 0.54 0.01
936 1810.579 198.0 0.56 0.01
937 1812.791 136.5 0.55 -0.00
938 1814.921 186.6 0.57 -0.00
939 1815.740 382.3 0.57 0.01
940 1818.361 282.2 0.57 0.02
941 1819.781 136.5 0.56 0.00
942 1822.075 116.1 0.56 0.02
943 1822.321 122.9 0.57 0.02
944 1822.484 136.5 0.56 0.02
945 1823.850 136.5 0.56 0.01
946 1824.150 204.8 0.54 0.01
947 1825.024 179.8 0.54 0.02
948 1829.420 152.5 0.54 -0.00
949 1830.840 343.6 0.55 -0.00
950 1832.206 191.1 0.54 -0.00
951 1832.697 273.1 0.57 0.00
952 1834.008 191.1 0.56 0.01
953 1834.308 229.8 0.55 0.01
954 1835.783 273.1 0.56 0.02
955 1837.148 157.0 0.56 0.02
956 1838.814 232.1 0.55 0.02
957 1840.889 241.2 0.54 0.02
958 1846.269 163.8 0.55 0.01
959 1848.426 268.5 0.55 0.01
960 1850.173 198.0 0.55 0.02
961 1852.140 295.8 0.56 0.02
962 1855.334 316.3 0.56 0.03
963 1857.710 113.8 0.55 0.02
964 1858.038 261.7 0.55 0.03
965 1860.386 207.1 0.56 0.02
966 1860.714 179.8 0.55 0.02
967 1862.516 147.9 0.56 0.04
968 1863.608 323.1 0.58 0.04
969 1864.264 245.8 0.57 0.05
970 1865.137 425.5 0.58 0.05
971 1865.847 132.0 0.59 0.04
972 1866.858 132.0 0.60 0.02
973 1868.278 257.1 0.60 0.02
974 1869.507 218.5 0.60 0.03
975 1871.172 209.4 0.58 0.03
976 1872.374 163.8 0.59 0.02
977 1873.384 157.0 0.58 0.03
978 1875.323 234.4 0.58 0.03
979 1875.978 198.0 0.59 0.03
980 1881.549 229.8 0.57 0.02
981 1883.569 234.4 0.59 0.03
982 1884.580 72.8 0.57 0.04
983 1885.208 136.5 0.57 0.03
984 1885.454 252.6 0.58 0.03
985 1885.754 289.0 0.58 0.04
986 1886.218 125.2 0.58 0.02
987 1887.993 66.0 0.55 0.02
988 1890.068 147.9 0.57 0.00
989 1892.526 191.1 0.58 0.00
990 1896.240 245.8 0.59 0.01
991 1896.486 238.9 0.59 0.01
992 1896.786 234.4 0.59 0.01
993 1900.227 159.3 0.56 0.03
994 1902.793 113.8 0.56 0.02
995 1905.060 229.8 0.57 0.02
996 1907.654 175.2 0.58 0.04
997 1908.801 409.6 0.59 0.04
998 1910.303 218.5 0.59 0.03
999 1910.685 204.8 0.56 0.03
1000 1911.313 179.8 0.57 0.03
1001 1914.890 229.8 0.56 0.03
1002 1915.546 104.7 0.58 0.03
1003 1916.529 163.8 0.58 0.01
1004 1917.484 163.8 0.59 0.04
1005 1918.768 252.6 0.58 0.03
1006 1921.198 273.1 0.58 0.04
1007 1923.574 343.6 0.57 0.04
1008 1925.267 270.8 0.58 0.05
1009 1926.195 370.9 0.58 0.02
1010 1926.905 125.2 0.58 0.01
1011 1927.834 421.0 0.60 0.00
1012 1930.373 175.2 0.55 0.01
1013 1930.564 168.4 0.56 0.01
1014 1932.858 289.0 0.55 0.04
1015 1936.135 113.8 0.56 0.02
1016 1937.964 163.8 0.55 0.02
1017 1938.183 150.2 0.55 0.02
1018 1938.374 168.4 0.55 0.03
1019 1938.702 157.0 0.57 0.03
1020 1939.494 234.4 0.56 0.03
1021 1939.930 213.9 0.53 0.03
1022 1944.245 175.2 0.54 -0.01
1023 1947.740 191.1 0.55 -0.02
1024 1948.314 245.8 0.55 -0.04
1025 1950.198 286.7 0.56 -0.00
1026 1952.082 163.8 0.57 0.04
1027 1954.321 245.8 0.57 0.03
1028 1955.413 86.5 0.54 0.03
1029 1955.878 234.4 0.57 0.03
1030 1956.396 213.9 0.56 0.03
1031 1963.878 300.4 0.57 0.01
1032 1965.626 207.1 0.55 0.00
1033 1966.582 414.2 0.54 0.02
1034 1967.073 202.5 0.56 0.02
1035 1967.838 327.7 0.55 0.01
1036 1968.521 245.8 0.56 0.04
1037 1969.504 218.5 0.57 0.03
1038 1971.224 179.8 0.58 0.02
1039 1972.835 257.1 0.57 0.03
1040 1973.299 109.2 0.58 0.01
1041 1974.473 152.5 0.58 0.02
1042 1976.658 227.6 0.57 0.04
1043 1978.296 136.5 0.55 0.03
1044 1979.962 304.9 0.56 0.04
1045 1981.519 236.7 0.56 0.03
1046 1982.174 245.8 0.55 0.03
1047 1987.908 163.8 0.56 0.02
1048 1988.864 236.7 0.55 0.03
1049 1989.437 213.9 0.56 0.01
1050 1991.868 225.3 0.56 0.01
1051 1993.315 207.1 0.55 0.02
1052 1994.189 159.3 0.55 0.02
1053 1996.401 100.1 0.56 0.01
1054 1998.285 125.2 0.59 0.01
1055 1999.131 157.0 0.59 0.02
1056 2000.360 168.4 0.59 0.01
1057 2001.261 295.8 0.58 0.02
1058 2002.080 186.6 0.58 0.02
1059 2003.337 129.7 0.59 0.02
1060 2006.040 159.3 0.58 0.00
1061 2007.897 295.8 0.59 -0.01
1062 2008.334 195.7 0.58 -0.01
1063 2010.409 234.4 0.59 -0.01
1064 2011.747 355.0 0.58 0.00
1065 2012.457 213.9 0.61 0.01
1066 2013.631 202.5 0.60 0.02
1067 2015.160 300.4 0.58 0.03
1068 2017.645 97.8 0.59 0.02
1069 2018.710 207.1 0.59 0.03
1070 2022.670 136.5 0.59 0.03
1071 2023.134 316.3 0.59 0.04
1072 2024.417 163.8 0.60 0.02
1073 2028.158 304.9 0.58 0.04
1074 2030.152 211.6 0.59 0.04
1075 2030.752 273.1 0.59 0.02
1076 2033.702 116.1 0.57 0.03
1077 2034.220 147.9 0.59 0.00
1078 2037.961 147.9 0.59 0.02
1079 2038.453 191.1 0.58 0.02
1080 2039.545 120.6 0.58 0.04
1081 2040.501 234.4 0.58 0.02
1082 2042.112 186.6 0.57 0.03
1083 2042.631 152.5 0.57 0.04
1084 2043.614 191.1 0.57 0.04
1085 2045.498 229.8 0.58 0.04
1086 2047.328 277.6 0.58 0.04
1087 2048.666 202.5 0.57 0.03
1088 2049.812 127.4 0.56 0.03
1089 2055.738 464.2 0.55 0.04
1090 2056.776 191.1 0.56 0.04
1091 2057.158 179.8 0.56 0.04
1092 2059.370 273.1 0.56 0.03
1093 2060.626 175.2 0.55 0.03
1094 2061.855 245.8 0.55 0.03
1095 2062.810 257.1 0.57 0.04
1096 2064.831 163.8 0.57 0.04
1097 2065.432 393.7 0.58 0.03
1098 2066.033 132.0 0.56 0.04
1099 2066.743 323.1 0.57 0.04
1100 2069.555 191.1 0.56 0.03
1101 2078.348 136.5 0.55 0.04
1102 2080.778 218.5 0.54 0.04
1103 2082.690 170.7 0.55 0.05
1104 2084.792 213.9 0.55 0.04
1105 2085.093 166.1 0.54 0.04
1106 2086.567 229.8 0.55 0.04
1107 2089.271 213.9 0.57 0.04
1108 2090.499 132.0 0.57 0.02
1109 2092.001 250.3 0.57 0.03
1110 2094.186 136.5 0.58 0.02
1111 2095.278 229.8 0.57 0.01
1112 2096.561 366.4 0.57 0.02
1113 2099.401 359.5 0.57 0.02
1114 2101.204 257.1 0.57 0.03
1115 2102.460 409.6 0.57 0.03
1116 2105.163 125.2 0.58 0.03
1117 2108.877 266.2 0.57 0.03
1118 2112.236 127.4 0.57 0.02
1119 2112.618 202.5 0.57 0.02
1120 2116.168 339.1 0.56 0.01
1121 2117.560 163.8 0.57 -0.00
1122 2118.270 120.6 0.56 0.00
1123 2119.008 195.7 0.59 0.01
1124 2125.288 175.2 0.59 0.00
1125 2127.363 179.8 0.57 0.00
1126 2129.985 170.7 0.56 0.01
1127 2131.459 425.5 0.55 0.02
1128 2135.747 355.0 0.56 0.02
1129 2138.341 261.7 0.57 0.02
1130 2138.778 295.8 0.56 0.02
1131 2141.536 113.8 0.58 0.02
1132 2142.874 152.5 0.55 0.02
1133 2143.365 213.9 0.57 0.02
1134 2146.178 316.3 0.57 0.03
1135 2146.505 229.8 0.54 0.04
1136 2147.106 229.8 0.56 0.03
1137 2147.407 300.4 0.56 0.03
1138 2147.898 143.4 0.56 0.03
1139 2149.400 179.8 0.56 0.02
1140 2150.683 425.5 0.56 0.02
1141 2151.148 364.1 0.57 0.02
1142 2152.567 213.9 0.56 0.01
1143 2153.469 332.2 0.58 0.01
1144 2154.260 147.9 0.59 0.02
1145 2154.916 175.2 0.59 0.03
1146 2156.063 186.6 0.56 0.02
1147 2156.527 218.5 0.55 0.01
1148 2157.264 175.2 0.57 0.02
1149 2159.858 300.4 0.58 0.03
1150 2160.678 234.4 0.57 0.03
1151 2162.261 120.6 0.57 0.03
1152 2163.436 147.9 0.57 0.05
1153 2164.555 170.7 0.57 0.04
1154 2165.893 273.1 0.58 0.05
1155 2166.330 241.2 0.58 0.05
1156 2167.641 191.1 0.57 0.04
1157 2167.887 163.8 0.58 0.04
1158 2169.989 97.8 0.56 0.03
1159 2170.180 175.2 0.56 0.03
1160 2172.010 279.9 0.57 0.05
1161 2173.157 268.5 0.57 0.04
1162 2173.812 277.6 0.55 0.04
1163 2175.314 316.3 0.55 0.04
1164 2180.093 229.8 0.54 0.03
1165 2180.584 191.1 0.54 0.03
1166 2183.096 191.1 0.54 0.03
1167 2184.380 277.6 0.56 0.04
1168 2184.871 163.8 0.54 0.03
1169 2187.438 136.5 0.57 0.03
1170 2188.339 245.8 0.53 0.04
1171 2188.803 202.5 0.55 0.04
1172 2192.326 327.7 0.56 0.02
1173 2193.882 218.5 0.54 0.03
1174 2195.712 218.5 0.56 0.02
1175 2197.405 120.6 0.57 0.01
1176 2198.306 195.7 0.57 0.01
1177 2199.426 191.1 0.56 0.01
1178 2201.801 289.0 0.56 0.02
1179 2202.129 168.4 0.56 0.01
1180 2206.908 163.8 0.57 0.02
1181 2209.802 154.7 0.55 0.02
1182 2211.004 186.6 0.54 0.01
1183 2218.622 202.5 0.57 0.03
1184 2220.916 202.5 0.57 0.03
1185 2221.571 245.8 0.56 0.03
1186 2221.844 184.3 0.56 0.03
1187 2222.800 282.2 0.57 0.02
1188 2223.264 268.5 0.55 0.02
1189 2226.978 295.8 0.56 0.02
1190 2227.797 218.5 0.56 0.02
1191 2229.982 152.5 0.56 0.01
1192 2230.528 218.5 0.57 0.01
1193 2231.265 223.0 0.57 0.02
1194 2231.620 355.0 0.56 0.02
1195 2232.276 323.1 0.57 0.02
1196 2232.986 120.6 0.55 0.02
1197 2234.761 245.8 0.55 0.03
1198 2236.863 245.8 0.55 0.01
1199 2237.409 120.6 0.56 0.01
1200 2240.058 223.0 0.56 0.01
1201 2246.366 229.8 0.56 0.02
1202 2252.537 350.4 0.55 0.01
1203 2257.370 327.7 0.56 -0.00
1204 2257.862 286.7 0.53 -0.00
1205 2258.272 245.8 0.56 0.00
1206 2258.708 136.5 0.55 0.00
1207 2260.729 163.8 0.54 0.00
1208 2262.559 125.2 0.57 0.02
1209 2265.153 336.8 0.60 0.02
1210 2265.590 145.6 0.59 0.02
1211 2269.085 229.8 0.59 0.01
1212 2270.177 261.7 0.58 0.02
1213 2271.051 152.5 0.59 0.01
1214 2273.782 316.3 0.60 0.01
1215 2274.574 441.5 0.59 0.02
1216 2277.140 273.1 0.59 0.01
1217 2278.642 223.0 0.58 0.01
1218 2278.915 100.1 0.58 0.01
1219 2280.991 252.6 0.56 0.00
1220 2283.803 409.6 0.57 0.00
1221 2284.431 245.8 0.58 0.01
1222 2286.479 279.9 0.56 0.01
1223 2290.521 261.7 0.58 -0.01
1224 2293.770 223.0 0.58 0.00
1225 2295.900 279.9 0.57 0.01
1226 2298.849 182.0 0.58 0.01
1227 2299.286 225.3 0.51 0.00
1228 2301.553 234.4 0.57 0.01
1229 2302.454 213.9 0.55 0.01
1230 2304.256 229.8 0.59 0.02
1231 2306.441 327.7 0.56 0.02
1232 2307.424 257.1 0.57 0.03
1233 2310.236 191.1 0.60 0.02
1234 2310.618 366.4 0.56 0.03
1235 2312.093 359.5 0.60 0.01
1236 2317.527 125.2 0.60 -0.01
1237 2321.077 182.0 0.59 -0.01
1238 2321.350 202.5 0.59 -0.00
1239 2324.381 198.0 0.58 0.00
1240 2325.801 245.8 0.59 0.01
1241 2326.292 175.2 0.59 0.02
1242 2326.757 120.6 0.58 0.01
1243 2327.248 421.0 0.59 0.02
1244 2329.132 213.9 0.59 0.01
1245 2330.115 229.8 0.57 0.01
1246 2331.208 375.5 0.56 0.03
1247 2335.522 102.4 0.56 0.01
1248 2337.543 202.5 0.57 0.02
1249 2337.816 223.0 0.56 0.02
1250 2339.318 179.8 0.56 0.01
1251 2340.656 245.8 0.54 -0.00
1252 2345.653 143.4 0.55 0.00
1253 2346.172 398.2 0.54 0.03
1254 2348.083 375.5 0.53 0.02
1255 2348.547 307.2 0.54 0.02
1256 2351.087 175.2 0.52 0.01
1257 2351.606 257.1 0.53 0.01
1258 2353.053 218.5 0.53 0.02
1259 2357.067 136.5 0.56 0.03
1260 2357.340 129.7 0.53 0.03
1261 2359.661 250.3 0.53 0.03
1262 2361.300 147.9 0.56 0.02
1263 2362.283 147.9 0.56 0.01
1264 2363.457 179.8 0.54 0.01
1265 2365.068 289.0 0.54 0.01
1266 2372.413 393.7 0.56 0.01
1267 2373.123 179.8 0.52 0.02
1268 2377.520 316.3 0.54 0.00
1269 2381.998 163.8 0.53 0.02
1270 2384.210 120.6 0.53 0.01
1271 2386.313 141.1 0.53 0.01
1272 2387.459 450.6 0.52 0.02
1273 2392.648 141.1 0.52 0.03
1274 2392.948 273.1 0.53 0.03
1275 2395.351 393.7 0.55 0.03
1276 2396.525 261.7 0.55 0.03
1277 2397.153 229.8 0.54 0.03
1278 2397.426 261.7 0.55 0.04
1279 2401.741 147.9 0.53 0.05
1280 2402.997 382.3 0.54 0.06
1281 2405.891 284.4 0.54 0.05
1282 2408.294 179.8 0.54 0.05
1283 2410.397 213.9 0.52 0.03
1284 2410.752 229.8 0.53 0.03
1285 2411.762 125.2 0.52 0.03
1286 2412.254 120.6 0.53 0.02
1287 2414.493 409.6 0.52 -0.00
1288 2417.770 250.3 0.52 0.00
1289 2421.948 175.2 0.51 -0.01
1290 2422.603 257.1 0.52 -0.01
1291 2423.504 184.3 0.51 -0.00
1292 2428.692 125.2 0.50 0.01
1293 2432.379 152.5 0.53 0.03
1294 2434.072 229.8 0.53 0.03
1295 2436.775 218.5 0.53 0.03
1296 2437.048 177.5 0.55 0.03
1297 2438.168 159.3 0.55 0.02
1298 2438.851 257.1 0.52 0.04
1299 2439.561 163.8 0.54 0.02
1300 2440.625 218.5 0.54 0.02
1301 2446.278 393.7 0.57 0.02
1302 2446.879 218.5 0.54 -0.01
1303 2448.927 250.3 0.55 0.03
1304 2450.729 257.1 0.55 0.03
1305 2452.449 273.1 0.55 0.03
1306 2452.859 264.0 0.54 0.03
1307 2454.006 223.0 0.54 0.03
1308 2455.071 389.1 0.54 0.03
1309 2455.398 91.0 0.52 0.04
1310 2458.812 202.5 0.53 0.03
1311 2459.576 266.2 0.53 0.02
1312 2460.122 562.1 0.54 0.02
1313 2465.038 163.8 0.55 -0.00
1314 2466.430 136.5 0.54 0.00
1315 2468.560 223.0 0.54 -0.02
1316 2470.717 336.8 0.53 -0.01
1317 2474.049 234.4 0.55 0.00
1318 2477.189 116.1 0.50 -0.01
1319 2478.309 234.4 0.52 -0.01
1320 2479.756 393.7 0.53 -0.00
1321 2481.394 339.1 0.53 -0.02
1322 2483.251 257.1 0.52 -0.02
1323 2488.194 350.4 0.51 -0.00
1324 2492.972 104.7 0.52 0.00
1325 2494.228 295.8 0.51 0.01
1326 2494.474 200.2 0.52 0.01
1327 2497.615 386.8 0.51 0.00
1328 2499.116 179.8 0.53 0.02
1329 2502.393 257.1 0.53 0.02
1330 2504.032 223.0 0.46 0.01
1331 2506.871 628.1 0.52 0.03
1332 2508.974 113.8 0.52 0.03
1333 2514.026 234.4 0.50 0.00
1334 2518.886 284.4 0.49 -0.03
1335 2520.279 186.6 0.50 -0.03
1336 2521.371 264.0 0.53 -0.02
1337 2523.802 257.1 0.53 -0.01
1338 2525.795 223.0 0.51 -0.01
1339 2526.177 277.6 0.54 -0.01
1340 2527.024 350.4 0.53 0.01
1341 2531.420 202.5 0.54 -0.02
1342 2532.021 154.7 0.53 0.01
1343 2532.704 234.4 0.54 -0.01
1344 2538.957 257.1 0.56 -0.02
1345 2540.049 327.7 0.55 -0.02
1346 2542.261 332.2 0.55 -0.03
1347 2544.964 179.8 0.54 -0.04
1348 2547.913 191.1 0.52 -0.04
1349 2549.770 218.5 0.50 -0.04
1350 2550.207 238.9 0.52 -0.04
1351 2554.139 268.5 0.51 -0.03
1352 2557.361 229.8 0.49 -0.00
1353 2558.863 229.8 0.48 0.00
1354 2561.812 229.8 0.48 0.00
1355 2562.632 195.7 0.50 -0.01
1356 2564.680 234.4 0.52 -0.01
1357 2565.444 245.8 0.50 -0.01
1358 2566.919 289.0 0.51 -0.02
1359 2570.387 159.3 0.51 0.01
1360 2570.906 293.5 0.51 0.02
1361 2571.479 179.8 0.48 0.01
1362 2572.326 229.8 0.51 0.02
1363 2574.210 468.8 0.53 0.04
1364 2578.033 245.8 0.54 -0.01
1365 2578.551 261.7 0.51 0.05
1366 2580.654 161.6 0.51 0.05
1367 2581.036 136.5 0.50 0.02
1368 2581.255 184.3 0.49 0.02
1369 2591.577 234.4 0.43 -0.03
1370 2592.123 512.0 0.44 0.02
1371 2593.352 245.8 0.43 -0.04
1372 2594.253 229.8 0.43 -0.04
1373 2603.919 127.4 0.45 -0.03
1374 2604.220 218.5 0.47 -0.04
1375 2605.230 168.4 0.47 -0.01
1376 2606.732 414.2 0.45 -0.05
1377 2607.469 179.8 0.44 -0.06
1378 2612.057 273.1 0.46 -0.01
1379 2613.668 323.1 0.47 -0.03
1380 2615.415 257.1 0.50 -0.06
1381 2619.675 191.1 0.51 -0.02
1382 2619.976 225.3 0.53 -0.02
1383 2621.204 250.3 0.51 -0.02
1384 2621.751 179.8 0.52 0.00
1385 2625.601 195.7 0.52 0.00
1386 2629.915 236.7 0.53 0.01
1387 2631.772 304.9 0.53 0.01
1388 2632.919 245.8 0.52 0.01
1389 2633.492 207.1 0.54 0.02
1390 2634.394 202.5 0.52 0.02
1391 2637.561 261.7 0.52 0.03
1392 2638.025 223.0 0.53 0.02
1393 2638.353 261.7 0.53 0.03
1394 2641.739 191.1 0.53 0.01
1395 2648.757 207.1 0.53 0.02
1396 2649.003 191.1 0.53 0.06
1397 2649.467 202.5 0.54 0.05
1398 2651.542 273.1 0.54 0.08
1399 2652.307 191.1 0.55 0.07
1400 2655.338 147.9 0.54 0.03
1401 2658.533 264.0 0.53 0.03
1402 2658.806 261.7 0.52 0.03
1403 2660.444 311.8 0.53 0.07
1404 2662.410 316.3 0.54 0.01
1405 2664.513 202.5 0.55 0.00
1406 2667.134 202.5 0.56 -0.00
1407 2667.599 284.4 0.50 0.05
1408 2669.756 236.7 0.54 0.00
1409 2675.572 398.2 0.52 0.00
1410 2675.954 316.3 0.53 0.00
1411 2676.364 250.3 0.47 0.00
1412 2678.767 202.5 0.48 -0.01
1413 2679.777 307.2 0.48 -0.00
1414 2681.798 182.0 0.52 0.01
1415 2683.600 289.0 0.55 0.03
1416 2684.447 289.0 0.54 0.03
1417 2687.642 229.8 0.56 0.04
1418 2689.990 136.5 0.54 0.03
1419 2691.437 77.4 0.56 0.00
1420 2692.038 257.1 0.54 0.03
1421 2694.414 120.6 0.54 0.03
1422 2694.632 261.7 0.57 0.03
1423 2695.779 195.7 0.57 0.02
1424 2696.271 175.2 0.55 0.01
1425 2697.035 304.9 0.58 0.03
1426 2698.045 311.8 0.56 0.02
1427 2699.383 311.8 0.57 0.03
1428 2701.404 229.8 0.56 0.02
1429 2706.756 118.3 0.56 -0.01
1430 2713.146 268.5 0.55 0.01
1431 2713.993 218.5 0.55 -0.00
1432 2714.648 72.8 0.54 0.00
1433 2718.252 122.9 0.56 0.01
1434 2720.218 218.5 0.54 0.02
1435 2720.546 261.7 0.54 0.01
1436 2721.393 348.2 0.56 0.01
1437 2721.911 182.0 0.55 0.01
1438 2723.222 175.2 0.55 0.02
1439 2730.540 218.5 0.56 0.03
1440 2731.087 136.5 0.54 0.04
1441 2731.578 213.9 0.54 0.04
1442 2733.489 245.8 0.57 0.03
1443 2734.363 97.8 0.54 0.04
1444 2736.439 355.0 0.56 0.03
1445 2738.132 152.5 0.55 0.01
1446 2741.026 132.0 0.55 0.02
1447 2743.866 202.5 0.56 0.02
1448 2744.767 125.2 0.56 0.02
1449 2746.924 277.6 0.56 0.05
1450 2752.741 163.8 0.57 0.04
1451 2753.423 168.4 0.57 0.05
1452 2755.308 147.9 0.57 0.04
1453 2757.383 245.8 0.57 0.04
1454 2762.025 289.0 0.57 0.04
1455 2762.462 257.1 0.58 0.04
1456 2763.445 218.5 0.58 0.04
1457 2764.646 179.8 0.58 0.04
1458 2767.650 191.1 0.55 0.02
1459 2771.801 175.2 0.56 0.02
1460 2774.258 179.8 0.55 0.03
1461 2774.477 145.6 0.55 0.03
1462 2780.266 218.5 0.55 0.02
1463 2782.341 147.9 0.55 0.02
1464 2783.570 232.1 0.56 0.02
1465 2784.198 202.5 0.56 0.02
1466 2787.475 163.8 0.54 0.01
1467 2788.731 207.1 0.55 0.01
1468 2791.380 163.8 0.55 0.00
1469 2795.558 186.6 0.55 -0.00
1470 2799.845 250.3 0.56 0.02
1471 2802.767 104.7 0.55 0.03
1472 2803.804 202.5 0.57 0.05
1473 2807.026 152.5 0.58 0.02
1474 2808.201 370.9 0.56 0.03
1475 2810.767 120.6 0.55 0.02
1476 2813.798 136.5 0.55 0.03
1477 2818.877 202.5 0.54 0.03
1478 2819.478 316.3 0.55 0.03
1479 2819.779 248.0 0.54 0.03
1480 2821.881 332.2 0.55 0.04
1481 2824.202 218.5 0.55 0.04
1482 2827.015 218.5 0.53 0.04
1483 2827.506 245.8 0.55 0.03
1484 2828.954 273.1 0.55 0.04
1485 2832.121 261.7 0.55 0.04
1486 2834.906 175.2 0.55 0.04
1487 2838.320 88.7 0.56 0.04
1488 2838.429 75.1 0.56 0.04
1489 2840.969 245.8 0.55 0.04
1490 2841.706 109.2 0.54 0.03
1491 2842.716 116.1 0.54 0.04
1492 2844.573 223.0 0.54 0.04
1493 2845.338 120.6 0.54 0.03
1494 2847.659 147.9 0.54 0.04
1495 2850.335 218.5 0.53 0.04
1496 2853.065 273.1 0.56 0.03
1497 2854.349 147.9 0.57 0.04
1498 2859.018 179.8 0.56 0.03
1499 2859.564 218.5 0.57 0.03
1500 2859.865 177.5 0.56 0.03
1501 2861.012 179.8 0.55 0.03
1502 2861.995 100.1 0.56 0.03
1503 2862.677 163.8 0.56 0.02
1504 2868.275 141.1 0.55 0.01
1505 2869.122 191.1 0.54 0.02
1506 2871.306 289.0 0.54 0.01
1507 2874.856 191.1 0.52 0.02
1508 2876.085 163.8 0.53 0.01
1509 2876.795 136.5 0.52 0.01
1510 2878.761 223.0 0.53 0.02
1511 2883.157 93.3 0.54 0.02
1512 2884.796 186.6 0.52 0.02
1513 2885.069 223.0 0.53 0.02
1514 2891.131 273.1 0.53 -0.01
1515 2891.377 50.1 0.50 -0.01
1516 2893.097 257.1 0.54 -0.01
1517 2894.653 273.1 0.52 -0.00
1518 2896.428 125.2 0.53 0.01
1519 2897.575 345.9 0.54 -0.02
1520 2901.453 213.9 0.53 -0.02
1521 2905.904 300.4 0.54 0.01
1522 2906.723 316.3 0.53 -0.01
1523 2909.481 245.8 0.56 0.01
1524 2913.140 300.4 0.55 0.01
1525 2920.841 191.1 0.55 0.01
1526 2923.052 175.2 0.51 0.01
1527 2923.544 273.1 0.53 0.01
1528 2924.008 168.4 0.55 0.01
1529 2926.001 202.5 0.56 0.01
1530 2930.562 223.0 0.54 0.01
1531 2931.954 223.0 0.53 -0.01
1532 2934.822 175.2 0.57 0.03
1533 2935.368 104.7 0.57 0.02
1534 2936.924 241.2 0.58 0.04
1535 2938.317 213.9 0.57 0.01
1536 2939.546 152.5 0.58 0.03
1537 2939.873 193.4 0.58 0.03
1538 2940.802 284.4 0.57 -0.00
1539 2941.239 223.0 0.58 -0.00
1540 2943.232 343.6 0.58 0.02
1541 2944.925 179.8 0.55 0.02
1542 2949.021 289.0 0.56 0.05
1543 2951.260 316.3 0.57 0.04
1544 2954.319 116.1 0.56 0.01
1545 2956.148 316.3 0.55 0.01
1546 2956.503 248.0 0.56 0.01
1547 2957.431 284.4 0.56 0.02
1548 2958.060 316.3 0.57 0.01
1549 2961.336 191.1 0.56 0.01
1550 2965.951 195.7 0.56 0.06
1551 2966.306 159.3 0.56 0.06
1552 2967.917 218.5 0.56 0.06
1553 2969.228 261.7 0.55 0.06
1554 2970.102 195.7 0.55 0.07
1555 2971.412 175.2 0.53 0.06
1556 2972.587 327.7 0.54 0.07
1557 2973.379 152.5 0.53 0.06
1558 2975.072 207.1 0.54 0.06
1559 2977.338 339.1 0.54 0.03
1560 2978.430 639.4 0.53 0.03
1561 2981.844 218.5 0.53 0.03
1562 2983.591 250.3 0.54 0.02
1563 2984.219 300.4 0.53 0.02
1564 2984.711 168.4 0.53 0.01
1565 2985.748 152.5 0.53 0.02
1566 2986.076 195.7 0.53 0.03
1567 2988.151 191.1 0.52 0.02
1568 2989.571 163.8 0.53 0.02
1569 2990.746 209.4 0.54 0.02
1570 2991.701 300.4 0.55 0.00
1571 2993.149 152.5 0.55 -0.01
1572 2996.780 191.1 0.54 0.03
1573 2997.518 370.9 0.56 -0.02
1574 2998.746 100.1 0.54 0.00
1575 2999.866 191.1 0.54 0.01
1576 3000.166 88.7 0.54 -0.03
1577 3003.389 464.2 0.50 -0.05
1578 3006.502 241.2 0.50 -0.04
1579 3009.096 295.8 0.49 -0.03
1580 3011.089 207.1 0.48 -0.04
1581 3017.178 168.4 0.48 -0.03
1582 3027.036 191.1 0.53 0.02
1583 3027.555 163.8 0.53 0.04
1584 3029.494 152.5 0.54 0.02
1585 3032.934 273.1 0.52 0.02
1586 3037.140 191.1 0.50 0.03
1587 3040.717 202.5 0.52 -0.02
1588 3041.918 370.9 0.51 -0.01
1589 3042.656 234.4 0.51 -0.02
1590 3043.366 109.2 0.52 -0.01
1591 3043.748 163.8 0.50 -0.02
1592 3044.622 163.8 0.52 0.01
1593 3047.735 125.2 0.48 0.01
1594 3049.428 213.9 0.50 0.02
1595 3050.001 436.9 0.51 0.01
1596 3050.465 179.8 0.52 0.03
1597 3055.544 234.4 0.54 0.00
1598 3057.865 186.6 0.55 0.01
1599 3063.927 125.2 0.55 0.03
1600 3068.269 141.1 0.55 0.01
1601 3070.044 345.9 0.56 0.02
1602 3072.584 213.9 0.55 0.01
1603 3074.359 163.8 0.55 0.00
1604 3076.379 132.0 0.55 -0.01
1605 3078.618 152.5 0.52 0.01
1606 3080.748 257.1 0.52 -0.00
1607 3082.960 250.3 0.55 0.01
1608 3084.708 541.6 0.55 0.02
1609 3085.773 152.5 0.56 0.01
1610 3089.022 382.3 0.56 0.01
1611 3090.415 179.8 0.57 0.00
1612 3090.797 77.4 0.56 0.00
1613 3092.408 223.0 0.57 0.00
1614 3092.845 284.4 0.57 -0.00
1615 3098.634 279.9 0.58 0.01
1616 3100.983 332.2 0.56 0.00
1617 3102.293 152.5 0.56 0.01
1618 3102.676 282.2 0.55 0.01
1619 3104.778 234.4 0.57 -0.00
1620 3110.103 116.1 0.57 0.02
1621 3111.605 350.4 0.58 0.02
1622 3114.499 257.1 0.59 -0.01
1623 3115.674 163.8 0.61 0.01
1624 3117.776 147.9 0.60 0.01
1625 3118.077 234.4 0.61 0.02
1626 3118.595 200.2 0.62 0.02
1627 3119.114 250.3 0.61 0.01
1628 3119.742 195.7 0.59 0.02
1629 3121.517 125.2 0.60 0.02
1630 3122.336 93.3 0.60 0.03
1631 3123.292 191.1 0.59 0.03
1632 3123.511 150.2 0.61 0.03
1633 3125.886 136.5 0.56 -0.03
1634 3126.487 179.8 0.59 -0.02
1635 3128.071 311.8 0.60 0.01
1636 3128.863 163.8 0.58 -0.02
1637 3130.528 245.8 0.58 0.01
1638 3130.829 120.6 0.59 0.01
1639 3131.184 202.5 0.58 0.01
1640 3133.314 213.9 0.58 0.03
1641 3134.051 113.8 0.58 0.03
1642 3134.706 116.1 0.57 0.03
1643 3135.061 204.8 0.57 0.03
1644 3135.526 295.8 0.57 0.01
1645 3135.853 257.1 0.57 0.01
1646 3140.140 147.9 0.57 0.00
1647 3140.495 229.8 0.57 -0.00
1648 3142.434 268.5 0.54 0.01
1649 3145.083 152.5 0.56 -0.02
1650 3147.322 184.3 0.54 -0.02
1651 3148.196 163.8 0.54 -0.03
1652 3148.769 218.5 0.54 -0.04
1653 3149.070 120.6 0.54 -0.01
1654 3149.807 120.6 0.54 -0.01
1655 3150.981 109.2 0.53 -0.02
1656 3152.510 229.8 0.53 -0.02
1657 3155.514 175.2 0.53 0.02
1658 3156.197 141.1 0.53 0.02
1659 3157.234 152.5 0.54 0.01
1660 3157.507 207.1 0.55 0.01
1661 3159.173 207.1 0.52 0.04
1662 3159.719 147.9 0.54 0.02
1663 3160.320 284.4 0.54 0.03
1664 3162.068 141.1 0.54 0.02
1665 3169.222 136.5 0.55 -0.00
1666 3171.871 163.8 0.55 0.00
1667 3172.581 141.1 0.55 0.01
1668 3173.946 163.8 0.56 0.01
1669 3176.868 218.5 0.57 0.04
1670 3177.796 370.9 0.57 0.04
1671 3178.916 277.6 0.56 0.05
1672 3179.298 245.8 0.56 0.04
1673 3182.193 223.0 0.56 0.03
1674 3183.312 250.3 0.57 0.03
1675 3188.364 284.4 0.57 0.05
1676 3188.664 257.1 0.56 0.05
1677 3190.521 241.2 0.56 0.04
1678 3191.723 245.8 0.56 0.04
1679 3194.945 191.1 0.56 0.04
1680 3195.709 218.5 0.56 0.04
1681 3197.566 223.0 0.56 0.04
1682 3201.417 304.9 0.56 0.06
1683 3203.465 179.8 0.56 0.07
1684 3205.349 163.8 0.55 0.06
1685 3209.062 132.0 0.56 0.04
1686 3211.875 279.9 0.55 0.03
1687 3212.503 179.8 0.54 0.03
1688 3214.141 245.8 0.54 0.04
1689 3218.347 182.0 0.55 0.04
1690 3223.180 213.9 0.55 0.02
1691 3223.590 207.1 0.54 0.02
1692 3224.081 264.0 0.56 0.02
1693 3224.409 295.8 0.55 0.04
1694 3226.238 136.5 0.54 0.02
1695 3234.703 125.2 0.55 0.02
1696 3235.550 202.5 0.54 0.03
1697 3242.076 191.1 0.59 0.04
1698 3242.404 198.0 0.56 0.04
1699 3243.496 175.2 0.58 0.05
1700 3248.220 257.1 0.59 0.03
1701 3252.152 393.7 0.58 0.03
1702 3257.149 120.6 0.55 0.04
1703 3261.191 223.0 0.55 0.05
1704 3268.400 179.8 0.54 0.04
1705 3270.448 125.2 0.54 0.03
1706 3270.885 127.4 0.55 0.03
1707 3277.438 202.5 0.57 0.05
1708 3279.377 257.1 0.56 0.04
1709 3280.032 213.9 0.57 0.05
1710 3283.200 289.0 0.55 0.05
1711 3285.002 295.8 0.55 0.06
1712 3286.559 154.7 0.55 0.06
1713 3287.706 191.1 0.54 0.05
1714 3288.170 136.5 0.54 0.04
1715 3288.852 179.8 0.54 0.05
1716 3289.399 332.2 0.52 0.05
1717 3289.672 97.8 0.54 0.06
1718 3290.982 179.8 0.54 0.06
1719 3293.167 145.6 0.54 0.06
1720 3293.740 213.9 0.54 0.06
1721 3296.444 234.4 0.53 0.06
1722 3298.519 487.0 0.52 0.06
1723 3301.359 304.9 0.53 0.06
1724 3301.796 232.1 0.53 0.06
1725 3302.506 289.0 0.55 0.04
1726 3303.134 261.7 0.53 0.06
1727 3307.530 97.8 0.56 0.05
1728 3309.332 191.1 0.57 0.06
1729 3309.578 191.1 0.56 0.06
1730 3313.456 300.4 0.58 0.04
1731 3313.865 252.6 0.57 0.04
1732 3314.412 273.1 0.58 0.05
1733 3317.060 120.6 0.60 0.07
1734 3319.927 225.3 0.58 0.08
1735 3321.539 191.1 0.58 0.06
1736 3324.843 327.7 0.58 0.07
1737 3325.443 179.8 0.57 0.08
1738 3326.836 202.5 0.56 0.06
1739 3329.894 147.9 0.56 0.04
1740 3331.232 179.8 0.58 0.03
1741 3332.325 207.1 0.57 0.03
1742 3333.827 234.4 0.55 0.02
1743 3334.673 195.7 0.55 0.04
1744 3339.779 327.7 0.53 0.05
1745 3343.165 120.6 0.53 0.05
1746 3344.012 195.7 0.55 0.03
1747 3344.312 273.1 0.54 0.03
1748 3344.968 273.1 0.56 0.02
1749 3346.142 355.0 0.57 0.02
1750 3348.053 207.1 0.58 0.03
1751 3351.603 175.2 0.57 0.04
1752 3354.225 211.6 0.56 0.04
1753 3355.918 141.1 0.54 0.01
1754 3356.846 234.4 0.54 0.01
1755 3358.211 318.6 0.54 0.01
1756 3360.041 175.2 0.55 0.02
1757 3361.270 316.3 0.54 0.05
1758 3362.772 136.5 0.54 0.05
1759 3363.591 191.1 0.54 0.04
1760 3366.950 147.9 0.58 0.07
1761 3367.741 179.8 0.56 0.06
1762 3368.916 284.4 0.56 0.05
1763 3371.046 343.6 0.54 0.03
1764 3375.387 207.1 0.53 0.02
1765 3376.370 202.5 0.52 0.00
1766 3379.811 304.9 0.52 0.02
1767 3380.412 175.2 0.51 0.07
1768 3382.023 141.1 0.50 0.08
1769 3386.993 273.1 0.49 0.03
1770 3394.420 355.0 0.54 0.04
1771 3395.703 245.8 0.52 0.04
1772 3398.926 268.5 0.51 0.05
1773 3404.196 234.4 0.48 0.05
1774 3405.070 295.8 0.48 0.05
1775 3407.445 464.2 0.49 0.07
1776 3408.538 311.8 0.49 0.06
1777 3411.296 213.9 0.51 0.04
1778 3415.828 327.7 0.51 0.02
1779 3418.750 200.2 0.50 0.05
1780 3419.870 366.4 0.49 0.03
1781 3423.529 257.1 0.50 0.05
1782 3424.703 284.4 0.50 0.01
1783 3425.713 289.0 0.53 0.03
1784 3426.232 223.0 0.49 0.03
1785 3428.089 218.5 0.54 0.00
1786 3429.154 307.2 0.53 -0.01
1787 3431.148 300.4 0.49 -0.01
1788 3432.431 234.4 0.54 0.03
1789 3435.052 370.9 0.49 0.01
1790 3437.319 186.6 0.52 0.01
1791 3437.647 250.3 0.53 0.01
1792 3442.507 207.1 0.55 0.01
1793 3445.456 257.1 0.51 0.01
1794 3447.887 218.5 0.55 0.00
1795 3448.323 241.2 0.52 -0.00
1796 3450.180 218.5 0.53 0.00
1797 3450.481 245.8 0.53 0.00
1798 3451.518 496.1 0.52 -0.00
1799 3454.031 291.3 0.53 0.02
1800 3454.768 213.9 0.51 0.00
1801 3456.597 245.8 0.51 0.01
1802 3458.673 241.2 0.51 0.01
1803 3460.147 234.4 0.50 0.01
1804 3462.741 245.8 0.50 0.02
1805 3467.793 132.0 0.50 0.02
1806 3469.705 284.4 0.49 0.02
1807 3473.773 359.5 0.51 0.01
1808 3476.941 241.2 0.51 0.03
1809 3479.316 159.3 0.50 0.03
1810 3486.799 234.4 0.53 0.01
1811 3487.918 311.8 0.52 0.01
1812 3488.246 250.3 0.52 0.01
1813 3489.830 218.5 0.50 0.00
1814 3495.318 168.4 0.51 0.01
1815 3496.602 273.1 0.52 0.01
1816 3496.929 238.9 0.52 0.01
1817 3499.851 207.1 0.50 0.01
1818 3503.838 218.5 0.52 0.00
1819 3504.056 109.2 0.53 -0.00
1820 3509.627 191.1 0.53 -0.01
1821 3513.614 398.2 0.53 0.00
1822 3515.361 382.3 0.53 -0.01
1823 3516.317 229.8 0.52 -0.01
1824 3517.382 179.8 0.53 -0.00
1825 3517.846 241.2 0.51 -0.00
1826 3519.403 261.7 0.52 -0.00
1827 3519.921 136.5 0.52 -0.01
1828 3522.461 152.5 0.51 0.01
1829 3523.717 421.0 0.51 0.01
1830 3524.564 382.3 0.51 0.02
1831 3527.977 213.9 0.51 -0.00
1832 3530.271 223.0 0.50 0.00
1833 3536.142 300.4 0.51 -0.01
1834 3539.255 343.6 0.53 0.01
1835 3539.746 163.8 0.53 0.01
1836 3540.893 229.8 0.51 0.03
1837 3545.562 229.8 0.57 0.03
1838 3547.119 241.2 0.57 0.03
1839 3547.638 261.7 0.58 0.01
1840 3549.140 136.5 0.58 0.00
1841 3554.819 359.5 0.53 0.01
1842 3555.802 355.0 0.55 0.01
1843 3556.376 300.4 0.53 -0.01
1844 3558.151 168.4 0.54 -0.00
1845 3559.516 432.4 0.54 0.03
1846 3561.373 234.4 0.53 0.02
1847 3562.301 195.7 0.52 0.01
1848 3562.656 300.4 0.54 0.03
1849 3564.295 207.1 0.55 0.02
1850 3569.592 268.5 0.53 0.05
1851 3572.023 179.8 0.53 0.05
1852 3572.460 257.1 0.53 0.02
1853 3572.978 120.6 0.54 0.02
1854 3573.361 421.0 0.52 0.02
1855 3573.879 154.7 0.53 0.02
1856 3576.009 163.8 0.54 0.01
1857 3576.992 234.4 0.52 0.03
1858 3577.757 250.3 0.53 0.03
1859 3582.099 257.1 0.55 0.02
1860 3583.218 202.5 0.55 0.03
1861 3584.939 311.8 0.54 0.03
1862 3585.184 209.4 0.55 0.03
1863 3586.140 147.9 0.54 0.01
1864 3589.908 316.3 0.57 -0.00
1865 3590.318 125.2 0.56 -0.02
1866 3590.618 163.8 0.54 0.01
1867 3590.864 147.9 0.56 0.00
1868 3592.066 195.7 0.56 -0.01
1869 3593.759 234.4 0.56 -0.00
1870 3594.114 207.1 0.54 -0.00
1871 3594.633 300.4 0.55 -0.00
1872 3595.097 355.0 0.55 -0.00
1873 3596.080 186.6 0.56 -0.02
1874 3597.937 311.8 0.56 -0.01
1875 3598.974 250.3 0.56 -0.02
1876 3600.613 339.1 0.55 -0.02
1877 3605.555 229.8 0.54 -0.03
1878 3608.969 179.8 0.55 -0.02
1879 3611.918 120.6 0.50 -0.01
1880 3612.628 179.8 0.51 -0.02
1881 3613.365 175.2 0.51 -0.01
1882 3615.167 355.0 0.50 -0.01
1883 3618.553 113.8 0.56 0.00
1884 3620.219 250.3 0.51 0.01
1885 3620.601 188.9 0.53 0.01
1886 3620.956 172.9 0.51 0.00
1887 3623.523 295.8 0.51 0.00
1888 3631.715 179.8 0.51 -0.01
1889 3632.015 186.6 0.53 -0.01
1890 3634.391 159.3 0.49 -0.01
1891 3639.716 198.0 0.48 0.00
1892 3642.556 213.9 0.53 -0.00
1893 3644.713 223.0 0.47 0.00
1894 3645.013 250.3 0.48 0.00
1895 3646.679 273.1 0.49 -0.01
1896 3647.143 293.5 0.47 -0.01
1897 3648.945 159.3 0.48 -0.00
1898 3650.993 152.5 0.49 -0.00
1899 3651.485 229.8 0.49 0.00
1900 3656.400 229.8 0.48 0.00
1901 3660.196 191.1 0.49 0.00
1902 3661.698 382.3 0.50 0.00
1903 3663.254 480.1 0.50 -0.00
1904 3664.647 273.1 0.50 -0.01
1905 3667.896 289.0 0.50 -0.00
1906 3670.026 229.8 0.50 0.00
1907 3672.102 261.7 0.52 0.01
1908 3672.566 168.4 0.52 0.01
1909 3672.866 218.5 0.52 0.01
1910 3673.248 491.5 0.54 0.01
1911 3677.454 295.8 0.52 0.01
1912 3679.201 257.1 0.51 -0.01
1913 3679.474 191.1 0.52 -0.00
1914 3682.833 170.7 0.51 -0.02
1915 3684.253 207.1 0.53 -0.00
1916 3685.864 416.4 0.54 -0.03
1917 3686.192 223.0 0.53 -0.01
1918 3686.820 186.6 0.49 -0.02
1919 3692.582 234.4 0.49 0.05
1920 3694.575 179.8 0.49 -0.00
1921 3694.930 159.3 0.47 0.05
1922 3695.995 186.6 0.49 0.01
1923 3697.770 223.0 0.47 0.03
1924 3698.917 245.8 0.50 -0.02
1925 3702.467 316.3 0.50 0.01
1926 3705.334 229.8 0.46 -0.02
1927 3706.617 245.8 0.46 -0.03
1928 3707.928 311.8 0.49 -0.02
1929 3709.239 277.6 0.46 -0.03
1930 3712.051 279.9 0.48 -0.00
1931 3721.663 257.1 0.52 -0.01
1932 3723.957 207.1 0.52 -0.01
1933 3725.131 382.3 0.53 0.00
1934 3728.899 257.1 0.55 -0.00
1935 3729.527 295.8 0.55 -0.01
1936 3730.538 316.3 0.55 -0.00
1937 3731.630 159.3 0.54 -0.01
1938 3737.419 304.9 0.55 -0.00
1939 3742.225 147.9 0.55 0.01
1940 3742.471 195.7 0.56 0.01
1941 3746.157 216.2 0.57 0.01
1942 3747.604 147.9 0.50 -0.01
1943 3749.079 311.8 0.56 -0.01
1944 3752.847 273.1 0.53 0.01
1945 3753.967 732.7 0.52 0.01
1946 3757.571 136.5 0.50 0.02
1947 3757.926 273.1 0.50 0.04
1948 3760.439 245.8 0.50 0.04
1949 3760.848 355.0 0.50 0.04
1950 3763.360 159.3 0.50 0.04
1951 3763.852 359.5 0.50 0.03
1952 3764.808 409.6 0.48 0.04
1953 3765.245 132.0 0.48 0.05
1954 3766.665 425.5 0.48 0.05
1955 3769.286 195.7 0.52 0.01
1956 3770.105 245.8 0.51 0.02
1957 3770.870 125.2 0.52 0.02
1958 3774.611 530.2 0.53 0.03
1959 3775.157 179.8 0.53 0.03
1960 3775.403 225.3 0.56 0.03
1961 3775.840 179.8 0.53 0.02
1962 3776.386 218.5 0.53 0.02
1963 3778.243 179.8 0.55 0.01
1964 3779.089 245.8 0.54 0.02
1965 3780.209 191.1 0.55 0.00
1966 3784.578 163.8 0.54 0.02
1967 3786.325 213.9 0.54 0.03
1968 3790.421 182.0 0.53 0.03
1969 3791.705 218.5 0.53 0.02
1970 3797.248 409.6 0.56 0.01
1971 3798.504 236.7 0.56 0.02
1972 3798.886 202.5 0.56 0.02
1973 3799.924 355.0 0.57 0.01
1974 3801.344 159.3 0.56 0.03
1975 3802.354 136.5 0.51 0.03
1976 3802.764 177.5 0.55 0.03
1977 3808.061 125.2 0.55 -0.01
1978 3808.253 166.1 0.56 -0.01
1979 3812.048 245.8 0.56 0.02
1980 3813.031 612.1 0.56 0.00
1981 3814.533 218.5 0.55 -0.00
1982 3815.134 213.9 0.54 0.00
1983 3815.871 175.2 0.57 0.01
1984 3819.913 229.8 0.55 0.01
1985 3821.442 252.6 0.53 -0.00
1986 3822.752 159.3 0.53 0.04
1987 3824.910 120.6 0.50 -0.00
1988 3827.886 175.2 0.53 0.02
1989 3829.251 218.5 0.49 0.02
1990 3834.959 186.6 0.49 -0.04
1991 3835.723 277.6 0.44 -0.00
1992 3841.785 289.0 0.47 -0.01
1993 3842.140 163.8 0.47 -0.01
1994 3844.598 236.7 0.47 -0.02
1995 3845.881 234.4 0.47 0.01
1996 3852.653 147.9 0.50 0.03
1997 3852.872 147.9 0.51 0.02
1998 3865.242 207.1 0.55 0.01
1999 3866.143 132.0 0.54 0.03
2000 3867.754 191.1 0.54 0.03
