1 1.812 218.5 0.50 0.04
2 5.553 152.5 0.49 0.02
3 5.936 257.1 0.49 0.02
4 6.673 446.0 0.49 0.02
5 8.339 163.8 0.50 0.01
6 12.162 191.1 0.52 0.05
7 13.745 147.9 0.50 0.05
8 19.343 234.4 0.46 0.01
9 22.593 377.7 0.45 0.09
10 23.931 125.2 0.46 0.12
11 30.266 343.6 0.42 0.05
12 33.079 359.5 0.40 0.06
13 33.925 284.4 0.40 0.06
14 35.127 316.3 0.42 0.03
15 36.246 88.7 0.43 0.02
16 43.892 234.4 0.48 0.02
17 45.285 152.5 0.51 0.02
18 51.674 104.7 0.51 0.02
19 52.576 170.7 0.51 0.03
20 53.395 186.6 0.53 0.04
21 61.996 109.2 0.53 0.01
22 62.816 104.7 0.56 0.02
23 64.536 202.5 0.53 0.01
24 66.338 209.4 0.53 0.00
25 67.294 234.4 0.52 -0.00
26 68.277 97.8 0.51 0.01
27 69.751 202.5 0.50 0.01
28 71.636 238.9 0.49 0.04
29 72.127 398.2 0.49 0.04
30 72.919 207.1 0.49 0.04
31 80.019 234.4 0.47 0.04
32 80.538 88.7 0.45 0.05
33 86.354 143.4 0.44 0.05
34 87.310 304.9 0.49 0.07
35 90.177 175.2 0.47 0.02
36 90.887 273.1 0.45 0.05
37 92.225 218.5 0.42 0.04
38 92.553 223.0 0.42 0.04
39 95.502 273.1 0.43 0.07
40 101.673 207.1 0.47 0.01
41 107.844 496.1 0.47 0.06
42 109.428 50.1 0.49 -0.01
43 109.728 88.7 0.49 0.06
44 110.275 125.2 0.50 0.02
45 112.295 304.9 0.47 0.04
46 113.360 279.9 0.47 0.03
47 117.893 327.7 0.48 0.02
48 120.460 355.0 0.49 0.02
49 121.170 213.9 0.48 0.00
50 126.659 293.5 0.44 0.04
51 127.150 370.9 0.44 0.04
52 129.280 339.1 0.40 0.07
53 133.267 355.0 0.41 0.08
54 138.455 464.2 0.40 0.03
55 140.230 512.0 0.41 0.00
56 142.196 207.1 0.41 0.00
57 146.292 418.7 0.50 0.07
58 150.579 241.2 0.49 0.07
59 152.764 257.1 0.50 0.05
60 153.310 261.7 0.50 0.06
61 157.706 191.1 0.49 0.07
62 164.997 132.0 0.44 -0.02
63 177.640 382.3 0.47 0.09
64 185.696 273.1 0.48 0.05
65 192.686 77.4 0.51 0.01
66 194.188 323.1 0.50 0.03
67 195.308 229.8 0.48 0.02
68 197.519 416.4 0.51 0.04
69 200.141 304.9 0.55 0.04
70 201.916 289.0 0.53 0.01
71 202.981 191.1 0.51 -0.00
72 203.418 184.3 0.51 0.01
73 208.278 159.3 0.48 0.00
74 208.660 227.6 0.51 0.00
75 212.292 188.9 0.51 0.02
76 216.470 88.7 0.51 0.02
77 218.791 136.5 0.50 0.01
78 220.157 102.4 0.50 0.02
79 220.512 377.7 0.49 0.02
80 222.150 264.0 0.49 0.03
81 223.625 350.4 0.49 0.02
82 225.454 398.2 0.49 0.00
83 227.338 213.9 0.48 0.01
84 231.188 104.7 0.49 0.01
85 233.018 341.3 0.46 -0.01
86 234.165 175.2 0.47 0.01
87 234.766 332.2 0.47 -0.01
88 235.257 327.7 0.48 0.02
89 237.332 109.2 0.48 0.01
90 237.633 152.5 0.48 0.02
91 238.261 277.6 0.45 -0.01
92 239.654 213.9 0.50 0.03
93 242.002 261.7 0.50 0.03
94 245.879 257.1 0.49 0.04
95 248.119 152.5 0.49 0.05
96 248.938 273.1 0.49 0.05
97 250.767 398.2 0.50 0.04
98 252.652 218.5 0.51 0.04
99 254.426 421.0 0.50 0.05
100 256.201 311.8 0.46 0.06
101 262.782 120.6 0.44 0.03
102 269.145 163.8 0.48 0.01
103 276.299 284.4 0.50 0.04
104 282.252 229.8 0.49 0.05
105 283.808 234.4 0.48 0.04
106 284.955 168.4 0.50 0.04
107 287.167 191.1 0.47 0.02
108 292.683 218.5 0.46 0.02
109 295.168 147.9 0.48 0.04
110 301.530 284.4 0.48 0.00
111 303.797 252.6 0.46 0.01
112 304.179 238.9 0.45 0.01
113 307.620 125.2 0.45 0.02
114 312.016 518.8 0.42 0.03
115 313.300 327.7 0.44 0.05
116 314.255 218.5 0.42 0.04
117 320.099 580.3 0.43 0.00
118 325.369 323.1 0.44 0.03
119 326.816 386.8 0.44 -0.01
120 328.619 113.8 0.45 -0.00
121 330.803 468.8 0.45 -0.00
122 331.267 339.1 0.44 -0.00
123 331.595 243.5 0.44 -0.00
124 334.708 113.8 0.43 0.02
125 336.538 534.8 0.46 0.02
126 337.111 364.1 0.44 0.02
127 338.012 125.2 0.23 0.01
128 341.671 512.0 0.42 -0.00
129 342.818 127.4 0.45 -0.02
130 346.723 218.5 0.45 -0.01
131 347.078 370.9 0.41 0.00
132 349.891 289.0 0.43 -0.03
133 350.764 250.3 0.43 -0.03
134 352.594 348.2 0.44 -0.02
135 353.167 104.7 0.42 -0.03
136 355.352 191.1 0.40 -0.02
137 356.362 120.6 0.41 -0.00
138 360.240 277.6 0.42 -0.03
139 362.697 514.3 0.39 0.01
140 364.199 213.9 0.40 -0.00
141 364.609 143.4 0.40 0.01
142 367.258 125.2 0.42 0.02
143 369.579 229.8 0.41 0.01
144 375.149 434.6 0.49 -0.03
145 379.054 475.6 0.37 -0.00
146 379.955 475.6 0.37 0.01
147 383.369 259.4 0.41 -0.00
148 383.614 248.0 0.34 -0.03
149 383.915 209.4 0.35 -0.01
150 393.308 414.2 0.44 -0.02
151 396.121 97.8 0.33 -0.02
152 396.803 327.7 0.41 0.01
153 397.868 421.0 0.42 -0.00
154 399.070 327.7 0.41 0.00
155 400.408 252.6 0.42 0.00
156 400.817 266.2 0.42 0.00
157 404.640 223.0 0.35 -0.04
158 408.928 109.2 0.40 0.02
159 416.601 452.8 0.40 0.04
160 418.813 202.5 0.43 0.02
161 419.686 261.7 0.20 -0.02
162 421.079 223.0 0.48 0.00
163 421.816 377.7 0.43 -0.00
164 422.717 218.5 0.44 -0.00
165 423.400 252.6 0.47 0.01
166 425.448 168.4 0.47 0.01
167 427.960 295.8 0.48 0.05
168 429.571 175.2 0.45 0.03
169 440.385 147.9 0.50 0.01
170 444.126 102.4 0.43 0.02
171 444.344 211.6 0.44 0.02
172 445.764 252.6 0.45 0.03
173 448.113 120.6 0.45 0.02
174 451.635 202.5 0.48 0.04
175 452.127 213.9 0.49 0.04
176 452.919 223.0 0.50 0.06
177 460.865 136.5 0.48 -0.02
178 463.459 209.4 0.47 0.03
179 464.278 389.1 0.47 0.06
180 468.401 104.7 0.52 0.03
181 468.838 234.4 0.46 0.02
182 471.269 207.1 0.47 -0.02
183 472.006 207.1 0.53 0.01
184 472.607 168.4 0.53 0.00
185 480.744 234.4 0.38 0.10
186 481.017 220.7 0.36 0.10
187 490.220 136.5 0.47 0.02
188 494.097 229.8 0.44 0.01
189 500.514 257.1 0.42 0.05
190 502.699 152.5 0.41 0.03
191 505.402 102.4 0.40 0.02
192 506.030 234.4 0.40 0.06
193 507.286 370.9 0.39 -0.04
194 508.215 382.3 0.39 -0.04
195 512.529 120.6 0.35 -0.01
196 513.157 350.4 0.44 0.01
197 513.594 282.2 0.36 0.02
198 518.100 289.0 0.39 0.01
199 519.028 179.8 0.39 0.00
200 522.933 147.9 0.39 -0.00
201 525.227 355.0 0.39 0.04
202 527.275 241.2 0.37 0.01
203 535.576 300.4 0.38 0.04
204 536.695 273.1 0.39 0.04
205 542.430 223.0 0.36 -0.01
206 543.249 589.4 0.38 -0.00
207 544.532 327.7 0.41 -0.00
208 546.935 398.2 0.31 -0.03
209 554.800 343.6 0.48 0.04
210 556.056 238.9 0.36 0.04
211 556.356 382.3 0.41 0.04
212 559.524 257.1 0.27 0.03
213 560.261 191.1 0.51 0.03
214 563.074 311.8 0.37 0.03
215 567.279 491.5 0.51 0.03
216 570.173 273.1 0.47 -0.02
217 582.598 273.1 0.47 0.11
218 594.367 236.7 0.44 0.04
219 596.306 234.4 0.47 0.03
220 597.944 202.5 0.47 0.04
221 605.972 175.2 0.49 0.06
222 607.556 245.8 0.50 0.07
223 610.287 300.4 0.50 0.06
224 610.642 186.6 0.50 0.05
225 614.001 109.2 0.47 0.02
226 622.275 300.4 0.45 0.03
227 623.421 202.5 0.47 0.05
228 624.432 152.5 0.45 0.04
229 626.835 159.3 0.46 0.02
230 627.982 339.1 0.47 0.02
231 630.576 273.1 0.46 -0.01
232 632.651 229.8 0.45 0.01
233 635.245 109.2 0.44 0.01
234 638.740 120.6 0.48 0.02
235 638.877 100.1 0.47 0.02
236 639.805 234.4 0.48 0.01
237 641.853 300.4 0.47 0.01
238 643.929 218.5 0.46 0.01
239 645.676 218.5 0.48 0.04
240 646.113 202.5 0.46 0.02
241 648.271 284.4 0.45 0.01
242 651.356 152.5 0.25 0.01
243 658.429 223.0 0.45 0.01
244 660.340 393.7 0.46 0.02
245 660.722 277.6 0.46 0.02
246 661.678 443.7 0.46 0.02
247 663.316 120.6 0.46 0.01
248 665.665 186.6 0.45 0.02
249 666.238 97.8 0.24 -0.00
250 674.048 125.2 0.44 0.02
251 674.321 234.4 0.43 0.04
252 679.810 211.6 0.45 -0.03
253 682.595 97.8 0.46 0.01
254 683.851 229.8 0.45 0.02
255 687.183 314.0 0.48 -0.01
256 689.558 334.5 0.50 0.01
257 689.913 238.9 0.49 0.00
258 690.268 157.0 0.48 -0.00
259 690.896 136.5 0.49 0.00
260 691.879 211.6 0.49 -0.00
261 692.890 207.1 0.49 0.01
262 696.003 234.4 0.49 0.00
263 696.303 186.6 0.49 0.00
264 696.767 184.3 0.47 0.01
265 696.986 184.3 0.48 0.01
266 700.918 382.3 0.48 0.00
267 704.195 198.0 0.49 0.00
268 706.051 218.5 0.49 -0.01
269 709.492 132.0 0.46 -0.00
270 716.401 109.2 0.44 0.02
271 719.241 218.5 0.45 0.01
272 719.705 186.6 0.45 0.02
273 722.435 102.4 0.47 0.01
274 726.613 327.7 0.45 0.02
275 727.569 198.0 0.44 0.02
276 735.679 284.4 0.43 0.02
277 736.225 104.7 0.44 0.03
278 741.441 191.1 0.43 0.02
279 745.537 175.2 0.44 0.00
280 748.268 218.5 0.46 0.05
281 749.251 186.6 0.46 0.05
282 752.609 125.2 0.46 0.03
283 759.217 234.4 0.43 -0.03
284 762.522 125.2 0.45 -0.01
285 763.778 323.1 0.45 0.00
286 765.880 136.5 0.44 0.02
287 767.218 207.1 0.48 0.02
288 770.167 487.0 0.48 0.02
289 774.919 350.4 0.49 0.05
290 776.230 279.9 0.48 0.05
291 777.131 91.0 0.23 0.05
292 778.004 259.4 0.49 0.05
293 783.957 257.1 0.49 0.03
294 786.278 163.8 0.48 0.03
295 788.244 175.2 0.49 0.03
296 792.204 241.2 0.50 0.04
297 794.361 277.6 0.48 0.01
298 797.392 245.8 0.46 0.01
299 798.266 125.2 0.46 0.01
300 798.758 261.7 0.47 0.01
301 803.209 195.7 0.49 0.01
302 804.246 241.2 0.48 -0.02
303 804.902 186.6 0.49 -0.00
304 805.666 168.4 0.48 -0.01
305 816.043 109.2 0.45 0.02
306 816.589 245.8 0.46 -0.00
307 817.845 295.8 0.41 0.06
308 821.176 120.6 0.46 0.02
309 821.613 143.4 0.48 0.04
310 822.678 207.1 0.42 0.05
311 831.826 350.4 0.45 0.01
312 833.273 323.1 0.49 0.03
313 834.720 104.7 0.46 0.01
314 837.642 284.4 0.46 0.00
315 838.898 175.2 0.46 0.01
316 839.472 97.8 0.47 0.01
317 840.400 109.2 0.46 0.02
318 841.028 195.7 0.49 0.04
319 848.565 207.1 0.51 0.07
320 850.176 418.7 0.51 0.06
321 851.323 147.9 0.51 0.07
322 852.197 191.1 0.49 0.06
323 853.589 202.5 0.49 0.05
324 854.381 132.0 0.50 0.04
325 857.795 229.8 0.46 0.01
326 859.051 179.8 0.48 0.01
327 861.044 127.4 0.21 0.02
328 863.474 382.3 0.50 0.00
329 863.884 159.3 0.52 -0.00
330 869.236 277.6 0.51 0.04
331 871.393 136.5 0.49 0.01
332 875.298 323.1 0.53 0.04
333 880.896 191.1 0.54 0.05
334 881.224 204.8 0.53 0.05
335 882.644 163.8 0.53 0.03
336 891.682 202.5 0.50 0.01
337 891.983 175.2 0.51 0.01
338 892.774 207.1 0.48 -0.04
339 895.341 245.8 0.47 0.00
340 897.635 191.1 0.45 0.00
341 898.755 491.5 0.45 0.02
342 903.943 284.4 0.43 0.02
343 904.926 223.0 0.42 0.05
344 905.117 116.1 0.43 0.00
345 909.814 448.3 0.48 0.01
346 912.517 398.2 0.51 0.04
347 916.313 125.2 0.52 0.02
348 920.928 355.0 0.46 -0.03
349 921.446 136.5 0.46 -0.00
350 922.238 175.2 0.52 0.01
351 924.095 97.8 0.44 -0.01
352 924.368 261.7 0.52 0.02
353 927.700 125.2 0.49 0.03
354 929.092 304.9 0.52 0.01
355 930.048 152.5 0.50 0.01
356 932.178 220.7 0.50 0.01
357 933.762 120.6 0.50 -0.01
358 935.018 109.2 0.51 0.02
359 935.209 186.6 0.52 0.01
360 935.345 88.7 0.51 0.02
361 935.537 59.2 0.51 -0.01
362 935.673 218.5 0.51 0.00
363 938.868 446.0 0.49 0.03
364 940.370 125.2 0.49 0.04
365 940.807 195.7 0.49 0.04
366 943.128 234.4 0.48 0.07
367 943.701 359.5 0.47 0.09
368 945.149 97.8 0.47 0.06
369 947.415 132.0 0.45 0.07
370 948.780 136.5 0.49 0.03
371 949.163 234.4 0.50 0.03
372 949.654 175.2 0.47 0.04
373 955.416 179.8 0.54 0.04
374 959.239 257.1 0.46 0.05
375 963.499 159.3 0.46 -0.00
376 965.601 223.0 0.45 -0.01
377 967.240 666.7 0.44 -0.02
378 967.895 145.6 0.44 -0.01
379 968.168 91.0 0.45 -0.00
380 973.438 289.0 0.44 -0.03
381 974.967 518.8 0.44 0.02
382 975.486 125.2 0.48 0.01
383 976.606 568.9 0.47 0.01
384 980.128 191.1 0.47 0.00
385 982.941 361.8 0.51 0.04
386 983.651 202.5 0.49 0.04
387 985.371 298.1 0.44 0.02
388 988.703 284.4 0.45 0.00
389 991.925 416.4 0.44 -0.00
390 992.881 405.0 0.44 0.04
391 994.601 238.9 0.43 -0.00
392 994.847 177.5 0.44 -0.00
393 995.038 157.0 0.44 0.02
394 996.294 343.6 0.45 0.00
395 1000.008 366.4 0.45 -0.09
396 1004.268 159.3 0.52 -0.02
397 1006.234 147.9 0.50 0.01
398 1006.725 182.0 0.52 0.01
399 1015.436 104.7 0.47 0.02
400 1015.709 109.2 0.44 0.02
401 1016.201 234.4 0.47 0.03
402 1018.194 366.4 0.49 0.06
403 1023.901 234.4 0.47 0.07
404 1025.321 213.9 0.46 0.06
405 1026.686 109.2 0.47 0.04
406 1029.745 304.9 0.48 0.08
407 1030.127 147.9 0.48 0.08
408 1030.318 179.8 0.50 0.06
409 1030.810 147.9 0.44 0.07
410 1036.844 186.6 0.41 0.04
411 1038.264 186.6 0.44 0.08
412 1043.480 229.8 0.43 0.03
413 1043.753 234.4 0.44 -0.00
414 1049.296 414.2 0.40 0.03
415 1052.218 311.8 0.42 0.07
416 1052.873 136.5 0.40 0.03
417 1055.877 113.8 0.51 0.02
418 1057.215 318.6 0.45 0.01
419 1058.526 218.5 0.39 0.02
420 1060.028 273.1 0.39 0.02
421 1066.226 191.1 0.47 0.00
422 1066.554 136.5 0.47 0.01
423 1073.353 273.1 0.41 0.04
424 1077.559 295.8 0.44 0.01
425 1077.941 227.6 0.43 0.01
426 1082.938 186.6 0.42 0.07
427 1085.614 361.8 0.45 0.02
428 1087.580 113.8 0.46 0.00
429 1087.853 261.7 0.46 0.00
430 1092.523 316.3 0.46 0.00
431 1092.878 273.1 0.46 0.03
432 1093.424 163.8 0.43 -0.00
433 1093.861 172.9 0.47 0.00
434 1094.188 273.1 0.47 0.01
435 1096.100 136.5 0.47 0.03
436 1103.500 327.7 0.45 0.00
437 1106.012 218.5 0.45 -0.00
438 1107.432 152.5 0.44 -0.02
439 1113.713 207.1 0.46 0.02
440 1127.011 316.3 0.44 -0.01
441 1127.612 295.8 0.43 -0.00
442 1133.018 186.6 0.39 0.04
443 1137.824 518.8 0.40 0.03
444 1139.490 191.1 0.46 -0.00
445 1139.791 257.1 0.40 0.03
446 1140.664 393.7 0.42 0.01
447 1147.054 257.1 0.41 0.00
448 1147.273 147.9 0.40 0.00
449 1147.983 432.4 0.48 0.01
450 1159.233 245.8 0.44 -0.04
451 1160.844 273.1 0.45 -0.03
452 1163.383 136.5 0.47 -0.01
453 1164.039 336.8 0.48 -0.02
454 1165.213 257.1 0.48 -0.00
455 1168.271 261.7 0.47 0.05
456 1168.954 229.8 0.47 0.06
457 1170.046 304.9 0.47 0.06
458 1172.395 118.3 0.23 0.01
459 1176.818 250.3 0.48 -0.00
460 1179.412 225.3 0.44 0.02
461 1180.368 279.9 0.45 0.01
462 1180.969 370.9 0.45 0.00
463 1184.410 289.0 0.48 -0.02
464 1188.806 650.8 0.44 0.00
465 1189.407 266.2 0.46 -0.00
466 1190.089 186.6 0.44 0.00
467 1191.919 186.6 0.45 0.01
468 1193.093 136.5 0.44 0.01
469 1200.739 355.0 0.39 0.05
470 1204.644 147.9 0.41 0.01
471 1207.675 238.9 0.36 0.02
472 1207.948 279.9 0.42 0.03
473 1210.051 229.8 0.38 0.02
474 1211.907 141.1 0.41 0.01
475 1212.153 245.8 0.41 0.01
476 1213.437 534.8 0.41 -0.00
477 1216.222 398.2 0.37 -0.00
478 1218.243 311.8 0.36 -0.02
479 1223.212 268.5 0.42 -0.00
480 1223.622 259.4 0.41 0.00
481 1225.943 398.2 0.38 -0.02
482 1226.571 277.6 0.38 0.01
483 1229.575 109.2 0.45 0.04
484 1229.848 218.5 0.36 0.04
485 1232.742 202.5 0.42 -0.01
486 1237.002 443.7 0.42 -0.01
487 1241.071 309.5 0.41 0.01
488 1243.911 241.2 0.37 0.01
489 1244.457 229.8 0.36 -0.00
490 1245.194 366.4 0.39 -0.00
491 1246.177 241.2 0.36 -0.00
492 1249.700 323.1 0.40 0.02
493 1250.546 539.3 0.42 -0.00
494 1250.956 152.5 0.39 0.01
495 1255.216 163.8 0.39 0.01
496 1256.308 159.3 0.38 0.05
497 1256.909 311.8 0.38 0.05
498 1258.165 179.8 0.39 0.01
499 1258.929 147.9 0.40 0.02
500 1264.473 279.9 0.42 0.00
501 1264.910 343.6 0.41 0.00
502 1265.920 104.7 0.41 0.01
503 1269.361 336.8 0.38 -0.02
504 1269.688 268.5 0.37 -0.02
505 1270.125 223.0 0.37 -0.01
506 1270.699 216.2 0.39 -0.01
507 1278.536 480.1 0.33 -0.02
508 1280.611 191.1 0.33 -0.00
509 1281.649 566.6 0.32 0.00
510 1290.387 191.1 0.36 0.02
511 1290.769 198.0 0.40 0.02
512 1294.947 147.9 0.36 0.05
513 1296.148 343.6 0.35 0.04
514 1296.913 464.2 0.39 0.05
515 1297.405 209.4 0.41 0.04
516 1297.623 91.0 0.38 0.01
517 1297.814 159.3 0.39 0.02
518 1298.579 152.5 0.41 0.01
519 1299.835 359.5 0.39 0.03
520 1304.204 141.1 0.44 0.02
521 1305.788 382.3 0.44 -0.00
522 1308.491 273.1 0.38 0.04
523 1311.795 361.8 0.35 0.04
524 1320.533 311.8 0.43 -0.03
525 1321.953 370.9 0.39 -0.00
526 1324.138 289.0 0.42 0.02
527 1324.575 182.0 0.42 -0.00
528 1326.432 218.5 0.45 -0.02
529 1328.753 125.2 0.46 0.03
530 1334.241 268.5 0.44 0.03
531 1337.327 289.0 0.48 0.03
532 1342.761 175.2 0.39 -0.01
533 1346.284 266.2 0.53 0.06
534 1349.724 218.5 0.33 0.01
535 1350.052 300.4 0.33 0.01
536 1350.953 359.5 0.34 0.01
537 1352.810 120.6 0.33 0.01
538 1353.656 491.5 0.35 0.01
539 1357.397 238.9 0.38 0.10
540 1359.036 223.0 0.34 0.08
541 1360.893 109.2 0.41 0.07
542 1361.766 229.8 0.41 0.08
543 1367.473 261.7 0.46 0.03
544 1368.047 132.0 0.46 0.04
545 1368.375 186.6 0.43 0.04
546 1370.040 257.1 0.43 0.05
547 1370.723 104.7 0.43 0.01
548 1373.972 147.9 0.44 -0.01
549 1376.239 241.2 0.50 0.03
550 1381.891 191.1 0.47 -0.03
551 1382.820 234.4 0.47 -0.03
552 1385.687 229.8 0.44 -0.01
553 1386.861 300.4 0.42 -0.00
554 1388.063 186.6 0.46 -0.02
555 1390.001 93.3 0.46 -0.01
556 1391.394 120.6 0.41 -0.01
557 1392.049 191.1 0.40 -0.02
558 1396.064 86.5 0.46 -0.00
559 1398.985 213.9 0.46 -0.05
560 1400.433 234.4 0.45 -0.06
561 1401.470 204.8 0.42 -0.05
562 1403.901 304.9 0.39 -0.01
563 1407.751 405.0 0.48 0.07
564 1409.908 120.6 0.48 0.05
565 1410.591 257.1 0.48 0.06
566 1411.465 332.2 0.48 0.04
567 1411.847 327.7 0.47 0.03
568 1413.349 86.5 0.49 0.00
569 1415.124 116.1 0.48 0.04
570 1415.533 147.9 0.48 0.04
571 1419.138 455.1 0.48 0.06
572 1419.766 480.1 0.47 0.05
573 1424.408 505.2 0.45 0.04
574 1425.773 207.1 0.46 0.02
575 1426.947 295.8 0.48 0.02
576 1429.487 202.5 0.47 0.03
577 1429.842 304.9 0.44 0.03
578 1430.770 273.1 0.48 0.06
579 1431.781 179.8 0.49 0.06
580 1433.610 350.4 0.48 0.05
581 1435.740 234.4 0.47 0.07
582 1436.778 202.5 0.44 0.00
583 1438.717 200.2 0.43 -0.00
584 1443.441 398.2 0.49 -0.06
585 1446.663 304.9 0.45 0.01
586 1455.292 311.8 0.43 0.02
587 1460.535 359.5 0.44 0.02
588 1460.890 345.9 0.42 0.02
589 1462.692 234.4 0.43 0.03
590 1464.713 366.4 0.43 0.03
591 1468.235 300.4 0.41 -0.01
592 1473.451 382.3 0.38 0.02
593 1475.389 179.8 0.41 -0.00
594 1477.410 147.9 0.42 -0.01
595 1477.738 382.3 0.42 -0.00
596 1484.128 136.5 0.43 -0.02
597 1485.056 93.3 0.42 -0.01
598 1487.377 257.1 0.42 0.01
599 1488.415 125.2 0.34 0.02
600 1488.852 213.9 0.42 0.02
601 1506.109 316.3 0.35 -0.00
602 1516.076 245.8 0.38 -0.04
603 1517.606 163.8 0.38 -0.01
604 1520.500 238.9 0.36 0.02
605 1521.101 414.2 0.37 0.02
606 1525.798 382.3 0.36 0.04
607 1528.583 120.6 0.35 -0.01
608 1528.911 107.0 0.34 -0.01
609 1532.269 250.3 0.37 0.04
610 1533.361 191.1 0.39 0.00
611 1534.044 357.3 0.38 0.00
612 1534.399 302.6 0.36 0.00
613 1535.191 132.0 0.41 0.05
614 1537.103 284.4 0.40 0.05
615 1541.335 152.5 0.41 0.03
616 1541.553 109.2 0.41 0.02
617 1542.373 273.1 0.40 0.03
618 1543.574 320.9 0.40 0.03
619 1545.349 432.4 0.41 0.05
620 1548.735 452.8 0.37 0.00
621 1550.729 88.7 0.41 -0.01
622 1552.531 147.9 0.50 0.01
623 1554.251 375.5 0.44 -0.01
624 1558.074 109.2 0.52 0.04
625 1559.303 113.8 0.51 0.01
626 1559.603 223.0 0.52 0.01
627 1560.614 391.4 0.42 0.01
628 1563.699 170.7 0.42 0.03
629 1564.409 191.1 0.44 -0.01
630 1566.239 350.4 0.42 -0.01
631 1566.621 218.5 0.40 0.01
632 1567.085 229.8 0.44 -0.01
633 1569.434 132.0 0.42 -0.01
634 1571.209 175.2 0.45 -0.07
635 1572.028 436.9 0.38 -0.01
636 1576.124 159.3 0.40 -0.00
637 1578.254 207.1 0.42 0.02
638 1579.455 350.4 0.42 0.02
639 1580.329 409.6 0.41 0.03
640 1583.032 97.8 0.39 -0.02
641 1585.490 277.6 0.41 0.01
642 1585.845 229.8 0.41 0.01
643 1587.210 132.0 0.41 0.02
644 1591.607 295.8 0.39 0.08
645 1592.262 370.9 0.42 0.09
646 1592.699 289.0 0.39 0.09
647 1597.587 207.1 0.42 0.01
648 1597.860 172.9 0.40 0.01
649 1598.160 195.7 0.35 0.02
650 1598.543 250.3 0.43 0.06
651 1599.526 179.8 0.39 -0.00
652 1605.670 311.8 0.47 0.02
653 1606.025 207.1 0.48 -0.01
654 1609.847 273.1 0.49 0.04
655 1610.858 81.9 0.49 0.01
656 1611.377 252.6 0.46 0.03
657 1614.353 245.8 0.42 0.03
658 1614.899 350.4 0.42 0.05
659 1619.432 273.1 0.44 -0.00
660 1623.637 277.6 0.47 -0.01
661 1625.822 284.4 0.50 -0.01
662 1626.259 264.0 0.44 -0.01
663 1630.273 152.5 0.50 0.00
664 1630.846 218.5 0.49 0.03
665 1631.065 125.2 0.49 0.01
666 1637.345 104.7 0.45 0.02
667 1639.093 409.6 0.45 0.01
668 1641.742 229.8 0.47 -0.01
669 1643.708 145.6 0.50 -0.05
670 1644.008 421.0 0.48 -0.00
671 1647.722 175.2 0.45 0.01
672 1648.896 234.4 0.49 0.01
673 1652.528 284.4 0.45 -0.00
674 1656.979 289.0 0.44 0.02
675 1661.812 448.3 0.44 -0.01
676 1664.270 343.6 0.39 -0.01
677 1670.277 245.8 0.40 -0.01
678 1671.424 546.1 0.37 -0.06
679 1676.039 172.9 0.37 -0.00
680 1677.104 573.4 0.37 -0.01
681 1681.500 257.1 0.39 0.01
682 1684.012 355.0 0.42 0.00
683 1684.968 238.9 0.48 0.02
684 1686.088 218.5 0.47 0.01
685 1690.511 245.8 0.48 -0.01
686 1698.239 273.1 0.43 0.08
687 1700.779 113.8 0.48 0.03
688 1701.871 223.0 0.48 0.03
689 1709.298 159.3 0.45 0.01
690 1709.763 136.5 0.49 0.01
691 1712.657 97.8 0.50 0.02
692 1719.020 270.8 0.43 0.00
693 1722.651 318.6 0.44 -0.05
694 1723.471 213.9 0.47 -0.01
695 1733.301 293.5 0.45 0.01
696 1733.792 284.4 0.44 0.04
697 1734.420 468.8 0.45 0.05
698 1735.950 218.5 0.47 0.07
699 1736.414 405.0 0.46 0.06
700 1738.107 229.8 0.45 0.07
701 1755.419 241.2 0.42 -0.01
702 1758.478 409.6 0.40 -0.01
703 1759.570 154.7 0.38 0.00
704 1759.816 145.6 0.41 -0.01
705 1761.099 136.5 0.36 0.00
706 1763.994 213.9 0.36 0.01
707 1764.458 179.8 0.34 0.00
708 1770.247 607.6 0.31 -0.01
709 1772.076 136.5 0.38 -0.01
710 1782.316 218.5 0.38 0.04
711 1782.944 355.0 0.36 0.01
712 1786.685 218.5 0.37 -0.04
713 1790.399 229.8 0.36 -0.01
714 1794.932 223.0 0.41 -0.04
715 1796.379 136.5 0.43 -0.02
716 1797.663 480.1 0.42 -0.00
717 1799.328 452.8 0.32 -0.02
718 1800.639 475.6 0.41 -0.02
719 1807.357 382.3 0.40 0.00
720 1809.405 191.1 0.40 0.00
721 1810.633 152.5 0.41 -0.00
722 1817.569 238.9 0.37 -0.00
723 1818.470 350.4 0.42 -0.00
724 1818.825 295.8 0.44 -0.00
725 1820.136 468.8 0.45 0.00
726 1822.594 300.4 0.47 0.00
727 1824.177 355.0 0.47 0.01
728 1825.406 284.4 0.35 -0.02
729 1828.792 493.8 0.39 0.01
730 1829.393 289.0 0.44 0.01
731 1836.493 320.9 0.42 0.00
732 1838.104 268.5 0.46 -0.00
733 1840.015 236.7 0.46 -0.01
734 1851.675 191.1 0.41 -0.01
735 1851.948 218.5 0.47 -0.01
736 1855.416 191.1 0.45 0.00
737 1856.044 475.6 0.44 -0.01
738 1858.038 355.0 0.39 -0.01
739 1862.161 355.0 0.46 -0.02
740 1863.281 355.0 0.48 -0.02
741 1866.066 523.4 0.47 -0.00
742 1872.483 118.3 0.49 0.02
743 1873.794 300.4 0.50 0.01
744 1874.203 254.9 0.53 0.02
745 1875.159 191.1 0.51 0.01
746 1876.825 373.2 0.54 0.02
747 1877.699 207.1 0.54 0.01
748 1878.135 268.5 0.53 -0.00
749 1878.791 268.5 0.53 0.02
750 1879.637 218.5 0.47 0.00
751 1881.822 120.6 0.50 0.02
752 1883.051 179.8 0.42 0.01
753 1884.662 136.5 0.50 0.01
754 1884.880 191.1 0.50 0.02
755 1885.263 113.8 0.48 0.02
756 1892.553 366.4 0.48 0.01
757 1893.154 195.7 0.49 0.00
758 1895.011 147.9 0.50 0.01
759 1900.937 202.5 0.49 0.01
760 1905.688 218.5 0.45 -0.01
761 1908.855 207.1 0.50 -0.02
762 1909.784 163.8 0.49 -0.01
763 1913.170 93.3 0.50 -0.01
764 1917.648 234.4 0.50 -0.00
765 1922.236 277.6 0.48 0.00
766 1923.137 234.4 0.51 -0.00
767 1923.519 200.2 0.51 -0.00
768 1930.974 273.1 0.44 -0.00
769 1931.602 136.5 0.46 -0.01
770 1932.093 120.6 0.48 0.01
771 1933.131 125.2 0.43 0.00
772 1933.759 261.7 0.44 -0.05
773 1938.128 612.1 0.41 -0.07
774 1941.514 261.7 0.46 -0.01
775 1944.218 97.8 0.21 0.00
776 1947.003 277.6 0.45 0.01
777 1949.406 245.8 0.45 -0.03
778 1950.170 218.5 0.46 0.01
779 1953.529 284.4 0.49 0.03
780 1958.144 307.2 0.42 0.03
781 1964.206 223.0 0.42 0.01
782 1964.616 182.0 0.42 0.01
783 1967.974 227.6 0.42 0.04
784 1971.279 147.9 0.52 0.01
785 1973.135 293.5 0.40 0.04
786 1974.310 339.1 0.51 0.05
787 1975.511 195.7 0.51 0.03
788 1977.149 136.5 0.50 0.02
789 1983.239 207.1 0.47 0.01
790 1983.785 250.3 0.52 0.00
791 1984.304 172.9 0.50 0.02
792 1985.150 168.4 0.49 0.01
793 1985.942 213.9 0.50 -0.00
794 1987.253 234.4 0.49 0.00
795 1988.154 218.5 0.48 -0.01
796 1989.547 257.1 0.50 -0.02
797 1992.004 436.9 0.45 0.01
798 1993.342 273.1 0.46 0.00
799 1996.947 304.9 0.45 -0.01
800 1998.776 257.1 0.47 -0.01
801 1999.541 202.5 0.45 -0.01
802 2000.087 118.3 0.46 -0.01
803 2001.534 136.5 0.46 -0.00
804 2004.401 323.1 0.46 -0.01
805 2005.030 307.2 0.46 -0.02
806 2007.378 350.4 0.46 -0.03
807 2008.825 279.9 0.44 -0.02
808 2009.890 264.0 0.45 -0.00
809 2012.812 120.6 0.46 0.00
810 2013.440 229.8 0.42 -0.00
811 2014.150 421.0 0.44 0.04
812 2016.635 179.8 0.44 0.00
813 2022.424 218.5 0.43 -0.00
814 2023.380 261.7 0.41 0.05
815 2025.127 147.9 0.43 -0.01
816 2031.162 109.2 0.47 0.05
817 2032.009 202.5 0.47 0.03
818 2036.323 241.2 0.47 0.03
819 2037.470 143.4 0.44 0.06
820 2037.688 116.1 0.45 0.06
821 2038.016 268.5 0.46 0.03
822 2040.337 88.7 0.44 0.02
823 2043.505 93.3 0.49 0.01
824 2044.215 147.9 0.45 0.03
825 2044.433 147.9 0.47 0.03
826 2044.706 150.2 0.48 0.02
827 2045.443 300.4 0.45 0.01
828 2046.153 207.1 0.47 0.00
829 2046.590 343.6 0.48 0.00
830 2050.249 104.7 0.23 0.04
831 2054.318 209.4 0.45 0.02
832 2060.052 207.1 0.45 0.06
833 2062.920 293.5 0.45 0.04
834 2068.518 289.0 0.37 0.07
835 2082.471 136.5 0.40 -0.03
836 2082.990 245.8 0.41 -0.04
837 2085.038 737.3 0.42 -0.05
838 2090.499 218.5 0.41 0.00
839 2094.541 229.8 0.42 0.01
840 2095.087 327.7 0.48 0.04
841 2098.336 147.9 0.40 0.02
842 2101.859 300.4 0.38 0.04
843 2104.180 361.8 0.45 0.05
844 2105.136 120.6 0.47 0.04
845 2105.982 186.6 0.45 0.04
846 2108.849 250.3 0.45 0.01
847 2109.368 223.0 0.43 0.01
848 2112.208 295.8 0.45 0.03
849 2118.243 523.4 0.41 0.04
850 2125.561 218.5 0.46 -0.01
851 2129.275 339.1 0.46 -0.05
852 2129.821 386.8 0.44 0.01
853 2131.077 409.6 0.43 -0.04
854 2131.569 202.5 0.44 -0.04
855 2137.330 109.2 0.44 -0.00
856 2140.689 284.4 0.41 0.01
857 2142.737 163.8 0.44 0.01
858 2153.250 491.5 0.40 -0.03
859 2154.479 163.8 0.39 0.02
860 2156.472 202.5 0.38 -0.02
861 2156.773 109.2 0.43 0.03
862 2159.203 279.9 0.38 -0.07
863 2161.797 343.6 0.43 0.04
864 2163.517 191.1 0.40 -0.01
865 2168.542 213.9 0.43 0.12
866 2169.853 279.9 0.36 0.00
867 2177.362 136.5 0.42 -0.05
868 2177.635 211.6 0.37 -0.05
869 2179.929 264.0 0.38 0.01
870 2180.311 229.8 0.45 0.05
871 2181.513 207.1 0.36 0.00
872 2185.117 530.2 0.39 0.04
873 2185.472 141.1 0.38 -0.02
874 2185.800 393.7 0.37 0.01
875 2192.736 202.5 0.36 0.06
876 2210.649 81.9 0.42 0.03
877 2211.550 120.6 0.44 0.02
878 2215.782 273.1 0.40 0.01
879 2219.796 234.4 0.41 0.07
880 2226.459 300.4 0.41 0.00
881 2226.896 339.1 0.41 0.05
882 2227.524 464.2 0.41 0.06
883 2233.668 218.5 0.39 0.05
884 2235.088 273.1 0.37 0.07
885 2238.147 125.2 0.41 0.02
886 2245.383 370.9 0.36 -0.00
887 2248.714 72.8 0.42 0.03
888 2248.905 86.5 0.39 0.03
889 2250.025 213.9 0.42 0.02
890 2250.325 193.4 0.40 0.02
891 2252.346 191.1 0.36 -0.01
892 2252.646 289.0 0.38 0.05
893 2254.121 370.9 0.41 0.05
894 2256.142 234.4 0.38 0.01
895 2257.562 252.6 0.40 -0.01
896 2258.026 502.9 0.38 -0.00
897 2267.911 245.8 0.40 -0.01
898 2268.648 88.7 0.33 -0.00
899 2269.822 366.4 0.42 -0.04
900 2272.116 339.1 0.33 0.01
901 2277.741 109.2 0.41 -0.00
902 2284.022 332.2 0.34 0.00
903 2291.722 600.7 0.41 0.05
904 2294.098 245.8 0.41 0.05
905 2296.173 339.1 0.42 0.04
906 2302.345 261.7 0.39 0.01
907 2304.857 502.9 0.40 0.01
908 2306.987 386.8 0.39 0.02
909 2308.598 147.9 0.38 0.03
910 2312.803 327.7 0.42 0.00
911 2316.653 304.9 0.44 0.03
912 2316.926 236.7 0.43 0.03
913 2325.937 163.8 0.38 0.02
914 2333.856 147.9 0.47 0.02
915 2336.041 218.5 0.47 0.03
916 2339.509 380.0 0.31 0.04
917 2340.028 332.2 0.41 0.04
918 2342.212 179.8 0.29 0.02
919 2348.493 405.0 0.31 -0.03
920 2348.984 218.5 0.38 0.04
921 2349.722 136.5 0.36 0.03
922 2352.725 266.2 0.35 0.04
923 2354.173 186.6 0.49 0.01
924 2354.637 316.3 0.36 0.01
925 2355.702 350.4 0.44 0.05
926 2360.617 300.4 0.40 0.00
927 2361.436 277.6 0.42 -0.03
928 2362.911 273.1 0.42 0.02
929 2366.925 191.1 0.43 0.01
930 2369.464 209.4 0.45 0.03
931 2373.997 300.4 0.41 0.07
932 2374.489 218.5 0.44 0.03
933 2380.524 241.2 0.41 0.03
934 2381.070 245.8 0.42 0.02
935 2383.309 284.4 0.42 0.00
936 2388.060 97.8 0.39 0.06
937 2396.443 81.9 0.44 0.04
938 2405.400 213.9 0.39 0.05
939 2405.809 254.9 0.37 0.05
940 2408.021 441.5 0.37 0.05
941 2408.513 304.9 0.38 0.05
942 2416.377 382.3 0.38 0.03
943 2418.807 464.2 0.39 0.03
944 2423.258 218.5 0.41 0.01
945 2425.825 147.9 0.40 0.02
946 2426.399 764.6 0.40 0.01
947 2427.628 448.3 0.42 0.00
948 2430.085 86.5 0.38 0.00
949 2430.986 300.4 0.36 0.04
950 2433.853 332.2 0.33 0.04
951 2443.302 236.7 0.34 -0.01
952 2443.629 175.2 0.33 -0.01
953 2447.179 202.5 0.35 -0.01
954 2452.149 725.9 0.40 0.02
955 2452.722 432.4 0.39 0.02
956 2461.215 159.3 0.35 0.01
957 2468.779 393.7 0.37 0.05
958 2469.216 325.4 0.37 0.05
959 2469.516 179.8 0.22 0.10
960 2471.619 245.8 0.40 0.11
961 2474.895 120.6 0.37 0.03
962 2475.032 109.2 0.37 0.03
963 2478.527 279.9 0.39 0.00
964 2485.927 229.8 0.38 0.01
965 2488.221 154.7 0.37 0.00
966 2488.494 147.9 0.37 0.00
967 2490.269 234.4 0.39 0.03
968 2491.580 616.7 0.36 0.03
969 2492.290 644.0 0.36 0.06
970 2492.809 225.3 0.35 0.03
971 2495.266 277.6 0.35 0.03
972 2496.577 191.1 0.41 0.04
973 2504.059 109.2 0.43 0.00
974 2513.644 452.8 0.42 0.00
975 2517.002 359.5 0.43 0.02
976 2517.548 427.8 0.43 0.02
977 2518.013 309.5 0.44 0.01
978 2521.153 132.0 0.38 0.01
979 2521.481 282.2 0.41 0.01
980 2524.375 289.0 0.41 0.01
981 2530.410 393.7 0.41 -0.00
982 2530.956 373.2 0.37 -0.00
983 2535.462 416.4 0.40 0.02
984 2536.035 409.6 0.39 0.02
985 2538.001 186.6 0.38 0.03
986 2541.906 259.4 0.40 0.03
987 2543.080 257.1 0.39 0.06
988 2548.077 343.6 0.41 0.03
989 2549.060 195.7 0.37 0.05
990 2551.736 202.5 0.36 0.05
991 2553.102 191.1 0.39 0.04
992 2554.440 77.4 0.37 0.01
993 2556.406 386.8 0.42 0.04
994 2556.870 241.2 0.41 0.04
995 2562.714 300.4 0.42 0.03
996 2565.007 245.8 0.41 0.00
997 2567.383 464.2 0.35 0.02
998 2570.988 218.5 0.38 0.04
999 2571.315 259.4 0.40 0.04
1000 2576.777 311.8 0.36 0.01
1001 2583.467 218.5 0.36 0.02
1002 2583.794 238.9 0.40 0.02
1003 2584.368 257.1 0.44 -0.01
1004 2584.723 298.1 0.43 -0.01
1005 2587.317 409.6 0.43 0.01
1006 2587.863 375.5 0.44 0.01
1007 2589.938 311.8 0.35 0.03
1008 2590.375 273.1 0.40 0.01
1009 2591.795 168.4 0.37 0.01
1010 2594.553 152.5 0.40 -0.02
1011 2598.321 125.2 0.39 -0.02
1012 2602.035 241.2 0.39 -0.03
1013 2602.554 295.8 0.39 -0.01
1014 2610.855 300.4 0.41 0.06
1015 2615.661 487.0 0.41 0.06
1016 2622.133 104.7 0.37 0.05
1017 2623.553 295.8 0.43 0.08
1018 2629.533 191.1 0.40 0.06
1019 2631.799 432.4 0.32 0.05
1020 2632.291 284.4 0.30 0.08
1021 2633.520 350.4 0.32 0.09
1022 2637.070 382.3 0.34 0.06
1023 2637.698 395.9 0.33 0.06
1024 2641.521 339.1 0.36 0.04
1025 2660.390 97.8 0.37 0.03
1026 2662.055 97.8 0.21 0.01
1027 2665.824 125.2 0.39 0.00
1028 2666.206 234.4 0.39 0.03
1029 2668.663 207.1 0.43 0.01
1030 2670.602 159.3 0.44 0.02
1031 2671.695 300.4 0.36 0.04
1032 2672.514 300.4 0.45 0.01
1033 2678.084 311.8 0.22 0.00
1034 2679.368 257.1 0.42 0.03
1035 2681.033 261.7 0.41 0.01
1036 2682.590 109.2 0.42 0.01
1037 2690.345 234.4 0.39 0.06
1038 2692.311 823.8 0.43 0.06
1039 2692.966 639.4 0.41 0.06
1040 2694.577 405.0 0.37 0.06
1041 2694.987 284.4 0.38 0.06
1042 2698.373 191.1 0.45 0.03
1043 2701.759 136.5 0.46 0.02
1044 2702.251 350.4 0.39 0.03
1045 2707.685 398.2 0.44 0.03
1046 2708.395 327.7 0.43 0.03
1047 2715.167 245.8 0.40 0.03
1048 2715.959 245.8 0.38 0.01
1049 2716.887 113.8 0.38 -0.01
1050 2719.290 393.7 0.41 -0.02
1051 2719.782 546.1 0.42 0.00
1052 2727.537 421.0 0.41 0.03
1053 2729.803 361.8 0.41 0.04
1054 2732.233 311.8 0.41 0.04
1055 2737.312 295.8 0.40 0.05
1056 2741.845 373.2 0.21 -0.00
1057 2745.477 307.2 0.39 0.00
1058 2748.454 109.2 0.36 0.01
1059 2750.447 421.0 0.39 -0.01
1060 2752.358 77.4 0.36 0.03
1061 2757.246 257.1 0.39 0.04
1062 2763.063 245.8 0.41 -0.00
1063 2763.418 389.1 0.40 -0.01
1064 2766.476 295.8 0.40 0.05
1065 2769.480 573.4 0.39 0.05
1066 2771.255 295.8 0.38 0.03
1067 2773.166 218.5 0.40 0.06
1068 2774.368 282.2 0.34 0.07
1069 2782.368 157.0 0.22 0.01
1070 2786.765 198.0 0.39 0.04
1071 2788.267 350.4 0.40 0.02
1072 2789.059 261.7 0.41 0.04
1073 2789.386 241.2 0.41 0.04
1074 2790.178 289.0 0.40 0.05
1075 2796.322 120.6 0.38 0.01
1076 2798.397 562.1 0.37 0.02
1077 2802.248 518.8 0.36 -0.00
1078 2804.432 295.8 0.39 0.01
1079 2805.879 448.3 0.37 0.00
1080 2806.234 113.8 0.37 -0.00
1081 2807.627 343.6 0.37 -0.00
1082 2818.058 109.2 0.38 0.01
1083 2828.981 612.1 0.44 0.03
1084 2829.445 386.8 0.46 0.03
1085 2831.193 188.9 0.44 -0.02
1086 2831.985 427.8 0.44 -0.02
1087 2834.470 250.3 0.42 -0.00
1088 2844.054 125.2 0.40 -0.01
1089 2846.020 316.3 0.39 0.03
1090 2848.614 327.7 0.39 -0.02
1091 2854.321 464.2 0.37 0.00
1092 2856.479 300.4 0.36 0.00
1093 2857.407 102.4 0.40 0.01
1094 2857.953 405.0 0.35 0.00
1095 2859.428 293.5 0.37 0.01
1096 2859.865 336.8 0.34 0.02
1097 2862.240 343.6 0.31 0.02
1098 2863.606 507.4 0.43 0.02
1099 2864.616 207.1 0.30 0.04
1100 2866.036 289.0 0.33 0.04
1101 2868.057 238.9 0.39 0.01
1102 2871.907 612.1 0.38 -0.01
1103 2887.253 152.5 0.39 0.01
1104 2887.554 241.2 0.44 0.01
1105 2890.339 268.5 0.45 0.01
1106 2892.715 421.0 0.41 -0.00
1107 2895.036 170.7 0.37 0.00
1108 2897.275 209.4 0.24 0.01
1109 2903.392 366.4 0.40 0.02
1110 2905.603 480.1 0.42 0.02
1111 2906.259 534.8 0.29 0.02
1112 2906.887 421.0 0.24 0.03
1113 2910.792 405.0 0.22 -0.00
1114 2913.031 168.4 0.43 0.05
1115 2916.471 436.9 0.39 0.06
1116 2924.281 443.7 0.40 0.01
1117 2927.613 113.8 0.21 0.01
1118 2929.743 644.0 0.35 -0.00
1119 2932.528 409.6 0.38 0.01
1120 2932.965 273.1 0.34 0.01
1121 2937.580 316.3 0.33 0.00
1122 2939.928 393.7 0.35 0.04
1123 2940.228 159.3 0.37 0.05
1124 2940.556 430.1 0.34 0.01
1125 2943.450 568.9 0.34 0.05
1126 2945.417 277.6 0.36 -0.01
1127 2948.038 218.5 0.36 0.01
1128 2948.448 109.2 0.32 0.01
1129 2948.639 163.8 0.32 0.01
1130 2948.884 136.5 0.34 0.02
1131 2949.649 261.7 0.33 -0.05
1132 2950.359 323.1 0.32 -0.04
1133 2951.642 409.6 0.30 -0.06
1134 2957.186 250.3 0.35 -0.01
1135 2957.568 284.4 0.33 -0.02
1136 2958.824 261.7 0.37 -0.01
1137 2959.343 225.3 0.36 0.01
1138 2960.408 311.8 0.40 -0.03
1139 2962.429 284.4 0.33 -0.00
1140 2962.947 405.0 0.40 -0.03
1141 2963.439 507.4 0.39 -0.01
1142 2966.934 355.0 0.41 -0.01
1143 2967.480 459.7 0.41 -0.01
1144 2969.965 225.3 0.41 0.01
1145 2974.908 316.3 0.36 0.04
1146 2975.836 355.0 0.36 0.04
1147 2976.410 316.3 0.29 0.04
1148 2981.379 120.6 0.33 0.02
1149 2991.101 457.4 0.32 -0.07
1150 2991.456 286.7 0.33 -0.07
1151 2991.647 145.6 0.34 -0.01
1152 2997.900 245.8 0.35 -0.02
1153 3000.467 355.0 0.36 0.00
1154 3002.706 355.0 0.39 -0.00
1155 3003.989 218.5 0.38 -0.01
1156 3008.877 207.1 0.50 0.01
1157 3013.792 257.1 0.44 0.01
1158 3014.721 600.7 0.50 0.00
1159 3026.080 168.4 0.46 -0.00
1160 3026.599 195.7 0.47 0.00
1161 3026.954 104.7 0.25 0.00
1162 3027.937 125.2 0.48 0.01
1163 3028.210 300.4 0.48 0.01
1164 3033.207 141.1 0.47 0.02
1165 3044.048 207.1 0.41 0.00
1166 3047.188 370.9 0.49 0.00
1167 3049.728 168.4 0.49 0.01
1168 3052.650 307.2 0.49 -0.02
1169 3054.807 175.2 0.48 0.01
1170 3057.374 229.8 0.54 -0.00
1171 3059.121 416.4 0.54 0.00
1172 3059.886 136.5 0.53 -0.00
1173 3061.251 136.5 0.50 -0.01
1174 3061.661 284.4 0.49 -0.02
1175 3062.043 266.2 0.53 0.02
1176 3064.446 327.7 0.51 0.00
1177 3065.320 284.4 0.51 0.01
1178 3071.573 120.6 0.52 0.02
1179 3071.819 213.9 0.52 0.02
1180 3072.256 202.5 0.52 0.04
1181 3073.621 154.7 0.51 0.01
1182 3076.325 213.9 0.53 -0.01
1183 3079.984 143.4 0.49 0.00
1184 3080.830 207.1 0.48 0.01
1185 3083.971 218.5 0.50 -0.00
1186 3084.817 382.3 0.52 0.01
1187 3087.384 163.8 0.51 -0.01
1188 3091.152 218.5 0.52 0.01
1189 3092.299 427.8 0.52 0.00
1190 3095.494 104.7 0.52 0.02
1191 3096.040 257.1 0.50 0.00
1192 3108.656 218.5 0.51 0.03
1193 3109.721 136.5 0.52 0.01
1194 3110.403 386.8 0.50 0.03
1195 3112.943 468.8 0.50 0.03
1196 3115.810 97.8 0.50 0.03
1197 3116.657 382.3 0.50 0.03
1198 3120.207 175.2 0.51 -0.01
1199 3120.698 261.7 0.51 -0.01
1200 3121.708 229.8 0.51 -0.03
1201 3123.074 355.0 0.49 -0.01
1202 3123.401 218.5 0.42 -0.01
1203 3124.139 257.1 0.50 0.01
1204 3124.767 77.4 0.48 -0.02
1205 3128.508 273.1 0.41 0.00
1206 3128.863 259.4 0.48 0.00
1207 3129.218 229.8 0.47 -0.01
1208 3131.484 316.3 0.48 -0.04
1209 3132.686 311.8 0.47 -0.03
1210 3138.639 293.5 0.50 -0.01
1211 3139.594 97.8 0.47 0.03
1212 3143.581 191.1 0.47 0.02
1213 3144.591 234.4 0.51 0.04
1214 3146.667 93.3 0.42 0.03
1215 3147.240 327.7 0.51 0.02
1216 3150.107 307.2 0.43 0.02
1217 3151.882 193.4 0.41 -0.00
1218 3152.701 257.1 0.41 -0.01
1219 3155.732 464.2 0.43 0.04
1220 3156.087 293.5 0.46 0.04
1221 3156.907 166.1 0.45 0.01
1222 3157.507 88.7 0.47 0.01
1223 3162.313 218.5 0.48 0.01
1224 3163.843 273.1 0.47 0.03
1225 3166.109 211.6 0.45 0.00
1226 3166.437 182.0 0.23 0.00
1227 3167.665 361.8 0.43 -0.01
1228 3169.140 343.6 0.44 -0.05
1229 3169.495 323.1 0.40 -0.05
1230 3174.246 179.8 0.47 -0.01
1231 3175.148 316.3 0.46 0.00
1232 3175.503 170.7 0.48 -0.00
1233 3180.227 334.5 0.49 -0.00
1234 3180.636 289.0 0.46 -0.00
1235 3181.210 355.0 0.44 -0.03
1236 3182.001 348.2 0.41 -0.05
1237 3184.841 284.4 0.45 0.01
1238 3185.988 248.0 0.48 -0.02
1239 3188.719 207.1 0.45 -0.02
1240 3189.374 241.2 0.50 -0.03
1241 3193.525 350.4 0.49 0.04
1242 3195.655 100.1 0.46 0.02
1243 3199.396 264.0 0.41 0.00
1244 3199.969 289.0 0.49 0.01
1245 3205.458 234.4 0.40 0.00
1246 3206.714 386.8 0.37 0.01
1247 3210.728 179.8 0.41 0.02
1248 3212.503 147.9 0.35 -0.01
1249 3215.452 120.6 0.44 0.01
1250 3216.681 327.7 0.37 0.03
1251 3217.773 273.1 0.42 0.02
1252 3218.374 409.6 0.40 0.02
1253 3224.054 323.1 0.39 0.03
1254 3225.064 229.8 0.42 0.04
1255 3229.105 270.8 0.39 0.08
1256 3230.061 284.4 0.39 0.06
1257 3231.153 223.0 0.43 0.06
1258 3234.075 152.5 0.46 0.04
1259 3244.452 302.6 0.40 0.00
1260 3247.838 172.9 0.42 0.00
1261 3249.940 152.5 0.41 0.02
1262 3250.569 382.3 0.39 0.04
1263 3254.091 446.0 0.40 -0.01
1264 3257.450 332.2 0.42 0.07
1265 3260.426 289.0 0.33 -0.00
1266 3264.932 553.0 0.44 0.04
1267 3266.488 184.3 0.43 0.08
1268 3269.519 193.4 0.43 -0.01
1269 3270.721 421.0 0.35 0.02
1270 3274.598 218.5 0.32 0.01
1271 3277.438 202.5 0.43 0.02
1272 3278.612 459.7 0.34 0.00
1273 3279.022 202.5 0.46 0.00
1274 3284.511 236.7 0.43 -0.00
1275 3285.931 284.4 0.44 0.02
1276 3290.300 245.8 0.47 -0.04
1277 3292.621 257.1 0.46 -0.01
1278 3302.205 289.0 0.46 0.00
1279 3303.325 268.5 0.45 -0.03
1280 3306.056 393.7 0.44 0.03
1281 3307.039 421.0 0.45 -0.02
1282 3311.517 186.6 0.45 0.01
1283 3313.319 186.6 0.39 0.00
1284 3313.456 86.5 0.34 0.01
1285 3315.640 257.1 0.48 -0.01
1286 3317.907 93.3 0.49 -0.02
1287 3321.020 207.1 0.48 0.00
1288 3322.767 97.8 0.49 0.02
1289 3335.219 282.2 0.38 0.01
1290 3348.326 168.4 0.20 -0.02
1291 3348.982 289.0 0.41 -0.01
1292 3349.583 202.5 0.42 -0.03
1293 3350.456 109.2 0.45 -0.01
1294 3360.915 487.0 0.45 0.00
1295 3361.625 202.5 0.38 -0.01
1296 3362.253 132.0 0.44 0.01
1297 3364.028 191.1 0.39 -0.00
1298 3367.987 289.0 0.42 -0.05
1299 3370.308 277.6 0.39 -0.05
1300 3374.486 273.1 0.42 0.01
1301 3374.896 421.0 0.42 -0.00
1302 3381.176 175.2 0.40 -0.00
1303 3389.204 104.7 0.41 0.02
1304 3390.051 204.8 0.44 0.00
1305 3392.782 277.6 0.43 -0.05
1306 3393.601 245.8 0.44 -0.04
1307 3395.458 245.8 0.40 0.01
1308 3408.046 157.0 0.38 -0.01
1309 3409.548 273.1 0.40 0.03
1310 3410.394 311.8 0.42 0.02
1311 3411.487 191.1 0.41 -0.01
1312 3411.787 150.2 0.46 -0.01
1313 3414.627 279.9 0.39 -0.02
1314 3415.965 273.1 0.41 0.00
1315 3416.893 234.4 0.46 0.01
1316 3418.778 229.8 0.45 0.02
1317 3421.945 118.3 0.48 -0.02
1318 3422.519 525.7 0.45 -0.01
1319 3423.311 264.0 0.49 -0.04
1320 3425.304 109.2 0.48 -0.03
1321 3427.052 498.3 0.46 0.00
1322 3427.434 118.3 0.44 0.00
1323 3429.045 198.0 0.48 0.01
1324 3429.536 97.8 0.45 -0.01
1325 3430.328 170.7 0.42 0.00
1326 3433.905 136.5 0.44 0.00
1327 3438.684 480.1 0.48 0.02
1328 3441.169 261.7 0.46 0.01
1329 3442.043 295.8 0.47 0.02
1330 3443.982 113.8 0.45 0.01
1331 3446.057 120.6 0.38 0.01
1332 3446.248 132.0 0.39 0.02
1333 3450.399 298.1 0.44 -0.02
1334 3459.710 273.1 0.43 0.01
1335 3463.424 191.1 0.45 0.03
1336 3467.629 120.6 0.44 0.01
1337 3469.049 284.4 0.44 -0.04
1338 3469.978 332.2 0.43 -0.00
1339 3472.435 264.0 0.41 -0.01
1340 3474.511 234.4 0.41 -0.00
1341 3475.029 289.0 0.41 -0.01
1342 3475.903 232.1 0.41 -0.00
1343 3478.333 370.9 0.41 -0.01
1344 3480.573 191.1 0.42 -0.00
1345 3483.604 152.5 0.42 -0.01
1346 3491.168 170.7 0.47 0.02
1347 3492.396 218.5 0.43 0.01
1348 3494.991 441.5 0.45 -0.01
1349 3496.656 186.6 0.44 0.00
1350 3497.885 386.8 0.46 0.02
1351 3498.486 423.3 0.47 -0.00
1352 3500.479 393.7 0.46 0.00
1353 3504.630 120.6 0.44 -0.01
1354 3504.821 134.3 0.45 -0.01
1355 3505.094 202.5 0.44 -0.01
1356 3505.968 218.5 0.45 0.01
1357 3506.405 300.4 0.46 0.01
1358 3520.550 202.5 0.39 0.07
1359 3521.287 409.6 0.36 0.05
1360 3524.372 311.8 0.41 0.04
1361 3525.574 218.5 0.48 -0.11
1362 3526.202 109.2 0.45 0.02
1363 3529.916 175.2 0.45 0.00
1364 3531.909 405.0 0.48 -0.02
1365 3532.646 125.2 0.42 -0.01
1366 3533.821 229.8 0.48 -0.00
1367 3538.599 279.9 0.46 -0.00
1368 3540.183 154.7 0.47 -0.01
1369 3540.511 229.8 0.46 -0.02
1370 3540.866 213.9 0.47 -0.01
1371 3543.596 168.4 0.42 -0.00
1372 3549.467 225.3 0.46 0.03
1373 3551.515 307.2 0.48 0.01
1374 3552.526 277.6 0.43 0.06
1375 3559.653 81.9 0.41 0.02
1376 3564.814 202.5 0.39 -0.00
1377 3567.080 120.6 0.44 -0.02
1378 3567.927 459.7 0.44 -0.00
1379 3572.815 304.9 0.43 -0.01
1380 3574.589 311.8 0.41 -0.01
1381 3576.501 409.6 0.38 -0.02
1382 3578.549 207.1 0.44 -0.00
1383 3579.614 430.1 0.46 -0.00
1384 3580.652 202.5 0.45 -0.01
1385 3581.826 229.8 0.46 0.01
1386 3585.075 191.1 0.45 0.00
1387 3586.004 147.9 0.34 0.01
1388 3587.724 541.6 0.44 -0.01
1389 3590.209 578.0 0.40 -0.03
1390 3594.387 425.5 0.42 -0.00
1391 3596.435 250.3 0.48 0.06
1392 3598.292 304.9 0.47 0.07
1393 3599.848 332.2 0.46 0.07
1394 3601.923 289.0 0.48 0.05
1395 3603.698 245.8 0.50 0.02
1396 3611.727 207.1 0.47 0.02
1397 3613.447 229.8 0.47 0.04
1398 3614.812 254.9 0.43 0.00
1399 3617.434 207.1 0.41 0.01
1400 3622.431 311.8 0.49 0.02
1401 3624.724 225.3 0.44 0.01
1402 3628.902 93.3 0.42 -0.02
1403 3635.729 273.1 0.31 0.04
1404 3636.193 382.3 0.40 0.04
1405 3638.296 441.5 0.31 0.04
1406 3643.238 289.0 0.36 0.09
1407 3645.778 186.6 0.40 0.01
1408 3650.229 273.1 0.45 0.03
1409 3652.222 273.1 0.47 0.05
1410 3655.335 179.8 0.45 0.00
1411 3661.534 175.2 0.47 0.04
1412 3662.053 409.6 0.49 0.04
1413 3663.882 291.3 0.50 0.04
1414 3664.920 257.1 0.48 0.04
1415 3668.033 234.4 0.49 0.07
1416 3671.200 202.5 0.45 0.03
1417 3673.685 311.8 0.40 0.03
1418 3674.423 304.9 0.38 0.06
1419 3675.215 370.9 0.47 0.05
1420 3675.843 468.8 0.38 0.04
1421 3684.171 359.5 0.47 0.05
1422 3684.553 300.4 0.49 0.05
1423 3685.400 366.4 0.49 0.05
1424 3686.738 182.0 0.51 0.02
1425 3700.528 109.2 0.49 0.01
1426 3706.426 518.8 0.50 0.03
1427 3708.501 191.1 0.41 0.06
1428 3710.549 425.5 0.44 0.08
1429 3711.532 273.1 0.41 0.08
1430 3714.400 159.3 0.42 0.05
1431 3717.567 498.3 0.42 0.02
1432 3719.042 170.7 0.45 0.01
1433 3720.571 218.5 0.46 0.03
1434 3720.735 129.7 0.36 0.01
1435 3729.773 330.0 0.43 0.06
1436 3730.784 229.8 0.40 0.01
1437 3732.367 245.8 0.33 -0.04
1438 3740.505 191.1 0.37 -0.04
1439 3748.396 316.3 0.37 0.09
1440 3749.844 154.7 0.36 0.08
1441 3756.288 125.2 0.34 -0.01
1442 3756.506 172.9 0.35 -0.01
1443 3757.107 277.6 0.24 -0.01
1444 3761.176 409.6 0.40 -0.00
1445 3766.200 368.6 0.40 0.04
1446 3768.685 327.7 0.37 0.08
1447 3769.122 286.7 0.39 0.08
1448 3774.638 339.1 0.36 0.01
1449 3777.724 355.0 0.38 0.05
1450 3781.219 168.4 0.42 -0.01
1451 3781.465 175.2 0.40 -0.01
1452 3783.130 343.6 0.44 0.02
1453 3784.742 241.2 0.44 -0.00
1454 3784.960 141.1 0.22 -0.00
1455 3790.585 268.5 0.44 0.06
1456 3794.517 332.2 0.43 0.04
1457 3794.845 264.0 0.42 0.04
1458 3797.740 414.2 0.40 0.02
1459 3806.341 116.1 0.47 0.03
1460 3810.492 393.7 0.41 0.07
1461 3811.830 345.9 0.39 -0.00
1462 3812.267 86.5 0.40 -0.00
1463 3819.203 320.9 0.39 0.04
1464 3819.558 252.6 0.39 0.04
1465 3821.196 125.2 0.40 -0.04
1466 3827.531 273.1 0.41 0.00
1467 3831.299 339.1 0.45 0.08
1468 3832.146 414.2 0.43 0.00
1469 3832.801 207.1 0.42 0.05
1470 3836.979 343.6 0.44 0.03
1471 3837.744 284.4 0.42 0.08
1472 3842.604 339.1 0.43 0.07
1473 3849.103 132.0 0.45 0.02
1474 3852.353 398.2 0.37 0.05
1475 3857.732 118.3 0.37 0.01
1476 3861.064 245.8 0.42 0.06
1477 3863.767 257.1 0.43 0.04
1478 3865.597 252.6 0.44 0.03
1479 3867.344 218.5 0.47 0.03
1480 3868.873 382.3 0.47 0.05
1481 3870.676 393.7 0.46 0.04
1482 3871.167 213.9 0.46 0.04
1483 3872.642 195.7 0.48 0.04
1484 3881.434 405.0 0.47 0.00
1485 3886.568 163.8 0.43 0.01
1486 3891.046 257.1 0.45 0.04
1487 3894.460 250.3 0.43 0.02
1488 3897.709 477.9 0.44 0.00
1489 3899.730 179.8 0.44 0.03
1490 3902.925 132.0 0.47 0.01
1491 3904.618 204.8 0.44 0.08
1492 3904.891 170.7 0.45 0.08
1493 3908.222 311.8 0.43 0.10
1494 3914.230 316.3 0.43 0.07
1495 3916.005 159.3 0.43 0.05
1496 3922.149 191.1 0.47 0.02
1497 3923.787 273.1 0.45 0.01
1498 3927.337 168.4 0.45 0.05
1499 3931.488 223.0 0.42 0.01
1500 3931.897 250.3 0.42 0.01
1501 3935.283 273.1 0.45 0.05
1502 3936.703 163.8 0.46 0.02
1503 3945.551 241.2 0.44 0.07
1504 3948.855 432.4 0.38 0.04
1505 3951.203 487.0 0.47 0.05
1506 3956.500 170.7 0.52 0.08
1507 3957.320 143.4 0.51 0.06
1508 3958.931 163.8 0.50 0.06
1509 3961.088 245.8 0.55 0.09
1510 3961.470 191.1 0.54 0.09
1511 3964.201 125.2 0.51 0.11
1512 3964.583 218.5 0.48 0.10
1513 3967.505 202.5 0.43 0.07
1514 3967.942 343.6 0.41 0.07
1515 3968.515 323.1 0.41 0.07
1516 3971.383 525.7 0.47 0.11
1517 3974.304 257.1 0.42 0.10
1518 3981.076 245.8 0.31 0.06
1519 3985.773 97.8 0.37 0.01
1520 3985.964 118.3 0.36 0.01
1521 3990.716 152.5 0.45 0.01
1522 3994.375 97.8 0.44 0.02
1523 3994.812 120.6 0.50 0.02
1524 3995.276 421.0 0.47 0.02
1525 3995.658 168.4 0.49 -0.00
1526 3995.931 339.1 0.48 0.00
1527 3996.805 273.1 0.44 0.02
1528 3997.570 152.5 0.44 0.02
1529 3997.815 252.6 0.52 0.06
1530 3999.754 314.0 0.44 0.04
1531 4004.287 198.0 0.42 0.00
1532 4006.991 145.6 0.43 0.01
1533 4007.400 220.7 0.45 0.02
1534 4008.984 382.3 0.45 0.00
1535 4011.250 202.5 0.43 0.01
1536 4014.964 143.4 0.51 0.00
1537 4018.214 257.1 0.44 0.03
1538 4019.606 261.7 0.50 0.08
1539 4023.648 355.0 0.43 0.11
1540 4025.231 223.0 0.45 0.08
1541 4026.487 152.5 0.42 0.09
1542 4026.706 186.6 0.41 0.09
1543 4027.525 273.1 0.41 0.09
1544 4028.071 175.2 0.41 0.07
1545 4035.744 304.9 0.34 0.01
1546 4036.209 113.8 0.35 0.02
1547 4036.646 284.4 0.38 0.03
1548 4038.694 284.4 0.38 0.07
1549 4047.377 361.8 0.37 0.01
1550 4048.524 436.9 0.37 0.02
1551 4050.545 116.1 0.44 0.00
1552 4050.900 136.5 0.47 0.01
1553 4052.593 400.5 0.47 0.06
1554 4057.508 327.7 0.41 0.10
1555 4059.665 311.8 0.44 0.10
1556 4064.717 213.9 0.45 0.11
1557 4072.445 213.9 0.43 0.01
1558 4073.728 207.1 0.43 -0.01
1559 4076.623 273.1 0.48 0.01
1560 4077.223 248.0 0.45 -0.01
1561 4077.442 182.0 0.43 0.04
1562 4080.637 277.6 0.39 -0.00
1563 4081.046 252.6 0.42 0.09
1564 4083.395 223.0 0.40 0.06
1565 4085.688 132.0 0.39 0.02
1566 4089.593 213.9 0.45 0.04
1567 4090.412 223.0 0.47 0.00
1568 4092.925 209.4 0.42 0.04
1569 4093.744 179.8 0.46 0.04
1570 4097.731 213.9 0.21 0.03
1571 4101.553 229.8 0.41 0.00
1572 4103.492 327.7 0.41 0.02
1573 4106.359 339.1 0.43 0.03
1574 4107.151 257.1 0.40 0.02
1575 4108.489 257.1 0.44 0.01
1576 4110.428 136.5 0.45 0.01
1577 4110.647 177.5 0.43 0.01
1578 4111.821 223.0 0.46 0.01
1579 4113.432 218.5 0.48 0.02
1580 4115.971 168.4 0.38 0.03
1581 4118.729 409.6 0.49 0.03
1582 4123.918 241.2 0.44 -0.01
1583 4125.583 334.5 0.43 0.00
1584 4127.440 273.1 0.51 0.07
1585 4127.986 175.2 0.51 0.07
1586 4128.232 202.5 0.44 0.07
1587 4131.427 225.3 0.53 0.08
1588 4133.420 355.0 0.52 0.08
1589 4141.722 607.6 0.43 0.00
1590 4144.152 216.2 0.47 0.05
1591 4146.964 703.1 0.46 0.09
1592 4152.999 250.3 0.40 0.06
1593 4157.232 250.3 0.42 0.06
1594 4162.147 77.4 0.43 0.02
1595 4163.758 202.5 0.45 0.02
1596 4171.895 136.5 0.21 0.01
1597 4172.250 238.9 0.45 0.02
1598 4172.551 209.4 0.46 0.04
1599 4175.800 421.0 0.46 0.06
1600 4179.787 350.4 0.44 0.07
1601 4192.621 241.2 0.45 0.07
1602 4195.243 186.6 0.44 0.05
1603 4203.134 113.8 0.44 0.06
1604 4205.373 484.7 0.45 0.06
1605 4207.258 300.4 0.44 0.06
1606 4209.497 120.6 0.42 0.01
1607 4211.108 150.2 0.41 0.01
1608 4218.344 425.5 0.37 -0.01
1609 4219.628 236.7 0.42 0.10
1610 4220.856 163.8 0.38 0.00
1611 4229.239 448.3 0.40 -0.02
1612 4238.278 682.7 0.38 0.02
1613 4239.425 213.9 0.38 0.01
1614 4240.271 261.7 0.39 0.01
1615 4240.817 207.1 0.38 0.02
1616 4243.111 300.4 0.38 0.03
1617 4244.695 207.1 0.40 0.01
1618 4246.852 218.5 0.40 0.00
1619 4253.406 245.8 0.35 -0.04
1620 4257.475 300.4 0.41 0.01
1621 4258.594 209.4 0.42 -0.04
1622 4264.738 266.2 0.38 -0.01
1623 4269.408 300.4 0.38 0.02
1624 4272.220 257.1 0.39 -0.02
1625 4272.903 109.2 0.39 -0.02
1626 4273.067 170.7 0.39 -0.02
1627 4274.432 518.8 0.40 -0.01
1628 4276.589 191.1 0.39 -0.00
1629 4277.681 448.3 0.38 -0.00
1630 4283.853 132.0 0.44 0.03
1631 4286.802 207.1 0.44 0.02
1632 4291.444 350.4 0.43 0.06
1633 4292.017 343.6 0.41 0.04
1634 4294.939 243.5 0.42 -0.01
1635 4300.619 213.9 0.42 -0.01
1636 4301.247 446.0 0.42 -0.00
1637 4304.360 252.6 0.39 0.01
1638 4305.097 170.7 0.39 0.01
1639 4307.173 207.1 0.39 -0.00
1640 4311.351 207.1 0.37 0.02
1641 4315.392 289.0 0.40 0.06
1642 4319.761 441.5 0.35 0.04
1643 4320.771 234.4 0.39 0.04
1644 4322.000 300.4 0.36 0.04
1645 4322.683 236.7 0.36 0.04
1646 4323.202 195.7 0.38 0.02
1647 4323.475 268.5 0.37 0.04
1648 4327.625 304.9 0.38 0.02
1649 4333.933 295.8 0.41 0.04
1650 4335.490 213.9 0.41 0.05
1651 4336.282 302.6 0.39 0.00
1652 4338.248 273.1 0.41 0.09
1653 4338.657 314.0 0.43 0.09
1654 4340.541 284.4 0.44 0.02
1655 4341.579 77.4 0.43 0.01
1656 4341.852 145.6 0.44 0.01
1657 4342.453 225.3 0.45 -0.01
1658 4342.972 327.7 0.43 -0.01
1659 4348.515 311.8 0.42 0.01
1660 4353.376 175.2 0.43 0.02
1661 4356.024 311.8 0.44 0.00
1662 4356.489 368.6 0.41 0.01
1663 4360.912 327.7 0.37 0.01
1664 4365.363 286.7 0.37 0.01
1665 4368.558 250.3 0.35 -0.02
1666 4369.650 118.3 0.35 -0.01
1667 4369.923 97.8 0.35 -0.01
1668 4374.702 700.9 0.32 0.02
1669 4375.494 175.2 0.34 0.01
1670 4383.058 257.1 0.35 0.04
1671 4383.358 245.8 0.39 0.04
1672 4387.673 370.9 0.38 0.02
1673 4388.956 562.1 0.35 -0.01
1674 4389.338 97.8 0.36 0.03
1675 4405.067 366.4 0.37 -0.03
1676 4405.832 229.8 0.35 0.00
1677 4406.296 243.5 0.35 0.00
1678 4407.907 304.9 0.35 -0.04
1679 4413.013 628.1 0.42 0.00
1680 4417.410 136.5 0.41 -0.01
1681 4417.628 177.5 0.37 -0.01
1682 4418.584 125.2 0.32 0.02
1683 4418.884 405.0 0.32 -0.01
1684 4420.277 132.0 0.42 -0.00
1685 4422.243 443.7 0.40 0.04
1686 4423.008 229.8 0.41 -0.01
1687 4428.387 277.6 0.37 0.02
1688 4429.288 136.5 0.38 0.03
1689 4430.653 136.5 0.38 -0.05
1690 4441.713 104.7 0.41 -0.02
1691 4445.972 304.9 0.41 -0.00
1692 4448.949 300.4 0.39 0.00
1693 4450.724 245.8 0.40 0.00
1694 4451.052 259.4 0.39 0.00
1695 4451.352 277.6 0.39 0.00
1696 4452.390 311.8 0.40 -0.00
1697 4453.209 213.9 0.39 0.01
1698 4457.250 125.2 0.38 -0.03
1699 4461.373 229.8 0.41 0.03
1700 4465.033 248.0 0.40 0.01
1701 4465.442 198.0 0.37 -0.01
1702 4468.828 518.8 0.41 0.07
1703 4470.767 257.1 0.32 -0.06
1704 4472.596 546.1 0.35 0.02
1705 4480.133 496.1 0.42 0.06
1706 4484.147 109.2 0.40 -0.02
1707 4485.758 120.6 0.42 -0.00
1708 4487.315 475.6 0.31 0.09
1709 4489.390 125.2 0.43 0.04
1710 4490.100 125.2 0.39 -0.04
1711 4491.820 213.9 0.40 -0.05
1712 4493.896 578.0 0.39 0.00
1713 4495.234 316.3 0.41 0.01
1714 4498.620 373.2 0.40 0.00
1715 4506.074 405.0 0.46 0.03
1716 4509.952 143.4 0.45 0.00
1717 4513.147 200.2 0.47 -0.04
1718 4514.813 213.9 0.39 -0.00
1719 4518.963 284.4 0.44 -0.04
1720 4529.531 311.8 0.39 0.07
1721 4532.043 245.8 0.43 0.00
1722 4535.784 268.5 0.39 0.04
1723 4542.201 102.4 0.43 -0.03
1724 4542.747 320.9 0.43 -0.03
1725 4545.615 370.9 0.43 -0.07
1726 4560.579 218.5 0.40 -0.02
1727 4561.179 163.8 0.46 0.02
1728 4561.480 211.6 0.41 0.02
1729 4565.740 480.1 0.37 -0.03
1730 4570.300 45.5 0.49 -0.01
1731 4570.491 107.0 0.48 -0.01
1732 4572.921 289.0 0.31 -0.01
1733 4581.250 300.4 0.42 -0.01
1734 4585.127 261.7 0.43 0.00
1735 4586.984 273.1 0.46 0.02
1736 4587.448 421.0 0.44 0.00
1737 4592.527 343.6 0.41 0.02
1738 4598.453 393.7 0.42 -0.02
1739 4598.917 270.8 0.42 -0.02
1740 4605.034 382.3 0.41 -0.02
1741 4606.700 213.9 0.40 0.01
1742 4611.014 223.0 0.45 -0.00
1743 4612.052 182.0 0.51 -0.01
1744 4612.734 195.7 0.49 0.01
1745 4615.847 207.1 0.50 0.04
1746 4616.339 170.7 0.50 0.01
1747 4623.712 409.6 0.40 0.04
1748 4625.050 218.5 0.41 0.01
1749 4626.087 327.7 0.40 0.03
1750 4627.480 234.4 0.43 0.00
1751 4631.876 250.3 0.43 0.00
1752 4632.177 250.3 0.45 0.00
1753 4632.586 241.2 0.45 -0.00
1754 4632.887 257.1 0.44 -0.00
1755 4634.716 86.5 0.42 0.01
1756 4635.126 213.9 0.43 -0.01
1757 4636.163 857.9 0.43 -0.01
1758 4644.246 628.1 0.37 0.05
1759 4648.479 332.2 0.39 0.09
1760 4651.073 273.1 0.39 0.05
1761 4653.449 266.2 0.35 0.08
1762 4668.795 634.9 0.40 -0.02
1763 4669.368 395.9 0.38 -0.02
1764 4670.406 86.5 0.38 -0.03
1765 4671.553 432.4 0.37 -0.03
1766 4672.509 370.9 0.38 0.00
1767 4673.109 393.7 0.41 -0.02
1768 4675.676 448.3 0.41 0.00
1769 4678.188 118.3 0.39 -0.00
1770 4678.407 63.7 0.40 -0.00
1771 4679.144 464.2 0.37 0.04
1772 4680.318 97.8 0.36 0.02
1773 4682.202 191.1 0.36 0.01
1774 4682.749 300.4 0.37 0.01
1775 4684.278 327.7 0.38 0.01
1776 4686.244 257.1 0.44 0.05
1777 4688.428 207.1 0.48 0.03
1778 4690.941 241.2 0.47 0.04
1779 4692.442 136.5 0.47 0.05
1780 4693.835 109.2 0.47 0.04
1781 4696.102 261.7 0.47 -0.01
1782 4699.378 147.9 0.46 -0.01
1783 4699.624 182.0 0.47 -0.01
1784 4705.959 323.1 0.43 -0.04
1785 4709.236 159.3 0.46 0.01
1786 4711.202 327.7 0.42 -0.02
1787 4718.384 327.7 0.43 0.02
1788 4722.726 241.2 0.45 0.05
1789 4725.156 152.5 0.42 -0.01
1790 4732.556 109.2 0.48 0.03
1791 4735.669 109.2 0.45 0.02
1792 4737.690 261.7 0.45 0.07
1793 4738.481 507.4 0.40 0.00
1794 4741.813 464.2 0.38 -0.01
1795 4742.659 377.7 0.46 0.00
1796 4743.369 295.8 0.38 -0.01
1797 4749.295 175.2 0.39 0.02
1798 4749.814 238.9 0.38 -0.01
1799 4752.299 355.0 0.40 -0.05
1800 4756.886 273.1 0.44 0.04
1801 4758.170 252.6 0.43 0.04
1802 4762.675 250.3 0.44 0.04
1803 4764.314 343.6 0.46 0.05
1804 4764.860 191.1 0.46 0.05
1805 4768.683 120.6 0.45 0.02
1806 4768.874 127.4 0.46 0.02
1807 4776.301 120.6 0.42 0.01
1808 4778.213 168.4 0.47 0.03
1809 4779.660 213.9 0.41 0.03
1810 4779.933 207.1 0.46 0.03
1811 4786.678 159.3 0.48 0.02
1812 4788.016 163.8 0.51 0.01
1813 4788.453 191.1 0.51 0.01
1814 4789.108 284.4 0.47 0.02
1815 4789.381 207.1 0.51 0.01
1816 4797.136 289.0 0.46 0.01
1817 4802.570 234.4 0.45 0.10
1818 4805.574 191.1 0.41 0.13
1819 4809.561 257.1 0.43 0.06
1820 4809.888 291.3 0.43 0.06
1821 4810.926 355.0 0.42 0.06
1822 4812.209 327.7 0.41 0.02
1823 4813.165 218.5 0.24 0.00
1824 4813.629 125.2 0.45 0.02
1825 4816.224 343.6 0.45 0.05
1826 4817.753 289.0 0.45 0.03
1827 4818.463 339.1 0.43 0.02
1828 4821.494 327.7 0.46 -0.01
1829 4831.925 138.8 0.50 0.05
1830 4832.608 304.9 0.50 0.05
1831 4834.628 163.8 0.49 0.04
1832 4836.895 295.8 0.48 0.05
1833 4842.301 159.3 0.43 0.03
1834 4847.681 366.4 0.43 0.08
1835 4851.668 109.2 0.43 0.02
1836 4852.733 273.1 0.44 0.02
1837 4853.361 168.4 0.45 0.01
1838 4854.398 459.7 0.39 0.05
1839 4856.992 639.4 0.38 0.04
1840 4858.057 152.5 0.50 0.05
1841 4859.313 464.2 0.41 0.05
1842 4859.887 553.0 0.41 0.05
1843 4862.071 234.4 0.41 0.08
1844 4864.038 261.7 0.46 -0.01
1845 4868.024 534.8 0.39 -0.01
1846 4869.308 245.8 0.44 -0.04
1847 4871.520 261.7 0.46 -0.05
1848 4872.448 284.4 0.41 -0.04
1849 4873.404 300.4 0.44 -0.06
1850 4875.315 327.7 0.37 0.01
1851 4875.861 295.8 0.41 -0.05
1852 4880.230 311.8 0.42 -0.04
1853 4880.913 152.5 0.53 0.01
1854 4889.870 273.1 0.47 0.00
1855 4891.863 186.6 0.48 -0.01
1856 4892.355 218.5 0.46 -0.01
1857 4898.034 147.9 0.44 -0.00
1858 4898.280 195.7 0.47 -0.00
1859 4898.826 166.1 0.47 0.02
1860 4899.509 257.1 0.46 -0.02
1861 4900.082 284.4 0.47 0.00
1862 4901.366 109.2 0.45 -0.01
1863 4902.458 282.2 0.45 -0.00
1864 4905.134 198.0 0.45 -0.01
1865 4908.029 245.8 0.44 -0.00
1866 4913.217 279.9 0.45 -0.04
1867 4915.210 448.3 0.43 0.02
1868 4915.756 300.4 0.41 -0.01
1869 4922.474 279.9 0.45 0.05
1870 4925.614 245.8 0.44 0.05
1871 4927.362 273.1 0.44 0.05
1872 4928.809 350.4 0.44 0.06
1873 4931.703 213.9 0.43 0.07
1874 4932.168 289.0 0.44 0.08
1875 4935.526 268.5 0.43 0.09
1876 4936.974 436.9 0.39 0.05
1877 4938.312 252.6 0.41 0.00
1878 4938.831 257.1 0.47 -0.00
1879 4939.295 182.0 0.40 0.01
1880 4940.633 104.7 0.42 0.01
1881 4942.954 218.5 0.37 -0.01
1882 4945.712 229.8 0.46 0.01
1883 4946.558 327.7 0.39 0.03
1884 4946.995 295.8 0.42 0.01
1885 4947.377 147.9 0.37 0.01
1886 4955.488 227.6 0.43 0.04
1887 4961.085 250.3 0.49 -0.01
1888 4961.713 414.2 0.49 -0.01
1889 4962.232 343.6 0.48 -0.00
1890 4963.843 191.1 0.44 -0.01
1891 4966.301 182.0 0.47 -0.01
1892 4973.264 377.7 0.47 0.02
1893 4975.749 195.7 0.46 -0.02
1894 4976.596 202.5 0.43 0.01
1895 4977.388 430.1 0.46 0.01
1896 4987.709 116.1 0.44 -0.00
1897 4988.611 125.2 0.45 0.01
1898 4989.020 218.5 0.42 -0.01
1899 4991.532 195.7 0.38 0.01
1900 4991.915 261.7 0.37 -0.01
1901 4992.270 250.3 0.39 0.01
1902 4992.461 141.1 0.37 0.02
1903 4992.843 318.6 0.37 0.01
1904 4996.475 355.0 0.39 0.01
1905 5003.110 327.7 0.36 0.05
1906 5003.575 279.9 0.37 0.05
1907 5005.841 273.1 0.37 0.06
1908 5007.015 175.2 0.38 0.05
1909 5008.435 464.2 0.40 0.04
1910 5012.477 359.5 0.41 0.02
1911 5014.470 302.6 0.40 -0.00
1912 5017.610 327.7 0.41 0.01
1913 5018.211 136.5 0.42 -0.01
1914 5018.976 213.9 0.42 -0.01
1915 5019.822 343.6 0.33 0.00
1916 5022.252 518.8 0.40 0.02
1917 5022.799 389.1 0.38 0.02
1918 5024.847 279.9 0.39 -0.00
1919 5028.178 175.2 0.37 0.01
1920 5028.861 491.5 0.40 0.05
1921 5032.110 109.2 0.41 0.03
1922 5032.219 104.7 0.41 0.02
1923 5035.469 254.9 0.47 0.00
1924 5036.561 273.1 0.49 0.01
1925 5037.763 229.8 0.47 0.00
1926 5040.493 218.5 0.47 0.02
1927 5040.930 141.1 0.46 0.03
1928 5041.149 175.2 0.46 0.03
1929 5043.033 234.4 0.45 0.02
1930 5044.125 175.2 0.45 0.02
1931 5048.030 382.3 0.47 0.03
1932 5050.105 277.6 0.47 0.03
1933 5052.481 91.0 0.48 -0.01
1934 5059.908 250.3 0.44 0.04
1935 5063.431 348.2 0.41 0.03
1936 5067.964 163.8 0.42 0.04
1937 5071.841 350.4 0.39 0.03
1938 5072.333 327.7 0.42 0.03
1939 5073.316 327.7 0.39 0.02
1940 5076.975 480.1 0.36 -0.00
1941 5078.586 332.2 0.47 0.10
1942 5080.661 136.5 0.49 0.03
1943 5081.535 268.5 0.41 0.06
1944 5086.068 250.3 0.44 0.01
1945 5088.007 125.2 0.44 -0.00
1946 5092.185 464.2 0.46 0.02
1947 5101.442 355.0 0.44 0.00
1948 5102.234 241.2 0.44 0.00
1949 5105.565 414.2 0.46 -0.01
1950 5107.750 154.7 0.48 -0.01
1951 5109.169 213.9 0.50 -0.00
1952 5109.852 257.1 0.47 -0.04
1953 5112.583 223.0 0.47 0.01
1954 5114.221 225.3 0.48 0.00
1955 5115.150 223.0 0.33 -0.00
1956 5117.689 163.8 0.47 -0.02
1957 5121.075 195.7 0.47 -0.04
1958 5122.222 163.8 0.46 -0.02
1959 5123.697 334.5 0.49 -0.02
1960 5124.243 261.7 0.44 -0.00
1961 5126.646 211.6 0.46 -0.06
1962 5128.503 359.5 0.50 0.00
1963 5131.370 277.6 0.46 -0.01
1964 5140.873 170.7 0.48 0.00
1965 5142.374 268.5 0.48 0.00
1966 5144.532 225.3 0.49 0.01
1967 5147.290 213.9 0.48 -0.00
1968 5148.546 266.2 0.50 -0.02
1969 5149.010 152.5 0.51 -0.02
1970 5151.276 229.8 0.46 -0.09
1971 5159.386 227.6 0.44 0.04
1972 5164.575 568.9 0.43 0.05
1973 5169.299 120.6 0.40 0.02
1974 5172.521 398.2 0.44 0.06
1975 5175.088 311.8 0.42 -0.00
1976 5175.934 261.7 0.42 0.04
1977 5178.365 332.2 0.40 0.04
1978 5178.993 468.8 0.40 0.04
1979 5192.810 229.8 0.41 0.03
1980 5196.332 304.9 0.43 0.02
1981 5199.828 179.8 0.40 0.02
1982 5207.938 152.5 0.44 0.02
1983 5218.260 273.1 0.42 0.03
1984 5219.625 284.4 0.41 0.03
1985 5220.663 473.3 0.40 0.04
1986 5221.127 370.9 0.39 0.05
1987 5226.260 223.0 0.40 0.00
1988 5231.148 311.8 0.38 -0.00
1989 5232.951 168.4 0.46 -0.02
1990 5237.402 97.8 0.41 -0.04
1991 5237.757 366.4 0.42 -0.04
1992 5241.115 213.9 0.41 -0.01
1993 5246.222 284.4 0.43 -0.01
1994 5248.461 125.2 0.40 -0.01
1995 5252.721 175.2 0.38 0.05
1996 5253.103 127.4 0.38 0.05
1997 5258.373 421.0 0.40 0.04
1998 5258.947 136.5 0.36 0.01
1999 5260.448 455.1 0.38 0.05
2000 5261.431 327.7 0.43 0.01
